2017-09-01	0.000305	0.004878	0.005732	-0.002256	0.050003	16552800.000000
2017-08-31	0.003979	0.001775	0.007163	0.000796	0.649994	26785100.000000
2017-08-30	0.002701	0.005463	0.006016	-0.001842	0.440002	27269600.000000
2017-08-29	0.008918	-0.008485	0.010219	-0.009104	1.440003	29516900.000000
2017-08-28	0.010071	0.001752	0.013387	0.000438	1.610000	25966000.000000
2017-08-25	0.003704	0.002386	0.008099	0.000000	0.589997	25480100.000000
2017-08-24	-0.004438	0.002813	0.004751	-0.008939	-0.709992	19818900.000000
2017-08-23	0.001252	-0.004444	0.004318	-0.005633	0.199997	19399100.000000
2017-08-22	0.016348	0.006488	0.017747	0.005152	2.569992	21604600.000000
2017-08-21	-0.001841	0.000000	0.002476	-0.015175	-0.289993	26368500.000000
2017-08-18	-0.002281	0.000000	0.010389	-0.007222	-0.360001	27428100.000000
2017-08-17	-0.019198	-0.002672	-0.001491	-0.019323	-3.089996	27940600.000000
2017-08-16	-0.004022	0.002104	0.005631	-0.008973	-0.650009	27671600.000000
2017-08-15	0.010948	0.005067	0.014701	0.001814	1.750000	29465500.000000
2017-08-14	0.015050	0.011684	0.017336	0.008065	2.370010	22028200.000000
2017-08-11	0.013907	0.008241	0.020925	0.004829	2.159989	26257100.000000
2017-08-10	-0.031852	-0.003304	-0.002680	-0.036153	-5.109986	40804300.000000
2017-08-09	0.006122	-0.001216	0.011390	-0.002156	0.976166	26131500.000000
2017-08-08	0.007997	0.002599	0.023018	0.000513	1.265030	36205900.000000
2017-08-07	0.015474	0.008228	0.020168	0.005724	2.410538	21870300.000000
2017-08-04	0.005271	0.007154	0.015736	0.004701	0.816787	20559900.000000
2017-08-03	-0.009991	0.003352	0.004374	-0.009617	-1.563858	27097300.000000
2017-08-02	0.047251	0.065681	0.068826	0.044807	7.062272	69936800.000000
2017-08-01	0.008875	0.006425	0.013984	0.001767	1.314834	35368600.000000
2017-07-31	-0.005150	0.006613	0.009501	-0.005273	-0.766983	19845900.000000
2017-07-28	-0.007040	-0.000541	0.001727	-0.005208	-1.055862	17213700.000000
2017-07-27	-0.018897	0.005824	0.007394	-0.036371	-2.888657	32476300.000000
2017-07-26	0.004714	0.007936	0.011748	0.006030	0.717178	15781000.000000
2017-07-25	0.004274	0.002013	0.015479	0.002013	0.647477	18853900.000000
2017-07-24	0.012111	0.005998	0.018424	0.001455	1.812866	21493200.000000
2017-07-21	-0.000466	0.001590	0.004595	-0.005822	-0.069718	26252600.000000
2017-07-20	-0.004503	0.007118	0.008713	-0.001591	-0.677353	17243700.000000
2017-07-19	0.006263	0.006603	0.012891	0.003057	0.936326	20923000.000000
2017-07-18	0.003477	0.001510	0.007753	-0.002047	0.517974	17868800.000000
2017-07-17	0.003489	0.002445	0.016456	0.000761	0.517975	23793500.000000
2017-07-14	0.008594	0.005286	0.014525	0.000938	1.265015	20132100.000000
2017-07-13	0.013929	0.002274	0.022870	0.001860	2.022064	25199400.000000
2017-07-12	0.001443	0.006272	0.008411	-0.000971	0.209183	24884500.000000
2017-07-11	0.003240	0.001643	0.009394	-0.000779	0.468155	19781800.000000
2017-07-10	0.006104	0.003440	0.016252	-0.001713	0.876571	21090600.000000
2017-07-07	0.010159	0.005123	0.018135	0.005123	1.444321	19201700.000000
2017-07-06	-0.009439	-0.003528	-0.000184	-0.007778	-1.354675	24128800.000000
2017-07-05	0.004111	0.005256	0.012952	-0.001530	0.587677	21569600.000000
2017-07-03	-0.003611	0.009922	0.012850	-0.002486	-0.517960	14258300.000000
2017-06-30	0.002366	0.009307	0.012871	0.004626	0.338684	23024100.000000
2017-06-29	-0.014743	-0.003783	-0.000892	-0.020512	-2.141601	31499400.000000
2017-06-28	0.014611	0.009235	0.020551	-0.000054	2.091781	22082400.000000
2017-06-27	-0.014333	-0.001650	0.006268	-0.011219	-2.081833	24761900.000000
2017-06-26	-0.003145	0.010035	0.017653	-0.002250	-0.458190	25692400.000000
2017-06-23	0.004463	0.000480	0.014474	0.000342	0.647445	35439400.000000
2017-06-22	-0.001645	0.003239	0.009639	-0.001235	-0.239044	19106300.000000
2017-06-21	0.005931	0.007458	0.011266	0.001158	0.856644	21265800.000000
2017-06-20	-0.009089	0.007563	0.007563	-0.005677	-1.324814	24900100.000000
2017-06-19	0.028608	0.013735	0.035469	0.013735	4.054077	32541400.000000
2017-06-16	-0.013999	0.000379	0.005388	-0.010615	-2.012085	50361100.000000
2017-06-15	-0.005993	-0.008798	-0.000776	-0.016475	-0.866608	32165400.000000
2017-06-14	-0.009755	0.010159	0.010159	-0.014906	-1.424392	31531200.000000
2017-06-13	0.008046	0.015939	0.017941	0.002063	1.165420	34165400.000000
2017-06-12	-0.023896	-0.017906	-0.015548	-0.039672	-3.546081	72307300.000000
2017-06-09	-0.038777	0.005222	0.005222	-0.054175	-5.986496	64882700.000000
2017-06-08	-0.002446	0.003152	0.005025	-0.002341	-0.378510	21250800.000000
2017-06-07	0.005957	0.007632	0.013872	0.004122	0.916397	21069600.000000
2017-06-06	0.003378	0.003731	0.016188	0.002949	0.517975	26624900.000000
2017-06-05	-0.009778	-0.003242	-0.002531	-0.008925	-1.514053	25331700.000000
2017-06-02	0.014819	0.006549	0.018804	0.002026	2.261123	27770700.000000
2017-06-01	0.002749	0.006621	0.007673	0.000378	0.418351	16404100.000000
2017-05-31	-0.005922	0.005887	0.007194	-0.004501	-0.906433	24451200.000000
2017-05-30	0.000391	0.002685	0.009286	0.002097	0.059753	20126900.000000
2017-05-26	-0.001690	0.004775	0.006341	0.000273	-0.258972	21701100.000000
2017-05-25	0.003456	0.006480	0.010540	0.001897	0.527923	19235600.000000
2017-05-24	-0.002991	0.004188	0.006342	-0.003449	-0.458206	19178000.000000
2017-05-23	-0.001234	0.009860	0.009860	-0.000506	-0.189255	19918900.000000
2017-05-22	0.006076	0.010092	0.013897	0.002943	0.926362	22966400.000000
2017-05-19	0.003409	0.009455	0.013404	0.004519	0.517974	26960800.000000
2017-05-18	0.015241	0.010742	0.024573	0.009807	2.281037	33568200.000000
2017-05-17	-0.033576	-0.008148	-0.001885	-0.033267	-5.199585	50767700.000000
2017-05-16	-0.001477	0.005474	0.006248	-0.002392	-0.229096	20048500.000000
2017-05-15	-0.002563	0.003348	0.007464	-0.002826	-0.398452	26009700.000000
2017-05-12	0.013966	0.008818	0.020034	0.008622	2.141601	32527000.000000
2017-05-11	0.008648	0.002743	0.013399	0.001822	1.314835	27255100.000000
2017-05-10	-0.004741	0.005714	0.007743	-0.004236	-0.724167	25805700.000000
2017-05-09	0.006405	0.013737	0.020391	0.010970	0.972168	39130400.000000
2017-05-08	0.027188	0.008544	0.040148	0.008544	4.017563	48752400.000000
2017-05-05	0.016584	0.009653	0.024926	0.009653	2.410553	27327700.000000
2017-05-04	-0.003604	0.004369	0.008619	-0.000498	-0.525757	23371900.000000
2017-05-03	-0.003051	-0.005050	0.007934	-0.014071	-0.446396	45697000.000000
2017-05-02	0.006345	0.014673	0.018455	0.009859	0.922562	45352200.000000
2017-05-01	0.020397	0.018246	0.032983	0.017264	2.906555	33602900.000000
2017-04-28	-0.000974	0.010174	0.011646	0.004425	-0.138901	20860400.000000
2017-04-27	0.000766	0.009755	0.011439	0.005475	0.109131	14246300.000000
2017-04-26	-0.005881	0.007652	0.008559	0.000050	-0.843201	20041200.000000
2017-04-25	0.006196	0.009966	0.016913	0.009685	0.882874	18871500.000000
2017-04-24	0.009630	0.016786	0.019975	0.014519	1.359024	17134300.000000
2017-04-21	-0.001193	0.008071	0.009769	0.003895	-0.168625	17320900.000000
2017-04-20	0.012511	0.011940	0.024122	0.011510	1.745895	23319600.000000
2017-04-19	-0.003683	0.012926	0.013782	0.002716	-0.515823	17328400.000000
2017-04-18	-0.004442	0.005086	0.009563	0.002953	-0.624970	14697500.000000
2017-04-17	0.005530	0.011144	0.014003	0.006784	0.773758	16582100.000000
2017-04-13	-0.005289	0.008853	0.012194	0.002739	-0.744003	17822900.000000
2017-04-12	0.001200	0.007857	0.011772	0.003658	0.168640	20350000.000000
2017-04-11	-0.010756	0.006451	0.009338	-0.013827	-1.527664	30379400.000000
2017-04-10	-0.001186	0.009899	0.011868	0.004976	-0.168640	18933400.000000
2017-04-07	-0.002228	0.008562	0.011720	0.005334	-0.317444	16672200.000000
2017-04-06	-0.002500	0.009961	0.011571	0.004081	-0.357117	21149000.000000
2017-04-05	-0.005181	0.004241	0.012875	0.001386	-0.744003	27717900.000000
2017-04-04	0.007446	0.004914	0.016419	0.004353	1.061447	19891400.000000
2017-04-03	0.000278	0.008422	0.011299	0.003790	0.039673	19985700.000000
2017-03-31	-0.001876	0.006600	0.010452	0.001627	-0.267822	19661700.000000
2017-03-30	-0.001318	0.008560	0.010729	0.003734	-0.188477	21207300.000000
2017-03-29	0.002225	0.007230	0.012908	0.003795	0.317429	29190000.000000
2017-03-28	0.020727	0.008285	0.030682	0.006210	2.896606	33374800.000000
2017-03-27	0.001707	-0.000889	0.012228	-0.006408	0.238098	23575100.000000
2017-03-24	-0.001987	0.012220	0.013937	0.003993	-0.277755	22395600.000000
2017-03-23	-0.003536	0.006930	0.009211	0.002297	-0.496003	20346300.000000
2017-03-22	0.011299	0.008143	0.020758	0.007494	1.567353	25860200.000000
2017-03-21	-0.011452	0.012703	0.017620	-0.004258	-1.607041	39529900.000000
2017-03-20	0.010501	0.011023	0.018944	0.009799	1.458237	21542000.000000
2017-03-17	-0.004975	0.010292	0.010292	0.002339	-0.694397	43885000.000000
2017-03-16	0.001637	0.009937	0.012090	0.006635	0.228150	19232000.000000
2017-03-15	0.010576	0.011117	0.020836	0.008361	1.458236	25691800.000000
2017-03-14	-0.001509	0.008795	0.011330	0.005464	-0.208313	15309100.000000
2017-03-13	0.000431	0.005970	0.010172	0.005752	0.059525	17421700.000000
2017-03-10	0.003317	0.012214	0.013014	0.007780	0.456329	19612800.000000
2017-03-09	-0.002302	0.006185	0.006548	-0.006071	-0.317459	22155900.000000
2017-03-08	-0.003727	0.003952	0.010094	0.003013	-0.515839	18707200.000000
2017-03-07	0.001292	0.006045	0.012701	0.004092	0.178559	17446300.000000
2017-03-06	-0.003148	0.005114	0.007999	-0.000439	-0.436463	21750000.000000
2017-03-03	0.005901	0.006765	0.014382	0.005387	0.813416	21108100.000000
2017-03-02	-0.005937	0.009585	0.011604	0.000643	-0.823334	26211000.000000
2017-03-01	0.020439	0.014694	0.031324	0.012560	2.777557	36414600.000000
2017-02-28	0.000438	0.009175	0.011825	0.006378	0.059540	23482900.000000
2017-02-27	0.001976	0.011611	0.013824	0.005268	0.267823	20257400.000000
2017-02-24	0.000952	0.003493	0.009031	-0.001159	0.128967	21776600.000000
2017-02-23	-0.004230	0.010056	0.010791	0.002116	-0.575348	20788200.000000
2017-02-22	0.002999	0.006080	0.011168	0.003720	0.406708	20836900.000000
2017-02-21	0.007221	0.011859	0.015721	0.010002	0.972152	24507200.000000
2017-02-17	0.002734	0.006209	0.011646	0.006209	0.367051	22198200.000000
2017-02-16	-0.001181	0.009261	0.010972	0.003087	-0.158722	22584600.000000
2017-02-15	0.003629	0.011804	0.017403	0.005084	0.486068	35623100.000000
2017-02-14	0.012979	0.009432	0.021684	0.007768	1.716172	33226200.000000
2017-02-13	0.008855	0.015396	0.021042	0.012878	1.160614	23035400.000000
2017-02-10	-0.002265	0.008375	0.012029	0.005254	-0.297593	20065500.000000
2017-02-09	0.007226	0.009451	0.015585	0.005387	0.942383	28349900.000000
2017-02-08	0.003877	0.011056	0.017753	0.010055	0.503739	23004100.000000
2017-02-07	0.009517	0.014384	0.026429	0.013685	1.224762	38183800.000000
2017-02-06	0.009374	0.012834	0.023579	0.011029	1.195129	26845900.000000
2017-02-03	0.004279	0.010708	0.017640	0.009527	0.543251	24507300.000000
2017-02-02	-0.001709	0.006386	0.017474	0.004814	-0.217300	33710400.000000
2017-02-01	0.060981	0.059830	0.088698	0.059664	7.309059	111985000.000000
2017-01-31	-0.002302	0.008446	0.010444	0.004034	-0.276550	49201000.000000
2017-01-30	-0.002624	0.003973	0.009785	0.001732	-0.316071	30377500.000000
2017-01-27	0.000082	0.014102	0.015845	0.009618	0.009865	20562900.000000
2017-01-26	0.000492	0.010697	0.017093	0.010115	0.059273	26337600.000000
2017-01-25	0.015921	0.016239	0.030417	0.015057	1.886520	32377600.000000
2017-01-24	-0.000916	0.007973	0.012610	0.007551	-0.108643	23211000.000000
2017-01-23	0.000667	0.012441	0.019275	0.010501	0.079018	22050200.000000
2017-01-20	0.001837	0.018105	0.018105	0.012019	0.217300	32597900.000000
2017-01-19	-0.001750	0.007463	0.013285	0.007210	-0.207420	25597300.000000
2017-01-18	-0.000083	0.012441	0.016660	0.009995	-0.009880	23713000.000000
2017-01-17	0.008065	0.006488	0.022647	0.005467	0.948204	34439800.000000
2017-01-13	-0.001761	0.011253	0.015583	0.008706	-0.207420	26111900.000000
2017-01-12	-0.004175	0.005255	0.008637	-0.000579	-0.493859	27086200.000000
2017-01-11	0.005373	0.009296	0.019411	0.008106	0.632141	27588600.000000
2017-01-10	0.001008	0.010569	0.015760	0.006570	0.118523	24462100.000000
2017-01-09	0.009159	0.012785	0.025493	0.012699	1.066719	33561900.000000
2017-01-06	0.011148	0.013917	0.025899	0.011226	1.284035	31751900.000000
2017-01-05	0.005085	0.011569	0.019772	0.010609	0.582748	22193600.000000
2017-01-04	-0.001119	0.009826	0.015579	0.008955	-0.128402	21118100.000000
2017-01-03	0.002849	0.012267	0.016900	0.003175	0.325943	28781900.000000
2016-12-30	-0.007796	0.011747	0.016518	0.001166	-0.898819	30586300.000000
2016-12-29	-0.000257	0.009753	0.015476	0.009320	-0.029633	15039500.000000
2016-12-28	-0.004264	0.014686	0.019003	0.003289	-0.493851	20905900.000000
2016-12-27	0.006351	0.012441	0.023563	0.012181	0.730912	18296900.000000
2016-12-23	0.001978	0.006347	0.014444	0.006347	0.227165	14181200.000000
2016-12-22	-0.006578	0.006301	0.007684	0.000160	-0.760536	26085900.000000
2016-12-21	0.000941	0.011143	0.016337	0.010970	0.108650	23783200.000000
2016-12-20	0.002658	0.013309	0.019906	0.012789	0.306190	21425000.000000
2016-12-19	0.005777	0.010957	0.024751	0.010521	0.661766	27779400.000000
2016-12-16	0.001295	0.018123	0.018386	0.010955	0.148156	44351100.000000
2016-12-15	0.005469	0.014111	0.025977	0.012793	0.622261	46524500.000000
2016-12-14	0.000000	0.011123	0.021319	0.010596	0.000000	34031800.000000
2016-12-13	0.016681	0.017267	0.035853	0.016462	1.866768	43733800.000000
2016-12-12	-0.005704	0.006577	0.021771	-0.000531	-0.642006	26374400.000000
2016-12-09	0.016322	0.014157	0.035739	0.014157	1.807510	34402600.000000
2016-12-08	0.009817	0.010891	0.025208	0.008520	1.076614	27068300.000000
2016-12-07	0.009823	0.006088	0.023860	0.005167	1.066727	29998700.000000
2016-12-06	0.007699	0.016060	0.024040	0.013184	0.829674	26195500.000000
2016-12-05	-0.007188	0.013363	0.013639	-0.002759	-0.780297	34324500.000000
2016-12-02	0.003745	0.009482	0.017989	0.006523	0.404969	26528000.000000
2016-12-01	-0.009320	0.011067	0.016289	-0.001208	-1.017349	37086900.000000
2016-11-30	-0.008434	0.013713	0.019163	0.001632	-0.928452	36162300.000000
2016-11-29	-0.000986	0.005272	0.016616	-0.001170	-0.108643	28528800.000000
2016-11-28	-0.001968	0.009181	0.018600	0.008819	-0.217300	27194000.000000
2016-11-25	0.005035	0.011531	0.018267	0.009893	0.553116	11475900.000000
2016-11-23	-0.005098	0.008457	0.009815	-0.000871	-0.562988	27426400.000000
2016-11-22	0.000626	0.014435	0.018694	0.009451	0.069137	25965500.000000
2016-11-21	0.015174	0.012993	0.030195	0.011981	1.649483	29264600.000000
2016-11-18	0.001000	0.010324	0.017874	0.009771	0.108650	28428900.000000
2016-11-17	-0.000364	0.010785	0.015755	0.001764	-0.039505	27632000.000000
2016-11-16	0.026888	0.008566	0.041933	0.007621	2.844605	58840500.000000
2016-11-15	0.013244	0.020678	0.031309	0.016751	1.382797	32264500.000000
2016-11-14	-0.025085	0.005719	0.006652	-0.028176	-2.686577	51175500.000000
2016-11-11	0.005937	0.006148	0.022586	0.000794	0.632133	34094100.000000
2016-11-10	-0.027868	0.014359	0.014359	-0.033670	-3.052032	57134500.000000
2016-11-09	-0.001621	0.001684	0.014812	-0.014998	-0.177780	59176400.000000
2016-11-08	0.005887	0.011524	0.024454	0.005931	0.641998	24054500.000000
2016-11-07	0.014425	0.023976	0.027976	0.018209	1.550720	32560000.000000
2016-11-04	-0.009014	0.000458	0.016313	-0.003414	-0.977836	30837000.000000
2016-11-03	-0.010719	0.012077	0.016454	-0.000964	-1.175377	26932600.000000
2016-11-02	0.000897	0.016818	0.025489	0.015266	0.098266	28331700.000000
2016-11-01	-0.018055	0.016922	0.019701	-0.009339	-2.014465	43825800.000000
2016-10-31	-0.001583	0.017013	0.022203	0.012986	-0.176887	26419400.000000
2016-10-28	-0.006639	0.012217	0.024129	0.008483	-0.746827	37861700.000000
2016-10-27	-0.009603	0.015879	0.020017	0.004522	-1.090751	34562000.000000
2016-10-26	-0.022495	-0.016268	-0.004305	-0.024873	-2.613899	66134200.000000
2016-10-25	0.005100	0.020234	0.023781	0.014699	0.589614	48129000.000000
2016-10-24	0.009005	0.022003	0.027589	0.021131	1.031800	23538700.000000
2016-10-21	-0.003930	0.015466	0.016336	0.010859	-0.452034	23192700.000000
2016-10-20	-0.000512	0.015380	0.019899	0.010775	-0.058960	24125800.000000
2016-10-19	-0.002980	0.015734	0.020152	-0.014154	-0.343941	20034600.000000
2016-10-18	-0.000681	0.023093	0.023353	0.016774	-0.078613	24553500.000000
2016-10-17	-0.000680	0.015044	0.019456	0.010286	-0.078606	23624900.000000
2016-10-14	0.005557	0.025469	0.027992	0.018944	0.638733	35652200.000000
2016-10-13	-0.003068	0.012870	0.018507	0.003590	-0.353760	35192400.000000
2016-10-12	0.008942	0.026827	0.032340	0.021577	1.021973	37586800.000000
2016-10-11	0.002154	0.032108	0.040790	0.018955	0.245659	64041000.000000
2016-10-10	0.017447	0.026205	0.041640	0.023528	1.955513	36236000.000000
2016-10-07	0.001493	0.021392	0.023626	0.014244	0.167053	24358400.000000
2016-10-06	0.007430	0.023490	0.029252	0.018360	0.825432	28779300.000000
2016-10-05	0.000443	0.021242	0.023583	0.014848	0.049141	21453100.000000
2016-10-04	0.004266	0.022523	0.033828	0.018634	0.471687	29736800.000000
2016-10-03	-0.004688	0.014579	0.017639	0.010708	-0.520828	21701800.000000
2016-09-30	0.007755	0.020179	0.028435	0.014192	0.854927	36379100.000000
2016-09-29	-0.015533	0.010584	0.016300	-0.001561	-1.739319	35887000.000000
2016-09-28	0.007605	0.023039	0.031587	0.020699	0.845100	29641100.000000
2016-09-27	0.001860	0.018721	0.020344	0.012771	0.206360	24607400.000000
2016-09-26	0.001508	0.007979	0.023779	0.007166	0.167046	29869400.000000
2016-09-23	-0.016664	0.015864	0.019149	-0.009617	-1.876900	52481200.000000
2016-09-22	0.009423	0.024809	0.030097	0.021672	1.051460	31074000.000000
2016-09-21	-0.000176	0.020148	0.021403	0.007514	-0.019653	36003200.000000
2016-09-20	-0.000088	0.012891	0.022478	0.008053	-0.009827	34514300.000000
2016-09-19	-0.011660	0.020030	0.028797	0.002851	-1.316772	47023000.000000
2016-09-16	-0.005624	0.013677	0.022570	0.004167	-0.638733	79886900.000000
2016-09-15	0.033998	0.036669	0.053694	0.033300	3.734139	89983600.000000
2016-09-14	0.035387	0.024993	0.065528	0.023767	3.753776	110888700.000000
2016-09-13	0.023805	0.037618	0.049972	0.035012	2.466492	62176200.000000
2016-09-12	0.022399	0.012903	0.043196	0.011719	2.269966	45292800.000000
2016-09-09	-0.022650	0.009153	0.019568	-0.005410	-2.348587	46557000.000000
2016-09-08	-0.026209	0.007215	0.007403	-0.011661	-2.790764	53002000.000000
2016-09-07	0.006128	0.018868	0.027655	0.011687	0.648567	42364300.000000
2016-09-06	-0.000279	0.019245	0.023024	0.015561	-0.029495	26880400.000000
2016-09-02	0.009369	0.026888	0.029748	0.018498	0.982666	26802500.000000
2016-09-01	0.005938	0.018023	0.024353	0.013036	0.619095	26701500.000000
2016-08-31	0.000943	0.014375	0.023112	0.014183	0.098266	29662400.000000
2016-08-30	-0.007677	0.007922	0.014591	0.005064	-0.805793	24863900.000000
2016-08-29	-0.001122	0.014594	0.022397	0.011454	-0.117920	24970300.000000
2016-08-26	-0.005857	0.016126	0.021234	0.005720	-0.619080	27766300.000000
2016-08-25	-0.004258	0.011611	0.016226	0.004923	-0.452026	25086200.000000
2016-08-24	-0.007533	0.015022	0.016705	0.006701	-0.805779	23675100.000000
2016-08-23	0.003133	0.018390	0.025236	0.017827	0.334099	21257700.000000
2016-08-22	-0.007772	0.012987	0.015220	0.003588	-0.835266	25820200.000000
2016-08-19	0.002567	0.014747	0.023330	0.010922	0.275139	25368100.000000
2016-08-18	-0.001282	0.017733	0.021180	0.015776	-0.137573	21984700.000000
2016-08-17	-0.001463	0.015034	0.017547	0.007964	-0.157212	25356000.000000
2016-08-16	-0.000913	0.019034	0.024611	0.015130	-0.098274	33794400.000000
2016-08-15	0.012017	0.017263	0.030433	0.016699	1.277466	25868200.000000
2016-08-12	0.002316	0.016225	0.022448	0.016225	0.245666	18660400.000000
2016-08-11	-0.000648	0.022539	0.026402	0.016226	-0.068786	27484500.000000
2016-08-10	-0.007444	0.016704	0.018481	0.007819	-0.795960	24008500.000000
2016-08-09	0.004060	0.016325	0.022992	0.014259	0.432373	26315200.000000
2016-08-08	0.008281	0.018018	0.026066	0.014610	0.874581	28037200.000000
2016-08-05	0.015207	0.021484	0.034749	0.020619	1.582077	40553400.000000
2016-08-04	0.006178	0.021121	0.025183	0.018220	0.638740	27408700.000000
2016-08-03	0.012538	0.026384	0.036470	0.025992	1.280358	30202600.000000
2016-08-02	-0.014804	0.023152	0.023345	0.003374	-1.534470	33816600.000000
2016-08-01	0.017657	0.025116	0.042200	0.025116	1.798363	38167900.000000
2016-07-29	-0.001246	0.021681	0.025212	0.016680	-0.127053	27733700.000000
2016-07-28	0.013502	0.021960	0.038060	0.021860	1.358536	39869800.000000
2016-07-27	0.064963	0.103590	0.104437	0.087503	6.137894	92344800.000000
2016-07-26	-0.006883	0.017687	0.029774	0.013482	-0.654831	56239800.000000
2016-07-25	-0.013379	0.018900	0.025019	0.005108	-1.290138	40382900.000000
2016-07-22	-0.007744	0.021403	0.021814	0.011627	-0.752579	28313700.000000
2016-07-21	-0.005302	0.021822	0.033797	0.014657	-0.518005	32702000.000000
2016-07-20	0.000901	0.024484	0.029197	0.021820	0.087967	26276000.000000
2016-07-19	0.000401	0.020385	0.024895	0.018130	0.039093	23779900.000000
2016-07-18	0.010630	0.022324	0.037135	0.021288	1.026237	36493900.000000
2016-07-15	-0.000101	0.024498	0.028434	0.020149	-0.009781	30137000.000000
2016-07-14	0.019820	0.028644	0.045544	0.027905	1.876557	38919000.000000
2016-07-13	-0.005646	0.023047	0.025778	0.017061	-0.537545	25892200.000000
2016-07-12	0.004537	0.025157	0.030748	0.024629	0.430046	24167500.000000
2016-07-11	0.003103	0.023893	0.033418	0.023681	0.293206	23794900.000000
2016-07-08	0.007713	0.029018	0.033283	0.024325	0.723251	28912100.000000
2016-07-07	0.004292	0.024973	0.033541	0.024116	0.400726	25139600.000000
2016-07-06	0.005685	0.018952	0.030369	0.016474	0.527794	30949100.000000
2016-07-05	-0.009386	0.017817	0.017924	0.007894	-0.879646	27705200.000000
2016-07-01	0.003033	0.021975	0.032463	0.020263	0.283440	26026500.000000
2016-06-30	0.012712	0.023586	0.038001	0.022068	1.172844	35836400.000000
2016-06-29	0.008655	0.027307	0.033647	0.023589	0.791671	36531000.000000
2016-06-28	0.016840	0.032712	0.041161	0.024264	1.514923	40444900.000000
2016-06-27	-0.014561	0.018770	0.019318	0.002339	-1.329223	45489600.000000
2016-06-24	-0.028096	-0.010811	0.007821	-0.013579	-2.638901	75311400.000000
2016-06-23	0.005756	0.027328	0.031076	0.019940	0.537544	32240200.000000
2016-06-22	-0.003753	0.026779	0.033607	0.017178	-0.351852	29219100.000000
2016-06-21	0.008517	0.021431	0.036601	0.018634	0.791679	35546400.000000
2016-06-20	-0.002413	0.030343	0.036461	0.019932	-0.224792	34411900.000000
2016-06-17	-0.022758	0.013398	0.013713	-0.000447	-2.169777	61008200.000000
2016-06-16	0.004221	0.015885	0.029577	0.011882	0.400726	31326800.000000
2016-06-15	-0.003283	0.026932	0.033126	0.018638	-0.312759	29445200.000000
2016-06-14	0.001233	0.022942	0.035135	0.016951	0.117294	31931900.000000
2016-06-13	-0.015076	0.021703	0.026155	0.005242	-1.456284	38020500.000000
2016-06-10	-0.008229	0.011653	0.020072	0.011139	-0.801445	31712900.000000
2016-06-09	0.007176	0.018602	0.034010	0.018188	0.693924	26601400.000000
2016-06-08	-0.000909	0.023049	0.028628	0.019536	-0.087951	20848100.000000
2016-06-07	0.004056	0.029584	0.036016	0.026576	0.390945	22409500.000000
2016-06-06	0.007251	0.023884	0.064634	0.019286	0.693939	23292500.000000
2016-06-03	0.002047	0.023885	0.028911	0.020325	0.195465	28062900.000000
2016-06-02	-0.007516	0.014215	0.016709	0.004136	-0.723266	40191600.000000
2016-06-01	-0.014020	0.014546	0.019874	0.007476	-1.368309	29173300.000000
2016-05-31	-0.004883	0.015505	0.023662	0.007553	-0.478905	42307200.000000
2016-05-27	-0.000598	0.013268	0.023763	0.011332	-0.058662	36229500.000000
2016-05-26	0.007930	0.023769	0.034553	0.013087	0.772140	56331200.000000
2016-05-25	0.017569	0.031199	0.042382	0.025347	1.681069	38168800.000000
2016-05-24	0.015244	0.031534	0.040765	0.027503	1.436752	35140200.000000
2016-05-23	0.012707	0.030137	0.044320	0.027987	1.182602	38018600.000000
2016-05-20	0.010828	0.027931	0.036512	0.026628	0.996933	32026000.000000
2016-05-19	-0.003807	0.024018	0.024018	0.012440	-0.351860	30442100.000000
2016-05-18	0.011445	0.030485	0.041976	0.027530	1.045791	42062400.000000
2016-05-17	-0.004154	0.030454	0.032089	0.013671	-0.381179	46916900.000000
2016-05-16	0.037119	0.044289	0.066895	0.035925	3.283973	61259800.000000
2016-05-13	0.001992	0.019302	0.038215	0.019302	0.175927	44392800.000000
2016-05-12	-0.023457	0.025475	0.026138	-0.010470	-2.120903	76314700.000000
2016-05-11	-0.009741	0.023809	0.024795	0.012638	-0.889397	28719100.000000
2016-05-10	0.006789	0.029107	0.031753	0.015654	0.615738	33686800.000000
2016-05-09	0.000755	0.026242	0.034739	0.021718	0.068420	32936400.000000
2016-05-06	-0.005577	0.024579	0.025457	0.007899	-0.508240	43458200.000000
2016-05-05	-0.004059	0.027305	0.028070	0.012879	-0.371406	35890500.000000
2016-05-04	-0.010401	0.029598	0.037169	0.014673	-0.961739	41025500.000000
2016-05-03	0.016446	0.035538	0.052467	0.029821	1.496041	56831300.000000
2016-05-02	-0.001067	0.031907	0.033115	0.014667	-0.097153	48160100.000000
2016-04-29	-0.011494	0.020263	0.028188	0.004198	-1.058876	68531500.000000
2016-04-28	-0.030566	0.027172	0.030013	-0.008186	-2.904663	82242700.000000
2016-04-27	-0.062578	-0.052989	-0.026255	-0.056145	-6.343598	114602100.000000
2016-04-26	-0.006947	0.017920	0.031537	0.017920	-0.709175	56016200.000000
2016-04-25	-0.005677	0.022758	0.029089	0.017985	-0.582870	28031600.000000
2016-04-22	-0.002737	0.020056	0.034336	0.016268	-0.281731	33683100.000000
2016-04-21	-0.010828	0.027460	0.027460	0.013912	-1.126877	31552500.000000
2016-04-20	0.002058	0.026782	0.040743	0.021197	0.213707	30611000.000000
2016-04-19	-0.005303	0.033213	0.034362	0.017410	-0.553718	32384900.000000
2016-04-18	-0.021575	0.020386	0.020948	0.002113	-2.302353	60834000.000000
2016-04-15	-0.020071	0.029474	0.031218	0.007619	-2.185776	46939000.000000
2016-04-14	0.000535	0.025523	0.032597	0.022858	0.058281	25473900.000000
2016-04-13	0.014487	0.032737	0.047091	0.032737	1.554329	33257300.000000
2016-04-12	0.013025	0.032403	0.043356	0.025983	1.379478	27232300.000000
2016-04-11	0.003313	0.032318	0.047855	0.030992	0.349717	29407500.000000
2016-04-08	0.001105	0.032891	0.041047	0.025872	0.116561	23581700.000000
2016-04-07	-0.021810	0.020012	0.024372	0.003035	-2.350914	31801900.000000
2016-04-06	0.010473	0.033319	0.040350	0.023663	1.117188	26404100.000000
2016-04-05	-0.011789	0.014467	0.025769	0.013633	-1.272621	26578700.000000
2016-04-04	0.010274	0.033406	0.049971	0.032002	1.097755	37356200.000000
2016-04-01	0.009175	0.027398	0.038921	0.021920	0.971451	25874000.000000
2016-03-31	-0.005203	0.030885	0.032576	0.022993	-0.553734	25888400.000000
2016-03-30	0.017459	0.038654	0.055575	0.038176	1.826340	45601100.000000
2016-03-29	0.023671	0.026446	0.054825	0.026348	2.418930	31190100.000000
2016-03-28	-0.004542	0.032596	0.034447	0.023439	-0.466293	19411400.000000
2016-03-24	-0.004334	0.022980	0.030546	0.017355	-0.446877	26133000.000000
2016-03-23	-0.005528	0.027067	0.032758	0.021472	-0.573151	25703500.000000
2016-03-22	0.007648	0.022967	0.042794	0.022578	0.786873	32444400.000000
2016-03-21	-0.000094	0.029479	0.046195	0.021801	-0.009720	35502700.000000
2016-03-18	0.001134	0.034636	0.036192	0.023447	0.116585	44205200.000000
2016-03-17	-0.001604	0.025010	0.034239	0.019571	-0.165161	34420700.000000
2016-03-16	0.013291	0.029677	0.046410	0.029480	1.350327	38303500.000000
2016-03-15	0.020094	0.043840	0.056090	0.042736	2.001205	40067700.000000
2016-03-14	0.002543	0.025859	0.035925	0.024550	0.252586	25076100.000000
2016-03-11	0.010774	0.040269	0.040676	0.032739	1.058892	27408200.000000
2016-03-10	0.000494	0.032334	0.040783	0.019507	0.048561	33513600.000000
2016-03-09	0.000891	0.032235	0.034986	0.021638	0.087440	27201700.000000
2016-03-08	-0.008246	0.018367	0.028270	0.014528	-0.816024	31561900.000000
2016-03-07	-0.011067	0.023186	0.027583	0.008896	-1.107468	35828900.000000
2016-03-04	0.014877	0.038205	0.052200	0.028063	1.466904	46055100.000000
2016-03-03	0.007444	0.027645	0.039190	0.026316	0.728584	36955700.000000
2016-03-02	0.002189	0.029177	0.033068	0.020269	0.213737	33169600.000000
2016-03-01	0.039714	0.039602	0.072818	0.037153	3.730378	50407100.000000
2016-02-29	-0.002270	0.028850	0.043403	0.026620	-0.213723	35216300.000000
2016-02-26	0.001550	0.034062	0.042786	0.027467	0.145722	28991100.000000
2016-02-25	0.006868	0.028846	0.036451	0.020277	0.641166	27582700.000000
2016-02-24	0.014891	0.021663	0.047754	0.014488	1.369751	36255700.000000
2016-02-23	-0.022605	0.024282	0.025344	0.004625	-2.127487	31942600.000000
2016-02-22	0.008746	0.032275	0.038599	0.028095	0.816017	34280800.000000
2016-02-19	-0.002285	0.026601	0.034728	0.024462	-0.213722	35374200.000000
2016-02-18	-0.018956	0.036935	0.037460	0.008085	-1.806900	39021000.000000
2016-02-17	0.015315	0.029701	0.046105	0.024162	1.437752	44863200.000000
2016-02-16	0.028194	0.040662	0.060704	0.036172	2.574356	49057900.000000
2016-02-12	0.003095	0.034765	0.038170	0.021801	0.281723	40351400.000000
2016-02-11	-0.006046	0.024140	0.034295	0.011037	-0.553726	50074700.000000
2016-02-10	-0.007580	0.039460	0.044120	0.019737	-0.699440	42343600.000000
2016-02-09	-0.000211	0.021581	0.039458	0.017680	-0.019440	44331200.000000
2016-02-08	0.010530	0.019637	0.047775	0.018652	0.961746	54021400.000000
2016-02-05	-0.026708	0.028529	0.032792	-0.001628	-2.506355	46418100.000000
2016-02-04	0.008035	0.029704	0.045494	0.022507	0.748009	46471700.000000
2016-02-03	0.019793	0.040664	0.060820	0.030586	1.806824	45964300.000000
2016-02-02	-0.020222	0.024127	0.030781	0.011892	-1.884118	37357200.000000
2016-02-01	-0.009349	0.025717	0.028269	0.014340	-0.879242	40943500.000000
2016-01-29	0.034541	0.042667	0.070716	0.037827	3.140183	64416500.000000
2016-01-28	0.007172	0.039066	0.047154	0.023556	0.647362	55678800.000000
2016-01-27	-0.065706	-0.005918	0.000189	-0.033865	-6.348015	133369700.000000
2016-01-26	0.005531	0.040067	0.049955	0.020708	0.531418	75077000.000000
2016-01-25	-0.019523	0.035988	0.036090	0.012415	-1.913101	51794500.000000
2016-01-22	0.053167	0.060009	0.090423	0.057214	4.947006	65800500.000000
2016-01-21	-0.005063	0.037854	0.046623	0.015185	-0.473450	52161500.000000
2016-01-20	0.001345	0.018264	0.051349	0.000276	0.125610	72334400.000000
2016-01-19	-0.004839	0.048606	0.051164	0.017599	-0.454116	53087700.000000
2016-01-15	-0.024015	0.000441	0.016144	-0.008295	-2.309235	79010000.000000
2016-01-14	0.021871	0.041025	0.067805	0.017433	2.058014	63170100.000000
2016-01-13	-0.025710	0.038695	0.047703	0.007426	-2.483162	62439600.000000
2016-01-12	0.014513	0.056186	0.057656	0.038224	1.381683	49154200.000000
2016-01-11	0.016192	0.056422	0.057383	0.039023	1.516953	49739400.000000
2016-01-08	0.005288	0.057502	0.063511	0.038294	0.492782	70798000.000000
2016-01-07	-0.042205	0.014206	0.029109	-0.008919	-4.106422	81094400.000000
2016-01-06	-0.019570	0.013303	0.031541	0.006350	-1.942085	68457400.000000
2016-01-05	-0.025059	0.038897	0.039879	0.006085	-2.550804	55791000.000000
2016-01-04	0.000855	0.008911	0.036049	0.002913	0.086952	67649400.000000
2015-12-31	-0.019195	0.031978	0.032171	0.010858	-1.990410	40635300.000000
2015-12-30	-0.013059	0.033445	0.034587	0.020120	-1.372009	25213800.000000
2015-12-29	0.017974	0.036324	0.060255	0.035355	1.855117	30931200.000000
2015-12-28	-0.011201	0.030752	0.031710	0.017244	-1.169113	26704200.000000
2015-12-24	-0.005340	0.038684	0.038684	0.028678	-0.560394	13570400.000000
2015-12-23	0.012869	0.035353	0.050603	0.034678	1.333351	32657400.000000
2015-12-22	-0.000932	0.035642	0.038728	0.026481	-0.096611	32789400.000000
2015-12-21	0.012261	0.047169	0.048047	0.030477	1.256096	47590600.000000
2015-12-18	-0.027069	0.034302	0.040096	0.004862	-2.850349	96453300.000000
2015-12-17	-0.021196	0.041288	0.043426	0.013030	-2.280251	44772800.000000
2015-12-16	0.007693	0.040400	0.049018	0.019137	0.821281	56238500.000000
2015-12-15	-0.017692	0.029999	0.037912	0.015368	-1.922782	53323100.000000
2015-12-14	-0.006185	0.025823	0.030395	0.003968	-0.676354	64318700.000000
2015-12-11	-0.025738	0.026236	0.028018	0.005389	-2.888962	46886200.000000
2015-12-10	0.004757	0.038727	0.046783	0.033983	0.531411	29104200.000000
2015-12-09	-0.022076	0.029803	0.030240	0.007393	-2.521813	46361400.000000
2015-12-08	-0.000423	0.028317	0.037767	0.022542	-0.048309	34309500.000000
2015-12-07	-0.006301	0.034533	0.042184	0.024359	-0.724663	32084200.000000
2015-12-04	0.033247	0.035776	0.071353	0.034159	3.700600	57777000.000000
2015-12-03	-0.009288	0.037371	0.039507	0.016632	-1.043511	41569500.000000
2015-12-02	-0.009034	0.034967	0.041759	0.023854	-1.024185	33386600.000000
2015-12-01	-0.008115	0.038904	0.039429	0.022369	-0.927566	34852400.000000
2015-11-30	0.004159	0.036549	0.049023	0.034440	0.473442	39180300.000000
2015-11-27	-0.001864	0.037247	0.038299	0.031197	-0.212571	13046400.000000
2015-11-25	-0.007150	0.037840	0.038014	0.026610	-0.821273	21388300.000000
2015-11-24	0.009597	0.031276	0.049031	0.029430	1.091819	42803200.000000
2015-11-23	-0.012993	0.034707	0.038698	0.017964	-1.497642	32482500.000000
2015-11-20	0.004378	0.038627	0.044900	0.035577	0.502434	34287100.000000
2015-11-19	0.012704	0.038056	0.056674	0.030291	1.439666	43295800.000000
2015-11-18	0.031665	0.053811	0.069560	0.051444	3.478363	46674700.000000
2015-11-17	-0.004291	0.041675	0.042853	0.027172	-0.473442	27616900.000000
2015-11-16	0.016379	0.026123	0.052472	0.022622	1.777848	38106700.000000
2015-11-13	-0.029209	0.030317	0.033626	0.004111	-3.265816	45812400.000000
2015-11-12	-0.003359	0.036304	0.041296	0.030867	-0.376824	32525600.000000
2015-11-11	-0.005652	0.031422	0.040728	0.021141	-0.637695	45218000.000000
2015-11-10	-0.031517	0.003464	0.013507	-0.003746	-3.671615	59127900.000000
2015-11-09	-0.004048	0.034112	0.041379	0.026333	-0.473443	33871400.000000
2015-11-06	0.001158	0.036594	0.042585	0.032400	0.135270	33042300.000000
2015-11-05	-0.004610	0.038120	0.045276	0.023892	-0.541092	39552700.000000
2015-11-04	-0.004650	0.044146	0.049997	0.031341	-0.548401	44886100.000000
2015-11-03	0.011471	0.036052	0.059211	0.035280	1.337326	45519000.000000
2015-11-02	0.014058	0.050705	0.055576	0.040354	1.616310	32203300.000000
2015-10-30	-0.008546	0.043364	0.045348	0.030084	-0.990952	49365300.000000
2015-10-29	0.010564	0.034430	0.051772	0.030683	1.212250	51227300.000000
2015-10-28	0.041205	0.060993	0.082498	0.053099	4.541085	85551400.000000
2015-10-27	-0.006332	0.040479	0.050758	0.027766	-0.702340	69884400.000000
2015-10-26	-0.031911	0.030669	0.031105	0.003087	-3.655960	66333800.000000
2015-10-23	0.030996	0.050196	0.072964	0.046867	3.444298	59366900.000000
2015-10-22	0.015295	0.044605	0.055295	0.042504	1.674057	41654100.000000
2015-10-21	-0.000088	0.041499	0.055934	0.038758	-0.009613	41795200.000000
2015-10-20	0.018258	0.035769	0.062096	0.030932	1.962677	48778800.000000
2015-10-19	0.006214	0.037151	0.046044	0.030692	0.663841	29759200.000000
2015-10-16	-0.007331	0.038654	0.040698	0.027039	-0.788933	39232600.000000
2015-10-15	0.014972	0.046188	0.057222	0.042038	1.587471	37673500.000000
2015-10-14	-0.014134	0.034749	0.036887	0.018663	-1.520118	44462400.000000
2015-10-13	0.001703	0.032133	0.047314	0.030829	0.182808	33049300.000000
2015-10-12	-0.004638	0.045053	0.045238	0.033094	-0.500290	30467200.000000
2015-10-09	0.023927	0.044144	0.065786	0.039303	2.520683	52766100.000000
2015-10-08	-0.011554	0.033862	0.033862	0.015284	-1.231483	61979600.000000
2015-10-07	-0.004761	0.043413	0.043693	0.021656	-0.509903	46765600.000000
2015-10-06	0.004784	0.037990	0.048405	0.029921	0.509903	48196800.000000
2015-10-05	0.003624	0.034689	0.048720	0.027062	0.384842	52064700.000000
2015-10-02	0.007301	0.024506	0.052961	0.020142	0.769676	58019800.000000
2015-10-01	-0.006528	0.027807	0.032990	0.011222	-0.692719	63929100.000000
2015-09-30	0.011370	0.049976	0.063033	0.036252	1.193001	66473000.000000
2015-09-29	-0.030060	0.043003	0.049289	-0.002940	-3.251884	73365400.000000
2015-09-28	-0.019789	0.031605	0.038129	0.018829	-2.183953	52109000.000000
2015-09-25	-0.002522	0.052413	0.054672	0.030540	-0.279007	56151900.000000
2015-09-24	0.005948	0.029669	0.050126	0.021668	0.654221	50219500.000000
2015-09-23	0.008113	0.041506	0.051496	0.038481	0.885139	35756700.000000
2015-09-22	-0.015710	0.022888	0.030105	0.015129	-1.741394	50346200.000000
2015-09-21	0.015513	0.041413	0.056988	0.041321	1.693283	50222000.000000
2015-09-18	-0.004126	0.023796	0.042865	0.020694	-0.452179	74285300.000000
2015-09-17	-0.021390	0.032701	0.040112	0.015379	-2.395629	64112600.000000
2015-09-16	0.001118	0.039129	0.041722	0.031889	0.125083	37173500.000000
2015-09-15	0.008412	0.044986	0.050395	0.031375	0.933236	43341200.000000
2015-09-14	0.009631	0.060966	0.063788	0.045313	1.058303	58363400.000000
2015-09-11	0.014569	0.032196	0.054540	0.031919	1.577843	49915500.000000
2015-09-10	0.021970	0.040530	0.068933	0.037038	2.328262	62892800.000000
2015-09-09	-0.019232	0.052817	0.055223	0.015891	-2.078125	85010800.000000
2015-09-08	0.027821	0.062988	0.070693	0.049385	2.924767	54843600.000000
2015-09-04	-0.009966	0.026213	0.040151	0.021881	-1.058304	49996300.000000
2015-09-03	-0.017536	0.040785	0.043469	0.018117	-1.895317	53233900.000000
2015-09-02	0.042889	0.063617	0.083976	0.053003	4.444870	61888800.000000
2015-09-01	-0.044697	0.015339	0.031286	-0.010379	-4.848968	76845900.000000
2015-08-31	-0.004678	0.027837	0.050774	0.027562	-0.509903	56229300.000000
2015-08-28	0.003277	0.032494	0.042987	0.026695	0.355972	53164400.000000
2015-08-27	0.029447	0.063466	0.073036	0.042524	3.107567	84616100.000000
2015-08-26	0.057355	0.072962	0.101016	0.052523	5.724479	96774600.000000
2015-08-25	0.006012	0.119933	0.119933	0.043228	0.596482	103601600.000000
2015-08-24	-0.024962	-0.067628	0.069274	-0.095834	-2.539925	162206300.000000
2015-08-21	-0.061163	0.018914	0.032477	-0.025190	-6.628837	128275500.000000
2015-08-20	-0.020520	0.030993	0.033433	0.008851	-2.270546	68501600.000000
2015-08-19	-0.012790	0.035829	0.039576	0.023160	-1.433510	47445700.000000
2015-08-18	-0.005634	0.032921	0.041881	0.029195	-0.635010	34560700.000000
2015-08-17	0.010349	0.040115	0.054546	0.035274	1.154533	40884700.000000
2015-08-14	0.007034	0.031905	0.049868	0.029107	0.779290	42929500.000000
2015-08-13	-0.000781	0.046613	0.049860	0.033084	-0.086579	48535800.000000
2015-08-12	0.015420	0.030605	0.057073	0.004046	1.683670	101217500.000000
2015-08-11	-0.052038	0.022815	0.026027	-0.016080	-5.993866	97082800.000000
2015-08-10	0.036357	0.048485	0.079616	0.048485	4.040795	54951600.000000
2015-08-07	0.003388	0.034432	0.049509	0.033710	0.375229	38670400.000000
2015-08-06	0.002176	0.049259	0.054055	0.032521	0.240516	52903000.000000
2015-08-05	0.006630	0.028710	0.069604	0.020969	0.727906	99312600.000000
2015-08-04	-0.032084	0.035111	0.037579	-0.001650	-3.639489	124138600.000000
2015-08-03	-0.023578	0.045824	0.055034	0.011566	-2.739196	69976000.000000
2015-07-31	-0.008744	0.046065	0.046406	0.031645	-1.024811	42885000.000000
2015-07-30	-0.005041	0.038414	0.040537	0.033236	-0.593804	33628300.000000
2015-07-29	-0.003161	0.042156	0.045118	0.034709	-0.373535	37011700.000000
2015-07-28	0.004969	0.049290	0.053798	0.042231	0.584244	33618100.000000
2015-07-27	-0.013896	0.032277	0.036638	0.024143	-1.656937	44455500.000000
2015-07-24	-0.005273	0.045437	0.048941	0.033591	-0.632110	42162300.000000
2015-07-23	-0.000479	0.052274	0.059695	0.042768	-0.057473	50999500.000000
2015-07-22	-0.042294	-0.025851	0.002179	-0.025851	-5.296409	115450600.000000
2015-07-21	-0.009995	0.050269	0.050822	0.030267	-1.264275	76756400.000000
2015-07-20	0.018902	0.054977	0.071087	0.052802	2.346543	58900200.000000
2015-07-17	0.008637	0.048733	0.053121	0.042477	1.063102	46164700.000000
2015-07-16	0.013326	0.051677	0.058510	0.048466	1.618622	36222400.000000
2015-07-15	0.009633	0.045017	0.056903	0.043853	1.158898	33649200.000000
2015-07-14	-0.000398	0.047260	0.050002	0.038951	-0.047898	31768100.000000
2015-07-13	0.019306	0.058924	0.065106	0.052910	2.279473	41440500.000000
2015-07-10	0.026734	0.060363	0.076972	0.054015	3.074409	61354500.000000
2015-07-09	-0.020397	0.055006	0.056795	0.015566	-2.394401	77821600.000000
2015-07-08	-0.024823	0.034051	0.035380	0.017935	-2.988213	60761600.000000
2015-07-07	-0.002460	0.043191	0.045345	0.025623	-0.296906	46946800.000000
2015-07-06	-0.003480	0.031716	0.042368	0.030973	-0.421402	28060400.000000
2015-07-02	-0.001264	0.042700	0.044845	0.037257	-0.153251	27211000.000000
2015-07-01	0.009328	0.056339	0.056672	0.048764	1.120582	30238800.000000
2015-06-30	0.007227	0.052822	0.057434	0.046869	0.861992	44370700.000000
2015-06-29	-0.017515	0.033476	0.041796	0.025403	-2.126236	49161400.000000
2015-06-26	-0.005882	0.045494	0.048115	0.035995	-0.718322	44066800.000000
2015-06-25	-0.004762	0.050215	0.052986	0.039131	-0.584237	31938100.000000
2015-06-24	0.008502	0.045582	0.066870	0.044842	1.034386	55280900.000000
2015-06-23	-0.004545	0.043039	0.044102	0.038129	-0.555504	30268900.000000
2015-06-22	0.007978	0.051442	0.056143	0.048061	0.967339	34039300.000000
2015-06-19	-0.010009	0.042714	0.043613	0.032019	-1.225922	54716900.000000
2015-06-18	0.004556	0.043528	0.052386	0.043446	0.555489	35407200.000000
2015-06-17	-0.002351	0.045084	0.046393	0.037065	-0.287331	32918100.000000
2015-06-16	0.005358	0.045007	0.051753	0.039578	0.651276	31494100.000000
2015-06-15	-0.001966	0.035317	0.044677	0.032115	-0.239441	43988900.000000
2015-06-12	-0.011043	0.040855	0.041991	0.032085	-1.360001	36886200.000000
2015-06-11	-0.002250	0.046533	0.054634	0.040862	-0.277771	35390900.000000
2015-06-10	0.011458	0.048199	0.059835	0.047626	1.398339	39087300.000000
2015-06-09	-0.002973	0.035115	0.046390	0.026292	-0.363953	56075400.000000
2015-06-08	-0.006607	0.046131	0.048647	0.029331	-0.814102	52674800.000000
2015-06-05	-0.005489	0.045232	0.046766	0.036031	-0.680008	35626800.000000
2015-06-04	-0.005841	0.039769	0.047793	0.034393	-0.727890	38450100.000000
2015-06-03	0.001231	0.049726	0.051976	0.043620	0.153221	30889400.000000
2015-06-02	-0.004443	0.038663	0.045062	0.034344	-0.555481	33667600.000000
2015-06-01	0.001996	0.044102	0.052998	0.042259	0.249016	32112800.000000
2015-05-29	-0.011383	0.039745	0.041488	0.029207	-1.436630	50884500.000000
2015-05-28	-0.001969	0.042679	0.043391	0.036669	-0.249032	30733300.000000
2015-05-27	0.018670	0.049902	0.065368	0.047566	2.317788	45833200.000000
2015-05-26	-0.022031	0.044575	0.047017	0.017161	-2.796654	70697600.000000
2015-05-22	0.008752	0.045771	0.056658	0.044182	1.101410	45596000.000000
2015-05-21	0.010226	0.044183	0.056706	0.042256	1.273826	39730400.000000
2015-05-20	-0.000077	0.043540	0.051407	0.038242	-0.009574	36454900.000000
2015-05-19	-0.000922	0.048112	0.049636	0.039691	-0.114953	44633200.000000
2015-05-18	0.011028	0.040940	0.059913	0.040778	1.360032	50882900.000000
2015-05-15	-0.001396	0.045074	0.048475	0.038111	-0.172394	38208000.000000
2015-05-14	0.023331	0.055702	0.068463	0.053631	2.815811	45203500.000000
2015-05-13	0.001112	0.046425	0.055052	0.044102	0.134087	34694200.000000
2015-05-12	-0.003562	0.038151	0.048731	0.031704	-0.430977	48160000.000000
2015-05-11	-0.010187	0.042220	0.043611	0.027821	-1.245118	42035800.000000
2015-05-08	0.018841	0.055939	0.063774	0.051187	2.260338	55550400.000000
2015-05-07	0.006185	0.046451	0.057438	0.040160	0.737480	43940900.000000
2015-05-06	-0.006280	0.054798	0.056381	0.028128	-0.753486	72141000.000000
2015-05-05	-0.022533	0.043983	0.046427	0.024676	-2.765961	49271400.000000
2015-05-04	-0.001939	0.052936	0.061636	0.042853	-0.238434	50988300.000000
2015-05-01	0.030364	0.056422	0.090184	0.049720	3.624352	58512600.000000
2015-04-30	-0.027130	0.048464	0.048464	0.015373	-3.328690	83195400.000000
2015-04-29	-0.014706	0.045251	0.056735	0.030315	-1.831253	63386100.000000
2015-04-28	-0.015756	0.062770	0.063402	0.024119	-1.993378	118924000.000000
2015-04-27	0.018192	0.064801	0.071400	0.055465	2.260460	96954200.000000
2015-04-24	0.004704	0.055094	0.056226	0.044906	0.581788	44525900.000000
2015-04-23	0.008164	0.045855	0.063136	0.044551	1.001457	45770900.000000
2015-04-22	0.013474	0.049124	0.064656	0.043589	1.630951	37654500.000000
2015-04-21	-0.005407	0.052572	0.053394	0.040822	-0.658089	32435100.000000
2015-04-20	0.022846	0.055355	0.076787	0.051993	2.718262	47054300.000000
2015-04-17	-0.011255	0.043311	0.048214	0.034254	-1.354363	51957000.000000
2015-04-16	-0.004811	0.044329	0.051110	0.042923	-0.581802	28369000.000000
2015-04-15	0.003800	0.049377	0.055354	0.046056	0.457802	28970400.000000
2015-04-14	-0.004336	0.049703	0.052100	0.040694	-0.524575	25524600.000000
2015-04-13	-0.001967	0.058940	0.060590	0.044421	-0.238441	36365100.000000
2015-04-10	0.004267	0.043410	0.053848	0.037694	0.515045	40188000.000000
2015-04-09	0.007643	0.050550	0.056644	0.040617	0.915619	32484000.000000
2015-04-08	-0.003254	0.047132	0.051708	0.039810	-0.391060	37329200.000000
2015-04-07	-0.010522	0.050851	0.054803	0.037185	-1.278038	35012300.000000
2015-04-06	0.016198	0.041352	0.066786	0.040181	1.936157	37194000.000000
2015-04-02	0.008612	0.055045	0.059518	0.047957	1.020539	32220100.000000
2015-04-01	-0.001447	0.051750	0.054278	0.037257	-0.171669	40621400.000000
2015-03-31	-0.015352	0.046140	0.049459	0.031787	-1.850342	42090600.000000
2015-03-30	0.025314	0.055269	0.075260	0.054844	2.975784	47099700.000000
2015-03-27	-0.007968	0.051248	0.052345	0.037240	-0.944244	39546200.000000
2015-03-26	0.006970	0.043195	0.061210	0.041835	0.820251	47572900.000000
2015-03-25	-0.026127	0.047222	0.049539	0.021071	-3.156997	51655200.000000
2015-03-24	-0.004088	0.048628	0.055304	0.043106	-0.495957	32842300.000000
2015-03-23	0.010405	0.058623	0.064703	0.053627	1.249436	37709700.000000
2015-03-20	-0.012549	0.054631	0.055864	0.029221	-1.526040	68695100.000000
2015-03-19	-0.007550	0.050749	0.054829	0.039731	-0.925155	45809500.000000
2015-03-18	0.011256	0.048134	0.065960	0.042934	1.363907	65270900.000000
2015-03-17	0.016727	0.056435	0.068350	0.054337	1.993393	51023100.000000
2015-03-16	0.011004	0.050924	0.060001	0.042356	1.297134	35874300.000000
2015-03-13	-0.006910	0.048042	0.056467	0.032709	-0.820236	51827300.000000
2015-03-12	0.018079	0.049064	0.071279	0.043232	2.107841	48362700.000000
2015-03-11	-0.018232	0.050485	0.050653	0.028254	-2.165085	68939000.000000
2015-03-10	-0.020686	0.042444	0.049123	0.020920	-2.508430	68856600.000000
2015-03-09	0.004265	0.059727	0.073060	0.035710	0.515045	88528500.000000
2015-03-06	0.001503	0.064969	0.073014	0.047219	0.181198	72842100.000000
2015-03-05	-0.016571	0.048790	0.050177	0.025788	-2.031524	56517100.000000
2015-03-04	-0.006339	0.046356	0.050085	0.040034	-0.782105	31666300.000000
2015-03-03	0.002092	0.047408	0.051956	0.040342	0.257523	37816300.000000
2015-03-02	0.004904	0.054911	0.063318	0.047158	0.600860	48096700.000000
2015-02-27	-0.015028	0.045087	0.049670	0.030938	-1.869385	62014800.000000
2015-02-26	0.012656	0.048463	0.065396	0.030716	1.554642	91287500.000000
2015-02-25	-0.025573	0.043625	0.043942	0.016574	-3.223755	74711700.000000
2015-02-24	-0.006241	0.047991	0.053194	0.034037	-0.791626	69228100.000000
2015-02-23	0.027027	0.052674	0.076800	0.049759	3.338196	70974100.000000
2015-02-20	0.008175	0.049851	0.057034	0.045199	1.001488	48948400.000000
2015-02-19	-0.002098	0.046509	0.050989	0.045287	-0.257538	37362400.000000
2015-02-18	0.006963	0.046823	0.056256	0.045347	0.848885	44891700.000000
2015-02-17	0.005902	0.051846	0.063314	0.047143	0.715316	63152400.000000
2015-02-13	0.004903	0.055262	0.055262	0.041748	0.591339	54272200.000000
2015-02-12	0.012652	0.058371	0.070293	0.054257	1.506981	74474500.000000
2015-02-11	0.023439	0.054908	0.073382	0.052588	2.727799	73561800.000000
2015-02-10	0.019212	0.052405	0.069745	0.052317	2.193687	62008500.000000
2015-02-09	0.006643	0.045114	0.056486	0.044056	0.753487	38889800.000000
2015-02-06	-0.008421	0.049163	0.051173	0.035439	-0.963326	43706600.000000
2015-02-05	0.007137	0.056651	0.058500	0.049872	0.810708	42246200.000000
2015-02-04	0.007670	0.051271	0.069103	0.049585	0.864540	70149700.000000
2015-02-03	0.000169	0.051448	0.056683	0.043551	0.018997	51915700.000000
2015-02-02	0.012547	0.060598	0.070660	0.042898	1.396538	62739100.000000
2015-01-30	-0.014634	0.048175	0.062339	0.034453	-1.653061	83745500.000000
2015-01-29	0.031134	0.061821	0.088020	0.054884	3.410606	84436400.000000
2015-01-28	0.056533	0.134483	0.139209	0.112108	5.861672	146477100.000000
2015-01-27	-0.035013	0.046273	0.046831	0.014723	-3.762108	95568700.000000
2015-01-26	0.001062	0.059682	0.065458	0.050924	0.113990	55615000.000000
2015-01-23	0.005160	0.051665	0.065244	0.044454	0.551026	46464800.000000
2015-01-22	0.026015	0.059423	0.080658	0.054235	2.707573	53796400.000000
2015-01-21	0.007634	0.054828	0.075257	0.048245	0.788528	48575900.000000
2015-01-20	0.025757	0.070974	0.082196	0.057666	2.593575	49899900.000000
2015-01-16	-0.007770	0.054671	0.060091	0.036638	-0.788521	78513300.000000
2015-01-15	-0.027140	0.054519	0.055094	0.022500	-2.831085	60014000.000000
2015-01-14	-0.003811	0.041332	0.055180	0.036175	-0.399010	48337000.000000
2015-01-13	0.008879	0.073605	0.086805	0.049326	0.921524	67091900.000000
2015-01-12	-0.024641	0.058146	0.058428	0.022436	-2.622078	49650800.000000
2015-01-09	0.001073	0.059939	0.065396	0.036797	0.114021	53699500.000000
2015-01-08	0.038422	0.067059	0.095585	0.061882	3.933091	59364500.000000
2015-01-07	0.014022	0.061913	0.071819	0.056960	1.415550	40105900.000000
2015-01-06	0.000094	0.055474	0.064291	0.036552	0.009498	65797100.000000
2015-01-05	-0.028172	0.042589	0.046055	0.014861	-2.926078	64285500.000000
2015-01-02	-0.009513	0.062233	0.062710	0.023707	-0.997521	53204600.000000
2014-12-31	-0.019019	0.055408	0.058308	0.030992	-2.033050	41403400.000000
2014-12-30	-0.012203	0.050106	0.052694	0.035968	-1.320557	29881500.000000
2014-12-29	-0.000702	0.050755	0.059804	0.049924	-0.075996	27598900.000000
2014-12-26	0.017677	0.053447	0.076189	0.052601	1.881042	33721000.000000
2014-12-24	-0.004709	0.052976	0.054191	0.047644	-0.503517	14479600.000000
2014-12-23	-0.003542	0.055304	0.056236	0.048128	-0.379997	26028400.000000
2014-12-22	0.010378	0.056180	0.068704	0.054391	1.102035	45167500.000000
2014-12-19	-0.007723	0.048957	0.058114	0.043351	-0.826530	88429800.000000
2014-12-18	0.029613	0.076268	0.083773	0.064627	3.078087	59006200.000000
2014-12-17	0.024918	0.056250	0.083070	0.053292	2.527076	53411800.000000
2014-12-16	-0.013675	0.034512	0.071372	0.033442	-1.406051	60790700.000000
2014-12-15	-0.013670	0.061906	0.070540	0.020178	-1.425041	67218100.000000
2014-12-12	-0.016932	0.041662	0.054959	0.033364	-1.795556	56028100.000000
2014-12-11	-0.002948	0.055516	0.069996	0.046866	-0.313491	41401700.000000
2014-12-10	-0.019015	0.055276	0.059335	0.028804	-2.061570	44565300.000000
2014-12-09	0.015303	0.031905	0.070395	0.024039	1.634049	60208000.000000
2014-12-08	-0.022609	0.044364	0.049398	0.021664	-2.470070	57664900.000000
2014-12-05	-0.004243	0.057159	0.057979	0.044854	-0.465515	38318900.000000
2014-12-04	-0.003795	0.051149	0.064132	0.046790	-0.418015	42044500.000000
2014-12-03	0.011341	0.062886	0.068395	0.057009	1.235039	43063400.000000
2014-12-02	-0.003824	0.038240	0.058822	0.031379	-0.417992	59348900.000000
2014-12-01	-0.032456	0.051539	0.055434	-0.015194	-3.667114	83814000.000000
2014-11-28	-0.000588	0.054990	0.056140	0.044198	-0.066513	24814400.000000
2014-11-26	0.011905	0.055645	0.066028	0.054660	1.330048	40768300.000000
2014-11-25	-0.008682	0.056506	0.062539	0.042131	-0.978531	68840400.000000
2014-11-24	0.018546	0.056036	0.073388	0.053957	2.052055	47450800.000000
2014-11-21	0.001376	0.063461	0.064004	0.050067	0.152001	57179300.000000
2014-11-20	0.014302	0.054804	0.072704	0.054254	1.558036	43395500.000000
2014-11-19	-0.006928	0.052328	0.055063	0.037378	-0.760002	41869200.000000
2014-11-18	0.012984	0.052140	0.068300	0.051678	1.406037	44224000.000000
2014-11-17	-0.001664	0.053431	0.081180	0.044489	-0.180527	46746700.000000
2014-11-14	0.012055	0.055680	0.065383	0.037580	1.292045	44063600.000000
2014-11-13	0.014112	0.057805	0.073417	0.055913	1.491555	59522900.000000
2014-11-12	0.014130	0.049531	0.069201	0.049435	1.472549	46942400.000000
2014-11-11	0.007994	0.051344	0.061500	0.048443	0.826515	27442300.000000
2014-11-10	-0.001651	0.052698	0.055691	0.049318	-0.171005	27195500.000000
2014-11-07	0.002852	0.053086	0.058605	0.051149	0.294510	33691500.000000
2014-11-06	0.002860	0.054641	0.056486	0.046872	0.294502	34968500.000000
2014-11-05	0.002394	0.062033	0.063980	0.052590	0.245941	37435900.000000
2014-11-04	-0.007313	0.056779	0.058035	0.040931	-0.756736	41574400.000000
2014-11-03	0.012963	0.059319	0.079679	0.057264	1.324295	52282600.000000
2014-10-31	0.009534	0.067344	0.067640	0.059438	0.964836	44639300.000000
2014-10-30	-0.003354	0.053423	0.057264	0.042984	-0.340515	40654800.000000
2014-10-29	0.005621	0.056274	0.063405	0.053402	0.567550	52687900.000000
2014-10-28	0.015508	0.060083	0.073560	0.059580	1.541855	48060900.000000
2014-10-27	-0.001045	0.053448	0.059778	0.051941	-0.104034	34187700.000000
2014-10-24	0.003720	0.060695	0.063821	0.054140	0.368881	47053900.000000
2014-10-23	0.017866	0.068354	0.078311	0.063735	1.740509	71074700.000000
2014-10-22	0.005075	0.060983	0.074085	0.058507	0.491898	68263100.000000
2014-10-21	0.027165	0.091712	0.091712	0.073167	2.563438	94623900.000000
2014-10-20	0.021399	0.064201	0.081952	0.063119	1.976997	77517300.000000
2014-10-17	0.014648	0.070784	0.087257	0.063206	1.333741	68179700.000000
2014-10-16	-0.013123	0.035598	0.059117	0.034080	-1.210778	72154500.000000
2014-10-15	-0.012253	0.048815	0.061448	0.018947	-1.144569	100933600.000000
2014-10-14	-0.010620	0.063309	0.064686	0.044032	-1.002686	63688600.000000
2014-10-13	-0.009133	0.063463	0.068186	0.047510	-0.870239	53583400.000000
2014-10-10	-0.002871	0.053713	0.067735	0.049631	-0.274307	66331600.000000
2014-10-09	0.002182	0.064927	0.073737	0.055173	0.208099	77376500.000000
2014-10-08	0.020759	0.057273	0.082431	0.052455	1.939133	57404700.000000
2014-10-07	-0.008733	0.055149	0.062472	0.047721	-0.822960	42094200.000000
2014-10-06	0.000000	0.060668	0.068096	0.055043	0.000000	37051200.000000
2014-10-03	-0.002803	0.052298	0.060446	0.048065	-0.264854	43469600.000000
2014-10-02	0.007260	0.058125	0.068251	0.045015	0.681076	47757800.000000
2014-10-01	-0.015583	0.055487	0.056536	0.035655	-1.485115	51491300.000000
2014-09-30	0.006393	0.064558	0.072267	0.061601	0.605400	55264100.000000
2014-09-29	-0.006352	0.035131	0.053913	0.034921	-0.605400	49766300.000000
2014-09-26	0.029427	0.064295	0.088275	0.062891	2.724258	62370500.000000
2014-09-25	-0.038133	0.044282	0.046360	0.015295	-3.670181	100092000.000000
2014-09-24	-0.008671	0.052222	0.059329	0.042334	-0.841858	60171800.000000
2014-09-23	0.015634	0.052354	0.076832	0.051726	1.494545	63402200.000000
2014-09-22	0.000991	0.065962	0.069522	0.053187	0.094597	52788400.000000
2014-09-19	-0.008154	0.062359	0.062982	0.043768	-0.785126	70902400.000000
2014-09-18	0.002067	0.060808	0.065179	0.056958	0.198654	37299400.000000
2014-09-17	0.007139	0.061463	0.067018	0.054336	0.681069	60926500.000000
2014-09-16	-0.007576	0.038130	0.053317	0.028664	-0.728356	66908100.000000
2014-09-15	-0.000295	0.069125	0.071620	0.054878	-0.028396	61316500.000000
2014-09-12	0.002268	0.054873	0.065087	0.053518	0.217559	62626100.000000
2014-09-11	0.004257	0.050990	0.061771	0.042721	0.406754	62353100.000000
2014-09-10	0.030717	0.057381	0.090826	0.054684	2.847229	100869600.000000
2014-09-09	-0.003762	0.064904	0.107896	0.033305	-0.349983	189846300.000000
2014-09-08	-0.006163	0.060691	0.060798	0.047339	-0.577011	46356700.000000
2014-09-05	0.008663	0.064492	0.070849	0.059213	0.804039	58457000.000000
2014-09-04	-0.008288	0.056204	0.069453	0.044878	-0.775666	85718000.000000
2014-09-03	-0.042207	0.055119	0.056142	0.008861	-4.124252	125421000.000000
2014-09-02	0.007805	0.062942	0.069955	0.059435	0.756767	53564000.000000
2014-08-29	0.002445	0.063473	0.063886	0.056649	0.236481	44595000.000000
2014-08-28	0.001175	0.051576	0.063894	0.051265	0.113495	68460000.000000
2014-08-27	0.012291	0.058528	0.074769	0.055175	1.172951	52369000.000000
2014-08-26	-0.006402	0.055916	0.056749	0.050086	-0.614861	33152000.000000
2014-08-25	0.002172	0.062070	0.066035	0.056748	0.208122	40270000.000000
2014-08-22	0.007357	0.054118	0.066520	0.053067	0.699982	44184000.000000
2014-08-21	0.000099	0.057166	0.061055	0.052330	0.009453	33478000.000000
2014-08-20	0.000398	0.056219	0.063055	0.051066	0.037842	52699000.000000
2014-08-19	0.013816	0.059831	0.073371	0.058871	1.295906	69399000.000000
2014-08-18	0.012043	0.062669	0.072163	0.057166	1.116211	47572000.000000
2014-08-15	0.004923	0.061503	0.064647	0.050226	0.454033	48951000.000000
2014-08-14	0.002674	0.058144	0.060753	0.052382	0.245948	28116000.000000
2014-08-13	0.013233	0.059148	0.071155	0.057937	1.201310	31916000.000000
2014-08-12	-0.000208	0.057717	0.066968	0.052981	-0.018891	33795000.000000
2014-08-11	0.013194	0.063080	0.072118	0.058281	1.182381	36585000.000000
2014-08-08	0.002752	0.054704	0.060970	0.043739	0.245949	41865000.000000
2014-08-07	-0.000106	0.062089	0.073501	0.052802	-0.009446	46711000.000000
2014-08-06	-0.001682	0.058292	0.066445	0.057845	-0.150611	38558000.000000
2014-08-05	-0.004917	0.059868	0.063424	0.048753	-0.442391	55933000.000000
2014-08-04	-0.005617	0.065077	0.067397	0.051814	-0.508270	39958000.000000
2014-08-01	0.005544	0.054645	0.073760	0.053645	0.498871	48511000.000000
2014-07-31	-0.025981	0.051708	0.054847	0.031899	-2.400185	56843000.000000
2014-07-30	-0.002338	0.063072	0.065880	0.054757	-0.216469	33010000.000000
2014-07-29	-0.006463	0.065750	0.066931	0.054163	-0.602401	43143000.000000
2014-07-28	0.013822	0.064056	0.079502	0.061119	1.270683	55318000.000000
2014-07-25	0.006596	0.060453	0.071293	0.058154	0.602371	43469000.000000
2014-07-24	-0.001646	0.060784	0.063845	0.054007	-0.150589	45729000.000000
2014-07-23	0.026077	0.070276	0.097868	0.067471	2.324867	92918000.000000
2014-07-22	0.008303	0.070793	0.073168	0.064460	0.734169	55197000.000000
2014-07-21	-0.005189	0.068725	0.068837	0.054436	-0.461204	39079000.000000
2014-07-18	0.014395	0.068473	0.081255	0.061625	1.261276	49988000.000000
2014-07-17	-0.017831	0.065226	0.068029	0.037651	-1.590706	57298000.000000
2014-07-16	-0.005665	0.080815	0.082264	0.055959	-0.508278	53396300.000000
2014-07-15	-0.011716	0.066280	0.066830	0.046782	-1.063598	45477900.000000
2014-07-14	0.012917	0.069565	0.081057	0.067222	1.157730	42810000.000000
2014-07-11	0.001894	0.066001	0.071926	0.060412	0.169433	34018000.000000
2014-07-10	-0.003669	0.044270	0.064206	0.041597	-0.329445	39686000.000000
2014-07-09	0.000420	0.063427	0.069110	0.055850	0.037652	36436000.000000
2014-07-08	-0.006460	0.065745	0.071613	0.039730	-0.583580	65222000.000000
2014-07-07	0.020632	0.063667	0.084570	0.063215	1.826019	56468000.000000
2014-07-03	0.005884	0.064583	0.069470	0.059242	0.517677	22891800.000000
2014-07-02	-0.000428	0.066400	0.068559	0.057539	-0.037636	28465000.000000
2014-07-01	0.006349	0.069169	0.075457	0.064711	0.555321	38223000.000000
2014-06-30	0.010328	0.063810	0.082638	0.063695	0.894180	49482300.000000
2014-06-27	0.011881	0.061489	0.075281	0.060905	1.016548	64029000.000000
2014-06-26	0.005976	0.062542	0.070537	0.055840	0.508271	32629000.000000
2014-06-25	0.000886	0.061600	0.067367	0.055010	0.075302	36869000.000000
2014-06-24	-0.006055	0.061489	0.073068	0.054938	-0.517670	39036000.000000
2014-06-23	-0.000880	0.067216	0.070722	0.058801	-0.075317	43694000.000000
2014-06-20	-0.010342	0.062309	0.070405	0.051321	-0.894173	100898000.000000
2014-06-19	-0.003472	0.063692	0.063807	0.052743	-0.301201	35528000.000000
2014-06-18	0.001086	0.064616	0.064847	0.054001	0.094116	33514000.000000
2014-06-17	-0.001301	0.063692	0.068186	0.057815	-0.112945	29726000.000000
2014-06-16	0.010079	0.065101	0.079534	0.064403	0.865959	35561000.000000
2014-06-13	-0.010944	0.061388	0.064151	0.046192	-0.950668	54525000.000000
2014-06-12	-0.016727	0.064462	0.065367	0.040238	-1.477753	54749000.000000
2014-06-11	-0.004138	0.061072	0.068173	0.053632	-0.367065	45681000.000000
2014-06-10	0.005870	0.074103	0.077731	0.060950	0.517662	62777000.000000
2014-06-09	0.016001	0.067904	0.081498	0.056960	1.389007	75415000.000000
2014-06-06	-0.002750	0.066609	0.068841	0.057698	-0.239334	87484600.000000
2014-06-05	0.003924	0.064698	0.069921	0.058783	0.340187	75951400.000000
2014-06-04	0.011419	0.062257	0.079672	0.060041	0.978882	83870500.000000
2014-06-03	0.014142	0.062103	0.079476	0.061748	1.195389	73177300.000000
2014-06-02	-0.006872	0.064035	0.065495	0.044801	-0.584931	92337700.000000
2014-05-30	-0.003746	0.066772	0.077122	0.051589	-0.320015	141005200.000000
2014-05-29	0.018221	0.068962	0.084319	0.068826	1.528855	94118500.000000
2014-05-28	-0.002589	0.063086	0.069557	0.059283	-0.217827	78870400.000000
2014-05-27	0.018726	0.065451	0.082717	0.065019	1.546318	87216500.000000
2014-05-23	0.011297	0.062389	0.075475	0.061025	0.922424	58052400.000000
2014-05-22	0.001583	0.062932	0.068627	0.058552	0.129090	50190000.000000
2014-05-21	0.002646	0.060878	0.065920	0.057768	0.215126	49214900.000000
2014-05-20	0.000199	0.062284	0.065605	0.055641	0.016144	58709000.000000
2014-05-19	0.011849	0.063029	0.079885	0.062104	0.951995	79438800.000000
2014-05-16	0.014759	0.062081	0.078140	0.056253	1.168503	69064100.000000
2014-05-15	-0.008504	0.063909	0.067308	0.051994	-0.679039	57711500.000000
2014-05-14	0.000185	0.060044	0.068937	0.058810	0.014786	41601000.000000
2014-05-13	0.001569	0.060937	0.065489	0.058607	0.125053	39934300.000000
2014-05-12	0.012450	0.065962	0.077157	0.065799	0.980225	53302200.000000
2014-05-09	-0.004167	0.056190	0.059280	0.048583	-0.329430	72899400.000000
2014-05-08	-0.001782	0.060999	0.072110	0.057663	-0.141166	57574300.000000
2014-05-07	-0.003500	0.069868	0.073534	0.056352	-0.278160	70716100.000000
2014-05-06	-0.010899	0.069851	0.074491	0.056714	-0.875840	93641100.000000
2014-05-05	0.014142	0.063959	0.083538	0.063707	1.120552	71766800.000000
2014-05-02	0.001860	0.069911	0.073271	0.065161	0.147080	47878600.000000
2014-05-01	0.002356	0.071816	0.076886	0.061605	0.185882	61012000.000000
2014-04-30	-0.003782	0.068918	0.081164	0.063795	-0.299514	114160200.000000
2014-04-29	-0.002963	0.067729	0.071757	0.060122	-0.235344	84344400.000000
2014-04-28	0.038728	0.069965	0.112834	0.069498	2.961807	167371400.000000
2014-04-25	0.007344	0.062261	0.076299	0.061189	0.557587	97568800.000000
2014-04-24	0.081982	0.156840	0.160484	0.141611	5.752495	189977900.000000
2014-04-23	-0.013071	0.063053	0.067213	0.053790	-0.929337	98735000.000000
2014-04-22	0.000998	0.062606	0.069685	0.058965	0.070862	50640800.000000
2014-04-21	0.011868	0.069172	0.083011	0.066364	0.833061	45637200.000000
2014-04-17	0.011426	0.070396	0.086370	0.068749	0.792946	71083600.000000
2014-04-16	0.002027	0.068544	0.074814	0.060479	0.140404	53691400.000000
2014-04-15	-0.007131	0.065471	0.068276	0.047162	-0.497429	66622500.000000
2014-04-14	0.003984	0.073066	0.073601	0.063423	0.276787	51418500.000000
2014-04-11	-0.007393	0.059215	0.067031	0.055419	-0.517487	67929400.000000
2014-04-10	-0.012898	0.069083	0.072226	0.053954	-0.914620	59913000.000000
2014-04-09	0.013144	0.066725	0.082747	0.065460	0.919976	51542400.000000
2014-04-08	-0.000058	0.071868	0.073766	0.058623	-0.004029	60972100.000000
2014-04-07	-0.015701	0.060724	0.066510	0.048410	-1.116523	72462600.000000
2014-04-04	-0.012936	0.070381	0.070757	0.052079	-0.931992	68812800.000000
2014-04-03	-0.006930	0.066074	0.068260	0.058690	-0.502777	40586000.000000
2014-04-02	0.001662	0.069798	0.071968	0.065617	0.120361	45105200.000000
2014-04-01	0.009148	0.070389	0.078569	0.068418	0.656548	50190000.000000
2014-03-31	-0.000224	0.073075	0.076219	0.066507	-0.016060	42167300.000000
2014-03-28	-0.001116	0.070067	0.071300	0.061977	-0.080238	50141000.000000
2014-03-27	-0.004298	0.068833	0.071762	0.059135	-0.310219	55507900.000000
2014-03-26	-0.009560	0.071358	0.076219	0.056342	-0.696648	74942000.000000
2014-03-25	0.010757	0.072935	0.081356	0.069151	0.775543	70573300.000000
2014-03-24	0.011860	0.079486	0.083656	0.072749	0.845101	88925200.000000
2014-03-21	0.007887	0.074885	0.078563	0.063569	0.557594	93511600.000000
2014-03-20	-0.004819	0.065603	0.071194	0.060495	-0.342316	52099600.000000
2014-03-19	-0.000263	0.070087	0.078089	0.063533	-0.018707	56189000.000000
2014-03-18	0.008846	0.066654	0.078966	0.065234	0.623085	52411800.000000
2014-03-17	0.003907	0.074487	0.079109	0.070720	0.274132	49886200.000000
2014-03-14	-0.011231	0.064613	0.068841	0.052956	-0.796944	59299800.000000
2014-03-13	-0.011107	0.070011	0.074431	0.053526	-0.796951	64435700.000000
2014-03-12	0.000970	0.065210	0.070869	0.060207	0.069542	49831600.000000
2014-03-11	0.009738	0.077474	0.084094	0.071719	0.691307	69806100.000000
2014-03-10	0.000905	0.064169	0.074179	0.064128	0.064171	44646000.000000
2014-03-07	-0.000584	0.069042	0.070834	0.058897	-0.041451	55182400.000000
2014-03-06	-0.003024	0.069221	0.072532	0.059809	-0.215286	46372200.000000
2014-03-05	0.002108	0.067715	0.075417	0.064115	0.149773	50015700.000000
2014-03-04	0.006594	0.074917	0.078237	0.068378	0.465332	64785000.000000
2014-03-03	0.002888	0.062633	0.077311	0.061395	0.203254	59695300.000000
2014-02-28	-0.002710	0.071213	0.078643	0.057121	-0.191223	92992200.000000
2014-02-27	0.019948	0.067925	0.091962	0.065674	1.379959	75470500.000000
2014-02-26	-0.009022	0.071530	0.074374	0.055138	-0.629821	69054300.000000
2014-02-25	-0.010406	0.072064	0.072449	0.055094	-0.734085	57988000.000000
2014-02-24	0.004379	0.064087	0.077857	0.062602	0.307556	72227400.000000
2014-02-21	-0.011108	0.071657	0.075237	0.055184	-0.788925	69696200.000000
2014-02-20	-0.011575	0.059650	0.067622	0.051717	-0.831742	76464500.000000
2014-02-19	-0.015788	0.065932	0.070119	0.045582	-1.152641	78442000.000000
2014-02-18	0.003677	0.072306	0.082498	0.071540	0.267441	65062900.000000
2014-02-14	-0.000808	0.064512	0.071400	0.062040	-0.058808	68231100.000000
2014-02-13	0.015879	0.065846	0.086160	0.064929	1.137909	76849500.000000
2014-02-12	-0.000075	0.070332	0.075534	0.062936	-0.005356	77025200.000000
2014-02-11	0.013176	0.071630	0.086050	0.069388	0.932023	70564200.000000
2014-02-10	0.017915	0.066261	0.093665	0.064905	1.244896	86389800.000000
2014-02-07	0.013990	0.086848	0.090079	0.078510	0.958747	92570100.000000
2014-02-06	0.005828	0.069448	0.076661	0.064731	0.397118	64441300.000000
2014-02-05	0.007469	0.070042	0.088462	0.069388	0.505104	82086200.000000
2014-02-04	0.014476	0.084011	0.091747	0.077389	0.965019	94170300.000000
2014-02-03	0.001858	0.079068	0.090061	0.071962	0.123612	100366000.000000
2014-01-31	0.001641	0.064861	0.078516	0.061356	0.108986	116199300.000000
2014-01-30	-0.001937	0.078595	0.087094	0.066061	-0.128930	169625400.000000
2014-01-29	-0.011352	0.069342	0.076599	0.058032	-0.764289	125702500.000000
2014-01-28	-0.079927	-0.006737	0.005446	-0.019798	-5.848511	266380800.000000
2014-01-27	0.008112	0.082626	0.091935	0.074123	0.588821	138719700.000000
2014-01-24	-0.018178	0.070540	0.073671	0.052666	-1.343826	107338700.000000
2014-01-23	0.008468	0.071694	0.084477	0.061696	0.620743	100809800.000000
2014-01-22	0.004444	0.078355	0.090843	0.072287	0.324333	94996300.000000
2014-01-21	0.015536	0.075389	0.093438	0.074256	1.116524	82131700.000000
2014-01-17	-0.024501	0.069382	0.070526	0.046927	-1.805046	106684900.000000
2014-01-16	-0.005580	0.070009	0.073770	0.063800	-0.413407	57319500.000000
2014-01-15	0.020077	0.088778	0.101917	0.085119	1.458145	97909700.000000
2014-01-14	0.019898	0.079748	0.096821	0.078625	1.416939	83140400.000000
2014-01-13	0.005235	0.068642	0.094032	0.068582	0.370835	94623200.000000
2014-01-10	-0.006672	0.081383	0.083327	0.063916	-0.475846	76244000.000000
2014-01-09	-0.012770	0.081358	0.081477	0.058715	-0.922462	69787200.000000
2014-01-08	0.006333	0.072305	0.085738	0.072066	0.454582	64632400.000000
2014-01-07	-0.007151	0.075524	0.078764	0.062878	-0.517036	79302300.000000
2014-01-06	0.005453	0.067740	0.086315	0.060091	0.392089	103152700.000000
2014-01-03	-0.021966	0.074229	0.075861	0.050077	-1.614975	98116900.000000
2014-01-02	-0.014064	0.064523	0.067109	0.057512	-1.048751	58671200.000000
2013-12-31	0.011722	0.074075	0.087855	0.073745	0.863983	55771100.000000
2013-12-30	-0.009945	0.069706	0.074753	0.059843	-0.740372	63407400.000000
2013-12-27	-0.006756	0.074601	0.075725	0.066367	-0.506424	56471100.000000
2013-12-26	-0.006641	0.075567	0.078218	0.066631	-0.501099	51002000.000000
2013-12-24	-0.004245	0.074376	0.078128	0.067099	-0.321685	41888700.000000
2013-12-23	0.038377	0.111908	0.117232	0.101650	2.800636	125326600.000000
2013-12-20	0.008375	0.076668	0.088867	0.075464	0.606125	109103400.000000
2013-12-19	-0.011457	0.072275	0.073250	0.061015	-0.838745	80077200.000000
2013-12-18	-0.007603	0.064509	0.067898	0.043401	-0.560906	141465800.000000
2013-12-17	-0.004502	0.071495	0.078493	0.066810	-0.333641	57475600.000000
2013-12-16	0.005537	0.075897	0.090668	0.075877	0.408066	70648200.000000
2013-12-13	-0.010900	0.079182	0.079240	0.061581	-0.812134	83205500.000000
2013-12-12	-0.001461	0.076246	0.082373	0.072207	-0.109001	65572500.000000
2013-12-11	-0.007409	0.077509	0.085053	0.063617	-0.556938	89929700.000000
2013-12-10	-0.001554	0.069345	0.077504	0.064829	-0.116974	69567400.000000
2013-12-09	0.011446	0.076442	0.093100	0.076442	0.852028	80123400.000000
2013-12-06	-0.013876	0.070760	0.072577	0.058988	-1.047424	86088100.000000
2013-12-05	0.005133	0.089305	0.094041	0.077435	0.385467	111895000.000000
2013-12-04	-0.002331	0.073197	0.080200	0.064315	-0.175445	94452400.000000
2013-12-03	0.027375	0.088538	0.104292	0.087329	2.005775	112742000.000000
2013-12-02	-0.008704	0.078483	0.090718	0.064606	-0.643341	118136200.000000
2013-11-29	0.018518	0.081682	0.099104	0.078395	1.343826	79531900.000000
2013-11-27	0.023547	0.080616	0.100141	0.074753	1.669495	90862100.000000
2013-11-26	0.018444	0.075533	0.100199	0.075287	1.284019	100345700.000000
2013-11-25	0.007580	0.077276	0.087303	0.077234	0.523705	57327900.000000
2013-11-22	-0.002571	0.071412	0.076857	0.069371	-0.178101	55931400.000000
2013-11-21	0.011922	0.080179	0.087713	0.071978	0.816132	65506700.000000
2013-11-20	-0.008758	0.074091	0.076553	0.063955	-0.604790	48479200.000000
2013-11-19	0.001774	0.075582	0.084596	0.073385	0.122276	52234700.000000
2013-11-18	-0.012115	0.074753	0.079257	0.060852	-0.845398	61236000.000000
2013-11-15	-0.006002	0.071538	0.076645	0.067285	-0.421348	79480100.000000
2013-11-14	0.014464	0.079253	0.092610	0.077313	1.000915	70604800.000000
2013-11-13	0.001192	0.070599	0.079383	0.068449	0.082398	49305200.000000
2013-11-12	0.001850	0.071896	0.084837	0.070508	0.127602	51069200.000000
2013-11-11	-0.002901	0.073576	0.077045	0.062056	-0.200715	56863100.000000
2013-11-08	0.015747	0.079136	0.092872	0.074963	1.072693	69829200.000000
2013-11-07	-0.016183	0.071988	0.079436	0.057133	-1.120544	65655100.000000
2013-11-06	-0.002833	0.078353	0.079814	0.066112	-0.196724	55843900.000000
2013-11-05	-0.002468	0.076575	0.085420	0.073332	-0.171776	66303300.000000
2013-11-04	0.012922	0.083252	0.095143	0.078492	0.888023	61156900.000000
2013-11-01	-0.005108	0.083758	0.085371	0.066840	-0.352829	68722500.000000
2013-10-31	-0.004191	0.081234	0.086362	0.073552	-0.290733	68924100.000000
2013-10-30	0.015909	0.087158	0.103708	0.081739	1.086266	88540900.000000
2013-10-29	-0.024911	0.094064	0.100144	0.049732	-1.744362	158951800.000000
2013-10-28	0.007453	0.087358	0.091387	0.075376	0.518020	137610200.000000
2013-10-25	-0.011186	0.079828	0.083710	0.067208	-0.786308	84448000.000000
2013-10-24	0.013239	0.081110	0.096493	0.075859	0.918450	96191200.000000
2013-10-23	0.009791	0.079219	0.093088	0.079219	0.672645	78430800.000000
2013-10-22	-0.002858	0.091499	0.095729	0.053389	-0.196884	133515900.000000
2013-10-21	0.024504	0.087146	0.113763	0.086615	1.647881	99526700.000000
2013-10-18	0.008702	0.084221	0.091228	0.083621	0.580154	72635500.000000
2013-10-17	0.006765	0.078590	0.088945	0.077943	0.447975	63398300.000000
2013-10-16	0.004873	0.085602	0.089374	0.082220	0.321129	62775300.000000
2013-10-15	0.005322	0.084232	0.094017	0.079895	0.348869	80018400.000000
2013-10-14	0.006554	0.074491	0.091491	0.073438	0.426850	65474500.000000
2013-10-11	0.006474	0.075177	0.090301	0.071137	0.418907	66934700.000000
2013-10-10	0.006268	0.091536	0.093891	0.082028	0.403053	69650700.000000
2013-10-09	0.011748	0.089345	0.096425	0.075049	0.746651	75431300.000000
2013-10-08	-0.013962	0.085882	0.087433	0.065048	-0.899948	72729300.000000
2013-10-07	0.009772	0.088928	0.102557	0.086220	0.623737	78073100.000000
2013-10-04	-0.000786	0.082034	0.083689	0.070272	-0.050201	64717100.000000
2013-10-03	-0.012562	0.083126	0.087189	0.061552	-0.812710	80688300.000000
2013-10-02	0.003279	0.075866	0.089535	0.071701	0.211418	72296000.000000
2013-10-01	0.023514	0.084883	0.109122	0.084724	1.481407	88470900.000000
2013-09-30	-0.012429	0.068712	0.078587	0.062352	-0.792904	65039100.000000
2013-09-27	-0.007137	0.075603	0.077582	0.068800	-0.458553	57010100.000000
2013-09-26	0.009740	0.091063	0.096810	0.086348	0.619778	59305400.000000
2013-09-25	-0.015478	0.081249	0.082221	0.064075	-1.000378	79239300.000000
2013-09-24	-0.003139	0.090370	0.091670	0.074814	-0.203507	91086100.000000
2013-09-23	0.049699	0.147382	0.149256	0.116159	3.069832	190526700.000000
2013-09-20	-0.010353	0.094074	0.095333	0.066608	-0.646198	174825700.000000
2013-09-19	0.016398	0.095033	0.106967	0.091659	1.006969	101135300.000000
2013-09-18	0.020557	0.099689	0.107215	0.093706	1.236912	114215500.000000
2013-09-17	0.011553	0.075840	0.104060	0.074736	0.687184	99845200.000000
2013-09-16	-0.031792	0.071959	0.073378	0.039917	-1.953167	135926700.000000
2013-09-13	-0.016480	0.073366	0.079061	0.062755	-1.029450	74708900.000000
2013-09-12	0.010648	0.082854	0.098802	0.077099	0.658116	101012800.000000
2013-09-11	-0.054444	0.020643	0.035242	0.015835	-3.558785	224674100.000000
2013-09-10	-0.022779	0.081092	0.083762	0.045426	-1.523674	185798900.000000
2013-09-09	0.015957	0.095739	0.102075	0.092441	1.050591	85171800.000000
2013-09-06	0.005956	0.087947	0.089998	0.069416	0.389808	89881400.000000
2013-09-05	-0.006858	0.084409	0.085341	0.070081	-0.451950	59091900.000000
2013-09-04	0.020693	0.105322	0.111252	0.098065	1.336045	86258200.000000
2013-09-03	0.002791	0.094074	0.110715	0.081316	0.179718	82982200.000000
2013-08-30	-0.009111	0.081687	0.083776	0.069595	-0.592026	68074300.000000
2013-08-29	0.001630	0.082680	0.093360	0.081534	0.105728	59914400.000000
2013-08-28	0.004728	0.075297	0.096980	0.075297	0.305260	76902000.000000
2013-08-27	-0.028590	0.070346	0.080039	0.045199	-1.900322	106047200.000000
2013-08-26	0.003892	0.080445	0.100835	0.079906	0.257705	82741400.000000
2013-08-23	-0.003857	0.081694	0.081866	0.073269	-0.256378	55682900.000000
2013-08-22	0.001194	0.086666	0.087978	0.072076	0.079292	61051900.000000
2013-08-21	0.002575	0.086465	0.094145	0.081308	0.170487	83969900.000000
2013-08-20	-0.013137	0.085222	0.087053	0.066294	-0.881455	89672100.000000
2013-08-19	0.010770	0.085353	0.105582	0.084621	0.714920	127629600.000000
2013-08-16	0.008878	0.085891	0.091949	0.083091	0.584130	90576500.000000
2013-08-15	-0.001184	0.076517	0.089485	0.060600	-0.077988	122573500.000000
2013-08-14	0.018241	0.099377	0.113443	0.089485	1.180107	189093100.000000
2013-08-13	0.047522	0.089309	0.144174	0.082624	2.935032	220485300.000000
2013-08-12	0.028408	0.086761	0.114806	0.086214	1.706055	91108500.000000
2013-08-09	-0.014230	0.075470	0.079738	0.063769	-0.866913	66716300.000000
2013-08-08	-0.001992	0.085544	0.086106	0.071713	-0.121582	63944300.000000
2013-08-07	-0.000580	0.084774	0.092259	0.080026	-0.035431	74714500.000000
2013-08-06	-0.008947	0.084851	0.093821	0.071291	-0.551392	83714400.000000
2013-08-05	0.014939	0.093224	0.107292	0.087248	0.907158	79713900.000000
2013-08-02	0.012832	0.091335	0.102867	0.088118	0.769322	68695900.000000
2013-08-01	0.009171	0.095908	0.098433	0.089921	0.544815	51562700.000000
2013-07-31	-0.001743	0.092174	0.097815	0.078828	-0.103722	80739400.000000
2013-07-30	0.012350	0.093439	0.110911	0.091665	0.725994	77355600.000000
2013-07-29	0.015420	0.087697	0.110373	0.086216	0.892723	62014400.000000
2013-07-26	0.005679	0.080225	0.094469	0.077842	0.326905	50038100.000000
2013-07-25	-0.004563	0.088635	0.090364	0.076555	-0.263882	57373400.000000
2013-07-24	0.051362	0.139952	0.154652	0.130421	2.825207	147984200.000000
2013-07-23	-0.017171	0.087374	0.089825	0.068766	-0.960999	92348900.000000
2013-07-22	0.003201	0.099714	0.100457	0.089497	0.178555	51949100.000000
2013-07-19	-0.015773	0.091543	0.093761	0.069490	-0.894039	67180400.000000
2013-07-18	0.003370	0.095929	0.099697	0.088924	0.190353	54719700.000000
2013-07-17	0.000256	0.086901	0.093275	0.083157	0.014442	49747600.000000
2013-07-16	0.006457	0.085824	0.096490	0.079841	0.362355	54134500.000000
2013-07-15	0.002180	0.084338	0.100794	0.083803	0.122078	60479300.000000
2013-07-12	-0.001825	0.089082	0.094532	0.078284	-0.102398	69890800.000000
2013-07-11	0.015592	0.093907	0.107615	0.089303	0.861210	81573100.000000
2013-07-10	-0.003836	0.081080	0.094478	0.077602	-0.212670	70351400.000000
2013-07-09	0.017588	0.084364	0.110319	0.075922	0.958359	88146100.000000
2013-07-08	-0.005678	0.095178	0.097498	0.070517	-0.311134	74534600.000000
2013-07-05	-0.008032	0.087105	0.094605	0.074072	-0.443737	68506200.000000
2013-07-03	0.005520	0.094328	0.099840	0.085461	0.303260	60232200.000000
2013-07-02	0.022653	0.090133	0.121165	0.088830	1.216992	117466300.000000
2013-07-01	0.032003	0.105070	0.131359	0.101036	1.665970	97763400.000000
2013-06-28	0.006984	0.081478	0.106100	0.074598	0.361042	144629100.000000
2013-06-27	-0.010777	0.091391	0.097241	0.075782	-0.563214	84311500.000000
2013-06-26	-0.011325	0.091598	0.094003	0.069328	-0.598640	91931000.000000
2013-06-25	0.000223	0.096708	0.102358	0.078136	0.011806	78540700.000000
2013-06-24	-0.026505	0.072113	0.075429	0.047507	-1.438858	120186500.000000
2013-06-21	-0.008013	0.092473	0.096415	0.065350	-0.438484	120279600.000000
2013-06-20	-0.014563	0.078647	0.095832	0.068023	-0.808696	89327700.000000
2013-06-19	-0.020312	0.087233	0.087888	0.066063	-1.151352	77735000.000000
2013-06-18	-0.000533	0.087057	0.095470	0.083657	-0.030201	48756400.000000
2013-06-17	0.004534	0.091683	0.102462	0.088950	0.256008	64853600.000000
2013-06-14	-0.013556	0.086768	0.088989	0.069545	-0.775875	67966500.000000
2013-06-13	0.008723	0.088946	0.100629	0.079504	0.494930	71458100.000000
2013-06-12	-0.012363	0.092890	0.097242	0.072997	-0.710236	66306800.000000
2013-06-11	-0.002939	0.080355	0.097761	0.074355	-0.169361	71528100.000000
2013-06-10	-0.006609	0.095357	0.106071	0.075826	-0.383346	112538300.000000
2013-06-07	0.007641	0.083301	0.100028	0.074044	0.439804	101133900.000000
2013-06-06	-0.014940	0.089046	0.092786	0.061127	-0.873020	104233500.000000
2013-06-05	-0.009348	0.079302	0.091580	0.074603	-0.551396	72647400.000000
2013-06-04	-0.003128	0.094201	0.097122	0.080126	-0.185116	73182200.000000
2013-06-03	0.002201	0.090585	0.094529	0.070623	0.129967	93088100.000000
2013-05-31	-0.004097	0.090382	0.101467	0.083153	-0.242866	96075700.000000
2013-05-30	0.014901	0.089877	0.111521	0.087089	0.870403	88379900.000000
2013-05-29	0.007951	0.084616	0.103104	0.083137	0.460804	82644100.000000
2013-05-28	-0.008334	0.099777	0.102735	0.077654	-0.487053	96536300.000000
2013-05-24	0.006808	0.084991	0.096829	0.083785	0.395157	69041700.000000
2013-05-23	0.001790	0.074852	0.100025	0.074457	0.103710	88255300.000000
2013-05-22	0.003844	0.099031	0.109673	0.084601	0.221867	110759600.000000
2013-05-21	-0.007383	0.076422	0.094430	0.066718	-0.429299	114005500.000000
2013-05-20	0.022319	0.084775	0.119661	0.080229	1.269509	112894600.000000
2013-05-17	-0.003038	0.099358	0.101962	0.079226	-0.173302	106976100.000000
2013-05-16	0.013361	0.073931	0.111002	0.062918	0.752258	150801000.000000
2013-05-15	-0.033817	0.076643	0.081154	0.035456	-1.970562	185403400.000000
2013-05-14	-0.023926	0.086036	0.089266	0.058038	-1.428348	111779500.000000
2013-05-13	0.003908	0.084658	0.100009	0.084634	0.232372	79237200.000000
2013-05-10	-0.008319	0.091024	0.095170	0.073181	-0.498871	83713000.000000
2013-05-09	-0.008724	0.085851	0.093384	0.075862	-0.527759	99621900.000000
2013-05-08	0.011294	0.096275	0.111393	0.088562	0.675563	118149500.000000
2013-05-07	-0.004449	0.105497	0.107351	0.078701	-0.267349	120938300.000000
2013-05-06	0.023846	0.109316	0.125115	0.105908	1.399399	124160400.000000
2013-05-03	0.010011	0.109604	0.114324	0.104293	0.581669	90325200.000000
2013-05-02	0.014182	0.101577	0.118558	0.098710	0.812519	105457100.000000
2013-05-01	-0.007882	0.099524	0.100687	0.074613	-0.455170	126727300.000000
2013-04-30	0.029434	0.108051	0.133899	0.100334	1.651112	172884600.000000
2013-04-29	0.030968	0.103901	0.138479	0.102720	1.685013	160081600.000000
2013-04-26	0.021598	0.099204	0.123237	0.095019	1.150302	191024400.000000
2013-04-25	0.007202	0.110956	0.118277	0.099529	0.380825	96209400.000000
2013-04-24	-0.001650	0.061412	0.119966	0.058607	-0.087383	242412800.000000
2013-04-23	0.018712	0.109985	0.122047	0.095753	0.972920	166059600.000000
2013-04-22	0.020844	0.101286	0.128100	0.097444	1.061618	107480100.000000
2013-04-19	-0.003877	0.083969	0.116462	0.075950	-0.198230	152318600.000000
2013-04-18	-0.026688	0.101323	0.103499	0.059853	-1.402024	166574800.000000
2013-04-17	-0.054992	0.080026	0.080874	0.023078	-3.057018	236264000.000000
2013-04-16	0.015220	0.099855	0.113005	0.097247	0.833378	76442800.000000
2013-04-15	-0.023150	0.088232	0.090500	0.069245	-1.297676	79380000.000000
2013-04-12	-0.010430	0.094914	0.094914	0.082153	-0.590790	59653300.000000
2013-04-11	-0.003121	0.090415	0.101151	0.084080	-0.177368	82091100.000000
2013-04-10	0.020399	0.098241	0.121227	0.092880	1.135948	93982000.000000
2013-04-09	0.001807	0.095754	0.101253	0.086476	0.100418	76653500.000000
2013-04-08	0.007112	0.099639	0.106498	0.093530	0.392563	75207300.000000
2013-04-05	-0.010568	0.087122	0.088274	0.074778	-0.589489	95923800.000000
2013-04-04	-0.009885	0.099856	0.103000	0.078278	-0.556892	89611900.000000
2013-04-03	0.005119	0.099395	0.114457	0.096694	0.286926	90804000.000000
2013-04-02	0.002052	0.092022	0.118940	0.088958	0.114761	132379800.000000
2013-04-01	-0.031062	0.093487	0.097942	0.058448	-1.793266	97433000.000000
2013-03-28	-0.020837	0.089892	0.094738	0.070024	-1.228554	110709900.000000
2013-03-27	-0.019647	0.084251	0.085059	0.070640	-1.181606	82809300.000000
2013-03-26	-0.005263	0.099763	0.100708	0.088161	-0.318214	73573500.000000
2013-03-25	0.003615	0.101960	0.114434	0.095060	0.217792	125283900.000000
2013-03-22	0.020277	0.099844	0.118038	0.096288	1.197262	98776300.000000
2013-03-21	0.001438	0.090861	0.109663	0.090571	0.084766	95813900.000000
2013-03-20	-0.005303	0.102430	0.102936	0.083558	-0.314308	77165200.000000
2013-03-19	-0.002699	0.104454	0.107987	0.078014	-0.160419	131693800.000000
2013-03-18	0.027183	0.089912	0.129439	0.089294	1.572857	151549300.000000
2013-03-15	0.025804	0.109120	0.125076	0.107398	1.455486	160990200.000000
2013-03-14	0.009688	0.106824	0.111453	0.100738	0.541244	75968900.000000
2013-03-13	-0.000187	0.095419	0.110887	0.087519	-0.010433	101387300.000000
2013-03-12	-0.021559	0.089690	0.097895	0.069602	-1.231159	116477900.000000
2013-03-11	0.014245	0.090370	0.113864	0.078673	0.802074	118559000.000000
2013-03-08	0.002648	0.093384	0.107706	0.090357	0.148678	97870500.000000
2013-03-07	0.011559	0.092383	0.111709	0.083531	0.641670	117118400.000000
2013-03-06	-0.012711	0.103930	0.105810	0.078320	-0.714702	115062500.000000
2013-03-05	0.026402	0.099097	0.134849	0.097194	1.446350	159608400.000000
2013-03-04	-0.024206	0.088574	0.089592	0.066182	-1.358978	145688900.000000
2013-03-01	-0.024762	0.086931	0.087377	0.067028	-1.425480	138112100.000000
2013-02-28	-0.007130	0.094087	0.103499	0.087558	-0.413430	80628800.000000
2013-02-27	-0.009800	0.094051	0.103834	0.075069	-0.573848	146837600.000000
2013-02-26	0.013934	0.097891	0.116988	0.082653	0.804687	125374900.000000
2013-02-25	-0.017768	0.102755	0.105841	0.075347	-1.044643	93144800.000000
2013-02-22	0.010649	0.103202	0.108972	0.096694	0.619488	82663700.000000
2013-02-21	-0.006216	0.088413	0.096149	0.080652	-0.363877	111795600.000000
2013-02-20	-0.024218	0.089891	0.089891	0.068721	-1.452881	119075600.000000
2013-02-19	-0.000369	0.097606	0.101486	0.080348	-0.022163	108945900.000000
2013-02-15	-0.013781	0.100674	0.103749	0.079710	-0.838593	97936300.000000
2013-02-14	-0.000899	0.089528	0.106228	0.088355	-0.054775	88818800.000000
2013-02-13	-0.001902	0.093753	0.108806	0.084412	-0.116077	118801900.000000
2013-02-12	-0.025066	0.094409	0.100960	0.067546	-1.568951	152263300.000000
2013-02-11	0.010421	0.098873	0.118337	0.091378	0.645573	129372600.000000
2013-02-08	0.014438	0.108890	0.120143	0.095438	0.881641	158289600.000000
2013-02-07	0.029734	0.115965	0.132226	0.093971	1.763272	176145200.000000
2013-02-06	-0.001070	0.098455	0.122591	0.089094	-0.063534	148426600.000000
2013-02-05	0.035088	0.106061	0.145142	0.101503	2.012386	143336900.000000
2013-02-04	-0.024911	0.102456	0.107386	0.073529	-1.465214	119279300.000000
2013-02-01	-0.004105	0.110508	0.111403	0.084482	-0.242458	134871100.000000
2013-01-31	-0.002933	0.102114	0.107661	0.097291	-0.173733	79833600.000000
2013-01-30	-0.003142	0.098699	0.112162	0.092688	-0.186729	104288800.000000
2013-01-29	0.018763	0.122987	0.127151	0.107361	1.094360	142789500.000000
2013-01-28	0.022620	0.096617	0.135139	0.091683	1.290157	196379400.000000
2013-01-25	-0.023574	0.104662	0.115765	0.063845	-1.377040	302006600.000000
2013-01-24	-0.123558	-0.014016	-0.001734	-0.034914	-8.234940	365213100.000000
2013-01-23	0.018306	0.110570	0.124059	0.101752	1.198105	215377400.000000
2013-01-22	0.009540	0.111800	0.119115	0.094326	0.618484	115386600.000000
2013-01-18	-0.005331	0.092634	0.100744	0.087988	-0.347488	118230700.000000
2013-01-17	-0.006738	0.110939	0.111896	0.092913	-0.442169	113419600.000000
2013-01-16	0.041509	0.121523	0.155080	0.116671	2.615314	172701200.000000
2013-01-15	-0.031549	0.094176	0.095691	0.061415	-2.052570	219193100.000000
2013-01-14	-0.035652	0.064441	0.074647	0.055611	-2.405258	183551900.000000
2013-01-11	-0.006132	0.096469	0.105561	0.092302	-0.416222	87626700.000000
2013-01-10	0.012396	0.126148	0.126510	0.098386	0.831162	150286500.000000
2013-01-09	-0.015629	0.095858	0.101123	0.082205	-1.064545	101901100.000000
2013-01-08	0.002691	0.112919	0.118555	0.096179	0.182831	114676800.000000
2013-01-07	-0.005882	0.091299	0.106560	0.077083	-0.401963	121039100.000000
2013-01-04	-0.027855	0.091326	0.094700	0.068685	-1.957923	148583400.000000
2013-01-03	-0.012622	0.099444	0.103036	0.085638	-0.898568	88241300.000000
2013-01-02	0.031682	0.146574	0.149017	0.121337	2.186135	140129500.000000
2012-12-31	0.044310	0.103784	0.157554	0.100476	2.927803	164873100.000000
2012-12-28	-0.010620	0.091548	0.100511	0.086907	-0.709275	88569600.000000
2012-12-27	0.004016	0.102911	0.108732	0.083840	0.267106	113780100.000000
2012-12-26	-0.013784	0.099274	0.100248	0.082584	-0.929673	75609100.000000
2012-12-24	0.001617	0.103916	0.112189	0.100436	0.108902	43938300.000000
2012-12-21	-0.004600	0.082197	0.097401	0.077488	-0.311203	149067100.000000
2012-12-20	-0.008702	0.109476	0.109895	0.086198	-0.593849	120422400.000000
2012-12-19	-0.014216	0.096737	0.101339	0.084418	-0.984146	112342300.000000
2012-12-18	0.029046	0.114854	0.135877	0.104767	1.954048	156421300.000000
2012-12-17	0.017732	0.099893	0.123817	0.083252	1.172135	189401800.000000
2012-12-14	-0.037569	0.070677	0.077707	0.051603	-2.580292	252394800.000000
2012-12-13	-0.017273	0.085706	0.098972	0.074770	-1.207184	156314900.000000
2012-12-12	-0.004415	0.114735	0.115203	0.091332	-0.309898	121786000.000000
2012-12-11	0.021838	0.122443	0.142801	0.117452	1.500228	148086400.000000
2012-12-10	-0.006432	0.084707	0.112620	0.077640	-0.444747	157621100.000000
2012-12-07	-0.025565	0.114154	0.117778	0.067043	-1.813996	196760200.000000
2012-12-06	0.015683	0.081610	0.131443	0.060527	1.095665	294303100.000000
2012-12-05	-0.064357	0.088474	0.089124	0.030808	-4.805343	261159500.000000
2012-12-04	-0.017639	0.093501	0.093501	0.075326	-1.340722	139267100.000000
2012-12-03	0.001555	0.117508	0.119277	0.102166	0.117989	91070000.000000
2012-11-30	-0.006923	0.096947	0.099957	0.089264	-0.529022	97829900.000000
2012-11-29	0.011013	0.115511	0.123128	0.106118	0.832435	128674700.000000
2012-11-28	-0.003147	0.087602	0.103673	0.078163	-0.238586	130216100.000000
2012-11-27	-0.008057	0.101789	0.103415	0.084128	-0.615891	133332500.000000
2012-11-26	0.031549	0.110234	0.137417	0.106012	2.337838	157644900.000000
2012-11-23	0.017447	0.112481	0.121955	0.103517	1.270691	68206600.000000
2012-11-21	0.001409	0.108312	0.114441	0.093286	0.102455	93250500.000000
2012-11-20	-0.008520	0.113788	0.113865	0.080038	-0.624977	160688500.000000
2012-11-19	0.072108	0.128958	0.184893	0.127225	4.933700	205829400.000000
2012-11-16	0.003919	0.100872	0.110933	0.060103	0.267113	316723400.000000
2012-11-15	-0.020973	0.103086	0.107128	0.072488	-1.460037	197477700.000000
2012-11-14	-0.011089	0.107028	0.110985	0.088114	-0.780579	119292600.000000
2012-11-13	0.000129	0.093795	0.117278	0.088620	0.009071	133237300.000000
2012-11-12	-0.007732	0.116031	0.116736	0.084814	-0.548461	128950500.000000
2012-11-09	0.017313	0.107222	0.136848	0.093495	1.207183	232478400.000000
2012-11-08	-0.036291	0.106945	0.110104	0.056912	-2.625709	264036500.000000
2012-11-07	-0.038263	0.089675	0.091004	0.055323	-2.878525	198412200.000000
2012-11-06	-0.003028	0.117405	0.118370	0.098208	-0.228455	93729300.000000
2012-11-05	0.013558	0.119679	0.127834	0.108319	1.009362	132283900.000000
2012-11-02	-0.033091	0.105578	0.107545	0.066356	-2.547936	149843400.000000
2012-11-01	0.002049	0.112175	0.121062	0.104646	0.157463	90324500.000000
2012-10-31	-0.014371	0.090072	0.103046	0.076916	-1.120346	127500800.000000
2012-10-26	-0.009089	0.106584	0.114883	0.073120	-0.715065	254608200.000000
2012-10-25	-0.011819	0.112472	0.116060	0.086544	-0.940971	164081400.000000
2012-10-24	0.005658	0.121364	0.130585	0.101876	0.447914	139631800.000000
2012-10-23	-0.032601	0.101495	0.106557	0.067804	-2.667969	176786400.000000
2012-10-22	0.039666	0.111466	0.153136	0.108454	3.122284	136682700.000000
2012-10-19	-0.036040	0.104002	0.105262	0.066511	-2.942901	186021500.000000
2012-10-18	-0.018569	0.098165	0.102406	0.081699	-1.544991	119156100.000000
2012-10-17	-0.007972	0.105217	0.111894	0.096922	-0.668610	97259400.000000
2012-10-16	0.023678	0.107847	0.133880	0.100228	1.939972	137442900.000000
2012-10-15	0.008020	0.111424	0.116310	0.096484	0.651841	108125500.000000
2012-10-12	0.002563	0.109357	0.119612	0.101850	0.207817	115003700.000000
2012-10-11	-0.019987	0.116437	0.117646	0.084662	-1.653450	136520300.000000
2012-10-10	0.007958	0.113555	0.122676	0.108786	0.653129	127589000.000000
2012-10-09	-0.003636	0.107616	0.110808	0.081428	-0.299476	209649300.000000
2012-10-08	-0.022096	0.097100	0.098253	0.078834	-1.861237	159498500.000000
2012-10-05	-0.021311	0.104128	0.105456	0.081023	-1.834152	148501500.000000
2012-10-04	-0.006925	0.106454	0.111399	0.097059	-0.600205	92681400.000000
2012-10-03	0.015333	0.112725	0.124441	0.108993	1.308815	106070300.000000
2012-10-02	0.002912	0.110846	0.118466	0.092114	0.247841	156998100.000000
2012-10-01	-0.011558	0.113520	0.122794	0.089197	-0.995186	135898700.000000
2012-09-28	-0.020871	0.102609	0.106443	0.083116	-1.835403	133777700.000000
2012-09-27	0.024264	0.105303	0.135053	0.098747	2.083244	148522500.000000
2012-09-26	-0.012412	0.098897	0.105387	0.086507	-1.079048	144125800.000000
2012-09-25	-0.024971	0.102731	0.109973	0.078281	-2.226524	129697400.000000
2012-09-24	-0.013284	0.085869	0.098927	0.079766	-1.200379	159941600.000000
2012-09-21	0.001989	0.112661	0.116874	0.107829	0.179367	142897300.000000
2012-09-20	-0.004843	0.102149	0.103568	0.093416	-0.438842	84142100.000000
2012-09-19	0.000271	0.104182	0.110064	0.103094	0.024528	81718700.000000
2012-09-18	0.003044	0.106942	0.110817	0.101470	0.274925	93375800.000000
2012-09-17	0.012296	0.119705	0.120425	0.112116	1.097138	99507800.000000
2012-09-14	0.012152	0.118095	0.129471	0.114741	1.071304	150118500.000000
2012-09-13	0.019693	0.119309	0.132744	0.115013	1.702499	149590000.000000
2012-09-12	0.013927	0.117272	0.122382	0.099094	1.187470	178058300.000000
2012-09-11	-0.003244	0.110742	0.119075	0.096363	-0.277496	125995800.000000
2012-09-10	-0.026013	0.106800	0.111420	0.076953	-2.284607	121999500.000000
2012-09-07	0.006166	0.109697	0.116947	0.105966	0.538215	82416600.000000
2012-09-06	0.009012	0.111639	0.120094	0.107725	0.779618	97799100.000000
2012-09-05	-0.007022	0.107768	0.109047	0.097979	-0.611802	84093800.000000
