2017-09-01	-0.001222	0.002852	0.004346	-0.004889	-0.089996	1745400.000000
2017-08-31	-0.001627	0.001627	0.002712	-0.001763	-0.120003	2787400.000000
2017-08-30	-0.002570	0.000270	0.001217	-0.003111	-0.190002	1356800.000000
2017-08-29	-0.002159	0.000810	0.002564	-0.003779	-0.159996	1748900.000000
2017-08-28	0.007204	0.002447	0.007340	0.000272	0.529998	1768100.000000
2017-08-25	0.002453	0.004360	0.005178	0.000273	0.180001	2067800.000000
2017-08-24	0.001091	-0.000409	0.004774	-0.003001	0.080001	2123000.000000
2017-08-23	0.006867	-0.000687	0.008103	-0.000824	0.500000	2379900.000000
2017-08-22	0.001927	-0.000413	0.002752	-0.003440	0.140000	1959100.000000
2017-08-21	0.007068	0.000970	0.008592	-0.000416	0.509994	1808200.000000
2017-08-18	0.002222	-0.000972	0.008750	-0.004028	0.160004	2871400.000000
2017-08-17	-0.000278	-0.000417	0.003332	-0.003332	-0.019997	3318500.000000
2017-08-16	0.006991	0.000000	0.007271	-0.001957	0.500000	1692400.000000
2017-08-15	0.006615	-0.003941	0.006897	-0.004785	0.469994	1289300.000000
2017-08-14	0.006945	0.000425	0.008362	-0.001417	0.490005	1862400.000000
2017-08-11	-0.011211	-0.000280	-0.000280	-0.013873	-0.800003	2007600.000000
2017-08-10	0.005637	-0.001550	0.006483	-0.005778	0.400002	2053500.000000
2017-08-09	-0.005466	0.003644	0.003644	-0.006868	-0.389999	2492200.000000
2017-08-08	0.007768	0.000000	0.008333	-0.003390	0.550003	2398000.000000
2017-08-07	0.007195	0.008333	0.015589	0.004919	0.505783	2007000.000000
2017-08-04	-0.004494	0.005218	0.006209	-0.004129	-0.317353	1879500.000000
2017-08-03	0.003806	0.005774	0.012172	0.003784	0.267762	1794100.000000
2017-08-02	0.004390	0.004764	0.014187	0.000623	0.307441	1405000.000000
2017-08-01	0.001134	0.009048	0.012479	0.005903	0.079338	1629000.000000
2017-07-31	0.001562	0.008620	0.012199	0.002607	0.109093	2268900.000000
2017-07-28	-0.003396	0.007620	0.010331	-0.000798	-0.238014	2570900.000000
2017-07-27	0.017567	0.007172	0.027934	0.007027	1.209915	4203300.000000
2017-07-26	0.008861	0.006136	0.018147	0.004671	0.604958	1962900.000000
2017-07-25	-0.005059	0.008771	0.010082	0.001338	-0.347107	1614100.000000
2017-07-24	-0.011289	0.008621	0.008621	-0.007228	-0.783478	4129500.000000
2017-07-21	0.018632	0.008920	0.027267	0.008040	1.269432	2922300.000000
2017-07-20	0.000728	0.010096	0.010977	0.004808	0.049583	3771000.000000
2017-07-19	0.004242	0.009661	0.014381	0.009366	0.287598	2981300.000000
2017-07-18	-0.002772	0.009510	0.012305	0.005244	-0.188431	2721400.000000
2017-07-17	0.005574	0.009369	0.015729	0.007594	0.376869	2885100.000000
2017-07-14	-0.001611	0.015126	0.017342	0.005823	-0.109092	4900500.000000
2017-07-13	-0.010291	0.007018	0.009941	-0.002044	-0.704132	3489100.000000
2017-07-12	0.002179	0.016536	0.018440	0.010238	0.148758	2287800.000000
2017-07-11	-0.000726	0.009943	0.010675	0.005113	-0.049584	1813100.000000
2017-07-10	-0.003760	0.011979	0.013000	0.004542	-0.257858	1567600.000000
2017-07-07	0.001884	0.008187	0.014031	0.005558	0.128929	1747500.000000
2017-07-06	0.002906	0.006429	0.013168	0.003205	0.198349	2147800.000000
2017-07-05	-0.002609	0.009064	0.009795	0.002780	-0.178513	2735700.000000
2017-07-03	-0.006766	0.011527	0.011527	0.000495	-0.466117	1592000.000000
2017-06-30	-0.001868	0.010796	0.015722	0.006450	-0.128922	2117700.000000
2017-06-29	-0.007840	0.003590	0.003590	-0.005466	-0.545463	3112100.000000
2017-06-28	-0.008060	0.011042	0.013466	-0.000221	-0.565285	2553900.000000
2017-06-27	-0.016001	0.003142	0.004686	-0.009064	-1.140495	3003600.000000
2017-06-26	0.004472	0.004669	0.017494	0.003260	0.317352	2026000.000000
2017-06-23	-0.003343	0.007772	0.012547	0.003277	-0.238014	2431800.000000
2017-06-22	-0.008425	0.005548	0.009030	-0.000580	-0.604958	2172100.000000
2017-06-21	-0.002205	0.008889	0.014031	0.003331	-0.158676	6134900.000000
2017-06-20	0.006939	0.008893	0.015470	0.007774	0.495865	2486600.000000
2017-06-19	-0.004971	0.008333	0.009030	-0.001135	-0.357025	2076300.000000
2017-06-16	0.003881	0.010849	0.014623	0.005957	0.277687	3326400.000000
2017-06-15	0.002501	0.007913	0.011136	0.002028	0.178512	2311500.000000
2017-06-14	0.004327	0.016496	0.018888	0.008896	0.307434	1792200.000000
2017-06-13	0.003361	0.007204	0.012146	0.003250	0.238015	1800200.000000
2017-06-12	-0.006262	0.008333	0.013525	0.002019	-0.446274	3169400.000000
2017-06-09	-0.001251	0.004970	0.009595	0.000205	-0.089257	2271600.000000
2017-06-08	-0.009226	0.008333	0.008750	-0.007079	-0.664466	2679900.000000
2017-06-07	0.006793	0.010151	0.016441	0.007495	0.485954	2565300.000000
2017-06-06	-0.003729	0.011397	0.012094	0.003598	-0.267769	2485900.000000
2017-06-05	-0.003715	0.007917	0.008611	0.003477	-0.267769	2723200.000000
2017-06-02	0.006370	0.012523	0.015455	0.009311	0.456200	2583700.000000
2017-06-01	0.005991	0.006507	0.014514	0.002995	0.426445	2715100.000000
2017-05-31	0.008005	0.009041	0.018245	0.008758	0.565292	2857100.000000
2017-05-30	0.004797	0.006910	0.013882	0.005914	0.337181	2027900.000000
2017-05-26	0.000989	0.008333	0.011324	0.007052	0.069428	3455400.000000
2017-05-25	0.008547	0.007903	0.018819	0.006610	0.595047	2214200.000000
2017-05-24	0.008766	0.010507	0.017752	0.009348	0.604957	1997700.000000
2017-05-23	0.002449	0.008479	0.017775	0.007607	0.168595	2251900.000000
2017-05-22	0.010186	0.007746	0.020952	0.006572	0.694206	2881500.000000
2017-05-19	0.006002	0.008186	0.014681	0.001986	0.406616	2377600.000000
2017-05-18	0.002348	0.011292	0.019282	0.003303	0.158676	2139900.000000
2017-05-17	0.004274	0.008333	0.017843	0.008333	0.287606	2243900.000000
2017-05-16	-0.010210	0.006421	0.009363	-0.002109	-0.694214	1556700.000000
2017-05-15	0.007346	0.008630	0.018111	0.005518	0.495865	2427700.000000
2017-05-12	0.007550	0.008930	0.019529	0.008333	0.505783	2241700.000000
2017-05-11	0.002077	0.005641	0.010577	0.001153	0.138839	1491200.000000
2017-05-10	0.001486	0.008933	0.012977	0.005637	0.099182	2236300.000000
2017-05-09	-0.006201	0.006845	0.008929	0.001038	-0.416534	2340700.000000
2017-05-08	-0.001327	0.010861	0.013686	0.003873	-0.089256	2650900.000000
2017-05-05	0.005734	0.020096	0.026675	0.015162	0.383453	2674800.000000
2017-05-04	0.001767	0.014259	0.020401	0.013660	0.117973	2285000.000000
2017-05-03	-0.001617	0.016956	0.020695	0.013516	-0.108146	1879000.000000
2017-05-02	0.008003	0.020120	0.027507	0.018311	0.530914	3172000.000000
2017-05-01	-0.005307	0.020104	0.020104	0.009758	-0.353943	1694400.000000
2017-04-28	-0.003965	0.017105	0.019196	0.011729	-0.265457	2671300.000000
2017-04-27	0.006057	0.013349	0.028675	0.009893	0.403099	2225400.000000
2017-04-26	-0.002505	0.016056	0.021002	0.013508	-0.167137	2821600.000000
2017-04-25	-0.001618	0.013664	0.018003	0.010820	-0.108154	1824500.000000
2017-04-24	0.001621	0.016506	0.020553	0.009611	0.108154	2714500.000000
2017-04-21	0.006228	0.014692	0.026003	0.014692	0.412933	2721100.000000
2017-04-20	-0.004429	0.017105	0.017105	0.005544	-0.294952	2518300.000000
2017-04-19	-0.003530	0.017255	0.019350	0.010073	-0.235962	2802200.000000
2017-04-18	0.003543	0.017556	0.022811	0.015754	0.235962	2427400.000000
2017-04-17	0.002961	0.019063	0.022225	0.017406	0.196632	1452600.000000
2017-04-13	-0.003688	0.017256	0.018756	0.009604	-0.245788	1899000.000000
2017-04-12	0.005936	0.013483	0.024048	0.011521	0.393272	2286700.000000
2017-04-11	-0.001630	0.015448	0.017708	0.009421	-0.108154	2046600.000000
2017-04-10	0.002674	0.019372	0.021789	0.012724	0.176979	1556700.000000
2017-04-07	-0.004437	0.019813	0.022671	0.012292	-0.294960	2934600.000000
2017-04-06	-0.003096	0.013956	0.016206	0.010058	-0.206467	2073500.000000
2017-04-05	0.008025	0.016954	0.026326	0.014234	0.530922	2162700.000000
2017-04-04	0.002085	0.017257	0.022710	0.014227	0.137634	1767600.000000
2017-04-03	0.000298	0.015439	0.017863	0.007560	0.019677	1939900.000000
2017-03-31	-0.000447	0.015894	0.022406	0.015742	-0.029503	2259700.000000
2017-03-30	-0.003413	0.013634	0.017105	0.008955	-0.226128	2080900.000000
2017-03-29	-0.006633	0.013357	0.015306	0.008709	-0.442436	2272400.000000
2017-03-28	0.002216	0.013950	0.020261	0.013048	0.147476	2645000.000000
2017-03-27	-0.001475	0.019356	0.024007	0.010354	-0.098312	2565000.000000
2017-03-24	0.005041	0.016201	0.025701	0.014391	0.334282	1969500.000000
2017-03-23	0.000148	0.015748	0.026003	0.013938	0.009826	2554400.000000
2017-03-22	0.006868	0.022572	0.029557	0.019231	0.452263	2609300.000000
2017-03-21	0.012854	0.016644	0.033870	0.016490	0.835709	3159300.000000
2017-03-20	-0.005115	0.019401	0.023073	0.009761	-0.334282	1861500.000000
2017-03-17	0.006969	0.019417	0.030202	0.018184	0.452263	3823600.000000
2017-03-16	-0.010048	0.013902	0.014360	0.004598	-0.658730	1615300.000000
2017-03-15	0.013528	0.018188	0.035812	0.017569	0.875031	1776000.000000
2017-03-14	-0.000304	0.016642	0.018960	0.012623	-0.019661	1641900.000000
2017-03-13	0.006269	0.017261	0.024104	0.016017	0.403099	1922000.000000
2017-03-10	0.008637	0.024321	0.028870	0.018674	0.550587	2358600.000000
2017-03-09	-0.004758	0.016637	0.024911	0.011797	-0.304791	2532300.000000
2017-03-08	-0.016455	0.009889	0.011885	-0.001628	-1.071663	3126100.000000
2017-03-07	-0.001658	0.015572	0.019711	0.013733	-0.108154	2770000.000000
2017-03-06	-0.002556	0.014812	0.018329	0.010072	-0.167137	1832300.000000
2017-03-03	0.000301	0.018176	0.018941	0.008846	0.019661	2127400.000000
2017-03-02	0.005747	0.013721	0.030027	0.013106	0.373604	2442900.000000
2017-03-01	-0.012692	0.005411	0.013612	0.000703	-0.835701	3147100.000000
2017-02-28	0.004048	0.017105	0.023968	0.013751	0.265464	3912000.000000
2017-02-27	-0.006702	0.015742	0.016651	0.007411	-0.442444	3101200.000000
2017-02-24	0.017270	0.019879	0.035749	0.019263	1.120835	4094100.000000
2017-02-23	0.010718	0.020843	0.029253	0.017105	0.688225	2286600.000000
2017-02-22	0.008493	0.015692	0.027314	0.013336	0.540752	2455900.000000
2017-02-21	0.010139	0.015043	0.029163	0.011394	0.639069	2067300.000000
2017-02-17	0.006436	0.018702	0.023971	0.014391	0.403106	1955900.000000
2017-02-16	0.006478	0.018712	0.024016	0.017427	0.403103	1890300.000000
2017-02-15	0.000316	0.011640	0.018070	0.007781	0.019665	2068300.000000
2017-02-14	-0.008152	0.014714	0.016308	0.003871	-0.511257	2218600.000000
2017-02-13	-0.002502	0.017423	0.019491	0.009312	-0.157307	2188300.000000
2017-02-10	0.008357	0.015983	0.027690	0.015341	0.521088	2429800.000000
2017-02-09	-0.005956	0.017105	0.020613	0.010091	-0.373608	2517000.000000
2017-02-08	0.007262	0.016784	0.028025	0.016784	0.452263	1817000.000000
2017-02-07	0.001724	0.026580	0.029636	0.022397	0.107151	1552800.000000
2017-02-06	-0.003280	0.030107	0.032672	0.021609	-0.204563	1741400.000000
2017-02-03	0.003920	0.026579	0.035593	0.024326	0.243526	2288300.000000
2017-02-02	0.010937	0.026905	0.038295	0.024627	0.672131	1802600.000000
2017-02-01	-0.015142	0.018887	0.022573	0.009913	-0.944882	2779500.000000
2017-01-31	0.013447	0.025605	0.041196	0.022357	0.827992	2712300.000000
2017-01-30	0.003811	0.028862	0.033590	0.023482	0.233784	2265000.000000
2017-01-27	0.005268	0.028874	0.033135	0.023957	0.321460	2537400.000000
2017-01-26	0.001759	0.026087	0.031341	0.020177	0.107151	2525600.000000
2017-01-25	-0.003982	0.024290	0.027397	0.020529	-0.243530	2316900.000000
2017-01-24	0.001116	0.025434	0.029690	0.023305	0.068188	2061100.000000
2017-01-23	-0.003179	0.026579	0.030333	0.022174	-0.194821	1317800.000000
2017-01-20	0.003349	0.029854	0.033947	0.023141	0.204564	2015000.000000
2017-01-19	-0.011976	0.022212	0.025771	0.011697	-0.740322	2628100.000000
2017-01-18	-0.005485	0.022075	0.028349	0.019822	-0.340943	1883900.000000
2017-01-17	0.009173	0.030151	0.039568	0.027716	0.564987	1705800.000000
2017-01-13	-0.000948	0.023498	0.026742	0.017821	-0.058448	2506500.000000
2017-01-12	0.001741	0.023005	0.030154	0.020405	0.107154	2139900.000000
2017-01-11	0.017064	0.028067	0.044262	0.026579	1.032555	2918400.000000
2017-01-10	-0.003049	0.031028	0.033005	0.018507	-0.185085	2046000.000000
2017-01-09	-0.013145	0.023653	0.029669	0.011296	-0.808506	2381300.000000
2017-01-06	-0.000791	0.021868	0.028529	0.018944	-0.048706	1769900.000000
2017-01-05	0.005410	0.029520	0.036053	0.019066	0.331199	3884800.000000
2017-01-04	0.001434	0.029033	0.037212	0.025107	0.087670	2127200.000000
2017-01-03	-0.003177	0.027395	0.027721	0.016633	-0.194825	1943800.000000
2016-12-30	-0.005057	0.027228	0.028851	0.017495	-0.311714	1677000.000000
2016-12-29	0.014265	0.031351	0.042869	0.028389	0.866959	1508100.000000
2016-12-28	-0.011722	0.025929	0.026417	0.013083	-0.720844	1501800.000000
2016-12-27	-0.000633	0.023329	0.028205	0.020567	-0.038964	1246500.000000
2016-12-23	-0.001107	0.031287	0.031287	0.020248	-0.068191	1121600.000000
2016-12-22	0.007006	0.026580	0.036061	0.024945	0.428615	2143100.000000
2016-12-21	-0.006486	0.023981	0.029665	0.019758	-0.399387	1506000.000000
2016-12-20	0.004290	0.026906	0.033430	0.023154	0.263012	2549000.000000
2016-12-19	0.002070	0.031483	0.032954	0.021186	0.126629	2011500.000000
2016-12-16	0.011270	0.029059	0.038645	0.024761	0.681881	3966200.000000
2016-12-15	0.006645	0.020257	0.033900	0.015432	0.399383	2290700.000000
2016-12-14	-0.016106	0.031654	0.038039	0.007917	-0.983852	3726100.000000
2016-12-13	0.012268	0.027574	0.040333	0.026579	0.740322	2909000.000000
2016-12-12	0.015740	0.026411	0.045095	0.024728	0.935143	2603000.000000
2016-12-09	0.013460	0.028626	0.040397	0.027774	0.789031	2329400.000000
2016-12-08	-0.001162	0.019083	0.028454	0.011245	-0.068183	2876800.000000
2016-12-07	0.013116	0.031068	0.041598	0.026407	0.759800	2444700.000000
2016-12-06	0.004561	0.029874	0.034209	0.023285	0.263008	3343400.000000
2016-12-05	0.008518	0.021858	0.035674	0.012589	0.487056	3400600.000000
2016-12-02	0.009285	0.034875	0.044407	0.029580	0.526017	2129800.000000
2016-12-01	-0.015072	0.022581	0.023798	0.006413	-0.866951	3539300.000000
2016-11-30	-0.036233	0.013678	0.013678	-0.010617	-2.162529	3515300.000000
2016-11-29	0.006076	0.023040	0.035851	0.021354	0.360424	2769700.000000
2016-11-28	0.019759	0.031393	0.050989	0.030533	1.149444	2705300.000000
2016-11-25	0.015301	0.030943	0.046301	0.030594	0.876702	984800.000000
2016-11-23	-0.005915	0.017384	0.027967	0.016690	-0.340939	2438500.000000
2016-11-22	-0.002529	0.026580	0.027791	0.018965	-0.146114	4091400.000000
2016-11-21	0.015058	0.029741	0.043092	0.029566	0.857216	2462300.000000
2016-11-18	-0.007136	0.026231	0.033033	0.016987	-0.409127	2775700.000000
2016-11-17	-0.002204	0.023273	0.032322	0.023273	-0.126640	2307200.000000
2016-11-16	-0.007904	0.026579	0.030378	0.010523	-0.457825	2755400.000000
2016-11-15	0.012602	0.030950	0.044412	0.030600	0.720837	3537900.000000
2016-11-14	-0.021170	0.019734	0.021275	-0.004736	-1.237118	7074600.000000
2016-11-11	0.004185	0.026923	0.046169	0.023314	0.243527	3536300.000000
2016-11-10	-0.024653	0.022389	0.022389	-0.018339	-1.470898	5057600.000000
2016-11-09	-0.031314	0.006772	0.006772	-0.009301	-1.928738	3160900.000000
2016-11-08	0.009258	0.030512	0.043457	0.030184	0.564984	2961300.000000
2016-11-07	0.013462	0.040067	0.050861	0.023294	0.810619	3102500.000000
2016-11-04	-0.008264	0.041682	0.049752	0.027025	-0.501808	2966900.000000
2016-11-03	0.004951	0.033930	0.048826	0.029130	0.299152	2401800.000000
2016-11-02	-0.012149	0.025783	0.028236	0.012377	-0.743065	3156200.000000
2016-11-01	-0.022517	0.031613	0.037206	0.008599	-1.408928	4536100.000000
2016-10-31	0.022552	0.039189	0.066317	0.038862	1.379975	4076400.000000
2016-10-28	0.003482	0.036903	0.047070	0.035755	0.212307	2351900.000000
2016-10-27	-0.005352	0.032659	0.035269	0.023688	-0.328106	2305000.000000
2016-10-26	0.001103	0.034451	0.042942	0.027756	0.067551	2250800.000000
2016-10-25	0.006822	0.032795	0.047427	0.031973	0.414962	2535100.000000
2016-10-24	0.008803	0.040891	0.047028	0.036247	0.530758	1677400.000000
2016-10-21	-0.006835	0.030976	0.034435	0.024552	-0.414963	1782700.000000
2016-10-20	-0.004431	0.036739	0.039855	0.029360	-0.270202	1682700.000000
2016-10-19	-0.002840	0.036411	0.037392	0.027908	-0.173702	2351300.000000
2016-10-18	0.006352	0.041184	0.044640	0.027855	0.386005	2833900.000000
2016-10-17	0.010754	0.039574	0.050219	0.038410	0.646564	2767900.000000
2016-10-14	-0.003678	0.031607	0.041385	0.026967	-0.221954	2490100.000000
2016-10-13	0.008548	0.033907	0.053128	0.032905	0.511463	3457000.000000
2016-10-12	0.010760	0.037768	0.050607	0.037768	0.636906	2648400.000000
2016-10-11	-0.013985	0.032416	0.037413	0.020756	-0.839565	2157700.000000
2016-10-10	0.006797	0.039266	0.044968	0.035241	0.405311	1633700.000000
2016-10-07	-0.007390	0.043738	0.051229	0.027924	-0.443908	3345100.000000
2016-10-06	0.001126	0.034414	0.041747	0.028581	0.067546	3195800.000000
2016-10-05	0.000000	0.036414	0.050413	0.032914	0.000000	3825400.000000
2016-10-04	-0.020941	0.035595	0.035595	0.008673	-1.283470	3586500.000000
2016-10-03	-0.010902	0.033504	0.033826	0.017527	-0.675514	2813400.000000
2016-09-30	-0.004496	0.041067	0.045405	0.024198	-0.279858	4152600.000000
2016-09-29	-0.013158	0.037198	0.037198	0.016270	-0.829925	3632100.000000
2016-09-28	-0.002137	0.038620	0.040677	0.024856	-0.135101	2515900.000000
2016-09-27	-0.012959	0.040932	0.045617	0.020788	-0.829907	2229800.000000
2016-09-26	-0.004501	0.036247	0.037491	0.028319	-0.289520	1745800.000000
2016-09-23	0.000901	0.034380	0.040448	0.028312	0.057907	2031100.000000
2016-09-22	0.006194	0.041257	0.045641	0.036404	0.395656	2582500.000000
2016-09-21	0.018151	0.035291	0.056331	0.034653	1.138722	3380800.000000
2016-09-20	-0.006267	0.033238	0.040524	0.029753	-0.395657	2232900.000000
2016-09-19	0.009412	0.039285	0.047120	0.036247	0.588677	2185900.000000
2016-09-16	0.007931	0.033991	0.045594	0.029479	0.492145	3751500.000000
2016-09-15	0.004374	0.034952	0.043531	0.031230	0.270214	2450900.000000
2016-09-14	0.003291	0.051675	0.051675	0.034461	0.202649	2820600.000000
2016-09-13	-0.013908	0.033205	0.039290	0.017831	-0.868515	3845800.000000
2016-09-12	0.015696	0.035759	0.055440	0.035759	0.965023	2815100.000000
2016-09-09	-0.036157	0.026998	0.028409	-0.002632	-2.306404	3341300.000000
2016-09-08	0.000757	0.033737	0.040954	0.031854	0.048252	1834100.000000
2016-09-07	0.000151	0.035149	0.039386	0.030128	0.009655	1992800.000000
2016-09-06	0.012262	0.040536	0.051019	0.038789	0.772014	2431000.000000
2016-09-02	0.012886	0.038821	0.051692	0.037373	0.800961	2209500.000000
2016-09-01	-0.002478	0.033680	0.038334	0.030630	-0.154396	2030800.000000
2016-08-31	0.003887	0.039953	0.040919	0.032220	0.241253	3163300.000000
2016-08-30	-0.013194	0.036724	0.041335	0.021621	-0.829914	3295000.000000
2016-08-29	0.007574	0.039131	0.047140	0.038330	0.472854	2269300.000000
2016-08-26	-0.025313	0.037028	0.044678	0.009080	-1.621235	3314600.000000
2016-08-25	0.000452	0.037341	0.040933	0.034373	0.028954	1594200.000000
2016-08-24	0.000905	0.033746	0.039218	0.028117	0.057903	1584100.000000
2016-08-23	-0.003608	0.038117	0.043569	0.032509	-0.231602	1858100.000000
2016-08-22	0.002260	0.039214	0.044522	0.035467	0.144745	1595000.000000
2016-08-19	-0.015282	0.031789	0.035632	0.016875	-0.993965	2056700.000000
2016-08-18	0.013534	0.034222	0.050583	0.032663	0.868515	3464100.000000
2016-08-17	0.012485	0.037352	0.051078	0.026781	0.791313	3340000.000000
2016-08-16	-0.012628	0.033755	0.035001	0.023162	-0.810608	2380900.000000
2016-08-15	-0.015248	0.038702	0.040082	0.019986	-0.993980	1943800.000000
2016-08-12	-0.002510	0.039614	0.043286	0.033034	-0.164047	1372600.000000
2016-08-11	0.002368	0.036861	0.038855	0.030879	0.154396	2133600.000000
2016-08-10	0.002523	0.037477	0.041937	0.033633	0.164047	1289100.000000
2016-08-09	0.003574	0.036865	0.043191	0.033778	0.231613	1747200.000000
2016-08-08	-0.002081	0.038557	0.044717	0.031935	-0.135109	1876500.000000
2016-08-05	-0.011509	0.042436	0.043653	0.029496	-0.756065	3774800.000000
2016-08-04	0.002776	0.046703	0.053877	0.043955	0.181846	1797600.000000
2016-08-03	-0.008115	0.042297	0.045174	0.031396	-0.535964	1959400.000000
2016-08-02	-0.004328	0.039444	0.044117	0.033866	-0.287110	1893900.000000
2016-08-01	0.000144	0.038388	0.047585	0.038388	0.009575	1669500.000000
2016-07-29	0.005514	0.043658	0.054574	0.043355	0.363678	2490200.000000
2016-07-28	0.000871	0.046540	0.050334	0.040622	0.057426	2641200.000000
2016-07-27	-0.012618	0.041875	0.043223	0.022547	-0.842208	3190500.000000
2016-07-26	-0.000430	0.051910	0.052359	0.038282	-0.028710	2375100.000000
2016-07-25	-0.004139	0.045169	0.046362	0.035773	-0.277557	1966600.000000
2016-07-22	0.009074	0.045473	0.057212	0.040808	0.602951	2452800.000000
2016-07-21	0.001154	0.042310	0.046378	0.035078	0.076561	3186400.000000
2016-07-20	-0.006020	0.045321	0.046369	0.036485	-0.401955	1458500.000000
2016-07-19	-0.002573	0.045618	0.047112	0.035460	-0.172279	1821600.000000
2016-07-18	0.004452	0.046222	0.051923	0.045471	0.296692	1581300.000000
2016-07-15	0.003748	0.045775	0.050293	0.041709	0.248840	2263600.000000
2016-07-14	-0.008999	0.036662	0.043229	0.032036	-0.602959	2473300.000000
2016-07-13	0.006180	0.049977	0.053280	0.045622	0.411530	2007100.000000
2016-07-12	-0.015841	0.038221	0.040733	0.027284	-1.071892	2865500.000000
2016-07-11	-0.000141	0.040734	0.045610	0.029651	-0.009567	2064800.000000
2016-07-08	0.006118	0.041005	0.052751	0.032531	0.411522	2690500.000000
2016-07-07	-0.013891	0.040326	0.040620	0.028011	-0.947472	2989800.000000
2016-07-06	0.006496	0.044871	0.052397	0.039264	0.440247	2990400.000000
2016-07-05	0.009552	0.047106	0.056491	0.045020	0.641220	1935200.000000
2016-07-01	0.000713	0.050387	0.050834	0.035330	0.047851	2113600.000000
2016-06-30	0.019936	0.046391	0.065854	0.042742	1.311165	2858400.000000
2016-06-29	0.001166	0.048829	0.051569	0.040000	0.076569	2522400.000000
2016-06-28	0.004243	0.043648	0.049457	0.031877	0.277557	2394300.000000
2016-06-27	0.016206	0.043473	0.064445	0.041453	1.043175	3506700.000000
2016-06-24	0.010062	0.034358	0.066054	0.033103	0.641232	4034600.000000
2016-06-23	0.001353	0.046599	0.046914	0.038586	0.086135	1831000.000000
2016-06-22	-0.004044	0.046905	0.047844	0.039394	-0.258403	1458200.000000
2016-06-21	-0.000299	0.047061	0.050503	0.038770	-0.019135	1383300.000000
2016-06-20	-0.006249	0.043316	0.045959	0.031346	-0.401970	2036700.000000
2016-06-17	0.004934	0.047215	0.051120	0.038466	0.315834	2620800.000000
2016-06-16	0.009662	0.046922	0.057490	0.045029	0.612519	2217600.000000
2016-06-15	-0.008829	0.046122	0.047529	0.031112	-0.564679	2131200.000000
2016-06-14	0.004207	0.044871	0.049267	0.037649	0.267979	2090400.000000
2016-06-13	-0.004488	0.045965	0.050342	0.039088	-0.287113	2802400.000000
2016-06-10	-0.001643	0.043623	0.050801	0.038473	-0.105274	1768800.000000
2016-06-09	0.011480	0.045029	0.057656	0.043451	0.727356	1803100.000000
2016-06-08	0.005468	0.043443	0.050584	0.042332	0.344543	1555700.000000
2016-06-07	0.002131	0.048847	0.053141	0.044394	0.133995	2182100.000000
2016-06-06	-0.001672	0.046776	0.048840	0.039155	-0.105278	1960500.000000
2016-06-03	0.017471	0.053271	0.069749	0.053271	1.081467	2287800.000000
2016-06-02	-0.003236	0.041651	0.044066	0.031184	-0.200981	1948900.000000
2016-06-01	0.002472	0.044871	0.049875	0.041481	0.153129	1938600.000000
2016-05-31	0.006531	0.043409	0.053482	0.040322	0.401966	3362400.000000
2016-05-27	-0.000311	0.043734	0.048769	0.037237	-0.019146	2129700.000000
2016-05-26	0.014189	0.043224	0.060520	0.043059	0.861359	3277300.000000
2016-05-25	-0.003143	0.039288	0.047334	0.034526	-0.191418	2407900.000000
2016-05-24	0.010802	0.049851	0.058980	0.046365	0.650795	2288300.000000
2016-05-23	-0.013323	0.044871	0.046017	0.030295	-0.813495	2521100.000000
2016-05-20	-0.000783	0.048144	0.048962	0.036689	-0.047852	2226200.000000
2016-05-19	0.008689	0.042890	0.054280	0.033481	0.526379	2869700.000000
2016-05-18	-0.018757	0.037096	0.045033	0.019928	-1.158039	4397800.000000
2016-05-17	-0.021538	0.043920	0.044237	0.017137	-1.359021	3411800.000000
2016-05-16	0.004877	0.042004	0.050604	0.035475	0.306259	2341600.000000
2016-05-13	-0.000762	0.043439	0.047099	0.033095	-0.047859	2781400.000000
2016-05-12	0.006901	0.043429	0.055126	0.037981	0.430680	2146000.000000
2016-05-11	0.002460	0.044871	0.049529	0.036518	0.153129	2100800.000000
2016-05-10	-0.003676	0.048872	0.049192	0.038950	-0.229687	2757700.000000
2016-05-09	0.011307	0.045842	0.058142	0.040987	0.698647	3933000.000000
2016-05-06	-0.000464	0.044871	0.047945	0.029665	-0.028713	3185300.000000
2016-05-05	-0.003670	0.050707	0.063117	0.044098	-0.227719	2817300.000000
2016-05-04	0.013798	0.051969	0.073702	0.048538	0.844460	3535900.000000
2016-05-03	0.002175	0.053275	0.059498	0.049181	0.132835	4461300.000000
2016-05-02	0.013543	0.055590	0.069200	0.052436	0.815995	5028000.000000
2016-04-29	0.006977	0.048415	0.063457	0.037718	0.417480	2992800.000000
2016-04-28	-0.013609	0.019640	0.045358	0.012551	-0.825478	5010200.000000
2016-04-27	0.016375	0.055606	0.079399	0.053930	0.977292	3967600.000000
2016-04-26	0.001433	0.055776	0.061313	0.052588	0.085399	1977300.000000
2016-04-25	0.001116	0.052922	0.055610	0.049227	0.066418	2469500.000000
2016-04-22	0.007710	0.057993	0.066288	0.055284	0.455440	3059900.000000
2016-04-21	-0.022606	0.052276	0.052276	0.025969	-1.366321	4528300.000000
2016-04-20	-0.032503	0.054250	0.058252	0.017433	-2.030483	4650600.000000
2016-04-19	-0.006039	0.055999	0.056953	0.042474	-0.379540	2621200.000000
2016-04-18	0.002877	0.053930	0.058079	0.044994	0.180275	1757100.000000
2016-04-15	0.007013	0.056983	0.063411	0.053770	0.436470	1960800.000000
2016-04-14	-0.003040	0.051047	0.056974	0.048644	-0.189773	1122300.000000
2016-04-13	-0.007842	0.055361	0.055361	0.039626	-0.493393	1943400.000000
2016-04-12	0.009592	0.055053	0.065163	0.052967	0.597767	1773600.000000
2016-04-11	-0.004999	0.054569	0.061275	0.047384	-0.313115	1679500.000000
2016-04-08	0.007786	0.059884	0.067607	0.057792	0.483898	2137800.000000
2016-04-07	-0.001981	0.051361	0.059551	0.049755	-0.123336	1523500.000000
2016-04-06	0.003517	0.052802	0.058604	0.047162	0.218223	2024000.000000
2016-04-05	-0.017723	0.053297	0.054563	0.034618	-1.119621	2580800.000000
2016-04-04	-0.006417	0.054874	0.056761	0.041348	-0.407997	1795400.000000
2016-04-01	0.009187	0.049168	0.065676	0.049010	0.578789	2097800.000000
2016-03-31	0.005756	0.053771	0.061433	0.049939	0.360561	2924700.000000
2016-03-30	-0.000151	0.054409	0.059357	0.048663	-0.009483	2277900.000000
2016-03-29	0.015846	0.056200	0.071279	0.051012	0.977279	3495900.000000
2016-03-28	-0.000922	0.059276	0.065270	0.051014	-0.056923	3282600.000000
2016-03-24	-0.000307	0.052958	0.059112	0.048100	-0.018982	3984900.000000
2016-03-23	0.004786	0.051815	0.062717	0.047910	0.294137	3702600.000000
2016-03-22	-0.000463	0.057346	0.062713	0.050189	-0.028462	2772300.000000
2016-03-21	0.000154	0.047423	0.057834	0.041405	0.009491	2291300.000000
2016-03-18	-0.009781	0.057313	0.057957	0.043460	-0.607254	5079300.000000
2016-03-17	0.004606	0.055063	0.062021	0.049399	0.284653	2374100.000000
2016-03-16	0.011178	0.052621	0.067675	0.042803	0.683151	2908000.000000
2016-03-15	0.002959	0.054587	0.061807	0.048186	0.180279	1599200.000000
2016-03-14	-0.000156	0.048351	0.056391	0.045562	-0.009491	1540600.000000
2016-03-11	0.001559	0.060997	0.063133	0.053273	0.094890	2094700.000000
2016-03-10	-0.002644	0.053930	0.056225	0.040490	-0.161308	1951300.000000
2016-03-09	0.010847	0.055090	0.070830	0.052936	0.654694	2323700.000000
2016-03-08	0.005851	0.053930	0.065263	0.048431	0.351070	2701400.000000
2016-03-07	0.012975	0.053593	0.070306	0.049541	0.768551	2929100.000000
2016-03-04	0.010685	0.048641	0.069969	0.041133	0.626224	3857900.000000
2016-03-03	-0.001939	0.052057	0.053249	0.032985	-0.113849	3879100.000000
2016-03-02	0.002592	0.050174	0.058028	0.026955	0.151806	2801700.000000
2016-03-01	-0.000324	0.059392	0.062805	0.045396	-0.018978	2059600.000000
2016-02-29	0.004555	0.053930	0.069704	0.053416	0.265670	3225100.000000
2016-02-26	-0.037878	0.043868	0.051951	0.013185	-2.296165	3320900.000000
2016-02-25	0.013966	0.056606	0.068817	0.054097	0.834968	1763100.000000
2016-02-24	0.003984	0.054266	0.062998	0.047885	0.237214	1800800.000000
2016-02-23	-0.001432	0.047558	0.055439	0.041353	-0.085396	1943800.000000
2016-02-22	0.015183	0.055633	0.070443	0.052909	0.891899	2213500.000000
2016-02-19	-0.008647	0.053593	0.053930	0.039416	-0.512371	2445700.000000
2016-02-18	0.022095	0.057208	0.082909	0.050825	1.280922	2926700.000000
2016-02-17	0.000164	0.054448	0.057208	0.040819	0.009487	3400700.000000
2016-02-16	0.008086	0.059496	0.070626	0.052191	0.464931	3925100.000000
2016-02-12	-0.011581	0.053930	0.063213	0.038459	-0.673671	3847300.000000
2016-02-11	-0.025278	0.047731	0.055606	0.026786	-1.508644	3288500.000000
2016-02-10	0.008498	0.048692	0.070997	0.040074	0.502884	4180300.000000
2016-02-09	-0.001920	0.052412	0.061351	0.044823	-0.113858	3166400.000000
2016-02-08	0.003372	0.053084	0.066960	0.038700	0.199249	4545200.000000
2016-02-05	0.008830	0.061358	0.080308	0.050773	0.517205	4123000.000000
2016-02-04	-0.016111	0.060719	0.063911	0.041907	-0.959175	4114600.000000
2016-02-03	0.021129	0.069925	0.091364	0.066494	1.231895	4944000.000000
2016-02-02	0.003398	0.061169	0.072184	0.058416	0.197468	4599000.000000
2016-02-01	0.013449	0.063930	0.091139	0.060791	0.771110	5033500.000000
2016-01-29	0.025568	0.073245	0.092563	0.072529	1.429371	4726900.000000
2016-01-28	0.021653	0.044036	0.093560	0.037091	1.184872	4542500.000000
2016-01-27	-0.000172	0.063224	0.074370	0.053906	-0.009407	3125500.000000
2016-01-26	0.007792	0.068010	0.085872	0.065616	0.423168	3176500.000000
2016-01-25	-0.013327	0.063588	0.063952	0.047782	-0.733494	3639700.000000
2016-01-22	0.015441	0.078535	0.080564	0.064883	0.836937	3707600.000000
2016-01-21	-0.004834	0.053492	0.071852	0.048352	-0.263309	3990500.000000
2016-01-20	-0.027698	0.056980	0.061443	0.020564	-1.551609	4403300.000000
2016-01-19	0.014994	0.069024	0.082069	0.063588	0.827522	3620700.000000
2016-01-15	-0.007609	0.049382	0.062508	0.040751	-0.423160	3539300.000000
2016-01-14	0.020535	0.069462	0.092951	0.062489	1.119041	4091600.000000
2016-01-13	-0.003782	0.064504	0.070171	0.057008	-0.206886	3531500.000000
2016-01-12	-0.010209	0.065578	0.067026	0.039703	-0.564228	4252100.000000
2016-01-11	0.008754	0.065597	0.076914	0.062494	0.479602	2763500.000000
2016-01-08	-0.001543	0.063407	0.073977	0.059397	-0.084644	2795400.000000
2016-01-07	-0.011519	0.053319	0.062506	0.047914	-0.639446	3847200.000000
2016-01-06	0.003741	0.056536	0.073171	0.052558	0.206878	3528300.000000
2016-01-05	0.008229	0.061948	0.075257	0.044811	0.451378	3434500.000000
2016-01-04	0.001030	0.055194	0.065049	0.049902	0.056420	4087800.000000
2015-12-31	-0.010696	0.061962	0.073156	0.041561	-0.592430	2455300.000000
2015-12-30	0.000170	0.064310	0.067921	0.060518	0.009399	1754800.000000
2015-12-29	0.004949	0.067036	0.071936	0.064496	0.272717	3158900.000000
2015-12-28	0.003424	0.059036	0.069598	0.057033	0.188064	2432100.000000
2015-12-24	0.002575	0.061399	0.068883	0.059756	0.141060	1337100.000000
2015-12-23	0.018179	0.065823	0.085898	0.062663	0.977997	3181200.000000
2015-12-22	0.011671	0.066227	0.078074	0.057201	0.620640	2862000.000000
2015-12-21	0.004797	0.069642	0.075688	0.061517	0.253902	3552400.000000
2015-12-18	-0.019854	0.059518	0.060814	0.037664	-1.072025	5469500.000000
2015-12-17	0.007192	0.062661	0.082433	0.060422	0.385559	4305400.000000
2015-12-16	0.017309	0.066253	0.085229	0.064735	0.912155	3424200.000000
2015-12-15	0.027503	0.074325	0.099283	0.068281	1.410557	4354100.000000
2015-12-14	-0.000366	0.063407	0.071203	0.054051	-0.018799	4001400.000000
2015-12-11	-0.005831	0.058950	0.067670	0.054106	-0.300926	2962600.000000
2015-12-10	-0.024356	0.063974	0.064919	0.036184	-1.288311	3723700.000000
2015-12-09	0.006621	0.060362	0.083008	0.053892	0.347938	2798000.000000
2015-12-08	-0.006578	0.060949	0.062840	0.050362	-0.347938	2301300.000000
2015-12-07	0.007342	0.070834	0.072167	0.061883	0.385551	2687800.000000
2015-12-04	0.020841	0.068461	0.086541	0.067684	1.072026	2328400.000000
2015-12-03	-0.011386	0.057833	0.063215	0.047455	-0.592434	3463400.000000
2015-12-02	-0.024678	0.058158	0.060970	0.036039	-1.316525	2574700.000000
2015-12-01	0.012855	0.070052	0.079925	0.062457	0.677067	3523200.000000
2015-11-30	0.001252	0.063597	0.075763	0.063597	0.065838	4406000.000000
2015-11-27	0.005934	0.064363	0.073350	0.060921	0.310314	1423600.000000
2015-11-25	-0.003226	0.059404	0.063597	0.054067	-0.169270	2346100.000000
2015-11-24	-0.003572	0.057709	0.063217	0.049732	-0.188068	2254700.000000
2015-11-23	-0.009728	0.063971	0.069049	0.051558	-0.517208	2302200.000000
2015-11-20	0.003906	0.067561	0.075869	0.059442	0.206882	4264700.000000
2015-11-19	0.016423	0.066861	0.084709	0.065710	0.855744	3748900.000000
2015-11-18	0.006539	0.064179	0.072099	0.049112	0.338531	4675700.000000
2015-11-17	-0.020637	0.060569	0.069839	0.038813	-1.090832	2422400.000000
2015-11-16	0.020886	0.063214	0.086390	0.061475	1.081429	2207900.000000
2015-11-13	-0.004700	0.064560	0.073595	0.056294	-0.244492	2247600.000000
2015-11-12	-0.004320	0.059962	0.071828	0.053263	-0.225696	2637100.000000
2015-11-11	0.008349	0.064372	0.074794	0.061863	0.432579	2710600.000000
2015-11-10	0.012309	0.064384	0.077278	0.064384	0.630047	2383200.000000
2015-11-09	0.008710	0.059071	0.075428	0.054933	0.441971	3673300.000000
2015-11-06	-0.035223	0.049527	0.051048	0.013402	-1.852536	5150900.000000
2015-11-05	-0.003879	0.074054	0.078978	0.068562	-0.204830	2383700.000000
2015-11-04	-0.000705	0.074433	0.081625	0.070837	-0.037239	2573700.000000
2015-11-03	-0.002461	0.070656	0.076886	0.063859	-0.130348	2139700.000000
2015-11-02	0.004236	0.074054	0.080690	0.066660	0.223450	2726900.000000
2015-10-30	0.007828	0.078449	0.087812	0.074054	0.409668	2763800.000000
2015-10-29	-0.015069	0.068596	0.072737	0.044883	-0.800709	3446100.000000
2015-10-28	-0.010404	0.076289	0.079828	0.050402	-0.558628	2053800.000000
2015-10-27	-0.002594	0.074983	0.078141	0.066810	-0.139656	2129500.000000
2015-10-26	0.005915	0.078726	0.081715	0.070130	0.316555	2861500.000000
2015-10-23	-0.028562	0.070424	0.071150	0.042107	-1.573479	4884500.000000
2015-10-22	0.003902	0.066218	0.080068	0.060387	0.214146	4104600.000000
2015-10-21	0.004773	0.079547	0.089801	0.075153	0.260692	3320800.000000
2015-10-20	0.001195	0.072588	0.085786	0.067271	0.065171	3108100.000000
2015-10-19	0.000854	0.072586	0.076439	0.061028	0.046554	2892100.000000
2015-10-16	-0.003065	0.079176	0.079907	0.065823	-0.167587	3033700.000000
2015-10-15	0.009802	0.077748	0.086245	0.069252	0.530693	2754900.000000
2015-10-14	0.008673	0.074427	0.088027	0.073123	0.465530	3887500.000000
2015-10-13	0.001564	0.072188	0.079652	0.068456	0.083794	2143500.000000
2015-10-12	0.014452	0.075190	0.092984	0.075190	0.763462	2270700.000000
2015-10-09	-0.002286	0.074621	0.077265	0.067255	-0.121037	2043000.000000
2015-10-08	0.014811	0.073479	0.091687	0.072138	0.772774	3397500.000000
2015-10-07	-0.010244	0.076710	0.077469	0.061344	-0.540016	4452000.000000
2015-10-06	-0.014619	0.069755	0.073680	0.054801	-0.782078	3101500.000000
2015-10-05	0.020241	0.080729	0.098274	0.076343	1.061398	3007300.000000
2015-10-02	0.003206	0.085342	0.085916	0.065445	0.167591	5169200.000000
2015-10-01	-0.012663	0.075187	0.076699	0.053842	-0.670361	4215600.000000
2015-09-30	0.013006	0.078264	0.090128	0.071758	0.679669	2785200.000000
2015-09-29	0.004834	0.076554	0.084245	0.071747	0.251384	2659800.000000
2015-09-28	-0.002322	0.073095	0.084221	0.063887	-0.121036	2413800.000000
2015-09-25	0.009556	0.076572	0.095163	0.068825	0.493458	2718000.000000
2015-09-24	0.007997	0.070736	0.085376	0.068588	0.409664	3829200.000000
2015-09-23	0.005483	0.075821	0.081709	0.069932	0.279320	1878500.000000
2015-09-22	-0.015827	0.069804	0.075020	0.054737	-0.819329	3559800.000000
2015-09-21	0.002163	0.078894	0.082960	0.071538	0.111733	2823100.000000
2015-09-18	-0.006981	0.066941	0.082897	0.063865	-0.363114	3832700.000000
2015-09-17	0.022698	0.074841	0.109640	0.072285	1.154499	5244400.000000
2015-09-16	0.014485	0.076647	0.091407	0.073855	0.726223	4547200.000000
2015-09-15	0.003167	0.076055	0.080857	0.068252	0.158276	2423800.000000
2015-09-14	-0.001860	0.075851	0.083241	0.070459	-0.093109	2063800.000000
2015-09-11	0.007305	0.072042	0.082503	0.067013	0.363113	1804500.000000
2015-09-10	0.000375	0.074859	0.084116	0.070230	0.018624	2172500.000000
2015-09-09	-0.013129	0.079615	0.081998	0.057967	-0.661053	2602800.000000
2015-09-08	0.029311	0.088159	0.105740	0.088159	1.433819	3149600.000000
2015-09-04	-0.015183	0.066203	0.068417	0.052714	-0.754143	2595300.000000
2015-09-03	0.006414	0.074865	0.084590	0.073852	0.316559	2339600.000000
2015-09-02	0.000377	0.081959	0.082567	0.063311	0.018612	2460900.000000
2015-09-01	-0.023945	0.063173	0.066932	0.041609	-1.210362	3281700.000000
2015-08-31	-0.011111	0.067207	0.069946	0.052925	-0.567939	3588900.000000
2015-08-28	-0.000182	0.072881	0.083248	0.057624	-0.009312	2105500.000000
2015-08-27	0.016664	0.085389	0.092350	0.076043	0.837948	2909100.000000
2015-08-26	0.018672	0.084386	0.098161	0.069598	0.921741	4407800.000000
2015-08-25	-0.033011	0.077776	0.090117	0.038207	-1.685207	4974600.000000
2015-08-24	-0.042939	0.036559	0.064305	-0.005811	-2.290390	5660400.000000
2015-08-21	-0.018503	0.066694	0.073870	0.052893	-1.005532	3934300.000000
2015-08-20	-0.007313	0.067113	0.080995	0.061633	-0.400348	1856100.000000
2015-08-19	0.009095	0.069262	0.086772	0.065760	0.493450	2319000.000000
2015-08-18	-0.001371	0.071293	0.074422	0.066875	-0.074482	1954000.000000
2015-08-17	0.002577	0.073870	0.082728	0.070179	0.139664	2194300.000000
2015-08-14	0.011294	0.074427	0.086372	0.065469	0.605179	1933500.000000
2015-08-13	-0.000347	0.069577	0.077226	0.061181	-0.018620	1887300.000000
2015-08-12	0.012665	0.074054	0.091435	0.069331	0.670353	2444800.000000
2015-08-11	0.002469	0.073865	0.086744	0.069319	0.130348	2383300.000000
2015-08-10	-0.001057	0.074811	0.079730	0.069703	-0.055862	2511500.000000
2015-08-07	0.009065	0.071954	0.089709	0.064891	0.474842	2038400.000000
2015-08-06	0.002495	0.072332	0.077882	0.059126	0.130340	2204900.000000
2015-08-05	0.004611	0.088043	0.093042	0.081314	0.239808	2305200.000000
2015-08-04	-0.011742	0.083628	0.085718	0.069377	-0.617966	2200000.000000
2015-08-03	0.008662	0.088222	0.097230	0.085731	0.451950	2458600.000000
2015-07-31	0.004439	0.093246	0.101523	0.087278	0.230587	2414600.000000
2015-07-30	0.006793	0.078771	0.097183	0.077026	0.350483	1994100.000000
2015-07-29	0.000895	0.081482	0.086331	0.074304	0.046116	2497200.000000
2015-07-28	0.002691	0.082252	0.089838	0.079918	0.138355	2687100.000000
2015-07-27	0.020879	0.085389	0.112593	0.084595	1.051472	2789900.000000
2015-07-24	0.000183	0.082609	0.087971	0.075856	0.009220	3025400.000000
2015-07-23	-0.011230	0.086554	0.086554	0.064756	-0.571854	3534300.000000
2015-07-22	0.005830	0.085778	0.097234	0.084197	0.295147	3186400.000000
2015-07-21	-0.011703	0.083417	0.084978	0.066824	-0.599518	2201300.000000
2015-07-20	-0.003230	0.081473	0.083808	0.071161	-0.166023	2747500.000000
2015-07-17	-0.011355	0.079388	0.084198	0.071694	-0.590294	2824500.000000
2015-07-16	0.012213	0.084976	0.099191	0.083029	0.627186	2497000.000000
2015-07-15	0.008878	0.084394	0.093823	0.080269	0.451946	2418800.000000
2015-07-14	-0.002710	0.085177	0.090663	0.077341	-0.138344	1929500.000000
2015-07-13	-0.003960	0.086344	0.090832	0.070928	-0.202922	2215500.000000
2015-07-10	0.000720	0.082831	0.093376	0.078144	0.036895	2806400.000000
2015-07-09	-0.009102	0.085552	0.090003	0.068717	-0.470394	3339400.000000
2015-07-08	-0.000892	0.078784	0.089804	0.077818	-0.046119	2975000.000000
2015-07-07	0.028425	0.089566	0.123366	0.088373	1.429637	4446500.000000
2015-07-06	0.005532	0.081399	0.090595	0.079999	0.276696	3266700.000000
2015-07-02	0.017639	0.088877	0.105357	0.088673	0.867000	2125300.000000
2015-07-01	0.006041	0.084812	0.092385	0.079899	0.295151	2664500.000000
2015-06-30	0.003220	0.087278	0.093438	0.083376	0.156799	3239300.000000
2015-06-29	-0.002079	0.084607	0.099566	0.081329	-0.101459	2368300.000000
2015-06-26	0.005511	0.083579	0.092851	0.078016	0.267479	2194200.000000
2015-06-25	-0.006420	0.084607	0.089111	0.077237	-0.313591	1958800.000000
2015-06-24	-0.007124	0.084807	0.088669	0.075661	-0.350491	2866000.000000
2015-06-23	-0.016593	0.083598	0.085397	0.065008	-0.830112	2565400.000000
2015-06-22	-0.004223	0.086387	0.086387	0.076833	-0.212139	1568200.000000
2015-06-19	-0.006566	0.084791	0.086373	0.076684	-0.332039	2629400.000000
2015-06-18	0.014243	0.085200	0.102849	0.085200	0.710205	2069300.000000
2015-06-17	0.006142	0.082987	0.092673	0.078548	0.304371	2032200.000000
2015-06-16	0.001491	0.082177	0.088037	0.077933	0.073784	2673200.000000
2015-06-15	-0.005192	0.081584	0.085605	0.076960	-0.258255	1814900.000000
2015-06-12	-0.006997	0.079606	0.082601	0.075214	-0.350487	1884300.000000
2015-06-11	0.007794	0.093653	0.096671	0.088825	0.387382	2495900.000000
2015-06-10	0.008043	0.105695	0.111576	0.092513	0.396607	3021900.000000
2015-06-09	0.000000	0.082981	0.093527	0.079939	0.000000	2862100.000000
2015-06-08	0.000374	0.085618	0.087241	0.079328	0.018448	2791700.000000
2015-06-05	-0.015657	0.073813	0.074212	0.060832	-0.783989	3394300.000000
2015-06-04	-0.001655	0.079612	0.089780	0.079014	-0.083012	3265500.000000
2015-06-03	-0.014319	0.082822	0.085966	0.063170	-0.728649	2655600.000000
2015-06-02	-0.014997	0.076842	0.077616	0.061163	-0.774765	2221200.000000
2015-06-01	-0.004974	0.079960	0.086509	0.073796	-0.258267	2128500.000000
2015-05-29	0.003387	0.086903	0.090962	0.078206	0.175251	3676900.000000
2015-05-28	0.000714	0.083231	0.089419	0.075688	0.036896	2135800.000000
2015-05-27	0.013194	0.087333	0.100070	0.083414	0.673306	2492900.000000
2015-05-26	-0.005750	0.083223	0.084003	0.069975	-0.295147	2031900.000000
2015-05-22	-0.002867	0.080312	0.084198	0.073513	-0.147576	1617900.000000
2015-05-21	-0.001967	0.084004	0.086718	0.076830	-0.101451	2026200.000000
2015-05-20	0.002150	0.083420	0.093330	0.082643	0.110675	1748800.000000
2015-05-19	-0.001432	0.078765	0.088466	0.075467	-0.073787	1766600.000000
2015-05-18	0.005036	0.079518	0.092778	0.079128	0.258258	1974500.000000
2015-05-15	0.009074	0.088527	0.096791	0.084788	0.461171	2144400.000000
2015-05-14	0.015107	0.089790	0.104771	0.089591	0.756317	2306400.000000
2015-05-13	-0.012193	0.086171	0.092484	0.066637	-0.617966	2949200.000000
2015-05-12	-0.008660	0.077352	0.078916	0.067376	-0.442730	2906700.000000
2015-05-11	-0.006631	0.080894	0.091387	0.074288	-0.341263	1606900.000000
2015-05-08	0.009772	0.094792	0.104014	0.089691	0.498070	2179300.000000
2015-05-07	0.005458	0.089721	0.099190	0.085578	0.276699	2180200.000000
2015-05-06	-0.007405	0.086351	0.090463	0.064421	-0.378162	2998700.000000
2015-05-05	-0.025453	0.090186	0.090950	0.065379	-1.333855	4733200.000000
2015-05-04	0.005787	0.094767	0.107819	0.092464	0.301495	2231000.000000
2015-05-01	0.002813	0.094190	0.100542	0.088031	0.146171	2385700.000000
2015-04-30	-0.015920	0.089840	0.091166	0.068627	-0.840515	3815700.000000
2015-04-29	-0.004993	0.083833	0.093633	0.078179	-0.264942	4065000.000000
2015-04-28	0.006412	0.088506	0.102162	0.084523	0.338039	3114200.000000
2015-04-27	-0.002937	0.098169	0.098925	0.090226	-0.155315	3458100.000000
2015-04-24	0.017223	0.099385	0.122469	0.097269	0.895325	4012500.000000
2015-04-23	0.013537	0.108223	0.113683	0.098280	0.694328	2776200.000000
2015-04-22	0.003037	0.098682	0.100051	0.088708	0.155319	2305100.000000
2015-04-21	-0.011655	0.095348	0.103080	0.077953	-0.602978	1958900.000000
2015-04-20	0.016149	0.096932	0.121287	0.096736	0.822239	2408500.000000
2015-04-17	-0.002149	0.090068	0.105159	0.087912	-0.109630	1980100.000000
2015-04-16	-0.009049	0.091080	0.091856	0.078456	-0.465935	2762000.000000
2015-04-15	0.004635	0.096917	0.107648	0.094576	0.237541	2216500.000000
2015-04-14	0.007724	0.096738	0.106569	0.095165	0.392842	1786000.000000
2015-04-13	-0.012768	0.091081	0.093993	0.080017	-0.657792	1128400.000000
2015-04-10	0.010755	0.097911	0.110075	0.094575	0.548157	1279100.000000
2015-04-09	-0.003394	0.095944	0.096531	0.082844	-0.173584	1926000.000000
2015-04-08	-0.006919	0.094964	0.095935	0.080789	-0.356300	2953700.000000
2015-04-07	-0.012785	0.092850	0.095917	0.080198	-0.666928	1869700.000000
2015-04-06	0.011335	0.098065	0.114931	0.098065	0.584702	1794000.000000
2015-04-02	0.001597	0.093605	0.100012	0.090498	0.082226	2277300.000000
2015-04-01	0.002133	0.093992	0.101970	0.082511	0.109630	3031500.000000
2015-03-31	-0.005832	0.092447	0.104055	0.085290	-0.301483	3366600.000000
2015-03-30	0.012165	0.097904	0.114156	0.093792	0.621243	1869100.000000
2015-03-27	0.010302	0.095960	0.117325	0.092399	0.520748	2544900.000000
2015-03-26	-0.010374	0.092422	0.100840	0.078522	-0.529884	3077200.000000
2015-03-25	-0.023406	0.095914	0.104135	0.068382	-1.224225	5557100.000000
2015-03-24	-0.012079	0.092687	0.100809	0.077954	-0.639511	1919600.000000
2015-03-23	0.004333	0.094765	0.103112	0.092678	0.228398	1905600.000000
2015-03-20	0.011393	0.099756	0.112419	0.094000	0.593834	3453300.000000
2015-03-19	-0.008688	0.091532	0.102183	0.081452	-0.456795	2227200.000000
2015-03-18	0.029517	0.095163	0.134521	0.090072	1.507435	3072500.000000
2015-03-17	-0.004630	0.089118	0.099838	0.086195	-0.237538	2369400.000000
2015-03-16	0.015368	0.098336	0.118917	0.097940	0.776562	1875900.000000
2015-03-13	-0.011792	0.092229	0.092229	0.069739	-0.602974	2303500.000000
2015-03-12	0.021910	0.099971	0.123753	0.097773	1.096314	2256900.000000
2015-03-11	-0.008867	0.094774	0.100518	0.083483	-0.447659	2108000.000000
2015-03-10	0.001450	0.092195	0.107866	0.089616	0.073086	2588200.000000
2015-03-09	0.003090	0.096366	0.104723	0.093183	0.155308	2303900.000000
2015-03-06	-0.036265	0.083837	0.083837	0.048169	-1.891148	3794800.000000
2015-03-05	0.008837	0.102701	0.112373	0.099605	0.456806	2319900.000000
2015-03-04	-0.002644	0.089173	0.110397	0.085314	-0.137043	3194000.000000
2015-03-03	0.010329	0.093211	0.106272	0.087363	0.529885	2959500.000000
2015-03-02	-0.024835	0.090963	0.094575	0.060168	-1.306446	2989900.000000
2015-02-27	0.002961	0.096863	0.103727	0.091715	0.155311	2475400.000000
2015-02-26	-0.011536	0.097214	0.100983	0.079875	-0.612110	3200600.000000
2015-02-25	-0.020243	0.092729	0.094760	0.071495	-1.096302	3058500.000000
2015-02-24	0.003215	0.092723	0.104764	0.088277	0.173576	2154200.000000
2015-02-23	0.006301	0.095507	0.102591	0.094016	0.338032	2136400.000000
2015-02-20	0.005307	0.093076	0.101322	0.080146	0.283211	3899800.000000
2015-02-19	-0.012009	0.090872	0.093650	0.074395	-0.648651	2956500.000000
2015-02-18	0.021600	0.094575	0.121812	0.091171	1.141990	3712600.000000
2015-02-17	0.000692	0.089086	0.106689	0.084165	0.036545	4017900.000000
2015-02-13	-0.002587	0.091366	0.097030	0.076263	-0.137028	3856600.000000
2015-02-12	-0.005148	0.094575	0.099083	0.084621	-0.274089	3705200.000000
2015-02-11	-0.017366	0.090146	0.090146	0.072060	-0.941002	2820100.000000
2015-02-10	0.018372	0.094951	0.116941	0.094951	0.977550	3403500.000000
2015-02-09	-0.015385	0.093465	0.099757	0.073665	-0.831371	3748700.000000
2015-02-06	-0.044735	0.092454	0.096520	0.040483	-2.530666	4139600.000000
2015-02-05	0.003697	0.109977	0.112283	0.098089	0.208343	2203200.000000
2015-02-04	-0.008604	0.103769	0.108166	0.090928	-0.489151	3356200.000000
2015-02-03	-0.004757	0.101493	0.105345	0.094141	-0.271755	3641300.000000
2015-02-02	0.003980	0.103944	0.116247	0.094629	0.226459	3641300.000000
2015-01-30	-0.014281	0.101692	0.113473	0.087312	-0.824314	3855900.000000
2015-01-29	0.005364	0.103596	0.114569	0.092971	0.307984	3007700.000000
2015-01-28	-0.013541	0.104460	0.123360	0.086762	-0.788082	3645700.000000
2015-01-27	-0.004956	0.101209	0.108219	0.097619	-0.289864	2736100.000000
2015-01-26	0.000775	0.102233	0.105313	0.095389	0.045288	1802700.000000
2015-01-23	0.006866	0.109113	0.118071	0.104634	0.398571	2056600.000000
2015-01-22	-0.000935	0.111173	0.112378	0.095855	-0.054348	1944700.000000
2015-01-21	0.009602	0.101338	0.116456	0.093866	0.552563	2481300.000000
2015-01-20	-0.000629	0.111412	0.112280	0.094393	-0.036236	2258000.000000
2015-01-16	0.006491	0.104469	0.111635	0.096953	0.371395	2334500.000000
2015-01-15	0.006374	0.104648	0.115026	0.100075	0.362339	2605300.000000
2015-01-14	0.014385	0.101089	0.121074	0.095737	0.806198	2599600.000000
2015-01-13	0.005036	0.112552	0.127616	0.103227	0.280815	2641900.000000
2015-01-12	-0.001298	0.108243	0.109675	0.094273	-0.072467	2411100.000000
2015-01-09	-0.005325	0.105013	0.107507	0.089337	-0.298935	2413800.000000
2015-01-08	0.008626	0.107358	0.117420	0.107358	0.480098	2470100.000000
2015-01-07	0.014196	0.106313	0.127634	0.099935	0.779030	2798800.000000
2015-01-06	0.005477	0.107059	0.133078	0.106143	0.298935	4166500.000000
2015-01-05	-0.014718	0.103042	0.106291	0.082642	-0.815269	2642600.000000
2015-01-02	0.007082	0.106853	0.113399	0.097945	0.389518	2007400.000000
2014-12-31	-0.016202	0.105733	0.109489	0.085343	-0.905845	1942400.000000
2014-12-30	-0.018916	0.102014	0.102014	0.080255	-1.077957	2001600.000000
2014-12-29	0.014841	0.104122	0.125849	0.104122	0.833377	2573700.000000
2014-12-26	0.011091	0.106645	0.123391	0.105025	0.615971	2819000.000000
2014-12-24	0.019964	0.106516	0.128554	0.105965	1.087021	1795100.000000
2014-12-23	-0.000665	0.105963	0.110001	0.102293	-0.036240	1693100.000000
2014-12-22	0.004341	0.103576	0.108737	0.096940	0.235520	1711800.000000
2014-12-19	-0.001501	0.104497	0.113147	0.095294	-0.081528	3966700.000000
2014-12-18	0.019721	0.107886	0.125903	0.103944	1.050777	2622700.000000
2014-12-17	0.017119	0.105853	0.125897	0.105853	0.896782	2406400.000000
2014-12-16	-0.004304	0.103944	0.117059	0.087218	-0.226459	2128000.000000
2014-12-15	-0.010394	0.103004	0.108271	0.081749	-0.552567	2952400.000000
2014-12-12	-0.002888	0.098130	0.113135	0.096255	-0.153988	3216400.000000
2014-12-11	0.010819	0.108873	0.123661	0.108305	0.570671	2156200.000000
2014-12-10	-0.010871	0.106570	0.117259	0.091568	-0.579731	2365200.000000
2014-12-09	0.001872	0.095114	0.115029	0.095114	0.099644	3143200.000000
2014-12-08	0.017313	0.107385	0.123821	0.104518	0.905842	2997500.000000
2014-12-05	-0.011636	0.090910	0.101300	0.085621	-0.615978	1965100.000000
2014-12-04	-0.001196	0.104133	0.109039	0.095454	-0.063400	2091700.000000
2014-12-03	0.002570	0.105458	0.108863	0.098270	0.135871	2733000.000000
2014-12-02	0.006034	0.103564	0.114221	0.095190	0.317048	2237700.000000
2014-12-01	0.007993	0.099341	0.119290	0.092819	0.416683	2555800.000000
2014-11-28	0.015708	0.107062	0.125182	0.107062	0.806205	1316000.000000
2014-11-26	0.001414	0.107066	0.112139	0.102578	0.072461	2049000.000000
2014-11-25	-0.003873	0.106860	0.107832	0.094615	-0.199280	2786300.000000
2014-11-24	-0.010798	0.103944	0.105483	0.091448	-0.561619	2094900.000000
2014-11-21	0.003320	0.112239	0.114746	0.095264	0.172100	2329300.000000
2014-11-20	-0.000175	0.101051	0.109923	0.094880	-0.009052	2195800.000000
2014-11-19	-0.000175	0.102980	0.106066	0.096038	-0.009060	2302000.000000
2014-11-18	0.001049	0.106454	0.111859	0.099312	0.054352	2367400.000000
2014-11-17	0.020157	0.103747	0.127575	0.100794	1.023597	2907000.000000
2014-11-14	-0.004440	0.101396	0.105317	0.096691	-0.226455	2116000.000000
2014-11-13	-0.009847	0.103944	0.111321	0.090356	-0.507271	2860600.000000
2014-11-12	-0.018467	0.094608	0.098419	0.077460	-0.969257	3305400.000000
2014-11-11	-0.007537	0.102432	0.105079	0.089762	-0.398568	2290400.000000
2014-11-10	0.001029	0.098076	0.108487	0.097319	0.054352	2371000.000000
2014-11-07	0.007776	0.104707	0.113101	0.100129	0.407627	1754400.000000
2014-11-06	-0.022631	0.091639	0.095554	0.064045	-1.213829	4770600.000000
2014-11-05	0.027696	0.122448	0.146591	0.119383	1.445465	4670000.000000
2014-11-04	-0.008866	0.114206	0.119523	0.102052	-0.466850	2155900.000000
2014-11-03	0.005314	0.115163	0.122608	0.111535	0.278320	2021300.000000
2014-10-31	0.001201	0.119943	0.120325	0.108665	0.062840	3034300.000000
2014-10-30	0.026603	0.118732	0.144046	0.115985	1.355690	3226700.000000
2014-10-29	0.003004	0.116188	0.129375	0.105559	0.152630	2668000.000000
2014-10-28	-0.002995	0.116573	0.117751	0.103622	-0.152630	3322400.000000
2014-10-27	0.005135	0.116587	0.131972	0.115404	0.260364	3010200.000000
2014-10-24	0.021527	0.118863	0.141833	0.117251	1.068387	2816600.000000
2014-10-23	-0.011445	0.116216	0.121395	0.096696	-0.574597	4535400.000000
2014-10-22	0.006479	0.113826	0.133673	0.112623	0.323204	3716100.000000
2014-10-21	0.003613	0.114832	0.120465	0.106784	0.179569	2766500.000000
2014-10-20	0.013734	0.113418	0.130959	0.111583	0.673359	2164300.000000
2014-10-17	0.012421	0.128900	0.131378	0.104534	0.601528	3839500.000000
2014-10-16	-0.007909	0.097437	0.107475	0.082892	-0.386058	3612500.000000
2014-10-15	-0.006396	0.106091	0.118100	0.076983	-0.314236	4725900.000000
2014-10-14	0.009036	0.120399	0.142375	0.113005	0.439934	3731700.000000
2014-10-13	0.006309	0.112999	0.135528	0.110932	0.305252	2762800.000000
2014-10-10	0.006161	0.120481	0.133374	0.117361	0.296268	2693700.000000
2014-10-09	-0.010347	0.113826	0.120206	0.100449	-0.502765	3675200.000000
2014-10-08	0.021903	0.112354	0.138643	0.112354	1.041454	2316700.000000
2014-10-07	0.003030	0.111505	0.128803	0.109818	0.143642	2845700.000000
2014-10-06	-0.001324	0.117618	0.122042	0.108348	-0.062843	1448700.000000
2014-10-03	0.011286	0.115957	0.129379	0.107222	0.529713	2055500.000000
2014-10-02	-0.001909	0.113613	0.122332	0.109573	-0.089787	2363100.000000
2014-10-01	0.003256	0.116600	0.129186	0.114040	0.152638	2214100.000000
2014-09-30	0.000575	0.116387	0.126206	0.109130	0.026920	2064900.000000
2014-09-29	-0.001339	0.109350	0.115318	0.102528	-0.062836	2202100.000000
2014-09-26	0.003072	0.114040	0.122593	0.102921	0.143650	1386600.000000
2014-09-25	-0.007243	0.114250	0.117859	0.105547	-0.341179	1900100.000000
2014-09-24	-0.001712	0.116157	0.117217	0.106621	-0.080795	2151000.000000
2014-09-23	-0.007740	0.112354	0.114036	0.104784	-0.368107	2022700.000000
2014-09-22	-0.005818	0.110690	0.113617	0.102746	-0.278309	1213400.000000
2014-09-19	0.010239	0.116360	0.126920	0.113192	0.484810	2386300.000000
2014-09-18	-0.010878	0.113826	0.116542	0.097323	-0.520729	1704800.000000
2014-09-17	-0.005780	0.117772	0.119018	0.101780	-0.278320	2060300.000000
2014-09-16	0.017840	0.114672	0.137079	0.112769	0.843937	2175900.000000
2014-09-15	0.004002	0.114675	0.123377	0.112553	0.188541	1758400.000000
2014-09-12	-0.019798	0.109249	0.110497	0.088029	-0.951679	2058500.000000
2014-09-11	0.010379	0.114457	0.127279	0.113195	0.493797	2041100.000000
2014-09-10	0.000000	0.114457	0.117609	0.107310	0.000000	2187000.000000
2014-09-09	-0.010088	0.108000	0.111121	0.098220	-0.484813	2497500.000000
2014-09-08	-0.006127	0.113206	0.113826	0.102866	-0.296273	1892000.000000
2014-09-05	0.016226	0.118870	0.132109	0.114667	0.772103	2236200.000000
2014-09-04	-0.006746	0.112574	0.114870	0.101093	-0.323200	2261400.000000
2014-09-03	0.009077	0.118249	0.127517	0.116354	0.430946	1714600.000000
2014-09-02	-0.015270	0.112996	0.114448	0.094121	-0.736206	2369600.000000
2014-08-29	0.007127	0.115288	0.121973	0.111946	0.341167	1525800.000000
2014-08-28	0.003199	0.109635	0.119065	0.108587	0.152634	1744400.000000
2014-08-27	0.017030	0.114679	0.133434	0.114679	0.799042	2317100.000000
2014-08-26	-0.013031	0.115298	0.120978	0.098260	-0.619488	1548900.000000
2014-08-25	0.007804	0.120398	0.124002	0.114674	0.368107	1214500.000000
2014-08-22	-0.004924	0.111716	0.115302	0.098215	-0.233441	2322800.000000
2014-08-21	0.008018	0.115527	0.126372	0.114676	0.377083	2427500.000000
2014-08-20	0.003448	0.112332	0.118947	0.107851	0.161606	2067800.000000
2014-08-19	0.014183	0.117289	0.129840	0.114259	0.655403	2260400.000000
2014-08-18	0.000972	0.114259	0.123140	0.112743	0.044888	2580700.000000
2014-08-15	0.005475	0.114262	0.124280	0.113826	0.251381	2452900.000000
2014-08-14	0.007288	0.114045	0.124576	0.114045	0.332191	2181900.000000
2014-08-13	0.007141	0.116477	0.125536	0.114047	0.323208	2732300.000000
2014-08-12	0.001391	0.108737	0.121349	0.108737	0.062847	2444800.000000
2014-08-11	-0.003563	0.113826	0.120881	0.108314	-0.161602	1942800.000000
2014-08-08	0.013644	0.114049	0.129917	0.114049	0.610508	2811700.000000
2014-08-07	0.011364	0.118572	0.133490	0.118572	0.502770	2914000.000000
2014-08-06	-0.021057	0.112941	0.113605	0.085505	-0.951676	5967200.000000
2014-08-05	-0.010895	0.122263	0.128391	0.109570	-0.497826	2880800.000000
2014-08-04	-0.017396	0.122524	0.122524	0.085536	-0.808959	5778300.000000
2014-08-01	0.006155	0.125106	0.142631	0.124240	0.284469	2605500.000000
2014-07-31	-0.019057	0.119795	0.123403	0.102816	-0.897873	2509600.000000
2014-07-30	-0.020151	0.125305	0.127801	0.093278	-0.968979	2890000.000000
2014-07-29	-0.010247	0.127976	0.129829	0.112951	-0.497833	2069600.000000
2014-07-28	0.026870	0.123198	0.155326	0.120873	1.271233	2907900.000000
2014-07-25	-0.014627	0.129888	0.139677	0.102187	-0.702278	3061600.000000
2014-07-24	0.000741	0.124681	0.126557	0.119887	0.035556	2192700.000000
2014-07-23	-0.001480	0.125097	0.128635	0.121767	-0.071125	1785400.000000
2014-07-22	0.000185	0.129052	0.130717	0.122807	0.008889	1213800.000000
2014-07-21	-0.006435	0.123441	0.124269	0.108757	-0.311135	2035900.000000
2014-07-18	0.017016	0.130148	0.145292	0.126151	0.808968	1936200.000000
2014-07-17	-0.013466	0.123851	0.125926	0.109741	-0.648957	2043000.000000
2014-07-16	0.005192	0.127183	0.131981	0.121134	0.248909	2044700.000000
2014-07-15	0.006157	0.124469	0.137271	0.124469	0.293366	2701200.000000
2014-07-14	-0.013073	0.126546	0.130067	0.108733	-0.631168	3134200.000000
2014-07-11	-0.008942	0.123863	0.127968	0.111136	-0.435597	1986400.000000
2014-07-10	0.001645	0.120571	0.128590	0.120571	0.080006	2153200.000000
2014-07-09	0.002933	0.129838	0.132931	0.119734	0.142235	2651900.000000
2014-07-08	0.014506	0.126353	0.142044	0.126353	0.693401	3120500.000000
2014-07-07	0.000186	0.120286	0.132213	0.120286	0.008888	2562900.000000
2014-07-03	-0.007569	0.117413	0.118036	0.104538	-0.364479	2020600.000000
2014-07-02	-0.018837	0.122851	0.124481	0.094938	-0.924541	2731400.000000
2014-07-01	-0.010041	0.126099	0.127713	0.113190	-0.497818	1807000.000000
2014-06-30	0.007952	0.126922	0.137291	0.121433	0.391143	2343200.000000
2014-06-27	0.006000	0.124480	0.133275	0.119776	0.293370	2644400.000000
2014-06-26	-0.002177	0.125093	0.125093	0.118971	-0.106686	2534800.000000
2014-06-25	0.008600	0.122625	0.137033	0.120772	0.417820	2183700.000000
2014-06-24	0.003673	0.120757	0.132533	0.120757	0.177795	1959900.000000
2014-06-23	-0.000551	0.125921	0.126747	0.116424	-0.026664	1794000.000000
2014-06-20	-0.007650	0.124889	0.125913	0.115464	-0.373375	2506500.000000
2014-06-19	0.014412	0.127799	0.142972	0.125513	0.693405	3078400.000000
2014-06-18	0.024806	0.127232	0.153219	0.125741	1.164558	3582800.000000
2014-06-17	-0.005274	0.119168	0.122770	0.107938	-0.248912	1821300.000000
2014-06-16	0.005873	0.124037	0.144710	0.123610	0.275581	2415300.000000
2014-06-13	0.003613	0.123392	0.132375	0.115905	0.168907	1610100.000000
2014-06-12	0.001142	0.123390	0.129814	0.104974	0.053341	2368900.000000
2014-06-11	-0.017396	0.123627	0.125310	0.104689	-0.826748	2741500.000000
2014-06-10	-0.000561	0.124679	0.131198	0.120262	-0.026672	2508500.000000
2014-06-09	-0.010727	0.121768	0.123225	0.110326	-0.515606	2240400.000000
2014-06-06	-0.001846	0.131742	0.132365	0.121982	-0.088898	1601900.000000
2014-06-05	0.003334	0.115513	0.133848	0.115513	0.160023	2778500.000000
2014-06-04	0.000927	0.120718	0.126974	0.119050	0.044441	2753600.000000
2014-06-03	0.008601	0.126151	0.140033	0.122365	0.408932	4483100.000000
2014-06-02	0.002437	0.121726	0.130160	0.118353	0.115570	2340200.000000
2014-05-30	0.010608	0.124463	0.137887	0.124250	0.497818	2757200.000000
2014-05-29	-0.002833	0.127439	0.128501	0.113415	-0.133339	3225900.000000
2014-05-28	0.004554	0.124035	0.131079	0.117418	0.213348	3654400.000000
2014-05-27	0.025092	0.140643	0.157929	0.138674	1.146782	5163500.000000
2014-05-23	-0.001554	0.123797	0.129695	0.121175	-0.071121	1597400.000000
2014-05-22	0.007435	0.126210	0.138315	0.124889	0.337818	1813400.000000
2014-05-21	0.002943	0.127096	0.131070	0.123123	0.133339	1665000.000000
2014-05-20	-0.001176	0.126653	0.136134	0.120479	-0.053333	3391400.000000
2014-05-19	-0.031879	0.122541	0.122968	0.088816	-1.493485	4099100.000000
2014-05-16	0.013072	0.127268	0.140026	0.121429	0.604500	3115900.000000
2014-05-15	-0.006493	0.125104	0.129401	0.116081	-0.302246	2302400.000000
2014-05-14	0.002489	0.124889	0.138888	0.123812	0.115562	2721300.000000
2014-05-13	0.009080	0.129670	0.135973	0.125976	0.417824	2939900.000000
2014-05-12	-0.010703	0.128544	0.128974	0.109409	-0.497825	3597700.000000
2014-05-09	-0.013947	0.125101	0.129129	0.108353	-0.657853	3482400.000000
2014-05-08	-0.008224	0.124679	0.126361	0.111643	-0.391136	3110500.000000
2014-05-07	0.021967	0.127468	0.150030	0.125104	1.022320	3366800.000000
2014-05-06	-0.009558	0.132866	0.135420	0.124566	-0.449089	2973600.000000
2014-05-05	0.010032	0.134988	0.147671	0.132838	0.466698	2988100.000000
2014-05-02	-0.019306	0.130784	0.130784	0.105066	-0.915783	3822900.000000
2014-05-01	0.001115	0.139432	0.140909	0.122126	0.052822	3304600.000000
2014-04-30	-0.001299	0.137951	0.147225	0.133104	-0.061638	3726900.000000
2014-04-29	-0.010287	0.135841	0.139805	0.122491	-0.493118	4460600.000000
2014-04-28	0.019858	0.140313	0.159886	0.140313	0.933410	4753100.000000
2014-04-25	0.020065	0.152126	0.162760	0.142360	0.924591	4546300.000000
2014-04-24	0.008285	0.139134	0.154451	0.129944	0.378640	4579000.000000
2014-04-23	0.004451	0.137391	0.150798	0.136292	0.202537	3055300.000000
2014-04-22	0.000387	0.135633	0.139371	0.126179	0.017613	2783200.000000
2014-04-21	-0.001547	0.132340	0.145073	0.129047	-0.070458	2344200.000000
2014-04-17	-0.014666	0.132388	0.137796	0.116814	-0.678028	2165300.000000
2014-04-16	0.003440	0.134548	0.139540	0.129121	0.158505	2526000.000000
2014-04-15	0.020281	0.136519	0.159329	0.134969	0.915783	3915900.000000
2014-04-14	0.007466	0.143665	0.147458	0.133402	0.334617	2863400.000000
2014-04-11	-0.001765	0.138306	0.146323	0.132738	-0.079250	3052400.000000
2014-04-10	-0.010671	0.136955	0.143565	0.122853	-0.484318	3935300.000000
2014-04-09	0.002529	0.136075	0.140272	0.125472	0.114483	3132100.000000
2014-04-08	0.014204	0.137649	0.153780	0.128016	0.634006	2909000.000000
2014-04-07	-0.001772	0.138317	0.147486	0.133397	-0.079246	2786000.000000
2014-04-04	0.004153	0.140349	0.154272	0.136531	0.184917	2778200.000000
2014-04-03	0.003174	0.137661	0.143293	0.133380	0.140896	1962100.000000
2014-04-02	0.000198	0.134957	0.139238	0.126395	0.008793	2759500.000000
2014-04-01	-0.005132	0.138099	0.138995	0.124649	-0.228947	3006200.000000
2014-03-31	0.013200	0.139721	0.157210	0.135633	0.581185	3276700.000000
2014-03-28	0.004016	0.136089	0.144070	0.132213	0.176109	2668100.000000
2014-03-27	0.009732	0.134712	0.150139	0.128034	0.422665	4253000.000000
2014-03-26	-0.001013	0.137013	0.142074	0.131492	-0.044026	2936300.000000
2014-03-25	0.012510	0.137729	0.152169	0.130276	0.537148	4703000.000000
2014-03-24	-0.002659	0.134936	0.144924	0.131916	-0.114475	4289500.000000
2014-03-21	0.002872	0.140292	0.155667	0.134235	0.123275	5434900.000000
2014-03-20	-0.003882	0.133081	0.135865	0.121014	-0.167301	3756500.000000
2014-03-19	-0.024322	0.135859	0.137897	0.106654	-1.074295	4187000.000000
2014-03-18	-0.002585	0.138343	0.140149	0.130439	-0.114475	2129600.000000
2014-03-17	0.003592	0.137899	0.142205	0.129287	0.158501	2324000.000000
2014-03-14	0.004007	0.135405	0.146327	0.132220	0.176116	1993200.000000
2014-03-13	0.008283	0.136780	0.149398	0.133568	0.361039	2395000.000000
2014-03-12	0.016427	0.134001	0.154521	0.132602	0.704448	2037500.000000
2014-03-11	-0.010364	0.137941	0.139095	0.120633	-0.449089	3522500.000000
2014-03-10	-0.002433	0.135403	0.141388	0.127345	-0.105667	2497800.000000
2014-03-07	0.001624	0.131713	0.138630	0.121337	0.070439	2484000.000000
2014-03-06	-0.008655	0.137690	0.140433	0.124432	-0.378643	2104200.000000
2014-03-05	-0.007393	0.136994	0.141305	0.125876	-0.325810	2044800.000000
2014-03-04	0.006637	0.144312	0.149566	0.139288	0.290592	2507500.000000
2014-03-03	-0.009562	0.130430	0.135633	0.122964	-0.422676	2023600.000000
2014-02-28	0.008032	0.138142	0.150000	0.137685	0.352234	2665000.000000
2014-02-27	-0.009350	0.134503	0.138118	0.120723	-0.413872	2966800.000000
2014-02-26	0.004195	0.140851	0.146976	0.134725	0.184918	2034200.000000
2014-02-25	-0.000200	0.138128	0.146973	0.132458	-0.008801	2398700.000000
2014-02-24	-0.009692	0.136531	0.142596	0.124178	-0.431480	2823000.000000
2014-02-21	0.004370	0.136310	0.148041	0.136084	0.193725	2979800.000000
2014-02-20	0.003789	0.134048	0.149446	0.127707	0.167305	3151700.000000
2014-02-19	-0.004763	0.132478	0.143972	0.128647	-0.211330	2344900.000000
2014-02-18	0.005588	0.136766	0.144471	0.135180	0.246552	3077700.000000
2014-02-14	0.008249	0.132434	0.145230	0.129006	0.361026	2310500.000000
2014-02-13	0.014700	0.131691	0.153254	0.130300	0.634011	2801700.000000
2014-02-12	0.006990	0.133298	0.143571	0.130263	0.299404	2707200.000000
2014-02-11	0.008083	0.134221	0.148343	0.133279	0.343418	2198900.000000
2014-02-10	0.004580	0.133269	0.141544	0.123811	0.193725	3114400.000000
2014-02-07	0.009034	0.139212	0.146608	0.135872	0.378651	2486100.000000
2014-02-06	0.003161	0.135154	0.139701	0.130368	0.132069	3646000.000000
2014-02-05	-0.011340	0.143814	0.144524	0.130800	-0.479252	3380500.000000
2014-02-04	0.003933	0.153776	0.154726	0.141423	0.165554	4266200.000000
2014-02-03	-0.010244	0.150421	0.161236	0.133492	-0.435696	5001600.000000
2014-01-31	0.011816	0.140701	0.165204	0.137608	0.496693	4221400.000000
2014-01-30	0.013658	0.149770	0.167614	0.149529	0.566406	2793400.000000
2014-01-29	0.001684	0.143252	0.158711	0.141802	0.069710	3303000.000000
2014-01-28	0.006995	0.149302	0.155870	0.144681	0.287559	2319300.000000
2014-01-27	0.008766	0.148581	0.162813	0.143674	0.357270	3434500.000000
2014-01-24	-0.018056	0.143504	0.149045	0.126879	-0.749398	3718700.000000
2014-01-23	0.002315	0.145909	0.150739	0.138664	0.095852	3335200.000000
2014-01-22	0.003802	0.147842	0.153660	0.144933	0.156857	2142400.000000
2014-01-21	0.012187	0.151526	0.162077	0.151526	0.496689	1847800.000000
2014-01-17	0.004079	0.150063	0.152773	0.143904	0.165546	2179900.000000
2014-01-16	0.002799	0.147599	0.153035	0.144882	0.113281	1593700.000000
2014-01-15	-0.001290	0.147600	0.149327	0.141678	-0.052265	1742900.000000
2014-01-14	-0.003428	0.148337	0.151288	0.140469	-0.139423	2192000.000000
2014-01-13	-0.011229	0.143709	0.146870	0.129607	-0.461842	2752000.000000
2014-01-10	0.019879	0.155286	0.180083	0.155038	0.801667	2991500.000000
2014-01-09	0.003905	0.150089	0.152827	0.145110	0.156864	1924800.000000
2014-01-08	-0.006037	0.146362	0.148589	0.136712	-0.243996	2552100.000000
2014-01-07	0.006510	0.148596	0.157810	0.147101	0.261410	1789600.000000
2014-01-06	-0.000651	0.148346	0.153822	0.142871	-0.026138	2223600.000000
2014-01-03	-0.000433	0.150585	0.154814	0.139390	-0.017418	2419200.000000
2014-01-02	-0.013051	0.153492	0.155457	0.130413	-0.531548	2752000.000000
2013-12-31	0.002144	0.150798	0.152767	0.143909	0.087143	1454700.000000
2013-12-30	0.003011	0.149574	0.152289	0.145625	0.121990	1920900.000000
2013-12-27	0.001723	0.146116	0.150319	0.140925	0.069706	1657200.000000
2013-12-26	-0.003649	0.150063	0.152033	0.141441	-0.148140	1527100.000000
2013-12-24	0.003879	0.146116	0.154523	0.141912	0.156861	602400.000000
2013-12-23	-0.006635	0.153249	0.154477	0.138757	-0.270138	2466500.000000
2013-12-20	0.007331	0.149332	0.165167	0.148589	0.296272	4407100.000000
2013-12-19	-0.002795	0.139951	0.149574	0.124159	-0.113270	4386300.000000
2013-12-18	0.015059	0.150104	0.165382	0.133073	0.601258	3408300.000000
2013-12-17	-0.003263	0.148348	0.148848	0.139861	-0.130726	2334600.000000
2013-12-16	0.003712	0.153864	0.164638	0.145846	0.148140	3333200.000000
2013-12-13	-0.001961	0.147600	0.152601	0.139597	-0.078419	2180000.000000
2013-12-12	0.002403	0.148853	0.159632	0.146848	0.095852	2806000.000000
2013-12-11	-0.008232	0.149837	0.149837	0.136661	-0.331127	2954200.000000
2013-12-10	-0.011986	0.150547	0.153249	0.131388	-0.487980	3488400.000000
2013-12-09	-0.008068	0.143458	0.144920	0.130300	-0.331120	4209500.000000
2013-12-06	0.013339	0.149081	0.165376	0.148340	0.540253	3607600.000000
2013-12-05	-0.008109	0.144171	0.146620	0.136334	-0.331123	4218000.000000
2013-12-04	-0.000213	0.144172	0.154210	0.137316	-0.008717	3559500.000000
2013-12-03	0.005147	0.142924	0.156213	0.140955	0.209137	3170900.000000
2013-12-02	-0.009137	0.151258	0.151258	0.130286	-0.374695	3557600.000000
2013-11-29	-0.000213	0.147843	0.158327	0.147112	-0.008716	1519200.000000
2013-11-27	-0.007799	0.147116	0.149777	0.137198	-0.322407	3276600.000000
2013-11-26	-0.002313	0.149289	0.153151	0.142531	-0.095852	3647500.000000
2013-11-25	-0.003145	0.147600	0.151449	0.140863	-0.130715	2935800.000000
2013-11-22	0.001470	0.145431	0.151455	0.140130	0.060997	2622700.000000
2013-11-21	0.002526	0.150015	0.156295	0.143976	0.104569	2524200.000000
2013-11-20	-0.010415	0.149512	0.153575	0.134453	-0.435699	3390500.000000
2013-11-19	-0.006416	0.144750	0.149262	0.136199	-0.270127	3682700.000000
2013-11-18	0.010034	0.157195	0.161033	0.151438	0.418274	4476700.000000
2013-11-15	0.005253	0.144465	0.153869	0.140848	0.217842	3113500.000000
2013-11-14	0.005706	0.149783	0.157786	0.146387	0.235283	3672700.000000
2013-11-13	-0.001056	0.142754	0.146631	0.127734	-0.043579	4503700.000000
2013-11-12	0.005733	0.163681	0.165873	0.152473	0.235275	7700500.000000
2013-11-11	0.018378	0.161743	0.185563	0.155043	0.740670	5700900.000000
2013-11-08	0.000000	0.143629	0.148344	0.125268	0.000000	3783600.000000
2013-11-07	-0.010483	0.147845	0.151037	0.133604	-0.426972	3239700.000000
2013-11-06	0.014543	0.152084	0.165535	0.147102	0.583836	3399200.000000
2013-11-05	-0.013139	0.160055	0.164479	0.144813	-0.534466	5175800.000000
2013-11-04	0.003189	0.164247	0.165727	0.151177	0.129310	3914900.000000
2013-11-01	0.004270	0.164017	0.170952	0.160798	0.172402	2989200.000000
2013-10-31	-0.005520	0.161533	0.164242	0.141336	-0.224121	3948600.000000
2013-10-30	-0.003597	0.163736	0.167662	0.154410	-0.146557	3836900.000000
2013-10-29	-0.000634	0.162017	0.167167	0.156376	-0.025860	3176300.000000
2013-10-28	0.000423	0.158828	0.166925	0.156374	0.017243	12285900.000000
2013-10-25	0.011986	0.159061	0.174456	0.153102	0.482738	9816800.000000
2013-10-24	0.004299	0.160055	0.167037	0.151077	0.172401	8961900.000000
2013-10-23	0.028294	0.179543	0.205441	0.164670	1.103398	6079300.000000
2013-10-22	0.013441	0.161874	0.182663	0.156416	0.517219	3655300.000000
2013-10-21	-0.004016	0.160572	0.161607	0.148666	-0.155170	2406800.000000
2013-10-18	0.004257	0.159794	0.167852	0.155116	0.163784	2688600.000000
2013-10-17	0.019648	0.158995	0.186028	0.153959	0.741352	3592300.000000
2013-10-16	0.006670	0.161922	0.167792	0.154985	0.249985	2531200.000000
2013-10-15	-0.013388	0.154527	0.158475	0.142945	-0.508595	2292300.000000
2013-10-14	-0.004518	0.157434	0.158483	0.136471	-0.172401	2827400.000000
2013-10-11	0.002945	0.158215	0.165836	0.155324	0.112057	1891500.000000
2013-10-10	0.010531	0.162179	0.173865	0.148900	0.396526	2682300.000000
2013-10-09	0.004369	0.161122	0.184861	0.159254	0.163795	3545900.000000
2013-10-08	0.008113	0.157097	0.181298	0.156559	0.301705	2698600.000000
2013-10-07	-0.004614	0.153096	0.166211	0.151489	-0.172398	1767900.000000
2013-10-04	0.000230	0.161661	0.167551	0.156574	0.008606	1707800.000000
2013-10-03	-0.012534	0.152652	0.153974	0.141813	-0.474106	3108300.000000
2013-10-02	0.003660	0.157401	0.164300	0.152625	0.137925	2359000.000000
2013-10-01	0.008535	0.164604	0.172364	0.159519	0.318950	2163700.000000
2013-09-30	-0.002072	0.154447	0.164327	0.152310	-0.077583	2429300.000000
2013-09-27	-0.004583	0.152346	0.162979	0.148890	-0.172405	1803700.000000
2013-09-26	-0.003426	0.158730	0.165353	0.151047	-0.129311	1724300.000000
2013-09-25	-0.009500	0.162416	0.163991	0.148509	-0.362045	2153200.000000
2013-09-24	-0.002707	0.160054	0.161101	0.153250	-0.103455	2460900.000000
2013-09-23	0.013721	0.162442	0.186317	0.159259	0.517223	3713600.000000
2013-09-20	-0.021043	0.157198	0.159016	0.133825	-0.810302	3950200.000000
2013-09-19	-0.003124	0.162902	0.168080	0.147369	-0.120682	4187000.000000
2013-09-18	0.037268	0.156026	0.211344	0.152536	1.387859	6238000.000000
2013-09-17	0.008874	0.161138	0.171162	0.158971	0.327572	2611900.000000
2013-09-16	0.004693	0.176386	0.182646	0.162777	0.172417	3005300.000000
2013-09-13	0.016698	0.165036	0.187174	0.163652	0.603413	4836600.000000
2013-09-12	-0.006871	0.163352	0.169399	0.150435	-0.249993	3227800.000000
2013-09-11	-0.015854	0.157891	0.159514	0.140310	-0.586174	4358700.000000
2013-09-10	0.005156	0.163589	0.168754	0.157064	0.189640	2129200.000000
2013-09-09	0.002585	0.162235	0.165778	0.155966	0.094822	2010800.000000
2013-09-06	0.009967	0.166662	0.183729	0.166111	0.362061	3384100.000000
2013-09-05	-0.001659	0.159505	0.166650	0.156207	-0.060349	2250300.000000
2013-09-04	0.001186	0.160055	0.165007	0.150975	0.043106	2316400.000000
2013-09-03	-0.014953	0.166288	0.168999	0.140268	-0.551704	2556800.000000
2013-08-30	0.002577	0.160598	0.169294	0.157609	0.094829	1940600.000000
2013-08-29	-0.007440	0.156009	0.160324	0.147648	-0.275844	1719200.000000
2013-08-28	0.005611	0.161953	0.171175	0.153545	0.206882	2068400.000000
2013-08-27	0.002814	0.149991	0.169575	0.149447	0.103447	3319700.000000
2013-08-26	-0.011817	0.161130	0.161667	0.144734	-0.439644	2297300.000000
2013-08-23	0.011010	0.163315	0.177989	0.160598	0.405159	4322400.000000
2013-08-22	0.007553	0.160876	0.171006	0.158960	0.275853	3055800.000000
2013-08-21	-0.010509	0.158700	0.160325	0.145425	-0.387921	3476600.000000
2013-08-20	0.003280	0.159511	0.181255	0.159239	0.120686	4807800.000000
2013-08-19	-0.014546	0.157912	0.164340	0.142377	-0.543076	2644200.000000
2013-08-16	-0.010736	0.156080	0.157670	0.137797	-0.405155	3008100.000000
2013-08-15	-0.013297	0.154303	0.158224	0.142537	-0.508594	2388600.000000
2013-08-14	0.001354	0.157175	0.162149	0.147488	0.051723	2791500.000000
2013-08-13	-0.008503	0.160574	0.161353	0.148633	-0.327572	2176500.000000
2013-08-12	-0.006889	0.156703	0.157219	0.146134	-0.267231	2688400.000000
2013-08-09	-0.011423	0.158016	0.162858	0.146038	-0.448250	2556100.000000
2013-08-08	0.001099	0.161330	0.164647	0.154697	0.043091	2114400.000000
2013-08-07	0.003753	0.156982	0.169017	0.155189	0.146549	3127500.000000
2013-08-06	-0.012934	0.172350	0.172350	0.153898	-0.511680	3404600.000000
2013-08-05	-0.004079	0.170589	0.171344	0.163540	-0.162037	1623600.000000
2013-08-02	0.000644	0.169831	0.173862	0.165549	0.025581	1887100.000000
2013-08-01	0.004315	0.175891	0.180192	0.162230	0.170563	2974400.000000
2013-07-31	-0.004297	0.172602	0.175121	0.158748	-0.170563	3230500.000000
2013-07-30	-0.003212	0.177122	0.183650	0.168334	-0.127926	2368000.000000
2013-07-29	0.004950	0.165285	0.186481	0.165285	0.196160	10545700.000000
2013-07-26	0.014407	0.170811	0.189496	0.166715	0.562839	11332000.000000
2013-07-25	-0.012290	0.165018	0.174119	0.156927	-0.486091	12943700.000000
2013-07-24	-0.015287	0.170611	0.172851	0.149947	-0.614025	2503000.000000
2013-07-23	0.000212	0.173101	0.180073	0.170610	0.008533	1702100.000000
2013-07-22	-0.001061	0.170613	0.175836	0.170364	-0.042641	1334800.000000
2013-07-19	-0.001694	0.172851	0.177817	0.168629	-0.068229	2695500.000000
2013-07-18	0.002761	0.174346	0.181567	0.171606	0.110870	2457100.000000
2013-07-17	-0.002964	0.180796	0.181540	0.161430	-0.119392	2040600.000000
2013-07-16	-0.005684	0.174578	0.174578	0.158284	-0.230256	2637600.000000
2013-07-15	0.020408	0.170083	0.198548	0.168068	0.810158	3096200.000000
2013-07-12	0.006704	0.173363	0.182239	0.165756	0.264370	3187400.000000
2013-07-11	0.018054	0.182929	0.195063	0.176992	0.699307	3857300.000000
2013-07-10	0.019071	0.173655	0.196807	0.171287	0.724880	3457800.000000
2013-07-09	0.000000	0.177338	0.180758	0.170761	0.000000	4151500.000000
2013-07-08	0.006549	0.173132	0.189816	0.169690	0.247318	4108200.000000
2013-07-05	-0.004049	0.174185	0.176559	0.153877	-0.153507	1870500.000000
2013-07-03	-0.000450	0.167857	0.176557	0.164430	-0.017063	1147700.000000
2013-07-02	0.000225	0.169438	0.180777	0.167329	0.008533	4815400.000000
2013-07-01	-0.006923	0.177840	0.181244	0.157939	-0.264366	3251100.000000
2013-06-28	0.006744	0.173921	0.187629	0.168912	0.255833	3285000.000000
2013-06-27	-0.002690	0.175495	0.189429	0.167081	-0.102333	2815700.000000
2013-06-26	0.015714	0.180080	0.193966	0.179279	0.588436	2735300.000000
2013-06-25	0.007804	0.179600	0.191980	0.168297	0.289955	3178000.000000
2013-06-24	-0.004797	0.164032	0.177424	0.150372	-0.179085	2795600.000000
2013-06-21	0.013660	0.181019	0.195680	0.162829	0.503147	5149500.000000
2013-06-20	-0.035722	0.166320	0.166320	0.128358	-1.364479	5732500.000000
2013-06-19	-0.024183	0.170303	0.173369	0.143990	-0.946617	4245600.000000
2013-06-18	0.007242	0.173632	0.186498	0.170544	0.281426	2853400.000000
2013-06-17	0.001319	0.178787	0.185228	0.170026	0.051174	3553500.000000
2013-06-14	-0.008929	0.169538	0.179242	0.160856	-0.349659	3946000.000000
2013-06-13	0.015929	0.173381	0.192059	0.163782	0.614014	3010200.000000
2013-06-12	-0.003527	0.182167	0.190957	0.165881	-0.136445	3535200.000000
2013-06-11	-0.011980	0.163663	0.170815	0.157278	-0.469028	3272500.000000
2013-06-10	-0.005201	0.177938	0.181241	0.163201	-0.204685	4701600.000000
2013-06-07	0.010510	0.174657	0.190062	0.171576	0.409347	4548700.000000
2013-06-06	0.001316	0.173374	0.178516	0.162576	0.051174	4674300.000000
2013-06-05	-0.009555	0.168019	0.169547	0.158598	-0.375240	2828800.000000
2013-06-04	-0.001951	0.169553	0.175906	0.163453	-0.076755	3282800.000000
2013-06-03	0.006984	0.172091	0.185142	0.152129	0.272899	4676200.000000
2013-05-31	-0.005858	0.169550	0.188376	0.164461	-0.230251	2809700.000000
2013-05-30	-0.002165	0.177426	0.206620	0.169048	-0.085285	3593300.000000
2013-05-29	-0.007947	0.162529	0.166054	0.147670	-0.315541	4280200.000000
2013-05-28	-0.024104	0.158593	0.160805	0.138194	-0.980720	7232600.000000
2013-05-24	-0.011806	0.164831	0.171388	0.156573	-0.486099	2110600.000000
2013-05-23	-0.006380	0.162708	0.171396	0.111788	-0.264370	2947100.000000
2013-05-22	-0.015600	0.171177	0.184956	0.151935	-0.656658	2938900.000000
2013-05-21	-0.002224	0.172603	0.177343	0.163832	-0.093808	2032000.000000
2013-05-20	-0.003425	0.171421	0.176146	0.167169	-0.144981	1751500.000000
2013-05-17	0.012029	0.174993	0.186946	0.173320	0.503155	2243200.000000
2013-05-16	-0.007286	0.170467	0.173552	0.162635	-0.307011	2228100.000000
2013-05-15	0.011050	0.172363	0.193717	0.170683	0.460514	2862700.000000
2013-05-14	0.004110	0.174289	0.179590	0.169712	0.170570	2484100.000000
2013-05-13	-0.003073	0.169000	0.171402	0.163475	-0.127925	2768000.000000
2013-05-10	-0.000205	0.171402	0.175004	0.162517	-0.008534	2691200.000000
2013-05-09	-0.025738	0.172135	0.175644	0.140083	-1.100101	3444800.000000
2013-05-08	-0.009095	0.168893	0.171907	0.156838	-0.392296	3171700.000000
2013-05-07	0.012089	0.186074	0.198509	0.184431	0.515209	2580600.000000
2013-05-06	-0.012138	0.181876	0.184426	0.169128	-0.523659	2611700.000000
2013-05-03	-0.001759	0.189053	0.191598	0.180492	-0.076019	2820800.000000
2013-05-02	-0.001171	0.183963	0.186967	0.177260	-0.050667	2163500.000000
2013-05-01	-0.003889	0.185113	0.187876	0.176826	-0.168934	2669700.000000
2013-04-30	0.002339	0.183039	0.188347	0.179578	0.101357	2638400.000000
2013-04-29	0.015235	0.188413	0.203640	0.184431	0.650360	7912900.000000
2013-04-26	-0.004334	0.170668	0.186762	0.170434	-0.185806	7132800.000000
2013-04-25	-0.002751	0.186288	0.190243	0.178147	-0.118260	7199500.000000
2013-04-24	0.005134	0.186768	0.195652	0.179053	0.219608	2751500.000000
2013-04-23	0.005360	0.183022	0.190309	0.178321	0.228039	2659900.000000
2013-04-22	0.008611	0.184200	0.199373	0.180881	0.363198	2396700.000000
2013-04-19	0.009297	0.187073	0.198798	0.184202	0.388527	3046800.000000
2013-04-18	0.002228	0.186360	0.188519	0.178926	0.092899	2263200.000000
2013-04-17	-0.003431	0.181094	0.185396	0.168906	-0.143582	2681200.000000
2013-04-16	0.009578	0.186617	0.196026	0.179861	0.396973	2412900.000000
2013-04-15	-0.018207	0.180172	0.183489	0.162406	-0.768608	2259300.000000
2013-04-12	0.001001	0.181828	0.186571	0.178983	0.042233	1685200.000000
2013-04-11	0.005842	0.185393	0.192549	0.179908	0.244934	2405400.000000
2013-04-10	0.013061	0.185654	0.202326	0.185654	0.540561	2556200.000000
2013-04-09	-0.004672	0.186367	0.186367	0.177709	-0.194267	1680200.000000
2013-04-08	0.010675	0.182504	0.196844	0.179830	0.439194	1891800.000000
2013-04-05	0.001028	0.175203	0.188099	0.168877	0.042244	2237200.000000
2013-04-04	0.011643	0.185193	0.199224	0.185193	0.472992	2086200.000000
2013-04-03	-0.004965	0.185922	0.187391	0.174165	-0.202717	2125200.000000
2013-04-02	-0.003299	0.186892	0.193239	0.176151	-0.135128	3028400.000000
2013-04-01	-0.002673	0.182015	0.183232	0.178119	-0.109806	1561100.000000
2013-03-28	0.009969	0.184454	0.196995	0.182733	0.405418	2803400.000000
2013-03-27	0.002498	0.176814	0.187906	0.173856	0.101353	1819600.000000
2013-03-26	0.007763	0.186695	0.195886	0.183466	0.312511	1380300.000000
2013-03-25	-0.004179	0.187426	0.193115	0.174809	-0.168930	2029800.000000
2013-03-22	0.004829	0.185454	0.195397	0.184460	0.194267	1561600.000000
2013-03-21	-0.008947	0.180021	0.183223	0.172630	-0.363185	1921900.000000
2013-03-20	0.007547	0.187685	0.196125	0.185948	0.304061	2084700.000000
2013-03-19	0.000210	0.185949	0.191410	0.179245	0.008450	1847100.000000
2013-03-18	-0.004384	0.179513	0.184210	0.177289	-0.177368	2019700.000000
2013-03-15	0.004614	0.178003	0.195633	0.176265	0.185818	3267700.000000
2013-03-14	0.005059	0.185959	0.190201	0.180468	0.202697	2228000.000000
2013-03-13	0.003172	0.184213	0.189220	0.181709	0.126698	1359400.000000
2013-03-12	-0.001899	0.184212	0.187461	0.176716	-0.076012	2003200.000000
2013-03-11	-0.002317	0.181220	0.186206	0.178727	-0.092918	2167400.000000
2013-03-08	0.002110	0.188959	0.188959	0.177716	0.084465	2298700.000000
2013-03-07	-0.005665	0.183466	0.189428	0.177255	-0.228043	1690800.000000
2013-03-06	0.000000	0.184459	0.187689	0.178249	0.000000	1986000.000000
2013-03-05	0.004214	0.185958	0.194190	0.183463	0.168926	2806300.000000
2013-03-04	0.016056	0.181681	0.204494	0.179907	0.633465	3842200.000000
2013-03-01	-0.001710	0.179661	0.183963	0.173082	-0.067566	2979800.000000
2013-02-28	0.002786	0.182947	0.193351	0.178887	0.109795	2456100.000000
2013-02-27	0.007123	0.184729	0.193673	0.179873	0.278721	2200100.000000
2013-02-26	0.014230	0.195626	0.203401	0.186036	0.549011	3965600.000000
2013-02-25	-0.010827	0.185757	0.191141	0.171143	-0.422317	3086700.000000
2013-02-22	0.018078	0.189183	0.205366	0.187617	0.692596	2171700.000000
2013-02-21	-0.004608	0.180325	0.183703	0.175129	-0.177364	2481200.000000
2013-02-20	0.000219	0.185781	0.192538	0.182663	0.008438	3319100.000000
2013-02-19	0.009528	0.185799	0.198391	0.184225	0.363182	3398700.000000
2013-02-15	0.008041	0.185814	0.195334	0.183698	0.304069	4384900.000000
2013-02-14	-0.003561	0.179483	0.180800	0.170260	-0.135139	3665200.000000
2013-02-13	0.000668	0.183171	0.187654	0.180270	0.025329	1324500.000000
2013-02-12	0.003801	0.183962	0.189521	0.180521	0.143597	1694300.000000
2013-02-11	0.003590	0.183962	0.188478	0.181571	0.135132	1372400.000000
2013-02-08	0.001573	0.185292	0.187421	0.177311	0.059124	2312800.000000
2013-02-07	-0.001795	0.188742	0.191398	0.177854	-0.067574	2004100.000000
2013-02-06	0.004507	0.182895	0.190098	0.179961	0.168930	3153400.000000
2013-02-05	-0.003333	0.197830	0.204478	0.191183	-0.125358	3095700.000000
2013-02-04	-0.005305	0.194385	0.197823	0.188831	-0.200585	3576400.000000
2013-02-01	-0.001104	0.201520	0.201520	0.194387	-0.041793	2372700.000000
2013-01-31	0.003990	0.195705	0.202602	0.194644	0.150444	2426600.000000
2013-01-30	0.001999	0.195970	0.202880	0.193312	0.075218	3019000.000000
2013-01-29	0.011913	0.197308	0.213444	0.196232	0.442951	8931200.000000
2013-01-28	0.000675	0.197846	0.198385	0.188427	0.025074	7392200.000000
2013-01-25	0.006110	0.198938	0.204082	0.194876	0.225655	6944000.000000
2013-01-24	0.002041	0.200028	0.204098	0.194873	0.075237	2274300.000000
2013-01-23	0.001817	0.193511	0.201937	0.184542	0.066853	3530700.000000
2013-01-22	0.011722	0.192651	0.210526	0.190726	0.426246	2295300.000000
2013-01-18	0.007176	0.197332	0.205087	0.191515	0.259075	2346400.000000
2013-01-17	0.001855	0.193448	0.204270	0.191506	0.066864	1902200.000000
2013-01-16	-0.000927	0.196501	0.199827	0.194006	-0.033435	1564500.000000
2013-01-15	-0.001850	0.192904	0.195947	0.189306	-0.066857	2187600.000000
2013-01-14	0.000000	0.196501	0.200375	0.193734	0.000000	2047000.000000
2013-01-11	-0.007118	0.190731	0.197600	0.182764	-0.259083	2849600.000000
2013-01-10	0.009036	0.198996	0.207312	0.195392	0.325940	2071000.000000
2013-01-09	0.000232	0.195115	0.200106	0.190123	0.008369	2064800.000000
2013-01-08	-0.005073	0.193742	0.197329	0.189328	-0.183868	2517400.000000
2013-01-07	-0.004133	0.193204	0.195677	0.186061	-0.150441	2361500.000000
2013-01-04	-0.001605	0.197049	0.199244	0.192661	-0.058506	2679200.000000
2013-01-03	-0.000688	0.196501	0.202257	0.193211	-0.025081	2355300.000000
2013-01-02	0.022727	0.210238	0.223694	0.209397	0.810703	3979400.000000
2012-12-31	0.011135	0.193950	0.211241	0.188280	0.392815	3289000.000000
2012-12-28	-0.010084	0.190047	0.197062	0.184435	-0.359379	1726400.000000
2012-12-27	-0.003506	0.193984	0.199856	0.181122	-0.125366	2377700.000000
2012-12-26	-0.009491	0.198716	0.200932	0.183483	-0.342675	1760100.000000
2012-12-24	-0.005754	0.195399	0.196776	0.183834	-0.208938	954800.000000
2012-12-21	-0.003440	0.182780	0.197050	0.179212	-0.125359	5648100.000000
2012-12-20	0.002069	0.198976	0.203926	0.195401	0.075222	2170300.000000
2012-12-19	-0.009110	0.200043	0.200043	0.184784	-0.334312	2039100.000000
2012-12-18	0.008730	0.195676	0.212168	0.192378	0.317592	3328400.000000
2012-12-17	0.016106	0.197897	0.217727	0.197897	0.576680	2400800.000000
2012-12-14	-0.002329	0.194272	0.200959	0.190928	-0.083573	2204300.000000
2012-12-13	-0.012420	0.196226	0.198152	0.179440	-0.451320	2092900.000000
2012-12-12	0.000921	0.197603	0.205315	0.194298	0.033432	2176400.000000
2012-12-11	0.001614	0.197605	0.203674	0.194294	0.058506	2283900.000000
2012-12-10	0.002311	0.197607	0.200649	0.192353	0.083572	1688700.000000
2012-12-07	0.000000	0.198990	0.202308	0.189864	0.000000	1948700.000000
2012-12-06	0.001620	0.197332	0.202871	0.192069	0.058498	1659200.000000
2012-12-05	0.020071	0.196218	0.227861	0.195936	0.710408	3452900.000000
2012-12-04	0.001656	0.198765	0.202161	0.196218	0.058513	1500200.000000
2012-12-03	-0.008675	0.196501	0.197904	0.181071	-0.309238	2208900.000000
2012-11-30	0.011142	0.201890	0.210400	0.195933	0.392803	3183900.000000
2012-11-29	0.007163	0.195644	0.205929	0.191930	0.250732	2157600.000000
2012-11-28	0.010374	0.197078	0.208913	0.190439	0.359383	2192100.000000
2012-11-27	-0.000723	0.196501	0.204578	0.191598	-0.025062	2342900.000000
2012-11-26	0.010967	0.195043	0.213415	0.193585	0.376087	2659100.000000
2012-11-23	0.000976	0.198836	0.199712	0.187452	0.033428	1179400.000000
2012-11-21	-0.004614	0.199116	0.199116	0.178486	-0.158795	2702600.000000
2012-11-20	-0.006514	0.196501	0.197944	0.183800	-0.225658	3050800.000000
2012-11-19	-0.001686	0.201400	0.203129	0.186991	-0.058502	2193700.000000
2012-11-16	0.013672	0.197669	0.214028	0.191243	0.468033	2616300.000000
2012-11-15	-0.005343	0.193886	0.204927	0.183135	-0.183873	2553700.000000
2012-11-14	-0.003870	0.197369	0.199974	0.186950	-0.133716	2695100.000000
2012-11-13	0.001696	0.192732	0.207518	0.191572	0.058502	2753900.000000
2012-11-12	-0.012679	0.195929	0.198505	0.175033	-0.442955	2849900.000000
2012-11-09	-0.005709	0.192801	0.199916	0.188247	-0.200600	2002400.000000
2012-11-08	-0.000713	0.196501	0.209868	0.195363	-0.025062	2626300.000000
2012-11-07	-0.018203	0.179747	0.188124	0.167182	-0.651898	4281800.000000
2012-11-06	-0.003909	0.210737	0.216022	0.202949	-0.140548	3770000.000000
2012-11-05	-0.016731	0.204975	0.207163	0.188293	-0.611756	2249300.000000
2012-11-02	-0.003604	0.216437	0.216437	0.203630	-0.132270	1999800.000000
2012-11-01	-0.001125	0.213163	0.214524	0.205814	-0.041337	1860000.000000
2012-10-31	0.011149	0.216230	0.226138	0.210726	0.405079	2416200.000000
2012-10-26	0.000911	0.211829	0.214032	0.203564	0.033074	6276800.000000
2012-10-25	0.002054	0.217354	0.222599	0.206036	0.074402	6292600.000000
2012-10-24	-0.017929	0.206914	0.211522	0.184142	-0.661366	3822600.000000
2012-10-23	-0.007341	0.202897	0.206665	0.194017	-0.272808	1893300.000000
2012-10-22	-0.000667	0.210700	0.213927	0.201826	-0.024803	1765900.000000
2012-10-19	-0.006406	0.205350	0.211495	0.196265	-0.239739	2096400.000000
2012-10-18	0.005553	0.209625	0.220103	0.205863	0.206669	2151200.000000
2012-10-17	0.010323	0.212339	0.226998	0.209896	0.380284	2420500.000000
2012-10-16	0.001123	0.212614	0.217234	0.205548	0.041340	1345500.000000
2012-10-15	0.008840	0.210448	0.222237	0.206335	0.322422	1574800.000000
2012-10-12	-0.002712	0.212906	0.216734	0.203610	-0.099205	1344300.000000
2012-10-11	0.003630	0.215936	0.223620	0.208801	0.132263	1722900.000000
2012-10-10	-0.007877	0.209080	0.209897	0.199279	-0.289341	1824500.000000
2012-10-09	0.001578	0.208534	0.216169	0.207989	0.057865	1320500.000000
2012-10-08	0.003166	0.208804	0.215369	0.204701	0.115745	1250600.000000
2012-10-05	-0.005398	0.213162	0.213434	0.201463	-0.198417	1874000.000000
2012-10-04	0.000450	0.210986	0.218879	0.208536	0.016536	1600100.000000
2012-10-03	0.006113	0.209898	0.218662	0.206338	0.223206	1671300.000000
2012-10-02	0.005921	0.211278	0.216787	0.206594	0.214947	1738300.000000
2012-10-01	-0.000683	0.213204	0.219535	0.206321	-0.024796	1540200.000000
2012-09-28	0.002738	0.209073	0.215422	0.202724	0.099198	2553100.000000
2012-09-27	-0.012173	0.211534	0.211806	0.192718	-0.446419	2641600.000000
2012-09-26	0.000000	0.212079	0.221896	0.207171	0.000000	1783200.000000
2012-09-25	-0.002025	0.210441	0.220238	0.206631	-0.074410	1999200.000000
2012-09-24	0.009998	0.212648	0.224741	0.210174	0.363751	1994300.000000
2012-09-21	0.000910	0.212376	0.213201	0.204398	0.033077	3005000.000000
2012-09-20	0.003194	0.206589	0.217904	0.205761	0.115734	1932200.000000
2012-09-19	0.007123	0.210459	0.220465	0.206011	0.256279	2028500.000000
2012-09-18	-0.001148	0.207404	0.209625	0.199630	-0.041336	2243700.000000
2012-09-17	-0.002061	0.210733	0.214612	0.203807	-0.074402	1868700.000000
2012-09-14	-0.006825	0.207148	0.208249	0.196692	-0.248016	3515900.000000
2012-09-13	0.010575	0.204619	0.222416	0.204619	0.380283	2205100.000000
2012-09-12	0.001612	0.210739	0.213245	0.204611	0.057869	2308500.000000
2012-09-11	0.000922	0.213249	0.214085	0.209346	0.033074	1462100.000000
2012-09-10	-0.001611	0.216026	0.216026	0.207398	-0.057873	1560500.000000
2012-09-07	-0.001379	0.210459	0.213794	0.205456	-0.049599	1954900.000000
2012-09-06	0.013271	0.215257	0.227368	0.211877	0.471211	2058300.000000
2012-09-05	-0.004404	0.215513	0.215513	0.203456	-0.157074	1588400.000000
