2017-09-01	0.005618	0.004213	0.007022	-0.012640	0.040000	157800.000000
2017-08-31	0.012802	0.000000	0.019915	0.000000	0.090000	138000.000000
2017-08-30	0.001425	-0.007123	0.004274	-0.007123	0.010000	74700.000000
2017-08-29	-0.004255	-0.007092	0.005674	-0.008511	-0.030000	51900.000000
2017-08-28	-0.012605	-0.002801	-0.002801	-0.019608	-0.090000	72000.000000
2017-08-25	0.020000	-0.001429	0.025714	-0.018571	0.140000	112500.000000
2017-08-24	-0.016854	-0.002809	0.008427	-0.019663	-0.120000	88600.000000
2017-08-23	0.020057	-0.007163	0.025788	-0.007163	0.140000	120700.000000
2017-08-22	-0.016901	0.004225	0.008451	-0.018310	-0.120000	95900.000000
2017-08-21	0.012839	-0.001427	0.015692	-0.012839	0.090000	71100.000000
2017-08-18	-0.001425	-0.005698	0.008547	-0.018519	-0.010000	126200.000000
2017-08-17	-0.016807	-0.008403	0.005602	-0.016807	-0.120000	140600.000000
2017-08-16	-0.001399	0.008392	0.013986	-0.018182	-0.010000	145600.000000
2017-08-15	-0.021888	-0.002736	0.002736	-0.043776	-0.160000	150800.000000
2017-08-14	0.001370	0.005479	0.020548	-0.013699	0.010000	111300.000000
2017-08-11	-0.017497	0.002692	0.026918	-0.049798	-0.130000	272500.000000
2017-08-10	-0.010652	0.005326	0.011451	-0.029294	-0.080000	93400.000000
2017-08-09	0.018996	0.020353	0.045590	-0.010855	0.140000	115800.000000
2017-08-08	-0.027704	-0.010554	0.005277	-0.038259	-0.210000	86800.000000
2017-08-07	0.007979	0.005319	0.018617	-0.010638	0.060000	94100.000000
2017-08-04	0.004005	-0.001335	0.023364	-0.009346	0.030000	96000.000000
2017-08-03	-0.059045	-0.030151	-0.001256	-0.065327	-0.470000	173800.000000
2017-08-02	0.014013	0.000000	0.026752	-0.006369	0.110000	120000.000000
2017-08-01	0.006410	0.000000	0.019231	-0.010256	0.050000	117900.000000
2017-07-31	-0.018868	0.003774	0.018868	-0.028931	-0.150000	247200.000000
2017-07-28	0.040576	-0.011780	0.044503	-0.011780	0.310000	208300.000000
2017-07-27	-0.078408	0.013269	0.013269	-0.125452	-0.650000	405700.000000
2017-07-26	-0.042725	0.004619	0.010277	-0.061201	-0.370000	231300.000000
2017-07-25	-0.003452	0.010357	0.033372	-0.014960	-0.030000	111800.000000
2017-07-24	0.000000	0.000000	0.041427	-0.032221	0.000000	302000.000000
2017-07-21	0.023557	0.005889	0.028269	-0.012956	0.200000	252100.000000
2017-07-20	0.017986	0.007194	0.023981	-0.008393	0.150000	180500.000000
2017-07-19	0.013366	0.002430	0.030377	-0.003281	0.110000	163900.000000
2017-07-18	-0.027187	0.000000	0.014184	-0.031915	-0.230000	142500.000000
2017-07-17	0.031707	0.003659	0.036585	-0.012195	0.260000	157000.000000
2017-07-14	-0.020311	-0.008363	0.015532	-0.031063	-0.170000	282100.000000
2017-07-13	0.021978	0.010989	0.035165	0.001221	0.180000	225100.000000
2017-07-12	0.008621	0.009852	0.033251	0.000000	0.070000	318300.000000
2017-07-11	0.017544	0.000000	0.017544	-0.015038	0.140000	292900.000000
2017-07-10	0.007576	0.005051	0.010101	-0.012626	0.060000	177200.000000
2017-07-07	0.000000	0.006313	0.006313	-0.037247	0.000000	196700.000000
2017-07-06	0.044855	0.001319	0.052770	-0.032322	0.340000	294100.000000
2017-07-05	0.024324	0.001351	0.029054	-0.011081	0.180000	206000.000000
2017-07-03	0.030641	-0.001393	0.037604	-0.015320	0.220000	76000.000000
2017-06-30	-0.017784	0.000000	0.019152	-0.020520	-0.130000	193500.000000
2017-06-29	0.029577	0.008451	0.032394	-0.004225	0.210000	193900.000000
2017-06-28	0.015737	0.007153	0.042918	0.004292	0.110000	160700.000000
2017-06-27	-0.025105	0.000000	0.006974	-0.027894	-0.180000	142000.000000
2017-06-26	0.017021	0.014184	0.026950	-0.007092	0.120000	249900.000000
2017-06-23	0.001420	0.000000	0.005682	-0.008523	0.010000	355900.000000
2017-06-22	0.002849	-0.002849	0.025641	-0.038462	0.020000	231300.000000
2017-06-21	-0.052632	0.006748	0.006748	-0.058030	-0.390000	138500.000000
2017-06-20	-0.006702	0.004021	0.018767	-0.016086	-0.050000	161900.000000
2017-06-19	0.050704	0.007042	0.052113	0.007042	0.360000	219300.000000
2017-06-16	0.005666	-0.005666	0.009915	-0.008499	0.040000	373200.000000
2017-06-15	-0.005634	-0.002817	0.007042	-0.016901	-0.040000	141300.000000
2017-06-14	-0.009763	0.001395	0.011158	-0.018131	-0.070000	147000.000000
2017-06-13	0.021368	0.005698	0.027066	-0.001425	0.150000	131200.000000
2017-06-12	-0.007072	-0.002829	0.008487	-0.014144	-0.050000	187500.000000
2017-06-09	-0.011189	0.006993	0.031469	-0.021119	-0.080000	227500.000000
2017-06-08	-0.049202	0.003989	0.014628	-0.065160	-0.370000	334800.000000
2017-06-07	0.016216	0.000000	0.027027	-0.025676	0.120000	139700.000000
2017-06-06	0.000000	-0.008108	0.012568	-0.014865	0.000000	181000.000000
2017-06-05	0.000000	0.012162	0.037162	-0.010811	0.000000	322100.000000
2017-06-02	0.034965	0.000000	0.039161	-0.002797	0.250000	128700.000000
2017-06-01	0.017070	-0.002845	0.046942	-0.004267	0.120000	220900.000000
2017-05-31	0.027778	0.011696	0.038012	0.011696	0.190000	260800.000000
2017-05-30	-0.027027	0.001422	0.007112	-0.032717	-0.190000	273500.000000
2017-05-26	0.002853	-0.002853	0.017118	-0.015692	0.020000	128200.000000
2017-05-25	-0.011283	0.000000	0.022567	-0.016925	-0.080000	291300.000000
2017-05-24	-0.015278	-0.004167	0.003056	-0.022222	-0.110000	95700.000000
2017-05-23	-0.008264	0.004132	0.019284	-0.028926	-0.060000	226800.000000
2017-05-22	0.038627	0.007153	0.065808	0.007153	0.270000	349000.000000
2017-05-19	0.008658	0.002886	0.040404	0.001443	0.060000	125400.000000
2017-05-18	0.016129	0.000000	0.030792	-0.008798	0.110000	180500.000000
2017-05-17	-0.029872	0.001422	0.018492	-0.039829	-0.210000	182100.000000
2017-05-16	0.018841	0.000000	0.037681	-0.014783	0.130000	286100.000000
2017-05-15	-0.010043	0.004304	0.051650	-0.011478	-0.070000	292300.000000
2017-05-12	0.016035	0.001458	0.046647	-0.017493	0.110000	250100.000000
2017-05-11	0.045732	0.010671	0.053354	-0.038110	0.300000	294100.000000
2017-05-10	0.070147	0.016313	0.125612	0.016313	0.430000	404700.000000
2017-05-09	0.100539	-0.070018	0.109515	-0.082765	0.560000	499100.000000
2017-05-08	-0.001792	0.005376	0.034050	-0.014337	-0.010000	96200.000000
2017-05-05	0.068966	0.009579	0.097701	0.009579	0.360000	99200.000000
2017-05-04	-0.035120	-0.007394	-0.003697	-0.060074	-0.190000	140000.000000
2017-05-03	-0.033929	-0.008929	0.010714	-0.053571	-0.190000	142400.000000
2017-05-02	-0.015817	0.003515	0.019332	-0.017575	-0.090000	64700.000000
2017-05-01	0.014260	-0.001783	0.026738	-0.001783	0.080000	71000.000000
2017-04-28	-0.036082	0.003436	0.012027	-0.037801	-0.210000	152900.000000
2017-04-27	0.021053	0.010526	0.050877	0.001754	0.120000	151300.000000
2017-04-26	0.016043	-0.019608	0.049911	-0.019608	0.090000	196600.000000
2017-04-25	-0.029412	0.010381	0.041522	-0.043253	-0.170000	222600.000000
2017-04-24	0.005217	0.015652	0.055652	-0.012174	0.030000	274100.000000
2017-04-21	0.047359	0.016393	0.089253	-0.007286	0.260000	240600.000000
2017-04-20	-0.051813	0.000000	0.034542	-0.079447	-0.300000	271200.000000
2017-04-19	0.104962	0.009542	0.150763	0.001145	0.550000	511600.000000
2017-04-18	0.091667	-0.004167	0.110417	-0.010417	0.440000	471000.000000
2017-04-17	-0.014374	-0.004107	-0.004107	-0.024641	-0.070000	105800.000000
2017-04-13	0.002058	0.010288	0.028807	-0.002058	0.010000	73800.000000
2017-04-12	-0.028000	-0.002000	0.006000	-0.042000	-0.140000	109900.000000
2017-04-11	-0.005964	0.000000	0.007952	-0.023857	-0.030000	142200.000000
2017-04-10	0.037113	0.016495	0.107216	-0.002062	0.180000	240100.000000
2017-04-07	-0.002058	0.006173	0.026749	-0.033745	-0.010000	214400.000000
2017-04-06	0.171084	0.016867	0.175663	0.000000	0.710000	518300.000000
2017-04-05	-0.018913	0.009456	0.040189	-0.023641	-0.080000	194100.000000
2017-04-04	-0.032037	0.009153	0.011442	-0.038902	-0.140000	144900.000000
2017-04-03	0.000000	0.013730	0.016018	-0.013730	0.000000	219800.000000
2017-03-31	0.018648	0.009324	0.032634	-0.003263	0.080000	158500.000000
2017-03-30	0.023866	0.014320	0.026253	-0.026253	0.100000	164700.000000
2017-03-29	0.029484	0.004914	0.029484	-0.014742	0.120000	197500.000000
2017-03-28	0.007426	0.002475	0.037129	-0.024752	0.030000	135700.000000
2017-03-27	0.125348	0.016713	0.139276	0.008357	0.450000	208600.000000
2017-03-24	-0.091139	-0.002532	0.012658	-0.091139	-0.360000	526500.000000
2017-03-23	0.189759	-0.003012	0.204819	-0.018072	0.630000	1573400.000000
2017-03-22	-0.008955	-0.008955	0.014925	-0.035821	-0.030000	125600.000000
2017-03-21	-0.011799	-0.008850	0.005900	-0.017699	-0.040000	78800.000000
2017-03-20	0.000000	-0.002950	0.020649	-0.040118	0.000000	116000.000000
2017-03-17	0.059375	-0.015625	0.084375	-0.015625	0.190000	393600.000000
2017-03-16	0.006289	0.006289	0.012579	-0.006289	0.020000	81200.000000
2017-03-15	0.009524	0.000000	0.019048	-0.025397	0.030000	66000.000000
2017-03-14	-0.015625	-0.006250	0.059375	-0.050000	-0.050000	179300.000000
2017-03-13	0.088435	-0.003401	0.098639	-0.020408	0.260000	271600.000000
2017-03-10	0.042553	0.007092	0.063830	0.007092	0.120000	60500.000000
2017-03-09	0.000000	-0.074468	0.099291	-0.074468	0.000000	331000.000000
2017-03-08	0.040590	0.007380	0.081181	-0.014760	0.110000	176700.000000
2017-03-07	0.000000	-0.003690	0.018450	-0.007380	0.000000	63800.000000
2017-03-06	-0.018116	-0.007246	0.016304	-0.025362	-0.050000	115400.000000
2017-03-03	0.007299	0.018248	0.025547	-0.014599	0.020000	151500.000000
2017-03-02	0.000000	-0.007299	0.007299	-0.014599	0.000000	37900.000000
2017-03-01	0.011070	0.000000	0.025830	-0.002214	0.030000	21600.000000
2017-02-28	-0.042403	-0.019435	-0.010954	-0.074205	-0.120000	74100.000000
2017-02-27	-0.003521	0.000000	0.045775	-0.010563	-0.010000	122400.000000
2017-02-24	0.014286	-0.010714	0.046429	-0.014286	0.040000	93600.000000
2017-02-23	0.003584	0.000000	0.007168	-0.028674	0.010000	39800.000000
2017-02-22	0.021978	-0.007326	0.025641	-0.018315	0.060000	31600.000000
2017-02-21	0.000000	0.000000	0.003663	-0.007326	0.000000	23500.000000
2017-02-17	-0.021505	0.003584	0.003584	-0.035842	-0.060000	53400.000000
2017-02-16	0.003597	0.012230	0.012230	-0.017626	0.010000	29800.000000
2017-02-15	0.033457	-0.007435	0.044610	-0.007435	0.090000	38300.000000
2017-02-14	0.000000	0.000000	0.000000	-0.029740	0.000000	86900.000000
2017-02-13	0.000000	0.000000	0.007435	-0.011152	0.000000	33000.000000
2017-02-10	0.000000	0.003717	0.015985	-0.011152	0.000000	59900.000000
2017-02-09	0.030651	0.000000	0.038314	-0.007663	0.080000	110200.000000
2017-02-08	-0.011364	0.000000	0.011364	-0.018939	-0.030000	106000.000000
2017-02-07	-0.003774	0.000000	0.018868	-0.007547	-0.010000	81700.000000
2017-02-06	-0.043321	0.000000	0.000000	-0.046931	-0.120000	64500.000000
2017-02-03	-0.028070	0.007018	0.007018	-0.031579	-0.080000	44600.000000
2017-02-02	0.025180	-0.003597	0.043165	-0.021583	0.070000	83600.000000
2017-02-01	0.057034	0.003802	0.064639	0.003802	0.150000	92300.000000
2017-01-31	0.011538	0.000000	0.019231	-0.019231	0.030000	64800.000000
2017-01-30	-0.044118	-0.003676	-0.003676	-0.044118	-0.120000	67300.000000
2017-01-27	-0.016275	0.001808	0.001808	-0.023508	-0.045000	39600.000000
2017-01-26	-0.065878	0.000000	0.006757	-0.074324	-0.195000	68800.000000
2017-01-25	0.020690	0.003448	0.034483	0.003448	0.060000	144600.000000
2017-01-24	0.046931	0.007220	0.064982	-0.007220	0.130000	122100.000000
2017-01-23	0.022140	0.000000	0.029520	-0.025830	0.060000	89500.000000
2017-01-20	-0.025180	-0.007194	0.000000	-0.028777	-0.070000	70600.000000
2017-01-19	0.003610	0.010830	0.010830	-0.032491	0.010000	105600.000000
2017-01-18	0.000000	0.000000	0.010830	-0.014440	0.000000	67800.000000
2017-01-17	-0.003597	0.000000	0.003597	-0.028777	-0.010000	53400.000000
2017-01-13	0.014599	0.000000	0.021898	-0.018248	0.040000	76600.000000
2017-01-12	0.000000	0.000000	0.014599	-0.032847	0.000000	54200.000000
2017-01-11	0.018587	0.000000	0.037175	-0.007435	0.050000	62800.000000
2017-01-10	0.007491	-0.003745	0.041199	-0.003745	0.020000	86900.000000
2017-01-09	-0.036101	0.000000	0.000000	-0.039711	-0.100000	77000.000000
2017-01-06	0.000000	0.000000	0.014440	-0.003610	0.000000	68000.000000
2017-01-05	-0.003597	0.028777	0.028777	-0.025180	-0.010000	133900.000000
2017-01-04	0.090196	0.007843	0.101961	0.000000	0.230000	155100.000000
2017-01-03	-0.037736	0.011321	0.022642	-0.045283	-0.100000	190600.000000
2016-12-30	0.027132	0.007752	0.042636	-0.034884	0.070000	594400.000000
2016-12-29	-0.044444	-0.007407	0.022222	-0.044444	-0.120000	235400.000000
2016-12-28	-0.028777	0.000000	0.007194	-0.064748	-0.080000	272900.000000
2016-12-27	-0.007143	-0.007143	0.028571	-0.014286	-0.020000	278700.000000
2016-12-23	0.033210	0.000000	0.033210	0.000000	0.090000	177300.000000
2016-12-22	0.003704	0.003704	0.018519	-0.018519	0.010000	161500.000000
2016-12-21	-0.018182	0.007273	0.014545	-0.029091	-0.050000	104000.000000
2016-12-20	0.011029	0.003676	0.036765	-0.022059	0.030000	199900.000000
2016-12-19	-0.021583	0.025180	0.039568	-0.028777	-0.060000	315200.000000
2016-12-16	0.018315	0.010989	0.043956	-0.003663	0.050000	403400.000000
2016-12-15	0.003676	0.003676	0.022059	-0.025735	0.010000	190700.000000
2016-12-14	-0.028571	-0.007143	-0.003571	-0.042857	-0.080000	175500.000000
2016-12-13	-0.007092	0.007092	0.007092	-0.017730	-0.020000	247000.000000
2016-12-12	-0.020833	0.006944	0.031250	-0.031250	-0.060000	280900.000000
2016-12-09	0.028571	0.007143	0.035714	0.003571	0.080000	285000.000000
2016-12-08	-0.066667	-0.006667	0.011667	-0.075000	-0.200000	458200.000000
2016-12-07	-0.025974	0.000000	0.009740	-0.042208	-0.080000	264500.000000
2016-12-06	-0.015974	0.000000	0.022364	-0.024601	-0.050000	258400.000000
2016-12-05	0.039867	0.016611	0.063123	0.003322	0.120000	440700.000000
2016-12-02	0.052448	0.010490	0.066434	-0.017483	0.150000	564900.000000
2016-12-01	0.021429	0.000000	0.060714	-0.010714	0.060000	250600.000000
2016-11-30	-0.024390	0.006969	0.020906	-0.027875	-0.070000	211100.000000
2016-11-29	-0.006920	-0.003460	0.003460	-0.065744	-0.020000	435700.000000
2016-11-28	-0.073718	0.003205	0.022436	-0.080128	-0.230000	360600.000000
2016-11-25	0.003215	0.006431	0.073955	-0.045016	0.010000	386100.000000
2016-11-23	-0.022013	-0.025157	-0.009434	-0.100629	-0.070000	551900.000000
2016-11-22	0.096552	-0.013793	0.131034	-0.068966	0.280000	1625000.000000
2016-11-21	0.183673	0.028571	0.224490	-0.012245	0.450000	1576600.000000
2016-11-18	0.093750	0.008929	0.116071	-0.013393	0.210000	1779200.000000
2016-11-17	0.009009	-0.040541	0.027027	-0.040541	0.020000	1128100.000000
2016-11-16	0.009091	0.009091	0.040909	-0.009091	0.020000	453900.000000
2016-11-15	-0.083333	0.012500	0.012500	-0.104167	-0.200000	1084100.000000
2016-11-14	-0.028340	0.072874	0.093117	-0.064777	-0.070000	1093200.000000
2016-11-11	0.222772	0.133663	0.232673	0.000000	0.450000	908800.000000
2016-11-10	-0.158333	0.020833	0.079167	-0.183333	-0.380000	1454400.000000
2016-11-09	-0.489362	-0.095745	-0.057447	-0.493617	-2.300000	2003900.000000
2016-11-08	-0.036885	0.002049	0.002049	-0.040984	-0.180000	68000.000000
2016-11-07	0.029536	0.031646	0.037975	0.000000	0.140000	63200.000000
2016-11-04	0.030435	0.000000	0.063043	-0.008696	0.140000	52500.000000
2016-11-03	-0.014989	0.010707	0.032120	-0.021413	-0.070000	41900.000000
2016-11-02	0.004301	-0.004301	0.023656	-0.010753	0.020000	40700.000000
2016-11-01	-0.010638	0.009149	0.010638	-0.021277	-0.050000	32800.000000
2016-10-31	0.008584	-0.002146	0.019313	-0.023605	0.040000	36300.000000
2016-10-28	-0.021008	0.002101	0.009454	-0.023109	-0.100000	39100.000000
2016-10-27	0.006342	0.006342	0.021142	-0.016913	0.030000	44200.000000
2016-10-26	-0.020704	-0.006211	0.004141	-0.020704	-0.100000	50600.000000
2016-10-25	-0.020284	0.006085	0.006085	-0.033063	-0.100000	27800.000000
2016-10-24	-0.019881	0.009940	0.009940	-0.023857	-0.100000	31600.000000
2016-10-21	-0.015656	-0.013699	-0.007828	-0.034247	-0.080000	39600.000000
2016-10-20	0.028169	0.002012	0.036217	-0.008048	0.140000	34600.000000
2016-10-19	0.010163	-0.002033	0.016260	-0.002033	0.050000	29700.000000
2016-10-18	0.012346	0.012346	0.022634	0.004115	0.060000	21500.000000
2016-10-17	-0.029940	0.003992	0.003992	-0.033932	-0.150000	58200.000000
2016-10-14	-0.019569	0.007828	0.015460	-0.021526	-0.100000	27000.000000
2016-10-13	-0.001953	-0.013672	0.005859	-0.019531	-0.010000	34900.000000
2016-10-12	0.005894	0.003929	0.045187	-0.013752	0.030000	39800.000000
2016-10-11	-0.046816	-0.005618	-0.003745	-0.054307	-0.250000	37200.000000
2016-10-10	0.001876	0.007505	0.020638	-0.003752	0.010000	30700.000000
2016-10-07	-0.003738	0.005607	0.022430	-0.009346	-0.020000	83000.000000
2016-10-06	0.000000	-0.005607	0.018692	-0.007477	0.000000	48600.000000
2016-10-05	0.009434	0.009434	0.018868	0.003774	0.050000	28800.000000
2016-10-04	-0.013035	0.000000	0.016760	-0.022346	-0.070000	40800.000000
2016-10-03	0.015123	0.001890	0.024575	-0.007561	0.080000	51700.000000
2016-09-30	0.005703	0.005703	0.019011	-0.017110	0.030000	103900.000000
2016-09-29	-0.024119	-0.005566	0.018553	-0.029685	-0.130000	34600.000000
2016-09-28	0.034549	0.000000	0.040307	-0.017274	0.180000	89500.000000
2016-09-27	0.009690	0.000000	0.019380	-0.017442	0.050000	706800.000000
2016-09-26	-0.030075	-0.011278	-0.000376	-0.031955	-0.160000	47800.000000
2016-09-23	-0.029197	-0.005474	0.003650	-0.040146	-0.160000	120100.000000
2016-09-22	-0.003636	0.000000	0.001818	-0.036364	-0.020000	77300.000000
2016-09-21	-0.019608	0.008913	0.016043	-0.033868	-0.110000	85600.000000
2016-09-20	-0.029412	0.010381	0.010381	-0.032872	-0.170000	40400.000000
2016-09-19	0.012259	0.007005	0.026270	-0.042032	0.070000	117900.000000
2016-09-16	-0.013817	0.005181	0.006045	-0.018998	-0.080000	124900.000000
2016-09-15	-0.006861	-0.001715	0.001715	-0.025729	-0.040000	48100.000000
2016-09-14	-0.011864	0.003390	0.013559	-0.037288	-0.070000	351700.000000
2016-09-13	-0.018303	-0.019967	-0.004992	-0.038270	-0.110000	72500.000000
2016-09-12	0.045217	-0.019130	0.046087	-0.040000	0.260000	118200.000000
2016-09-09	-0.048013	-0.013245	-0.004967	-0.062914	-0.290000	140200.000000
2016-09-08	-0.008210	0.001642	0.032841	-0.024631	-0.050000	71100.000000
2016-09-07	0.026981	-0.005059	0.035413	-0.005059	0.160000	74300.000000
2016-09-06	0.001689	0.003378	0.023649	-0.010135	0.010000	50400.000000
2016-09-02	-0.011686	0.005008	0.005008	-0.026711	-0.070000	59900.000000
2016-09-01	-0.013180	0.004942	0.004942	-0.030478	-0.080000	58300.000000
2016-08-31	-0.036508	-0.001587	0.009524	-0.039683	-0.230000	215200.000000
2016-08-30	0.065990	0.000000	0.067682	-0.001692	0.390000	149200.000000
2016-08-29	0.029617	-0.001742	0.034669	-0.008711	0.170000	162400.000000
2016-08-26	-0.036913	0.001678	0.001678	-0.048322	-0.220000	114600.000000
2016-08-25	0.018803	-0.003419	0.023932	-0.003419	0.110000	225700.000000
2016-08-24	-0.001706	0.001706	0.011945	-0.010239	-0.010000	176200.000000
2016-08-23	0.019130	0.003478	0.019130	-0.010435	0.110000	60900.000000
2016-08-22	-0.038462	-0.006689	-0.005017	-0.045151	-0.230000	190700.000000
2016-08-19	-0.003333	-0.001667	0.008333	-0.031667	-0.020000	160600.000000
2016-08-18	0.025641	-0.005128	0.027350	-0.005128	0.150000	240600.000000
2016-08-17	0.008621	0.000000	0.017241	-0.008621	0.050000	82500.000000
2016-08-16	-0.031720	-0.001669	-0.001669	-0.035058	-0.190000	133800.000000
2016-08-15	0.032759	-0.001724	0.037931	-0.008621	0.190000	444500.000000
2016-08-12	-0.038143	0.003317	0.003317	-0.054726	-0.230000	241400.000000
2016-08-11	0.011745	0.000000	0.018456	-0.008389	0.070000	813200.000000
2016-08-10	-0.021346	0.004926	0.008210	-0.039409	-0.130000	91300.000000
2016-08-09	-0.008143	-0.055375	-0.001629	-0.055375	-0.050000	111800.000000
2016-08-08	-0.006472	-0.003236	0.025890	-0.009709	-0.040000	355300.000000
2016-08-05	0.033445	0.003344	0.038462	-0.018395	0.200000	70400.000000
2016-08-04	-0.021277	-0.001637	0.004910	-0.027823	-0.130000	35100.000000
2016-08-03	0.035593	0.001695	0.055932	-0.001695	0.210000	82300.000000
2016-08-02	-0.048387	-0.006452	0.012903	-0.051613	-0.300000	80700.000000
2016-08-01	-0.038760	0.000000	0.000000	-0.055814	-0.250000	364400.000000
2016-07-29	0.006240	-0.010920	0.021529	-0.029485	0.040000	182500.000000
2016-07-28	-0.015361	-0.007680	0.033794	-0.016897	-0.100000	291100.000000
2016-07-27	0.103390	0.000000	0.111864	-0.016949	0.610000	132900.000000
2016-07-26	0.051693	-0.003565	0.051693	-0.055258	0.290000	51400.000000
2016-07-25	-0.008834	-0.035336	0.000000	-0.035336	-0.050000	65700.000000
2016-07-22	-0.008757	0.001751	0.001751	-0.022767	-0.050000	41500.000000
2016-07-21	0.008834	0.001767	0.017668	-0.017668	0.050000	106200.000000
2016-07-20	-0.003521	0.001761	0.031690	-0.028169	-0.020000	83000.000000
2016-07-19	-0.013889	-0.001736	0.015625	-0.043403	-0.080000	34500.000000
2016-07-18	0.030411	-0.003578	0.048301	-0.021467	0.170000	87700.000000
2016-07-15	-0.026132	0.008711	0.008711	-0.054007	-0.150000	125000.000000
2016-07-14	-0.030405	-0.001689	0.010135	-0.037162	-0.180000	53400.000000
2016-07-13	-0.014975	0.000000	0.008319	-0.086522	-0.090000	88600.000000
2016-07-12	0.006700	0.003350	0.021776	-0.003350	0.040000	85400.000000
2016-07-11	0.010152	0.003384	0.015228	-0.001692	0.060000	106600.000000
2016-07-08	0.080439	0.010969	0.093236	-0.018282	0.440000	255700.000000
2016-07-07	0.007366	0.003683	0.042357	-0.011050	0.040000	197700.000000
2016-07-06	0.007421	0.001855	0.046382	-0.025974	0.040000	141900.000000
2016-07-05	-0.011009	0.000000	0.016514	-0.033028	-0.060000	132200.000000
2016-07-01	0.026365	-0.003766	0.048964	-0.024482	0.140000	140200.000000
2016-06-30	0.039139	-0.009785	0.041096	-0.009785	0.200000	89800.000000
2016-06-29	0.009881	0.013834	0.035573	0.000000	0.050000	139200.000000
2016-06-28	0.090517	0.012931	0.107759	0.010776	0.420000	142300.000000
2016-06-27	-0.019027	-0.002114	0.021142	-0.069767	-0.090000	210700.000000
2016-06-24	-0.052104	-0.020040	0.008016	-0.064128	-0.260000	2072700.000000
2016-06-23	0.008081	0.002020	0.034343	-0.024242	0.040000	181700.000000
2016-06-22	-0.004024	0.038229	0.046278	-0.030181	-0.020000	113300.000000
2016-06-21	-0.009960	0.005976	0.005976	-0.021912	-0.050000	99000.000000
2016-06-20	-0.005941	-0.014851	0.027723	-0.033663	-0.030000	76400.000000
2016-06-17	-0.009804	0.000000	0.005882	-0.025490	-0.050000	170000.000000
2016-06-16	-0.017341	-0.001927	0.011561	-0.032755	-0.090000	108300.000000
2016-06-15	0.003868	0.003868	0.015474	0.000000	0.020000	58600.000000
2016-06-14	-0.005769	-0.007692	0.021154	-0.013462	-0.030000	132400.000000
2016-06-13	-0.038817	-0.011091	0.039741	-0.051756	-0.210000	401800.000000
2016-06-10	-0.009158	-0.016484	0.009158	-0.029304	-0.050000	131100.000000
2016-06-09	0.005525	0.003683	0.012891	-0.027624	0.030000	237300.000000
2016-06-08	0.011173	0.005587	0.018622	-0.003724	0.060000	57400.000000
2016-06-07	0.018975	0.003795	0.041746	-0.007590	0.100000	122800.000000
2016-06-06	0.045635	0.005952	0.051587	-0.003968	0.230000	100600.000000
2016-06-03	-0.003953	0.003953	0.003953	-0.019763	-0.020000	167700.000000
2016-06-02	0.012000	0.004000	0.018000	0.000000	0.060000	43200.000000
2016-06-01	-0.003984	-0.007968	0.015936	-0.019920	-0.020000	60400.000000
2016-05-31	0.014141	-0.004040	0.060606	-0.008081	0.070000	101700.000000
2016-05-27	0.002024	0.000000	0.016194	-0.024291	0.010000	113300.000000
2016-05-26	-0.008032	0.008032	0.037149	-0.025100	-0.040000	174200.000000
2016-05-25	-0.004000	0.010000	0.022000	-0.018000	-0.020000	74300.000000
2016-05-24	-0.025341	0.003899	0.005848	-0.044834	-0.130000	118600.000000
2016-05-23	0.057732	0.004124	0.057732	-0.016495	0.280000	189500.000000
2016-05-20	0.077778	-0.004444	0.113333	-0.004444	0.350000	130300.000000
2016-05-19	-0.028078	-0.028078	0.012959	-0.057235	-0.130000	398000.000000
2016-05-18	-0.033403	-0.004175	0.031315	-0.050104	-0.160000	161100.000000
2016-05-17	-0.047714	0.005964	0.005964	-0.059642	-0.240000	161500.000000
2016-05-16	-0.009843	-0.001969	0.016732	-0.035433	-0.050000	115400.000000
2016-05-13	-0.048689	-0.007491	0.000000	-0.054307	-0.260000	78500.000000
2016-05-12	-0.030853	0.030853	0.030853	-0.032668	-0.170000	600000.000000
2016-05-11	0.000000	-0.029038	0.078947	-0.029038	0.000000	82100.000000
2016-05-10	-0.003617	-0.072333	0.034358	-0.095841	-0.020000	112700.000000
2016-05-09	-0.057922	-0.010221	0.001704	-0.068143	-0.340000	86600.000000
2016-05-06	0.005137	-0.006849	0.010274	-0.031849	0.030000	81800.000000
2016-05-05	-0.015177	0.008432	0.013491	-0.030354	-0.090000	82900.000000
2016-05-04	0.003384	-0.010152	0.016920	-0.042301	0.020000	83200.000000
2016-05-03	-0.024752	-0.009901	-0.006601	-0.031353	-0.150000	89000.000000
2016-05-02	-0.027287	0.008026	0.024077	-0.032103	-0.170000	85700.000000
2016-04-29	-0.007962	-0.009554	0.012739	-0.033439	-0.050000	179600.000000
2016-04-28	-0.001590	-0.044515	0.000000	-0.044515	-0.010000	120300.000000
2016-04-27	0.000000	0.000000	0.028617	-0.028617	0.000000	131400.000000
2016-04-26	-0.015649	0.001565	0.032864	-0.018779	-0.100000	88900.000000
2016-04-25	0.000000	0.006260	0.012520	-0.021909	0.000000	119400.000000
2016-04-22	-0.016923	0.003077	0.034615	-0.026154	-0.110000	94300.000000
2016-04-21	0.000000	-0.006154	0.015385	-0.026154	0.000000	102600.000000
2016-04-20	-0.024024	-0.001502	-0.001502	-0.034535	-0.160000	52800.000000
2016-04-19	0.027778	0.003086	0.033951	0.003086	0.180000	38600.000000
2016-04-18	0.003096	-0.009288	0.015480	-0.029412	0.020000	67600.000000
2016-04-15	-0.010720	-0.001531	0.044410	-0.026034	-0.070000	64200.000000
2016-04-14	0.004615	0.007692	0.015385	-0.027692	0.030000	58900.000000
2016-04-13	0.000000	0.003077	0.010769	-0.023077	0.000000	77100.000000
2016-04-12	0.033386	0.041335	0.042925	0.006359	0.210000	50100.000000
2016-04-11	0.003190	-0.004785	0.046252	-0.004785	0.020000	98000.000000
2016-04-08	0.019512	-0.003252	0.040650	-0.016260	0.120000	68900.000000
2016-04-07	-0.039062	-0.010938	-0.007813	-0.051563	-0.250000	70300.000000
2016-04-06	0.032258	-0.006452	0.032258	-0.011290	0.200000	59200.000000
2016-04-05	0.029900	-0.003322	0.034884	-0.003322	0.180000	52400.000000
2016-04-04	-0.013115	-0.008197	0.027869	-0.016393	-0.080000	150600.000000
2016-04-01	-0.046875	-0.009375	-0.001563	-0.059375	-0.300000	112700.000000
2016-03-31	-0.015385	0.000000	0.010769	-0.046154	-0.100000	162300.000000
2016-03-30	0.001541	0.000000	0.012018	-0.010015	0.010000	298300.000000
2016-03-29	-0.010671	-0.007622	0.000000	-0.033537	-0.070000	84900.000000
2016-03-28	0.009231	0.006154	0.047692	-0.023077	0.060000	84600.000000
2016-03-24	-0.038462	-0.001479	0.028107	-0.053254	-0.260000	174200.000000
2016-03-23	0.073016	-0.009524	0.074286	-0.049206	0.460000	391700.000000
2016-03-22	0.041322	0.001653	0.042975	-0.034711	0.250000	159300.000000
2016-03-21	0.008333	0.003333	0.035000	-0.023333	0.050000	80500.000000
2016-03-18	0.030928	-0.006873	0.030928	-0.006873	0.180000	156200.000000
2016-03-17	0.022847	0.000000	0.031634	-0.038664	0.130000	86300.000000
2016-03-16	0.003527	-0.005291	0.047619	-0.005291	0.020000	266100.000000
2016-03-15	0.065789	-0.011278	0.067669	-0.035714	0.350000	105700.000000
2016-03-14	0.029014	-0.015474	0.043520	-0.015474	0.150000	166900.000000
2016-03-11	0.000000	0.326886	0.326886	-0.040619	0.000000	609500.000000
2016-03-10	-0.013359	0.001908	0.020992	-0.026718	-0.070000	72700.000000
2016-03-09	0.048000	0.010000	0.058000	-0.006000	0.240000	69400.000000
2016-03-08	-0.013807	-0.007890	0.031558	-0.028600	-0.070000	98100.000000
2016-03-07	0.014000	-0.008000	0.046000	-0.020000	0.070000	66000.000000
2016-03-04	0.000000	0.002000	0.040000	-0.018000	0.000000	158900.000000
2016-03-03	0.043841	0.006263	0.050104	-0.018789	0.210000	92100.000000
2016-03-02	-0.018443	0.004098	0.018443	-0.030738	-0.090000	57300.000000
2016-03-01	-0.002045	0.010225	0.012270	-0.026585	-0.010000	45100.000000
2016-02-29	0.084257	0.004435	0.097561	0.004435	0.380000	436000.000000
2016-02-26	0.034404	-0.002294	0.055046	-0.011468	0.150000	70700.000000
2016-02-25	0.011601	0.000000	0.055684	-0.023202	0.050000	119000.000000
2016-02-24	-0.044346	-0.024390	0.008869	-0.055432	-0.200000	338700.000000
2016-02-23	-0.013129	0.002188	0.002188	-0.035011	-0.060000	173800.000000
2016-02-22	0.011062	0.013274	0.030973	-0.011062	0.050000	184600.000000
2016-02-19	-0.017391	0.000000	0.036739	-0.019565	-0.080000	277300.000000
2016-02-18	-0.002169	-0.004338	0.045553	-0.021692	-0.010000	101800.000000
2016-02-17	0.002174	0.002174	0.026087	-0.015217	0.010000	147500.000000
2016-02-16	0.002179	0.017429	0.043573	-0.028322	0.010000	126900.000000
2016-02-12	0.011013	0.052863	0.096916	0.006608	0.050000	158200.000000
2016-02-11	0.050926	-0.006944	0.074074	-0.023148	0.220000	140800.000000
2016-02-10	-0.020408	0.013605	0.047619	-0.022676	-0.090000	63900.000000
2016-02-09	-0.126733	-0.015842	-0.009901	-0.158416	-0.640000	111100.000000
2016-02-08	-0.025097	-0.015444	0.009266	-0.038610	-0.130000	78700.000000
2016-02-05	-0.058182	0.001818	0.001818	-0.076364	-0.320000	87900.000000
2016-02-04	0.051625	0.000000	0.070746	-0.005736	0.270000	56700.000000
2016-02-03	-0.029685	0.003711	0.016698	-0.100186	-0.160000	338700.000000
2016-02-02	0.005597	-0.003731	0.048507	-0.022388	0.030000	168200.000000
2016-02-01	-0.023679	0.000000	0.016393	-0.036430	-0.130000	60500.000000
2016-01-29	0.035849	-0.001887	0.062264	-0.024528	0.190000	197300.000000
2016-01-28	-0.061947	0.005310	0.015929	-0.070796	-0.350000	497300.000000
2016-01-27	-0.012238	-0.001748	0.020979	-0.019231	-0.070000	45500.000000
2016-01-26	0.012389	0.001770	0.030088	-0.008850	0.070000	107200.000000
2016-01-25	-0.017391	0.000000	0.018261	-0.040000	-0.100000	65500.000000
2016-01-22	0.007005	0.017513	0.032399	-0.026270	0.040000	211600.000000
2016-01-21	-0.003490	0.000000	0.017452	-0.013962	-0.020000	70100.000000
2016-01-20	-0.035354	-0.006734	-0.003367	-0.063973	-0.210000	320800.000000
2016-01-19	-0.010000	0.006667	0.007500	-0.066667	-0.060000	88900.000000
2016-01-15	0.000000	-0.008333	0.022500	-0.036667	0.000000	102200.000000
2016-01-14	0.001669	0.005008	0.035058	-0.023372	0.010000	120100.000000
2016-01-13	0.039931	0.005208	0.052083	0.005208	0.230000	172700.000000
2016-01-12	-0.010309	0.006014	0.024055	-0.024055	-0.060000	99900.000000
2016-01-11	-0.039604	-0.001650	0.011551	-0.042904	-0.240000	165200.000000
2016-01-08	0.023649	0.006757	0.040541	-0.016892	0.140000	32500.000000
2016-01-07	-0.014975	0.008319	0.008319	-0.021631	-0.090000	93200.000000
2016-01-06	-0.046032	-0.015873	-0.007937	-0.055556	-0.290000	81300.000000
2016-01-05	0.003185	0.000000	0.013535	-0.019108	0.020000	54100.000000
2016-01-04	-0.007899	-0.018957	0.003160	-0.044234	-0.050000	52000.000000
2015-12-31	-0.001577	0.000000	0.001577	-0.015773	-0.010000	118300.000000
2015-12-30	-0.006270	0.001567	0.021944	-0.092476	-0.040000	125000.000000
2015-12-29	0.003145	-0.025157	0.037736	-0.048742	0.020000	72400.000000
2015-12-28	-0.010886	-0.004666	-0.004666	-0.071540	-0.070000	104100.000000
2015-12-24	0.045528	0.008130	0.052033	-0.006504	0.280000	55700.000000
2015-12-23	0.044143	0.001698	0.057725	-0.008489	0.260000	81000.000000
2015-12-22	0.070909	-0.001818	0.080000	-0.005455	0.390000	99000.000000
2015-12-21	0.018519	0.003704	0.050000	-0.007407	0.100000	106200.000000
2015-12-18	-0.027027	-0.018018	0.045045	-0.034234	-0.150000	289600.000000
2015-12-17	0.009091	0.000000	0.050909	-0.038182	0.050000	219600.000000
2015-12-16	-0.001815	0.001815	0.027223	-0.038113	-0.010000	327300.000000
2015-12-15	-0.003617	0.009042	0.012658	-0.047016	-0.020000	281100.000000
2015-12-14	-0.064298	-0.001692	0.016074	-0.071066	-0.380000	90400.000000
2015-12-11	-0.026359	-0.008237	-0.006590	-0.049423	-0.160000	204200.000000
2015-12-10	0.011667	-0.005000	0.030000	-0.008333	0.070000	100700.000000
2015-12-09	0.013514	-0.003378	0.028716	-0.009122	0.080000	465100.000000
2015-12-08	0.008518	-0.001704	0.022147	-0.022147	0.050000	141000.000000
2015-12-07	-0.024917	-0.006645	0.016611	-0.061462	-0.150000	264000.000000
2015-12-04	-0.009868	-0.003289	0.019737	-0.023026	-0.060000	98100.000000
2015-12-03	-0.042520	-0.001575	0.004724	-0.050394	-0.270000	172000.000000
2015-12-02	-0.006260	0.017214	0.042254	-0.015649	-0.040000	263300.000000
2015-12-01	-0.009302	0.000000	0.043411	-0.041860	-0.060000	392600.000000
2015-11-30	0.064356	0.009901	0.072607	0.006601	0.390000	363500.000000
2015-11-27	0.034130	0.011945	0.051195	-0.010239	0.200000	102900.000000
2015-11-25	0.024476	0.008741	0.038462	-0.017483	0.140000	559200.000000
2015-11-24	0.001751	0.049037	0.049037	-0.015762	0.010000	312900.000000
2015-11-23	-0.001748	-0.005245	0.020979	-0.024476	-0.010000	176400.000000
2015-11-20	0.061224	-0.003711	0.090909	-0.012059	0.330000	316200.000000
2015-11-19	-0.044326	0.030142	0.054965	-0.056738	-0.250000	252100.000000
2015-11-18	0.095146	0.003883	0.196117	0.003883	0.490000	473900.000000
2015-11-17	-0.280726	-0.001397	-0.001397	-0.356145	-2.010000	2071700.000000
2015-11-16	0.021398	-0.001427	0.024251	-0.009986	0.150000	114100.000000
2015-11-13	-0.031768	0.002762	0.002762	-0.042818	-0.230000	94300.000000
2015-11-12	-0.021622	-0.004054	-0.001351	-0.022973	-0.160000	111200.000000
2015-11-11	0.016484	0.000000	0.024725	-0.006868	0.120000	109800.000000
2015-11-10	-0.005464	-0.004098	0.019126	-0.009563	-0.040000	182100.000000
2015-11-09	0.019499	0.000000	0.027855	-0.016713	0.140000	95800.000000
2015-11-06	-0.005540	0.001385	0.001385	-0.027701	-0.040000	97300.000000
2015-11-05	-0.006878	0.004127	0.006878	-0.015131	-0.050000	101500.000000
2015-11-04	0.016783	-0.002797	0.023776	-0.006993	0.120000	186600.000000
2015-11-03	0.014184	-0.004255	0.024113	-0.005674	0.100000	157000.000000
2015-11-02	-0.002829	0.004243	0.022631	-0.012730	-0.020000	269400.000000
2015-10-30	0.036657	0.002933	0.045455	0.000000	0.250000	327000.000000
2015-10-29	-0.021521	0.005739	0.037303	-0.043042	-0.150000	220600.000000
2015-10-28	-0.058108	0.002703	0.002703	-0.066216	-0.430000	270500.000000
2015-10-27	-0.050064	-0.001284	-0.001284	-0.071887	-0.390000	371500.000000
2015-10-26	-0.020126	0.000000	0.030189	-0.032704	-0.160000	99700.000000
2015-10-23	0.020539	0.007702	0.024390	0.007702	0.160000	26600.000000
2015-10-22	-0.025031	0.002503	0.020025	-0.037547	-0.200000	82000.000000
2015-10-21	-0.002497	0.002497	0.008739	-0.009988	-0.020000	70200.000000
2015-10-20	-0.002491	-0.003736	0.003736	-0.016189	-0.020000	55600.000000
2015-10-19	0.015171	-0.001264	0.021492	-0.016688	0.120000	66200.000000
2015-10-16	-0.019827	-0.002478	0.037175	-0.030979	-0.160000	160400.000000
2015-10-15	-0.004932	0.007398	0.011097	-0.014797	-0.040000	210300.000000
2015-10-14	-0.004908	0.002454	0.015951	-0.020859	-0.040000	197000.000000
2015-10-13	-0.018072	-0.006024	0.018072	-0.022892	-0.150000	35800.000000
2015-10-12	-0.002404	-0.002404	0.009615	-0.019231	-0.020000	61800.000000
2015-10-09	-0.004785	0.007177	0.016746	-0.019139	-0.040000	207800.000000
2015-10-08	-0.003576	-0.004768	0.000000	-0.028605	-0.030000	262100.000000
2015-10-07	-0.012941	0.004706	0.004706	-0.043529	-0.110000	183000.000000
2015-10-06	-0.030787	-0.005701	-0.001140	-0.052452	-0.270000	116000.000000
2015-10-05	0.047790	0.005974	0.066906	0.005974	0.400000	119200.000000
2015-10-02	0.017011	-0.010936	0.053463	-0.010936	0.140000	193400.000000
2015-10-01	0.036524	0.007557	0.051637	-0.017632	0.290000	149600.000000
2015-09-30	0.039267	0.005236	0.060209	-0.035340	0.300000	386100.000000
2015-09-29	-0.040201	0.005025	0.005025	-0.104271	-0.320000	559400.000000
2015-09-28	-0.146838	0.002144	0.012862	-0.147910	-1.370000	446700.000000
2015-09-25	-0.033161	0.002073	0.021762	-0.052850	-0.320000	563500.000000
2015-09-24	-0.044554	-0.004950	-0.004950	-0.048515	-0.450000	193800.000000
2015-09-23	-0.015595	0.000000	0.008772	-0.028265	-0.160000	101000.000000
2015-09-22	0.003914	-0.007828	0.013699	-0.011742	0.040000	127700.000000
2015-09-21	0.022000	-0.002000	0.035000	-0.002000	0.220000	136600.000000
2015-09-18	-0.012833	-0.008885	0.011846	-0.029615	-0.130000	903600.000000
2015-09-17	0.014014	-0.004004	0.027027	-0.005005	0.140000	158800.000000
2015-09-16	-0.012846	0.003953	0.006917	-0.015810	-0.130000	183800.000000
2015-09-15	0.023256	0.001011	0.046512	0.001011	0.230000	196600.000000
2015-09-14	-0.011000	-0.006000	0.000000	-0.025000	-0.110000	101000.000000
2015-09-11	0.007049	0.002014	0.022155	0.002014	0.070000	103400.000000
2015-09-10	0.008122	-0.004061	0.042640	-0.004061	0.080000	473100.000000
2015-09-09	-0.043689	0.009709	0.016505	-0.073786	-0.450000	254500.000000
2015-09-08	0.039354	0.003027	0.050454	-0.002018	0.390000	260300.000000
2015-09-04	0.013292	-0.009202	0.026585	-0.015337	0.130000	184000.000000
2015-09-03	0.013472	0.001036	0.027979	0.001036	0.130000	83600.000000
2015-09-02	-0.010256	-0.009231	0.002256	-0.021538	-0.100000	204600.000000
2015-09-01	-0.001025	0.000000	0.019467	-0.007172	-0.010000	55300.000000
2015-08-31	-0.023023	-0.016016	0.012012	-0.025025	-0.230000	109800.000000
2015-08-28	-0.024414	0.000977	0.011719	-0.035156	-0.250000	185500.000000
2015-08-27	0.018905	0.008955	0.018905	0.002985	0.190000	65700.000000
2015-08-26	0.028659	0.005118	0.060389	0.003071	0.280000	72600.000000
2015-08-25	-0.010132	0.018237	0.039514	-0.013171	-0.100000	206000.000000
2015-08-24	0.013347	-0.011294	0.013347	-0.066632	0.130000	227200.000000
2015-08-21	0.009326	-0.007254	0.061140	-0.007254	0.090000	127300.000000
2015-08-20	-0.021298	-0.006085	0.004057	-0.036511	-0.210000	308700.000000
2015-08-19	-0.023762	0.000000	0.014851	-0.024752	-0.240000	228800.000000
2015-08-18	-0.080983	0.004550	0.004550	-0.090082	-0.890000	334600.000000
2015-08-17	0.012903	0.013825	0.027650	0.009217	0.140000	74200.000000
2015-08-14	0.000923	0.004982	0.014760	-0.005720	0.010000	128200.000000
2015-08-13	-0.010949	0.008212	0.009580	-0.010949	-0.120000	41500.000000
2015-08-12	-0.009042	0.002712	0.002712	-0.013562	-0.100000	94200.000000
2015-08-11	-0.023831	-0.011474	-0.003530	-0.027361	-0.270000	166000.000000
2015-08-10	-0.019048	-0.006926	0.005195	-0.030303	-0.220000	159200.000000
2015-08-07	-0.012821	0.000000	0.000000	-0.016239	-0.150000	44800.000000
2015-08-06	-0.016807	0.008403	0.008403	-0.021008	-0.200000	23000.000000
2015-08-05	-0.008333	-0.012500	0.000000	-0.012500	-0.100000	15400.000000
2015-08-04	0.000000	0.000000	0.000000	0.000000	0.000000	10200.000000
2015-08-03	0.000000	0.041667	0.047500	-0.036667	0.000000	21100.000000
2015-07-31	0.010952	0.005897	0.035383	-0.030329	0.130000	122400.000000
2015-07-30	0.003381	-0.003381	0.014370	-0.005072	0.040000	142200.000000
2015-07-29	-0.003370	0.003370	0.010952	-0.010952	-0.040000	33100.000000
2015-07-28	0.001688	0.001688	0.005063	-0.007595	0.020000	133500.000000
2015-07-27	-0.028689	0.005738	0.005738	-0.031148	-0.350000	105600.000000
2015-07-24	-0.013743	0.002425	0.002425	-0.022635	-0.170000	65600.000000
2015-07-23	-0.007223	0.004815	0.004815	-0.020064	-0.090000	215800.000000
2015-07-22	-0.004792	0.012780	0.015974	-0.012780	-0.060000	261800.000000
2015-07-21	-0.006743	0.001983	0.011503	-0.009123	-0.085000	71100.000000
2015-07-20	-0.000397	0.007137	0.015067	-0.002379	-0.005000	82800.000000
2015-07-17	-0.007087	-0.002362	0.007874	-0.011024	-0.090000	114100.000000
2015-07-16	-0.007813	0.003125	0.004687	-0.008594	-0.100000	80600.000000
2015-07-15	0.003922	-0.001569	0.010980	-0.002353	0.050000	267700.000000
2015-07-14	0.000000	0.000000	0.007843	-0.015608	0.000000	71700.000000
2015-07-13	0.006314	0.000000	0.008682	-0.027624	0.080000	189200.000000
2015-07-10	-0.010929	0.003123	0.006245	-0.016393	-0.140000	82600.000000
2015-07-09	-0.012336	0.002313	0.002313	-0.016962	-0.160000	157700.000000
2015-07-08	-0.001540	0.000770	0.004619	-0.009238	-0.020000	355300.000000
2015-07-07	0.014844	0.004687	0.032031	0.001562	0.190000	951300.000000
2015-07-06	0.015873	0.000000	0.016667	-0.005556	0.200000	205600.000000
2015-07-02	-0.001585	0.004754	0.021395	-0.017433	-0.020000	49000.000000
2015-07-01	0.009600	0.005600	0.036000	-0.008800	0.120000	329100.000000
2015-06-30	0.059322	-0.001695	0.075424	-0.005932	0.700000	2080500.000000
2015-06-29	0.002549	-0.002549	0.006797	-0.005947	0.030000	364600.000000
2015-06-26	-0.000849	0.000000	0.000849	-0.005942	-0.010000	279200.000000
2015-06-25	0.013769	-0.002582	0.022375	-0.002582	0.160000	635000.000000
2015-06-24	0.004322	0.002593	0.012965	-0.006050	0.050000	268200.000000
2015-06-23	-0.007719	-0.006861	0.001715	-0.021441	-0.090000	299000.000000
2015-06-22	0.027313	-0.000881	0.031718	-0.001762	0.310000	303000.000000
2015-06-19	-0.000880	0.000880	0.002641	-0.010563	-0.010000	192300.000000
2015-06-18	-0.009590	-0.003487	0.002616	-0.040105	-0.110000	119900.000000
2015-06-17	0.006140	0.000000	0.019737	-0.002632	0.070000	1087400.000000
2015-06-16	0.007067	0.002650	0.027385	0.002650	0.080000	855100.000000
2015-06-15	0.002657	-0.006200	0.027458	-0.016829	0.030000	247000.000000
2015-06-12	0.007136	0.003568	0.022480	-0.008742	0.080000	347000.000000
2015-06-11	-0.003556	0.008000	0.022222	-0.003556	-0.040000	210000.000000
2015-06-10	0.045539	0.010223	0.054833	0.010223	0.490000	702100.000000
2015-06-09	-0.008295	0.006452	0.007373	-0.022120	-0.090000	55700.000000
2015-06-08	-0.011840	0.008197	0.010929	-0.021858	-0.130000	192800.000000
2015-06-05	0.002740	0.001826	0.009132	-0.003653	0.030000	242800.000000
2015-06-04	-0.016173	0.000449	0.001797	-0.020665	-0.180000	485100.000000
2015-06-03	-0.000898	-0.009874	0.014363	-0.009874	-0.010000	143700.000000
2015-06-02	-0.017637	0.000882	0.005291	-0.022046	-0.200000	272700.000000
2015-06-01	0.007105	0.003552	0.013321	0.003552	0.080000	205300.000000
2015-05-29	-0.002657	-0.019486	0.015058	-0.019486	-0.030000	123600.000000
2015-05-28	-0.026724	-0.004310	0.003879	-0.034483	-0.310000	211800.000000
2015-05-27	-0.006849	0.005137	0.005993	-0.015411	-0.080000	112700.000000
2015-05-26	-0.016835	-0.002525	-0.002525	-0.019360	-0.200000	93100.000000
2015-05-22	0.009346	0.002549	0.019541	-0.021240	0.110000	401800.000000
2015-05-21	0.023478	0.000000	0.043478	-0.004348	0.270000	834200.000000
2015-05-20	0.007888	-0.016652	0.014023	-0.018405	0.090000	142000.000000
2015-05-19	-0.014680	-0.008636	0.006045	-0.023316	-0.170000	88900.000000
2015-05-18	0.000864	0.006050	0.009507	0.000000	0.010000	49400.000000
2015-05-15	0.000865	-0.004325	0.016436	-0.018166	0.010000	451100.000000
2015-05-14	0.032143	0.005357	0.046429	-0.024107	0.360000	1546100.000000
2015-05-13	0.000894	0.005362	0.009830	-0.016979	0.010000	139700.000000
2015-05-12	-0.003562	-0.002671	0.005343	-0.016028	-0.040000	188100.000000
2015-05-11	-0.001778	-0.017778	0.009778	-0.022222	-0.020000	329500.000000
2015-05-08	0.008969	-0.003587	0.008969	-0.028700	0.100000	136400.000000
2015-05-07	-0.017621	0.004405	0.006167	-0.017621	-0.200000	348000.000000
2015-05-06	-0.024076	0.002580	0.006019	-0.033104	-0.280000	93000.000000
2015-05-05	-0.020219	0.008425	0.010110	-0.028644	-0.240000	74600.000000
2015-05-04	-0.007525	-0.003344	0.015050	-0.025920	-0.090000	214400.000000
2015-05-01	0.031924	-0.010354	0.044003	-0.010354	0.370000	1613000.000000
2015-04-30	0.147525	0.193069	0.321782	0.116832	1.490000	2344700.000000
2015-04-29	0.000000	-0.002970	0.000000	-0.002970	0.000000	9600.000000
2015-04-28	0.005976	0.000996	0.005976	0.000996	0.060000	2700.000000
2015-04-27	0.000000	0.000000	0.000000	0.000000	0.000000	0.000000
2015-04-24	0.001996	0.001996	0.001996	0.001996	0.020000	2000.000000
2015-04-23	0.000000	0.000000	0.000000	0.000000	0.000000	0.000000
2015-04-22	0.000000	0.000000	0.000000	0.000000	0.000000	0.000000
2015-04-21	-0.002985	0.000000	0.000000	-0.002985	-0.030000	5400.000000
2015-04-20	0.000000	0.000000	0.000000	0.000000	0.000000	0.000000
2015-04-17	-0.006917	-0.006917	-0.006917	-0.006917	-0.070000	200.000000
2015-04-16	0.000000	0.000000	0.000000	0.000000	0.000000	0.000000
2015-04-15	-0.011719	-0.011719	-0.011719	-0.011719	-0.120000	300.000000
2015-04-14	-0.014437	-0.014437	-0.014437	-0.014437	-0.150000	100.000000
2015-04-13	0.000000	0.000000	0.000000	0.000000	0.000000	0.000000
2015-04-10	0.020629	-0.017682	0.020629	-0.017682	0.210000	200.000000
2015-04-09	-0.024904	-0.038314	-0.024904	-0.040230	-0.260000	7100.000000
2015-04-08	0.051360	0.002014	0.051360	0.002014	0.510000	7000.000000
2015-04-07	0.000000	0.000000	0.000000	0.000000	0.000000	0.000000
2015-04-06	0.000000	0.000000	0.000000	0.000000	0.000000	0.000000
2015-04-02	0.013265	0.005102	0.040816	0.005102	0.130000	6300.000000
2015-04-01	0.000000	0.000000	0.000000	0.000000	0.000000	1000.000000
2015-03-31	0.000102	-0.000918	0.000102	-0.001939	0.001000	1300.000000
2015-03-30	0.001943	0.000000	0.001943	0.000000	0.019000	900.000000
2015-03-27	0.001024	0.002047	0.002047	0.001024	0.010000	2400.000000
2015-03-26	0.000000	0.000000	0.000000	0.000000	0.000000	0.000000
2015-03-25	0.002051	0.002051	0.003077	0.002051	0.020000	1000.000000
2015-03-24	0.000000	0.000000	0.000000	0.000000	0.000000	0.000000
2015-03-23	0.004119	0.004119	0.008239	0.004119	0.040000	1500.000000
2015-03-20	0.000000	0.000000	0.000000	0.000000	0.000000	0.000000
2015-03-19	0.000000	0.004119	0.004119	0.000000	0.000000	700.000000
2015-03-18	0.001031	0.000000	0.001031	0.000000	0.010000	300.000000
2015-03-17	0.000000	0.000000	0.000000	0.000000	0.000000	0.000000
2015-03-16	0.000000	0.000000	0.000000	0.000000	0.000000	0.000000
2015-03-13	0.000000	0.000000	0.000000	0.000000	0.000000	0.000000
2015-03-12	0.000000	0.000000	0.000000	0.000000	0.000000	0.000000
2015-03-11	0.000000	0.000000	0.000000	0.000000	0.000000	0.000000
2015-03-10	0.000000	0.000000	0.000000	0.000000	0.000000	0.000000
2015-03-09	0.000000	0.000000	0.000000	0.000000	0.000000	0.000000
2015-03-06	-0.005128	-0.005128	-0.005128	-0.007179	-0.050000	1300.000000
2015-03-05	0.000000	0.000000	0.000000	0.000000	0.000000	0.000000
2015-03-04	0.000000	0.000000	0.000000	0.000000	0.000000	0.000000
2015-03-03	0.000000	0.000000	0.000000	0.000000	0.000000	0.000000
2015-03-02	0.007231	0.007231	0.007231	0.006198	0.070000	1400.000000
2015-02-27	0.000000	0.000000	0.000000	0.000000	0.000000	0.000000
2015-02-26	0.000000	0.000000	0.000000	0.000000	0.000000	0.000000
2015-02-25	0.000000	0.000000	0.000000	0.000000	0.000000	0.000000
2015-02-24	0.000000	0.000000	0.000000	0.000000	0.000000	0.000000
2015-02-23	-0.007179	0.000000	0.000000	-0.007179	-0.070000	1900.000000
2015-02-20	0.000000	0.000000	0.000000	0.000000	0.000000	0.000000
2015-02-19	0.000000	0.000000	0.000000	0.000000	0.000000	0.000000
2015-02-18	0.002055	0.002055	0.002055	0.002055	0.020000	900.000000
2015-02-17	0.000000	0.000000	0.000000	0.000000	0.000000	0.000000
2015-02-13	0.000000	0.000000	0.000000	0.000000	0.000000	0.000000
2015-02-12	0.004128	-0.001032	0.009288	-0.003096	0.040000	3400.000000
2015-02-11	0.000000	0.000000	0.000000	0.000000	0.000000	0.000000
2015-02-10	0.001033	0.010331	0.010331	0.000000	0.010000	400.000000
2015-02-09	0.000000	0.000000	0.000000	0.000000	0.000000	0.000000
2015-02-06	0.000000	0.000000	0.000000	0.000000	0.000000	0.000000
2015-02-05	-0.002062	-0.002062	-0.002062	-0.002062	-0.020000	300.000000
2015-02-04	-0.002058	-0.004115	0.003086	-0.006173	-0.020000	11900.000000
2015-02-03	0.001030	-0.005149	0.001030	-0.005149	0.010000	1500.000000
2015-02-02	-0.005123	-0.007172	-0.002049	-0.007172	-0.050000	2800.000000
2015-01-30	0.001026	-0.005128	0.001026	-0.007179	0.010000	2500.000000
2015-01-29	0.001027	-0.006160	0.004107	-0.006160	0.010000	4000.000000
2015-01-28	-0.004090	-0.004090	0.001022	-0.010225	-0.040000	7400.000000
2015-01-27	0.004107	-0.004107	0.004107	-0.006160	0.040000	3300.000000
2015-01-26	-0.001026	-0.006154	0.007179	-0.009231	-0.010000	292800.000000
2015-01-23	0.006192	0.001032	0.007224	0.001032	0.060000	1800.000000
2015-01-22	-0.006154	-0.010256	-0.003077	-0.010256	-0.060000	1200.000000
2015-01-21	0.003086	-0.012346	0.008230	-0.012346	0.030000	5800.000000
2015-01-20	0.002062	-0.010309	0.004124	-0.010309	0.020000	2200.000000
2015-01-16	0.001032	-0.001032	0.011352	-0.001032	0.010000	5700.000000
2015-01-15	-0.004111	-0.005139	-0.004111	-0.006166	-0.040000	2300.000000
2015-01-14	-0.007143	-0.008163	-0.003061	-0.008163	-0.070000	6600.000000
2015-01-13	0.005128	-0.001026	0.005128	-0.001026	0.050000	2100.000000
2015-01-12	0.000000	0.000000	0.000000	0.000000	0.000000	0.000000
2015-01-09	0.000000	0.000000	0.000000	0.000000	0.000000	0.000000
2015-01-08	0.002055	-0.006166	0.002055	-0.008222	0.020000	2100.000000
2015-01-07	0.007246	0.008282	0.008282	0.007246	0.070000	500.000000
2015-01-06	0.001036	0.004145	0.010363	0.000829	0.010000	20400.000000
2015-01-05	0.005208	0.008333	0.010417	0.005208	0.050000	7200.000000
2015-01-02	0.000000	0.000000	0.000000	0.000000	0.000000	0.000000
2014-12-31	0.000000	0.000000	0.000000	0.000000	0.000000	0.000000
2014-12-30	0.000000	0.000000	0.000000	0.000000	0.000000	0.000000
2014-12-29	-0.004149	-0.004149	-0.004149	-0.004149	-0.040000	13300.000000
2014-12-26	0.004167	0.004167	0.004167	0.004167	0.040000	0.000000
2014-12-24	-0.004149	-0.004149	-0.004149	-0.004149	-0.040000	0.000000
2014-12-23	0.000000	0.000000	0.000000	0.000000	0.000000	0.000000
2014-12-22	0.000000	0.000000	0.000000	0.000000	0.000000	0.000000
2014-12-19	0.001038	-0.004154	0.001038	-0.004154	0.010000	1300.000000
2014-12-18	-0.002073	0.004145	0.004145	-0.009326	-0.020000	1400.000000
2014-12-17	0.003119	0.003119	0.003119	0.003119	0.030000	100.000000
2014-12-16	0.000000	0.000000	0.000000	0.000000	0.000000	100.000000
2014-12-15	0.003128	0.003128	0.003128	0.003128	0.030000	100.000000
2014-12-12	-0.003119	-0.003119	-0.003119	-0.003119	-0.030000	100.000000
2014-12-11	0.004175	0.004175	0.004175	0.004175	0.040000	100.000000
2014-12-10	0.001045	0.011494	0.013584	0.001045	0.010000	5200.000000
2014-12-09	-0.004162	-0.004162	-0.004162	-0.004162	-0.040000	100.000000
2014-12-08	0.006283	0.009424	0.024084	0.006283	0.060000	9100.000000
2014-12-05	0.000000	0.000000	0.000000	0.000000	0.000000	0.000000
2014-12-04	-0.010773	-0.010773	-0.010773	-0.010773	-0.104000	500.000000
2014-12-03	0.000000	0.000000	0.000000	0.000000	0.000000	0.000000
2014-12-02	0.000000	0.000000	0.000000	0.000000	0.000000	0.000000
2014-12-01	-0.004742	-0.002062	0.000000	-0.005155	-0.046000	2300.000000
2014-11-28	0.000000	0.000000	0.000000	0.000000	0.000000	0.000000
2014-11-26	0.000000	0.000000	0.000000	0.000000	0.000000	0.000000
2014-11-25	0.006224	0.006224	0.006224	-0.004149	0.060000	1100.000000
2014-11-24	0.000000	0.000000	0.000000	0.000000	0.000000	0.000000
2014-11-21	0.000000	0.000000	0.000000	0.000000	0.000000	0.000000
