2017-09-01	-0.002396	0.003671	0.003977	-0.003794	-2.349976	2532200.000000
2017-08-31	0.013446	0.007348	0.013859	0.005343	13.009949	3331500.000000
2017-08-30	0.014182	0.004591	0.016089	0.002987	13.530029	2904600.000000
2017-08-29	0.008499	-0.006364	0.010549	-0.010243	8.039978	2874300.000000
2017-08-28	0.000804	0.001354	0.008188	-0.003184	0.760010	2596700.000000
2017-08-25	-0.007549	0.003727	0.005428	-0.008767	-7.190002	3324800.000000
2017-08-24	-0.005793	-0.000605	0.001044	-0.017599	-5.549988	5195700.000000
2017-08-23	-0.009205	-0.007777	-0.005068	-0.013135	-8.900024	2668300.000000
2017-08-22	0.014277	0.002339	0.015357	0.002318	13.610046	2750000.000000
2017-08-21	-0.005404	-0.000939	0.002848	-0.013574	-5.179993	3164500.000000
2017-08-18	-0.002186	0.000864	0.005059	-0.006163	-2.100036	3284800.000000
2017-08-17	-0.018003	-0.000348	-0.000348	-0.018258	-17.609986	3512400.000000
2017-08-16	-0.004640	-0.001109	0.003785	-0.009687	-4.559997	3132100.000000
2017-08-15	-0.000570	0.005695	0.008583	-0.001322	-0.559998	2549300.000000
2017-08-14	0.015816	0.010765	0.018089	0.008471	15.309998	3042800.000000
2017-08-11	0.011568	0.003219	0.014076	-0.005789	11.070007	3468000.000000
2017-08-10	-0.025550	-0.005815	-0.002189	-0.027831	-25.090027	5684100.000000
2017-08-09	-0.007910	-0.007314	-0.001859	-0.014720	-7.830017	3569700.000000
2017-08-08	-0.002449	0.002096	0.004041	-0.006531	-2.429993	2902800.000000
2017-08-07	0.004749	0.003109	0.007513	-0.000446	4.690003	2676600.000000
2017-08-04	0.000669	0.002797	0.004813	-0.004985	0.660034	2730300.000000
2017-08-03	-0.009007	0.003595	0.003625	-0.011347	-8.970032	3255800.000000
2017-08-02	-0.000301	0.005601	0.007047	-0.014515	-0.299987	4070000.000000
2017-08-01	0.008514	0.008433	0.018850	0.003847	8.409973	4572600.000000
2017-07-31	-0.031626	-0.000971	-0.000971	-0.032371	-32.259949	7352100.000000
2017-07-28	-0.024818	-0.032371	-0.012572	-0.043021	-25.960022	7709400.000000
2017-07-27	-0.006459	0.015910	0.028980	-0.011987	-6.800049	10991700.000000
2017-07-26	0.012434	0.003202	0.012819	0.003202	12.930054	2921300.000000
2017-07-25	0.000886	-0.000866	0.004216	-0.006227	0.920044	2447600.000000
2017-07-24	0.012948	0.002603	0.016906	0.001716	13.279907	3288000.000000
2017-07-21	-0.002945	-0.007213	-0.002527	-0.017206	-3.029907	2734600.000000
2017-07-20	0.001782	0.004596	0.007888	-0.004236	1.829956	3097500.000000
2017-07-19	0.002362	0.000537	0.006970	-0.001903	2.420044	2964000.000000
2017-07-18	0.014267	-0.004000	0.015831	-0.005980	14.409973	4007600.000000
2017-07-17	0.008215	0.002875	0.012917	0.001996	8.229980	3712600.000000
2017-07-14	0.001179	0.001769	0.003818	-0.003738	1.179993	2102500.000000
2017-07-13	-0.005842	-0.001878	0.000368	-0.010541	-5.880005	2880800.000000
2017-07-12	0.012453	0.006559	0.014505	0.003993	12.380005	3608600.000000
2017-07-11	-0.002348	-0.003482	-0.000482	-0.012795	-2.339966	2982700.000000
2017-07-10	0.018094	0.006375	0.021129	0.004843	17.709961	3546300.000000
2017-07-07	0.014112	0.004569	0.015511	0.004144	13.619995	2643400.000000
2017-07-06	-0.006444	-0.006938	0.003088	-0.012744	-6.260009	3259600.000000
2017-07-05	0.018602	0.008252	0.022377	0.001667	17.740051	3653000.000000
2017-07-03	-0.014814	0.004948	0.006705	-0.017562	-14.340027	2909100.000000
2017-06-30	-0.008126	0.004293	0.007726	-0.008525	-7.929993	3357200.000000
2017-06-29	-0.014541	-0.011441	-0.002797	-0.025325	-14.400024	4303000.000000
2017-06-28	0.013872	0.001812	0.014230	-0.007750	13.549988	3737600.000000
2017-06-27	-0.017304	-0.003310	0.004849	-0.018089	-17.199951	3782400.000000
2017-06-26	-0.009724	0.004742	0.006037	-0.011696	-9.760010	3386200.000000
2017-06-23	0.002437	0.001238	0.003316	-0.003276	2.440002	2879100.000000
2017-06-22	-0.000928	0.000000	0.004720	-0.005019	-0.929992	2253400.000000
2017-06-21	0.009712	0.006156	0.010206	0.000060	9.639953	2922500.000000
2017-06-20	-0.002592	0.002844	0.009757	-0.003165	-2.579956	4076800.000000
2017-06-19	0.007553	0.029654	0.029654	0.002217	7.459961	5043400.000000
2017-06-16	0.024415	0.033013	0.036902	0.018493	23.540039	11472700.000000
2017-06-15	-0.012596	-0.018198	-0.010999	-0.026227	-12.299988	5373900.000000
2017-06-14	-0.004405	0.007953	0.009737	-0.014356	-4.320007	3974900.000000
2017-06-13	0.016457	0.013556	0.020302	0.001233	15.880005	4580000.000000
2017-06-12	-0.013697	-0.011561	-0.002412	-0.034049	-13.400025	9447200.000000
2017-06-09	-0.031635	0.002207	0.002692	-0.082424	-31.960022	7647700.000000
2017-06-08	0.000198	0.001970	0.003505	-0.003921	0.200013	2767900.000000
2017-06-07	0.007049	0.002941	0.007228	-0.000997	7.070007	2823000.000000
2017-06-06	-0.008247	0.000653	0.005102	-0.009977	-8.340027	3346400.000000
2017-06-05	0.004579	0.000497	0.006437	-0.003198	4.610047	2719900.000000
2017-06-02	0.010824	0.003052	0.012581	-0.000281	10.779968	3752300.000000
2017-06-01	0.001337	0.003992	0.004394	-0.003268	1.330017	2454800.000000
2017-05-31	-0.002087	0.003311	0.003431	-0.014588	-2.080017	3913100.000000
2017-05-30	0.000924	0.000733	0.005443	-0.000261	0.919983	3263100.000000
2017-05-26	0.002416	0.001631	0.005305	-0.004158	2.400024	3415200.000000
2017-05-25	0.013291	0.004590	0.019024	0.001795	13.030029	4822000.000000
2017-05-24	0.009068	0.004591	0.009737	-0.001348	8.809998	2446000.000000
2017-05-23	0.000896	0.004481	0.004667	-0.003935	0.869995	2415600.000000
2017-05-22	0.011283	0.004334	0.012023	0.003188	10.829956	2642200.000000
2017-05-19	0.001409	0.004538	0.010882	0.001283	1.350037	3972100.000000
2017-05-18	0.014533	0.000042	0.019042	0.000000	13.729980	3939300.000000
2017-05-17	-0.022058	-0.011769	-0.005869	-0.022721	-21.309997	5145600.000000
2017-05-16	0.008455	0.003163	0.012620	0.003069	8.100036	3126100.000000
2017-05-15	-0.003516	-0.002725	0.001872	-0.005503	-3.380005	4270600.000000
2017-05-12	0.014489	0.007260	0.016009	0.004126	13.729981	3625900.000000
2017-05-11	-0.001402	-0.004047	0.001412	-0.008609	-1.330017	2194100.000000
2017-05-10	-0.004062	0.000714	0.000976	-0.008207	-3.869995	2096500.000000
2017-05-09	0.003983	0.003962	0.009325	0.001222	3.780029	3262100.000000
2017-05-08	0.015940	0.007279	0.015950	0.005417	14.889954	3415700.000000
2017-05-05	-0.003605	0.003189	0.003477	-0.007712	-3.380005	2866400.000000
2017-05-04	-0.003719	0.003953	0.004219	-0.007237	-3.500000	2418400.000000
2017-05-03	-0.006241	-0.000993	-0.000993	-0.011659	-5.909973	3582700.000000
2017-05-02	-0.001360	-0.001666	0.001972	-0.007192	-1.289978	3848800.000000
2017-05-01	0.025125	0.003038	0.031795	0.003038	23.239990	5466500.000000
2017-04-28	0.007197	0.033156	0.033984	0.006479	6.609985	7364700.000000
2017-04-27	0.009997	0.005609	0.013824	0.003101	9.090027	5305500.000000
2017-04-26	0.001840	0.002953	0.008957	-0.000066	1.669983	2608900.000000
2017-04-25	0.000231	-0.000408	0.002281	-0.004860	0.210022	3380600.000000
2017-04-24	0.009883	0.011296	0.012754	0.005887	8.879944	3122900.000000
2017-04-21	-0.003913	0.000676	0.001763	-0.005864	-3.529969	2420500.000000
2017-04-20	0.003181	0.000556	0.006806	-0.003236	2.859986	2814400.000000
2017-04-19	-0.005068	0.004492	0.007435	-0.007092	-4.580017	2870200.000000
2017-04-18	0.001985	-0.001109	0.008448	-0.001341	1.790039	2999200.000000
2017-04-17	0.019578	0.003199	0.020019	0.003199	17.320007	2854700.000000
2017-04-13	-0.012898	-0.005333	-0.001406	-0.013099	-11.559997	3174600.000000
2017-04-12	-0.006793	0.000809	0.001917	-0.007879	-6.130005	2456100.000000
2017-04-11	-0.005160	0.000000	0.004630	-0.010518	-4.679993	3012700.000000
2017-04-10	0.013588	0.005308	0.015231	0.004604	12.159973	3184300.000000
2017-04-07	-0.003785	0.001525	0.002015	-0.009986	-3.400024	3710900.000000
2017-04-06	-0.012097	0.004971	0.008699	-0.016266	-11.000000	6344100.000000
2017-04-05	0.002702	0.004400	0.018625	-0.001334	2.450012	7508400.000000
2017-04-04	0.017184	-0.000011	0.019102	-0.001380	15.320007	4984700.000000
2017-04-03	0.005606	0.001647	0.007839	-0.001263	4.970032	3422300.000000
2017-03-31	0.011639	0.000753	0.015987	0.000354	10.199951	3957600.000000
2017-03-30	0.002310	0.000721	0.003134	-0.003042	2.020020	2762700.000000
2017-03-29	0.021402	0.003563	0.023879	0.003528	18.320007	4485800.000000
2017-03-28	0.010841	0.005822	0.013746	0.003873	9.179993	3041600.000000
2017-03-27	0.001431	-0.008917	0.005546	-0.014321	1.210022	2755800.000000
2017-03-24	-0.002089	0.005074	0.005216	-0.004543	-1.770020	2138300.000000
2017-03-23	-0.000802	0.000165	0.003337	-0.003844	-0.679993	1953000.000000
2017-03-22	0.005764	-0.003285	0.007317	-0.004922	4.859986	2658700.000000
2017-03-21	-0.016068	0.002182	0.006803	-0.018274	-13.769959	4382900.000000
2017-03-20	0.005467	-0.000939	0.006441	-0.001525	4.659973	2282700.000000
2017-03-17	-0.001301	0.000082	0.000480	-0.003257	-1.109985	3384400.000000
2017-03-16	0.000528	0.002732	0.002966	-0.002884	0.450012	1842300.000000
2017-03-15	0.000516	0.002111	0.002252	-0.006358	0.439942	2562200.000000
2017-03-14	-0.002411	-0.001217	-0.000983	-0.008238	-2.059998	2130600.000000
2017-03-13	0.002499	-0.000809	0.003789	-0.000880	2.130005	1909700.000000
2017-03-10	-0.000633	0.004689	0.005100	-0.001501	-0.539978	2436400.000000
2017-03-09	0.002939	0.000588	0.006937	-0.000223	2.500000	2048200.000000
2017-03-08	0.005295	0.002340	0.008333	0.000910	4.479980	2286500.000000
2017-03-07	-0.000697	-0.001335	0.002185	-0.003378	-0.589965	2247600.000000
2017-03-06	-0.003848	-0.005471	-0.001636	-0.010307	-3.270020	2610400.000000
2017-03-03	0.001143	-0.002014	0.003628	-0.003110	0.970032	1941100.000000
2017-03-02	-0.004888	0.000000	0.002040	-0.006799	-4.170044	2132100.000000
2017-03-01	0.009514	0.009479	0.011585	0.004698	8.040039	2760100.000000
2017-02-28	-0.004242	0.003311	0.006422	-0.007765	-3.600037	2793700.000000
2017-02-27	0.004023	-0.003384	0.008589	-0.006590	3.400025	2713600.000000
2017-02-24	-0.008155	-0.008801	-0.007487	-0.016945	-6.950012	3688000.000000
2017-02-23	-0.003997	0.002291	0.006136	-0.008894	-3.419983	3462000.000000
2017-02-22	-0.000969	0.000595	0.002324	-0.004974	-0.830017	2617000.000000
2017-02-21	0.013455	0.004461	0.015277	0.002580	11.369995	3507700.000000
2017-02-17	0.001102	-0.002535	0.003708	-0.004040	0.929992	3112300.000000
2017-02-16	0.001709	-0.001021	0.002729	-0.003940	1.440003	2714700.000000
2017-02-15	0.007544	-0.002858	0.007676	-0.004268	6.309997	2968900.000000
2017-02-14	-0.000167	0.000562	0.002128	-0.006073	-0.140014	2792400.000000
2017-02-13	0.010961	0.005027	0.018780	0.001317	9.070007	4172600.000000
2017-02-10	0.007427	0.002995	0.008084	0.001814	6.100037	2429600.000000
2017-02-09	0.002013	0.002306	0.006453	0.000000	1.649963	2484900.000000
2017-02-08	0.008874	0.000234	0.011052	0.000000	7.210022	2858000.000000
2017-02-07	0.006018	0.002068	0.010549	-0.000173	4.859985	3466100.000000
2017-02-06	-0.003160	-0.000494	0.000642	-0.008887	-2.559997	3897300.000000
2017-02-03	-0.035419	-0.039562	-0.025775	-0.042800	-29.750000	10868800.000000
2017-02-02	0.009131	0.005094	0.012182	-0.004914	7.600036	7350500.000000
2017-02-01	0.010771	0.006958	0.012508	0.001773	8.869996	3850200.000000
2017-01-31	-0.008309	-0.007984	-0.004082	-0.013030	-6.900025	3137200.000000
2017-01-30	-0.006449	-0.003314	-0.002716	-0.023200	-5.390015	3747300.000000
2017-01-27	-0.004028	-0.000179	0.000655	-0.011571	-3.380004	2998700.000000
2017-01-26	0.003144	-0.001183	0.008751	-0.004208	2.630004	3586300.000000
2017-01-25	0.017120	0.004073	0.018214	0.003465	14.080018	3922600.000000
2017-01-24	0.005575	0.005037	0.007471	-0.004133	4.559997	2971700.000000
2017-01-23	0.011814	-0.001893	0.012581	-0.004021	9.549988	2797500.000000
2017-01-20	-0.000878	0.007713	0.008628	-0.003436	-0.709961	3376200.000000
2017-01-19	0.001932	0.003121	0.007468	-0.000198	1.559998	2540800.000000
2017-01-18	-0.002766	-0.000272	0.002482	-0.006731	-2.239991	2354200.000000
2017-01-17	-0.009081	-0.001762	-0.001395	-0.016766	-7.420044	3670500.000000
2017-01-13	0.004302	0.000836	0.009845	-0.002753	3.500000	3791900.000000
2017-01-12	0.018297	0.001614	0.018911	0.000601	14.619995	4873900.000000
2017-01-11	0.003920	-0.002814	0.004523	-0.008029	3.119996	2992800.000000
2017-01-10	-0.001280	-0.000402	0.001355	-0.009261	-1.019959	2558400.000000
2017-01-09	0.001168	0.002525	0.007261	-0.005302	0.929993	3446100.000000
2017-01-06	0.019912	0.002447	0.024332	-0.002524	15.539978	5986200.000000
2017-01-05	0.030732	0.005771	0.033308	0.004068	23.270019	5830100.000000
2017-01-04	0.004657	0.006263	0.007974	0.000703	3.510010	2510500.000000
2017-01-03	0.005068	0.010735	0.011855	-0.002894	3.799988	3521100.000000
2016-12-30	-0.019970	0.001725	0.002941	-0.022048	-15.280029	4139400.000000
2016-12-29	-0.009040	0.000350	0.001645	-0.014609	-6.979981	3158300.000000
2016-12-28	0.000946	0.006287	0.011149	-0.001167	0.729981	3301000.000000
2016-12-27	0.014213	0.003694	0.018486	0.000802	10.809997	2638700.000000
2016-12-23	-0.007503	-0.002336	0.000209	-0.010896	-5.750000	1976900.000000
2016-12-22	-0.005528	-0.003218	0.000792	-0.009836	-4.259949	2543600.000000
2016-12-21	-0.000804	-0.001582	0.000000	-0.007157	-0.619995	2044600.000000
2016-12-20	0.006815	0.003460	0.010953	0.002232	5.219971	2703600.000000
2016-12-19	0.010861	0.001478	0.016799	-0.002125	8.229980	3113200.000000
2016-12-16	-0.004244	0.005256	0.005427	-0.009198	-3.229980	4848200.000000
2016-12-15	-0.010171	-0.003304	0.000364	-0.011069	-7.820007	3801900.000000
2016-12-14	-0.007129	0.005049	0.008420	-0.014890	-5.520020	5454800.000000
2016-12-13	0.018708	0.006367	0.029390	0.002473	14.220032	5285300.000000
2016-12-12	-0.011110	-0.002940	-0.002303	-0.014909	-8.539978	2963900.000000
2016-12-09	0.001733	0.003480	0.003805	-0.002593	1.329956	2470900.000000
2016-12-08	-0.004011	0.001882	0.004374	-0.006788	-3.089966	3189600.000000
2016-12-07	0.007454	-0.000222	0.007454	-0.011638	5.700012	3684900.000000
2016-12-06	0.007059	0.006097	0.011694	-0.002779	5.359986	3794700.000000
2016-12-05	0.025691	0.006294	0.028568	0.002242	19.019958	4314700.000000
2016-12-02	-0.004451	-0.000336	0.006508	-0.009346	-3.309997	3561300.000000
2016-12-01	-0.009220	0.002451	0.003730	-0.016707	-6.919983	4666000.000000
2016-11-30	-0.015672	-0.000682	0.007305	-0.016091	-11.950013	4625900.000000
2016-11-29	-0.005543	0.001604	0.004069	-0.007108	-4.250000	3272300.000000
2016-11-28	-0.017428	-0.004331	-0.004318	-0.020670	-13.599975	4438800.000000
2016-11-25	0.000320	0.008178	0.008499	-0.002846	0.250000	1837100.000000
2016-11-23	-0.006634	-0.004584	-0.004559	-0.015548	-5.210022	3540300.000000
2016-11-22	0.006833	0.010474	0.015897	0.001282	5.330017	5311300.000000
2016-11-21	0.026100	0.007683	0.026560	0.006512	19.840027	4614600.000000
2016-11-18	0.004971	0.006081	0.014992	0.001639	3.759949	4373400.000000
2016-11-17	0.013276	0.003791	0.014749	0.002023	9.910034	3690100.000000
2016-11-16	0.004373	-0.004521	0.008920	-0.010266	3.250000	3648800.000000
2016-11-15	0.033613	0.015200	0.038536	0.009624	24.169983	6755800.000000
2016-11-14	-0.026982	0.008796	0.009459	-0.039120	-19.940003	7321300.000000
2016-11-11	-0.004539	-0.008958	0.001185	-0.018158	-3.369995	6594400.000000
2016-11-10	-0.038218	0.008978	0.009004	-0.070192	-29.500000	12747000.000000
2016-11-09	-0.020146	-0.030149	-0.013012	-0.035113	-15.869995	8562900.000000
2016-11-08	0.003593	0.000051	0.008676	-0.007427	2.820007	3373300.000000
2016-11-07	0.039574	0.021972	0.043282	0.021045	29.880005	5984400.000000
2016-11-04	-0.015619	-0.005528	-0.001343	-0.017992	-11.980041	5122100.000000
2016-11-03	0.001920	-0.000666	0.014943	-0.002038	1.470031	3872500.000000
2016-11-02	-0.025273	-0.001884	-0.000840	-0.027833	-19.849975	5026500.000000
2016-11-01	-0.005584	0.011623	0.013953	-0.016599	-4.410034	5305400.000000
2016-10-31	0.017390	0.006067	0.022388	0.004882	13.500000	5413300.000000
2016-10-28	-0.051371	-0.044430	-0.035278	-0.053461	-42.039978	10841100.000000
2016-10-27	-0.005142	0.010516	0.011099	-0.008704	-4.230042	7406400.000000
2016-10-26	-0.015075	-0.002898	-0.002083	-0.018176	-12.589966	3998100.000000
2016-10-25	-0.003472	0.001444	0.005966	-0.005811	-2.910034	3248400.000000
2016-10-24	0.023321	0.007277	0.023578	0.003932	19.100037	4060900.000000
2016-10-21	0.010699	-0.001185	0.011230	-0.001629	8.669983	2793000.000000
2016-10-20	-0.009013	-0.004525	-0.002421	-0.017843	-7.369995	3152000.000000
2016-10-19	0.000049	0.003363	0.003693	-0.003033	0.039978	2090700.000000
2016-10-18	0.005781	0.011268	0.012682	0.002546	4.700012	2512500.000000
2016-10-17	-0.012163	-0.001774	-0.001167	-0.013707	-10.010010	3361500.000000
2016-10-14	-0.007621	0.006994	0.007790	-0.007621	-6.320007	2999800.000000
2016-10-13	-0.005767	-0.006102	-0.002746	-0.015442	-4.809998	3091400.000000
2016-10-12	0.003718	0.003610	0.008026	-0.001083	3.090027	2380400.000000
2016-10-11	-0.012724	-0.000820	-0.000499	-0.015873	-10.710022	3588200.000000
2016-10-10	0.002716	0.004551	0.006874	0.001001	2.280029	1827100.000000
2016-10-07	-0.002650	0.004907	0.005097	-0.005002	-2.229980	2426200.000000
2016-10-06	-0.003198	-0.000782	0.003375	-0.004453	-2.700012	2684000.000000
2016-10-05	0.012386	0.004760	0.013956	0.002506	10.329956	3469100.000000
2016-10-04	-0.003239	0.004984	0.006728	-0.007744	-2.709961	2950300.000000
2016-10-03	-0.000681	-0.001565	0.003045	-0.007237	-0.570008	2769400.000000
2016-09-30	0.009963	0.004294	0.013148	0.004041	8.260010	4430600.000000
2016-09-29	0.000398	-0.000555	0.010595	-0.004935	0.330017	4922200.000000
2016-09-28	0.015451	0.002316	0.017191	0.001127	12.609986	4422100.000000
2016-09-27	0.021210	0.003366	0.021873	0.002440	16.950012	3819600.000000
2016-09-26	-0.008179	-0.004902	0.000223	-0.010673	-6.590027	2651400.000000
2016-09-23	0.001305	-0.001951	0.003790	-0.003206	1.049988	2353500.000000
2016-09-22	0.018943	0.005736	0.020450	0.005736	14.960022	4078900.000000
2016-09-21	0.012202	0.003884	0.013419	-0.001551	9.520019	2718600.000000
2016-09-20	0.006606	0.001161	0.008089	0.001161	5.119995	1937200.000000
2016-09-19	-0.004393	0.001862	0.004393	-0.009659	-3.420044	2297200.000000
2016-09-16	0.011472	0.004664	0.013993	0.002559	8.830018	5499200.000000
2016-09-15	0.011300	0.001196	0.012850	-0.004612	8.599975	3034000.000000
2016-09-14	0.000105	0.001564	0.008528	-0.002838	0.080017	2523000.000000
2016-09-13	-0.013584	-0.003526	-0.002074	-0.016125	-10.479980	3117200.000000
2016-09-12	0.014931	-0.003670	0.016471	-0.005446	11.349975	3124700.000000
2016-09-09	-0.030508	-0.005994	-0.003903	-0.030546	-23.919983	4257300.000000
2016-09-08	-0.000535	-0.000752	0.002575	-0.003875	-0.419982	2030500.000000
2016-09-07	-0.005565	0.000837	0.002434	-0.005755	-4.390015	2424600.000000
2016-09-06	0.021270	0.002071	0.022060	-0.002874	16.429993	3719800.000000
2016-09-02	0.002362	0.004529	0.006981	0.001401	1.820007	2181800.000000
2016-09-01	0.001898	0.002262	0.003744	-0.003133	1.460022	1792300.000000
2016-08-31	0.002058	-0.001277	0.002684	-0.004664	1.579956	1633800.000000
2016-08-30	-0.004810	-0.000311	0.000713	-0.007429	-3.709961	1709200.000000
2016-08-29	0.002978	-0.000364	0.007776	-0.000520	2.289978	2198600.000000
2016-08-26	0.012882	0.001093	0.014199	0.000764	9.780029	2776800.000000
2016-08-25	0.002601	-0.001651	0.004371	-0.003315	1.969971	1623000.000000
2016-08-24	-0.006820	0.000721	0.001259	-0.009299	-5.200012	1744100.000000
2016-08-23	0.003911	0.005043	0.006873	0.002001	2.970032	1524100.000000
2016-08-22	0.002865	0.000251	0.003354	-0.006880	2.169982	1679300.000000
2016-08-19	-0.009353	-0.003349	-0.002577	-0.009902	-7.150024	2343200.000000
2016-08-18	-0.000222	-0.000824	0.000706	-0.005271	-0.169983	1458800.000000
2016-08-17	0.000772	0.000484	0.001544	-0.006335	0.590027	1891100.000000
2016-08-16	-0.005791	0.000169	0.000312	-0.006077	-4.450012	1604600.000000
2016-08-15	-0.005268	-0.000854	-0.000673	-0.006278	-4.070008	2118500.000000
2016-08-12	0.001712	-0.003605	0.002477	-0.003656	1.320008	1563300.000000
2016-08-11	0.003487	0.001796	0.006753	0.000729	2.679992	2019700.000000
2016-08-10	0.000325	0.001939	0.004933	-0.002759	0.250000	1604300.000000
2016-08-09	0.002283	0.001083	0.007879	0.000444	1.750000	1876100.000000
2016-08-08	0.000757	0.001084	0.001332	-0.006475	0.580018	1986300.000000
2016-08-05	0.006848	0.005310	0.010121	0.003050	5.209960	2704400.000000
2016-08-04	0.008123	-0.001246	0.013728	-0.005685	6.130005	3178200.000000
2016-08-03	-0.007810	-0.004628	-0.002222	-0.010952	-5.940002	3581500.000000
2016-08-02	-0.009326	-0.005119	-0.003556	-0.013963	-7.159973	3603300.000000
2016-08-01	0.011768	0.001397	0.015406	-0.002306	8.929992	3578200.000000
2016-07-29	0.008238	0.016463	0.017791	0.003176	6.200013	6777100.000000
2016-07-28	0.021638	0.012638	0.022656	0.004113	15.940002	7617600.000000
2016-07-27	0.001468	0.003235	0.007273	-0.002352	1.079956	2913100.000000
2016-07-26	-0.005435	0.004191	0.004759	-0.009275	-4.019958	2529700.000000
2016-07-25	-0.007048	0.002269	0.004887	-0.012768	-5.250000	2679300.000000
2016-07-22	0.000578	0.004514	0.009202	-0.001209	0.429992	2277700.000000
2016-07-21	-0.001730	0.002387	0.004881	-0.003929	-1.289978	2317100.000000
2016-07-20	0.007798	0.005473	0.008514	0.001014	5.769959	2214000.000000
2016-07-19	0.005271	-0.004850	0.009863	-0.005108	3.880005	2216800.000000
2016-07-18	0.000857	0.000068	0.008376	-0.009137	0.630005	2954900.000000
2016-07-15	-0.007771	0.007218	0.007218	-0.009647	-5.760010	3121400.000000
2016-07-14	-0.001926	0.008389	0.008631	-0.004861	-1.429993	2390500.000000
2016-07-13	-0.007458	-0.001938	0.011574	-0.009302	-5.580017	4142300.000000
2016-07-12	-0.007389	0.004086	0.004723	-0.017843	-5.570007	5623700.000000
2016-07-11	0.010686	0.005618	0.013529	0.001596	7.970031	3195300.000000
2016-07-08	0.012545	0.004847	0.012938	0.001941	9.239991	3429200.000000
2016-07-07	-0.001410	0.002332	0.002630	-0.008107	-1.039978	2945800.000000
2016-07-06	0.013061	-0.003282	0.013281	-0.007581	9.510009	3938200.000000
2016-07-05	0.003335	-0.003969	0.005347	-0.008365	2.419983	2431400.000000
2016-07-01	0.014058	0.002376	0.017300	0.001286	10.059998	2920400.000000
2016-06-30	0.000028	0.002236	0.005268	-0.004276	0.020019	2855100.000000
2016-06-29	0.010806	0.011018	0.016315	0.007896	7.649964	3070100.000000
2016-06-28	0.023996	0.012497	0.024069	0.009850	16.590027	4037000.000000
2016-06-27	-0.010873	-0.009943	-0.003062	-0.024093	-7.600037	5568000.000000
2016-06-24	-0.032019	-0.040273	-0.013226	-0.041380	-23.119995	7632500.000000
2016-06-23	0.016155	0.006896	0.016212	0.002674	11.480041	2825000.000000
2016-06-22	-0.007292	0.001062	0.001648	-0.011525	-5.220031	2260500.000000
2016-06-21	0.002535	0.002395	0.006148	-0.001807	1.809997	2137500.000000
2016-06-20	0.010787	0.010065	0.021121	0.006257	7.619995	3677200.000000
2016-06-17	-0.015498	0.000948	0.000962	-0.025547	-11.119995	5897800.000000
2016-06-16	0.004550	-0.003094	0.005236	-0.012544	3.250000	3098000.000000
2016-06-15	-0.007007	0.003754	0.004532	-0.008272	-5.039978	2709400.000000
2016-06-14	0.005676	-0.004069	0.007788	-0.004152	4.059998	2506900.000000
2016-06-13	-0.003719	-0.005432	0.005683	-0.009402	-2.669983	3352200.000000
2016-06-10	-0.013386	-0.007284	-0.003669	-0.018470	-9.740051	3425700.000000
2016-06-09	0.001390	-0.004872	0.003124	-0.005973	1.010009	2170300.000000
2016-06-08	0.004007	0.003675	0.007848	-0.002957	2.900025	2223400.000000
2016-06-07	-0.004114	0.004348	0.004500	-0.008504	-2.989990	2732500.000000
2016-06-06	0.001640	0.001323	0.008215	-0.001544	1.190002	2704800.000000
2016-06-03	-0.003708	-0.002060	-0.001703	-0.013471	-2.700012	3367300.000000
2016-06-02	0.012232	0.002127	0.012287	-0.005476	8.799988	3026600.000000
2016-06-01	-0.004635	-0.002615	0.005036	-0.006323	-3.349976	3263100.000000
2016-05-31	0.014812	0.000126	0.016834	-0.001292	10.549988	3618300.000000
2016-05-27	-0.003735	0.000126	0.002364	-0.005329	-2.669983	2246400.000000
2016-05-26	0.009261	-0.000028	0.009388	-0.001496	6.559997	2446700.000000
2016-05-25	0.005893	0.005396	0.009458	0.001874	4.149964	3267700.000000
2016-05-24	0.010693	0.001808	0.015429	0.001794	7.450012	3033800.000000
2016-05-23	-0.008608	0.002063	0.004553	-0.009078	-6.049988	2595100.000000
2016-05-20	0.006127	0.003622	0.012483	0.002119	4.279968	2916200.000000
2016-05-19	0.001534	-0.007986	0.002796	-0.011313	1.070008	3025600.000000
2016-05-18	0.003135	-0.008213	0.010456	-0.009363	2.179992	4283200.000000
2016-05-17	-0.021656	-0.001069	0.005361	-0.023570	-15.389953	5121400.000000
2016-05-16	0.001042	0.000296	0.004691	-0.013579	0.739990	5432900.000000
2016-05-13	-0.011157	-0.004583	0.001839	-0.015907	-8.010010	4763400.000000
2016-05-12	0.006590	0.005819	0.012927	-0.002412	4.700013	5048200.000000
2016-05-11	0.014451	0.003869	0.022658	-0.002020	10.159973	7338200.000000
2016-05-10	0.034307	0.020964	0.036484	0.020228	23.320007	6105600.000000
2016-05-09	0.008606	0.000000	0.019334	-0.003769	5.799988	3982200.000000
2016-05-06	0.022546	-0.004612	0.027098	-0.004673	14.859985	4347200.000000
2016-05-05	-0.017603	0.003592	0.008332	-0.022209	-11.809997	4884100.000000
2016-05-04	-0.000626	-0.013004	0.003992	-0.013675	-0.419983	4635500.000000
2016-05-03	-0.018323	-0.009490	-0.005191	-0.019624	-12.529969	4923400.000000
2016-05-02	0.036780	0.006565	0.039282	0.003699	24.259949	6578500.000000
2016-04-29	0.095664	0.106312	0.112924	0.086379	57.590027	10310700.000000
2016-04-28	-0.007534	0.014788	0.033351	-0.012150	-4.570007	7872600.000000
2016-04-27	-0.016713	-0.008235	-0.001508	-0.025289	-10.309998	4068800.000000
2016-04-26	-0.014883	-0.000048	0.000878	-0.018077	-9.320007	2521400.000000
2016-04-25	0.009186	-0.006269	0.010443	-0.006849	5.700012	2682900.000000
2016-04-22	-0.016640	-0.010349	-0.004358	-0.030808	-10.500000	5083900.000000
2016-04-21	-0.003144	-0.003144	0.007630	-0.007093	-1.989990	2596300.000000
2016-04-20	0.008106	0.003344	0.013776	-0.007804	5.089966	2609400.000000
2016-04-19	-0.011726	0.002817	0.004187	-0.022901	-7.449952	4055900.000000
2016-04-18	0.015114	-0.000863	0.018773	-0.001486	9.459961	4336400.000000
2016-04-15	0.008280	0.001885	0.009698	-0.004253	5.140015	2887700.000000
2016-04-14	0.009645	0.000407	0.015549	0.000407	5.929993	3512100.000000
2016-04-13	0.019315	0.007477	0.022614	0.003515	11.650024	4228300.000000
2016-04-12	0.012149	0.004145	0.013643	-0.006075	7.239990	2641100.000000
2016-04-11	0.002237	0.002590	0.015809	0.000521	1.330017	2704300.000000
2016-04-08	0.005360	0.004886	0.010872	-0.004109	3.169983	2591900.000000
2016-04-07	-0.017689	-0.005514	-0.004119	-0.021592	-10.650024	3189000.000000
2016-04-06	0.027195	0.002354	0.027724	0.002320	15.940002	2849900.000000
2016-04-05	-0.011885	-0.004080	0.000472	-0.013385	-7.049987	2308900.000000
2016-04-04	-0.008872	0.000835	0.001671	-0.013283	-5.309998	2470800.000000
2016-04-01	0.008187	-0.005306	0.009080	-0.008995	4.859985	2917400.000000
2016-03-31	-0.008435	0.000986	0.003441	-0.010824	-5.049987	2681800.000000
2016-03-30	0.008133	0.004799	0.015795	0.001920	4.830017	3890500.000000
2016-03-29	0.024126	0.000483	0.027558	-0.005812	13.989990	4392600.000000
2016-03-28	-0.005284	0.002487	0.003088	-0.012677	-3.080017	3121500.000000
2016-03-24	0.023384	-0.004424	0.024437	-0.004477	13.320007	5185500.000000
2016-03-23	0.016325	0.000928	0.021410	-0.004246	9.150025	3983700.000000
2016-03-22	0.011733	-0.016011	0.015849	-0.016120	6.500000	4000600.000000
2016-03-21	0.003441	-0.005742	0.005724	-0.024453	1.899963	5155700.000000
2016-03-18	-0.013156	0.002681	0.005166	-0.023863	-7.359985	7296900.000000
2016-03-17	-0.025824	-0.008289	-0.004998	-0.033538	-14.830018	5928100.000000
2016-03-16	-0.004766	-0.000659	0.007452	-0.010190	-2.750000	3537700.000000
2016-03-15	0.006366	-0.004133	0.014214	-0.011110	3.650025	3876800.000000
2016-03-14	0.006601	-0.004582	0.012781	-0.011517	3.760010	3454200.000000
2016-03-11	0.019108	0.014349	0.019913	0.006799	10.679992	3771300.000000
2016-03-10	-0.000965	0.012994	0.013459	-0.020680	-0.539978	3919900.000000
2016-03-09	-0.001410	-0.001249	0.000161	-0.018081	-0.790039	4377300.000000
2016-03-08	-0.004513	-0.008760	0.015192	-0.014321	-2.539978	4730000.000000
2016-03-07	-0.021456	-0.002782	-0.002625	-0.034061	-12.340027	4926900.000000
2016-03-04	-0.004069	0.006199	0.006771	-0.011117	-2.349975	3416500.000000
2016-03-03	-0.004688	-0.003878	-0.000586	-0.012237	-2.720032	2741300.000000
2016-03-02	0.002021	0.004680	0.010293	-0.009222	1.170044	4582200.000000
2016-03-01	0.047998	0.006823	0.048378	0.006298	26.519958	5038500.000000
2016-02-29	-0.004881	-0.002215	0.017254	-0.004899	-2.709960	4145400.000000
2016-02-26	0.000144	0.008952	0.013240	-0.003567	0.079956	4877000.000000
2016-02-25	0.002004	0.002671	0.009656	-0.015793	1.110046	4525500.000000
2016-02-24	0.001989	-0.013003	0.002405	-0.035790	1.099976	6231700.000000
2016-02-23	-0.011725	-0.007060	-0.004629	-0.025326	-6.559998	4050800.000000
2016-02-22	0.045990	0.013647	0.048140	0.011554	24.599976	5566600.000000
2016-02-19	0.018857	-0.008171	0.020857	-0.018381	9.900024	4974700.000000
2016-02-18	-0.017038	0.013275	0.013293	-0.019416	-9.099976	4735000.000000
2016-02-17	0.024947	0.014661	0.031434	-0.003281	13.000000	4824000.000000
2016-02-16	0.027648	0.024454	0.034255	0.009032	14.019989	5118500.000000
2016-02-12	0.006471	0.013656	0.025664	-0.004625	3.259980	5384800.000000
2016-02-11	0.027198	0.001407	0.038371	-0.013212	13.339996	7397400.000000
2016-02-10	0.017446	0.020101	0.046860	0.008152	8.410004	6786200.000000
2016-02-09	-0.012354	-0.020672	0.021061	-0.028888	-6.029999	7077900.000000
2016-02-08	-0.027941	-0.031187	-0.017187	-0.053612	-14.029999	9825500.000000
2016-02-05	-0.063645	-0.013016	-0.012699	-0.069127	-34.130005	9708900.000000
2016-02-04	0.009773	-0.011430	0.014913	-0.022314	5.190003	6199100.000000
2016-02-03	-0.038091	0.002536	0.007064	-0.054700	-21.029969	10048700.000000
2016-02-02	-0.039509	-0.008368	-0.005654	-0.043005	-22.710022	6312000.000000
2016-02-01	-0.020767	-0.015077	-0.008859	-0.028433	-12.190002	6355100.000000
2016-01-29	-0.076100	-0.099740	-0.066656	-0.102857	-48.349976	14677600.000000
2016-01-28	0.089140	0.042890	0.093786	0.024342	52.000000	14015200.000000
2016-01-27	-0.029771	0.001231	0.003559	-0.037372	-17.900024	5152900.000000
2016-01-26	0.007912	0.011600	0.013361	-0.010310	4.719971	3765700.000000
2016-01-25	0.000252	0.002700	0.020323	-0.003052	0.150024	4396100.000000
2016-01-22	0.037147	0.023843	0.043616	0.015808	21.359985	5120100.000000
2016-01-21	0.005684	0.003166	0.029802	-0.006209	3.250000	4952200.000000
2016-01-20	-0.004717	-0.017616	0.006911	-0.047521	-2.709960	7966400.000000
2016-01-19	0.007541	0.012119	0.024238	-0.006542	4.299987	4807200.000000
2016-01-15	-0.038482	-0.035008	-0.014132	-0.046712	-22.820007	7754500.000000
2016-01-14	0.019233	-0.002681	0.035132	-0.020505	11.190002	7238000.000000
2016-01-13	-0.058392	0.004839	0.004839	-0.062681	-36.080017	7655200.000000
2016-01-12	0.000243	0.012157	0.013355	-0.008903	0.150025	4724100.000000
2016-01-11	0.017610	0.008945	0.021086	-0.013969	10.690002	4891600.000000
2016-01-08	-0.001464	0.019278	0.026647	-0.003191	-0.890014	5512900.000000
2016-01-07	-0.039058	-0.017150	-0.004189	-0.043373	-24.710022	7074900.000000
2016-01-06	-0.001799	-0.018602	0.009467	-0.021269	-1.139954	5329200.000000
2016-01-05	-0.005024	0.015495	0.015573	-0.014663	-3.200012	5822600.000000
2016-01-04	-0.057554	-0.028999	-0.026883	-0.071580	-38.900025	9314500.000000
2015-12-31	-0.019127	-0.004339	-0.001916	-0.019127	-13.179992	3718200.000000
2015-12-30	-0.007061	-0.002997	0.002190	-0.010937	-4.899964	3519000.000000
2015-12-29	0.027799	0.004117	0.031457	0.003984	18.769959	5735000.000000
2015-12-28	0.018724	0.004179	0.019177	0.004089	12.410034	3783600.000000
2015-12-24	-0.001371	-0.000527	0.001477	-0.004671	-0.910034	1091200.000000
2015-12-23	0.000829	0.005052	0.005202	-0.009832	0.549988	2722900.000000
2015-12-22	-0.002047	0.003491	0.005989	-0.007901	-1.359986	2667800.000000
2015-12-21	0.000557	0.006565	0.008673	-0.007845	0.369995	3250900.000000
2015-12-18	-0.009707	-0.002982	0.009230	-0.009722	-6.510009	6841300.000000
2015-12-17	-0.007577	0.006259	0.009959	-0.007577	-5.119996	3681600.000000
2015-12-16	0.026008	0.007470	0.028407	0.001032	17.130005	3964500.000000
2015-12-15	0.001110	0.010822	0.020656	-0.000851	0.730042	4753400.000000
2015-12-14	0.027743	0.002499	0.028806	-0.007623	17.759949	4329700.000000
2015-12-11	-0.033473	-0.016744	-0.006704	-0.034273	-22.169983	5474400.000000
2015-12-10	-0.003715	0.001203	0.005626	-0.007867	-2.469971	3440200.000000
2015-12-09	-0.018514	0.000989	0.002466	-0.031964	-12.540039	5158200.000000
2015-12-08	0.011197	-0.010003	0.015168	-0.014989	7.500000	3651900.000000
2015-12-07	-0.004178	0.003122	0.004192	-0.018048	-2.809998	3732800.000000
2015-12-04	0.009591	-0.000375	0.012803	-0.007280	6.390015	4534800.000000
2015-12-03	-0.014438	0.005074	0.010029	-0.021494	-9.760010	5064700.000000
2015-12-02	-0.004491	0.002857	0.008482	-0.007083	-3.049988	4273500.000000
2015-12-01	0.021450	0.013463	0.024368	0.004603	14.260010	4751200.000000
2015-11-30	-0.012566	0.003921	0.011927	-0.012863	-8.460022	5693200.000000
2015-11-27	-0.003080	0.008085	0.008366	-0.004798	-2.080017	1966800.000000
2015-11-25	0.006243	0.005736	0.012739	0.000134	4.190003	2697900.000000
2015-11-24	-0.011547	-0.007143	-0.004698	-0.026186	-7.839966	4543400.000000
2015-11-23	0.015768	0.004563	0.021423	0.002498	10.539978	4385100.000000
2015-11-20	0.010858	0.010087	0.011493	-0.005595	7.179992	3896100.000000
2015-11-19	-0.003421	0.002185	0.014046	-0.006842	-2.269958	4705200.000000
2015-11-18	0.031463	0.004990	0.033546	0.004772	20.239990	4469800.000000
2015-11-17	-0.006962	0.004384	0.008398	-0.010512	-4.510010	4320200.000000
2015-11-16	0.008500	-0.002226	0.011894	-0.031229	5.460022	7435900.000000
2015-11-13	-0.034931	-0.003050	0.002103	-0.037785	-23.250000	6261100.000000
2015-11-12	-0.011363	-0.000371	0.003550	-0.013413	-7.650024	4284700.000000
2015-11-11	0.020571	0.005412	0.024679	0.005412	13.570007	5387300.000000
2015-11-10	0.006392	-0.006835	0.006880	-0.012555	4.190003	3489500.000000
2015-11-09	-0.005884	-0.001092	0.003928	-0.017471	-3.880005	4048800.000000
2015-11-06	0.005674	-0.000991	0.010082	-0.005567	3.719971	4092200.000000
2015-11-05	0.022935	0.009595	0.025041	0.003339	14.700012	4723800.000000
2015-11-04	0.025012	0.003918	0.032976	0.003262	15.640014	4840500.000000
2015-11-03	-0.004838	0.001878	0.002451	-0.010106	-3.039978	3246900.000000
2015-11-02	0.003914	0.001965	0.004362	-0.008771	2.449952	2816500.000000
2015-10-30	-0.001037	-0.000862	0.006655	-0.002027	-0.649964	3874400.000000
2015-10-29	0.015314	0.000972	0.016918	-0.002771	9.450012	3896000.000000
2015-10-28	0.009967	0.002111	0.010180	-0.002471	6.089966	3926200.000000
2015-10-27	0.003943	-0.000016	0.010023	-0.005061	2.400025	3787100.000000
2015-10-26	0.015992	0.005459	0.018062	-0.004574	9.579956	4269700.000000
2015-10-23	0.062280	0.095352	0.098491	0.055771	35.120056	10692700.000000
2015-10-22	0.014646	0.012469	0.024075	0.001619	8.139953	7779400.000000
2015-10-21	-0.009111	0.005331	0.007791	-0.014905	-5.109985	3343600.000000
2015-10-20	-0.021408	-0.002006	-0.000262	-0.031179	-12.270019	4327900.000000
2015-10-19	0.004187	0.000000	0.014437	-0.005922	2.390014	4375400.000000
2015-10-16	0.014793	0.005032	0.015113	-0.003787	8.320008	4315800.000000
2015-10-15	0.032322	0.005359	0.033350	0.003983	17.609985	4937000.000000
2015-10-14	-0.007415	0.004445	0.006103	-0.016797	-4.070007	3582100.000000
2015-10-13	-0.002345	-0.007143	0.005471	-0.012887	-1.289978	2938000.000000
2015-10-12	0.019248	0.000296	0.020415	0.000000	10.390014	2776100.000000
2015-10-09	0.012454	0.002476	0.016187	-0.005420	6.640015	3537400.000000
2015-10-08	-0.016201	-0.009650	-0.004705	-0.040687	-8.780029	4676400.000000
2015-10-07	0.008298	0.008019	0.008410	-0.015777	4.460022	3812100.000000
2015-10-06	-0.011404	0.003348	0.014383	-0.019037	-6.200013	4502800.000000
2015-10-05	0.020919	0.008356	0.025106	0.006497	11.140015	3391400.000000
2015-10-02	0.022699	-0.014845	0.022815	-0.024236	11.820007	4597800.000000
2015-10-01	0.017250	-0.001739	0.017406	-0.011506	8.829956	3768500.000000
2015-09-30	0.031891	0.018888	0.033725	0.011289	15.820008	4004700.000000
2015-09-29	-0.015851	0.003849	0.014720	-0.026902	-7.989991	4457500.000000
2015-09-28	-0.038512	-0.008069	-0.007573	-0.057072	-20.190002	5434500.000000
2015-09-25	-0.017799	0.016525	0.016955	-0.023138	-9.500000	4031000.000000
2015-09-24	-0.004328	-0.010297	-0.002817	-0.024624	-2.320007	3501000.000000
2015-09-23	-0.004328	-0.000186	0.005219	-0.008172	-2.330017	2237600.000000
2015-09-22	-0.018217	-0.015828	-0.008826	-0.028684	-9.989991	3841700.000000
2015-09-21	0.015048	0.007533	0.017621	-0.001240	8.130005	3283300.000000
2015-09-18	0.002579	-0.007887	0.013677	-0.013955	1.390015	6160100.000000
2015-09-17	0.021768	-0.000777	0.037126	-0.001555	11.479980	4169500.000000
2015-09-16	0.009610	-0.000747	0.011352	-0.007370	5.020020	2252800.000000
2015-09-15	0.001899	0.003587	0.012544	-0.008017	0.989990	2865900.000000
2015-09-14	-0.015224	0.000000	0.005685	-0.020512	-8.059997	3130200.000000
2015-09-11	0.013787	-0.002240	0.013787	-0.003121	7.200012	3227900.000000
2015-09-10	0.010350	-0.003366	0.017876	-0.004082	5.349975	2576000.000000
2015-09-09	-0.001256	0.012482	0.023979	-0.004792	-0.649963	4370700.000000
2015-09-08	0.037154	0.019419	0.038778	0.019058	18.539978	3810700.000000
2015-09-04	-0.011333	-0.014008	-0.003705	-0.017990	-5.720001	2692500.000000
2015-09-03	-0.011419	0.007737	0.010361	-0.015630	-5.829987	3149700.000000
2015-09-02	0.028215	0.017219	0.028840	0.002376	14.009979	3707100.000000
2015-09-01	-0.031878	-0.026809	-0.005635	-0.037942	-16.350006	3864500.000000
2015-08-31	-0.009884	-0.003031	0.002703	-0.017258	-5.119995	3002300.000000
2015-08-28	-0.000694	-0.001678	0.006038	-0.010282	-0.359985	2746700.000000
2015-08-27	0.035146	0.025840	0.043773	0.012960	17.600006	6114500.000000
2015-08-26	0.073761	0.037845	0.080087	0.026567	34.399994	6358600.000000
2015-08-25	0.006474	0.052053	0.056262	0.006215	3.000000	5679300.000000
2015-08-24	-0.062896	-0.062471	-0.036180	-0.087912	-31.100006	10097600.000000
2015-08-21	-0.041316	-0.016325	-0.006689	-0.041316	-21.310028	6706500.000000
2015-08-20	-0.032162	-0.004747	0.000619	-0.032181	-17.139954	4408000.000000
2015-08-19	-0.003925	-0.002392	0.004168	-0.011252	-2.100037	2313500.000000
2015-08-18	-0.000374	-0.000336	0.007978	-0.004148	-0.199951	2071300.000000
2015-08-17	0.006961	-0.000433	0.013584	-0.008278	3.699951	2581700.000000
2015-08-14	0.003512	-0.002662	0.008402	-0.002662	1.860047	1994800.000000
2015-08-13	0.007130	0.002776	0.016638	-0.000799	3.750000	2895200.000000
2015-08-12	-0.002939	-0.007034	0.000076	-0.027301	-1.550049	3962300.000000
2015-08-11	0.006603	-0.000668	0.009504	-0.003817	3.460022	2676600.000000
2015-08-10	0.002641	0.011289	0.018484	0.000727	1.380005	2615900.000000
2015-08-07	-0.012919	-0.000567	0.000000	-0.021248	-6.840027	3969200.000000
2015-08-06	-0.014059	0.004264	0.010670	-0.017672	-7.549988	3820500.000000
2015-08-05	0.009607	0.012972	0.013612	0.004174	5.109986	2889400.000000
2015-08-04	-0.005850	-0.009981	0.003589	-0.010971	-3.130005	2934600.000000
2015-08-03	-0.002089	0.002425	0.008001	-0.012664	-1.119995	3014200.000000
2015-07-31	-0.001136	0.004341	0.011327	-0.004173	-0.609986	3025600.000000
2015-07-30	0.014669	-0.002552	0.019282	-0.008904	7.760010	3743100.000000
2015-07-29	0.005646	0.009296	0.013193	-0.001920	2.969971	3752600.000000
2015-07-28	-0.010124	0.008637	0.009371	-0.015600	-5.379944	5273100.000000
2015-07-27	0.003759	-0.003154	0.029334	-0.005327	1.989990	7491000.000000
2015-07-24	0.097972	0.200776	0.204052	0.097827	47.239990	21909400.000000
2015-07-23	-0.012473	0.006943	0.006943	-0.025744	-6.089996	9374400.000000
2015-07-22	0.000553	-0.004119	0.009221	-0.006352	0.269989	3114900.000000
2015-07-21	-0.000205	-0.000410	0.001598	-0.011371	-0.100006	3181800.000000
2015-07-20	0.010538	0.019793	0.021097	0.004948	5.089996	4752500.000000
2015-07-17	0.015837	0.004669	0.020905	0.003723	7.529999	4932200.000000
2015-07-16	0.030985	0.009345	0.031852	0.007828	14.290009	4095600.000000
2015-07-15	-0.009408	-0.005434	-0.001869	-0.011534	-4.380005	2987400.000000
2015-07-14	0.021951	0.014817	0.030797	0.005685	10.000000	4736200.000000
2015-07-13	0.027192	0.010778	0.032378	0.009087	12.059997	3956800.000000
2015-07-10	0.020995	0.014043	0.023780	0.010613	9.119995	2401000.000000
2015-07-09	0.010915	0.012101	0.020991	0.010356	4.690003	2262900.000000
2015-07-08	-0.016074	-0.005427	-0.001672	-0.018067	-7.019989	2383100.000000
2015-07-07	0.001559	-0.000826	0.003876	-0.024012	0.679992	3454200.000000
2015-07-06	-0.003815	-0.005666	0.004615	-0.009573	-1.669982	1903200.000000
2015-07-02	0.000732	-0.000892	0.001852	-0.008939	0.319976	1343400.000000
2015-07-01	0.007602	0.012117	0.013615	0.003432	3.300019	1987100.000000
2015-06-30	0.009840	0.010096	0.013283	0.001396	4.230011	2596900.000000
2015-06-29	-0.018809	-0.007122	-0.002511	-0.020772	-8.240021	2753200.000000
2015-06-26	-0.004544	0.003772	0.007703	-0.011452	-2.000000	2624500.000000
2015-06-25	-0.001679	-0.006283	0.005966	-0.010094	-0.739990	2237500.000000
2015-06-24	-0.011547	-0.002287	0.001076	-0.012915	-5.149994	2620800.000000
2015-06-23	0.022233	-0.001604	0.024640	-0.005959	9.699981	3245000.000000
2015-06-22	0.003150	0.004782	0.009933	-0.001702	1.369996	1823600.000000
2015-06-19	-0.010173	0.001980	0.012745	-0.013997	-4.470002	4495100.000000
2015-06-18	0.027068	0.005820	0.027863	0.003740	11.580017	3378400.000000
2015-06-17	0.001287	0.002574	0.009573	-0.005875	0.549988	2185900.000000
2015-06-16	0.008474	0.001133	0.010149	-0.002360	3.589997	2296400.000000
2015-06-15	-0.014538	-0.005257	-0.004350	-0.016933	-6.250000	2051000.000000
2015-06-12	-0.007044	-0.003973	-0.001409	-0.010878	-3.049988	2054400.000000
2015-06-11	0.005107	0.003529	0.018850	0.001625	2.200012	2922500.000000
2015-06-10	0.012433	0.002303	0.015794	0.000423	5.289978	2172300.000000
2015-06-09	0.004675	-0.001275	0.009421	-0.010295	1.980011	2288700.000000
2015-06-08	-0.008081	-0.003115	-0.000351	-0.012929	-3.450012	2172500.000000
2015-06-05	-0.008891	-0.002600	0.000046	-0.009935	-3.829987	1907900.000000
2015-06-04	-0.013308	-0.005016	0.000389	-0.016789	-5.809997	2510800.000000
2015-06-03	0.012993	0.007912	0.017170	0.004084	5.600006	2720800.000000
2015-06-02	0.000162	-0.001973	0.005361	-0.010837	0.069977	1668900.000000
2015-06-01	0.003937	0.002726	0.009156	-0.007059	1.690002	2253300.000000
2015-05-29	0.006236	0.001547	0.013902	0.001547	2.660004	3016100.000000
2015-05-28	-0.011242	-0.003964	-0.000162	-0.013792	-4.850006	1912400.000000
2015-05-27	0.013985	0.004654	0.014995	-0.001081	5.950012	2231100.000000
2015-05-26	-0.005051	-0.003344	-0.001473	-0.013166	-2.160004	2244200.000000
2015-05-22	-0.009267	-0.000185	0.001877	-0.009314	-4.000000	2020600.000000
2015-05-21	0.018332	0.009767	0.030765	0.009767	7.770020	4121400.000000
2015-05-20	0.005098	-0.002632	0.012781	-0.007944	2.149994	2196200.000000
2015-05-19	-0.008301	-0.000870	0.007055	-0.010841	-3.529999	2464200.000000
2015-05-18	-0.001784	0.000000	0.002981	-0.010657	-0.760010	2390200.000000
2015-05-15	-0.014528	-0.009901	-0.004349	-0.018460	-6.279999	4240300.000000
2015-05-14	0.012674	0.006044	0.014360	0.000328	5.410004	1888500.000000
2015-05-13	-0.009628	-0.002413	0.005823	-0.012111	-4.149994	1996300.000000
2015-05-12	-0.004228	-0.004089	0.000924	-0.014185	-1.830017	1947800.000000
2015-05-11	-0.001937	-0.002721	0.012244	-0.005349	-0.839996	2393700.000000
2015-05-08	0.015953	0.009066	0.019490	0.007707	6.809997	2908800.000000
2015-05-07	0.018564	0.012050	0.022429	0.008948	7.779999	2766100.000000
2015-05-06	-0.004962	0.000570	0.003633	-0.015765	-2.089996	2552500.000000
2015-05-05	-0.004373	-0.000449	0.010566	-0.004775	-1.850007	2856400.000000
2015-05-04	0.000402	0.004564	0.016317	-0.001064	0.170014	2270400.000000
2015-05-01	0.002584	0.004837	0.009152	-0.013704	1.089996	3565800.000000
2015-04-30	-0.017677	-0.005264	0.005543	-0.023593	-7.589996	3647900.000000
2015-04-29	0.000140	-0.005963	0.011484	-0.007640	0.059997	3621700.000000
2015-04-28	-0.021092	-0.000114	0.001003	-0.023988	-9.250000	4140500.000000
2015-04-27	-0.014693	-0.002786	0.004246	-0.017277	-6.540008	5430900.000000
2015-04-24	0.141311	0.125670	0.160671	0.125670	55.110016	17176900.000000
2015-04-23	0.000487	0.001052	0.005336	-0.009364	0.190002	7980000.000000
2015-04-22	-0.003528	0.001866	0.007925	-0.008129	-1.380005	3474700.000000
2015-04-21	0.004287	0.004621	0.013068	-0.006958	1.669983	4643500.000000
2015-04-20	0.037145	0.007961	0.043615	0.003834	13.950012	5016100.000000
2015-04-17	-0.027147	-0.008833	-0.006424	-0.030152	-10.480011	3839700.000000
2015-04-16	0.006754	0.000626	0.010432	0.000261	2.589997	2080400.000000
2015-04-15	-0.004310	-0.001194	0.001740	-0.009010	-1.659973	1933200.000000
2015-04-14	0.007192	0.003008	0.014254	-0.003008	2.750000	2583600.000000
2015-04-13	-0.000758	0.002300	0.006873	-0.006559	-0.290009	1894500.000000
2015-04-10	-0.002321	0.002008	0.009334	-0.005788	-0.890015	2573500.000000
2015-04-09	0.006139	-0.001417	0.008447	-0.006296	2.339997	2392300.000000
2015-04-08	0.018135	0.000668	0.019150	0.000641	6.790008	2636400.000000
2015-04-07	-0.006975	-0.002361	0.006021	-0.007983	-2.630005	1954900.000000
2015-04-06	0.012868	-0.005776	0.021357	-0.007764	4.790009	3050700.000000
2015-04-02	0.005375	0.000648	0.008156	-0.003403	1.989990	1875300.000000
2015-04-01	-0.004945	0.000000	0.002849	-0.010105	-1.839996	2458100.000000
2015-03-31	-0.006647	-0.003604	0.008302	-0.008222	-2.489990	2506100.000000
2015-03-30	0.010875	0.003535	0.015004	0.002672	4.029998	1820900.000000
2015-03-27	0.008738	-0.000653	0.015843	-0.002123	3.209992	2609800.000000
2015-03-26	-0.009731	-0.003693	0.001186	-0.014314	-3.609985	2930000.000000
2015-03-25	-0.008367	0.002887	0.017135	-0.010158	-3.130005	3429500.000000
2015-03-24	-0.002719	-0.002986	0.000347	-0.007571	-1.019989	2228200.000000
2015-03-23	-0.008930	-0.001110	0.008666	-0.009379	-3.380005	2239300.000000
2015-03-20	0.014066	0.008172	0.016424	0.007180	5.250000	3763600.000000
2015-03-19	-0.005065	-0.003385	0.005251	-0.007864	-1.900025	1915700.000000
2015-03-18	0.008658	-0.005243	0.010943	-0.014035	3.220002	2654100.000000
2015-03-17	-0.003830	-0.006000	0.003080	-0.009937	-1.429993	2037000.000000
2015-03-16	0.007475	-0.000540	0.009067	-0.010416	2.770019	2354100.000000
2015-03-13	-0.009780	-0.007268	-0.000668	-0.020201	-3.660003	2611700.000000
2015-03-12	0.021481	0.006687	0.024920	0.003139	7.869995	2810000.000000
2015-03-11	-0.008498	0.002977	0.010392	-0.008795	-3.140015	2495100.000000
2015-03-10	-0.023906	-0.002932	-0.002087	-0.024778	-9.049988	3121000.000000
2015-03-09	-0.004025	-0.004446	-0.002000	-0.012655	-1.529998	2311400.000000
2015-03-06	-0.019957	-0.005956	-0.002140	-0.023077	-7.739991	2627000.000000
2015-03-05	0.013352	0.007551	0.014893	0.003057	5.109986	2693500.000000
2015-03-04	-0.004914	0.002860	0.008554	-0.006292	-1.889984	2259100.000000
2015-03-03	-0.002723	-0.004434	0.001141	-0.010527	-1.050019	1946500.000000
2015-03-02	0.014468	0.001815	0.015099	-0.001789	5.500000	2139200.000000
2015-02-27	-0.012058	-0.002079	0.003093	-0.013020	-4.639984	2532300.000000
2015-02-26	-0.001479	-0.003373	0.010380	-0.005423	-0.570007	2687100.000000
2015-02-25	0.017909	-0.003487	0.024459	-0.005415	6.779999	3174500.000000
2015-02-24	-0.004077	-0.003920	0.000894	-0.010470	-1.550019	1920800.000000
2015-02-23	-0.009175	-0.000573	0.002294	-0.014753	-3.519989	2177000.000000
2015-02-20	0.012296	-0.001003	0.012401	-0.008338	4.660004	3258000.000000
2015-02-19	0.015079	0.000321	0.022792	0.000161	5.630005	2953800.000000
2015-02-18	-0.005487	-0.004395	0.003489	-0.006872	-2.059998	2650600.000000
2015-02-17	-0.016761	-0.010764	-0.004819	-0.023990	-6.399994	3673200.000000
2015-02-13	0.012355	0.003288	0.015457	-0.000424	4.659974	3475100.000000
2015-02-12	0.005411	-0.000107	0.008983	-0.005305	2.029998	2791100.000000
2015-02-11	0.005737	-0.004745	0.010992	-0.005094	2.140015	2786500.000000
2015-02-10	0.006585	0.001700	0.010093	-0.005532	2.440002	2287200.000000
2015-02-09	-0.009939	-0.008763	0.000347	-0.018916	-3.720001	2724600.000000
2015-02-06	0.001043	0.002621	0.005617	-0.007703	0.389984	3892400.000000
2015-02-05	0.025058	0.003427	0.038520	0.003153	9.140015	7247600.000000
2015-02-04	0.003301	-0.014221	0.010865	-0.014633	1.200012	4169900.000000
2015-02-03	-0.002524	-0.011469	0.009191	-0.011688	-0.920013	6212600.000000
2015-02-02	0.028037	-0.012636	0.029532	-0.012749	9.940002	10231900.000000
2015-01-30	0.137116	0.110783	0.153057	0.092886	42.750000	23856100.000000
2015-01-29	0.025896	0.002698	0.029252	-0.015070	7.869995	8656600.000000
2015-01-28	-0.009258	0.009976	0.015518	-0.009617	-2.839996	3063800.000000
2015-01-27	-0.009397	-0.010851	0.001873	-0.022702	-2.910004	2920300.000000
2015-01-26	-0.008739	-0.001825	0.001953	-0.015590	-2.730011	3169700.000000
2015-01-23	0.006671	-0.007218	0.021301	-0.008378	2.070008	4496400.000000
2015-01-22	0.043970	0.009251	0.050463	0.009251	13.070007	5362600.000000
2015-01-21	0.026983	0.000691	0.057214	-0.007532	7.809998	10065100.000000
2015-01-20	-0.004471	0.006363	0.009011	-0.014962	-1.299988	3075100.000000
2015-01-16	0.013208	-0.002335	0.013382	-0.005924	3.789978	3478200.000000
2015-01-15	-0.021550	0.002489	0.009309	-0.021993	-6.319977	4419200.000000
2015-01-14	-0.004987	-0.009534	0.003970	-0.027957	-1.470001	5464600.000000
2015-01-13	0.011427	0.020830	0.034625	0.006246	3.329986	4136400.000000
2015-01-12	-0.018590	0.002122	0.005321	-0.025764	-5.519989	3421400.000000
2015-01-09	-0.011749	0.003395	0.008021	-0.012581	-3.529998	2592400.000000
2015-01-08	0.006836	0.006367	0.015817	-0.007741	2.039978	3088400.000000
2015-01-07	0.010600	0.007484	0.020285	0.000135	3.130004	2640300.000000
2015-01-06	-0.022833	0.000165	0.002680	-0.032463	-6.899993	3519000.000000
2015-01-05	-0.020517	-0.004894	-0.000454	-0.024861	-6.329987	2774200.000000
2015-01-02	-0.005897	0.007185	0.014178	-0.010923	-1.830017	2783200.000000
2014-12-31	0.000161	0.004028	0.008637	-0.000935	0.050018	2048000.000000
2014-12-30	-0.005576	-0.006826	0.006089	-0.008653	-1.740021	2093000.000000
2014-12-29	0.009544	-0.004012	0.016759	-0.008121	2.950013	3009000.000000
2014-12-26	0.019998	0.006501	0.025575	0.002574	6.059997	2893800.000000
2014-12-24	-0.010644	0.000294	0.002318	-0.011133	-3.260010	1513800.000000
2014-12-23	-0.000816	0.001435	0.003099	-0.010733	-0.250000	2713700.000000
2014-12-22	0.022141	0.006802	0.024875	0.006802	6.640015	4003800.000000
2014-12-19	0.007288	-0.002754	0.012797	-0.007423	2.169983	8709100.000000
2014-12-18	-0.003848	0.017164	0.018804	-0.018837	-1.149994	7738100.000000
2014-12-17	0.012947	0.004440	0.015624	-0.006880	3.820007	4433500.000000
2014-12-16	-0.035972	-0.005620	-0.005162	-0.036136	-11.010009	6501300.000000
2014-12-15	-0.004067	0.005044	0.011519	-0.016823	-1.250000	3841600.000000
2014-12-12	-0.000130	-0.010964	0.010672	-0.014153	-0.039978	3153500.000000
2014-12-11	0.004970	0.006703	0.022234	0.000556	1.519989	3262900.000000
2014-12-10	-0.021312	-0.001600	0.002208	-0.025024	-6.660004	3245900.000000
2014-12-09	0.019110	-0.011903	0.022828	-0.017936	5.859985	4049500.000000
2014-12-08	-0.019160	-0.003391	0.012571	-0.024982	-5.989990	3639200.000000
2014-12-05	-0.013568	-0.000410	0.000000	-0.019216	-4.299988	3265200.000000
2014-12-04	0.001359	-0.003065	0.006603	-0.009573	0.429993	3290300.000000
2014-12-03	-0.030063	-0.001777	0.001410	-0.036622	-9.809998	5681000.000000
2014-12-02	0.000951	0.004601	0.005920	-0.008436	0.309998	2790300.000000
2014-12-01	-0.037326	-0.001536	0.005906	-0.037533	-12.640015	4944900.000000
2014-11-28	0.015199	0.007375	0.023054	0.007375	5.070008	3051800.000000
2014-11-26	-0.004388	-0.003761	-0.001164	-0.009820	-1.470002	1983600.000000
2014-11-25	-0.001788	-0.001102	0.002056	-0.012990	-0.600006	2565000.000000
2014-11-24	0.009049	0.006464	0.014310	0.002916	3.010010	2754200.000000
2014-11-21	0.006323	0.014764	0.023567	0.002814	2.089996	4466600.000000
2014-11-20	0.012250	-0.007779	0.018773	-0.009830	4.000000	3436700.000000
2014-11-19	0.004955	0.007140	0.010679	-0.002801	1.610016	3281600.000000
2014-11-18	0.005820	0.002910	0.020152	0.000619	1.880005	3549500.000000
2014-11-17	-0.014551	-0.004210	0.000549	-0.029864	-4.770019	4784900.000000
2014-11-14	0.035832	0.002022	0.051820	-0.000253	11.339996	8877800.000000
2014-11-13	0.015955	0.001573	0.020481	0.000000	4.970001	3686400.000000
2014-11-12	-0.001603	-0.004038	0.001827	-0.010320	-0.500000	2183000.000000
2014-11-11	0.022615	0.002720	0.023828	-0.004785	6.900025	3803600.000000
2014-11-10	0.017508	0.000467	0.019809	0.000467	5.250000	2809100.000000
2014-11-07	0.010855	0.003978	0.011293	-0.001180	3.219970	2647400.000000
2014-11-06	0.000405	0.000573	0.001619	-0.014265	0.120026	3758100.000000
2014-11-05	-0.020772	0.000661	0.003930	-0.028566	-6.290009	4674500.000000
2014-11-04	-0.009519	-0.005659	-0.004808	-0.018154	-2.910003	3427400.000000
2014-11-03	0.000851	0.002554	0.008348	-0.007268	0.260010	3242500.000000
2014-10-31	0.021366	0.020330	0.022236	0.008125	6.389984	4550700.000000
2014-10-30	0.016830	-0.000476	0.019108	-0.005984	4.950012	4055200.000000
2014-10-29	-0.004973	0.011908	0.013600	-0.008525	-1.470001	4881900.000000
2014-10-28	0.019381	-0.000724	0.027693	-0.000724	5.619995	5572600.000000
2014-10-27	0.010137	-0.004738	0.011705	-0.007107	2.910003	5950600.000000
2014-10-24	-0.083403	-0.091896	-0.061849	-0.093173	-26.119995	19801100.000000
2014-10-23	0.000671	0.001374	0.012238	-0.005016	0.209992	9038200.000000
2014-10-22	-0.007484	0.000317	0.011575	-0.008531	-2.359986	3125900.000000
2014-10-21	0.029783	0.012051	0.030796	0.002809	9.119996	3559300.000000
2014-10-20	0.008464	-0.002272	0.009518	-0.005335	2.569976	3234500.000000
2014-10-17	0.002576	0.014165	0.020934	-0.000462	0.780030	4405100.000000
2014-10-16	-0.010164	-0.039677	0.002778	-0.039677	-3.110016	4731300.000000
2014-10-15	-0.007590	-0.012844	-0.001330	-0.029873	-2.339997	5343900.000000
2014-10-14	0.006069	0.005058	0.018894	-0.002284	1.859986	3385800.000000
2014-10-13	-0.015864	-0.004881	0.005813	-0.025434	-4.940003	4363900.000000
2014-10-10	-0.012620	-0.004281	0.007610	-0.012652	-3.979980	3681900.000000
2014-10-09	-0.022715	-0.003750	-0.001333	-0.025349	-7.330017	3587900.000000
2014-10-08	0.018045	-0.001262	0.022493	-0.008960	5.720001	3452800.000000
2014-10-07	-0.016201	-0.008597	-0.000621	-0.017163	-5.220001	2365400.000000
2014-10-06	-0.001673	0.002355	0.004307	-0.009729	-0.539978	2290300.000000
2014-10-03	0.013599	0.006124	0.021199	0.003517	4.329986	3037400.000000
2014-10-02	0.002993	-0.001701	0.003371	-0.019372	0.950013	3553900.000000
2014-10-01	-0.015445	-0.001241	-0.000837	-0.021368	-4.980011	3089100.000000
2014-09-30	0.001927	-0.001429	0.005003	-0.010285	0.619995	2636200.000000
2014-09-29	-0.004301	-0.008385	0.001671	-0.013026	-1.389984	1924600.000000
2014-09-26	0.003976	-0.004131	0.004877	-0.013326	1.279998	3638000.000000
2014-09-25	-0.019134	-0.000670	0.001006	-0.020749	-6.279998	2928800.000000
2014-09-24	0.014152	0.001669	0.017953	-0.012576	4.579986	2642200.000000
2014-09-23	-0.002681	-0.006287	0.009553	-0.010015	-0.869995	2352600.000000
2014-09-22	-0.020584	-0.008542	-0.005523	-0.030967	-6.820007	3109700.000000
2014-09-19	0.019446	0.008000	0.023877	0.001754	6.320007	6886200.000000
2014-09-18	0.003086	0.004444	0.009568	-0.000895	1.000000	2576900.000000
2014-09-17	-0.011472	0.000000	0.000732	-0.019038	-3.760010	4136000.000000
2014-09-16	0.011948	-0.008707	0.017259	-0.011702	3.869995	3259900.000000
2014-09-15	-0.022042	-0.000845	0.000423	-0.036807	-7.299987	4000400.000000
2014-09-12	0.002027	-0.002904	0.007171	-0.005234	0.670013	3429300.000000
2014-09-11	-0.002445	-0.004195	0.005071	-0.014910	-0.809998	2720200.000000
2014-09-10	0.004791	0.013798	0.015861	-0.002820	1.579987	3797400.000000
2014-09-09	-0.036776	-0.002132	-0.001694	-0.038441	-12.589996	4646800.000000
2014-09-08	-0.011664	-0.005312	-0.001646	-0.021191	-4.040009	2955300.000000
2014-09-05	0.001243	0.001012	0.002544	-0.009973	0.429993	2107000.000000
2014-09-04	0.020502	0.013835	0.030619	0.013510	6.950012	3965600.000000
2014-09-03	-0.009872	0.000467	0.002599	-0.014107	-3.380005	1993700.000000
2014-09-02	0.009851	0.002773	0.010205	-0.005545	3.339996	2326000.000000
2014-08-29	-0.002882	0.005117	0.005294	-0.006882	-0.979980	1939500.000000
2014-08-28	-0.009208	-0.009266	-0.004050	-0.012763	-3.160004	2252700.000000
2014-08-27	0.003949	0.000761	0.014159	-0.001433	1.350006	2961600.000000
2014-08-26	0.023382	0.008922	0.030956	0.001587	7.809998	3654700.000000
2014-08-25	0.007328	0.004886	0.015622	0.003378	2.429993	1957700.000000
2014-08-22	-0.003965	0.000240	0.003514	-0.006338	-1.320008	2211200.000000
2014-08-21	-0.008547	0.002085	0.002382	-0.010572	-2.869995	1971100.000000
2014-08-20	0.001940	-0.001343	0.006057	-0.003312	0.649994	1810500.000000
2014-08-19	0.001794	0.001016	0.003826	-0.004544	0.600006	1713800.000000
2014-08-18	0.002698	0.005545	0.012499	0.000420	0.899994	2485400.000000
2014-08-15	0.001261	0.002371	0.005372	-0.014675	0.420014	3896700.000000
2014-08-14	0.021239	0.004659	0.023936	0.001318	6.929992	3420400.000000
2014-08-13	0.021796	0.025930	0.038832	0.021358	6.959992	4939100.000000
2014-08-12	0.003110	0.001759	0.009361	-0.004335	0.990020	1915800.000000
2014-08-11	0.004830	0.005303	0.011301	0.000253	1.529999	2468600.000000
2014-08-08	0.017178	0.001573	0.018847	-0.002537	5.349976	2705900.000000
2014-08-07	-0.007773	0.004205	0.006340	-0.013508	-2.440003	2935600.000000
2014-08-06	0.005027	-0.004771	0.011078	-0.006788	1.570008	2296900.000000
2014-08-05	-0.004240	-0.001116	0.002869	-0.011446	-1.329987	2852100.000000
2014-08-04	0.021462	0.005797	0.029701	0.004690	6.589996	4200900.000000
2014-08-01	-0.018946	0.002237	0.009074	-0.026838	-5.929992	7441500.000000
2014-07-31	-0.029519	-0.007752	-0.005674	-0.033022	-9.520020	5192000.000000
2014-07-30	0.007844	0.004531	0.008531	-0.004687	2.510010	3969000.000000
2014-07-29	-0.001280	0.004900	0.007771	-0.002840	-0.410004	2883800.000000
2014-07-28	-0.011111	0.000741	0.002500	-0.023178	-3.600006	5932000.000000
2014-07-25	-0.096484	-0.115195	-0.094085	-0.122278	-34.599975	17846500.000000
2014-07-24	0.001312	0.005138	0.018736	0.001061	0.469970	7088700.000000
2014-07-23	-0.007482	-0.004961	-0.000582	-0.011695	-2.699981	2687300.000000
2014-07-22	0.003002	-0.012536	0.008811	-0.012536	1.079986	2888900.000000
2014-07-21	0.003067	-0.001561	0.008504	-0.005409	1.100006	2278400.000000
2014-07-18	0.017619	0.005533	0.020513	-0.001050	6.209992	3407400.000000
2014-07-17	-0.009694	-0.006912	0.002978	-0.012700	-3.449982	3636000.000000
2014-07-16	0.004119	0.003329	0.013768	-0.004063	1.459992	3503600.000000
2014-07-15	-0.002477	-0.004503	0.000760	-0.016661	-0.880005	4170900.000000
2014-07-14	0.026343	0.002397	0.027643	-0.002426	9.119995	5609900.000000
2014-07-11	0.055745	0.020706	0.058185	0.020706	18.279999	8300800.000000
2014-07-10	-0.006213	-0.017062	0.000030	-0.022184	-2.049988	2665000.000000
2014-07-09	0.019024	0.002779	0.019734	-0.002038	6.160003	3166100.000000
2014-07-08	-0.029201	-0.001349	0.000570	-0.036426	-9.739990	4271600.000000
2014-07-07	-0.011674	0.000030	0.000178	-0.014726	-3.940002	2128900.000000
2014-07-03	0.013940	0.005949	0.016374	0.000691	4.639984	1944300.000000
2014-07-02	0.001384	0.002437	0.013147	-0.002196	0.459991	2681300.000000
2014-07-01	0.023431	0.003325	0.025925	0.000985	7.610016	3173600.000000
2014-06-30	0.000647	0.001263	0.007425	-0.007179	0.209992	2671300.000000
2014-06-27	-0.003439	0.000583	0.002548	-0.007430	-1.119995	2416200.000000
2014-06-26	-0.005344	0.003207	0.003695	-0.016217	-1.750000	2699500.000000
2014-06-25	0.010118	0.000524	0.012309	-0.007465	3.279998	2327800.000000
2014-06-24	-0.009412	0.000917	0.007609	-0.013751	-3.079986	2626600.000000
2014-06-23	0.009377	-0.002684	0.010333	-0.008606	3.039978	2604800.000000
2014-06-20	-0.008563	0.002324	0.003731	-0.020122	-2.799988	6054000.000000
2014-06-19	-0.022071	0.002632	0.013518	-0.025121	-7.380005	5320600.000000
2014-06-18	0.026903	0.007309	0.031110	-0.001904	8.760010	6401500.000000
2014-06-17	-0.006105	-0.000244	0.011355	-0.007295	-2.000000	2924100.000000
2014-06-16	0.004138	-0.004322	0.007417	-0.008429	1.350006	2449800.000000
2014-06-13	0.001105	0.003498	0.010402	-0.007303	0.359985	2764800.000000
2014-06-12	-0.027715	0.001044	0.001044	-0.031444	-9.290008	4276300.000000
2014-06-11	0.008393	0.010800	0.024999	0.004422	2.790008	4436800.000000
2014-06-10	0.014992	0.000458	0.024427	0.000000	4.910004	3663400.000000
2014-06-09	-0.006582	0.005763	0.010101	-0.012194	-2.170013	3212200.000000
2014-06-06	0.018852	0.004419	0.022592	0.004203	6.100006	5244000.000000
2014-06-05	0.054730	0.004303	0.068975	0.000391	16.790008	7796700.000000
2014-06-04	-0.001335	-0.001107	0.007520	-0.010905	-0.410003	2107100.000000
2014-06-03	-0.005343	-0.010005	-0.002979	-0.012207	-1.649994	2379200.000000
2014-06-02	-0.011870	0.000128	0.000160	-0.017757	-3.709992	2203400.000000
2014-05-30	-0.003920	0.002071	0.002773	-0.019791	-1.230011	4260200.000000
2014-05-29	0.011671	0.000838	0.015186	0.000129	3.619995	2365500.000000
2014-05-28	-0.002123	-0.004247	0.009652	-0.010939	-0.660003	2726000.000000
2014-05-27	-0.004548	0.006950	0.007654	-0.015565	-1.419983	4862100.000000
2014-05-23	0.024040	0.001804	0.024401	-0.000033	7.329986	3052900.000000
2014-05-22	-0.000328	0.000131	0.011573	-0.006557	-0.100006	2576800.000000
2014-05-21	0.012683	0.003387	0.015837	0.001096	3.820008	3408800.000000
2014-05-20	0.014928	0.001146	0.025947	-0.000034	4.429992	4095700.000000
2014-05-19	-0.003158	-0.006517	0.004367	-0.013067	-0.940002	2284200.000000
2014-05-16	0.008503	-0.008097	0.012500	-0.012331	2.510010	3636800.000000
2014-05-15	-0.008165	0.001344	0.005309	-0.024326	-2.429993	4295100.000000
2014-05-14	-0.023044	-0.007025	0.000000	-0.026195	-7.020020	3323300.000000
2014-05-13	0.005877	-0.000858	0.009047	-0.006967	1.780030	3509900.000000
2014-05-12	0.036340	0.007049	0.037983	0.006570	10.619995	3729600.000000
2014-05-09	0.013596	0.007804	0.018590	-0.013665	3.919983	4063000.000000
2014-05-08	-0.014998	-0.006457	0.010830	-0.018722	-4.389984	3848200.000000
2014-05-07	-0.015704	-0.006120	-0.003295	-0.035981	-4.670014	7015200.000000
2014-05-06	-0.040864	-0.001677	-0.000774	-0.041961	-12.669983	4682300.000000
2014-05-05	0.006623	-0.005325	0.007208	-0.009772	2.039978	2519900.000000
2014-05-02	0.000390	0.008217	0.017539	-0.011628	0.119995	3995100.000000
2014-05-01	0.012363	0.000000	0.020879	-0.000427	3.760010	4328600.000000
2014-04-30	0.012484	-0.007590	0.013916	-0.007590	3.750000	4088600.000000
2014-04-29	0.012813	-0.000472	0.017736	-0.020669	3.800018	6509300.000000
2014-04-28	-0.023862	0.000560	0.001843	-0.052101	-7.250000	14479800.000000
2014-04-25	-0.098828	-0.061990	-0.061278	-0.102150	-33.320007	16180200.000000
2014-04-24	0.038727	0.015682	0.039497	-0.005022	12.570007	9293700.000000
2014-04-23	-0.014393	0.011357	0.011569	-0.018007	-4.740020	3604600.000000
2014-04-22	-0.004685	0.003415	0.020038	-0.005833	-1.549988	3711600.000000
2014-04-21	0.018344	-0.002893	0.019205	-0.008002	5.959991	2999400.000000
2014-04-17	0.003800	-0.012111	0.015386	-0.012111	1.230011	4299200.000000
2014-04-16	0.024045	0.016104	0.025057	-0.004334	7.600006	4284900.000000
2014-04-15	0.000538	0.002501	0.007502	-0.032952	0.169983	5398600.000000
2014-04-14	0.013409	0.019055	0.028069	-0.001444	4.179993	4293500.000000
2014-04-11	-0.016966	-0.009807	-0.001924	-0.023998	-5.379974	7287500.000000
2014-04-10	-0.044303	-0.003647	-0.002441	-0.046141	-14.700013	6126700.000000
2014-04-09	0.014492	0.004280	0.015624	-0.013973	4.739991	5056600.000000
2014-04-08	0.029299	0.012966	0.032226	0.002140	9.309997	6577600.000000
2014-04-07	-0.016223	-0.006223	0.006006	-0.030557	-5.239990	7077400.000000
2014-04-04	-0.031833	0.004586	0.005455	-0.053984	-10.619995	12534600.000000
2014-04-03	-0.024389	-0.000409	0.001579	-0.039478	-8.339996	6399300.000000
2014-04-02	-0.003003	0.008747	0.015481	-0.007610	-1.029999	4475500.000000
2014-04-01	0.019681	0.005113	0.023962	0.004846	6.619995	3600100.000000
2014-03-31	-0.005676	0.012149	0.023648	-0.012504	-1.920014	4297500.000000
2014-03-28	-0.000532	0.004668	0.025202	-0.007061	-0.179992	3986800.000000
2014-03-27	-0.014385	-0.000757	0.001718	-0.036487	-4.940003	5766400.000000
2014-03-26	-0.031857	0.006823	0.008148	-0.031885	-11.299987	4120700.000000
2014-03-25	0.008128	0.006196	0.020236	-0.008555	2.859985	4445700.000000
2014-03-24	-0.024319	-0.001470	0.002440	-0.033331	-8.769989	4873500.000000
2014-03-21	-0.022631	0.005502	0.010489	-0.028647	-8.350006	5414100.000000
2014-03-20	-0.011414	-0.006939	-0.000616	-0.018782	-4.260010	2558500.000000
2014-03-19	-0.014626	0.000000	0.000607	-0.024685	-5.539978	2646700.000000
2014-03-18	0.009946	0.006079	0.010559	-0.000107	3.729980	2483500.000000
2014-03-17	0.003478	0.005298	0.013673	0.003050	1.300019	2303000.000000
2014-03-14	0.006002	0.003472	0.019004	0.000108	2.229980	4402200.000000
2014-03-13	0.002347	0.016134	0.033644	-0.006907	0.869995	6829000.000000
2014-03-12	0.004935	-0.006562	0.006345	-0.014126	1.820008	2216600.000000
2014-03-11	-0.004615	0.001241	0.006126	-0.008771	-1.709992	2246100.000000
2014-03-10	-0.004112	0.001693	0.001801	-0.013600	-1.529999	2105800.000000
2014-03-07	-0.000269	0.006503	0.007604	-0.007067	-0.100006	2279800.000000
2014-03-06	-0.000564	0.004512	0.007949	-0.009319	-0.209991	2926600.000000
2014-03-05	0.023276	0.000632	0.024265	0.000000	8.470001	3848300.000000
2014-03-04	0.011451	0.011451	0.016399	0.007449	4.119995	2704400.000000
2014-03-03	-0.006407	-0.009279	-0.003148	-0.021044	-2.320007	2798300.000000
2014-02-28	0.005470	0.001305	0.015939	-0.008469	1.970001	3882000.000000
2014-02-27	0.000917	-0.007171	0.002196	-0.011951	0.330017	3104900.000000
2014-02-26	0.004130	0.004298	0.017945	-0.003209	1.479981	3622100.000000
2014-02-25	0.018591	0.003468	0.026437	-0.000569	6.540008	3736400.000000
2014-02-24	0.014477	-0.004528	0.017995	-0.010007	5.019989	3644700.000000
2014-02-21	-0.008691	0.007547	0.012407	-0.008719	-3.039978	4210000.000000
2014-02-20	0.006966	0.004088	0.008866	-0.008636	2.419983	3492800.000000
2014-02-19	-0.017729	-0.002856	0.002517	-0.021349	-6.269989	4168100.000000
2014-02-18	-0.010354	-0.005793	-0.004533	-0.022107	-3.700012	4998000.000000
2014-02-14	0.000420	0.005991	0.005991	-0.010778	0.149994	3520200.000000
2014-02-13	0.022763	-0.004438	0.022763	-0.007874	7.950012	4175000.000000
2014-02-12	-0.034661	-0.014815	-0.011167	-0.042760	-12.540009	6587700.000000
2014-02-11	0.002549	0.002688	0.007593	-0.012802	0.920014	3222100.000000
2014-02-10	-0.000582	0.001468	0.010856	-0.004791	-0.209992	3449700.000000
2014-02-07	0.018303	0.012381	0.020333	-0.005922	6.489991	4330500.000000
2014-02-06	0.023495	0.002742	0.024159	0.002742	8.139984	3335700.000000
2014-02-05	-0.004311	-0.005604	0.004081	-0.029372	-1.500000	4435400.000000
2014-02-04	0.005200	0.009938	0.022678	-0.006153	1.800018	4812900.000000
2014-02-03	-0.034961	0.000809	0.006022	-0.051827	-12.540008	10280800.000000
2014-01-31	-0.109972	-0.077541	-0.068385	-0.112280	-44.320008	16154800.000000
2014-01-30	0.048959	0.024909	0.057392	0.009110	18.809998	10473900.000000
2014-01-29	-0.025936	-0.005755	-0.004006	-0.028370	-10.229981	3382300.000000
2014-01-28	0.021099	0.002899	0.021901	0.002175	8.149994	2894500.000000
2014-01-27	-0.003406	0.007482	0.016770	-0.018344	-1.320007	3936800.000000
2014-01-24	-0.030685	-0.004276	0.000825	-0.031510	-12.269989	4458400.000000
2014-01-23	-0.011544	-0.008751	0.004029	-0.016686	-4.670014	3025400.000000
2014-01-22	-0.006166	0.002334	0.002481	-0.012406	-2.509979	2060500.000000
2014-01-21	0.018618	0.008483	0.020495	0.004980	7.440003	3122100.000000
2014-01-17	0.009626	-0.003891	0.019429	-0.005407	3.809997	4505100.000000
2014-01-16	-0.000177	-0.005532	0.008639	-0.016318	-0.070007	2601200.000000
2014-01-15	-0.004201	0.003522	0.004452	-0.012603	-1.670014	2678300.000000
2014-01-14	0.016778	0.002941	0.019566	0.000793	6.559998	2340100.000000
2014-01-13	-0.016798	0.000805	0.005331	-0.023160	-6.679993	2844900.000000
2014-01-10	-0.008354	0.003790	0.006858	-0.017980	-3.350006	2679500.000000
2014-01-09	-0.002264	0.004454	0.012366	-0.008658	-0.910003	2103000.000000
2014-01-08	0.009773	0.001105	0.012486	-0.005000	3.890014	2316500.000000
2014-01-07	0.011178	0.003582	0.012296	0.001677	4.399994	1916000.000000
2014-01-06	-0.007088	-0.001488	0.001413	-0.020230	-2.809997	3170600.000000
2014-01-03	-0.003845	0.000804	0.011910	-0.004397	-1.529999	2210200.000000
2014-01-02	-0.002056	0.000025	0.001429	-0.011961	-0.820008	2137800.000000
2013-12-31	0.013778	0.003076	0.013880	0.001093	5.420014	1996500.000000
2013-12-30	-0.011832	0.003341	0.004622	-0.014143	-4.709992	2487100.000000
2013-12-27	-0.015604	0.000643	0.003066	-0.020129	-6.310028	1986900.000000
2013-12-26	0.013001	0.006488	0.013327	-0.005987	5.190003	1868500.000000
2013-12-24	-0.009233	-0.000993	0.001985	-0.016256	-3.720001	1380400.000000
2013-12-23	0.001790	0.003705	0.006962	-0.007459	0.720001	2659500.000000
2013-12-20	0.017738	0.003441	0.024115	0.001493	7.010010	5033900.000000
2013-12-19	-0.001945	-0.004268	0.003359	-0.008486	-0.769989	2427200.000000
2013-12-18	0.021437	0.004076	0.022314	-0.011737	8.309997	3489100.000000
2013-12-17	-0.003394	0.004319	0.006144	-0.006350	-1.320007	2343900.000000
2013-12-16	0.012310	0.002056	0.019415	0.001978	4.730011	2251700.000000
2013-12-13	0.007843	0.010675	0.021430	0.006688	2.989990	3025000.000000
2013-12-12	-0.002460	-0.002433	0.007352	-0.007038	-0.940002	2123700.000000
2013-12-11	-0.014415	-0.001135	0.003095	-0.014905	-5.589997	2451300.000000
2013-12-10	0.007509	-0.002988	0.010834	-0.004859	2.889984	2736800.000000
2013-12-09	-0.005324	0.002998	0.003256	-0.011319	-2.059997	2761800.000000
2013-12-06	0.006398	0.010039	0.010039	-0.001717	2.460022	1984700.000000
2013-12-05	-0.003809	0.001788	0.001788	-0.011892	-1.470001	1906500.000000
2013-12-04	0.003380	-0.003016	0.013076	-0.008241	1.299987	2355300.000000
2013-12-03	-0.019475	-0.005582	-0.003441	-0.023451	-7.639984	3702900.000000
2013-12-02	-0.003354	0.013668	0.013668	-0.011483	-1.320007	4714000.000000
2013-11-29	0.017869	0.006180	0.019110	0.004939	6.910004	2406000.000000
2013-11-27	0.014002	0.005585	0.014763	0.003251	5.339996	2269700.000000
2013-11-26	0.012558	0.002575	0.015559	-0.004832	4.729980	2724400.000000
2013-11-25	0.011630	0.004056	0.014719	0.002337	4.330017	2972300.000000
2013-11-22	0.009189	0.002927	0.015125	-0.007075	3.389985	2965500.000000
2013-11-21	0.017514	0.004082	0.018424	0.002013	6.350006	1964600.000000
2013-11-20	-0.006494	0.007179	0.007179	-0.012303	-2.369995	1771500.000000
2013-11-19	-0.003386	-0.000983	0.007100	-0.010050	-1.239991	1904800.000000
2013-11-18	-0.008099	0.003007	0.011702	-0.012190	-2.990020	2737400.000000
2013-11-15	0.004818	0.000626	0.014970	-0.005035	1.770019	4491600.000000
2013-11-14	0.031385	0.003285	0.035708	0.000590	11.179993	4159800.000000
2013-11-13	0.019140	-0.006094	0.019140	-0.011015	6.690002	2773300.000000
2013-11-12	-0.013686	-0.003922	0.003104	-0.020035	-4.850006	2343100.000000
2013-11-11	0.011618	0.000799	0.014444	-0.006423	4.070007	2261700.000000
2013-11-08	0.019647	0.006957	0.021801	0.001397	6.750000	2656900.000000
2013-11-07	-0.035432	-0.000898	0.004829	-0.040148	-12.619995	4246300.000000
2013-11-06	-0.007551	0.004347	0.011090	-0.012232	-2.710022	2282300.000000
2013-11-05	0.000418	-0.005464	0.003986	-0.010871	0.150025	2007100.000000
2013-11-04	-0.000724	0.003120	0.005571	-0.012813	-0.260010	1938400.000000
2013-11-01	-0.013818	0.004395	0.004780	-0.021784	-5.029999	3331000.000000
2013-10-31	0.008170	0.001800	0.013626	-0.005760	2.950012	2466800.000000
2013-10-30	-0.004467	-0.000221	0.006341	-0.011166	-1.620025	4502200.000000
2013-10-29	0.012676	0.002234	0.013206	-0.005221	4.540008	2185400.000000
2013-10-28	-0.014392	-0.009549	-0.001761	-0.017034	-5.230011	3635800.000000
2013-10-25	0.093856	0.079438	0.108937	0.061437	31.180024	12036800.000000
2013-10-24	0.016679	0.008783	0.018025	-0.000031	5.449981	5884700.000000
2013-10-23	-0.017381	-0.005112	-0.002466	-0.025501	-5.779999	2818200.000000
2013-10-22	0.018686	0.003921	0.032686	-0.002328	6.100007	3935500.000000
2013-10-21	-0.007570	0.002919	0.003253	-0.015596	-2.489991	2522300.000000
2013-10-18	0.058436	0.027641	0.067960	0.019243	18.160004	5969800.000000
2013-10-17	0.000902	-0.011015	0.001643	-0.016909	0.279999	2648400.000000
2013-10-16	0.013349	0.006462	0.014360	-0.002774	4.089996	2170700.000000
2013-10-15	-0.013840	-0.002671	0.000290	-0.017509	-4.300018	2261100.000000
2013-10-14	-0.000611	-0.005372	0.002445	-0.012513	-0.190003	1939100.000000
2013-10-11	0.018744	-0.001311	0.018875	-0.004358	5.720002	2163100.000000
2013-10-10	0.023271	0.021460	0.028401	0.014620	6.940002	2555100.000000
2013-10-09	-0.016489	0.000627	0.000890	-0.022194	-5.000000	3247400.000000
2013-10-08	-0.021933	0.004741	0.004903	-0.031481	-6.799988	3166200.000000
2013-10-07	-0.028241	-0.011911	-0.011597	-0.029150	-9.010010	2083200.000000
2013-10-04	0.013598	0.001175	0.014106	-0.006799	4.279999	1815000.000000
2013-10-03	-0.017940	-0.000374	0.007519	-0.023369	-5.750000	2674800.000000
2013-10-02	-0.001371	-0.009067	0.002430	-0.010687	-0.440002	2217400.000000
2013-10-01	0.026580	0.005054	0.026740	0.003230	8.309997	2396400.000000
2013-09-30	-0.010664	-0.008228	-0.002215	-0.015664	-3.369995	1623600.000000
2013-09-27	-0.006633	-0.003772	-0.002861	-0.014994	-2.109985	1657500.000000
2013-09-26	0.017496	0.003998	0.021494	0.001951	5.470001	1989900.000000
2013-09-25	-0.004711	0.001273	0.008213	-0.010760	-1.480011	2008600.000000
2013-09-24	0.008475	0.003018	0.021156	-0.000674	2.640015	2033600.000000
2013-09-23	-0.015332	-0.007365	-0.001391	-0.023930	-4.850006	1884900.000000
2013-09-20	0.013715	0.001538	0.027270	0.001122	4.279998	5302300.000000
2013-09-19	0.000096	0.005576	0.008044	-0.003173	0.029999	2350900.000000
2013-09-18	0.025841	-0.000362	0.028175	-0.004142	7.859986	2946400.000000
2013-09-17	0.027393	0.005303	0.029014	-0.000169	8.110015	2296500.000000
2013-09-16	-0.006243	0.006378	0.010338	-0.008929	-1.860015	1808400.000000
2013-09-13	-0.003145	0.004283	0.004551	-0.008900	-0.939972	1350600.000000
2013-09-12	-0.002603	-0.000834	0.007876	-0.006608	-0.780030	1606200.000000
2013-09-11	-0.002397	-0.004827	0.004994	-0.008390	-0.719970	1742600.000000
2013-09-10	0.002169	0.002803	0.004304	-0.008308	0.649994	1778400.000000
2013-09-09	0.013013	0.004597	0.013858	0.002501	3.850006	1643600.000000
2013-09-06	0.005984	0.004182	0.016253	-0.011221	1.759979	2292000.000000
2013-09-05	0.001567	-0.000034	0.011443	-0.003167	0.459991	1816600.000000
2013-09-04	0.016759	-0.001627	0.022265	-0.004224	4.840027	2438600.000000
2013-09-03	0.027831	0.013346	0.037049	0.011353	7.819977	2897600.000000
2013-08-30	-0.010564	0.002148	0.003134	-0.014015	-3.000000	1534700.000000
2013-08-29	0.008523	-0.000462	0.015626	-0.005611	2.400024	1566400.000000
2013-08-28	0.002314	-0.002029	0.007368	-0.005695	0.649994	1457100.000000
2013-08-27	-0.018448	-0.008176	-0.003249	-0.022606	-5.279998	2476000.000000
2013-08-26	-0.013103	0.001448	0.003586	-0.015137	-3.800019	1711700.000000
2013-08-23	0.000966	0.005108	0.006109	-0.006316	0.279999	1961900.000000
2013-08-22	0.018133	0.000808	0.018625	0.000808	5.160004	1422600.000000
2013-08-21	-0.008778	-0.006966	0.004911	-0.011355	-2.519989	1815300.000000
2013-08-20	0.005323	0.001086	0.013797	0.000595	1.519989	1586300.000000
2013-08-19	0.002633	0.001299	0.016642	-0.004705	0.750000	2477400.000000
2013-08-16	-0.005760	0.000279	0.006493	-0.006877	-1.649994	2422500.000000
2013-08-15	-0.016716	-0.008753	-0.007002	-0.021247	-4.869995	2261400.000000
2013-08-14	-0.008947	0.001089	0.001089	-0.011668	-2.630005	1415000.000000
2013-08-13	-0.009168	-0.002730	-0.001079	-0.020291	-2.720001	2349900.000000
2013-08-12	-0.001918	-0.004945	0.006123	-0.006728	-0.570008	1504500.000000
2013-08-09	0.005140	-0.000203	0.011936	-0.004869	1.520020	1950300.000000
2013-08-08	-0.003941	0.005422	0.005422	-0.014685	-1.170014	2343400.000000
2013-08-07	-0.012768	-0.001995	0.000798	-0.015295	-3.839996	1961000.000000
2013-08-06	-0.000797	-0.001595	0.001229	-0.011529	-0.239990	1849000.000000
2013-08-05	-0.010585	-0.002663	-0.001939	-0.019427	-3.220001	2233200.000000
2013-08-02	-0.004451	-0.003076	-0.000785	-0.013319	-1.360016	2502600.000000
2013-08-01	0.014441	0.006175	0.016566	-0.007702	4.350006	2971700.000000
2013-07-31	-0.003935	0.004960	0.009061	-0.004663	-1.190003	1891300.000000
2013-07-30	-0.012055	0.005292	0.012022	-0.014799	-3.690002	3053400.000000
2013-07-29	-0.018942	-0.003013	0.003173	-0.019583	-5.910004	3211800.000000
2013-07-26	0.028378	-0.012690	0.033685	-0.025873	8.610016	8817500.000000
2013-07-25	0.014919	0.000201	0.018599	-0.007326	4.459992	5405800.000000
2013-07-24	-0.007042	0.006510	0.009234	-0.010031	-2.119996	2000500.000000
2013-07-23	-0.007974	-0.001054	0.005206	-0.009622	-2.420013	1999600.000000
2013-07-22	-0.005733	0.013170	0.013170	-0.010582	-1.750000	2520700.000000
2013-07-19	0.003683	0.000921	0.005524	-0.007234	1.120026	2973100.000000
2013-07-18	-0.014837	-0.007840	-0.007613	-0.022093	-4.580017	3063800.000000
2013-07-17	0.005931	0.000326	0.006289	-0.003845	1.820007	2029700.000000
2013-07-16	0.000979	0.002381	0.009199	-0.003458	0.299988	2660200.000000
2013-07-15	-0.003186	-0.000910	0.001431	-0.010405	-0.979981	2245600.000000
2013-07-12	0.026330	-0.003237	0.026330	-0.003871	7.889984	4539300.000000
2013-07-11	0.025074	0.009099	0.028598	-0.000787	7.330017	4007300.000000
2013-07-10	0.002744	-0.000412	0.006209	-0.007306	0.799988	1810200.000000
2013-07-09	0.003235	0.001411	0.006814	-0.008878	0.940003	2775600.000000
2013-07-08	0.016475	0.001889	0.020253	0.000910	4.709991	3046700.000000
2013-07-05	0.006513	0.003415	0.008274	-0.006901	1.850006	1985400.000000
2013-07-03	0.001057	-0.006097	0.005886	-0.006097	0.299988	1373000.000000
2013-07-02	0.005778	-0.003758	0.015881	-0.005353	1.630005	3238200.000000
2013-07-01	0.015881	0.004717	0.020166	-0.001909	4.410004	2888200.000000
2013-06-28	0.000504	-0.004900	0.008215	-0.004900	0.140014	3193300.000000
2013-06-27	-0.000072	0.005800	0.009475	-0.010916	-0.020019	2519500.000000
2013-06-26	0.020140	0.006946	0.021647	0.005182	5.480011	3029500.000000
2013-06-25	0.005469	0.006245	0.010569	-0.005949	1.480011	2449600.000000
2013-06-24	-0.010060	-0.007572	-0.000732	-0.030582	-2.750000	3863800.000000
2013-06-21	-0.000293	0.004133	0.008777	-0.013348	-0.080017	4201000.000000
2013-06-20	-0.016969	-0.010857	0.001582	-0.020743	-4.720002	2984000.000000
2013-06-19	-0.012777	-0.001775	0.005608	-0.013806	-3.600006	2827500.000000
2013-06-18	0.013307	0.003668	0.017442	0.000180	3.700012	2146100.000000
2013-06-17	0.014855	0.008614	0.022665	0.006059	4.070008	2884000.000000
2013-06-14	-0.006527	-0.002865	0.004641	-0.008521	-1.800019	2150800.000000
2013-06-13	0.015165	-0.000626	0.018883	-0.005080	4.119996	2649800.000000
2013-06-12	-0.011318	0.006624	0.007351	-0.015758	-3.109986	2238900.000000
2013-06-11	-0.022379	-0.018038	-0.009464	-0.024300	-6.290008	3097800.000000
2013-06-10	0.015170	-0.000686	0.020226	-0.005887	4.200012	3086500.000000
2013-06-07	0.033753	0.007131	0.045813	0.004854	9.040008	4632600.000000
2013-06-06	0.002470	0.002171	0.012464	-0.011079	0.659974	2476300.000000
2013-06-05	0.005533	0.000414	0.022431	-0.002559	1.470001	3512300.000000
2013-06-04	-0.004421	0.000450	0.007494	-0.014463	-1.179993	2088600.000000
2013-06-03	-0.008618	-0.000892	-0.000334	-0.023217	-2.320007	2543900.000000
2013-05-31	0.008882	-0.003111	0.019038	-0.003335	2.370025	3374300.000000
2013-05-30	0.004896	0.000678	0.011449	0.000301	1.299988	1667500.000000
2013-05-29	-0.006585	-0.006847	0.003592	-0.009166	-1.760010	1903400.000000
2013-05-28	0.021204	0.018110	0.035761	0.016276	5.550019	3471000.000000
2013-05-24	-0.000229	-0.007448	0.000497	-0.013216	-0.059998	1696300.000000
2013-05-23	-0.004411	-0.009393	0.000799	-0.012816	-1.160003	2000300.000000
2013-05-22	-0.021944	-0.005467	-0.004724	-0.029978	-5.899994	3332000.000000
2013-05-21	0.004596	0.004147	0.011733	0.000112	1.229980	1741200.000000
2013-05-20	-0.008410	-0.003335	0.007003	-0.012597	-2.269989	2209000.000000
2013-05-17	0.021884	0.006474	0.022187	0.003332	5.779999	2527300.000000
2013-05-16	-0.009154	-0.002251	0.007015	-0.010167	-2.440003	1643500.000000
2013-05-15	-0.006596	-0.004696	0.002683	-0.014050	-1.769989	2720500.000000
2013-05-14	0.014442	-0.000038	0.018487	-0.001815	3.819977	2700000.000000
2013-05-13	0.003338	-0.003262	0.008535	-0.006183	0.880005	2149500.000000
2013-05-10	0.013338	0.002768	0.013415	0.000192	3.470001	3145300.000000
2013-05-09	0.005721	0.000193	0.018826	-0.006958	1.480011	2769300.000000
2013-05-08	0.003686	-0.003337	0.009972	-0.009312	0.949982	2677000.000000
2013-05-07	0.007860	0.002307	0.015720	-0.010989	2.010010	3133700.000000
2013-05-06	-0.009029	0.000155	0.005619	-0.017942	-2.329987	2347800.000000
2013-05-03	0.021778	0.014215	0.026529	0.008513	5.499985	3514000.000000
2013-05-02	0.017403	0.002860	0.018934	-0.009870	4.320007	3936200.000000
2013-05-01	-0.021985	0.000355	0.001537	-0.031756	-5.580002	4391400.000000
2013-04-30	0.016297	-0.001482	0.019781	-0.004725	4.069993	4248800.000000
2013-04-29	-0.019897	0.000353	0.008634	-0.022213	-5.069993	7117000.000000
2013-04-26	-0.072406	-0.017219	-0.009756	-0.079687	-19.890014	14030000.000000
2013-04-25	0.022025	0.010231	0.026118	0.006399	5.920013	6116500.000000
2013-04-24	-0.000446	0.002231	0.009557	-0.007772	-0.119995	1852800.000000
2013-04-23	0.020300	0.003605	0.023980	0.003605	5.350006	2270600.000000
2013-04-22	0.012408	-0.003726	0.016441	-0.008797	3.229981	2119100.000000
2013-04-19	0.003469	-0.004857	0.013337	-0.007401	0.899994	2602500.000000
2013-04-18	-0.029843	-0.002206	-0.001533	-0.040389	-7.979981	3137600.000000
2013-04-17	-0.018139	-0.005655	-0.005471	-0.029706	-4.940002	3135100.000000
2013-04-16	0.017257	0.005939	0.018975	0.001270	4.619995	2137200.000000
2013-04-15	-0.018873	-0.006560	0.008246	-0.021146	-5.149994	3326000.000000
2013-04-12	0.011191	0.001001	0.012674	-0.010487	3.019989	2866300.000000
2013-04-11	0.019187	-0.000113	0.023417	-0.000113	5.080017	3090500.000000
2013-04-10	0.013900	0.002451	0.018534	-0.006969	3.629974	2322500.000000
2013-04-09	0.008457	-0.000386	0.014134	-0.007530	2.190003	2156600.000000
2013-04-08	0.013582	0.001722	0.016440	0.000587	3.470016	2295600.000000
2013-04-05	-0.013895	-0.012969	-0.011193	-0.020882	-3.599991	2557400.000000
2013-04-04	0.000193	0.000772	0.005328	-0.011234	0.049988	1964400.000000
2013-04-03	-0.016292	-0.004557	0.001329	-0.021153	-4.290008	2413800.000000
2013-04-02	0.006537	0.003020	0.016360	-0.004052	1.710022	2631100.000000
2013-04-01	-0.018312	0.001839	0.003415	-0.020564	-4.880005	2524800.000000
2013-03-28	0.004485	0.001960	0.007840	-0.004674	1.190002	2473700.000000
2013-03-27	0.019169	-0.005993	0.021590	-0.009258	4.989990	2874900.000000
2013-03-26	0.016757	0.004023	0.021327	0.001016	4.290009	2421000.000000
2013-03-25	-0.006712	0.003220	0.006518	-0.012609	-1.730011	2513900.000000
2013-03-22	0.017207	0.004578	0.017286	-0.005209	4.360001	3124600.000000
2013-03-21	-0.015120	-0.004548	-0.001088	-0.017879	-3.890000	2806400.000000
2013-03-20	0.003393	0.006396	0.013065	-0.007254	0.869995	2738900.000000
2013-03-19	-0.005739	0.001978	0.006243	-0.020435	-1.480011	3738500.000000
2013-03-18	-0.015010	-0.009625	-0.001260	-0.017951	-3.929992	2720200.000000
2013-03-15	-0.014751	-0.002860	0.005720	-0.021412	-3.919983	4865900.000000
2013-03-14	-0.034024	-0.019738	-0.018539	-0.042057	-9.360016	5226700.000000
2013-03-13	0.003538	0.004049	0.008646	-0.005435	0.970001	1884200.000000
2013-03-12	0.010655	-0.000885	0.022711	-0.003244	2.890015	3246200.000000
2013-03-11	-0.010759	-0.002772	-0.000729	-0.013823	-2.950012	1904900.000000
2013-03-08	0.001132	0.004089	0.005696	-0.008690	0.309997	1879800.000000
2013-03-07	0.000329	0.001132	0.003689	-0.007086	0.089996	1939000.000000
2013-03-06	-0.006531	0.000617	0.003266	-0.013643	-1.799987	2050700.000000
2013-03-05	0.009081	0.003259	0.013072	-0.011424	2.480011	3686200.000000
2013-03-04	0.027734	-0.001430	0.028449	-0.006021	7.369995	3453000.000000
2013-03-01	0.005562	-0.003784	0.008817	-0.012222	1.470001	2957000.000000
2013-02-28	0.003875	-0.005470	0.014245	-0.009952	1.019989	2667200.000000
2013-02-27	0.014999	0.000154	0.024946	-0.009639	3.890015	2908100.000000
2013-02-26	-0.001963	0.003925	0.008350	-0.015931	-0.510010	3348600.000000
2013-02-25	-0.020910	0.005727	0.012320	-0.021739	-5.550018	3032400.000000
2013-02-22	-0.001955	0.002557	0.004399	-0.016282	-0.519989	3124800.000000
2013-02-21	-0.001764	-0.004842	0.011524	-0.011861	-0.470002	3637400.000000
2013-02-20	-0.012382	0.001668	0.016867	-0.012530	-3.339996	3528900.000000
2013-02-19	0.017579	0.003093	0.018937	-0.002226	4.660004	2854200.000000
2013-02-15	-0.015414	-0.005980	-0.001188	-0.022768	-4.149994	3979900.000000
2013-02-14	-0.000854	-0.007793	0.004379	-0.015104	-0.230011	3463000.000000
2013-02-13	0.041631	0.010939	0.043525	0.006185	10.769989	5293000.000000
2013-02-12	0.005793	0.007698	0.011469	-0.000816	1.490021	2943700.000000
2013-02-11	-0.018095	0.004772	0.004963	-0.020424	-4.740021	3403700.000000
2013-02-08	0.006610	0.004496	0.019291	0.001230	1.720001	3879200.000000
2013-02-07	-0.007589	0.007170	0.007170	-0.027115	-1.989990	3975700.000000
2013-02-06	-0.017498	-0.006482	0.000000	-0.021657	-4.670014	2770400.000000
2013-02-05	0.026579	0.007770	0.030964	0.005693	6.910004	4012900.000000
2013-02-04	-0.018943	-0.008377	-0.001208	-0.022377	-5.019989	3723600.000000
2013-02-01	-0.001883	0.012919	0.012919	-0.010170	-0.500000	6115000.000000
2013-01-31	-0.026617	-0.006306	0.011659	-0.033216	-7.260010	6772100.000000
2013-01-30	0.047667	0.086998	0.091607	0.025965	12.410004	13075400.000000
2013-01-29	-0.056840	-0.002500	-0.002101	-0.064085	-15.690003	10172600.000000
2013-01-28	-0.027994	-0.000739	0.001725	-0.033769	-7.949981	4321400.000000
2013-01-25	0.038507	0.005632	0.041176	0.003437	10.529999	4968100.000000
2013-01-24	0.019955	0.004700	0.031853	0.004700	5.350006	3417000.000000
2013-01-23	-0.007698	0.001406	0.003331	-0.013102	-2.080017	2508900.000000
2013-01-22	-0.007092	-0.001837	-0.000073	-0.010620	-1.929993	2137700.000000
2013-01-18	0.006063	0.001294	0.014862	-0.003253	1.639984	2942000.000000
2013-01-17	0.005764	0.009556	0.011304	0.001041	1.550018	1884600.000000
2013-01-16	-0.010923	-0.005039	-0.002427	-0.014969	-2.970001	2065600.000000
2013-01-15	-0.003043	-0.007517	0.000000	-0.012577	-0.830017	2326900.000000
2013-01-14	0.017877	0.000224	0.023587	-0.001493	4.790009	4275000.000000
2013-01-11	0.009799	-0.000904	0.011645	-0.004636	2.600006	2413300.000000
2013-01-10	-0.003792	0.008222	0.008973	-0.015206	-1.010010	2863400.000000
2013-01-09	-0.000113	0.006720	0.011713	-0.003679	-0.029999	2265600.000000
2013-01-08	-0.007748	-0.005178	0.001937	-0.018215	-2.079986	3010700.000000
2013-01-07	0.035925	0.014741	0.040826	0.013583	9.309997	4910000.000000
2013-01-04	0.002592	-0.003482	0.005107	-0.007080	0.669983	1874200.000000
2013-01-03	0.004547	-0.000155	0.013874	-0.003653	1.170013	2750900.000000
2013-01-02	0.025671	0.020768	0.028820	0.009527	6.440003	3271000.000000
2012-12-31	0.023207	-0.005832	0.029489	-0.009911	5.690002	3419000.000000
2012-12-28	-0.012605	-0.009907	-0.003504	-0.013129	-3.130005	1858700.000000
2012-12-27	-0.001287	-0.001408	0.002896	-0.023207	-0.320007	3639300.000000
2012-12-26	-0.038628	-0.005684	-0.004640	-0.040909	-9.989990	4152700.000000
2012-12-24	0.006617	0.001479	0.010042	0.000156	1.699982	984400.000000
2012-12-21	-0.017514	-0.014073	-0.011931	-0.022027	-4.579987	4704600.000000
2012-12-20	0.013605	0.001434	0.017133	-0.005620	3.510010	2584600.000000
2012-12-19	-0.009255	0.003456	0.004877	-0.010445	-2.410004	2300000.000000
2012-12-18	0.025762	0.002797	0.036437	0.002797	6.539993	4961000.000000
2012-12-17	0.018741	0.002488	0.019303	0.000281	4.669999	2277000.000000
2012-12-14	-0.008199	-0.004537	0.002587	-0.013771	-2.059998	2526900.000000
2012-12-13	-0.002026	-0.002582	0.011042	-0.006911	-0.509995	2460200.000000
2012-12-12	0.004268	0.001516	0.014640	-0.002513	1.069993	2628100.000000
2012-12-11	0.011785	0.002946	0.023046	-0.004520	2.919998	4185200.000000
2012-12-10	-0.021716	-0.000671	0.005962	-0.023572	-5.500000	3503800.000000
2012-12-07	-0.000395	0.003039	0.007262	-0.005368	-0.099991	2170300.000000
2012-12-06	-0.002323	-0.003780	0.004764	-0.009647	-0.590012	3557900.000000
2012-12-05	0.005822	-0.000198	0.012119	-0.008357	1.470002	2852200.000000
2012-12-04	0.008629	-0.001558	0.010666	-0.006671	2.160003	3114700.000000
2012-12-03	-0.006824	0.001944	0.008371	-0.008133	-1.720001	2990600.000000
2012-11-30	0.003104	-0.003542	0.005492	-0.011939	0.779999	3797400.000000
2012-11-29	0.016835	0.003804	0.021731	0.001578	4.160003	5310500.000000
2012-11-28	0.015242	-0.003903	0.015735	-0.007806	3.710007	2743400.000000
2012-11-27	-0.000903	-0.001642	0.008415	-0.008538	-0.220001	3048500.000000
2012-11-26	0.015591	0.002126	0.018509	-0.007837	3.739990	4178300.000000
2012-11-23	0.007772	0.007814	0.008276	-0.006512	1.850006	1776800.000000
2012-11-21	0.018179	0.000257	0.020917	-0.004406	4.250000	2959300.000000
2012-11-20	0.017718	0.001262	0.017892	-0.000914	4.069992	2771700.000000
2012-11-19	0.019891	0.013719	0.032278	0.009857	4.480011	3591200.000000
2012-11-16	0.020988	0.003218	0.025612	-0.008885	4.629990	4352800.000000
2012-11-15	-0.010540	-0.002915	0.009913	-0.021395	-2.349991	3404700.000000
2012-11-14	-0.016108	-0.000441	0.003575	-0.018049	-3.650009	3034100.000000
2012-11-13	0.000574	-0.005961	0.006314	-0.007771	0.130005	2629800.000000
2012-11-12	0.000707	0.001237	0.012858	-0.003977	0.160003	2128800.000000
2012-11-09	-0.004574	-0.004794	0.015923	-0.012096	-1.040008	3092500.000000
2012-11-08	-0.020296	0.000689	0.005990	-0.021374	-4.709992	2982400.000000
2012-11-07	-0.023152	-0.008040	-0.007998	-0.034265	-5.500000	3624200.000000
2012-11-06	0.013784	0.004609	0.014595	0.000512	3.229996	2661300.000000
2012-11-05	0.008218	-0.001635	0.010369	-0.009939	1.910004	1846100.000000
2012-11-02	0.001206	0.008055	0.022659	-0.000129	0.279999	3374700.000000
2012-11-01	-0.003220	0.005754	0.007128	-0.006656	-0.750000	3905100.000000
2012-10-31	-0.022456	-0.008059	0.001931	-0.032488	-5.350006	4797600.000000
2012-10-26	0.068724	0.025480	0.070833	0.016912	15.320007	11367500.000000
2012-10-25	-0.024377	0.010635	0.010635	-0.024377	-5.570007	6741300.000000
2012-10-24	-0.024839	0.006701	0.006957	-0.027144	-5.819993	3678700.000000
2012-10-23	0.002267	-0.011678	0.011635	-0.016126	0.529999	4430800.000000
2012-10-22	-0.025917	-0.004958	-0.004375	-0.032000	-6.220001	4500000.000000
2012-10-19	-0.019808	0.001266	0.008046	-0.024137	-4.850006	4395300.000000
2012-10-18	-0.010667	0.001131	0.013819	-0.019354	-2.639999	5305300.000000
2012-10-17	0.014553	-0.002337	0.019923	-0.002624	3.550003	3302700.000000
2012-10-16	-0.000983	0.002826	0.006512	-0.008600	-0.239991	2204100.000000
2012-10-15	0.007509	0.002022	0.009985	-0.015885	1.819992	2959800.000000
2012-10-12	-0.007616	-0.004258	0.005077	-0.009459	-1.860000	2203200.000000
2012-10-11	-0.003143	0.012286	0.017593	-0.012654	-0.770004	3447300.000000
2012-10-10	-0.023789	0.004144	0.005977	-0.027694	-5.970002	3948300.000000
2012-10-09	-0.031267	-0.001505	0.001119	-0.032155	-8.099991	3494800.000000
2012-10-08	0.002128	-0.003249	0.004990	-0.011412	0.549988	1762300.000000
2012-10-05	-0.007525	0.002803	0.005490	-0.011441	-1.959991	2806500.000000
2012-10-04	0.017779	0.000352	0.021882	-0.000195	4.550003	2700400.000000
2012-10-03	0.021229	0.002434	0.021947	-0.004150	5.319992	2745600.000000
2012-10-02	-0.005595	0.003135	0.004524	-0.011825	-1.409989	2195800.000000
2012-10-01	-0.009083	0.004247	0.007235	-0.015060	-2.310012	2581200.000000
2012-09-28	-0.008847	-0.001754	0.001598	-0.013212	-2.269989	2456600.000000
2012-09-27	0.027717	0.003485	0.030961	0.003405	6.919998	3397400.000000
2012-09-26	-0.011051	-0.000238	0.008516	-0.016755	-2.790009	2920500.000000
2012-09-25	-0.009184	0.006005	0.016287	-0.014796	-2.339996	4405800.000000
2012-09-24	-0.010370	-0.008739	-0.007263	-0.017361	-2.669998	2707900.000000
2012-09-21	-0.012806	0.003566	0.004563	-0.015605	-3.339997	6059300.000000
2012-09-20	-0.003325	-0.006305	-0.003095	-0.014063	-0.869995	2913600.000000
2012-09-19	0.011324	0.002705	0.015807	-0.000850	2.929993	2636800.000000
2012-09-18	0.002907	0.001861	0.009690	-0.003876	0.750000	2215000.000000
2012-09-17	-0.012516	-0.000077	-0.000077	-0.016343	-3.269989	2306300.000000
2012-09-14	0.003958	0.004457	0.014871	-0.001806	1.029999	3666200.000000
2012-09-13	0.018034	-0.002699	0.024919	-0.007159	4.609985	3525600.000000
2012-09-12	-0.000156	0.003246	0.008253	-0.008487	-0.039993	2273200.000000
2012-09-11	-0.005523	0.001984	0.001984	-0.011008	-1.419998	2524800.000000
2012-09-10	-0.007911	-0.000540	0.003319	-0.008953	-2.050019	2567200.000000
2012-09-07	0.030870	0.009826	0.031983	0.008513	7.760010	5029500.000000
2012-09-06	0.020957	0.008163	0.026318	0.003980	5.160004	5361400.000000
2012-09-05	-0.006697	-0.001089	0.002945	-0.010408	-1.660004	2652600.000000
