2017-09-01	0.002796	0.000000	0.011975	-0.002045	0.669998	3270700.000000
2017-08-31	-0.003327	0.002246	0.002662	-0.008525	-0.800003	3075800.000000
2017-08-30	-0.000125	0.002079	0.003950	-0.006196	-0.029998	2801100.000000
2017-08-29	0.013956	0.000127	0.016823	-0.004638	3.310012	3535500.000000
2017-08-28	0.005469	0.001399	0.007037	-0.005426	1.289994	2395000.000000
2017-08-25	-0.011938	0.001089	0.001466	-0.013152	-2.850006	2270300.000000
2017-08-24	0.002730	0.001806	0.003402	-0.006258	0.650009	2553100.000000
2017-08-23	-0.006924	-0.001627	-0.001627	-0.010678	-1.660004	2518300.000000
2017-08-22	0.017269	0.002037	0.017863	0.001825	4.070007	2915700.000000
2017-08-21	-0.000382	0.000000	0.004962	-0.006023	-0.090011	2545400.000000
2017-08-18	0.000764	-0.002504	0.007089	-0.004330	0.180008	2939500.000000
2017-08-17	-0.008418	-0.000884	0.000042	-0.009849	-2.000000	2810900.000000
2017-08-16	-0.006606	0.002216	0.004557	-0.007359	-1.580002	3012700.000000
2017-08-15	0.008518	0.000253	0.010500	-0.004807	2.020004	2851100.000000
2017-08-14	0.009664	0.004811	0.011069	0.003576	2.269989	2943900.000000
2017-08-11	0.008588	-0.000515	0.010821	-0.008330	2.000000	3461700.000000
2017-08-10	-0.006103	-0.001195	0.007896	-0.010243	-1.429993	6817700.000000
2017-08-09	-0.015835	-0.000294	0.002604	-0.016717	-3.770004	5680400.000000
2017-08-08	-0.003039	0.004624	0.007179	0.000521	-0.725677	4871500.000000
2017-08-07	0.010601	0.005499	0.021707	0.003848	2.505050	3674700.000000
2017-08-04	-0.002266	0.007358	0.012213	-0.001931	-0.536789	5590500.000000
2017-08-03	0.001261	0.002202	0.012898	-0.002110	0.298218	5112700.000000
2017-08-02	-0.006223	0.004368	0.014871	-0.000590	-1.481170	5119900.000000
2017-08-01	-0.012456	0.009781	0.012312	-0.007727	-3.002091	5018400.000000
2017-07-31	0.004932	0.008383	0.027729	0.008258	1.182938	5777300.000000
2017-07-28	0.001120	0.005213	0.010139	-0.004262	0.268417	4602400.000000
2017-07-27	0.032341	0.021822	0.045738	0.019969	7.505234	10860600.000000
2017-07-26	0.098795	0.058142	0.107858	0.055964	20.865539	14140000.000000
2017-07-25	0.001320	0.010895	0.014593	0.004874	0.278351	2889000.000000
2017-07-24	0.000189	0.005301	0.008335	0.002455	0.039765	2392700.000000
2017-07-21	0.008845	0.004577	0.015149	0.001802	1.848968	2098400.000000
2017-07-20	-0.002845	0.007014	0.007729	0.001385	-0.596451	2235100.000000
2017-07-19	0.012678	0.011713	0.018959	0.009587	2.624344	2258400.000000
2017-07-18	-0.003636	0.006494	0.006879	-0.001111	-0.755478	1942300.000000
2017-07-17	0.002350	0.007026	0.011802	0.006206	0.487091	2416000.000000
2017-07-14	0.011056	0.008745	0.018159	0.008452	2.266480	3229000.000000
2017-07-13	-0.001017	0.007719	0.008693	0.000653	-0.208756	1943600.000000
2017-07-12	0.000824	0.009281	0.017376	0.006208	0.168991	2817400.000000
2017-07-11	0.011326	0.006162	0.019281	0.006162	2.296296	2815800.000000
2017-07-10	0.007857	0.005716	0.016950	0.005070	1.580581	2701900.000000
2017-07-07	0.004417	0.009759	0.014952	0.004866	0.884735	3090400.000000
2017-07-06	-0.001635	0.005117	0.009354	0.000830	-0.328048	2737400.000000
2017-07-05	0.016214	0.009561	0.023947	0.007332	3.200912	2716700.000000
2017-07-03	0.004248	0.007592	0.014561	0.005964	0.835007	1511200.000000
2017-06-30	0.001469	0.011263	0.016052	0.005608	0.288284	2205500.000000
2017-06-29	-0.010821	0.005964	0.006670	-0.010011	-2.147186	2428900.000000
2017-06-28	0.003670	0.009050	0.016384	0.008038	0.725662	2096800.000000
2017-06-27	-0.005450	0.005059	0.010693	0.000481	-1.083527	2296900.000000
2017-06-26	-0.011126	0.008651	0.016709	-0.005427	-2.236663	3077600.000000
2017-06-23	0.013989	0.005056	0.020642	0.002131	2.773452	4310100.000000
2017-06-22	0.001356	0.006368	0.012227	0.006015	0.268403	3339300.000000
2017-06-21	0.004235	0.012305	0.012964	0.002059	0.835021	3151100.000000
2017-06-20	-0.003767	0.004297	0.016879	0.002073	-0.745559	3077400.000000
2017-06-19	0.013439	0.013339	0.021481	0.008832	2.624344	2726400.000000
2017-06-16	0.005065	0.008847	0.018832	0.007817	0.984146	6939100.000000
2017-06-15	0.015958	0.000997	0.022540	0.000683	3.051788	2894100.000000
2017-06-14	0.006751	0.005754	0.018020	0.004543	1.282349	2210000.000000
2017-06-13	0.005737	0.006229	0.014224	0.002523	1.083542	1882700.000000
2017-06-12	-0.000158	0.007394	0.008611	-0.004517	-0.029816	2730100.000000
2017-06-09	0.000527	0.006335	0.011579	0.002363	0.099411	3344900.000000
2017-06-08	0.009729	0.005964	0.021848	0.003825	1.819138	2340300.000000
2017-06-07	0.007229	0.006503	0.015606	0.004025	1.341995	2383500.000000
2017-06-06	-0.011643	0.003089	0.005485	-0.006068	-2.186951	2725000.000000
2017-06-05	-0.006729	0.005118	0.008661	-0.001545	-1.272415	2522100.000000
2017-06-02	0.015535	0.008650	0.029486	0.007737	2.892746	3034300.000000
2017-06-01	-0.001652	0.004785	0.007466	-0.010656	-0.308167	2870200.000000
2017-05-31	0.004013	0.008602	0.013393	0.005103	0.745560	5186700.000000
2017-05-30	0.001554	0.006881	0.010439	0.003808	0.288284	2231600.000000
2017-05-26	-0.002566	0.004136	0.008868	0.001662	-0.477172	1728700.000000
2017-05-25	0.009825	0.008028	0.017748	0.007811	1.809219	2363300.000000
2017-05-24	0.009592	0.005800	0.016436	0.005800	1.749557	2424700.000000
2017-05-23	-0.000980	0.007772	0.010291	0.001528	-0.178924	2123800.000000
2017-05-22	0.016099	0.022771	0.031342	0.015759	2.892761	2946800.000000
2017-05-19	0.018940	0.007836	0.028760	0.002392	3.340073	4038900.000000
2017-05-18	-0.007719	0.004276	0.004389	-0.012660	-1.371826	3118100.000000
2017-05-17	-0.021456	0.005964	0.005964	-0.016170	-3.896760	2535700.000000
2017-05-16	0.001700	0.007840	0.010156	0.004034	0.308167	2156100.000000
2017-05-15	-0.004693	0.006239	0.010685	0.000639	-0.854904	3365000.000000
2017-05-12	-0.003751	0.004707	0.006183	-0.001200	-0.685913	3479200.000000
2017-05-11	0.004149	0.004427	0.012280	0.000418	0.755508	2883800.000000
2017-05-10	-0.012454	0.004066	0.006832	-0.033680	-2.296326	7060100.000000
2017-05-09	0.004784	0.014156	0.020150	0.013829	0.878006	3004000.000000
2017-05-08	0.005459	0.015693	0.021226	0.013611	0.996399	1963400.000000
2017-05-05	0.010597	0.014164	0.024740	0.014164	1.913849	2636900.000000
2017-05-04	-0.001745	0.013334	0.018419	0.006977	-0.315689	2289300.000000
2017-05-03	-0.000273	0.013721	0.015378	0.007090	-0.049331	2983200.000000
2017-05-02	0.005757	0.014499	0.022113	0.014443	1.035842	1979800.000000
2017-05-01	-0.013201	0.010375	0.011801	-0.002952	-2.407104	3516700.000000
2017-04-28	0.008787	0.014772	0.023126	0.012559	1.588303	2181600.000000
2017-04-27	0.008310	0.018574	0.025101	0.018574	1.489624	3129100.000000
2017-04-26	-0.009809	0.007037	0.010848	-0.005115	-1.775712	4471600.000000
2017-04-25	0.007964	0.016282	0.023632	0.016282	1.430451	3735400.000000
2017-04-24	0.009314	0.021364	0.025354	0.020577	1.657333	3141900.000000
2017-04-21	0.006023	0.014344	0.022880	0.014344	1.065445	3146600.000000
2017-04-20	0.005045	0.015597	0.021734	0.013381	0.887879	2335200.000000
2017-04-19	0.003093	0.017199	0.025350	0.015432	0.542587	2124500.000000
2017-04-18	-0.006536	0.011231	0.019045	0.002907	-1.154236	2960200.000000
2017-04-17	0.019360	0.014935	0.033636	0.013839	3.354172	2450200.000000
2017-04-13	-0.002443	0.011881	0.018444	0.010844	-0.424210	2024100.000000
2017-04-12	-0.014112	0.011849	0.011849	-0.001264	-2.486038	2922700.000000
2017-04-11	0.005688	0.013323	0.019603	0.010240	0.996399	2266300.000000
2017-04-10	-0.007213	0.014515	0.020013	0.005901	-1.272629	2309300.000000
2017-04-07	0.008344	0.019495	0.023495	0.013037	1.460083	2806900.000000
2017-04-06	0.001638	0.016413	0.020191	0.013894	0.286072	2343600.000000
2017-04-05	-0.009065	0.015367	0.022061	0.003398	-1.598145	2567200.000000
2017-04-04	0.011605	0.014985	0.025945	0.014297	2.022355	2326500.000000
2017-04-03	-0.001187	0.014926	0.018652	0.005871	-0.207169	2934800.000000
2017-03-31	-0.006293	0.013893	0.014804	0.007002	-1.104904	2032700.000000
2017-03-30	0.001970	0.011497	0.018573	0.011326	0.345276	1737200.000000
2017-03-29	0.001522	0.013894	0.017266	0.011437	0.266372	1640600.000000
2017-03-28	0.007155	0.014759	0.022760	0.007334	1.242997	2412600.000000
2017-03-27	0.001593	0.005306	0.017240	0.001731	0.276229	2750700.000000
2017-03-24	-0.008124	0.011321	0.015209	-0.000574	-1.420578	2386800.000000
2017-03-23	0.001582	0.015727	0.018648	0.011432	0.276215	2006400.000000
2017-03-22	0.005797	0.013665	0.020233	0.011015	1.006256	2505700.000000
2017-03-21	-0.019120	0.017056	0.018525	-0.008315	-3.383758	3239600.000000
2017-03-20	-0.003942	0.013665	0.013947	0.008262	-0.700440	2062200.000000
2017-03-17	0.010719	0.014348	0.026124	0.013552	1.884262	5037400.000000
2017-03-16	-0.002910	0.019961	0.020982	0.007596	-0.513000	3100700.000000
2017-03-15	-0.000112	0.015197	0.016558	0.009355	-0.019715	3569000.000000
2017-03-14	-0.001787	0.010778	0.017289	0.006079	-0.315689	2346700.000000
2017-03-13	0.001959	0.004930	0.016445	0.004419	0.345291	3499000.000000
2017-03-10	-0.010356	0.021132	0.021525	-0.001211	-1.844802	4595600.000000
2017-03-09	-0.006438	0.011936	0.018406	0.001618	-1.154236	3100500.000000
2017-03-08	-0.001538	0.015782	0.017397	0.010714	-0.276215	2321700.000000
2017-03-07	0.006025	0.012041	0.024366	0.011929	1.075318	2452000.000000
2017-03-06	-0.006861	0.009325	0.014333	0.003928	-1.233155	4244000.000000
2017-03-03	-0.004427	0.013665	0.016934	0.005135	-0.799087	3917500.000000
2017-03-02	-0.005002	0.014162	0.023587	0.008484	-0.907593	4909000.000000
2017-03-01	0.020418	0.022777	0.039369	0.022608	3.630402	5461800.000000
2017-02-28	0.004458	0.018806	0.027789	0.015021	0.789199	4785100.000000
2017-02-27	0.011215	0.016865	0.027604	0.014294	1.963166	2892600.000000
2017-02-24	0.003279	0.013035	0.024785	0.009310	0.572189	4197200.000000
2017-02-23	0.008554	0.017192	0.023145	0.015631	1.479782	3502600.000000
2017-02-22	-0.001139	0.010317	0.014762	0.004716	-0.197311	2832100.000000
2017-02-21	0.016502	0.020767	0.033973	0.019358	2.811569	4231700.000000
2017-02-17	0.011123	0.011292	0.028146	0.011232	1.874390	4982900.000000
2017-02-16	0.008919	0.016300	0.022706	0.010372	1.489654	3070100.000000
2017-02-15	0.004748	0.013184	0.022388	0.012763	0.789200	4033200.000000
2017-02-14	0.002797	0.011675	0.018311	0.008779	0.463669	2580300.000000
2017-02-13	0.010828	0.015007	0.030984	0.014397	1.775741	3765000.000000
2017-02-10	0.011870	0.019651	0.027055	0.014838	1.923706	2689700.000000
2017-02-09	0.002869	0.018987	0.021586	0.015212	0.463669	3451100.000000
2017-02-08	-0.007693	0.013174	0.014648	0.005130	-1.252884	3041600.000000
2017-02-07	0.015368	0.028744	0.043833	0.027934	2.464829	4243200.000000
2017-02-06	0.009729	0.022511	0.032961	0.022259	1.545410	3110500.000000
2017-02-03	0.000863	0.026985	0.030576	0.022700	0.136932	2981700.000000
2017-02-02	-0.010429	0.017709	0.022385	0.002744	-1.672561	3791700.000000
2017-02-01	0.003366	0.027578	0.037337	0.020508	0.537964	3138000.000000
2017-01-31	-0.012986	0.018618	0.019483	0.007874	-2.102952	5350700.000000
2017-01-30	-0.012701	0.011533	0.011960	-0.001270	-2.083343	5456300.000000
2017-01-27	-0.008396	0.022929	0.026496	0.009629	-1.388901	4883200.000000
2017-01-26	0.010516	0.021713	0.038512	0.021713	1.721451	5436800.000000
2017-01-25	0.042417	0.041744	0.073966	0.039515	6.660904	7480000.000000
2017-01-24	0.017169	0.027178	0.042400	0.022385	2.650665	3927500.000000
2017-01-23	-0.010594	0.018604	0.022193	0.008029	-1.653000	3931200.000000
2017-01-20	0.003333	0.027593	0.030744	0.017434	0.518387	3384500.000000
2017-01-19	0.004295	0.025936	0.032394	0.019737	0.665100	3144000.000000
2017-01-18	0.004123	0.021607	0.031333	0.016419	0.635804	2087000.000000
2017-01-17	-0.007304	0.018330	0.023737	0.012086	-1.134629	2758800.000000
2017-01-13	0.003412	0.025292	0.030717	0.022708	0.528198	2435400.000000
2017-01-12	-0.006964	0.020781	0.020846	0.004875	-1.085693	3020500.000000
2017-01-11	0.002074	0.025406	0.026434	0.017307	0.322754	2416500.000000
2017-01-10	0.004737	0.026518	0.032846	0.023999	0.733566	2988300.000000
2017-01-09	-0.004903	0.021742	0.023284	0.016409	-0.762924	2839400.000000
2017-01-06	0.002457	0.024124	0.028505	0.017102	0.381470	2426000.000000
2017-01-05	0.000567	0.021031	0.029346	0.014521	0.088043	2796000.000000
2017-01-04	0.010512	0.027856	0.037105	0.027856	1.613876	3189800.000000
2017-01-03	0.008286	0.026457	0.031973	0.019298	1.261765	3426100.000000
2016-12-30	-0.000064	0.027638	0.029608	0.017591	-0.009796	2027700.000000
2016-12-29	-0.002627	0.021730	0.026642	0.016228	-0.401047	1804000.000000
2016-12-28	-0.008763	0.020048	0.021541	0.012841	-1.349747	1810400.000000
2016-12-27	-0.002091	0.026272	0.026726	0.016554	-0.322784	1858700.000000
2016-12-23	0.002223	0.027644	0.027644	0.016216	0.342316	2132600.000000
2016-12-22	-0.000127	0.029007	0.032188	0.014400	-0.019532	3958500.000000
2016-12-21	0.006970	0.024346	0.036179	0.024085	1.066117	2326000.000000
2016-12-20	0.001345	0.027491	0.033579	0.020879	0.205413	2270100.000000
2016-12-19	0.010874	0.026752	0.039590	0.026157	1.643219	3002800.000000
2016-12-16	0.004747	0.023116	0.037212	0.018196	0.714005	5888300.000000
2016-12-15	-0.004532	0.018811	0.027481	0.013053	-0.684677	2889300.000000
2016-12-14	-0.013979	0.019579	0.020492	0.006200	-2.142044	3640200.000000
2016-12-13	-0.003181	0.035005	0.041316	0.007553	-0.489044	5650400.000000
2016-12-12	0.004281	0.019184	0.032250	0.008077	0.655319	4250600.000000
2016-12-09	0.007079	0.024095	0.032188	0.022582	1.075912	2707900.000000
2016-12-08	0.008110	0.025436	0.034523	0.022385	1.222641	2928400.000000
2016-12-07	0.012480	0.018557	0.036286	0.014528	1.858399	2955800.000000
2016-12-06	0.000526	0.013516	0.025610	0.008006	0.078247	3476300.000000
2016-12-05	-0.000591	0.029033	0.032458	0.019699	-0.088043	2855900.000000
2016-12-02	-0.000919	0.022787	0.023056	0.013864	-0.136918	2105600.000000
2016-12-01	0.012155	0.023607	0.036849	0.021231	1.789933	2843900.000000
2016-11-30	-0.007122	0.022048	0.032094	0.015103	-1.056351	3991000.000000
2016-11-29	0.012486	0.022794	0.038359	0.017879	1.829041	3945600.000000
2016-11-28	-0.001799	0.015298	0.022726	0.010665	-0.264069	4728800.000000
2016-11-25	0.002003	0.024160	0.025184	0.017537	0.293426	962300.000000
2016-11-23	0.001471	0.023000	0.031206	0.019034	0.215180	2857500.000000
2016-11-22	0.017004	0.028504	0.041439	0.028365	2.445251	3770000.000000
2016-11-21	0.004578	0.028393	0.037335	0.023572	0.655335	2825900.000000
2016-11-18	0.007019	0.021330	0.031319	0.016265	0.997680	2214400.000000
2016-11-17	-0.007580	0.025108	0.027132	0.012331	-1.085708	3656100.000000
2016-11-16	-0.011275	0.016794	0.024456	0.008786	-1.633438	3559700.000000
2016-11-15	-0.012534	0.011819	0.018704	0.003299	-1.838852	3856600.000000
2016-11-14	0.009898	0.020251	0.033192	0.020251	1.437836	4490900.000000
2016-11-11	0.005620	0.018439	0.028684	0.014562	0.811828	3532300.000000
2016-11-10	0.017920	0.032391	0.052333	0.031545	2.543076	6508300.000000
2016-11-09	0.020323	0.018071	0.048628	0.017640	2.826721	5494400.000000
2016-11-08	0.001832	0.022241	0.032253	0.017703	0.254303	2777300.000000
2016-11-07	0.025011	0.044707	0.056520	0.044633	3.387588	3228200.000000
2016-11-04	-0.003428	0.023540	0.036343	0.021260	-0.465927	2951500.000000
2016-11-03	-0.005187	0.030309	0.031334	0.019989	-0.708587	2280800.000000
2016-11-02	-0.011656	0.027270	0.033564	0.017070	-1.611267	2782100.000000
2016-11-01	-0.000141	0.033997	0.040869	0.025751	-0.019425	3245000.000000
2016-10-31	-0.004056	0.030524	0.032686	0.024041	-0.562958	3075900.000000
2016-10-28	-0.002093	0.033184	0.035196	0.022041	-0.291198	4636100.000000
2016-10-27	-0.015322	0.032289	0.035120	0.003620	-2.164551	7857100.000000
2016-10-26	0.046900	0.025864	0.083371	0.013191	6.328628	13272000.000000
2016-10-25	0.011422	0.030836	0.045002	0.029487	1.523941	5209100.000000
2016-10-24	0.013419	0.036161	0.054923	0.036161	1.766556	3814200.000000
2016-10-21	-0.001546	0.021742	0.032891	0.018177	-0.203811	2205000.000000
2016-10-20	-0.002497	0.028269	0.034548	0.024108	-0.330018	2539700.000000
2016-10-19	0.007994	0.032676	0.044344	0.031990	1.048279	2265900.000000
2016-10-18	0.008209	0.038155	0.043614	0.037309	1.067734	2271000.000000
2016-10-17	0.003745	0.030236	0.044744	0.028924	0.485321	2435100.000000
2016-10-14	0.000900	0.039350	0.044680	0.031008	0.116455	2317400.000000
2016-10-13	0.001652	0.024511	0.036193	0.016542	0.213562	3544200.000000
2016-10-12	-0.004337	0.030390	0.034396	0.024535	-0.562988	2264200.000000
2016-10-11	-0.015459	0.023410	0.029098	0.010745	-2.038345	3607300.000000
2016-10-10	0.014867	0.035932	0.053481	0.035932	1.931579	3343300.000000
2016-10-07	-0.004240	0.026481	0.032076	0.015827	-0.553253	4302000.000000
2016-10-06	-0.001782	0.031537	0.032837	0.022738	-0.232971	3614900.000000
2016-10-05	0.018223	0.035533	0.050880	0.032573	2.339279	3137500.000000
2016-10-04	-0.000982	0.033271	0.036851	0.024866	-0.126190	2829200.000000
2016-10-03	0.004858	0.026639	0.037900	0.022416	0.621216	2439400.000000
2016-09-30	0.005419	0.038570	0.042816	0.032123	0.689178	3118900.000000
2016-09-29	-0.009075	0.026886	0.034521	0.018160	-1.164780	2199400.000000
2016-09-28	0.006930	0.032354	0.038395	0.024509	0.883286	1773000.000000
2016-09-27	0.005744	0.028027	0.039468	0.024634	0.727981	1939000.000000
2016-09-26	-0.009182	0.024685	0.028672	0.019682	-1.174491	2219900.000000
2016-09-23	-0.000682	0.025392	0.033517	0.023517	-0.087357	2330700.000000
2016-09-22	0.010034	0.037259	0.045387	0.035049	1.271553	3253100.000000
2016-09-21	0.021676	0.033380	0.053132	0.033380	2.688705	3227800.000000
2016-09-20	0.002432	0.034034	0.038479	0.030963	0.300904	2639300.000000
2016-09-19	0.006156	0.036741	0.043246	0.034871	0.757103	3168100.000000
2016-09-16	-0.008374	0.029752	0.029752	0.018706	-1.038590	8035600.000000
2016-09-15	0.000783	0.029429	0.036611	0.024345	0.097069	3462400.000000
2016-09-14	-0.008465	0.031436	0.034637	0.018874	-1.058006	3955400.000000
2016-09-13	-0.010452	0.023110	0.029444	0.015509	-1.320099	4552400.000000
2016-09-12	0.012371	0.017010	0.047469	0.012442	1.543342	6381100.000000
2016-09-09	-0.032882	0.022794	0.022794	-0.003717	-4.241744	4892900.000000
2016-09-08	0.001960	0.027751	0.032333	0.021459	0.252380	2618300.000000
2016-09-07	-0.002632	0.026285	0.030933	0.022567	-0.339752	2198700.000000
2016-09-06	0.013952	0.033928	0.044610	0.031100	1.776291	4151800.000000
2016-09-02	0.009700	0.038088	0.046574	0.035629	1.223022	2631000.000000
2016-09-01	0.003476	0.034852	0.034852	0.021561	0.436813	2807200.000000
2016-08-31	-0.010397	0.030394	0.030394	0.017083	-1.320091	3639200.000000
2016-08-30	-0.015726	0.032484	0.034422	0.013027	-2.028663	3437300.000000
2016-08-29	0.005067	0.034054	0.040754	0.030937	0.650344	2380000.000000
2016-08-26	-0.005640	0.034265	0.038758	0.021249	-0.727981	1973700.000000
2016-08-25	-0.002326	0.030313	0.030313	0.023512	-0.300919	1921400.000000
2016-08-24	-0.006337	0.029238	0.034153	0.022018	-0.825058	2135900.000000
2016-08-23	-0.006297	0.032755	0.040768	0.019933	-0.825058	3481900.000000
2016-08-22	0.004091	0.029163	0.039662	0.025638	0.533859	2520500.000000
2016-08-19	-0.004148	0.026420	0.030236	0.021384	-0.543548	1922600.000000
2016-08-18	0.002078	0.030236	0.039719	0.028783	0.271774	2030800.000000
2016-08-17	-0.002074	0.029091	0.030160	0.023444	-0.271774	2854600.000000
2016-08-16	0.002525	0.026334	0.034444	0.020596	0.330002	2759200.000000
2016-08-15	0.011721	0.034880	0.044943	0.033719	1.514221	2812600.000000
2016-08-12	0.000752	0.029461	0.036278	0.027370	0.097076	2522600.000000
2016-08-11	0.005443	0.034675	0.040205	0.030392	0.698853	2275700.000000
2016-08-10	0.005702	0.034701	0.045901	0.031646	0.727989	2642200.000000
2016-08-09	0.003253	0.043017	0.045060	0.039088	0.413963	3013900.000000
2016-08-08	0.003492	0.042007	0.048394	0.038932	0.442841	2443800.000000
2016-08-05	0.003963	0.046691	0.048511	0.037190	0.500572	3119500.000000
2016-08-04	-0.005005	0.039798	0.044130	0.031606	-0.635353	3008500.000000
2016-08-03	0.002052	0.040116	0.045483	0.038931	0.259903	2359300.000000
2016-08-02	-0.012086	0.036746	0.040255	0.024269	-1.549896	3156800.000000
2016-08-01	-0.003367	0.035276	0.043204	0.031313	-0.433212	3067300.000000
2016-07-29	0.004887	0.039086	0.044943	0.033229	0.625747	3559100.000000
2016-07-28	-0.021698	0.034495	0.038010	0.012720	-2.839889	5142400.000000
2016-07-27	0.008231	0.048711	0.074208	0.045398	1.068557	5661700.000000
2016-07-26	0.014367	0.038461	0.054636	0.035414	1.838700	4667300.000000
2016-07-25	-0.003971	0.036517	0.037451	0.030291	-0.510193	3078600.000000
2016-07-22	-0.000449	0.024926	0.038463	0.015747	-0.057770	4844900.000000
2016-07-21	-0.008833	0.039082	0.040778	0.025743	-1.145584	2814100.000000
2016-07-20	0.000446	0.037925	0.042785	0.033991	0.057755	2669400.000000
2016-07-19	0.009218	0.034725	0.056212	0.034103	1.184097	3390000.000000
2016-07-18	0.007856	0.038695	0.050543	0.035321	1.001190	3338400.000000
2016-07-15	0.006385	0.040748	0.048249	0.037984	0.808640	2944900.000000
2016-07-14	0.011067	0.050909	0.053224	0.039492	1.386238	3984100.000000
2016-07-13	-0.005351	0.042506	0.043380	0.027339	-0.673859	3061400.000000
2016-07-12	-0.009315	0.044753	0.046326	0.025321	-1.184082	4318400.000000
2016-07-11	0.014989	0.044762	0.064006	0.044443	1.877197	3929900.000000
2016-07-08	0.022961	0.050455	0.065648	0.042776	2.811020	3597800.000000
2016-07-07	0.001654	0.038446	0.048674	0.033046	0.202164	3049400.000000
2016-07-06	-0.000079	0.041064	0.041555	0.014148	-0.009644	3981700.000000
2016-07-05	-0.020973	0.028681	0.033247	0.014264	-2.618469	4829400.000000
2016-07-01	-0.001386	0.036134	0.042533	0.033095	-0.173264	3247900.000000
2016-06-30	0.022679	0.039510	0.062332	0.039510	2.772492	4110800.000000
2016-06-29	0.025022	0.052189	0.067533	0.041038	2.984283	4916700.000000
2016-06-28	0.009698	0.054012	0.056214	0.038774	1.145584	4438100.000000
2016-06-27	-0.030193	0.031877	0.032452	0.004537	-3.677413	6169000.000000
2016-06-24	-0.052639	-0.003306	0.006417	-0.018318	-6.767586	9707300.000000
2016-06-23	0.013508	0.055644	0.060689	0.046341	1.713539	4113900.000000
2016-06-22	0.001901	0.043355	0.051727	0.039248	0.240684	2640800.000000
2016-06-21	-0.009266	0.042217	0.042921	0.028914	-1.184089	2841100.000000
2016-06-20	0.022570	0.051096	0.071420	0.049896	2.820625	4331900.000000
2016-06-17	0.003478	0.042467	0.043752	0.034277	0.433197	6739600.000000
2016-06-16	-0.006069	0.032070	0.036619	0.012756	-0.760506	4066100.000000
2016-06-15	-0.002605	0.041798	0.048803	0.034555	-0.327316	3324800.000000
2016-06-14	0.004464	0.036455	0.044211	0.027420	0.558365	3717000.000000
2016-06-13	-0.009303	0.036001	0.041704	0.028793	-1.174477	3645000.000000
2016-06-10	-0.014726	0.028316	0.031125	0.017467	-1.886840	3828600.000000
2016-06-09	0.000752	0.031744	0.045178	0.030339	0.096283	3811200.000000
2016-06-08	0.008110	0.043419	0.051372	0.039640	1.030067	3883700.000000
2016-06-07	0.000227	0.042790	0.050508	0.038144	0.028870	4424000.000000
2016-06-06	0.035484	0.040568	0.077102	0.039345	4.351287	6996200.000000
2016-06-03	0.004178	0.035252	0.044752	0.031404	0.510216	5476600.000000
2016-06-02	0.003481	0.040746	0.043868	0.029817	0.423569	4802100.000000
2016-06-01	0.002061	0.037538	0.041656	0.027492	0.250290	4679600.000000
2016-05-31	-0.023758	0.044079	0.044883	0.013210	-2.955391	6894400.000000
2016-05-27	-0.000696	0.035962	0.041907	0.034918	-0.086647	2995100.000000
2016-05-26	0.003492	0.035710	0.047157	0.034421	0.433197	2586300.000000
2016-05-25	0.010667	0.042847	0.057349	0.037715	1.309234	4656700.000000
2016-05-24	-0.000627	0.040239	0.048788	0.028515	-0.077011	5102400.000000
2016-05-23	0.001491	0.038855	0.047091	0.026461	0.182907	3977700.000000
2016-05-20	-0.005387	0.047290	0.048263	0.031718	-0.664245	3297700.000000
2016-05-19	-0.022215	0.032826	0.034333	0.007846	-2.801384	5061600.000000
2016-05-18	-0.011844	0.037912	0.043632	0.021377	-1.511376	4060400.000000
2016-05-17	-0.011779	0.034747	0.041484	0.021892	-1.521041	4032000.000000
2016-05-16	0.015289	0.034921	0.056779	0.034292	1.944618	3165400.000000
2016-05-13	-0.017111	0.033519	0.042792	0.019377	-2.214165	3965900.000000
2016-05-12	0.010677	0.042601	0.054707	0.042601	1.367005	4591300.000000
2016-05-11	-0.004715	0.040173	0.049346	0.033410	-0.606492	3284100.000000
2016-05-10	0.019833	0.055809	0.072140	0.052717	2.501801	3382700.000000
2016-05-09	-0.008705	0.043632	0.051569	0.035930	-1.107674	3431100.000000
2016-05-06	0.008934	0.047485	0.059537	0.044710	1.126770	2459900.000000
2016-05-05	0.009092	0.053968	0.061248	0.049087	1.136307	4199200.000000
2016-05-04	-0.012076	0.040133	0.045824	0.031754	-1.527801	3340500.000000
2016-05-03	-0.011342	0.037010	0.041777	0.027319	-1.451432	4006100.000000
2016-05-02	-0.005861	0.043984	0.048801	0.035050	-0.754356	3703800.000000
2016-04-29	0.000000	0.044295	0.050587	0.031787	0.000000	3716700.000000
2016-04-28	-0.016633	0.041211	0.052136	0.027536	-2.177139	4938800.000000
2016-04-27	0.028820	0.046932	0.083795	0.037107	3.666732	6930800.000000
2016-04-26	0.019044	0.051252	0.067431	0.049730	2.377678	6103400.000000
2016-04-25	-0.002289	0.042452	0.046847	0.033342	-0.286461	4600100.000000
2016-04-22	0.002371	0.050050	0.055978	0.045324	0.296021	3858100.000000
2016-04-21	0.001302	0.050535	0.063849	0.045081	0.162331	4799600.000000
2016-04-20	-0.015903	0.014649	0.036828	0.014175	-2.014801	6799000.000000
2016-04-19	0.005380	0.052008	0.062166	0.049151	0.677963	2931000.000000
2016-04-18	0.006406	0.047247	0.056192	0.040778	0.802101	3056000.000000
2016-04-15	0.002140	0.048047	0.053249	0.045886	0.267349	5008700.000000
2016-04-14	-0.002211	0.050122	0.053715	0.042375	-0.276901	4527600.000000
2016-04-13	0.012899	0.055497	0.063667	0.049997	1.594650	3514800.000000
2016-04-12	0.012196	0.044873	0.067470	0.037176	1.489632	4239200.000000
2016-04-11	0.000235	0.050277	0.063789	0.045609	0.028641	3611700.000000
2016-04-08	0.006929	0.055823	0.072150	0.052277	0.840309	3939800.000000
2016-04-07	-0.007270	0.039634	0.055515	0.036032	-0.888046	4596300.000000
2016-04-06	0.007085	0.048319	0.055573	0.036694	0.859397	3998000.000000
2016-04-05	0.005462	0.045672	0.065897	0.040947	0.658883	4660100.000000
2016-04-04	-0.004884	0.043782	0.055578	0.038338	-0.592057	5036500.000000
2016-04-01	0.000158	0.041389	0.048484	0.032149	0.019112	5328000.000000
2016-03-31	-0.012755	0.043256	0.045618	0.020125	-1.566017	8758300.000000
2016-03-30	-0.017573	0.052048	0.062050	0.024362	-2.196244	5949000.000000
2016-03-29	-0.003123	0.035601	0.044375	0.022440	-0.391487	4910200.000000
2016-03-28	-0.006282	0.050497	0.051210	0.034802	-0.792556	3352200.000000
2016-03-24	-0.005570	0.037394	0.042281	0.024940	-0.706620	4573100.000000
2016-03-23	-0.016726	0.046239	0.046317	0.028801	-2.158043	4361200.000000
2016-03-22	-0.005447	0.041697	0.049097	0.038922	-0.706604	4989000.000000
2016-03-21	0.014183	0.043338	0.069292	0.042791	1.814255	5671400.000000
2016-03-18	0.024943	0.051574	0.079137	0.049731	3.112946	9108400.000000
2016-03-17	0.024536	0.051351	0.080330	0.046015	2.988792	5801000.000000
2016-03-16	0.009576	0.046252	0.061916	0.042191	1.155411	5154700.000000
2016-03-15	0.000158	0.040699	0.047496	0.029591	0.019112	3717500.000000
2016-03-14	0.013720	0.041365	0.067162	0.040777	1.632835	4283400.000000
2016-03-11	0.013747	0.057384	0.069054	0.055084	1.613754	3260100.000000
2016-03-10	0.000651	0.049633	0.055430	0.035058	0.076393	4111300.000000
2016-03-09	0.004168	0.047504	0.055036	0.044508	0.486985	3380300.000000
2016-03-08	-0.004475	0.039407	0.047843	0.033698	-0.525177	5257300.000000
2016-03-07	0.015115	0.044911	0.066709	0.042922	1.747436	4504700.000000
2016-03-04	0.012206	0.052150	0.070186	0.049348	1.394135	4421500.000000
2016-03-03	-0.000334	0.040157	0.047947	0.034993	-0.038193	3404600.000000
2016-03-02	-0.002584	0.044366	0.054143	0.034501	-0.296021	4292500.000000
2016-03-01	0.015062	0.054602	0.072147	0.047867	1.699692	4595400.000000
2016-02-29	0.000169	0.046892	0.058857	0.041397	0.019097	4569700.000000
2016-02-26	0.011471	0.055584	0.070824	0.053343	1.279548	3757800.000000
2016-02-25	0.010641	0.054132	0.065457	0.048968	1.174515	4667100.000000
2016-02-24	-0.011206	0.033540	0.038826	0.007919	-1.250900	6859300.000000
2016-02-23	-0.004174	0.043500	0.057149	0.034222	-0.467903	3762300.000000
2016-02-22	0.019364	0.047247	0.081894	0.047247	2.129394	4930300.000000
2016-02-19	-0.020498	0.044931	0.045109	0.019188	-2.301269	6920600.000000
2016-02-18	0.010573	0.052378	0.064260	0.050307	1.174514	6489000.000000
2016-02-17	0.033215	0.060547	0.086588	0.060175	3.571274	6619600.000000
2016-02-16	0.036546	0.057851	0.087062	0.050814	3.790871	7587700.000000
2016-02-12	0.001752	0.015184	0.060767	0.014025	0.181434	12973400.000000
2016-02-11	-0.068065	0.018627	0.020607	-0.081094	-7.562690	33735600.000000
2016-02-10	-0.012140	0.050536	0.062094	0.033733	-1.365479	4888600.000000
2016-02-09	-0.004938	0.043756	0.061450	0.038890	-0.558212	4137600.000000
2016-02-08	-0.025212	0.040639	0.046330	0.011145	-2.923546	6453600.000000
2016-02-05	-0.008494	0.057109	0.061726	0.034877	-0.993431	6186700.000000
2016-02-04	0.014277	0.050433	0.083303	0.050433	1.646263	5837000.000000
2016-02-03	0.037015	0.068450	0.098399	0.053610	4.115654	7361900.000000
2016-02-02	-0.033235	0.040679	0.045808	0.020507	-3.822357	8646700.000000
2016-02-01	0.011904	0.052627	0.075942	0.043916	1.352974	6812800.000000
2016-01-29	0.017964	0.058102	0.076373	0.057027	2.005783	9195700.000000
2016-01-28	0.012266	0.061652	0.070084	0.043157	1.352974	10708400.000000
2016-01-27	-0.089290	-0.010024	-0.008290	-0.050316	-10.814255	27945900.000000
2016-01-26	0.032255	0.065205	0.092223	0.061114	3.784515	5432600.000000
2016-01-25	-0.004815	0.056853	0.062281	0.046675	-0.567688	4551600.000000
2016-01-22	0.009805	0.065674	0.076466	0.056252	1.144814	5259900.000000
2016-01-21	0.010316	0.062389	0.090167	0.051746	1.192131	5546200.000000
2016-01-20	-0.031096	0.039666	0.047547	0.004619	-3.708816	7636600.000000
2016-01-19	0.003423	0.068969	0.070315	0.052563	0.406829	5478900.000000
2016-01-15	-0.027632	0.029124	0.040086	0.018571	-3.377678	6453300.000000
2016-01-14	0.008429	0.069065	0.073024	0.037881	1.021805	6517800.000000
2016-01-13	-0.028805	0.063187	0.064629	0.023528	-3.595283	5073100.000000
2016-01-12	0.013133	0.068058	0.072847	0.052311	1.617866	4171500.000000
2016-01-11	0.001692	0.063930	0.065150	0.048238	0.208153	5551500.000000
2016-01-08	-0.022705	0.062421	0.073546	0.031430	-2.857300	5776900.000000
2016-01-07	-0.041922	0.038286	0.040493	0.008823	-5.506454	7013700.000000
2016-01-06	-0.015879	0.040155	0.044051	0.028392	-2.119370	4254100.000000
2016-01-05	0.004057	0.060624	0.065965	0.051446	0.539322	3357000.000000
2016-01-04	-0.028287	0.033473	0.035812	0.019219	-3.869675	5719500.000000
2015-12-31	-0.012431	0.053689	0.053689	0.043149	-1.721954	2096700.000000
2015-12-30	-0.006380	0.056005	0.061600	0.047326	-0.889389	1619000.000000
2015-12-29	0.019441	0.060740	0.079021	0.060301	2.658630	3133600.000000
2015-12-28	0.007037	0.054950	0.065333	0.051930	0.955613	1980000.000000
2015-12-24	-0.003679	0.053563	0.055984	0.051802	-0.501450	1185000.000000
2015-12-23	0.011799	0.062134	0.069483	0.060130	1.589478	3353900.000000
2015-12-22	0.010504	0.063089	0.071115	0.053937	1.400283	2791700.000000
2015-12-21	0.009457	0.061708	0.074808	0.057847	1.248902	3746400.000000
2015-12-18	-0.041083	0.048587	0.048587	0.008506	-5.657868	9952000.000000
2015-12-17	-0.017217	0.062218	0.068998	0.038312	-2.412643	3448800.000000
2015-12-16	0.010783	0.067397	0.071941	0.054774	1.494903	3316000.000000
2015-12-15	0.024685	0.076598	0.087242	0.065216	3.339829	4705300.000000
2015-12-14	-0.011202	0.056061	0.056061	0.033843	-1.532715	4845000.000000
2015-12-11	-0.012226	0.046759	0.051812	0.037519	-1.693573	3684700.000000
2015-12-10	0.015044	0.059722	0.080533	0.056352	2.053085	3273400.000000
2015-12-09	-0.005173	0.054095	0.062041	0.037110	-0.709594	5124600.000000
2015-12-08	-0.023307	0.045332	0.048252	0.029882	-3.273606	5021100.000000
2015-12-07	-0.000337	0.055514	0.064055	0.048539	-0.047302	3417700.000000
2015-12-04	0.020198	0.062674	0.080319	0.060786	2.781616	3892900.000000
2015-12-03	-0.009526	0.057585	0.061756	0.037663	-1.324585	3008700.000000
2015-12-02	-0.005280	0.055579	0.059012	0.047208	-0.737976	2648800.000000
2015-12-01	0.015744	0.064858	0.085641	0.064350	2.166642	3444300.000000
2015-11-30	-0.010208	0.057082	0.059167	0.045502	-1.419190	3176700.000000
2015-11-27	-0.003256	0.057440	0.060809	0.051561	-0.454147	1282100.000000
2015-11-25	-0.008207	0.059711	0.060493	0.047908	-1.154282	1852200.000000
2015-11-24	0.002090	0.050882	0.065844	0.048958	0.293320	2626600.000000
2015-11-23	-0.007095	0.056867	0.059060	0.044982	-1.002899	3183700.000000
2015-11-20	0.001072	0.061187	0.066499	0.056088	0.151367	3210200.000000
2015-11-19	0.006474	0.060573	0.065491	0.056795	0.908264	2492600.000000
2015-11-18	0.015061	0.058096	0.073652	0.058023	2.081528	3101100.000000
2015-11-17	0.011494	0.063305	0.072819	0.058548	1.570541	3038300.000000
2015-11-16	0.012834	0.056864	0.071096	0.055011	1.731430	2378300.000000
2015-11-13	0.000351	0.055381	0.066948	0.051896	0.047333	3063800.000000
2015-11-12	-0.016898	0.042431	0.052637	0.032153	-2.318054	3796800.000000
2015-11-11	-0.001102	0.057302	0.061889	0.052350	-0.151367	1579600.000000
2015-11-10	-0.005686	0.051870	0.058096	0.042819	-0.785279	2524100.000000
2015-11-09	-0.013249	0.049508	0.053651	0.037219	-1.854431	2980800.000000
2015-11-06	-0.000203	0.047009	0.058366	0.042938	-0.028381	2294100.000000
2015-11-05	-0.001485	0.056938	0.061574	0.044813	-0.208161	2545400.000000
2015-11-04	0.006862	0.057512	0.068284	0.056938	0.955612	2771500.000000
2015-11-03	-0.002089	0.060821	0.063903	0.054443	-0.291488	2470000.000000
2015-11-02	0.002229	0.065699	0.073528	0.059810	0.310287	2516700.000000
2015-10-30	0.006047	0.065062	0.080959	0.062822	0.836869	3938000.000000
2015-10-29	-0.004734	0.061028	0.063401	0.048730	-0.658219	3072100.000000
2015-10-28	-0.003907	0.060106	0.065980	0.039691	-0.545349	4408300.000000
2015-10-27	0.011997	0.059993	0.080074	0.058471	1.654953	3411300.000000
2015-10-26	0.000000	0.059921	0.067315	0.055136	0.000000	3143400.000000
2015-10-23	0.002665	0.071177	0.073940	0.053297	0.366699	4691200.000000
2015-10-22	0.036263	0.069574	0.109946	0.069046	4.814408	6976300.000000
2015-10-21	0.016633	0.085067	0.088513	0.046090	2.172134	8927200.000000
2015-10-20	0.003323	0.059785	0.075074	0.057019	0.432541	4192900.000000
2015-10-19	0.005959	0.063473	0.071279	0.054121	0.771072	4022000.000000
2015-10-16	0.001529	0.063782	0.073845	0.056739	0.197480	3173700.000000
2015-10-15	0.023618	0.070921	0.090808	0.069653	2.980766	6368300.000000
2015-10-14	-0.043267	0.059379	0.068021	0.012607	-5.707695	8752300.000000
2015-10-13	-0.002772	0.054099	0.062112	0.054023	-0.366730	2339700.000000
2015-10-12	0.007015	0.065224	0.073902	0.060580	0.921509	1942200.000000
2015-10-09	0.004747	0.063473	0.072651	0.058272	0.620621	3065700.000000
2015-10-08	0.014742	0.060679	0.081557	0.056099	1.899429	2835700.000000
2015-10-07	0.017752	0.071846	0.087960	0.068449	2.247337	3263800.000000
2015-10-06	0.004552	0.064108	0.075534	0.060695	0.573609	3059600.000000
2015-10-05	0.011014	0.061226	0.076229	0.053765	1.372856	4587500.000000
2015-10-02	0.014930	0.050364	0.079595	0.046781	1.833649	3020500.000000
2015-10-01	-0.002596	0.066478	0.070295	0.047474	-0.319718	2878400.000000
2015-09-30	0.017087	0.076028	0.085444	0.070659	2.068680	3062500.000000
2015-09-29	0.004839	0.063307	0.071939	0.057995	0.583000	2935100.000000
2015-09-28	-0.021983	0.058846	0.059171	0.039283	-2.708107	4160000.000000
2015-09-25	0.009711	0.078390	0.079701	0.059620	1.184776	4149900.000000
2015-09-24	-0.014582	0.055800	0.056204	0.027208	-1.805389	5297800.000000
2015-09-23	-0.017315	0.068791	0.071489	0.044583	-2.181534	4907500.000000
2015-09-22	-0.014924	0.051510	0.051510	0.036108	-1.908851	3465000.000000
2015-09-21	-0.000514	0.066052	0.074100	0.054486	-0.065812	2460900.000000
2015-09-18	-0.009895	0.050320	0.065330	0.039874	-1.278839	7302700.000000
2015-09-17	0.001822	0.064713	0.084479	0.061457	0.235092	3405600.000000
2015-09-16	0.006603	0.063161	0.072289	0.061210	0.846268	2505000.000000
2015-09-15	0.013911	0.064185	0.083804	0.064185	1.758408	3761800.000000
2015-09-14	-0.001782	0.063868	0.067105	0.056050	-0.225678	2389600.000000
2015-09-11	0.008386	0.060367	0.073904	0.058217	1.053139	2628200.000000
2015-09-10	0.006785	0.060987	0.078866	0.060426	0.846298	2932200.000000
2015-09-09	-0.008743	0.077539	0.082784	0.050678	-1.100197	4713900.000000
2015-09-08	0.031289	0.084044	0.098141	0.081831	3.817704	3505800.000000
2015-09-04	-0.009617	0.051541	0.059171	0.044317	-1.184807	3746700.000000
2015-09-03	0.002986	0.077150	0.077476	0.062252	0.366737	3379500.000000
2015-09-02	0.025031	0.074071	0.090427	0.065976	2.999596	4809300.000000
2015-09-01	-0.024793	0.042965	0.049720	0.033037	-3.046608	5772700.000000
2015-08-31	-0.019213	0.056529	0.059163	0.040725	-2.407211	4231700.000000
2015-08-28	0.010389	0.059924	0.078392	0.055328	1.288238	4508800.000000
2015-08-27	0.019561	0.077780	0.088304	0.064460	2.378990	5754600.000000
2015-08-26	0.030680	0.096100	0.099659	0.061269	3.620209	6428400.000000
2015-08-25	-0.013366	0.086968	0.092988	0.048757	-1.598534	7159100.000000
2015-08-24	-0.034318	-0.001687	0.094075	-0.070319	-4.250229	9425800.000000
2015-08-21	-0.038753	0.046863	0.048493	0.020319	-4.993072	7957600.000000
2015-08-20	-0.039938	0.055276	0.057362	0.020105	-5.359802	6601400.000000
2015-08-19	-0.013001	0.054794	0.062590	0.046704	-1.767792	2957600.000000
2015-08-18	0.001108	0.063105	0.069142	0.058908	0.150467	1955500.000000
2015-08-17	-0.004480	0.059881	0.061787	0.047640	-0.611221	3746000.000000
2015-08-14	0.001934	0.062004	0.068320	0.055762	0.263290	2927100.000000
2015-08-13	0.016710	0.060486	0.086022	0.056753	2.237946	5129500.000000
2015-08-12	-0.011246	0.052399	0.055795	0.032540	-1.523285	4355800.000000
2015-08-11	-0.012409	0.050932	0.056692	0.044662	-1.701981	2816700.000000
2015-08-10	0.024154	0.073703	0.095955	0.073628	3.234695	3432600.000000
2015-08-07	-0.009735	0.059036	0.063621	0.047796	-1.316467	2953200.000000
2015-08-06	-0.007796	0.061638	0.065674	0.052247	-1.062561	2457000.000000
2015-08-05	0.016266	0.072942	0.085618	0.071973	2.181564	2926100.000000
2015-08-04	-0.001044	0.069215	0.079047	0.065416	-0.140182	1973000.000000
2015-08-03	-0.003329	0.072262	0.074564	0.058529	-0.448486	3088000.000000
2015-07-31	0.008111	0.075871	0.084552	0.072353	1.083847	3163500.000000
2015-07-30	-0.007840	0.064392	0.068624	0.055927	-1.055817	2644000.000000
2015-07-29	0.016430	0.075314	0.091390	0.074484	2.177048	3260400.000000
2015-07-28	0.005531	0.074659	0.078909	0.058723	0.728775	4138200.000000
2015-07-27	-0.021033	0.064017	0.064983	0.046039	-2.831070	3532100.000000
2015-07-24	-0.014031	0.068060	0.072895	0.054655	-1.915436	2455000.000000
2015-07-23	-0.002458	0.074131	0.081072	0.065289	-0.336349	4116000.000000
2015-07-22	0.010138	0.099044	0.101111	0.071070	1.373474	6238400.000000
2015-07-21	-0.011723	0.069309	0.069309	0.052021	-1.607086	4452600.000000
2015-07-20	-0.000817	0.072226	0.072882	0.063480	-0.112092	3016100.000000
2015-07-17	-0.011112	0.061320	0.062690	0.052455	-1.541702	3127100.000000
2015-07-16	0.010892	0.076815	0.084174	0.076670	1.494965	2509600.000000
2015-07-15	-0.005821	0.070258	0.070258	0.061058	-0.803559	2653900.000000
2015-07-14	0.007707	0.071280	0.082521	0.069017	1.055863	3388800.000000
2015-07-13	0.014811	0.081221	0.087073	0.078554	1.999481	2194200.000000
2015-07-10	0.011765	0.080301	0.088170	0.078277	1.569717	2192100.000000
2015-07-09	0.006201	0.085114	0.087452	0.076366	0.822251	2484400.000000
2015-07-08	-0.008593	0.065398	0.070258	0.058071	-1.149277	3386500.000000
2015-07-07	0.018716	0.072391	0.092498	0.067364	2.457382	3712000.000000
2015-07-06	0.002211	0.061174	0.074227	0.061022	0.289643	2093400.000000
2015-07-02	-0.003695	0.074517	0.076266	0.063794	-0.485886	2116500.000000
2015-07-01	0.014490	0.083837	0.088929	0.080288	1.878067	3260900.000000
2015-06-30	-0.000072	0.080518	0.080518	0.068021	-0.009354	3434800.000000
2015-06-29	-0.026319	0.058840	0.061545	0.040963	-3.503814	3755500.000000
2015-06-26	0.000211	0.074616	0.074691	0.066051	0.028045	3153300.000000
2015-06-25	-0.003847	0.072278	0.075946	0.065318	-0.513946	2153800.000000
2015-06-24	-0.009901	0.065293	0.073000	0.056030	-1.336106	3989100.000000
2015-06-23	-0.008716	0.074886	0.075767	0.056301	-1.186614	2864400.000000
2015-06-22	0.003927	0.077190	0.078222	0.069963	0.532562	2086100.000000
2015-06-19	-0.001720	0.068859	0.075558	0.067092	-0.233582	4837300.000000
2015-06-18	0.013596	0.073840	0.093390	0.073840	1.822006	3728900.000000
2015-06-17	0.007658	0.074243	0.082739	0.066949	1.018433	2775400.000000
2015-06-16	0.000351	0.063714	0.079961	0.063714	0.046707	2450600.000000
2015-06-15	-0.003571	0.064562	0.068684	0.058866	-0.476517	2631400.000000
2015-06-12	-0.001119	0.067712	0.069509	0.056258	-0.149490	2395200.000000
2015-06-11	0.009462	0.073205	0.088093	0.071240	1.252045	2924500.000000
2015-06-10	0.010849	0.074689	0.089356	0.071709	1.420212	2784400.000000
2015-06-09	-0.003840	0.069193	0.072921	0.064627	-0.504548	2647600.000000
2015-06-08	-0.000640	0.066531	0.074973	0.066227	-0.084106	2756600.000000
2015-06-05	-0.003258	0.069121	0.071622	0.061616	-0.429810	3215600.000000
2015-06-04	-0.018218	0.065867	0.065941	0.048973	-2.447982	3239500.000000
2015-06-03	0.003909	0.074218	0.083781	0.067568	0.523239	3752100.000000
2015-06-02	0.014159	0.071697	0.094580	0.065560	1.868683	4986500.000000
2015-06-01	0.005195	0.077341	0.081911	0.068354	0.682113	3897000.000000
2015-05-29	-0.012717	0.069732	0.069732	0.055144	-1.691192	6199200.000000
2015-05-28	-0.004686	0.066590	0.087397	0.059630	-0.626053	3103200.000000
2015-05-27	0.001401	0.074905	0.077378	0.068609	0.186889	2837100.000000
2015-05-26	-0.013880	0.066784	0.067449	0.050672	-1.878036	3476800.000000
2015-05-22	-0.017238	0.069604	0.069677	0.051736	-2.373291	3878000.000000
2015-05-21	0.006352	0.071281	0.079687	0.067919	0.868988	2676400.000000
2015-05-20	-0.004284	0.070913	0.072369	0.063344	-0.588654	2104000.000000
2015-05-19	0.002317	0.073686	0.077991	0.070404	0.317673	2366400.000000
2015-05-18	-0.001157	0.070258	0.072881	0.066032	-0.158829	2153200.000000
2015-05-15	-0.007299	0.070909	0.072717	0.058540	-1.009109	3368900.000000
2015-05-14	0.016069	0.079519	0.089588	0.077828	2.186401	3495800.000000
2015-05-13	0.001307	0.070111	0.078353	0.067830	0.177536	2679400.000000
2015-05-12	-0.003153	0.063289	0.071652	0.056466	-0.429825	3543900.000000
2015-05-11	0.002956	0.070920	0.080044	0.067830	0.401764	3969000.000000
2015-05-08	0.028058	0.081680	0.103918	0.081528	3.709382	7068000.000000
2015-05-07	0.003191	0.066616	0.078909	0.066008	0.420486	4868700.000000
2015-05-06	-0.006761	0.077870	0.078925	0.058425	-0.896988	5313500.000000
2015-05-05	-0.007707	0.075172	0.082202	0.064028	-1.030533	3670400.000000
2015-05-04	-0.004493	0.071011	0.078010	0.066023	-0.603470	8977500.000000
2015-05-01	0.009279	0.085157	0.090116	0.080874	1.234772	3556800.000000
2015-04-30	-0.019227	0.070483	0.075569	0.052059	-2.608826	4925300.000000
2015-04-29	-0.009220	0.073904	0.076752	0.065360	-1.262603	4761700.000000
2015-04-28	-0.001962	0.077845	0.081271	0.064072	-0.269242	4352900.000000
2015-04-27	-0.004043	0.078496	0.081472	0.072109	-0.557037	4603500.000000
2015-04-24	-0.009809	0.074745	0.077045	0.063821	-1.364761	4889200.000000
2015-04-23	-0.008731	0.074552	0.074552	0.066715	-1.225510	4080800.000000
2015-04-22	-0.013957	0.070302	0.074798	0.045645	-1.986801	8468900.000000
2015-04-21	0.004323	0.083043	0.087135	0.072390	0.612778	3772900.000000
2015-04-20	0.020521	0.087628	0.105556	0.087268	2.850189	3169100.000000
2015-04-17	-0.015595	0.069391	0.073289	0.059185	-2.200318	4671600.000000
2015-04-16	-0.003018	0.071675	0.077823	0.067365	-0.427078	2559900.000000
2015-04-15	-0.005091	0.085272	0.085272	0.070086	-0.724136	3687400.000000
2015-04-14	-0.000196	0.074937	0.079225	0.065519	-0.027878	2845800.000000
2015-04-13	-0.007384	0.073000	0.084931	0.067209	-1.058350	3034000.000000
2015-04-10	0.006257	0.078029	0.087928	0.075923	0.891251	3183000.000000
2015-04-09	0.000391	0.071919	0.079294	0.064966	0.055710	3966800.000000
2015-04-08	0.006828	0.076197	0.085461	0.076197	0.965561	2763400.000000
2015-04-07	0.009209	0.079543	0.095457	0.078615	1.290466	4299500.000000
2015-04-06	0.011053	0.068963	0.092774	0.067881	1.531860	3371500.000000
2015-04-02	0.004306	0.080740	0.090595	0.074725	0.594193	2934200.000000
2015-04-01	-0.009595	0.076327	0.076686	0.053720	-1.336899	4167600.000000
2015-03-31	-0.017158	0.073801	0.073942	0.057648	-2.432419	2975600.000000
2015-03-30	0.025865	0.086017	0.108377	0.085294	3.574356	3738700.000000
2015-03-27	0.004589	0.080170	0.085404	0.072173	0.631302	2600300.000000
2015-03-26	-0.000405	0.074210	0.081622	0.060622	-0.055694	3627400.000000
2015-03-25	-0.022552	0.075341	0.079886	0.052115	-3.175156	3747900.000000
2015-03-24	-0.007591	0.071125	0.075777	0.066825	-1.076950	3319300.000000
2015-03-23	-0.010939	0.080463	0.080463	0.065334	-1.569016	3029700.000000
2015-03-20	0.002531	0.083616	0.086762	0.079702	0.362076	4464300.000000
2015-03-19	-0.010402	0.071445	0.074350	0.062799	-1.503982	2539000.000000
2015-03-18	0.007896	0.073840	0.087434	0.060386	1.132644	4053600.000000
2015-03-17	0.005466	0.071579	0.086439	0.070528	0.779877	2927200.000000
2015-03-16	0.013855	0.082944	0.095735	0.082091	1.949600	2742900.000000
2015-03-13	-0.003091	0.076054	0.079596	0.061177	-0.436310	3569600.000000
2015-03-12	0.005755	0.077900	0.089586	0.077900	0.807694	2965100.000000
2015-03-11	-0.008201	0.077752	0.079025	0.068283	-1.160507	3395400.000000
2015-03-10	-0.015057	0.067024	0.072801	0.060899	-2.163178	3839600.000000
2015-03-09	0.010645	0.078383	0.094632	0.077328	1.513306	3433000.000000
2015-03-06	-0.008740	0.073281	0.081021	0.065541	-1.253372	3556200.000000
2015-03-05	0.000778	0.080676	0.088491	0.076837	0.111435	3327200.000000
2015-03-04	-0.007842	0.070539	0.074693	0.066246	-1.132645	4476200.000000
2015-03-03	0.011508	0.083490	0.098897	0.079708	1.643249	8656600.000000
2015-03-02	0.019556	0.077117	0.100680	0.076403	2.738816	4622800.000000
2015-02-27	-0.005800	0.071934	0.078252	0.068030	-0.816986	4330700.000000
2015-02-26	-0.008366	0.072189	0.072682	0.061630	-1.188385	5149300.000000
2015-02-25	-0.008874	0.076628	0.079628	0.061488	-1.271897	4800500.000000
2015-02-24	-0.002327	0.068485	0.077395	0.066466	-0.334259	4391700.000000
2015-02-23	-0.022551	0.054596	0.060855	0.043437	-3.314407	8653700.000000
2015-02-20	0.029659	0.077467	0.112705	0.077467	4.233551	9366000.000000
2015-02-19	0.017067	0.076261	0.098991	0.075905	2.395279	4384000.000000
2015-02-18	0.008338	0.075536	0.089330	0.073165	1.160492	3722100.000000
2015-02-17	0.001269	0.069851	0.078771	0.068412	0.176407	3622400.000000
2015-02-13	0.011074	0.076316	0.089845	0.073843	1.522583	3418600.000000
2015-02-12	0.001149	0.079592	0.081850	0.075369	0.157821	2998900.000000
2015-02-11	0.005370	0.079899	0.086268	0.076824	0.733475	3272700.000000
2015-02-10	0.003117	0.088332	0.092077	0.083191	0.424423	4034900.000000
2015-02-09	-0.002838	0.070304	0.084950	0.066423	-0.387558	4202900.000000
2015-02-06	-0.004037	0.083924	0.085894	0.077215	-0.553589	4398800.000000
2015-02-05	0.009374	0.084073	0.095925	0.078184	1.273316	4252600.000000
2015-02-04	-0.000815	0.073701	0.091502	0.073407	-0.110733	4766200.000000
2015-02-03	0.007384	0.084594	0.096672	0.083186	0.996536	5978200.000000
2015-02-02	0.006122	0.071477	0.092874	0.066482	0.821198	6790900.000000
2015-01-30	-0.016308	0.072338	0.076958	0.058770	-2.223709	11271100.000000
2015-01-29	0.058293	0.084166	0.150603	0.083701	7.510742	15161700.000000
2015-01-28	0.054046	0.115029	0.160759	0.111920	6.606537	14355100.000000
2015-01-27	-0.011860	0.070279	0.075048	0.056860	-1.467102	5243900.000000
2015-01-26	-0.004085	0.086838	0.088850	0.075003	-0.507470	3900500.000000
2015-01-23	-0.007520	0.083219	0.084897	0.075469	-0.941146	3828300.000000
2015-01-22	0.024394	0.091718	0.114881	0.089017	2.980285	4971300.000000
2015-01-21	0.009069	0.080888	0.097406	0.078410	1.098038	2898000.000000
2015-01-20	0.003364	0.089331	0.093889	0.072757	0.405960	3143700.000000
2015-01-16	0.004918	0.080531	0.091107	0.075201	0.590546	4425600.000000
2015-01-15	-0.001841	0.082698	0.095831	0.078126	-0.221474	3902000.000000
2015-01-14	-0.006022	0.066097	0.084770	0.065436	-0.728897	3523100.000000
2015-01-13	0.002292	0.093136	0.108954	0.077981	0.276794	3441700.000000
2015-01-12	-0.005093	0.089546	0.089711	0.070678	-0.618187	3552700.000000
2015-01-09	-0.001973	0.082052	0.087561	0.076624	-0.239929	3056400.000000
2015-01-08	0.017682	0.092900	0.104532	0.091226	2.112999	4503400.000000
2015-01-07	0.015526	0.094061	0.104514	0.093891	1.826920	3573200.000000
2015-01-06	-0.011778	0.083778	0.088565	0.059676	-1.402504	4992800.000000
2015-01-05	-0.006926	0.081360	0.083528	0.072603	-0.830407	5024800.000000
2015-01-02	-0.000231	0.092867	0.099287	0.076358	-0.027694	4294200.000000
2014-12-31	-0.014033	0.087231	0.087642	0.067583	-1.706993	2712400.000000
2014-12-30	-0.003477	0.081403	0.083697	0.077470	-0.424416	2447700.000000
2014-12-29	0.005014	0.084519	0.092835	0.079991	0.608955	2718400.000000
2014-12-26	0.002972	0.084191	0.089476	0.075438	0.359864	2242900.000000
2014-12-24	0.009306	0.086029	0.102949	0.084945	1.116462	2116900.000000
2014-12-23	0.014116	0.090709	0.104318	0.087413	1.670083	4028900.000000
2014-12-22	0.015765	0.088071	0.103612	0.088071	1.836174	3189300.000000
2014-12-19	0.004456	0.083434	0.098870	0.082312	0.516708	7680800.000000
2014-12-18	0.004878	0.101717	0.103624	0.081265	0.562851	6485900.000000
2014-12-17	0.006519	0.084040	0.093635	0.076539	0.747391	6726500.000000
2014-12-16	0.017775	0.110056	0.114495	0.100024	2.002235	7919900.000000
2014-12-15	0.010847	0.089432	0.102713	0.082253	1.208740	6238800.000000
2014-12-12	-0.021075	0.073852	0.074115	0.059269	-2.399017	6661100.000000
2014-12-11	-0.010189	0.088822	0.092561	0.069518	-1.171829	6702100.000000
2014-12-10	-0.038717	0.076674	0.078095	0.040982	-4.631943	6651700.000000
2014-12-09	-0.004759	0.069470	0.079120	0.062649	-0.572060	3084600.000000
2014-12-08	-0.014598	0.082221	0.082631	0.064596	-1.780830	2862400.000000
2014-12-05	0.006777	0.087080	0.094507	0.085512	0.821220	2580200.000000
2014-12-04	-0.004925	0.083779	0.088295	0.075156	-0.599746	2785500.000000
2014-12-03	-0.002344	0.086810	0.091972	0.076814	-0.286049	4627500.000000
2014-12-02	-0.000831	0.084679	0.088445	0.078539	-0.101494	2904900.000000
2014-12-01	-0.014662	0.083375	0.084101	0.066355	-1.817703	3473700.000000
2014-11-28	-0.003116	0.089648	0.091820	0.077828	-0.387543	2090000.000000
2014-11-26	-0.000223	0.084904	0.087718	0.080402	-0.027679	2660100.000000
2014-11-25	0.001486	0.084825	0.091749	0.084825	0.184539	4301600.000000
2014-11-24	0.013782	0.089247	0.099777	0.089166	1.688546	4161500.000000
2014-11-21	0.008200	0.092172	0.097439	0.090444	0.996513	4227100.000000
2014-11-20	0.000684	0.078261	0.090284	0.076367	0.083015	4052800.000000
2014-11-19	0.007271	0.083198	0.101031	0.080378	0.876580	5037600.000000
2014-11-18	0.017443	0.084876	0.108337	0.080571	2.066841	5701200.000000
2014-11-17	-0.003415	0.082433	0.086386	0.072761	-0.405991	3752900.000000
2014-11-14	0.002567	0.083778	0.094319	0.078045	0.304489	6235600.000000
2014-11-13	0.021133	0.082659	0.110384	0.082659	2.454384	5813900.000000
2014-11-12	0.004068	0.076430	0.090954	0.076084	0.470574	3075000.000000
2014-11-11	0.005777	0.083257	0.093256	0.082126	0.664337	3053500.000000
2014-11-10	0.001527	0.087436	0.088481	0.078118	0.175331	2622700.000000
2014-11-07	-0.001044	0.086823	0.086910	0.080212	-0.119965	2366700.000000
2014-11-06	0.002898	0.086047	0.088839	0.076362	0.332161	2341900.000000
2014-11-05	-0.007114	0.091575	0.093654	0.075895	-0.821190	3334000.000000
2014-11-04	-0.001507	0.089324	0.095984	0.083442	-0.174278	3684600.000000
2014-11-03	0.008966	0.093942	0.101796	0.089928	1.027397	3902700.000000
2014-10-31	0.008803	0.100755	0.108326	0.098114	0.999916	4665300.000000
2014-10-30	0.006012	0.085142	0.099313	0.080625	0.678841	2569900.000000
2014-10-29	-0.004288	0.097775	0.097775	0.080842	-0.486199	3241700.000000
2014-10-28	0.012201	0.093494	0.105009	0.088674	1.366852	4159000.000000
2014-10-27	-0.000982	0.089121	0.090013	0.081363	-0.110084	2940300.000000
2014-10-24	0.001721	0.091621	0.097338	0.083224	0.192657	4013300.000000
2014-10-23	0.004775	0.088487	0.102937	0.086602	0.532044	7799700.000000
2014-10-22	-0.044603	0.097563	0.097649	0.040537	-5.201340	13844400.000000
2014-10-21	0.022605	0.097994	0.115796	0.095539	2.577721	5204500.000000
2014-10-20	0.008682	0.091429	0.103193	0.087979	0.981575	3676300.000000
2014-10-17	0.024524	0.106052	0.122545	0.103605	2.706161	4872400.000000
2014-10-16	0.000832	0.078493	0.100170	0.073777	0.091751	4492500.000000
2014-10-15	-0.017172	0.079138	0.079673	0.036885	-1.926437	7819000.000000
2014-10-14	0.015276	0.102682	0.116529	0.092546	1.687919	3768200.000000
2014-10-13	-0.008642	0.095037	0.105265	0.078977	-0.963218	3878600.000000
2014-10-10	-0.010264	0.091079	0.095430	0.078913	-1.155854	4214200.000000
2014-10-09	-0.017763	0.087834	0.088096	0.066814	-2.036499	4874700.000000
2014-10-08	0.013461	0.091428	0.105748	0.079760	1.522789	3610300.000000
2014-10-07	-0.023285	0.083713	0.083713	0.064460	-2.697006	3554900.000000
2014-10-06	-0.000791	0.096400	0.097263	0.081648	-0.091728	2681000.000000
2014-10-03	0.017637	0.094404	0.113806	0.094404	2.008995	3075900.000000
2014-10-02	-0.004011	0.087741	0.097797	0.082845	-0.458687	3204500.000000
2014-10-01	-0.021275	0.090017	0.090017	0.063830	-2.485992	5265200.000000
2014-09-30	-0.010794	0.088409	0.095351	0.077743	-1.275116	4000200.000000
2014-09-29	0.000622	0.077565	0.097218	0.075787	0.073387	3484900.000000
2014-09-26	0.012191	0.090531	0.106050	0.088559	1.421883	2524100.000000
2014-09-25	-0.011199	0.087813	0.089339	0.076792	-1.320977	2913100.000000
2014-09-24	0.009421	0.090787	0.102254	0.088819	1.100823	2891400.000000
2014-09-23	-0.009564	0.087305	0.089509	0.076710	-1.128357	2963100.000000
2014-09-22	-0.005721	0.090271	0.094484	0.082602	-0.678818	2890300.000000
2014-09-19	0.005988	0.095952	0.099597	0.092985	0.706352	5635700.000000
2014-09-18	0.006418	0.092150	0.099829	0.092150	0.752213	2721800.000000
2014-09-17	0.003456	0.098065	0.099178	0.089075	0.403656	3135300.000000
2014-09-16	0.007996	0.089153	0.102098	0.085010	0.926514	3377500.000000
2014-09-15	-0.005041	0.089845	0.090102	0.079283	-0.587105	3261700.000000
2014-09-12	-0.005406	0.088821	0.089419	0.081306	-0.632965	3107300.000000
2014-09-11	-0.004524	0.086701	0.088147	0.081430	-0.532082	1988200.000000
2014-09-10	0.000078	0.092313	0.092313	0.083895	0.009194	3068200.000000
2014-09-09	0.001797	0.088654	0.096065	0.087036	0.210990	4866400.000000
2014-09-08	0.026385	0.100681	0.121225	0.100681	3.018052	6103500.000000
2014-09-05	-0.006137	0.089842	0.090884	0.078286	-0.706330	4913800.000000
2014-09-04	-0.003811	0.093911	0.097113	0.084216	-0.440330	2975300.000000
2014-09-03	0.003666	0.089928	0.096705	0.087670	0.421959	3966500.000000
2014-09-02	-0.010410	0.079958	0.085460	0.070931	-1.210884	4576000.000000
2014-08-29	-0.002439	0.092160	0.092160	0.081011	-0.284394	3032700.000000
2014-08-28	-0.008502	0.082789	0.086276	0.077518	-0.999893	3070300.000000
2014-08-27	-0.003111	0.091543	0.093408	0.084592	-0.366951	3075200.000000
2014-08-26	0.002104	0.093160	0.096898	0.089932	0.247704	2329000.000000
2014-08-25	0.006826	0.095405	0.098911	0.092839	0.798072	2307100.000000
2014-08-22	-0.000314	0.088649	0.092667	0.085485	-0.036689	2394700.000000
2014-08-21	0.001178	0.091729	0.093783	0.084881	0.137603	2522300.000000
2014-08-20	0.014095	0.092793	0.108592	0.090102	1.623696	4331300.000000
2014-08-19	0.004801	0.092196	0.097167	0.091236	0.550422	2988300.000000
2014-08-18	0.014777	0.093820	0.108512	0.093731	1.669556	4196900.000000
2014-08-15	-0.007655	0.093528	0.093528	0.072887	-0.871483	4570000.000000
2014-08-14	0.017462	0.092068	0.114321	0.091711	1.953942	4825100.000000
2014-08-13	0.012534	0.091912	0.106028	0.091550	1.385208	2641100.000000
2014-08-12	-0.002732	0.087485	0.091365	0.082973	-0.302735	2303500.000000
2014-08-11	0.001409	0.094801	0.100314	0.091187	0.155960	2807900.000000
2014-08-08	0.006592	0.089739	0.097470	0.085008	0.724717	4348900.000000
2014-08-07	0.012675	0.096182	0.107420	0.094984	1.376007	4641800.000000
2014-08-06	-0.018251	0.079069	0.079431	0.065956	-2.018166	6239700.000000
2014-08-05	0.011173	0.094326	0.115450	0.094235	1.221840	6097900.000000
2014-08-04	-0.003738	0.100530	0.104083	0.091147	-0.410301	4671100.000000
2014-08-01	-0.000830	0.096431	0.107900	0.089058	-0.091202	5852700.000000
2014-07-31	-0.014801	0.089350	0.094552	0.079844	-1.650398	5588800.000000
2014-07-30	-0.000245	0.104594	0.109973	0.091683	-0.027352	4042900.000000
2014-07-29	-0.006013	0.098932	0.101784	0.089040	-0.674743	4101900.000000
2014-07-28	-0.001136	0.098840	0.108810	0.087446	-0.127655	4982400.000000
2014-07-25	-0.009646	0.097409	0.097850	0.079160	-1.094193	6121400.000000
2014-07-24	-0.018231	0.089866	0.090991	0.073248	-2.106315	10307200.000000
2014-07-23	-0.023354	0.080220	0.085377	0.065258	-2.762818	12326300.000000
2014-07-22	0.011224	0.102602	0.111321	0.099097	1.313011	5102200.000000
2014-07-21	0.005171	0.093783	0.103406	0.089229	0.601815	2738700.000000
2014-07-18	0.013982	0.101060	0.113606	0.099928	1.604812	3103300.000000
2014-07-17	-0.012086	0.094896	0.103245	0.082674	-1.404220	5292900.000000
2014-07-16	-0.013013	0.100611	0.100611	0.080054	-1.531868	5260800.000000
2014-07-15	-0.003243	0.103393	0.103393	0.086712	-0.382958	4916100.000000
2014-07-14	0.011164	0.103725	0.118023	0.102440	1.303917	5267500.000000
2014-07-11	0.010253	0.100077	0.109246	0.092985	1.185364	3193100.000000
2014-07-10	0.000000	0.085892	0.103970	0.082259	0.000000	3936900.000000
2014-07-09	0.000000	0.109852	0.109938	0.089092	0.000000	8023900.000000
2014-07-08	-0.017817	0.095005	0.095685	0.069773	-2.097183	5724300.000000
2014-07-07	0.004513	0.093205	0.105153	0.090389	0.528854	3157000.000000
2014-07-03	0.006974	0.099884	0.105297	0.097391	0.811516	1997500.000000
2014-07-02	-0.004136	0.096704	0.099699	0.089772	-0.483261	2859000.000000
2014-07-01	0.007231	0.100410	0.106186	0.097824	0.838867	3772500.000000
2014-06-30	-0.010191	0.091329	0.091329	0.076739	-1.194481	5712900.000000
2014-06-27	0.004062	0.097132	0.103215	0.092763	0.474144	3687900.000000
2014-06-26	0.007555	0.099725	0.108615	0.090662	0.875351	3929100.000000
2014-06-25	-0.016183	0.095770	0.096619	0.072333	-1.905701	7929700.000000
2014-06-24	-0.012992	0.093770	0.099973	0.081198	-1.550117	4319800.000000
2014-06-23	-0.009463	0.098530	0.100274	0.084666	-1.139778	4433000.000000
2014-06-20	-0.005421	0.102154	0.107108	0.090676	-0.656494	8083500.000000
2014-06-19	0.002566	0.096704	0.100429	0.091075	0.310020	2794900.000000
2014-06-18	0.000226	0.098029	0.098526	0.084946	0.027344	2859000.000000
2014-06-17	-0.000679	0.093063	0.100924	0.089919	-0.082062	2223200.000000
2014-06-16	0.001890	0.095958	0.103668	0.091398	0.227989	2163800.000000
2014-06-13	0.000756	0.099525	0.103009	0.091394	0.091156	2376600.000000
2014-06-12	-0.014243	0.094741	0.097277	0.076586	-1.741577	3826100.000000
2014-06-11	-0.022951	0.080723	0.082960	0.069296	-2.872246	5558000.000000
2014-06-10	-0.005146	0.093763	0.095035	0.083428	-0.647400	2370200.000000
2014-06-09	-0.002098	0.096704	0.097814	0.090754	-0.264442	2585000.000000
2014-06-06	0.010452	0.101273	0.108166	0.099108	1.303902	2710900.000000
2014-06-05	0.011010	0.099297	0.113317	0.099297	1.358635	3489900.000000
2014-06-04	-0.004048	0.093960	0.094040	0.086292	-0.501511	2601900.000000
2014-06-03	-0.000147	0.095897	0.101788	0.094444	-0.018219	2468800.000000
2014-06-02	0.004806	0.098731	0.103029	0.092812	0.592674	2629900.000000
2014-05-30	0.000814	0.092890	0.099139	0.087777	0.100296	2760300.000000
2014-05-29	0.006030	0.099806	0.103807	0.097520	0.738579	2234100.000000
2014-05-28	0.001193	0.096704	0.104714	0.096704	0.145897	2609400.000000
2014-05-27	0.013292	0.102336	0.111613	0.100514	1.604782	3085500.000000
2014-05-23	0.004323	0.098035	0.102859	0.097452	0.519745	1956200.000000
2014-05-22	0.006720	0.102566	0.109433	0.099300	0.802406	2370700.000000
2014-05-21	0.010650	0.103898	0.112361	0.100597	1.258332	2476100.000000
2014-05-20	-0.013475	0.093281	0.098791	0.077667	-1.613930	2995800.000000
2014-05-19	0.004128	0.093434	0.107268	0.092847	0.492378	2103100.000000
2014-05-16	-0.003048	0.097540	0.100883	0.086841	-0.364716	2963300.000000
2014-05-15	-0.013385	0.094312	0.095632	0.076665	-1.623054	3596800.000000
2014-05-14	-0.003447	0.099580	0.100977	0.090458	-0.419441	2883900.000000
2014-05-13	0.006410	0.100095	0.106877	0.098854	0.775055	3132200.000000
2014-05-12	0.011442	0.102727	0.112514	0.101221	1.367721	3288500.000000
2014-05-09	0.004059	0.094100	0.103088	0.090908	0.483284	2543800.000000
2014-05-08	0.001688	0.095190	0.104444	0.095190	0.200600	2988700.000000
2014-05-07	0.001921	0.102352	0.105134	0.089117	0.227943	2900600.000000
2014-05-06	-0.008563	0.101103	0.102523	0.092327	-1.024597	4032000.000000
2014-05-05	0.015546	0.094879	0.123567	0.094455	1.831596	4026500.000000
2014-05-02	0.011521	0.104918	0.119513	0.104145	1.341965	3762900.000000
2014-05-01	-0.004340	0.100464	0.107815	0.096447	-0.507767	2804100.000000
2014-04-30	0.005064	0.100108	0.112566	0.097961	0.589386	2773000.000000
2014-04-29	0.010469	0.104247	0.116140	0.098430	1.205956	3344100.000000
2014-04-28	-0.012591	0.098914	0.104658	0.078342	-1.468918	4354600.000000
2014-04-25	-0.009241	0.102688	0.104047	0.090203	-1.088081	2978500.000000
2014-04-24	-0.005894	0.101000	0.102773	0.084284	-0.698181	4177000.000000
2014-04-23	0.024147	0.129835	0.137011	0.118248	2.792747	7121600.000000
2014-04-22	-0.002112	0.106568	0.114161	0.099924	-0.244820	5015600.000000
2014-04-21	-0.000782	0.103978	0.107341	0.098116	-0.090675	2368500.000000
2014-04-17	0.014916	0.106358	0.123245	0.101020	1.704666	3449400.000000
2014-04-16	0.014243	0.109336	0.118566	0.106940	1.604920	2826100.000000
2014-04-15	0.008276	0.103752	0.114490	0.092836	0.924873	2746900.000000
2014-04-14	0.009667	0.111983	0.118217	0.103852	1.069954	3086300.000000
2014-04-11	-0.012698	0.097595	0.101163	0.087515	-1.423576	3854600.000000
2014-04-10	-0.025536	0.102336	0.102684	0.074695	-2.937821	3956900.000000
2014-04-09	0.021989	0.110320	0.128353	0.101969	2.475380	3689900.000000
2014-04-08	-0.011466	0.100135	0.104087	0.089422	-1.305702	4122200.000000
2014-04-07	-0.014052	0.101213	0.109784	0.081819	-1.623062	3753600.000000
2014-04-04	-0.010871	0.107568	0.112621	0.089584	-1.269417	4156600.000000
2014-04-03	0.003663	0.110249	0.110249	0.102600	0.426147	3303500.000000
2014-04-02	0.000780	0.106470	0.107675	0.095890	0.090683	2935200.000000
2014-04-01	0.021675	0.109449	0.128432	0.108834	2.466332	3952800.000000
2014-03-31	0.008276	0.110833	0.116858	0.105870	0.933929	2962000.000000
2014-03-28	0.010145	0.107960	0.120581	0.105632	1.133408	2863500.000000
2014-03-27	-0.002590	0.098215	0.109732	0.087413	-0.290138	3106000.000000
2014-03-26	-0.003951	0.108104	0.114418	0.096633	-0.444306	3091200.000000
2014-03-25	0.004861	0.112151	0.116976	0.104109	0.544030	3225100.000000
2014-03-24	0.006853	0.111405	0.115184	0.098359	0.761672	4472500.000000
2014-03-21	-0.009294	0.105799	0.109275	0.091894	-1.042747	7973600.000000
2014-03-20	0.012189	0.106015	0.117834	0.095099	1.351021	4601700.000000
2014-03-19	-0.014511	0.105347	0.113171	0.079118	-1.632103	6673000.000000
2014-03-18	-0.011003	0.104352	0.106375	0.087381	-1.251305	4151600.000000
2014-03-17	0.018764	0.110562	0.127135	0.110114	2.094559	4380500.000000
2014-03-14	0.010009	0.104939	0.124482	0.103401	1.106224	5698400.000000
2014-03-13	-0.020413	0.104807	0.113316	0.078040	-2.303131	6071200.000000
2014-03-12	-0.009867	0.096978	0.098733	0.086535	-1.124344	5040100.000000
2014-03-11	-0.009614	0.104074	0.106160	0.091820	-1.106201	4190000.000000
2014-03-10	-0.012837	0.085441	0.092047	0.070426	-1.496117	7039200.000000
2014-03-07	-0.002483	0.110475	0.113984	0.096096	-0.290161	4297800.000000
2014-03-06	0.000543	0.104741	0.107824	0.096350	0.063469	3595900.000000
2014-03-05	-0.011057	0.104297	0.107685	0.089816	-1.305695	4095200.000000
2014-03-04	0.015676	0.112835	0.126769	0.112405	1.822533	5422800.000000
2014-03-03	-0.005430	0.087973	0.098751	0.082327	-0.634705	4847100.000000
2014-02-28	0.002800	0.104488	0.114782	0.098568	0.326424	4361400.000000
2014-02-27	0.015402	0.101638	0.119843	0.099809	1.768128	4649700.000000
2014-02-26	-0.001341	0.106859	0.112949	0.099204	-0.154137	4803600.000000
2014-02-25	-0.021684	0.100390	0.104219	0.074093	-2.547920	7308800.000000
2014-02-24	0.010212	0.103717	0.124523	0.103546	1.187820	4635700.000000
2014-02-21	-0.009880	0.104901	0.104901	0.090515	-1.160614	5164000.000000
2014-02-20	0.009113	0.103631	0.116601	0.095298	1.060860	4466400.000000
2014-02-19	-0.017148	0.098467	0.101760	0.083777	-2.031082	5146600.000000
2014-02-18	0.003611	0.102603	0.109467	0.098113	0.426155	4645300.000000
2014-02-14	0.005097	0.099366	0.110608	0.090254	0.598472	4807700.000000
2014-02-13	0.010692	0.093648	0.118437	0.093648	1.242195	4203400.000000
2014-02-12	-0.010044	0.110185	0.112401	0.090673	-1.178764	5798800.000000
2014-02-11	0.023593	0.113352	0.139866	0.111694	2.704979	7874000.000000
2014-02-10	0.001102	0.126017	0.126104	0.103228	0.126236	8173500.000000
2014-02-07	0.035461	0.118842	0.150125	0.117938	3.922173	8906300.000000
2014-02-06	0.010461	0.112641	0.121137	0.110083	1.145080	6738800.000000
2014-02-05	-0.005244	0.099627	0.108169	0.079361	-0.577042	9689100.000000
2014-02-04	-0.008450	0.108988	0.115566	0.086100	-0.937713	9304100.000000
2014-02-03	-0.017404	0.100047	0.120234	0.086854	-1.965599	9309600.000000
2014-01-31	-0.010037	0.090934	0.112058	0.078837	-1.145104	9732700.000000
2014-01-30	-0.025042	0.125486	0.125486	0.069938	-2.930351	10406200.000000
2014-01-29	-0.053323	0.065472	0.065957	0.036105	-6.591057	15993400.000000
2014-01-28	-0.001966	0.111096	0.114972	0.101650	-0.243454	4606200.000000
2014-01-27	0.005196	0.109484	0.123768	0.100962	0.640160	5057800.000000
2014-01-24	-0.032977	0.101936	0.102485	0.069914	-4.201683	5856800.000000
2014-01-23	-0.021195	0.099322	0.105391	0.083957	-2.759033	4491400.000000
2014-01-22	0.019058	0.114088	0.131781	0.110644	2.434456	4388700.000000
2014-01-21	0.008614	0.116974	0.124870	0.111842	1.090988	3240600.000000
2014-01-17	0.001783	0.108050	0.115327	0.105439	0.225410	3382700.000000
2014-01-16	-0.002916	0.106791	0.115624	0.104740	-0.369675	3062900.000000
2014-01-15	0.004357	0.111375	0.117554	0.110108	0.550011	3030800.000000
2014-01-14	-0.004904	0.110260	0.116960	0.086218	-0.622154	8441600.000000
2014-01-13	-0.008456	0.106342	0.110954	0.097198	-1.081955	4462400.000000
2014-01-10	-0.001618	0.114228	0.114306	0.099480	-0.207382	4549500.000000
2014-01-09	0.009303	0.114512	0.122467	0.106873	1.181160	4052500.000000
2014-01-08	0.002206	0.110499	0.116103	0.100001	0.279510	4236100.000000
2014-01-07	0.015172	0.110440	0.130633	0.109799	1.893448	4238500.000000
2014-01-06	0.005741	0.123423	0.126324	0.110529	0.712326	4196500.000000
2014-01-03	0.006951	0.112243	0.123928	0.112162	0.856552	3177400.000000
2014-01-02	0.001318	0.105177	0.115253	0.101114	0.162255	3366700.000000
2013-12-31	0.004194	0.111036	0.118299	0.107609	0.513984	2096000.000000
2013-12-30	-0.007158	0.111184	0.112886	0.098060	-0.883606	2403500.000000
2013-12-27	-0.009908	0.112447	0.113971	0.097206	-1.235298	2204600.000000
2013-12-26	0.010524	0.111915	0.123344	0.111834	1.298401	2161300.000000
2013-12-24	0.003153	0.109078	0.113794	0.106964	0.387726	1203200.000000
2013-12-23	-0.001976	0.117355	0.120601	0.106238	-0.243462	2945100.000000
2013-12-20	0.011097	0.111704	0.131068	0.111704	1.352478	5454600.000000
2013-12-19	-0.002362	0.105067	0.115135	0.096390	-0.288513	3177100.000000
2013-12-18	-0.002870	0.108915	0.113649	0.084265	-0.351677	5632400.000000
2013-12-17	0.008611	0.135422	0.136904	0.114347	1.045944	6753000.000000
2013-12-16	0.006650	0.112724	0.120431	0.109989	0.802430	3979500.000000
2013-12-13	0.006543	0.113165	0.119838	0.110579	0.784454	3139400.000000
2013-12-12	0.003018	0.105313	0.118198	0.103556	0.360672	3617700.000000
2013-12-11	-0.008527	0.109078	0.109990	0.098626	-1.027878	3358300.000000
2013-12-10	-0.007277	0.100596	0.112042	0.088490	-0.883636	4061300.000000
2013-12-09	-0.003699	0.111621	0.115395	0.104073	-0.450814	3799000.000000
2013-12-06	0.018458	0.124536	0.134313	0.119690	2.209038	5341800.000000
2013-12-05	0.009354	0.107054	0.122573	0.106969	1.109039	3665100.000000
2013-12-04	-0.003788	0.106809	0.110338	0.096895	-0.450820	5137100.000000
2013-12-03	-0.016100	0.107176	0.107176	0.090560	-1.947579	5171900.000000
2013-12-02	-0.000670	0.115191	0.119074	0.103873	-0.081154	3378100.000000
2013-11-29	-0.003489	0.109901	0.113277	0.104632	-0.423752	1680900.000000
2013-11-27	-0.000445	0.111300	0.121586	0.104058	-0.054123	3350900.000000
2013-11-26	0.013384	0.109078	0.129425	0.105409	1.604943	4200800.000000
2013-11-25	-0.021843	0.093091	0.100024	0.065113	-2.677895	7181700.000000
2013-11-22	0.022869	0.113750	0.135693	0.113250	2.741013	4290200.000000
2013-11-21	0.003624	0.109078	0.116112	0.098611	0.432792	4700600.000000
2013-11-20	-0.033071	0.099524	0.100253	0.071105	-4.084480	8634900.000000
2013-11-19	-0.009974	0.110200	0.112525	0.095771	-1.244278	3954000.000000
2013-11-18	0.016755	0.143064	0.157327	0.122852	2.055763	8158800.000000
2013-11-15	0.007328	0.111295	0.121229	0.104562	0.892632	4495100.000000
2013-11-14	0.014418	0.113492	0.127483	0.109078	1.731171	3279600.000000
2013-11-13	0.006348	0.105641	0.118800	0.098769	0.757377	3577100.000000
2013-11-12	-0.001509	0.107990	0.113681	0.104392	-0.180298	2851000.000000
2013-11-11	-0.007192	0.106170	0.107748	0.097695	-0.865623	2962200.000000
2013-11-08	0.015056	0.107138	0.129234	0.104355	1.785278	4790900.000000
2013-11-07	-0.011871	0.111995	0.116078	0.094578	-1.424583	3826800.000000
2013-11-06	0.000037	0.116870	0.121537	0.105703	0.004494	3747700.000000
2013-11-05	0.005874	0.106749	0.121083	0.094678	0.700737	4069200.000000
2013-11-04	-0.001804	0.119144	0.121152	0.108350	-0.215622	3915800.000000
2013-11-01	0.019387	0.116531	0.138709	0.116531	2.272895	4582400.000000
2013-10-31	0.006323	0.114493	0.132004	0.112004	0.736664	4931800.000000
2013-10-30	0.000154	0.112261	0.128315	0.107625	0.017983	4122100.000000
2013-10-29	-0.001694	0.108577	0.113120	0.103521	-0.197663	3608700.000000
2013-10-28	-0.009985	0.092417	0.107011	0.091484	-1.176841	4655800.000000
2013-10-25	0.017134	0.115450	0.134264	0.106561	1.985389	5467600.000000
2013-10-24	-0.000310	0.113033	0.117865	0.103802	-0.035927	4976200.000000
2013-10-23	0.053396	0.145110	0.181372	0.144201	5.875374	10766300.000000
2013-10-22	0.008315	0.117976	0.134471	0.116877	0.907341	4431200.000000
2013-10-21	-0.008570	0.114664	0.115119	0.099855	-0.943268	3207900.000000
2013-10-18	0.001881	0.115031	0.118308	0.103653	0.206612	3924200.000000
2013-10-17	0.016204	0.108217	0.132082	0.108217	1.751831	4114200.000000
2013-10-16	0.018277	0.118771	0.136478	0.118488	1.940499	4036900.000000
2013-10-15	-0.010715	0.112747	0.114331	0.100820	-1.149926	2749700.000000
2013-10-14	0.012544	0.107836	0.127932	0.100949	1.329583	3617800.000000
2013-10-11	-0.007737	0.110311	0.117801	0.103103	-0.826485	4505500.000000
2013-10-10	0.038700	0.128970	0.157170	0.127122	3.979797	5635400.000000
2013-10-09	-0.008403	0.112734	0.112734	0.092871	-0.871414	4722200.000000
2013-10-08	-0.010712	0.112929	0.119129	0.101005	-1.122971	4574000.000000
2013-10-07	-0.004352	0.097069	0.112835	0.096024	-0.458175	3822000.000000
2013-10-04	0.017008	0.113409	0.132631	0.113216	1.760811	3998000.000000
2013-10-03	-0.022064	0.108491	0.109814	0.083743	-2.335770	4455100.000000
2013-10-02	0.000764	0.109622	0.113971	0.099224	0.080864	2871900.000000
2013-10-01	0.002128	0.117572	0.120699	0.109141	0.224594	2880700.000000
2013-09-30	-0.010443	0.100089	0.105151	0.090902	-1.113998	4032900.000000
2013-09-27	-0.005361	0.105008	0.111162	0.098294	-0.574952	2848900.000000
2013-09-26	0.007341	0.114998	0.122418	0.113120	0.781563	2820400.000000
2013-09-25	-0.004118	0.116113	0.118825	0.105262	-0.440208	3566600.000000
2013-09-24	0.012680	0.110088	0.135664	0.106394	1.338592	5020000.000000
2013-09-23	0.007545	0.118083	0.129726	0.105198	0.790581	5450200.000000
2013-09-20	-0.020245	0.114148	0.114803	0.090584	-2.165092	8745400.000000
2013-09-19	0.005405	0.120829	0.131734	0.116974	0.574966	5766700.000000
2013-09-18	0.011015	0.114735	0.136026	0.107797	1.158897	6330600.000000
2013-09-17	0.012449	0.114178	0.130538	0.112350	1.293686	5308300.000000
2013-09-16	0.038983	0.137116	0.158712	0.132417	3.898941	7711200.000000
2013-09-13	0.013934	0.114437	0.128630	0.110686	1.374489	3503400.000000
2013-09-12	0.005219	0.112712	0.123208	0.112203	0.512093	4766800.000000
2013-09-11	0.009799	0.113943	0.124028	0.109312	0.952270	3313700.000000
2013-09-10	0.009143	0.117793	0.126204	0.115300	0.880402	3848000.000000
2013-09-09	0.010559	0.118472	0.126867	0.118262	1.006187	2907600.000000
2013-09-06	-0.005438	0.116773	0.120739	0.097047	-0.521026	3265200.000000
2013-09-05	0.002632	0.110922	0.119503	0.105794	0.251510	2590500.000000
2013-09-04	0.012951	0.113544	0.135486	0.108985	1.221787	3837500.000000
2013-09-03	0.010489	0.126080	0.133578	0.121046	0.979256	3659800.000000
2013-08-30	-0.009626	0.113013	0.113438	0.099011	-0.907380	2723800.000000
2013-08-29	0.016075	0.113228	0.136510	0.110209	1.491318	3095400.000000
2013-08-28	0.000581	0.111933	0.119699	0.106217	0.053909	2816300.000000
2013-08-27	-0.021984	0.101201	0.109006	0.087066	-2.084236	4376900.000000
2013-08-26	0.000474	0.115969	0.124095	0.110270	0.044915	2480400.000000
2013-08-23	0.003234	0.116931	0.116931	0.109520	0.305442	3016100.000000
2013-08-22	0.011837	0.112798	0.130152	0.112798	1.105004	2857800.000000
2013-08-21	-0.006881	0.111417	0.114503	0.102162	-0.646836	3645600.000000
2013-08-20	-0.000859	0.112801	0.116946	0.111313	-0.080856	3448900.000000
2013-08-19	0.012081	0.108063	0.131731	0.106772	1.122978	3512200.000000
2013-08-16	0.007203	0.114095	0.126230	0.112794	0.664780	3469100.000000
2013-08-15	-0.013729	0.102754	0.103822	0.087578	-1.284668	4359400.000000
2013-08-14	-0.019486	0.112386	0.112386	0.090486	-1.859634	4481100.000000
2013-08-13	0.019091	0.113867	0.137787	0.113440	1.787773	3578300.000000
2013-08-12	-0.010348	0.108153	0.110372	0.099593	-0.979210	3830800.000000
2013-08-09	-0.004819	0.108177	0.116380	0.103023	-0.458183	3326500.000000
2013-08-08	-0.005450	0.115839	0.121697	0.106948	-0.521073	3741400.000000
2013-08-07	-0.001267	0.109516	0.114426	0.102412	-0.121269	3158600.000000
2013-08-06	-0.004279	0.116626	0.120371	0.109033	-0.411385	5199900.000000
2013-08-05	-0.003707	0.110310	0.117150	0.110310	-0.357727	3559200.000000
2013-08-02	0.011246	0.110850	0.131286	0.110850	1.073166	4226200.000000
2013-08-01	0.015224	0.127655	0.138401	0.125421	1.430908	4910800.000000
2013-07-31	-0.005959	0.120196	0.124003	0.110360	-0.563430	4487800.000000
2013-07-30	0.008778	0.119573	0.130989	0.118080	0.822761	5022700.000000
2013-07-29	-0.007481	0.096161	0.113104	0.095950	-0.706482	4041800.000000
2013-07-26	-0.010309	0.113156	0.113156	0.103619	-0.983757	4216100.000000
2013-07-25	-0.002337	0.112018	0.119964	0.106685	-0.223572	5267100.000000
2013-07-24	-0.007793	0.133228	0.135822	0.102314	-0.751220	7723500.000000
2013-07-23	0.008703	0.121535	0.129906	0.112745	0.831703	5081600.000000
2013-07-22	-0.000935	0.121427	0.121950	0.112855	-0.089424	4168800.000000
2013-07-19	-0.006225	0.112992	0.112992	0.097200	-0.599182	5992000.000000
2013-07-18	0.027102	0.120000	0.152226	0.118293	2.539817	8046400.000000
2013-07-17	0.005373	0.120546	0.131060	0.120224	0.500809	3931800.000000
2013-07-16	-0.013534	0.118504	0.119668	0.098290	-1.278854	5839100.000000
2013-07-15	0.037204	0.139700	0.162093	0.131687	3.389419	13169900.000000
2013-07-12	-0.046875	0.117977	0.131473	0.035641	-4.480453	44391800.000000
2013-07-11	0.013080	0.128043	0.138960	0.126559	1.234115	4529800.000000
2013-07-10	0.007834	0.116263	0.128014	0.115302	0.733345	3872700.000000
2013-07-09	0.002970	0.127828	0.132971	0.119150	0.277230	3991800.000000
2013-07-08	0.001631	0.116040	0.127844	0.110031	0.152031	4222700.000000
2013-07-05	0.012732	0.126989	0.132423	0.116665	1.171554	3671700.000000
2013-07-03	0.013994	0.113117	0.135488	0.110583	1.269913	2891700.000000
2013-07-02	-0.017145	0.117970	0.118295	0.091975	-1.582931	4147000.000000
2013-07-01	0.007810	0.123535	0.135433	0.123535	0.715454	4091200.000000
2013-06-28	-0.006883	0.115042	0.121872	0.109189	-0.634972	5432500.000000
2013-06-27	0.023821	0.136610	0.148929	0.132170	2.146324	6577700.000000
2013-06-26	0.021081	0.129292	0.149011	0.128386	1.860176	5267300.000000
2013-06-25	0.008380	0.133613	0.138870	0.121957	0.733330	3557900.000000
2013-06-24	-0.021304	0.107897	0.112370	0.077141	-1.904877	5585200.000000
2013-06-21	0.003412	0.123124	0.123797	0.093273	0.304062	10328800.000000
2013-06-20	-0.025526	0.109547	0.113921	0.086800	-2.334144	7114800.000000
2013-06-19	-0.017583	0.115500	0.118938	0.098418	-1.636567	4186900.000000
2013-06-18	0.010191	0.120248	0.130342	0.114062	0.939026	4035700.000000
2013-06-17	0.011784	0.127630	0.136744	0.125763	1.073159	4217400.000000
2013-06-14	-0.003230	0.118186	0.129789	0.110962	-0.295105	3944400.000000
2013-06-13	0.012688	0.119073	0.134369	0.117854	1.144706	4076500.000000
2013-06-12	-0.008550	0.123022	0.125549	0.105658	-0.778053	2936500.000000
2013-06-11	-0.004793	0.111296	0.124092	0.103531	-0.438217	3144100.000000
2013-06-10	-0.002439	0.118405	0.123205	0.107494	-0.223557	4047500.000000
2013-06-07	0.027365	0.123678	0.149907	0.121549	2.441430	5732900.000000
2013-06-06	0.012895	0.120003	0.133173	0.117391	1.135780	4131700.000000
2013-06-05	-0.011244	0.115155	0.119309	0.100674	-1.001633	5151000.000000
2013-06-04	-0.011217	0.115300	0.120184	0.099761	-1.010551	3769800.000000
2013-06-03	0.017370	0.122026	0.139416	0.121348	1.538192	6472900.000000
2013-05-31	-0.015118	0.114516	0.122746	0.101281	-1.359329	4218700.000000
2013-05-30	0.014633	0.120443	0.139627	0.117848	1.296746	4784400.000000
2013-05-29	-0.010189	0.112043	0.117292	0.104671	-0.912217	4405800.000000
2013-05-28	0.001100	0.127691	0.134624	0.119416	0.098389	5736000.000000
2013-05-24	0.002506	0.118186	0.127490	0.108097	0.223557	6746300.000000
2013-05-23	0.018585	0.109623	0.141708	0.108252	1.627655	6975700.000000
2013-05-22	-0.008304	0.119432	0.126452	0.108108	-0.733330	8399700.000000
2013-05-21	0.000304	0.116714	0.121924	0.108898	0.026825	4415400.000000
2013-05-20	-0.002022	0.120447	0.122821	0.113665	-0.178849	6535200.000000
2013-05-17	0.024229	0.123280	0.146668	0.123049	2.092667	7408900.000000
2013-05-16	-0.004535	0.116688	0.120261	0.109888	-0.393494	5036700.000000
2013-05-15	0.009468	0.113300	0.134009	0.112253	0.813828	4875100.000000
2013-05-14	0.014246	0.120074	0.135061	0.117478	1.207306	4646500.000000
2013-05-13	0.005518	0.116762	0.129102	0.116525	0.465027	3492000.000000
2013-05-10	-0.003911	0.119841	0.122677	0.108849	-0.330879	3918600.000000
2013-05-09	0.006061	0.118543	0.131385	0.118186	0.509735	3677500.000000
2013-05-08	-0.002810	0.118246	0.119787	0.111843	-0.236977	3204300.000000
2013-05-07	0.006370	0.125369	0.134080	0.122386	0.533829	3858400.000000
2013-05-06	0.004801	0.120340	0.136526	0.119381	0.400383	5504800.000000
2013-05-03	0.016593	0.131738	0.145146	0.129544	1.361297	4700100.000000
2013-05-02	0.011296	0.124677	0.144153	0.124184	0.916420	4514800.000000
2013-05-01	-0.002516	0.119879	0.128117	0.115453	-0.204651	4567300.000000
2013-04-30	-0.005332	0.117211	0.125038	0.110729	-0.435951	4714300.000000
2013-04-29	-0.010232	0.106385	0.118611	0.103843	-0.845260	6265900.000000
2013-04-26	0.012872	0.126634	0.144903	0.123937	1.049896	5910600.000000
2013-04-25	0.009248	0.130371	0.146087	0.114533	0.747368	5766100.000000
2013-04-24	0.030052	0.171989	0.180912	0.152488	2.357795	9231700.000000
2013-04-23	0.014262	0.129237	0.144233	0.127298	1.103241	3130700.000000
2013-04-22	-0.011596	0.125470	0.125470	0.104515	-0.907508	4248700.000000
2013-04-19	0.021365	0.142861	0.149517	0.129810	1.637092	6322200.000000
2013-04-18	-0.006575	0.128734	0.130031	0.111750	-0.507133	2792800.000000
2013-04-17	-0.002302	0.118504	0.125360	0.109579	-0.177941	3781100.000000
2013-04-16	0.001383	0.132745	0.144403	0.119533	0.106743	5233900.000000
2013-04-15	-0.023849	0.118247	0.122420	0.097131	-1.886207	4324000.000000
2013-04-12	0.004067	0.120890	0.129015	0.117209	0.320312	2588300.000000
2013-04-11	0.008085	0.125729	0.144926	0.124193	0.631706	5394200.000000
2013-04-10	0.006994	0.125612	0.141335	0.122004	0.542702	4635200.000000
2013-04-09	0.005303	0.128731	0.133524	0.116681	0.409286	6058400.000000
2013-04-08	0.006731	0.122241	0.132285	0.113633	0.516053	5003600.000000
2013-04-05	0.014361	0.112294	0.141798	0.110177	1.085457	6109500.000000
2013-04-04	0.006994	0.129666	0.132730	0.121938	0.524940	3352500.000000
2013-04-03	0.003211	0.126744	0.140778	0.123670	0.240234	3885000.000000
2013-04-02	-0.013607	0.125783	0.127233	0.104820	-1.032089	4764900.000000
2013-04-01	-0.006989	0.120664	0.128388	0.113201	-0.533844	2867200.000000
2013-03-28	-0.004060	0.126675	0.127848	0.113766	-0.311409	4884300.000000
2013-03-27	-0.004848	0.112648	0.121342	0.103566	-0.373665	3185700.000000
2013-03-26	0.020860	0.131620	0.150297	0.131355	1.574822	5083400.000000
2013-03-25	0.000354	0.126720	0.132683	0.117577	0.026687	3528400.000000
2013-03-22	0.005810	0.126469	0.134199	0.126469	0.435967	2841600.000000
2013-03-21	-0.012182	0.121699	0.129993	0.108270	-0.925324	3672400.000000
2013-03-20	-0.001637	0.128406	0.132217	0.119599	-0.124572	3783500.000000
2013-03-19	0.003874	0.128555	0.134756	0.124728	0.293609	5381200.000000
2013-03-18	-0.014462	0.106252	0.115354	0.105861	-1.112144	4803900.000000
2013-03-15	0.021390	0.125664	0.148775	0.122343	1.610405	8205400.000000
2013-03-14	-0.001534	0.122213	0.128579	0.115715	-0.115654	5027800.000000
2013-03-13	0.007010	0.126875	0.133152	0.115390	0.524933	7750900.000000
2013-03-12	0.014710	0.126105	0.146703	0.124750	1.085479	6600800.000000
2013-03-11	0.021051	0.120893	0.148843	0.120201	1.521431	5087300.000000
2013-03-08	0.002221	0.125462	0.132951	0.119361	0.160149	5231700.000000
2013-03-07	0.024911	0.128059	0.164727	0.128059	1.752762	10029900.000000
2013-03-06	0.005340	0.124080	0.132796	0.121508	0.373703	3826100.000000
2013-03-05	0.020366	0.129185	0.149597	0.124228	1.396858	5693200.000000
2013-03-04	-0.002459	0.119137	0.125682	0.107793	-0.169044	4748600.000000
2013-03-01	0.004941	0.121014	0.134022	0.119260	0.338096	6024200.000000
2013-02-28	-0.005946	0.122193	0.129312	0.109989	-0.409286	5593400.000000
2013-02-27	0.022605	0.122154	0.157811	0.122154	1.521469	7160000.000000
2013-02-26	0.008263	0.129929	0.137119	0.125585	0.551613	3436700.000000
2013-02-25	-0.021263	0.126430	0.127456	0.100039	-1.450249	4936300.000000
2013-02-22	0.008551	0.134140	0.139019	0.130887	0.578308	5391200.000000
2013-02-21	0.016448	0.126642	0.144979	0.125891	1.094376	7438600.000000
2013-02-20	0.001741	0.138842	0.148027	0.125442	0.115654	7551300.000000
2013-02-19	-0.005065	0.123338	0.126334	0.112552	-0.338089	3882500.000000
2013-02-15	0.001335	0.128887	0.128887	0.120787	0.088981	3650700.000000
2013-02-14	0.002006	0.122584	0.131903	0.120330	0.133454	3830400.000000
2013-02-13	-0.009602	0.126393	0.128775	0.110912	-0.645058	4313500.000000
2013-02-12	0.001582	0.133989	0.136822	0.130560	0.106087	3597400.000000
2013-02-11	-0.009012	0.129088	0.129384	0.120666	-0.609986	3677100.000000
2013-02-08	-0.011236	0.128381	0.130572	0.114356	-0.769134	5100400.000000
2013-02-07	0.014943	0.131601	0.149690	0.131008	1.007820	7773000.000000
2013-02-06	0.005271	0.124896	0.137268	0.123853	0.353622	4716600.000000
2013-02-05	0.009041	0.138376	0.157777	0.137172	0.601151	6831200.000000
2013-02-04	0.004541	0.122394	0.141128	0.121789	0.300575	5799800.000000
2013-02-01	0.013537	0.140650	0.149532	0.136669	0.884056	6749300.000000
2013-01-31	-0.009653	0.129792	0.131612	0.118570	-0.636505	7639000.000000
2013-01-30	0.012763	0.142982	0.148051	0.132385	0.830986	10048600.000000
2013-01-29	-0.004730	0.134825	0.134825	0.115871	-0.309410	9296800.000000
2013-01-28	-0.013728	0.114121	0.125428	0.113970	-0.910561	7759000.000000
2013-01-25	-0.003851	0.130706	0.132658	0.123197	-0.256408	6163200.000000
2013-01-24	0.013865	0.132984	0.150189	0.132984	0.910591	7292200.000000
2013-01-23	0.001753	0.128563	0.137715	0.120327	0.114929	7784900.000000
2013-01-22	-0.011727	0.117289	0.119550	0.112012	-0.777954	9161900.000000
2013-01-18	-0.002923	0.129654	0.129654	0.116577	-0.194496	10829000.000000
2013-01-17	0.012376	0.107419	0.150785	0.105898	0.813324	21849200.000000
2013-01-16	-0.033793	0.085728	0.097342	0.081464	-2.298531	18212000.000000
2013-01-15	0.005094	0.126132	0.137510	0.125689	0.344765	3900600.000000
2013-01-14	0.018494	0.132210	0.152678	0.127243	1.228844	6221100.000000
2013-01-11	-0.025036	0.110907	0.116630	0.094620	-1.706223	9808500.000000
2013-01-10	0.004299	0.133661	0.136461	0.122315	0.291733	5026600.000000
2013-01-09	0.035478	0.143211	0.172051	0.143059	2.325066	10915800.000000
2013-01-08	-0.026271	0.117933	0.126402	0.086285	-1.768097	20268100.000000
2013-01-07	-0.020080	0.128972	0.131156	0.096941	-1.379128	7172600.000000
2013-01-04	0.002840	0.135829	0.139187	0.130718	0.194489	3431700.000000
2013-01-03	0.005190	0.129982	0.144512	0.120882	0.353614	3987000.000000
2013-01-02	0.022691	0.149018	0.160726	0.147517	1.511727	5036400.000000
2012-12-31	0.008970	0.129945	0.142060	0.120706	0.592308	4939000.000000
2012-12-28	-0.015034	0.121908	0.129814	0.112212	-1.007813	2970400.000000
2012-12-27	-0.002499	0.131008	0.135323	0.116128	-0.167946	4041400.000000
2012-12-26	0.000658	0.131156	0.136070	0.127881	0.044182	2710300.000000
2012-12-24	-0.002626	0.126998	0.136948	0.121652	-0.176803	1931900.000000
2012-12-21	-0.000394	0.114531	0.131454	0.107108	-0.026512	6831500.000000
2012-12-20	0.009137	0.134751	0.142092	0.131156	0.609962	4599300.000000
2012-12-19	-0.000132	0.132504	0.141192	0.127861	-0.008820	6075200.000000
2012-12-18	0.011655	0.125853	0.147067	0.123429	0.769143	5767500.000000
2012-12-17	0.008511	0.133907	0.140937	0.123669	0.556953	5537800.000000
2012-12-14	-0.004037	0.131309	0.136332	0.124308	-0.265221	4209300.000000
2012-12-13	-0.015238	0.130407	0.131456	0.110623	-1.016662	4977600.000000
2012-12-12	-0.004616	0.131455	0.134439	0.122802	-0.309426	5191300.000000
2012-12-11	0.003839	0.132504	0.138944	0.130707	0.256371	5960300.000000
2012-12-10	0.011924	0.130853	0.145402	0.127974	0.786812	5323800.000000
2012-12-07	0.008921	0.132838	0.141553	0.125499	0.583458	3718000.000000
2012-12-06	0.001489	0.130085	0.132994	0.116762	0.097259	3895400.000000
2012-12-05	-0.002431	0.129476	0.137267	0.117867	-0.159126	3818800.000000
2012-12-04	0.000406	0.129170	0.141701	0.126725	0.026535	3827700.000000
2012-12-03	-0.003501	0.133136	0.134354	0.120344	-0.229874	3721600.000000
2012-11-30	0.002159	0.134819	0.139397	0.127188	0.141442	3863400.000000
2012-11-29	0.000405	0.135279	0.142913	0.127340	0.026550	2998900.000000
2012-11-28	-0.005370	0.123716	0.127360	0.110808	-0.353638	4245900.000000
2012-11-27	0.002962	0.128872	0.135269	0.120952	0.194496	5353500.000000
2012-11-26	0.007187	0.125941	0.139747	0.122873	0.468537	3709100.000000
2012-11-23	0.008066	0.134249	0.140435	0.130229	0.521599	1579200.000000
2012-11-21	0.008409	0.131156	0.151740	0.128817	0.539268	3119800.000000
2012-11-20	0.008060	0.129742	0.144360	0.128484	0.512737	3161000.000000
2012-11-19	0.016815	0.142665	0.152095	0.136111	1.052033	3475700.000000
2012-11-16	-0.003801	0.133545	0.134022	0.119214	-0.238705	4856300.000000
2012-11-15	-0.003507	0.130046	0.142263	0.123064	-0.221008	3928100.000000
2012-11-14	-0.028217	0.130848	0.135628	0.096617	-1.829987	6063100.000000
2012-11-13	-0.004478	0.120872	0.139752	0.118109	-0.291740	7293400.000000
2012-11-12	0.006007	0.133627	0.145518	0.131620	0.388992	6497600.000000
2012-11-09	0.031981	0.127651	0.168129	0.125101	2.006802	10269800.000000
2012-11-08	0.012409	0.131479	0.150678	0.130834	0.769111	7363500.000000
2012-11-07	-0.020536	0.117092	0.118356	0.095126	-1.299541	6675400.000000
2012-11-06	0.022866	0.139079	0.170922	0.139079	1.414600	4923700.000000
2012-11-05	0.005139	0.135185	0.147045	0.134860	0.316330	3833000.000000
2012-11-02	-0.010454	0.141486	0.147273	0.124765	-0.650211	4400400.000000
2012-11-01	0.004969	0.140533	0.156206	0.138110	0.307545	3992800.000000
2012-10-31	-0.009422	0.141951	0.143551	0.124665	-0.588707	3778700.000000
2012-10-26	-0.006011	0.132064	0.138746	0.122360	-0.377816	4389000.000000
2012-10-25	-0.016091	0.143432	0.144058	0.105865	-1.028011	8191500.000000
2012-10-24	-0.001511	0.171400	0.172181	0.129201	-0.096653	8346600.000000
2012-10-23	-0.011940	0.127146	0.130852	0.121277	-0.773212	4544900.000000
2012-10-22	-0.004189	0.134880	0.140262	0.126422	-0.272393	4419800.000000
2012-10-19	-0.003366	0.134585	0.137650	0.127841	-0.219650	5407000.000000
2012-10-18	0.008556	0.136409	0.147848	0.132081	0.553551	3414200.000000
2012-10-17	0.002041	0.142136	0.144615	0.124944	0.131782	6061500.000000
2012-10-16	0.017024	0.146143	0.161108	0.142047	1.080735	4799300.000000
2012-10-15	0.005568	0.138110	0.144921	0.135417	0.351482	3858000.000000
2012-10-12	0.014400	0.142127	0.160766	0.140841	0.896210	4345600.000000
2012-10-11	0.006966	0.147171	0.157688	0.145553	0.430553	3183200.000000
2012-10-10	-0.004247	0.140687	0.148743	0.131504	-0.263607	3642600.000000
2012-10-09	0.000992	0.140206	0.148431	0.134723	0.061524	4116600.000000
2012-10-08	-0.004514	0.135381	0.142926	0.132651	-0.281170	2838800.000000
2012-10-05	0.013583	0.143317	0.159427	0.142503	0.834717	3741600.000000
2012-10-04	0.001145	0.144301	0.146581	0.135829	0.070293	2818300.000000
2012-10-03	0.004746	0.144166	0.145803	0.135327	0.289940	3106400.000000
2012-10-02	-0.006856	0.139735	0.142824	0.124942	-0.421761	3077900.000000
2012-10-01	0.005891	0.142361	0.155606	0.141380	0.360237	4012100.000000
2012-09-28	-0.007133	0.132427	0.137298	0.123173	-0.439319	4057500.000000
2012-09-27	-0.002135	0.140540	0.142970	0.129361	-0.131790	4147700.000000
2012-09-26	0.012540	0.137453	0.156646	0.136961	0.764434	5256400.000000
2012-09-25	-0.009282	0.142335	0.145585	0.127546	-0.571136	4085900.000000
2012-09-24	0.000858	0.129651	0.141525	0.125748	0.052731	5037900.000000
2012-09-21	0.001718	0.142020	0.142998	0.131918	0.105445	13161000.000000
2012-09-20	-0.000715	0.129155	0.137458	0.123944	-0.043941	4875100.000000
2012-09-19	-0.007807	0.142795	0.142795	0.128901	-0.483257	5193400.000000
2012-09-18	0.007580	0.137133	0.146899	0.132249	0.465667	5490300.000000
2012-09-17	-0.019080	0.129966	0.130765	0.115916	-1.194957	6917200.000000
2012-09-14	-0.004191	0.145106	0.151625	0.128888	-0.263577	6530200.000000
2012-09-13	0.008737	0.133619	0.154629	0.129770	0.544754	5314100.000000
2012-09-12	-0.004349	0.140665	0.144657	0.130604	-0.272369	4400800.000000
2012-09-11	0.002673	0.139871	0.147556	0.139230	0.166931	3951300.000000
2012-09-10	-0.024832	0.129054	0.129210	0.105632	-1.590351	8354500.000000
2012-09-07	0.000961	0.138891	0.141392	0.133890	0.061504	3080400.000000
2012-09-06	0.012514	0.145231	0.159473	0.145231	0.790783	4358800.000000
2012-09-05	0.014816	0.146299	0.157059	0.141964	0.922566	4946900.000000
