2017-09-01	-0.004076	0.001456	0.003761	-0.006347	-0.700012	11140400.000000
2017-08-31	0.002861	0.007533	0.009635	-0.005839	0.490005	16486800.000000
2017-08-30	0.022938	0.010394	0.029747	0.010394	3.839996	17770000.000000
2017-08-29	-0.005288	-0.018717	0.005526	-0.023470	-0.889999	19587300.000000
2017-08-28	-0.020030	-0.003435	-0.002329	-0.027251	-3.440002	24615900.000000
2017-08-25	-0.018629	-0.001143	-0.000343	-0.022229	-3.259995	24184700.000000
2017-08-24	-0.004551	0.006826	0.006826	-0.008532	-0.800003	20795200.000000
2017-08-23	0.007681	-0.008942	0.010146	-0.009802	1.339996	21939000.000000
2017-08-22	0.030783	0.004550	0.032614	0.002304	5.210007	24481900.000000
2017-08-21	0.010448	0.004716	0.018507	-0.003105	1.750000	22352300.000000
2017-08-18	0.021840	0.008785	0.034041	0.001098	3.580002	31492500.000000
2017-08-17	0.027712	0.041505	0.053292	0.025141	4.419998	56840300.000000
2017-08-16	0.011094	0.014263	0.016482	0.004976	1.750000	21318300.000000
2017-08-15	0.020309	0.007309	0.023996	-0.003945	3.139999	18635700.000000
2017-08-14	0.019183	0.020237	0.022281	0.009229	2.910004	14601800.000000
2017-08-11	-0.000461	-0.008302	0.005271	-0.028135	-0.070007	22327400.000000
2017-08-10	-0.036320	-0.008191	-0.006286	-0.039622	-5.720001	19298900.000000
2017-08-09	-0.000063	-0.009206	0.001333	-0.014603	-0.009995	11022600.000000
2017-08-08	-0.008436	-0.001763	0.006296	-0.012843	-1.339996	15447100.000000
2017-08-07	0.035936	0.009783	0.036914	0.006783	5.509994	15906400.000000
2017-08-04	0.000065	0.006522	0.006522	-0.007566	0.009995	10035600.000000
2017-08-03	0.009282	0.001251	0.012442	-0.015206	1.410003	12435400.000000
2017-08-02	-0.018225	0.004783	0.006592	-0.036386	-2.819992	19529300.000000
2017-08-01	-0.001420	0.008390	0.010713	-0.007422	-0.220001	12035300.000000
2017-07-31	-0.016565	0.008505	0.011615	-0.025768	-2.610001	17782400.000000
2017-07-28	0.022121	-0.001232	0.031203	-0.008628	3.410004	14449400.000000
2017-07-27	-0.010527	0.013223	0.029527	-0.028628	-1.639999	26058500.000000
2017-07-26	0.021976	0.000590	0.023353	-0.000525	3.349991	14466300.000000
2017-07-25	0.001182	0.000657	0.003218	-0.009260	0.180007	8460300.000000
2017-07-24	0.002436	0.005794	0.008822	-0.001909	0.369996	10649100.000000
2017-07-21	-0.001446	-0.002104	0.000263	-0.011834	-0.220002	11452700.000000
2017-07-20	-0.006791	0.005289	0.006334	-0.008554	-1.039993	16739800.000000
2017-07-19	-0.003902	0.009041	0.017301	-0.007220	-0.600006	16896100.000000
2017-07-18	0.016663	-0.000992	0.022284	-0.004959	2.520004	15313000.000000
2017-07-17	-0.003952	0.011197	0.012316	-0.009287	-0.600006	15342700.000000
2017-07-14	0.015449	0.004013	0.018258	0.001137	2.309998	11469400.000000
2017-07-13	0.003490	0.003490	0.006711	-0.006711	0.520004	11683400.000000
2017-07-12	0.021878	0.010767	0.023935	0.007133	3.190002	14955800.000000
2017-07-11	0.013907	0.003338	0.014324	-0.003825	2.000000	13519900.000000
2017-07-10	0.009689	0.004002	0.012146	-0.001264	1.380005	10351500.000000
2017-07-07	0.001617	0.003165	0.008291	-0.002595	0.229996	8046200.000000
2017-07-06	-0.018430	-0.012839	-0.008628	-0.020984	-2.669998	11934200.000000
2017-07-05	0.027520	0.001206	0.028442	-0.004681	3.879990	16995800.000000
2017-07-03	0.000639	0.006033	0.011285	-0.009972	0.090011	6975700.000000
2017-06-30	0.000639	0.001562	0.011150	-0.006321	0.089996	12189800.000000
2017-06-29	-0.021813	-0.005488	-0.002709	-0.044668	-3.139999	24130300.000000
2017-06-28	0.017099	0.007913	0.020066	-0.000353	2.419998	17759800.000000
2017-06-27	-0.008407	0.008197	0.011560	-0.011420	-1.199997	17374800.000000
2017-06-26	-0.001958	0.007132	0.016432	-0.012167	-0.279999	17828100.000000
2017-06-23	0.005201	-0.001195	0.007521	-0.004709	0.739991	11759000.000000
2017-06-22	-0.007118	-0.008654	0.009701	-0.016819	-1.019989	21897600.000000
2017-06-21	0.035482	0.003180	0.037000	-0.002602	4.909988	30911600.000000
2017-06-20	-0.007815	0.004374	0.008317	-0.011042	-1.089996	20580500.000000
2017-06-19	0.034107	0.021799	0.041002	0.018759	4.600006	24951600.000000
2017-06-16	-0.001555	0.008884	0.010512	-0.011327	-0.210007	36431300.000000
2017-06-15	-0.011634	-0.007536	-0.007317	-0.026121	-1.589996	30510400.000000
2017-06-14	0.000512	0.008785	0.019400	-0.009810	0.069992	32862000.000000
2017-06-13	-0.017831	0.020132	0.022750	-0.022865	-2.479996	40879600.000000
2017-06-12	-0.002582	-0.001936	-0.000359	-0.024312	-0.360000	32177600.000000
2017-06-09	-0.020374	0.000000	0.041801	-0.037446	-2.899994	54367400.000000
2017-06-08	0.132919	0.134272	0.143744	0.076170	16.699997	81381500.000000
2017-06-07	0.008185	0.003691	0.010351	-0.004092	1.019996	9431600.000000
2017-06-06	-0.005982	0.000000	0.006620	-0.008774	-0.750000	9257100.000000
2017-06-05	0.009990	-0.000886	0.011520	-0.002095	1.240006	10030600.000000
2017-06-02	0.001291	-0.002017	0.004517	-0.005889	0.159996	7342100.000000
2017-06-01	0.012331	0.002940	0.012576	-0.001633	1.510002	8901400.000000
2017-05-31	-0.011702	-0.002179	0.002139	-0.015414	-1.450005	11582200.000000
2017-05-30	-0.000645	0.000726	0.007178	-0.003710	-0.079994	8343400.000000
2017-05-26	0.002912	0.002427	0.008250	-0.004287	0.360001	7504900.000000
2017-05-25	0.006677	0.007573	0.013354	-0.004071	0.819999	12486500.000000
2017-05-24	-0.000976	0.001139	0.006134	-0.007972	-0.120002	8371500.000000
2017-05-23	-0.014589	-0.000641	0.007415	-0.015230	-1.820000	14370100.000000
2017-05-22	0.012417	0.014283	0.019234	0.002719	1.529999	13493200.000000
2017-05-19	0.016080	0.022182	0.042302	0.014843	1.950004	21101700.000000
2017-05-18	0.004556	-0.036531	0.015822	-0.055666	0.549996	37121900.000000
2017-05-17	-0.026609	-0.006209	-0.001048	-0.028382	-3.299996	19834700.000000
2017-05-16	0.021582	0.004778	0.024217	0.002801	2.619995	18222100.000000
2017-05-15	0.008808	0.005734	0.009556	-0.002568	1.060006	11125500.000000
2017-05-12	0.001498	0.000000	0.002563	-0.005409	0.179992	9823900.000000
2017-05-11	0.001500	0.001250	0.004334	-0.014419	0.180001	11375500.000000
2017-05-10	-0.000167	0.000083	0.002750	-0.007500	-0.019997	9347300.000000
2017-05-09	0.026870	0.015061	0.026870	0.010354	3.139999	15219900.000000
2017-05-08	0.007067	0.007411	0.012668	0.001379	0.820000	6461900.000000
2017-05-05	0.001554	0.001640	0.002503	-0.009149	0.180000	7099400.000000
2017-05-04	-0.006091	-0.005404	-0.001373	-0.012182	-0.709999	6977800.000000
2017-05-03	-0.012872	-0.001186	-0.000762	-0.025150	-1.519996	10591100.000000
2017-05-02	0.012084	0.003342	0.017227	0.002743	1.409996	10048200.000000
2017-05-01	0.010216	0.001126	0.015065	0.000000	1.180000	7332100.000000
2017-04-28	0.000606	0.004072	0.004851	-0.003725	0.070000	6984900.000000
2017-04-27	0.004001	0.000261	0.008611	-0.001218	0.459999	9441500.000000
2017-04-26	-0.004416	-0.000953	0.002338	-0.007430	-0.510002	6678800.000000
2017-04-25	0.005398	0.005920	0.008358	-0.000522	0.620002	11434600.000000
2017-04-24	0.015472	0.008222	0.018124	0.008045	1.750000	13386600.000000
2017-04-21	0.001328	-0.001416	0.001859	-0.005843	0.150002	8968300.000000
2017-04-20	0.019863	0.006952	0.025641	0.006501	2.199997	13773500.000000
2017-04-19	-0.004225	0.006833	0.008721	-0.005934	-0.470001	9603800.000000
2017-04-18	-0.004742	-0.005011	0.003937	-0.007990	-0.529999	8305100.000000
2017-04-17	0.014064	0.006352	0.015062	0.000817	1.550003	7128100.000000
2017-04-13	-0.003796	0.000814	0.007412	-0.007322	-0.419998	6857000.000000
2017-04-12	0.001720	0.000543	0.011409	-0.001177	0.189995	8099800.000000
2017-04-11	-0.011280	-0.002686	0.000806	-0.020054	-1.259995	10012100.000000
2017-04-10	0.024865	0.000092	0.026516	-0.001376	2.709999	14798600.000000
2017-04-07	0.008793	-0.001481	0.009533	-0.011847	0.949997	8354900.000000
2017-04-06	0.005585	0.001396	0.009121	-0.002699	0.599999	5211100.000000
2017-04-05	-0.000744	0.007813	0.012091	-0.001860	-0.079995	8205400.000000
2017-04-04	-0.005273	-0.002035	0.001573	-0.011194	-0.569999	6480100.000000
2017-04-03	0.002411	0.009459	0.015209	-0.002875	0.259994	8391400.000000
2017-03-31	-0.009371	-0.003215	0.002471	-0.009830	-1.019996	9002800.000000
2017-03-30	-0.006027	0.002000	0.008584	-0.007762	-0.660004	10592500.000000
2017-03-29	0.015863	0.001577	0.017996	-0.001020	1.709999	8788700.000000
2017-03-28	-0.002591	0.001388	0.008050	-0.005737	-0.279999	6472000.000000
2017-03-27	0.000370	-0.012866	0.001388	-0.014161	0.040001	7709400.000000
2017-03-24	-0.001940	0.001386	0.008129	-0.009423	-0.209999	7578400.000000
2017-03-23	0.020360	0.008106	0.025827	0.003299	2.160004	13410800.000000
2017-03-22	0.009516	-0.004282	0.009801	-0.010562	1.000000	7153000.000000
2017-03-21	-0.020140	0.011282	0.013520	-0.023776	-2.160004	13877700.000000
2017-03-20	0.015529	0.005871	0.024524	0.003125	1.639999	12447900.000000
2017-03-17	-0.000189	-0.004355	0.008236	-0.007290	-0.019996	8778900.000000
2017-03-16	0.018710	0.015045	0.018902	0.005893	1.939995	12445200.000000
2017-03-15	-0.005372	0.001151	0.002302	-0.015827	-0.559998	11695200.000000
2017-03-14	-0.008842	-0.005419	0.007796	-0.012911	-0.930000	7748400.000000
2017-03-13	0.017313	0.001257	0.027662	0.000774	1.790001	16118900.000000
2017-03-10	0.001453	0.001840	0.004456	-0.005909	0.150001	4120700.000000
2017-03-09	0.000194	-0.002422	0.005135	-0.004456	0.019997	4523600.000000
2017-03-08	0.005749	0.000000	0.016175	-0.000877	0.590004	7066700.000000
2017-03-07	0.003128	-0.000098	0.009755	-0.001955	0.319999	4985200.000000
2017-03-06	-0.009680	-0.005324	-0.000581	-0.011712	-1.000000	6290700.000000
2017-03-03	0.001163	-0.001938	0.002229	-0.007268	0.119996	6320900.000000
2017-03-02	-0.008170	-0.002307	0.005190	-0.012207	-0.849999	7983000.000000
2017-03-01	0.011079	0.007580	0.020311	0.003013	1.139999	10331800.000000
2017-02-28	-0.006757	0.002799	0.003764	-0.015154	-0.699996	8017500.000000
2017-02-27	0.006314	-0.004371	0.008499	-0.007091	0.650001	6865900.000000
2017-02-24	0.004782	-0.010443	0.005270	-0.011321	0.489998	7356600.000000
2017-02-23	-0.016699	0.004990	0.006334	-0.022841	-1.739998	10095600.000000
2017-02-22	0.020368	0.003525	0.030161	0.002938	2.079994	15779400.000000
2017-02-21	0.015917	0.005074	0.020096	0.003880	1.600006	8189600.000000
2017-02-17	-0.002976	-0.001289	0.009026	-0.005158	-0.300003	8258200.000000
2017-02-16	-0.007189	0.003053	0.005416	-0.010340	-0.730003	7464000.000000
2017-02-15	-0.000394	0.004626	0.005315	-0.014568	-0.039993	12384400.000000
2017-02-14	-0.014646	0.000388	0.004850	-0.021377	-1.510002	10240700.000000
2017-02-13	0.007229	0.004494	0.020320	0.002540	0.739997	9729000.000000
2017-02-10	-0.009483	0.005225	0.005806	-0.009967	-0.979995	7680300.000000
2017-02-09	-0.002221	0.000000	0.005890	-0.009752	-0.230004	8435800.000000
2017-02-08	0.027174	0.007141	0.031340	0.003273	2.739998	10178500.000000
2017-02-07	-0.000694	0.001388	0.006938	-0.003964	-0.070000	5655600.000000
2017-02-06	0.005080	-0.002191	0.013109	-0.003686	0.510003	6866700.000000
2017-02-03	-0.004462	0.006545	0.007140	-0.005355	-0.449997	6197600.000000
2017-02-02	-0.007187	-0.002855	-0.000985	-0.009944	-0.730004	5371600.000000
2017-02-01	0.002566	0.007502	0.010562	-0.004343	0.260002	5736400.000000
2017-01-31	0.002871	-0.007721	0.010592	-0.009503	0.290001	7530000.000000
2017-01-30	-0.010287	-0.008524	-0.005976	-0.019398	-1.050003	8619800.000000
2017-01-27	-0.006618	-0.004866	-0.000487	-0.014209	-0.680000	8031000.000000
2017-01-26	-0.012589	-0.001345	0.004901	-0.018163	-1.309998	12504800.000000
2017-01-25	0.025929	0.010155	0.028000	0.004634	2.629998	23322800.000000
2017-01-24	0.030688	0.048166	0.048572	0.015547	3.019996	37181500.000000
2017-01-23	0.024464	0.004372	0.027171	0.002082	2.350006	14090300.000000
2017-01-20	-0.001144	0.002912	0.010190	-0.005189	-0.110000	9685800.000000
2017-01-19	0.001771	0.004375	0.007292	-0.004375	0.169998	7090000.000000
2017-01-18	-0.001248	0.001560	0.001560	-0.008947	-0.120003	6610700.000000
2017-01-17	-0.001558	0.000519	0.003324	-0.013192	-0.149994	6342400.000000
2017-01-13	0.003858	0.000521	0.015433	-0.001460	0.369995	10701100.000000
2017-01-12	-0.010728	-0.000928	-0.000928	-0.022075	-1.040000	8424700.000000
2017-01-11	0.001964	0.001757	0.007235	-0.011886	0.190002	8735900.000000
2017-01-10	0.021432	0.017736	0.033615	0.008763	2.029999	14780600.000000
2017-01-09	0.008840	0.002876	0.018745	-0.006177	0.830002	10829500.000000
2017-01-06	-0.005086	0.000318	0.001378	-0.014517	-0.480004	7639800.000000
2017-01-05	0.042647	0.015468	0.047509	0.012485	3.860001	16821500.000000
2017-01-04	0.021558	0.004345	0.025847	-0.000226	1.910004	11490200.000000
2017-01-03	0.008997	0.013552	0.013552	0.003075	0.790000	8789400.000000
2016-12-30	0.005496	0.002748	0.008817	-0.001489	0.479996	7211100.000000
2016-12-29	-0.000458	0.005150	0.009500	-0.002404	-0.040001	5467100.000000
2016-12-28	-0.001942	0.008682	0.013822	-0.003655	-0.169998	6421100.000000
2016-12-27	0.008642	-0.000807	0.013250	-0.000922	0.750000	5228000.000000
2016-12-23	-0.000115	-0.002074	0.010138	-0.002074	-0.010002	6344000.000000
2016-12-22	-0.027451	-0.015238	-0.011092	-0.036302	-2.449997	14404500.000000
2016-12-21	-0.006567	0.001336	0.006567	-0.006567	-0.589996	9044900.000000
2016-12-20	0.010233	0.002924	0.015518	0.000112	0.909996	8434700.000000
2016-12-19	0.002932	-0.000677	0.012969	-0.002932	0.260002	10226300.000000
2016-12-16	-0.002026	0.001688	0.014069	-0.003264	-0.180000	11341500.000000
2016-12-15	-0.025661	-0.013050	-0.006470	-0.026867	-2.340004	19215500.000000
2016-12-14	-0.010525	-0.003581	0.001085	-0.014431	-0.970002	9153700.000000
2016-12-13	-0.003352	0.003569	0.013626	-0.006489	-0.309997	10491300.000000
2016-12-12	-0.008684	-0.013186	-0.004181	-0.016938	-0.809998	9355900.000000
2016-12-09	0.010508	0.002167	0.014408	-0.000325	0.970001	9177600.000000
2016-12-08	0.013616	0.008016	0.022071	-0.000439	1.239998	10919500.000000
2016-12-07	0.007411	0.001327	0.013827	-0.009956	0.669998	13240000.000000
2016-12-06	-0.006484	0.006264	0.010331	-0.011320	-0.589996	7787800.000000
2016-12-05	0.005637	-0.004752	0.010168	-0.010058	0.509995	8902600.000000
2016-12-02	0.006900	0.005787	0.020921	0.001002	0.620002	11718800.000000
2016-12-01	-0.044246	-0.000213	0.000372	-0.051478	-4.159996	24030700.000000
2016-11-30	-0.010212	0.003053	0.005158	-0.017791	-0.970001	11447700.000000
2016-11-29	0.013119	-0.000960	0.024477	-0.003946	1.229996	14146900.000000
2016-11-28	0.008064	0.000107	0.029362	-0.000108	0.750000	14340100.000000
2016-11-25	-0.000215	0.005590	0.007739	-0.002795	-0.019997	4868500.000000
2016-11-23	-0.001931	-0.007295	0.002038	-0.018882	-0.180000	11721700.000000
2016-11-22	-0.002141	0.008885	0.010812	-0.002676	-0.200005	10403600.000000
2016-11-21	0.000214	0.007067	0.013599	-0.004176	0.020005	8960000.000000
2016-11-18	-0.007229	0.008292	0.013075	-0.014883	-0.680001	10032600.000000
2016-11-17	0.013030	0.019922	0.022830	0.008400	1.209999	10380200.000000
2016-11-16	0.020440	0.004286	0.029451	0.003626	1.860001	14079700.000000
2016-11-15	0.013702	0.013702	0.041439	0.010917	1.230003	16723000.000000
2016-11-14	-0.034627	-0.005796	-0.004839	-0.054952	-3.220001	27356200.000000
2016-11-11	-0.014310	-0.005088	-0.002650	-0.034344	-1.349998	23664300.000000
2016-11-10	-0.024103	0.017275	0.018930	-0.046033	-2.330002	27346700.000000
2016-11-09	-0.031848	-0.024737	-0.012719	-0.040561	-3.180000	20948000.000000
2016-11-08	0.005033	0.000403	0.006442	-0.009965	0.500000	7956300.000000
2016-11-07	0.018243	0.025623	0.031260	0.016296	1.779998	11198300.000000
2016-11-04	-0.001841	-0.008696	0.010639	-0.011049	-0.180000	9048500.000000
2016-11-03	-0.007715	-0.004771	0.008020	-0.020810	-0.760002	17412600.000000
2016-11-02	-0.026100	0.026693	0.029165	-0.038062	-2.640000	36939900.000000
2016-11-01	-0.005310	-0.012391	-0.004425	-0.024388	-0.540000	21287300.000000
2016-10-31	-0.002355	0.007064	0.012558	-0.005003	-0.239998	15837900.000000
2016-10-28	-0.004395	-0.000293	0.006544	-0.008107	-0.449997	8479500.000000
2016-10-27	-0.003892	0.005838	0.012940	-0.009048	-0.400002	8807100.000000
2016-10-26	-0.013817	-0.005181	-0.002111	-0.014585	-1.440002	7579800.000000
2016-10-25	-0.002679	0.003445	0.006699	-0.004593	-0.279999	8985700.000000
2016-10-24	0.005388	0.010006	0.013084	-0.003752	0.559998	10898800.000000
2016-10-21	0.000867	-0.001444	0.000867	-0.010592	0.090004	8073100.000000
2016-10-20	-0.000770	0.002598	0.007794	-0.003464	-0.080002	7109800.000000
2016-10-19	0.005709	0.009580	0.014128	0.003000	0.590004	8918900.000000
2016-10-18	0.004862	0.015850	0.020906	0.004570	0.500000	11107200.000000
2016-10-17	0.009720	-0.003436	0.015906	-0.005695	0.989998	10351700.000000
2016-10-14	-0.002937	0.020754	0.024963	-0.010964	-0.300004	12789500.000000
2016-10-13	-0.014186	-0.015055	-0.010326	-0.044586	-1.470001	22390000.000000
2016-10-12	-0.015300	-0.001711	-0.001140	-0.032405	-1.610000	18435000.000000
2016-10-11	-0.029333	-0.004797	-0.004059	-0.033761	-3.180001	14916600.000000
2016-10-10	0.022736	0.007453	0.028302	0.005283	2.410004	11516600.000000
2016-10-07	-0.010086	-0.001774	0.004389	-0.014195	-1.080002	8954400.000000
2016-10-06	0.001122	0.003179	0.005142	-0.007246	0.120003	9885600.000000
2016-10-05	0.014320	0.003983	0.018966	0.001992	1.510002	13176500.000000
2016-10-04	0.000664	0.005219	0.008066	-0.003131	0.070000	11068800.000000
2016-10-03	-0.003876	-0.003214	0.004726	-0.007657	-0.410004	10849500.000000
2016-09-30	0.002274	0.009000	0.014685	0.002274	0.239998	15577500.000000
2016-09-29	-0.029425	-0.020598	-0.018943	-0.038437	-3.199997	30236700.000000
2016-09-28	0.004526	0.001663	0.014872	-0.010161	0.489998	16371600.000000
2016-09-27	0.022382	0.005950	0.024554	0.004533	2.370003	17556700.000000
2016-09-26	-0.016897	-0.011048	-0.006035	-0.022375	-1.820000	16805300.000000
2016-09-23	-0.015088	-0.010150	-0.008778	-0.024232	-1.650002	23083000.000000
2016-09-22	0.031698	0.014811	0.035472	0.013962	3.360001	35627700.000000
2016-09-21	0.045777	0.010852	0.047652	0.008386	4.639999	22997100.000000
2016-09-20	-0.016209	-0.000874	0.006794	-0.020382	-1.669998	12863800.000000
2016-09-19	-0.015386	0.004969	0.008219	-0.023366	-1.610000	15234600.000000
2016-09-16	0.001819	-0.004308	0.009000	-0.005649	0.190002	20363500.000000
2016-09-15	0.020019	0.002148	0.020313	0.001270	2.049995	20795900.000000
2016-09-14	0.021141	-0.001994	0.023035	-0.002593	2.120003	19604700.000000
2016-09-13	-0.005159	-0.004167	0.006845	-0.019445	-0.520004	20004900.000000
2016-09-12	0.011845	-0.022486	0.017667	-0.026300	1.180000	17318200.000000
2016-09-09	-0.028761	-0.007507	-0.003510	-0.034318	-2.949997	21250400.000000
2016-09-08	0.002443	-0.003812	0.014269	-0.006744	0.250000	15475500.000000
2016-09-07	-0.014068	0.000578	0.002120	-0.014646	-1.459999	15758800.000000
2016-09-06	0.045642	0.012091	0.050882	0.012091	4.529999	32803800.000000
2016-09-02	0.018785	0.005646	0.023045	0.005646	1.830002	17482600.000000
2016-09-01	0.002366	0.001132	0.008334	-0.001852	0.229996	13387400.000000
2016-08-31	0.012396	0.001458	0.012500	0.000104	1.190002	28617000.000000
2016-08-30	0.011804	0.004954	0.018971	0.003057	1.120003	13994200.000000
2016-08-29	-0.001894	-0.004839	0.001052	-0.008942	-0.180001	8818300.000000
2016-08-26	0.011922	0.002235	0.016074	0.001490	1.119996	14133900.000000
2016-08-25	0.000639	-0.001385	0.008628	-0.008095	0.060005	13039900.000000
2016-08-24	-0.019939	-0.001148	0.005324	-0.023280	-1.910004	12726600.000000
2016-08-23	0.001464	-0.000627	0.008677	-0.002509	0.139999	9646800.000000
2016-08-22	-0.012492	-0.004026	-0.002375	-0.021784	-1.209999	16222900.000000
2016-08-19	-0.001443	-0.000928	0.002474	-0.006804	-0.139999	14267100.000000
2016-08-18	0.000000	0.002577	0.009691	-0.003917	0.000000	15009000.000000
2016-08-17	0.003517	-0.005069	0.006104	-0.006311	0.339996	14980900.000000
2016-08-16	-0.005248	-0.010497	-0.000206	-0.021817	-0.509994	27514000.000000
2016-08-15	-0.010992	0.000305	0.006209	-0.014555	-1.080002	33813400.000000
2016-08-12	0.070611	0.013185	0.071701	0.012422	6.480003	71968300.000000
2016-08-11	0.050842	0.055078	0.062636	0.045002	4.439995	54169200.000000
2016-08-10	0.024519	0.009033	0.029212	0.009033	2.090004	28195900.000000
2016-08-09	0.002824	0.000588	0.007412	-0.002353	0.239998	15349200.000000
2016-08-08	0.004847	0.004729	0.005083	-0.003428	0.410004	11528200.000000
2016-08-05	-0.001888	0.003068	0.003894	-0.003658	-0.160004	9401700.000000
2016-08-04	0.012908	0.000956	0.015657	0.000239	1.080002	10731600.000000
2016-08-03	-0.001551	-0.005967	0.000477	-0.007518	-0.130005	5365800.000000
2016-08-02	-0.006403	0.000000	0.000000	-0.016955	-0.539993	7691600.000000
2016-08-01	0.022551	0.003758	0.028128	0.001334	1.859993	13401200.000000
2016-07-29	-0.007700	0.003008	0.003609	-0.014136	-0.640000	8709300.000000
2016-07-28	0.000241	0.004332	0.004693	-0.011793	0.020005	7476500.000000
2016-07-27	-0.005862	0.000120	0.000598	-0.007058	-0.489998	11629000.000000
2016-07-26	0.004808	-0.003967	0.005289	-0.006732	0.399994	7714700.000000
2016-07-25	-0.015386	-0.000237	0.003551	-0.022251	-1.299996	13185900.000000
2016-07-22	0.003683	-0.002138	0.003801	-0.004395	0.309998	5988400.000000
2016-07-21	-0.002843	0.003435	0.006870	-0.009003	-0.239998	10163500.000000
2016-07-20	0.019935	0.006041	0.023318	0.005558	1.650001	13991000.000000
2016-07-19	0.001452	-0.002057	0.012583	-0.007260	0.119995	9799400.000000
2016-07-18	0.017231	-0.008000	0.018954	-0.008000	1.400002	12113600.000000
2016-07-15	-0.005995	0.000489	0.009175	-0.009481	-0.489998	8919900.000000
2016-07-14	0.014522	0.007571	0.020727	0.003599	1.169998	9361500.000000
2016-07-13	-0.014314	0.001101	0.001713	-0.016760	-1.169998	10739200.000000
2016-07-12	0.003437	0.004051	0.017432	0.000614	0.279999	15294100.000000
2016-07-11	0.031270	0.004304	0.036840	0.003165	2.470001	17417500.000000
2016-07-08	-0.004537	-0.011468	0.000000	-0.019534	-0.360000	14029100.000000
2016-07-07	0.009028	0.004578	0.010809	0.000890	0.709999	6819200.000000
2016-07-06	-0.004179	-0.006332	-0.001899	-0.016335	-0.330002	7737600.000000
2016-07-05	-0.008537	-0.007659	-0.001255	-0.016070	-0.680001	6845200.000000
2016-07-01	0.001509	-0.005155	0.006538	-0.005155	0.120003	7271300.000000
2016-06-30	0.019093	0.003460	0.022040	0.003075	1.489998	12485300.000000
2016-06-29	0.023073	0.009177	0.028841	0.008128	1.760002	11460000.000000
2016-06-28	0.027617	0.017109	0.031928	0.017109	2.049996	11266200.000000
2016-06-27	-0.027002	-0.006423	-0.004195	-0.039193	-2.059998	15131300.000000
2016-06-24	-0.036012	-0.029189	-0.020723	-0.046879	-2.849998	18224800.000000
2016-06-23	0.005208	0.005462	0.009272	-0.002286	0.409996	8279500.000000
2016-06-22	0.001399	0.005342	0.006360	-0.005215	0.110000	8170900.000000
2016-06-21	0.006014	0.007678	0.011900	0.003199	0.470001	8881800.000000
2016-06-20	0.014935	0.011688	0.023247	0.010909	1.150002	9625600.000000
2016-06-17	-0.016226	0.002300	0.002300	-0.022869	-1.269997	15582600.000000
2016-06-16	-0.001531	-0.007016	0.000128	-0.027937	-0.120002	13570700.000000
2016-06-15	0.007972	0.006944	0.012846	-0.003343	0.620002	14734800.000000
2016-06-14	0.030749	0.019086	0.039761	0.017230	2.320000	22358900.000000
2016-06-13	-0.006191	-0.008825	0.007047	-0.014094	-0.470001	11300800.000000
2016-06-10	-0.021145	-0.014569	-0.006575	-0.023208	-1.640000	10421100.000000
2016-06-09	-0.001030	-0.003220	0.005538	-0.011077	-0.080001	8994400.000000
2016-06-08	-0.002569	0.002056	0.008864	-0.005974	-0.199997	11614100.000000
2016-06-07	-0.002818	0.001665	0.003971	-0.009480	-0.220002	12878000.000000
2016-06-06	0.018794	0.006395	0.022318	0.001044	1.439995	19166100.000000
2016-06-03	-0.008797	-0.000776	0.006468	-0.020569	-0.680000	23685700.000000
2016-06-02	0.007954	-0.000522	0.013822	-0.001695	0.610001	45379500.000000
2016-06-01	-0.064756	0.000000	0.000000	-0.066463	-5.309998	62531500.000000
2016-05-31	0.012721	0.000370	0.013091	-0.009510	1.029999	78861400.000000
2016-05-27	0.033440	0.001787	0.033823	0.000511	2.620003	24489300.000000
2016-05-26	0.036513	0.000000	0.043326	0.000000	2.760002	26968600.000000
2016-05-25	-0.068171	-0.031928	-0.023669	-0.086292	-5.530007	49606600.000000
2016-05-24	0.026835	0.002152	0.029240	0.000886	2.120003	16707700.000000
2016-05-23	0.002665	0.002031	0.009011	-0.002412	0.209999	7187500.000000
2016-05-20	0.006001	0.000000	0.014428	0.000000	0.470001	11043900.000000
2016-05-19	-0.008984	-0.004808	0.002910	-0.018094	-0.709999	8317500.000000
2016-05-18	-0.004033	-0.008066	0.008192	-0.011090	-0.319999	9085800.000000
2016-05-17	0.000757	0.006810	0.011477	0.000252	0.059997	10970700.000000
2016-05-16	0.027605	0.009072	0.035899	0.005573	2.129997	11661000.000000
2016-05-13	-0.025265	-0.004232	0.000000	-0.027666	-2.000000	10078000.000000
2016-05-12	-0.008020	0.002632	0.008145	-0.018546	-0.639999	8791400.000000
2016-05-11	0.001004	-0.003638	0.009596	-0.003889	0.080002	11072500.000000
2016-05-10	0.003904	0.004785	0.007178	-0.003274	0.309997	9319700.000000
2016-05-09	0.002652	-0.003283	0.009849	-0.003914	0.210007	11795800.000000
2016-05-06	0.004694	-0.006089	0.011290	-0.007358	0.369995	12617700.000000
2016-05-05	0.039699	0.048800	0.054339	0.030071	3.010002	27950900.000000
2016-05-04	-0.001186	-0.003557	0.000000	-0.011856	-0.090004	14326600.000000
2016-05-03	-0.009137	-0.008485	-0.004438	-0.015468	-0.699997	8019200.000000
2016-05-02	-0.004289	-0.000650	0.000780	-0.012997	-0.330001	7718100.000000
2016-04-29	0.007068	0.005366	0.011518	-0.009686	0.540000	10124300.000000
2016-04-28	-0.016098	0.000000	0.003220	-0.020090	-1.250000	9959900.000000
2016-04-27	-0.012212	-0.003943	0.000127	-0.025951	-0.959999	11491900.000000
2016-04-26	-0.002917	0.000127	0.009132	-0.013191	-0.229995	9632700.000000
2016-04-25	-0.013143	-0.001126	-0.000626	-0.015146	-1.050003	9207600.000000
2016-04-22	-0.011018	-0.008170	0.008170	-0.020116	-0.890000	8649300.000000
2016-04-21	-0.005295	-0.001601	0.007019	-0.012437	-0.430000	8819000.000000
2016-04-20	0.022024	-0.005789	0.028631	-0.005915	1.750000	14911900.000000
2016-04-19	0.005695	0.002405	0.018605	-0.006835	0.449997	14742000.000000
2016-04-18	0.000507	-0.005698	0.001899	-0.015955	0.040001	7745200.000000
2016-04-15	-0.008039	-0.002010	0.001759	-0.014445	-0.640000	11709100.000000
2016-04-14	-0.000377	-0.004144	0.002737	-0.016072	-0.029998	12611500.000000
2016-04-13	0.022862	0.011302	0.023889	0.008220	1.779998	14150900.000000
2016-04-12	0.001930	0.003732	0.006820	-0.010809	0.150002	7115400.000000
2016-04-11	0.003098	0.007745	0.014444	-0.000516	0.239998	7896500.000000
2016-04-08	-0.001804	0.008504	0.014818	-0.012743	-0.140000	8401200.000000
2016-04-07	-0.013599	-0.013727	-0.001017	-0.019026	-1.069999	10937900.000000
2016-04-06	0.017589	-0.000259	0.023668	-0.001681	1.360000	9071900.000000
2016-04-05	-0.022256	-0.011128	-0.009863	-0.027441	-1.760002	9603900.000000
2016-04-04	0.004446	-0.005081	0.010415	-0.005208	0.349999	9817300.000000
2016-04-01	-0.003796	-0.009996	-0.000127	-0.010502	-0.299996	9262200.000000
2016-03-31	0.002156	-0.004565	0.012427	-0.005706	0.169998	11318500.000000
2016-03-30	0.009990	0.011911	0.018827	0.005891	0.779999	10696000.000000
2016-03-29	0.020920	-0.011506	0.023012	-0.011899	1.599999	12535000.000000
2016-03-28	0.008173	0.007777	0.013578	-0.012655	0.620002	6082100.000000
2016-03-24	-0.009143	-0.018417	-0.005355	-0.039577	-0.699997	8833400.000000
2016-03-23	-0.020721	-0.000256	0.010233	-0.025966	-1.620002	10806800.000000
2016-03-22	0.000896	-0.014211	0.005633	-0.015389	0.069999	9148400.000000
2016-03-21	0.024393	0.011016	0.044984	0.009049	1.860001	15493300.000000
2016-03-18	0.026936	0.009697	0.027609	0.006195	2.000000	13350100.000000
2016-03-17	0.010204	0.003537	0.011837	0.000136	0.750000	9423900.000000
2016-03-16	0.017583	-0.003046	0.019798	-0.005123	1.269997	7701200.000000
2016-03-15	-0.015269	-0.009952	-0.006953	-0.021813	-1.119995	8373700.000000
2016-03-14	-0.008918	0.000000	0.005540	-0.015133	-0.660004	11069800.000000
2016-03-11	0.028345	0.008476	0.028345	0.003474	2.040001	11219200.000000
2016-03-10	-0.006351	0.000966	0.008560	-0.025197	-0.459999	11247900.000000
2016-03-09	0.019136	0.007317	0.021669	-0.005488	1.360000	7283400.000000
2016-03-08	-0.024969	-0.006722	-0.003293	-0.026478	-1.819999	8670700.000000
2016-03-07	0.009277	-0.000277	0.024370	-0.003046	0.669998	11244500.000000
2016-03-04	0.016897	-0.000845	0.027316	-0.004224	1.200004	10763600.000000
2016-03-03	-0.003228	0.000842	0.018807	-0.011088	-0.230003	11596400.000000
2016-03-02	0.005504	0.016653	0.016653	-0.001552	0.389999	10503000.000000
2016-03-01	0.029792	0.017585	0.044034	0.015259	2.050003	14007700.000000
2016-02-29	0.028396	0.010910	0.054850	0.009714	1.899994	17984200.000000
2016-02-26	0.003750	0.021452	0.032553	0.003000	0.250000	12084100.000000
2016-02-25	-0.008478	-0.023204	-0.007586	-0.038227	-0.569999	14686100.000000
2016-02-24	0.003882	-0.011946	0.010751	-0.026280	0.260002	10781500.000000
2016-02-23	-0.027164	-0.004939	-0.002615	-0.034500	-1.869995	12930600.000000
2016-02-22	0.023187	0.015161	0.033442	0.010404	1.559997	13405400.000000
2016-02-19	0.011425	0.004209	0.018491	-0.006464	0.760002	12334900.000000
2016-02-18	0.002109	0.009340	0.031937	-0.002260	0.140000	14547800.000000
2016-02-17	0.001358	0.015236	0.016594	-0.009202	0.089996	14457100.000000
2016-02-16	0.088685	0.057973	0.098538	0.051733	5.400002	21735400.000000
2016-02-12	0.005283	0.011557	0.036487	-0.004788	0.319999	13669600.000000
2016-02-11	-0.019586	-0.024765	-0.002428	-0.031240	-1.209999	15008500.000000
2016-02-10	0.006353	0.008308	0.027692	-0.008470	0.390000	8998600.000000
2016-02-09	0.004746	-0.016203	0.018331	-0.030278	0.290001	12738300.000000
2016-02-08	-0.024585	-0.027778	-0.009419	-0.034962	-1.540001	16157900.000000
2016-02-05	-0.034228	-0.002313	0.000000	-0.041320	-2.220002	12842800.000000
2016-02-04	0.022383	0.014029	0.035940	-0.005359	1.420002	22911500.000000
2016-02-03	-0.025349	0.007835	0.009833	-0.064833	-1.649997	31918600.000000
2016-02-02	-0.028942	0.000298	0.010592	-0.035357	-1.940003	19150800.000000
2016-02-01	0.000000	-0.007907	0.009995	-0.025063	0.000000	16213800.000000
2016-01-29	0.001644	0.015840	0.030036	-0.022714	0.110001	25594700.000000
2016-01-28	-0.037676	0.043284	0.051913	-0.041271	-2.620003	33165100.000000
2016-01-27	-0.003296	0.002723	0.023649	-0.014691	-0.229996	18257600.000000
2016-01-26	0.000717	-0.010184	0.006741	-0.012048	0.049996	11473300.000000
2016-01-25	-0.009237	0.006111	0.006111	-0.019184	-0.650002	14782800.000000
2016-01-22	-0.004949	0.025311	0.037047	-0.011736	-0.349998	15834700.000000
2016-01-21	0.029253	0.001019	0.042789	-0.022791	2.010002	16576500.000000
2016-01-20	-0.020248	-0.030016	-0.014516	-0.068302	-1.419998	19464400.000000
2016-01-19	0.007760	0.033769	0.039086	0.003161	0.540001	17421700.000000
2016-01-15	-0.036817	-0.049135	-0.017301	-0.065176	-2.660004	20610400.000000
2016-01-14	0.027884	0.000000	0.034571	-0.028738	1.959999	17719600.000000
2016-01-13	-0.032884	0.001238	0.007691	-0.033847	-2.389999	12480200.000000
2016-01-12	0.039474	0.021882	0.040761	0.015446	2.760002	13456000.000000
2016-01-11	-0.012429	0.006921	0.013136	-0.025141	-0.880005	16961400.000000
2016-01-08	-0.026403	0.022140	0.026678	-0.028190	-1.919998	20814600.000000
2016-01-07	-0.059615	-0.052244	-0.023665	-0.074874	-4.610001	27288100.000000
2016-01-06	-0.016533	-0.019204	-0.001844	-0.021111	-1.299995	11569300.000000
2016-01-05	0.025297	0.016039	0.025949	0.007433	1.939995	14258900.000000
2016-01-04	-0.056355	-0.038021	-0.036422	-0.074935	-4.579995	23066300.000000
2015-12-31	-0.005020	-0.002449	0.005999	-0.005264	-0.410003	6691200.000000
2015-12-30	-0.018977	-0.003723	-0.001802	-0.021139	-1.580002	6984300.000000
2015-12-29	0.013635	0.004383	0.016679	0.003287	1.120003	6942700.000000
2015-12-28	-0.018755	-0.013738	-0.011468	-0.026162	-1.570000	9319400.000000
2015-12-24	-0.012854	-0.002830	0.000000	-0.016391	-1.090004	3775300.000000
2015-12-23	-0.000471	0.002475	0.002947	-0.013201	-0.039993	11238500.000000
2015-12-22	0.023772	0.000241	0.026910	0.000241	1.969993	12778200.000000
2015-12-21	0.002662	0.006050	0.013067	-0.002662	0.220001	8094600.000000
2015-12-18	-0.010890	-0.004308	0.002274	-0.018310	-0.909996	12168700.000000
2015-12-17	-0.012643	0.004372	0.008153	-0.021033	-1.069999	13003000.000000
2015-12-16	0.025943	0.009819	0.031034	0.006122	2.139999	16575600.000000
2015-12-15	0.023830	0.006082	0.035001	0.004096	1.919998	13054800.000000
2015-12-14	0.010409	0.005142	0.012792	-0.009406	0.830002	12077700.000000
2015-12-11	-0.054429	-0.017550	-0.015178	-0.058200	-4.590004	20793600.000000
2015-12-10	0.010909	-0.000959	0.011029	-0.006833	0.910004	10417500.000000
2015-12-09	-0.011377	-0.000118	0.009718	-0.016710	-0.959999	21919200.000000
2015-12-08	-0.004483	-0.023478	-0.001062	-0.025366	-0.380005	14667400.000000
2015-12-07	-0.001061	-0.000589	0.003300	-0.007661	-0.089996	11875500.000000
2015-12-04	0.027364	-0.000121	0.029180	-0.002058	2.260002	15555000.000000
2015-12-03	-0.028353	0.000588	0.001176	-0.034118	-2.410004	23029200.000000
2015-12-02	0.011905	0.003214	0.021667	0.002976	1.000000	36611500.000000
2015-12-01	-0.000951	-0.003687	0.003687	-0.006898	-0.080002	26235500.000000
2015-11-30	0.033178	0.001475	0.037970	0.000000	2.700005	97914100.000000
2015-11-27	-0.004039	-0.013952	-0.003671	-0.029800	-0.330002	12599900.000000
2015-11-25	0.010512	0.000618	0.022446	-0.000495	0.849998	16330900.000000
2015-11-24	-0.005534	-0.005657	-0.002460	-0.025089	-0.449997	15283600.000000
2015-11-23	0.017011	0.006254	0.028018	0.000250	1.360001	18766400.000000
2015-11-20	0.026711	0.007320	0.037434	0.006806	2.079994	21025800.000000
2015-11-19	0.002317	0.004762	0.018793	-0.003694	0.180001	15692700.000000
2015-11-18	-0.005632	0.001536	0.002304	-0.025342	-0.439995	16735400.000000
2015-11-17	-0.002171	0.007663	0.010728	-0.010600	-0.170006	12471400.000000
2015-11-16	0.032301	-0.000264	0.038233	-0.001055	2.450005	17045500.000000
2015-11-13	-0.036948	-0.020442	-0.009650	-0.039614	-2.910004	24235500.000000
2015-11-12	-0.013651	-0.010770	0.008140	-0.017533	-1.089996	18839800.000000
2015-11-11	-0.019403	0.010438	0.013017	-0.040648	-1.580002	29636600.000000
2015-11-10	0.000614	-0.003441	0.012902	-0.021627	0.050003	22004400.000000
2015-11-09	-0.026671	-0.002033	-0.001674	-0.040545	-2.230004	19091500.000000
2015-11-06	-0.020731	0.001757	0.011361	-0.053994	-1.769996	38531000.000000
2015-11-05	-0.000234	-0.002108	0.011944	-0.014052	-0.020005	20657200.000000
2015-11-04	0.023490	0.012104	0.025887	0.007071	1.960000	23728500.000000
2015-11-03	-0.010788	-0.004149	0.002845	-0.014464	-0.909996	11641300.000000
2015-11-02	0.006203	-0.003698	0.011929	-0.012883	0.519996	13827400.000000
2015-10-30	0.019582	0.005838	0.027001	0.004622	1.610001	20740500.000000
2015-10-29	-0.001579	-0.004614	0.002186	-0.018579	-0.129997	16431700.000000
2015-10-28	0.036631	0.000504	0.039086	-0.003021	2.909996	25027100.000000
2015-10-27	0.040472	0.000000	0.084348	0.000000	3.090004	50815800.000000
2015-10-26	0.009653	-0.002380	0.023803	-0.006480	0.729995	24819700.000000
2015-10-23	0.065221	0.042119	0.067193	0.026060	4.630005	22510800.000000
2015-10-22	0.021733	0.009787	0.030944	0.008492	1.509995	10811400.000000
2015-10-21	-0.032177	0.000000	0.000000	-0.040396	-2.309998	16800200.000000
2015-10-20	-0.011838	0.004680	0.004818	-0.015141	-0.860001	10813700.000000
2015-10-19	0.009168	-0.002639	0.014030	-0.006501	0.660004	10886900.000000
2015-10-16	0.002926	0.010031	0.025913	-0.007941	0.209999	15953500.000000
2015-10-15	0.047272	0.011672	0.056901	0.010505	3.239998	18203000.000000
2015-10-14	-0.016360	-0.002583	0.000287	-0.032362	-1.139999	12286100.000000
2015-10-13	-0.008819	-0.011522	0.000284	-0.027312	-0.620003	13052800.000000
2015-10-12	0.023141	0.013535	0.025615	0.004221	1.590004	15549100.000000
2015-10-09	0.014919	0.000000	0.025849	-0.005761	1.010002	14762900.000000
2015-10-08	0.021424	-0.003621	0.032136	-0.004828	1.419998	18667500.000000
2015-10-07	0.036921	0.014393	0.042866	0.007196	2.360001	15770100.000000
2015-10-06	-0.000156	-0.003285	0.012514	-0.010167	-0.010002	9620900.000000
2015-10-05	0.011551	0.004272	0.024921	-0.015823	0.729999	13583500.000000
2015-10-02	0.073552	-0.008663	0.074231	-0.011381	4.330002	22356300.000000
2015-10-01	-0.001696	0.008988	0.014584	-0.012549	-0.100002	8147700.000000
2015-09-30	0.019889	0.018160	0.039087	0.009166	1.150001	16767100.000000
2015-09-29	0.007493	-0.001568	0.021955	-0.003311	0.430001	16771000.000000
2015-09-28	-0.031229	-0.007259	0.014855	-0.032495	-1.850003	20661600.000000
2015-09-25	-0.011348	0.011849	0.015354	-0.016689	-0.679996	17009100.000000
2015-09-24	-0.001333	-0.009667	0.005667	-0.029833	-0.080002	20645700.000000
2015-09-23	-0.030695	0.000969	0.006462	-0.035864	-1.900002	22684600.000000
2015-09-22	-0.031299	-0.015024	-0.009859	-0.036307	-2.000000	14897900.000000
2015-09-21	-0.028137	-0.005627	0.009886	-0.042433	-1.849998	22355100.000000
2015-09-18	-0.003788	-0.009091	-0.003788	-0.030151	-0.250000	20127300.000000
2015-09-17	-0.018295	-0.012197	-0.008627	-0.024245	-1.230003	16594600.000000
2015-09-16	0.036700	0.011719	0.049807	0.006322	2.380005	25801000.000000
2015-09-15	0.035942	-0.018371	0.044090	-0.023802	2.250000	29035000.000000
2015-09-14	-0.031410	-0.032183	-0.021198	-0.048739	-2.029999	26763300.000000
2015-09-11	0.012533	-0.007207	0.015040	-0.017703	0.799995	17747000.000000
2015-09-10	-0.003279	-0.008120	0.003279	-0.010931	-0.209999	13281600.000000
2015-09-09	0.051387	0.029880	0.061730	0.026597	3.130001	33147900.000000
2015-09-08	-0.046941	0.029260	0.045376	-0.057268	-3.000000	50328400.000000
2015-09-04	-0.038514	-0.016022	-0.013540	-0.047089	-2.560001	18186400.000000
2015-09-03	0.014190	0.004287	0.020598	-0.001983	0.930000	15803200.000000
2015-09-02	0.010952	0.013265	0.018047	0.002175	0.709999	13376300.000000
2015-09-01	-0.019510	-0.026316	0.010889	-0.031307	-1.290001	23460900.000000
2015-08-31	-0.056372	-0.012702	-0.010989	-0.057799	-3.949997	18479900.000000
2015-08-28	-0.010870	-0.016375	-0.004799	-0.025339	-0.769996	10604600.000000
2015-08-27	0.031751	0.031751	0.042674	0.019808	2.179992	18123800.000000
2015-08-26	0.001313	0.005542	0.012834	-0.041126	0.090004	26389200.000000
2015-08-25	0.042097	0.046200	0.068845	0.025684	2.769997	29948400.000000
2015-08-24	-0.034908	-0.146964	-0.034908	-0.149311	-2.379997	31376400.000000
2015-08-21	-0.030432	-0.014221	0.004835	-0.030432	-2.140000	29128600.000000
2015-08-20	-0.038293	-0.015591	-0.004650	-0.042259	-2.800003	20995600.000000
2015-08-19	-0.010287	-0.009881	-0.004331	-0.014483	-0.759994	18045900.000000
2015-08-18	-0.017423	-0.015162	-0.000798	-0.019417	-1.310005	11155100.000000
2015-08-17	0.005752	0.001204	0.006420	-0.008026	0.430000	12677400.000000
2015-08-14	-0.004660	-0.007722	0.005059	-0.008654	-0.349999	12367300.000000
2015-08-13	0.023576	0.008449	0.045653	0.003816	1.730004	23230700.000000
2015-08-12	-0.051202	-0.064908	-0.045125	-0.081588	-3.959999	41093200.000000
2015-08-11	-0.038897	-0.012290	-0.005841	-0.053685	-3.130005	22976600.000000
2015-08-10	0.020934	0.013195	0.027531	0.008627	1.650001	11276700.000000
2015-08-07	-0.001773	0.008739	0.015704	-0.003799	-0.139999	8738800.000000
2015-08-06	-0.010774	0.000376	0.011651	-0.014783	-0.860001	9297800.000000
2015-08-05	0.012045	0.009129	0.019653	0.007734	0.949997	7502600.000000
2015-08-04	0.011284	0.001026	0.017489	-0.002436	0.880005	8501200.000000
2015-08-03	-0.004468	-0.001787	0.002042	-0.015701	-0.349998	9277000.000000
2015-07-31	-0.020260	-0.001376	-0.000688	-0.022011	-1.620003	12687000.000000
2015-07-30	-0.003738	-0.001869	0.004735	-0.010092	-0.300003	6934700.000000
2015-07-29	-0.003724	0.005214	0.010042	-0.006827	-0.299996	7177100.000000
2015-07-28	-0.010319	-0.008968	-0.007371	-0.026413	-0.840004	12122800.000000
2015-07-27	-0.019513	-0.026138	-0.015900	-0.040231	-1.619995	12185700.000000
2015-07-24	-0.010253	0.015379	0.017883	-0.014664	-0.860000	8759900.000000
2015-07-23	-0.003209	0.006061	0.009744	-0.010695	-0.270005	7452300.000000
2015-07-22	0.019506	-0.004604	0.026775	-0.006542	1.610001	11209200.000000
2015-07-21	-0.001572	0.005322	0.007016	-0.005443	-0.129997	5750700.000000
2015-07-20	-0.008277	0.002399	0.003839	-0.015715	-0.690003	8126100.000000
2015-07-17	0.022446	0.005642	0.026616	0.000613	1.830002	14505400.000000
2015-07-16	0.009910	0.008175	0.015731	0.002106	0.799996	8604500.000000
2015-07-15	-0.009448	-0.007362	0.000000	-0.015828	-0.769997	9514200.000000
2015-07-14	-0.004398	-0.003420	0.001955	-0.008918	-0.360001	7519300.000000
2015-07-13	0.019427	0.007721	0.023661	0.004981	1.559998	10350500.000000
2015-07-10	0.015941	0.026442	0.027328	0.010121	1.260002	11224500.000000
2015-07-09	0.014113	0.038363	0.041699	0.014113	1.099999	19737400.000000
2015-07-08	-0.021100	-0.038181	-0.010425	-0.042703	-1.680001	22714900.000000
2015-07-07	-0.007603	-0.009722	-0.005484	-0.050106	-0.610000	34221700.000000
2015-07-06	-0.022420	-0.018399	-0.006945	-0.023760	-1.839997	11864200.000000
2015-07-02	-0.004730	-0.004123	-0.001698	-0.008246	-0.389999	6760200.000000
2015-07-01	0.002309	0.004011	0.008873	-0.003403	0.190002	5950000.000000
2015-06-30	0.014802	0.018626	0.032318	0.010978	1.199997	12551400.000000
2015-06-29	-0.026537	0.000000	0.000000	-0.029779	-2.209999	15199800.000000
2015-06-26	-0.022994	-0.007156	-0.006922	-0.028390	-1.959999	12668600.000000
2015-06-25	0.000822	0.003522	0.005049	-0.003170	0.070000	8949800.000000
2015-06-24	0.001058	0.000976	0.008580	-0.002703	0.089996	9434300.000000
2015-06-23	-0.007003	0.003501	0.007703	-0.009921	-0.599998	11411300.000000
2015-06-22	-0.000700	0.003849	0.007698	-0.001866	-0.059998	7154200.000000
2015-06-19	-0.011643	-0.002767	-0.001729	-0.018213	-1.010002	10317000.000000
2015-06-18	-0.000576	0.001959	0.009101	-0.005530	-0.050003	11737200.000000
2015-06-17	0.008247	0.005692	0.019863	0.004530	0.710007	10241500.000000
2015-06-16	-0.000348	-0.001359	0.006735	-0.005922	-0.030007	10974200.000000
2015-06-15	-0.005887	-0.003809	0.006233	-0.006695	-0.509994	10230400.000000
2015-06-12	-0.006651	0.002408	0.006651	-0.008371	-0.580002	9977100.000000
2015-06-11	-0.019010	0.001462	0.006524	-0.020248	-1.690003	13716200.000000
2015-06-10	0.015072	0.001370	0.016100	-0.004339	1.320000	12551300.000000
2015-06-09	-0.008042	-0.002832	-0.001246	-0.024578	-0.709999	16081800.000000
2015-06-08	-0.026678	-0.000661	0.009811	-0.027197	-2.419998	15603000.000000
2015-06-05	0.001325	-0.001435	0.011149	-0.001435	0.120003	11353900.000000
2015-06-04	-0.002203	-0.000881	0.006829	-0.005728	-0.200005	8689000.000000
2015-06-03	0.003094	0.000000	0.005856	-0.006740	0.279999	9390800.000000
2015-06-02	-0.002974	-0.002534	0.008372	-0.006499	-0.269997	9865300.000000
2015-06-01	0.016346	0.008621	0.018697	0.001903	1.459999	9905900.000000
2015-05-29	-0.017922	0.004398	0.006047	-0.017922	-1.629997	13893200.000000
2015-05-28	-0.017819	-0.009827	-0.007235	-0.021814	-1.650001	14213000.000000
2015-05-27	0.000865	-0.003242	0.005080	-0.009944	0.080001	9519300.000000
2015-05-26	-0.008041	0.004074	0.006969	-0.018441	-0.750000	15674900.000000
2015-05-22	-0.006498	0.004261	0.012569	-0.007350	-0.610000	22183300.000000
2015-05-21	0.035061	0.007166	0.044873	0.002426	3.180000	40729400.000000
2015-05-20	0.028228	-0.000794	0.029362	-0.010316	2.489998	29812300.000000
2015-05-19	0.012628	-0.001378	0.019401	-0.007347	1.099998	20727700.000000
2015-05-18	-0.015261	-0.009609	-0.005991	-0.020913	-1.349998	13490200.000000
2015-05-15	0.000679	0.001244	0.006335	-0.003959	0.059997	13424600.000000
2015-05-14	0.009939	0.002399	0.010853	0.000000	0.870003	12087900.000000
2015-05-13	0.008759	0.003573	0.019592	0.002651	0.760002	19015900.000000
2015-05-12	0.000577	0.003805	0.008994	-0.006688	0.049996	16077800.000000
2015-05-11	-0.003905	-0.004135	0.007007	-0.011486	-0.339997	19776900.000000
2015-05-08	0.012326	0.021163	0.026395	0.010349	1.059998	30140600.000000
2015-05-07	0.075000	0.110375	0.116125	0.061375	6.000000	69448800.000000
2015-05-06	0.005783	0.001383	0.016470	-0.000377	0.459999	24953500.000000
2015-05-05	-0.013029	-0.001861	0.003847	-0.034992	-1.049995	32661900.000000
2015-05-04	-0.007146	0.000000	0.004805	-0.012936	-0.580002	21551500.000000
2015-05-01	-0.001476	-0.003198	0.011810	-0.014516	-0.120003	17910500.000000
2015-04-30	-0.014069	-0.002790	0.002426	-0.024378	-1.159996	14209700.000000
2015-04-29	-0.030912	-0.011989	-0.007992	-0.040433	-2.630005	21098000.000000
2015-04-28	0.002120	0.007538	0.007892	-0.012721	0.180000	11110500.000000
2015-04-27	0.003902	0.011352	0.020102	0.000946	0.330002	17434200.000000
2015-04-24	0.027832	0.007292	0.032936	0.006320	2.290001	21058400.000000
2015-04-23	0.002803	-0.002072	0.008531	-0.005241	0.229996	11483300.000000
2015-04-22	-0.004489	0.004368	0.005096	-0.010920	-0.369995	13316900.000000
2015-04-21	0.002676	0.008029	0.008759	-0.000730	0.220001	10056000.000000
2015-04-20	0.003663	0.004273	0.009646	-0.004640	0.299995	13471000.000000
2015-04-17	-0.025696	-0.011658	-0.009636	-0.029146	-2.159996	22791800.000000
2015-04-16	-0.007204	0.005669	0.008622	-0.009212	-0.610000	12048600.000000
2015-04-15	-0.003882	0.000941	0.004235	-0.009882	-0.330002	12225800.000000
2015-04-14	0.008543	0.004153	0.010085	-0.008899	0.720001	11819000.000000
2015-04-13	-0.003547	0.006857	0.013360	-0.008986	-0.300003	15797100.000000
2015-04-10	-0.018110	0.006269	0.006385	-0.023102	-1.559997	18300300.000000
2015-04-09	0.008783	0.019206	0.026935	-0.002225	0.750000	27800400.000000
2015-04-08	0.038681	0.013259	0.040506	0.010412	3.180000	26161500.000000
2015-04-07	0.004767	0.001467	0.013811	0.000733	0.389999	9443000.000000
2015-04-06	-0.005591	-0.002795	0.003768	-0.008094	-0.459999	12810500.000000
2015-04-02	-0.000971	0.006314	0.007771	-0.013477	-0.080002	19868200.000000
2015-04-01	-0.010572	0.001562	0.005766	-0.012734	-0.879997	14896400.000000
2015-03-31	-0.007867	-0.003099	0.006555	-0.008343	-0.660004	11812900.000000
2015-03-30	-0.008040	0.005320	0.006739	-0.009813	-0.680000	10020500.000000
2015-03-27	0.004871	0.007247	0.011643	-0.009861	0.410004	9703800.000000
2015-03-26	0.005015	-0.006567	0.014866	-0.009433	0.419998	12208000.000000
2015-03-25	0.001435	0.003707	0.010164	-0.011479	0.120003	13507200.000000
2015-03-24	-0.007359	0.001187	0.002967	-0.022077	-0.620003	14545100.000000
2015-03-23	-0.011150	0.000587	0.003873	-0.011620	-0.949997	11184000.000000
2015-03-20	-0.006298	0.006881	0.012363	-0.007581	-0.540001	21181500.000000
2015-03-19	0.013595	0.006147	0.028963	0.004847	1.150002	30454700.000000
2015-03-18	0.001065	-0.007456	0.017160	-0.014201	0.089996	35663000.000000
2015-03-17	0.005952	0.000119	0.013095	-0.005833	0.500000	17639000.000000
2015-03-16	0.026142	0.001832	0.040801	0.000977	2.139999	16905700.000000
2015-03-13	-0.000732	-0.001465	0.000000	-0.014038	-0.059997	12663300.000000
2015-03-12	-0.000854	0.001342	0.011099	-0.005610	-0.070000	11232000.000000
2015-03-11	-0.011812	0.000362	0.004941	-0.021454	-0.980003	12768700.000000
2015-03-10	0.005331	-0.017448	0.007512	-0.022780	0.440002	13817000.000000
2015-03-09	-0.022156	-0.000592	-0.000592	-0.034597	-1.870003	17616500.000000
2015-03-06	-0.019744	-0.004181	-0.001161	-0.023809	-1.699996	10673700.000000
2015-03-05	0.007135	0.003041	0.009124	-0.017312	0.610000	18514800.000000
2015-03-04	0.047928	-0.016058	0.052047	-0.017284	3.909996	36607200.000000
2015-03-03	-0.028810	-0.012500	-0.008929	-0.047262	-2.419998	39246100.000000
2015-03-02	-0.013158	-0.001410	-0.001175	-0.016095	-1.120003	11213400.000000
2015-02-27	-0.002928	0.006794	0.013939	-0.004334	-0.250000	8377200.000000
2015-02-26	-0.009514	0.008470	0.011254	-0.011486	-0.819999	8763300.000000
2015-02-25	0.017712	-0.003660	0.025269	-0.003897	1.500000	13645700.000000
2015-02-24	-0.009126	0.000702	0.000702	-0.018603	-0.779999	15846400.000000
2015-02-23	-0.013504	-0.001500	0.000462	-0.016043	-1.169998	9367900.000000
2015-02-20	-0.002877	0.004143	0.004604	-0.005870	-0.250000	7821700.000000
2015-02-19	0.001729	0.000807	0.013027	-0.000346	0.150001	7604100.000000
2015-02-18	-0.001267	0.002879	0.006678	-0.004030	-0.110000	7422300.000000
2015-02-17	-0.024705	-0.003032	-0.000674	-0.026390	-2.200005	15191700.000000
2015-02-13	0.022388	0.012629	0.025258	0.006315	1.950005	14665200.000000
2015-02-12	0.012791	-0.004651	0.026744	-0.005233	1.099998	15177800.000000
2015-02-11	-0.014440	0.003667	0.005042	-0.016502	-1.260002	12391900.000000
2015-02-10	0.014651	0.011744	0.017093	0.006046	1.260002	12043300.000000
2015-02-09	0.003735	0.001751	0.012488	-0.002451	0.320000	12109500.000000
2015-02-06	-0.015172	0.001264	0.004598	-0.018161	-1.320000	17632100.000000
2015-02-05	-0.033333	-0.004667	-0.001778	-0.043333	-3.000000	28926200.000000
2015-02-04	-0.006732	0.004194	0.014016	-0.012471	-0.610001	14643600.000000
2015-02-03	0.005326	0.016865	0.016865	-0.002552	0.480004	13512300.000000
2015-02-02	0.011787	0.023013	0.028963	-0.005276	1.049995	18865300.000000
2015-01-30	-0.008128	-0.002338	0.024385	-0.018929	-0.729996	36806900.000000
2015-01-29	-0.087760	-0.080447	-0.078314	-0.112646	-8.639999	76561400.000000
2015-01-28	-0.043618	-0.025646	-0.014086	-0.050029	-4.490005	42144700.000000
2015-01-27	-0.010097	-0.010578	-0.004039	-0.032792	-1.049996	15659900.000000
2015-01-26	0.008535	0.012511	0.019591	0.002134	0.879997	10664900.000000
2015-01-23	-0.008558	0.000192	0.011538	-0.009423	-0.889999	9873800.000000
2015-01-22	0.006874	0.012683	0.015781	-0.001840	0.709999	11433000.000000
2015-01-21	0.032487	0.007097	0.038185	0.002799	3.250000	15186900.000000
2015-01-20	0.032511	0.014553	0.034266	0.007225	3.150002	12105600.000000
2015-01-16	0.006022	-0.002284	0.015471	-0.008203	0.580001	13327900.000000
2015-01-15	-0.032838	0.000904	0.005624	-0.035750	-3.270004	18260100.000000
2015-01-14	-0.011809	-0.014786	-0.005855	-0.026893	-1.189995	17765700.000000
2015-01-13	-0.008365	0.009545	0.012104	-0.015843	-0.850006	11294400.000000
2015-01-12	-0.013590	0.001747	0.003300	-0.017569	-1.399994	7997200.000000
2015-01-09	-0.019137	0.001999	0.002571	-0.020375	-2.010002	10222200.000000
2015-01-08	0.028395	0.008029	0.031431	0.005385	2.900002	12942100.000000
2015-01-07	-0.011518	0.012292	0.013744	-0.012485	-1.190003	11052200.000000
2015-01-06	0.022970	0.002475	0.028218	-0.008812	2.320000	15720400.000000
2015-01-05	-0.025097	-0.008108	-0.005598	-0.035714	-2.599998	18337000.000000
2015-01-02	-0.003271	0.002886	0.007504	-0.013662	-0.340004	12303400.000000
2014-12-31	-0.017116	0.006714	0.006809	-0.019480	-1.809998	10221600.000000
2014-12-30	-0.002170	-0.003208	0.006888	-0.008020	-0.230003	10205700.000000
2014-12-29	0.000283	0.000000	0.016140	-0.002926	0.030006	8068600.000000
2014-12-26	0.000000	0.000378	0.009344	-0.004247	0.000000	6529100.000000
2014-12-24	0.004075	0.001516	0.016016	0.000758	0.430000	5870400.000000
2014-12-23	-0.029880	-0.004321	-0.002758	-0.044957	-3.250000	19096300.000000
2014-12-22	-0.016991	-0.000181	0.002982	-0.019160	-1.880005	13041200.000000
2014-12-19	0.012815	0.006224	0.012815	-0.011076	1.400002	14857800.000000
2014-12-18	0.002110	0.014309	0.019996	-0.006971	0.230003	22788100.000000
2014-12-17	0.030727	0.012669	0.032334	0.004822	3.250000	17311100.000000
2014-12-16	0.010220	-0.009074	0.028462	-0.009551	1.070000	21700600.000000
2014-12-15	-0.003901	0.012178	0.025307	-0.013415	-0.410004	16521800.000000
2014-12-12	0.001334	-0.002572	0.023626	-0.007535	0.140000	14537600.000000
2014-12-11	0.010493	0.005391	0.028494	0.003947	1.090004	15684300.000000
2014-12-10	-0.033495	-0.003629	-0.000930	-0.036937	-3.600006	18466700.000000
2014-12-09	0.022937	-0.026649	0.027410	-0.036833	2.410003	24866800.000000
2014-12-08	-0.026228	-0.017887	-0.004634	-0.034198	-2.830002	19217300.000000
2014-12-05	-0.011633	0.003939	0.010809	-0.012916	-1.269996	12148100.000000
2014-12-04	-0.013286	-0.004881	-0.001265	-0.015636	-1.470001	10779300.000000
2014-12-03	0.006825	0.004641	0.016289	-0.009937	0.750000	16221100.000000
2014-12-02	0.036796	0.012831	0.037834	0.005850	3.900001	18785000.000000
2014-12-01	-0.050609	-0.014511	-0.014242	-0.069366	-5.650001	38464200.000000
2014-11-28	-0.009142	0.004171	0.004970	-0.013846	-1.029999	8077800.000000
2014-11-26	-0.007050	-0.001234	0.002379	-0.010047	-0.800003	11794700.000000
2014-11-25	-0.003950	0.008954	0.010973	-0.013957	-0.449997	23485000.000000
2014-11-24	0.028809	0.011469	0.028899	0.007405	3.189995	20646000.000000
2014-11-21	0.008286	0.030869	0.033509	0.005600	0.910003	27432000.000000
2014-11-20	0.009189	-0.009281	0.033266	-0.014336	1.000000	36489000.000000
2014-11-19	-0.017959	-0.008844	-0.001173	-0.032398	-1.989998	46841000.000000
2014-11-18	-0.030109	0.000700	0.001138	-0.033610	-3.440002	41098000.000000
2014-11-17	-0.007385	0.002954	0.004605	-0.017116	-0.849998	22573000.000000
2014-11-14	0.002264	0.001916	0.004789	-0.012975	0.260002	29849000.000000
2014-11-13	-0.028426	0.009306	0.015228	-0.030880	-3.360001	62163000.000000
2014-11-12	0.031954	0.004453	0.039549	-0.004540	3.659996	53908000.000000
2014-11-11	-0.038691	-0.015946	-0.013428	-0.045825	-4.610001	70983600.000000
2014-11-10	0.040066	0.023656	0.042685	0.005587	4.590004	75971000.000000
2014-11-07	0.026799	0.012190	0.028682	0.001613	2.989998	51457000.000000
2014-11-06	0.026686	0.005797	0.027883	-0.013435	2.900002	33609000.000000
2014-11-05	0.024512	0.022721	0.038371	0.003865	2.599998	48344000.000000
2014-11-04	0.041945	-0.013507	0.044784	-0.022495	4.269997	67814000.000000
2014-11-03	0.032454	0.010852	0.042596	0.004564	3.200005	40883700.000000
2014-10-31	-0.001317	0.013876	0.015092	-0.006016	-0.130005	18128300.000000
2014-10-30	0.004272	0.001729	0.011494	-0.010274	0.420005	15484600.000000
2014-10-29	-0.013744	0.002006	0.003210	-0.028692	-1.370002	28655400.000000
2014-10-28	0.019327	0.020963	0.029451	0.008385	1.889999	32127600.000000
2014-10-27	0.021199	0.012949	0.032268	0.005639	2.029999	28302400.000000
2014-10-24	0.013870	0.006564	0.037586	0.003494	1.310005	32132600.000000
2014-10-23	0.030776	0.014078	0.033504	0.012987	2.820000	20641000.000000
2014-10-22	0.008031	0.014851	0.028603	0.001210	0.729995	20364500.000000
2014-10-21	0.029912	0.009517	0.048040	0.002719	2.640000	23243800.000000
2014-10-20	0.003981	0.001024	0.018087	-0.000569	0.349998	9891400.000000
2014-10-17	-0.010580	0.017445	0.023073	-0.013281	-0.939994	17360700.000000
2014-10-16	0.037967	-0.007243	0.041764	-0.018516	3.250000	15232000.000000
2014-10-15	0.007652	-0.010712	0.018128	-0.025191	0.650001	16824300.000000
2014-10-14	-0.001997	0.008106	0.008929	-0.022321	-0.170006	15559200.000000
2014-10-13	-0.008849	0.011295	0.011761	-0.011178	-0.759994	14845000.000000
2014-10-10	-0.032774	-0.006082	-0.000563	-0.039982	-2.910004	15431400.000000
2014-10-09	0.005549	0.002378	0.023216	-0.003398	0.489998	21507000.000000
2014-10-08	0.007186	0.003764	0.009467	-0.006958	0.630005	10252600.000000
2014-10-07	-0.007247	-0.004077	0.015740	-0.014155	-0.640000	12791700.000000
2014-10-06	0.002384	0.011918	0.017594	-0.000454	0.210000	9268400.000000
2014-10-03	0.011946	0.011946	0.033081	0.006777	1.040000	18485700.000000
2014-10-02	0.011150	0.001974	0.024390	-0.005679	0.960000	21469700.000000
2014-10-01	-0.030951	-0.001688	0.001013	-0.031626	-2.750000	24029600.000000
2014-09-30	0.001127	0.002817	0.024000	-0.003268	0.099998	24419400.000000
2014-09-29	-0.018903	-0.009286	-0.008402	-0.026973	-1.709999	25302000.000000
2014-09-26	0.017319	0.009109	0.017319	-0.002924	1.540001	18340000.000000
2014-09-25	-0.018218	0.005741	0.010268	-0.022855	-1.650002	28598000.000000
2014-09-24	0.039004	0.014913	0.039004	0.000574	3.400002	32088000.000000
2014-09-23	-0.030259	-0.010568	0.006564	-0.036378	-2.720001	39009800.000000
2014-09-22	-0.042603	-0.012674	-0.010012	-0.046757	-4.000000	66657800.000000
