2017-09-01	0.015172	0.008736	0.017012	0.004138	0.660000	2426900.000000
2017-08-31	0.015880	0.014713	0.018916	0.012144	0.680000	3882400.000000
2017-08-30	-0.004186	0.000000	0.003023	-0.005116	-0.180000	2576800.000000
2017-08-29	0.003969	-0.005370	0.006070	-0.007005	0.169998	1884400.000000
2017-08-28	0.006344	0.006344	0.008459	-0.002350	0.270001	2269100.000000
2017-08-25	0.020379	0.021098	0.045313	0.017022	0.850002	5244300.000000
2017-08-24	-0.000958	0.002156	0.003114	-0.003832	-0.040001	2972100.000000
2017-08-23	0.008211	-0.003139	0.010625	-0.004588	0.340000	3128500.000000
2017-08-22	0.012222	0.014911	0.022733	0.011489	0.500000	2931800.000000
2017-08-21	0.012624	0.005198	0.014604	0.002475	0.509998	1847700.000000
2017-08-18	-0.001483	-0.003707	0.004696	-0.005932	-0.059997	1831100.000000
2017-08-17	-0.017246	-0.007530	-0.007044	-0.017731	-0.709999	1807400.000000
2017-08-16	0.027452	0.009483	0.027702	0.008485	1.099998	2400200.000000
2017-08-15	-0.009639	-0.014829	-0.008650	-0.019525	-0.389999	2054700.000000
2017-08-14	0.002726	0.006444	0.012392	0.001487	0.110001	1743100.000000
2017-08-11	-0.006647	-0.017725	-0.003200	-0.021418	-0.270001	2326600.000000
2017-08-10	-0.017892	-0.006770	-0.004836	-0.017892	-0.740002	2025800.000000
2017-08-09	-0.002653	-0.006028	-0.002411	-0.009646	-0.110000	1368100.000000
2017-08-08	-0.012384	-0.015718	-0.007383	-0.019052	-0.520001	1803400.000000
2017-08-07	0.018928	0.007037	0.019170	0.006552	0.780003	1930400.000000
2017-08-04	0.010049	0.003677	0.012255	-0.000980	0.410000	1757900.000000
2017-08-03	-0.008746	-0.005831	-0.001701	-0.011176	-0.360001	1473500.000000
2017-08-02	-0.005557	-0.012080	-0.004590	-0.015704	-0.229999	1658800.000000
2017-08-01	-0.006481	-0.000960	-0.000480	-0.012002	-0.270001	1408500.000000
2017-07-31	0.012640	0.009723	0.015314	0.006077	0.520001	2031800.000000
2017-07-28	0.008333	0.000245	0.010294	-0.001716	0.340000	1985900.000000
2017-07-27	0.000981	0.009568	0.010550	-0.007605	0.040001	2110800.000000
2017-07-26	0.013678	0.005969	0.017657	0.002238	0.549999	2841400.000000
2017-07-25	0.033942	0.026999	0.040113	0.025199	1.320000	5002700.000000
2017-07-24	0.002578	-0.001289	0.003351	-0.007218	0.099998	1941900.000000
2017-07-21	-0.010712	-0.001530	-0.001275	-0.012752	-0.419998	2473900.000000
2017-07-20	-0.015072	-0.006782	-0.003768	-0.019593	-0.600002	2464800.000000
2017-07-19	0.009637	0.002790	0.011159	0.001268	0.380001	2237200.000000
2017-07-18	-0.005298	-0.009839	-0.001261	-0.011604	-0.209999	2341000.000000
2017-07-17	0.006091	0.006091	0.013198	0.005076	0.239997	2234400.000000
2017-07-14	0.019669	0.015787	0.023551	0.015528	0.760003	2238600.000000
2017-07-13	0.004419	0.001560	0.008578	-0.005459	0.169998	2104500.000000
2017-07-12	0.007860	0.007860	0.017029	0.006550	0.300003	2886300.000000
2017-07-11	0.014081	0.004517	0.016472	-0.001328	0.529999	2667100.000000
2017-07-10	0.011284	-0.012090	0.016926	-0.012359	0.419998	2167200.000000
2017-07-07	0.007307	0.003518	0.009202	-0.004601	0.270000	2489900.000000
2017-07-06	0.015110	0.000000	0.029396	0.000000	0.549999	4218100.000000
2017-07-05	0.006081	0.023217	0.023217	0.003317	0.220002	4879900.000000
2017-07-03	0.016578	0.009834	0.021635	0.009272	0.590000	1353700.000000
2017-06-30	-0.000562	0.005616	0.007582	-0.007020	-0.020001	2065800.000000
2017-06-29	0.004230	0.010152	0.017485	-0.003102	0.150002	2187700.000000
2017-06-28	0.030514	0.019180	0.036036	0.018599	1.049999	4056700.000000
2017-06-27	0.012655	0.019718	0.030901	0.012360	0.430000	4830400.000000
2017-06-26	-0.005269	0.004684	0.006440	-0.012295	-0.180000	1855900.000000
2017-06-23	0.006482	0.000000	0.009428	-0.002357	0.220001	1791800.000000
2017-06-22	0.008019	-0.005049	0.011583	-0.007425	0.270001	4502700.000000
2017-06-21	-0.000594	0.007717	0.015435	-0.008014	-0.020001	4755800.000000
2017-06-20	-0.034947	-0.022343	-0.021770	-0.040390	-1.220001	5120400.000000
2017-06-19	0.006052	0.004035	0.015274	0.003170	0.209999	4031900.000000
2017-06-16	0.005214	0.007822	0.009849	-0.001448	0.180001	4049200.000000
2017-06-15	-0.015402	-0.014261	-0.012550	-0.025385	-0.540001	2366500.000000
2017-06-14	-0.012950	0.008728	0.009290	-0.018863	-0.459999	3478200.000000
2017-06-13	0.012543	0.010547	0.013113	0.006556	0.439998	2546600.000000
2017-06-12	-0.008759	-0.000283	0.003108	-0.008759	-0.309997	2060700.000000
2017-06-09	-0.005620	-0.009272	0.003934	-0.010115	-0.200001	2083600.000000
2017-06-08	0.020355	0.002007	0.023222	0.000573	0.709999	3241600.000000
2017-06-07	-0.009654	0.000852	0.006246	-0.017888	-0.340000	3696800.000000
2017-06-06	0.004277	-0.001426	0.008554	-0.002566	0.150001	2566100.000000
2017-06-05	-0.011277	-0.007894	-0.004793	-0.014942	-0.400001	1570200.000000
2017-06-02	0.007384	-0.000284	0.012497	-0.003124	0.260002	2087500.000000
2017-06-01	0.003420	0.000285	0.013394	-0.003135	0.119999	2351200.000000
2017-05-31	-0.024465	-0.011120	-0.011120	-0.026133	-0.880001	2700500.000000
2017-05-30	0.003627	0.004743	0.007254	0.000000	0.130001	925000.000000
2017-05-26	-0.010218	-0.004419	-0.001381	-0.012151	-0.369999	1343000.000000
2017-05-25	-0.007673	0.004659	0.014524	-0.008496	-0.280003	2488200.000000
2017-05-24	-0.004637	-0.009002	0.000273	-0.010638	-0.169998	2482600.000000
2017-05-23	-0.006235	-0.008132	-0.002982	-0.015180	-0.229999	2693900.000000
2017-05-22	0.004903	0.004903	0.006810	-0.000817	0.180000	1669500.000000
2017-05-19	0.022563	0.011421	0.028691	0.011142	0.809997	2587200.000000
2017-05-18	0.013552	0.000847	0.019198	-0.004235	0.480004	2803100.000000
2017-05-17	-0.018565	-0.012192	-0.003879	-0.018565	-0.670002	2392200.000000
2017-05-16	0.010924	0.008123	0.015966	0.006162	0.389999	1935000.000000
2017-05-15	0.014205	0.015341	0.019602	0.011080	0.500000	1809200.000000
2017-05-12	0.000569	-0.006254	0.003411	-0.007391	0.020001	2203800.000000
2017-05-11	0.002279	0.000570	0.002564	-0.007123	0.080002	2118800.000000
2017-05-10	0.020349	0.016860	0.023546	0.010465	0.699996	2700800.000000
2017-05-09	0.010873	0.015868	0.020276	0.008228	0.370003	2603900.000000
2017-05-08	-0.013337	-0.015657	-0.011018	-0.017686	-0.460003	1949200.000000
2017-05-05	0.019811	0.006209	0.019811	0.005322	0.670002	3375800.000000
2017-05-04	-0.010532	-0.017847	-0.005266	-0.023698	-0.360000	5071100.000000
2017-05-03	-0.033917	-0.029113	-0.020068	-0.035048	-1.200001	3509500.000000
2017-05-02	-0.012835	-0.020647	-0.008650	-0.020647	-0.459999	3428500.000000
2017-05-01	0.006742	0.005618	0.012921	0.002247	0.240002	1806000.000000
2017-04-28	0.016852	0.010283	0.021708	0.007712	0.590000	2131500.000000
2017-04-27	-0.028849	-0.013037	-0.012483	-0.039390	-1.040001	4570200.000000
2017-04-26	-0.007980	-0.019538	-0.001101	-0.019538	-0.290001	2821100.000000
2017-04-25	0.004978	-0.001659	0.005531	-0.006084	0.180000	2577600.000000
2017-04-24	0.011186	0.016499	0.019855	0.010906	0.400002	3125200.000000
2017-04-21	-0.006391	0.000556	0.001945	-0.011670	-0.230004	3529800.000000
2017-04-20	0.015519	0.007054	0.016648	0.003950	0.550003	3600500.000000
2017-04-19	-0.003655	0.009278	0.014057	-0.007591	-0.130001	2345700.000000
2017-04-18	-0.018759	-0.020138	-0.008828	-0.028414	-0.680000	3379300.000000
2017-04-17	0.004433	0.007204	0.011083	-0.002217	0.160000	1825100.000000
2017-04-13	-0.013395	0.000000	0.004647	-0.013669	-0.490002	2359900.000000
2017-04-12	-0.047148	-0.031519	-0.025006	-0.052878	-1.809997	7740200.000000
2017-04-11	0.003398	0.004705	0.006273	-0.012546	0.130001	3984200.000000
2017-04-10	0.034893	0.028131	0.040573	0.024615	1.289997	4194500.000000
2017-04-07	-0.005113	-0.008611	0.014532	-0.009419	-0.189999	3362700.000000
2017-04-06	0.001078	0.007543	0.012662	-0.003233	0.040001	2417600.000000
2017-04-05	0.007054	0.021704	0.034183	0.004069	0.259998	3291300.000000
2017-04-04	0.011526	0.005488	0.013172	0.002470	0.420002	1422800.000000
2017-04-03	0.003304	0.004681	0.007709	-0.009361	0.119999	1827700.000000
2017-03-31	-0.015718	-0.013821	-0.008401	-0.018157	-0.580002	1873500.000000
2017-03-30	0.000271	0.000000	0.010572	-0.003253	0.010003	2075500.000000
2017-03-29	0.009855	-0.002737	0.016972	-0.004380	0.360000	2197300.000000
2017-03-28	0.019537	0.005582	0.024839	0.002233	0.699997	4391400.000000
2017-03-27	-0.018625	-0.029855	-0.015612	-0.036428	-0.679996	3256800.000000
2017-03-24	-0.008419	-0.005432	-0.001086	-0.013851	-0.310002	2885500.000000
2017-03-23	-0.006744	-0.002428	0.001349	-0.011330	-0.250000	2354100.000000
2017-03-22	0.002976	-0.006764	0.006494	-0.012446	0.110001	2914200.000000
2017-03-21	-0.038752	-0.007022	-0.004421	-0.039792	-1.490002	3674700.000000
2017-03-20	0.007072	-0.001833	0.009429	-0.003667	0.270001	2384200.000000
2017-03-17	0.007122	0.007913	0.011606	0.005276	0.270000	1981400.000000
2017-03-16	-0.001317	0.008693	0.011064	-0.002898	-0.049999	4781100.000000
2017-03-15	0.050069	0.016044	0.052282	0.006639	1.809997	3392200.000000
2017-03-14	-0.006322	-0.011270	-0.003299	-0.019241	-0.229999	3928100.000000
2017-03-13	0.020763	0.021044	0.027217	0.015993	0.740002	2596300.000000
2017-03-10	-0.000841	0.010653	0.010653	-0.008130	-0.029999	3765500.000000
2017-03-09	-0.021131	-0.015642	-0.008782	-0.028814	-0.770001	4457200.000000
2017-03-08	-0.024625	0.002409	0.004818	-0.026231	-0.920002	3377900.000000
2017-03-07	-0.004695	0.024344	0.025942	0.013421	-0.176223	3251800.000000
2017-03-06	-0.018433	0.003893	0.007031	-0.003691	-0.704907	2462000.000000
2017-03-03	0.027084	0.034305	0.050689	0.033231	1.008408	3187700.000000
2017-03-02	-0.020350	0.016940	0.024044	-0.000951	-0.773438	4893400.000000
2017-03-01	0.026441	0.041669	0.053012	0.040588	0.979035	5016600.000000
2017-02-28	-0.020207	-0.004254	0.002361	-0.007165	-0.763645	4573100.000000
2017-02-27	0.016592	0.028676	0.043472	0.025448	0.616786	3363700.000000
2017-02-24	-0.029149	-0.004181	0.001042	-0.012016	-1.116100	3276900.000000
2017-02-23	-0.017584	0.036294	0.038347	-0.000395	-0.685325	3999900.000000
2017-02-22	-0.023067	-0.009918	-0.000644	-0.010420	-0.920292	4035600.000000
2017-02-21	0.011668	0.029274	0.038910	0.025217	0.460147	2573700.000000
2017-02-17	-0.017321	0.003472	0.005715	-0.001512	-0.695117	2275800.000000
2017-02-16	0.006136	0.029687	0.033698	0.022667	0.244758	2743300.000000
2017-02-15	0.006672	0.027975	0.034033	0.023432	0.264340	2243900.000000
2017-02-14	0.000989	0.019645	0.023434	0.008529	0.039165	2193200.000000
2017-02-13	0.008481	0.032624	0.035426	0.022432	0.332871	3084400.000000
2017-02-10	0.022443	0.033657	0.048245	0.031573	0.861553	4407400.000000
2017-02-09	0.013178	0.017718	0.036193	0.009800	0.499305	4426900.000000
2017-02-08	-0.012251	0.005511	0.013592	-0.001007	-0.469936	3255700.000000
2017-02-07	-0.003053	0.021933	0.027651	0.014916	-0.117481	2372800.000000
2017-02-06	-0.002285	0.022191	0.026599	0.015708	-0.088116	1924200.000000
2017-02-03	-0.037625	-0.002045	-0.000298	-0.020761	-1.507717	4439900.000000
2017-02-02	-0.011591	0.009574	0.015987	0.003160	-0.469936	1956600.000000
2017-02-01	0.002906	0.026608	0.031061	0.014487	0.117485	1984400.000000
2017-01-31	0.016494	0.043039	0.047816	0.028203	0.655956	3045400.000000
2017-01-30	-0.015034	0.009773	0.012497	-0.000878	-0.607006	2547300.000000
2017-01-27	0.002431	0.027372	0.030848	0.018682	0.097908	1571900.000000
2017-01-26	-0.012956	0.007690	0.015287	0.000828	-0.528683	2526800.000000
2017-01-25	0.003129	0.012318	0.026084	0.010105	0.127278	2735400.000000
2017-01-24	0.030506	0.051559	0.058652	0.045986	1.204212	3138200.000000
2017-01-23	0.009767	0.030878	0.034203	0.025762	0.381824	2008500.000000
2017-01-20	-0.002996	0.017588	0.022944	0.013507	-0.117485	1566000.000000
2017-01-19	-0.002739	0.019379	0.025991	0.011494	-0.107692	1948600.000000
2017-01-18	0.007779	0.019363	0.036280	0.018850	0.303501	2297100.000000
2017-01-17	0.000251	0.028848	0.033463	0.019875	0.009788	1872600.000000
2017-01-13	0.002516	0.018329	0.027325	0.015245	0.097904	1706300.000000
2017-01-12	0.009142	0.040866	0.042422	0.027119	0.352452	2353200.000000
2017-01-11	0.021266	0.036777	0.044194	0.024062	0.802810	4407600.000000
2017-01-10	0.046404	0.063545	0.076572	0.060219	1.674153	4722800.000000
2017-01-09	-0.002976	0.023348	0.029428	0.017268	-0.107693	2426300.000000
2017-01-06	-0.014925	0.015152	0.019780	0.005079	-0.548264	1663000.000000
2017-01-05	0.009416	0.018391	0.033230	0.016467	0.342667	1807900.000000
2017-01-04	0.004052	0.011481	0.027483	0.010101	0.146851	3795900.000000
2017-01-03	0.034656	0.055099	0.059095	0.046820	1.214008	3750300.000000
2016-12-30	-0.013510	0.030143	0.032115	0.003953	-0.479729	1893900.000000
2016-12-29	0.001380	0.029027	0.029873	0.017747	0.048951	2625300.000000
2016-12-28	0.016274	0.047493	0.057237	0.037462	0.567840	2632300.000000
2016-12-27	0.006495	0.026029	0.031798	0.024009	0.225178	1273000.000000
2016-12-23	-0.006453	0.014822	0.020554	0.010809	-0.225178	1474900.000000
2016-12-22	-0.015197	0.009842	0.017744	0.003632	-0.538467	2446700.000000
2016-12-21	-0.009307	0.018897	0.018897	0.009949	-0.332875	1596700.000000
2016-12-20	0.017265	0.024258	0.041039	0.023973	0.607003	2448500.000000
2016-12-19	-0.013462	0.009347	0.016362	0.004857	-0.479729	2600000.000000
2016-12-16	-0.017013	0.010932	0.020310	0.002657	-0.616791	3576700.000000
2016-12-15	-0.014373	0.003198	0.008092	-0.005230	-0.528679	3373100.000000
2016-12-14	-0.030952	0.021413	0.032478	-0.010992	-1.174843	3134900.000000
2016-12-13	-0.020217	0.020897	0.022962	-0.006981	-0.783229	3712300.000000
2016-12-12	0.028326	0.062026	0.067069	0.049550	1.067150	3720000.000000
2016-12-09	-0.010797	0.021151	0.021151	0.001458	-0.411198	2059700.000000
2016-12-08	-0.000514	0.041884	0.044508	0.018264	-0.019577	3118700.000000
2016-12-07	0.015128	0.028873	0.043259	0.028074	0.567841	3044400.000000
2016-12-06	-0.010325	-0.013917	0.011394	-0.013917	-0.391617	3520300.000000
2016-12-05	0.018937	0.034309	0.045323	0.028398	0.704906	3447400.000000
2016-12-02	0.005820	0.005200	0.027899	0.003849	0.215390	2222700.000000
2016-12-01	0.006926	0.026855	0.043996	0.021141	0.254547	2932100.000000
2016-11-30	0.003207	0.035607	0.041066	0.015954	0.117489	4197800.000000
2016-11-29	-0.023996	-0.003363	0.007027	-0.008957	-0.900715	2651500.000000
2016-11-28	-0.010325	0.011922	0.022204	0.009812	-0.391617	2202500.000000
2016-11-25	0.000258	0.016666	0.025633	0.013238	0.009792	2336400.000000
2016-11-23	0.010963	0.003283	0.032611	0.003283	0.411194	2618700.000000
2016-11-22	0.051317	0.048322	0.074951	0.047201	1.830799	4753800.000000
2016-11-21	0.027057	0.038398	0.049914	0.035808	0.939873	3082800.000000
2016-11-18	-0.012249	0.012883	0.012883	-0.001051	-0.430775	2121200.000000
2016-11-17	0.007009	0.021413	0.040599	0.021413	0.244759	3217500.000000
2016-11-16	-0.025144	0.004943	0.008572	-0.007618	-0.900715	2932200.000000
2016-11-15	-0.030472	-0.027844	-0.009440	-0.034069	-1.125893	4782500.000000
2016-11-14	0.006400	0.024137	0.031219	0.018145	0.234970	4313200.000000
2016-11-11	-0.016522	0.013109	0.016859	-0.009660	-0.616790	4098300.000000
2016-11-10	0.007132	0.042727	0.055406	0.014129	0.264339	8226600.000000
2016-11-09	0.031327	0.021413	0.074279	0.021413	1.125893	11138700.000000
2016-11-08	0.032340	0.029743	0.060477	0.026584	1.125888	5274900.000000
2016-11-07	0.046498	0.052374	0.070109	0.050871	1.546875	3672800.000000
2016-11-04	-0.011635	0.002696	0.016066	-0.000275	-0.391613	2392700.000000
2016-11-03	0.003503	0.030059	0.039302	0.022308	0.117486	3341300.000000
2016-11-02	-0.017212	0.013795	0.024050	0.003540	-0.587422	3502800.000000
2016-11-01	-0.004569	0.035413	0.036872	0.009747	-0.156647	3146400.000000
2016-10-31	0.004302	0.026979	0.034009	0.022585	0.146859	2289600.000000
2016-10-28	0.006349	0.021118	0.033794	0.020824	0.215385	2967200.000000
2016-10-27	-0.017021	0.010982	0.013300	-0.000898	-0.587421	3464400.000000
2016-10-26	-0.012882	0.004538	0.011402	0.000533	-0.450356	4048800.000000
2016-10-25	0.021161	0.033973	0.045072	0.033097	0.724484	3229100.000000
2016-10-24	0.000286	0.034269	0.034561	0.014693	0.009792	1988600.000000
2016-10-21	-0.001713	0.011205	0.021122	0.009163	-0.058743	2985700.000000
2016-10-20	0.002003	0.012938	0.027550	0.004171	0.068531	3516100.000000
2016-10-19	0.013337	0.022005	0.036221	0.017859	0.450356	3899800.000000
2016-10-18	0.018005	0.055480	0.056686	0.037392	0.597214	5085400.000000
2016-10-17	-0.003236	0.019911	0.028024	0.016305	-0.107697	2877900.000000
2016-10-14	-0.001762	0.035812	0.043011	0.019014	-0.058739	2641800.000000
2016-10-13	-0.027421	-0.018848	-0.002802	-0.028184	-0.939872	3109000.000000
2016-10-12	0.000858	0.023457	0.036305	0.017617	0.029369	3411900.000000
2016-10-11	-0.025898	0.012311	0.015440	-0.010728	-0.910503	2802900.000000
2016-10-10	0.015554	0.030657	0.044522	0.030079	0.538471	2093200.000000
2016-10-07	0.008269	0.040053	0.041218	0.017336	0.283920	3578700.000000
2016-10-06	-0.006516	0.012443	0.020545	0.010707	-0.225178	1387500.000000
2016-10-05	0.018759	0.032615	0.045880	0.028193	0.636372	1836100.000000
2016-10-04	-0.005739	0.045447	0.045447	0.011448	-0.195805	3889100.000000
2016-10-03	0.005772	0.025835	0.030551	0.018760	0.195805	2372800.000000
2016-09-30	0.007267	0.033290	0.035962	0.023492	0.244759	2887800.000000
2016-09-29	0.008798	0.027704	0.048371	0.024109	0.293712	4499100.000000
2016-09-28	0.045371	0.031747	0.069322	0.027363	1.448973	4191800.000000
2016-09-27	-0.000307	0.008266	0.023605	0.003571	-0.009792	4337500.000000
2016-09-26	0.002766	0.020785	0.032400	0.020785	0.088111	3157600.000000
2016-09-23	0.002465	0.024245	0.037461	0.020784	0.078326	3421200.000000
2016-09-22	0.008701	0.053789	0.060454	0.029348	0.274128	4562000.000000
2016-09-21	0.035726	0.033577	0.061520	0.032919	1.086731	3135900.000000
2016-09-20	0.019023	0.040843	0.047543	0.033138	0.567840	2941800.000000
2016-09-19	0.017351	0.048337	0.056517	0.036750	0.509100	2759100.000000
2016-09-16	-0.019948	0.000704	0.012395	-0.006310	-0.597214	2708100.000000
2016-09-15	0.020013	0.024139	0.049010	0.018006	0.587422	2918800.000000
2016-09-14	0.020770	0.032890	0.053061	0.029412	0.597212	4051900.000000
2016-09-13	-0.053192	-0.008551	-0.007563	-0.035222	-1.615410	4039300.000000
2016-09-12	0.009109	-0.004504	0.036033	-0.009156	0.274132	4662400.000000
2016-09-09	-0.015690	0.026319	0.026973	0.001463	-0.479727	4232800.000000
2016-09-08	0.006121	0.019110	0.037537	0.017794	0.186014	2188300.000000
2016-09-07	-0.017722	0.006221	0.011393	-0.004122	-0.548260	2445300.000000
2016-09-06	0.032005	0.034089	0.059108	0.025750	0.959456	3433500.000000
2016-09-02	0.012901	0.042024	0.045403	0.026481	0.381824	3839000.000000
2016-09-01	0.007667	0.019030	0.032649	0.012561	0.225178	4320400.000000
2016-08-31	-0.038770	0.000468	0.001122	-0.022768	-1.184633	4053200.000000
2016-08-30	-0.022353	0.022578	0.030257	0.004980	-0.698637	4551700.000000
2016-08-29	0.003739	0.020300	0.039248	0.015804	0.116440	3491100.000000
2016-08-26	-0.008037	0.040771	0.071035	0.018471	-0.252285	6501300.000000
2016-08-25	0.011570	0.031221	0.042823	0.026388	0.359022	2920700.000000
2016-08-24	-0.021719	0.026479	0.034045	0.007563	-0.688936	2469300.000000
2016-08-23	0.032859	0.059557	0.081047	0.058254	1.009143	3917500.000000
2016-08-22	-0.009080	0.009281	0.022510	0.004119	-0.281397	2513300.000000
2016-08-19	-0.017533	0.009021	0.015678	0.002364	-0.553085	4829600.000000
2016-08-18	0.018803	0.048986	0.054799	0.040266	0.582195	2626800.000000
2016-08-17	0.013016	0.035157	0.044645	0.022398	0.397837	3589900.000000
2016-08-16	0.009615	0.057002	0.059645	0.039495	0.291100	3165100.000000
2016-08-15	0.007427	0.031908	0.043222	0.029579	0.223175	2395500.000000
2016-08-12	-0.018384	0.023064	0.026004	0.006732	-0.562792	2734500.000000
2016-08-11	0.021036	0.039915	0.057926	0.032912	0.630716	2669200.000000
2016-08-10	-0.010884	0.046082	0.046082	0.018701	-0.329914	2660600.000000
2016-08-09	-0.007624	0.026321	0.032541	0.018464	-0.232878	2518900.000000
2016-08-08	0.014829	0.042205	0.056159	0.041873	0.446350	2724700.000000
2016-08-05	0.026133	0.040463	0.059554	0.030918	0.766564	4539200.000000
2016-08-04	0.011714	0.023334	0.047822	0.018160	0.339615	4926400.000000
2016-08-03	0.022937	0.030930	0.055980	0.022109	0.650121	3787700.000000
2016-08-02	-0.000684	0.036923	0.039039	0.014358	-0.019407	2668000.000000
2016-08-01	-0.015494	0.037519	0.038908	0.013221	-0.446354	3053800.000000
2016-07-29	0.004398	0.019769	0.038596	0.013494	0.126145	3864700.000000
2016-07-28	-0.006387	0.030577	0.032655	0.017067	-0.184363	2508900.000000
2016-07-27	0.009844	0.042821	0.056114	0.027778	0.281397	3666200.000000
2016-07-26	0.042094	0.044430	0.076510	0.044430	1.154690	4453300.000000
2016-07-25	-0.009807	0.035992	0.035992	0.011445	-0.271690	2282200.000000
2016-07-22	-0.014498	0.022395	0.024529	0.006387	-0.407538	3034100.000000
2016-07-21	0.022952	0.050228	0.069515	0.047317	0.630715	4823900.000000
2016-07-20	-0.013928	0.010482	0.024118	-0.001360	-0.388134	5868900.000000
2016-07-19	-0.050578	-0.000766	0.004685	-0.028362	-1.484604	5858200.000000
2016-07-18	-0.008197	0.020778	0.022805	0.010979	-0.242585	3912600.000000
2016-07-15	-0.014540	0.030244	0.034240	0.008267	-0.436649	3050900.000000
2016-07-14	0.001294	0.042580	0.046247	0.027243	0.038815	2429700.000000
2016-07-13	0.002270	0.055305	0.057310	0.022223	0.067922	5540300.000000
2016-07-12	0.033166	0.051637	0.069245	0.051637	0.960627	4622800.000000
2016-07-11	0.017382	0.036197	0.061136	0.036197	0.494869	4135100.000000
2016-07-08	0.056155	0.064707	0.089191	0.062852	1.513714	5310400.000000
2016-07-07	-0.027651	0.041398	0.050056	-0.007659	-0.766560	6042200.000000
2016-07-06	0.027328	0.019830	0.060964	0.017236	0.737452	4712100.000000
2016-07-05	-0.028302	0.027336	0.029857	-0.001831	-0.785969	6567500.000000
2016-07-01	0.002101	0.019391	0.035629	0.011813	0.058220	4673800.000000
2016-06-30	0.028819	0.053965	0.060648	0.041714	0.776266	7373600.000000
2016-06-29	0.015734	0.051317	0.059612	0.045660	0.417240	4961500.000000
2016-06-28	0.041540	0.072208	0.083991	0.056106	1.057661	5798300.000000
2016-06-27	-0.036357	-0.003485	0.002192	-0.025437	-0.960626	8093700.000000
2016-06-24	-0.073810	-0.061614	-0.029014	-0.062666	-2.105618	12213100.000000
2016-06-23	0.048128	0.030577	0.082014	0.030577	1.309948	4178500.000000
2016-06-22	-0.008834	0.039681	0.040773	0.020745	-0.242584	5652700.000000
2016-06-21	-0.002467	0.027671	0.035299	0.013504	-0.067923	4300100.000000
2016-06-20	0.023818	0.052148	0.068884	0.048801	0.640419	5568100.000000
2016-06-17	0.031262	0.041316	0.068548	0.039398	0.815075	7197400.000000
2016-06-16	-0.001857	0.007607	0.030194	-0.011917	-0.048515	5389600.000000
2016-06-15	0.027089	0.043946	0.078940	0.043946	0.688934	4845700.000000
2016-06-14	-0.023836	0.015608	0.023668	-0.005887	-0.621012	6719000.000000
2016-06-13	0.004489	0.024022	0.045999	0.022866	0.116440	4388600.000000
2016-06-10	-0.044675	-0.004414	0.008846	-0.019515	-1.212911	6321600.000000
2016-06-09	-0.056324	-0.007309	-0.001053	-0.033030	-1.620451	8154100.000000
2016-06-08	0.030946	0.060677	0.072144	0.052794	0.863592	4863400.000000
2016-06-07	-0.014393	0.019275	0.030224	0.010799	-0.407540	4479900.000000
2016-06-06	0.049263	0.057259	0.084311	0.055776	1.329354	5606400.000000
2016-06-03	0.039238	0.056380	0.072555	0.043286	1.018846	4213200.000000
2016-06-02	0.004505	0.015103	0.037540	0.014329	0.116442	2241600.000000
2016-06-01	-0.012236	0.004975	0.021406	-0.006107	-0.320209	5565200.000000
2016-05-31	-0.019273	0.017835	0.044443	0.008466	-0.514277	4414600.000000
2016-05-27	-0.016804	0.031314	0.035735	0.005522	-0.456055	3916700.000000
2016-05-26	-0.010262	0.048446	0.056834	0.018178	-0.281396	5392800.000000
2016-05-25	0.042804	0.048450	0.078873	0.045788	1.125583	5099000.000000
2016-05-24	0.005566	0.030577	0.045491	0.025223	0.145550	3929700.000000
2016-05-23	0.004098	0.013682	0.043248	0.009075	0.106735	3650100.000000
2016-05-20	-0.017929	0.038873	0.048677	0.011345	-0.475462	3704100.000000
2016-05-19	-0.000366	0.011353	0.037739	-0.002595	-0.009702	5220200.000000
2016-05-18	-0.034263	0.007279	0.028029	-0.007647	-0.941220	5530000.000000
2016-05-17	0.030579	0.045959	0.078223	0.033203	0.815077	4487100.000000
2016-05-16	0.032707	0.062734	0.088692	0.060409	0.844187	3821900.000000
2016-05-13	-0.004491	0.026334	0.045233	0.019392	-0.116438	4998500.000000
2016-05-12	-0.023035	0.030954	0.040751	-0.006727	-0.611309	4444000.000000
2016-05-11	0.006625	0.043094	0.056370	0.024508	0.174658	3133300.000000
2016-05-10	0.034653	0.041958	0.068645	0.038426	0.883001	3737200.000000
2016-05-09	-0.059792	-0.009274	-0.005584	-0.041006	-1.620453	5568900.000000
2016-05-06	0.009761	0.015673	0.061129	0.014928	0.261992	3694500.000000
2016-05-05	0.001086	0.048854	0.059297	0.017895	0.029110	5741400.000000
2016-05-04	-0.065607	-0.023444	-0.001487	-0.040521	-1.882441	6902300.000000
2016-05-03	-0.051331	-0.007115	-0.005792	-0.037864	-1.552528	6617800.000000
2016-05-02	-0.005424	0.041100	0.041429	0.011833	-0.164957	3998900.000000
2016-04-29	0.008041	0.036544	0.058090	0.027262	0.242582	4001900.000000
2016-04-28	0.005498	0.041243	0.060241	0.031577	0.164955	3709100.000000
2016-04-27	-0.004187	0.002033	0.027258	-0.003610	-0.126141	5729600.000000
2016-04-26	0.016699	0.037663	0.048462	0.021803	0.494868	3689000.000000
2016-04-25	-0.040226	0.003695	0.006286	-0.018005	-1.242022	4672300.000000
2016-04-22	0.002205	0.036744	0.048429	0.021164	0.067923	4932200.000000
2016-04-21	-0.023978	0.037547	0.039764	-0.001104	-0.756859	8839800.000000
2016-04-20	0.034012	0.043680	0.080697	0.040077	1.038256	7197200.000000
2016-04-19	0.052174	0.063321	0.086759	0.055738	1.513713	5064400.000000
2016-04-18	0.034244	0.027725	0.069433	0.024517	0.960627	4493200.000000
2016-04-15	0.004168	0.034872	0.045969	0.023060	0.116440	4590500.000000
2016-04-14	0.009821	0.050097	0.053712	0.029854	0.271692	5109900.000000
2016-04-13	0.067391	0.089996	0.111603	0.085366	1.746596	7264100.000000
2016-04-12	0.042952	0.060355	0.082488	0.050697	1.067361	4235300.000000
2016-04-11	0.033912	0.061365	0.078008	0.059701	0.815079	3086200.000000
2016-04-08	0.035535	0.067199	0.080124	0.062459	0.824782	4839400.000000
2016-04-07	-0.016043	0.016163	0.030153	0.007685	-0.378430	4211100.000000
2016-04-06	0.009971	0.019873	0.042137	0.001890	0.232880	5363000.000000
2016-04-05	-0.024321	-0.004931	0.009690	-0.011198	-0.582199	3806500.000000
2016-04-04	-0.038207	0.027764	0.032988	-0.010807	-0.950924	3256300.000000
2016-04-01	-0.009653	-0.005633	0.021027	-0.009214	-0.242583	2680400.000000
2016-03-31	-0.015209	0.026658	0.030185	0.010201	-0.388130	2307600.000000
2016-03-30	0.022153	0.053007	0.073034	0.046198	0.553086	4735200.000000
2016-03-29	0.001557	-0.007934	0.034990	-0.018766	0.038814	4140500.000000
2016-03-28	0.001950	0.035802	0.041027	0.013293	0.048517	1719200.000000
2016-03-24	0.004702	0.006347	0.035423	0.003116	0.116438	3795100.000000
2016-03-23	-0.044553	0.023246	0.024403	-0.017267	-1.154691	4280600.000000
2016-03-22	-0.013663	0.013451	0.022966	0.008504	-0.359023	3320700.000000
2016-03-21	-0.012400	0.026818	0.041476	0.010281	-0.329912	3068800.000000
2016-03-18	0.004764	0.060788	0.072495	0.027933	0.126143	4458000.000000
2016-03-17	0.049615	0.071800	0.086466	0.053567	1.251726	4731500.000000
2016-03-16	0.039584	0.034285	0.075080	0.017803	0.960626	4972200.000000
2016-03-15	-0.068529	-0.031603	-0.031219	-0.047340	-1.785408	5432800.000000
2016-03-14	-0.013593	0.023383	0.029062	0.003696	-0.359020	4190400.000000
2016-03-11	0.025622	0.031353	0.057370	0.029024	0.659823	4382900.000000
2016-03-10	-0.015579	-0.001915	0.019491	-0.009178	-0.407538	5791100.000000
2016-03-09	0.025485	0.041945	0.058017	0.004313	0.650120	5658800.000000
2016-03-08	-0.087761	-0.023750	-0.021247	-0.055219	-2.454174	7836900.000000
2016-03-07	0.053829	0.058572	0.107939	0.058572	1.428406	9236200.000000
2016-03-04	0.070793	0.077824	0.149652	0.071771	1.754350	9485700.000000
2016-03-03	0.017717	0.050102	0.064887	0.036961	0.431399	4652900.000000
2016-03-02	0.082694	0.069799	0.129381	0.065798	1.859806	7164300.000000
2016-03-01	0.037594	0.092486	0.093409	0.065266	0.814859	4096200.000000
2016-02-29	0.002216	0.062078	0.070401	0.043121	0.047934	3173500.000000
2016-02-26	-0.011827	0.041293	0.055914	0.025302	-0.258839	4469800.000000
2016-02-25	0.001316	0.032598	0.045866	0.009265	0.028759	5330400.000000
2016-02-24	-0.053549	-0.036986	-0.011871	-0.052574	-1.236671	8219600.000000
2016-02-23	-0.047450	0.014248	0.021673	-0.017099	-1.150397	8280700.000000
2016-02-22	0.054629	0.084881	0.110980	0.077486	1.255848	5127500.000000
2016-02-19	-0.000417	0.023989	0.043121	0.018771	-0.009586	2424400.000000
2016-02-18	-0.005390	0.050473	0.053068	0.030579	-0.124626	2592700.000000
2016-02-17	0.041451	0.057083	0.099421	0.057083	0.920315	5436000.000000
2016-02-16	0.019366	0.044039	0.065159	0.025215	0.421812	4997300.000000
2016-02-12	0.072204	0.090871	0.131730	0.088410	1.466751	3760500.000000
2016-02-11	-0.021247	0.018549	0.032039	0.003131	-0.440983	4422600.000000
2016-02-10	-0.006425	0.028281	0.052695	0.021100	-0.134214	5281100.000000
2016-02-09	-0.040511	-0.009701	0.014643	-0.011079	-0.881966	4512100.000000
2016-02-08	0.005757	0.043121	0.055132	0.029724	0.124622	3660900.000000
2016-02-05	-0.013543	0.023070	0.052235	0.014867	-0.297182	4518800.000000
2016-02-04	0.070126	0.094814	0.159674	0.090913	1.437992	6076300.000000
2016-02-03	0.052140	0.066210	0.098535	0.034911	1.016180	4115600.000000
2016-02-02	-0.064427	-0.019764	-0.016884	-0.034165	-1.342127	3806200.000000
2016-02-01	-0.008215	0.038360	0.038836	0.013603	-0.172559	3316800.000000
2016-01-29	0.005507	0.018707	0.053174	0.017749	0.115040	3826800.000000
2016-01-28	0.020609	0.098331	0.099796	0.056313	0.421810	3134600.000000
2016-01-27	-0.029986	0.002837	0.043121	-0.002376	-0.632714	5497900.000000
2016-01-26	0.060723	0.072781	0.109479	0.058705	1.207913	4668800.000000
2016-01-25	-0.033985	0.031466	0.036808	0.006699	-0.699822	3712300.000000
2016-01-22	0.022857	0.083356	0.097761	0.046598	0.460156	5162300.000000
2016-01-21	0.083591	0.073263	0.142697	0.061960	1.553032	9689800.000000
2016-01-20	-0.034380	-0.014051	0.019213	-0.040557	-0.661478	8144600.000000
2016-01-19	-0.005943	0.060171	0.063787	0.023488	-0.115038	4112000.000000
2016-01-15	-0.068727	-0.042523	-0.025683	-0.048778	-1.428406	5103600.000000
2016-01-14	0.063788	0.080997	0.121432	0.067689	1.246262	6114300.000000
2016-01-13	-0.012597	0.067885	0.074960	0.020884	-0.249253	5547500.000000
2016-01-12	-0.035514	0.043121	0.044096	-0.005135	-0.728582	6401100.000000
2016-01-11	-0.025501	0.051671	0.057846	0.001320	-0.536852	5897700.000000
2016-01-08	-0.022262	0.043121	0.047765	0.018506	-0.479330	7446600.000000
2016-01-07	-0.054714	-0.011757	0.007999	-0.018781	-1.246262	4749900.000000
2016-01-06	-0.059755	-0.021274	-0.010129	-0.033245	-1.447580	4968600.000000
2016-01-05	-0.008242	0.037799	0.040665	0.020195	-0.201317	3010000.000000
2016-01-04	-0.010870	0.015180	0.032593	0.002222	-0.268425	5041500.000000
2015-12-31	-0.009231	0.033893	0.048337	0.031887	-0.230078	2420400.000000
2015-12-30	-0.011783	0.026073	0.035192	0.018936	-0.297187	4438800.000000
2015-12-29	0.018978	0.053221	0.065341	0.052009	0.469745	6323600.000000
2015-12-28	-0.012242	0.035140	0.037534	0.021572	-0.306772	3519100.000000
2015-12-24	0.006934	0.045934	0.053568	0.039906	0.172560	1499200.000000
2015-12-23	0.057865	0.043121	0.113257	0.043121	1.361297	5033400.000000
2015-12-22	0.010709	0.041403	0.057299	0.038395	0.249255	3988800.000000
2015-12-21	0.014626	0.069711	0.073634	0.047480	0.335531	5319100.000000
2015-12-18	0.013124	0.043121	0.075801	0.043121	0.297184	5483000.000000
2015-12-17	-0.039056	0.032087	0.034633	0.001532	-0.920315	3869600.000000
2015-12-16	0.032339	0.072036	0.079483	0.051445	0.738169	6291800.000000
2015-12-15	0.005915	0.058105	0.068241	0.044884	0.134214	4105200.000000
2015-12-14	-0.005880	0.033045	0.042683	0.016835	-0.134214	6590000.000000
2015-12-11	-0.052527	-0.004199	0.004518	-0.014992	-1.265431	4993400.000000
2015-12-10	0.007618	0.042284	0.061942	0.038520	0.182143	4992400.000000
2015-12-09	0.020458	0.075985	0.097326	0.056352	0.479332	6188800.000000
2015-12-08	-0.041944	-0.014535	0.010408	-0.022304	-1.025767	7085300.000000
2015-12-07	-0.036631	0.018697	0.021061	0.000577	-0.929903	4307200.000000
2015-12-04	0.008762	0.047095	0.052658	0.033981	0.220492	3569800.000000
2015-12-03	-0.023801	0.038078	0.043121	0.012863	-0.613543	4905200.000000
2015-12-02	-0.015379	0.028225	0.045031	0.024787	-0.402637	4864700.000000
2015-12-01	0.023613	0.053286	0.068534	0.051331	0.603954	4347400.000000
2015-11-30	-0.011119	0.004845	0.035002	0.001752	-0.287596	5128300.000000
2015-11-27	-0.019978	0.004094	0.024555	0.000305	-0.527265	3947100.000000
2015-11-25	-0.043433	0.023186	0.023911	-0.006534	-1.198327	5726200.000000
2015-11-24	0.012311	0.040920	0.057430	0.040920	0.335534	3004300.000000
2015-11-23	-0.023024	0.028783	0.033084	0.013369	-0.642306	4141200.000000
2015-11-20	-0.000687	0.053867	0.058882	0.037031	-0.019174	5621800.000000
2015-11-19	0.018182	0.056616	0.066828	0.054063	0.498506	4511500.000000
2015-11-18	0.019608	0.058740	0.067293	0.047955	0.527264	2988000.000000
2015-11-17	-0.021284	0.039117	0.039117	0.018007	-0.584784	5437300.000000
2015-11-16	0.008800	0.044590	0.057073	0.030270	0.239666	3012400.000000
2015-11-13	0.007804	0.058292	0.062363	0.042011	0.210905	3715600.000000
2015-11-12	-0.025579	0.013194	0.031583	0.003819	-0.709411	6099100.000000
2015-11-11	-0.031794	0.043121	0.043470	0.008211	-0.910725	3234900.000000
2015-11-10	-0.002004	0.035456	0.043469	0.030230	-0.057524	3568200.000000
2015-11-09	-0.026341	0.027517	0.035319	0.002753	-0.776514	4239900.000000
2015-11-06	-0.052096	-0.013151	-0.002218	-0.026335	-1.620134	8215700.000000
2015-11-05	-0.029614	0.025023	0.025959	0.005053	-0.949080	3465200.000000
2015-11-04	-0.006242	0.061416	0.064827	0.031958	-0.201316	2929600.000000
2015-11-03	0.027175	0.053950	0.079750	0.048536	0.853206	2152800.000000
2015-11-02	-0.004257	0.032655	0.041535	0.024726	-0.134210	1841900.000000
2015-10-30	0.005195	0.055235	0.058742	0.044396	0.162969	1944400.000000
2015-10-29	-0.041313	0.002777	0.021421	-0.001196	-1.351715	3244800.000000
2015-10-28	-0.006983	0.017931	0.051922	0.017931	-0.230072	3228700.000000
2015-10-27	-0.026897	0.017132	0.028059	0.011520	-0.910728	2861200.000000
2015-10-26	-0.012028	0.050124	0.050124	0.029991	-0.412228	1196900.000000
2015-10-23	0.010458	0.060221	0.066118	0.046659	0.354706	2144600.000000
2015-10-22	0.019597	0.053642	0.072581	0.053041	0.651890	2413500.000000
2015-10-21	-0.006869	0.052376	0.054167	0.033567	-0.230080	1692600.000000
2015-10-20	-0.008232	0.019138	0.041937	0.019138	-0.278011	2333800.000000
2015-10-19	-0.023017	0.023450	0.026922	0.014772	-0.795693	2162800.000000
2015-10-16	-0.016098	0.036575	0.038852	0.021490	-0.565613	2198000.000000
2015-10-15	-0.000545	0.035441	0.044828	0.030036	-0.019168	2202900.000000
2015-10-14	0.013543	0.056095	0.061573	0.045716	0.469745	4221600.000000
2015-10-13	-0.023745	0.013567	0.034958	0.009063	-0.843620	2837400.000000
2015-10-12	-0.018538	0.042292	0.043950	0.021297	-0.671063	2594700.000000
2015-10-09	0.011790	0.059053	0.064922	0.049550	0.421807	3657100.000000
2015-10-08	0.046258	0.062129	0.096929	0.057451	1.581798	5721000.000000
2015-10-07	0.041460	0.095201	0.109515	0.071445	1.361294	4801400.000000
2015-10-06	0.016320	0.038168	0.062002	0.036930	0.527264	4735200.000000
2015-10-05	0.019359	0.043752	0.072465	0.041228	0.613542	3516000.000000
2015-10-02	0.030228	0.038570	0.074977	0.033369	0.929903	4126400.000000
2015-10-01	0.014864	0.069842	0.079079	0.047739	0.450571	3669300.000000
2015-09-30	0.028962	0.055002	0.075029	0.054662	0.853211	3247500.000000
2015-09-29	0.008202	0.054072	0.056126	0.041068	0.239664	2577600.000000
2015-09-28	-0.043615	0.012027	0.013336	-0.013176	-1.332542	7971200.000000
2015-09-25	-0.013007	0.035691	0.041506	0.025676	-0.402636	2228000.000000
2015-09-24	0.004355	0.033063	0.052530	0.025600	0.134212	3023400.000000
2015-09-23	-0.021309	0.039946	0.044074	0.020893	-0.671062	2939000.000000
2015-09-22	-0.038067	-0.000864	0.008605	-0.006973	-1.246264	3249900.000000
2015-09-21	-0.013006	0.034077	0.041312	0.027143	-0.431392	1963700.000000
2015-09-18	-0.022046	0.025431	0.038698	0.016586	-0.747757	2109500.000000
2015-09-17	-0.003661	0.038421	0.061627	0.032840	-0.124626	3382700.000000
2015-09-16	0.038608	0.065698	0.090106	0.064172	1.265430	3304300.000000
2015-09-15	0.002345	0.029359	0.048931	0.027830	0.076695	3454900.000000
2015-09-14	0.001174	0.037304	0.047101	0.019852	0.038349	2945600.000000
2015-09-11	0.003830	0.048038	0.050497	0.033286	0.124626	3427200.000000
2015-09-10	-0.002938	0.043121	0.052620	0.033928	-0.095871	3058100.000000
2015-09-09	0.004723	0.088688	0.091151	0.046816	0.153389	3162200.000000
2015-09-08	0.040593	0.119425	0.134163	0.107250	1.266994	3133700.000000
2015-09-04	-0.035714	0.042681	0.050096	0.034958	-1.156017	3019600.000000
2015-09-03	0.002291	0.081918	0.102974	0.077893	0.073986	3469100.000000
2015-09-02	0.024648	0.119055	0.121911	0.083203	0.776840	2967000.000000
2015-09-01	-0.074667	0.010543	0.025516	-0.007072	-2.543239	4273400.000000
2015-08-31	0.003816	0.059490	0.090435	0.049175	0.129482	3039300.000000
2015-08-28	0.019167	0.077394	0.108932	0.074991	0.638119	2756800.000000
2015-08-27	0.056338	0.102557	0.149197	0.100653	1.775638	4611600.000000
2015-08-26	0.035237	0.131554	0.131554	0.085897	1.072787	4807500.000000
2015-08-25	0.022996	0.148838	0.153206	0.105156	0.684360	5022400.000000
2015-08-24	-0.072088	-0.006003	0.044196	-0.015045	-2.312032	7294800.000000
2015-08-21	-0.033175	0.071050	0.077682	0.044221	-1.100525	3183600.000000
2015-08-20	-0.006096	0.092984	0.092984	0.074108	-0.203461	2344000.000000
2015-08-19	-0.017157	0.061864	0.071876	0.049496	-0.582634	3679000.000000
2015-08-18	-0.012372	0.060650	0.068503	0.053089	-0.425415	2066300.000000
2015-08-17	-0.018479	0.059033	0.062174	0.044190	-0.647369	2961300.000000
2015-08-14	0.004242	0.077859	0.088466	0.075852	0.147972	1724000.000000
2015-08-13	-0.011271	0.068544	0.075347	0.057491	-0.397671	2750600.000000
2015-08-12	0.008726	0.066432	0.092735	0.059570	0.305191	4023900.000000
2015-08-11	-0.047835	0.036925	0.037742	0.016508	-1.757149	3838800.000000
2015-08-10	0.027950	0.072624	0.111802	0.067587	0.998802	2997900.000000
2015-08-07	-0.007194	0.065185	0.082966	0.062962	-0.258953	1893500.000000
2015-08-06	-0.001795	0.061609	0.080744	0.056894	-0.064735	2518400.000000
2015-08-05	0.016423	0.126118	0.128373	0.093984	0.582630	3063900.000000
2015-08-04	0.028694	0.108556	0.122765	0.106816	0.989548	2766400.000000
2015-08-03	-0.028147	0.057064	0.060445	0.044946	-0.998787	2419100.000000
2015-07-31	0.006294	0.112209	0.112777	0.086971	0.221947	2323000.000000
2015-07-30	-0.004438	0.084687	0.087793	0.069724	-0.157212	1974400.000000
2015-07-29	0.023517	0.083611	0.113374	0.083611	0.813835	2126400.000000
2015-07-28	0.030286	0.104521	0.119109	0.100353	1.017289	2922700.000000
2015-07-27	0.000551	0.087257	0.097682	0.076235	0.018501	3541800.000000
2015-07-24	-0.016793	0.070463	0.070756	0.048204	-0.573383	4275500.000000
2015-07-23	-0.020690	0.087322	0.089903	0.052044	-0.721360	3308600.000000
2015-07-22	-0.049899	0.041241	0.047236	0.024618	-1.831127	3807200.000000
2015-07-21	0.014056	0.085168	0.109485	0.083233	0.508644	1945000.000000
2015-07-20	-0.010869	0.075832	0.078839	0.067632	-0.397667	2373300.000000
2015-07-17	-0.006779	0.084285	0.088086	0.069354	-0.249702	2500200.000000
2015-07-16	0.013744	0.109646	0.110471	0.093683	0.499401	1857300.000000
2015-07-15	-0.016521	0.081840	0.083194	0.055045	-0.610378	2887600.000000
2015-07-14	-0.013824	0.079964	0.079964	0.065284	-0.517891	2419100.000000
2015-07-13	0.026349	0.089518	0.123488	0.080477	0.961799	4367100.000000
2015-07-10	0.027865	0.123256	0.123819	0.108050	0.989552	2335700.000000
2015-07-09	0.027012	0.126992	0.134800	0.106459	0.934059	3598800.000000
2015-07-08	-0.040544	0.052719	0.060211	0.028302	-1.461204	4719600.000000
2015-07-07	-0.015661	0.052075	0.069555	0.034048	-0.573384	4070600.000000
2015-07-06	-0.041172	0.081299	0.081299	0.022114	-1.572178	3835000.000000
2015-07-02	0.019758	0.101328	0.113612	0.098657	0.739849	1963600.000000
2015-07-01	-0.005404	0.083158	0.087674	0.071472	-0.203456	1722800.000000
2015-06-30	-0.024443	0.076894	0.078708	0.049169	-0.943310	2772300.000000
2015-06-29	-0.022488	0.062809	0.074207	0.053690	-0.887825	2868400.000000
2015-06-26	-0.014998	0.081299	0.081299	0.058096	-0.601128	2162300.000000
2015-06-25	-0.023654	0.073261	0.075940	0.053286	-0.971054	2069500.000000
2015-06-24	-0.004932	0.082269	0.089540	0.073785	-0.203461	2367600.000000
2015-06-23	0.014786	0.084251	0.098763	0.080315	0.601132	1336000.000000
2015-06-22	0.003424	0.092652	0.095861	0.084014	0.138717	1186200.000000
2015-06-19	-0.010614	0.075194	0.079834	0.068845	-0.434658	1132600.000000
2015-06-18	0.016062	0.101397	0.118021	0.088743	0.647370	1716100.000000
2015-06-17	0.011137	0.089327	0.099363	0.076281	0.443912	1693300.000000
2015-06-16	0.004896	0.077770	0.088106	0.074240	0.194210	1304600.000000
2015-06-15	-0.009469	0.068563	0.075306	0.065317	-0.379177	1327900.000000
2015-06-12	-0.005284	0.078815	0.082789	0.071115	-0.212703	1032000.000000
2015-06-11	0.000000	0.080802	0.083783	0.073350	0.000000	1036500.000000
2015-06-10	0.031272	0.081299	0.125104	0.081299	1.220752	3419600.000000
2015-06-09	-0.014476	0.081046	0.084076	0.064132	-0.573387	3469400.000000
2015-06-08	-0.001864	0.079535	0.082559	0.067187	-0.073986	1402800.000000
2015-06-05	-0.004408	0.070260	0.087571	0.066497	-0.175709	1681600.000000
2015-06-04	-0.029061	0.060837	0.067414	0.048171	-1.193012	2247300.000000
2015-06-03	-0.014432	0.066414	0.076978	0.062333	-0.601131	1806600.000000
2015-06-02	0.023404	0.082527	0.111519	0.082036	0.952560	2412500.000000
2015-06-01	-0.013892	0.080088	0.082510	0.058040	-0.573383	1724900.000000
2015-05-29	0.001346	0.091489	0.095613	0.080814	0.055488	2181600.000000
2015-05-28	-0.013938	0.069338	0.069338	0.055463	-0.582630	2407900.000000
2015-05-27	0.000443	0.075555	0.088000	0.069811	0.018494	1647900.000000
2015-05-26	-0.015043	0.074934	0.080356	0.054897	-0.638123	2428400.000000
2015-05-22	-0.008859	0.079897	0.083402	0.068682	-0.379173	1138200.000000
2015-05-21	0.006306	0.090704	0.094465	0.084355	0.268196	1323300.000000
2015-05-20	0.000435	0.080829	0.086709	0.077535	0.018494	1931100.000000
2015-05-19	-0.049617	0.037484	0.038378	0.020494	-2.219551	3908900.000000
2015-05-18	-0.061688	0.023616	0.025713	0.011450	-2.940903	1958900.000000
2015-05-15	-0.004442	0.073364	0.078584	0.064175	-0.212708	1761100.000000
2015-05-14	-0.000772	0.087768	0.094028	0.075665	-0.036995	1439800.000000
2015-05-13	-0.000386	0.083593	0.091728	0.078796	-0.018497	1553500.000000
2015-05-12	0.014680	0.084685	0.104792	0.081299	0.693611	2145000.000000
2015-05-11	0.005709	0.082150	0.092155	0.081299	0.268196	2668400.000000
2015-05-08	0.010543	0.083880	0.096571	0.072050	0.490151	3188700.000000
2015-05-07	-0.022175	0.056901	0.058373	0.042178	-1.054287	2852500.000000
2015-05-06	-0.011916	0.079844	0.085040	0.061764	-0.573387	2437900.000000
2015-05-05	-0.002492	0.076324	0.085030	0.074873	-0.120224	2767700.000000
2015-05-04	0.004623	0.087130	0.088380	0.079841	0.221958	1737200.000000
2015-05-01	0.012283	0.103224	0.105965	0.083829	0.582630	1530100.000000
2015-04-30	-0.011372	0.054621	0.076505	0.051494	-0.545643	3164000.000000
2015-04-29	-0.007461	0.061853	0.078403	0.055233	-0.360680	2217600.000000
2015-04-28	0.014361	0.097666	0.100814	0.092211	0.684369	2196500.000000
2015-04-27	0.009600	0.074732	0.099095	0.073672	0.453159	2757500.000000
2015-04-24	0.036977	0.112275	0.123699	0.108760	1.683159	3087800.000000
2015-04-23	0.029707	0.088990	0.116588	0.085823	1.313232	2243600.000000
2015-04-22	0.033514	0.105146	0.119407	0.102341	1.433464	2164700.000000
2015-04-21	-0.014700	0.079226	0.081299	0.060336	-0.638122	2286600.000000
2015-04-20	0.010767	0.082696	0.102720	0.081765	0.462410	1633000.000000
2015-04-17	-0.008116	0.063516	0.074833	0.060052	-0.351429	1808000.000000
2015-04-16	0.015398	0.097011	0.107563	0.084113	0.656612	3277600.000000
2015-04-15	0.010741	0.082721	0.100735	0.077270	0.453163	4209000.000000
2015-04-14	0.039180	0.109624	0.127851	0.108393	1.590676	3477800.000000
2015-04-13	-0.041903	0.056048	0.061948	0.034337	-1.775643	2961400.000000
2015-04-10	-0.000436	0.079648	0.084130	0.076345	-0.018494	1792300.000000
2015-04-09	-0.019046	0.065564	0.075283	0.057697	-0.823085	2237800.000000
2015-04-08	0.000214	0.101434	0.105832	0.076207	0.009247	1773100.000000
2015-04-07	0.004515	0.076184	0.094783	0.074092	0.194213	1757500.000000
2015-04-06	0.020852	0.090792	0.111915	0.090318	0.878575	1250800.000000
2015-04-02	-0.011285	0.067689	0.070974	0.055252	-0.480904	2605600.000000
2015-04-01	-0.008393	0.070130	0.078972	0.070130	-0.360679	2133500.000000
2015-03-31	-0.015049	0.081299	0.081299	0.059068	-0.656617	2261000.000000
2015-03-30	0.001699	0.081758	0.088875	0.074412	0.073986	2694800.000000
2015-03-27	-0.019771	0.068472	0.070497	0.056545	-0.878574	1872200.000000
2015-03-26	-0.010299	0.074172	0.082858	0.062591	-0.462406	2285600.000000
2015-03-25	-0.011000	0.086365	0.089449	0.068523	-0.499401	2877700.000000
2015-03-24	-0.006476	0.087645	0.090272	0.072764	-0.295937	1957900.000000
2015-03-23	0.028090	0.109423	0.115722	0.101548	1.248497	2066100.000000
2015-03-20	0.031330	0.107751	0.127475	0.103111	1.350228	3651900.000000
2015-03-19	-0.013548	0.074203	0.075348	0.064590	-0.591885	2744300.000000
2015-03-18	0.023841	0.071925	0.108484	0.059973	1.017296	3525500.000000
2015-03-17	0.020345	0.097798	0.108319	0.092777	0.850826	2473100.000000
2015-03-16	0.015039	0.090037	0.098289	0.081784	0.619629	2123700.000000
2015-03-13	-0.030468	0.062709	0.064120	0.037059	-1.294743	3288300.000000
2015-03-12	0.008118	0.105259	0.108818	0.085806	0.342182	2114500.000000
2015-03-11	-0.013633	0.074279	0.074747	0.060473	-0.582630	2505000.000000
2015-03-10	-0.040251	0.081793	0.084039	0.062704	-1.792282	2897700.000000
2015-03-09	0.001824	0.116839	0.119089	0.108290	0.081055	2264500.000000
2015-03-06	-0.031023	0.093092	0.098106	0.072599	-1.423016	3126600.000000
2015-03-05	-0.013367	0.110099	0.111605	0.093537	-0.621452	2081900.000000
2015-03-04	-0.007117	0.101772	0.104548	0.089812	-0.333237	2232100.000000
2015-03-03	-0.005927	0.107767	0.116259	0.101610	-0.279194	1459700.000000
2015-03-02	-0.004189	0.104395	0.106509	0.093402	-0.198143	2905000.000000
2015-02-27	0.012726	0.119949	0.126372	0.118236	0.594422	2143400.000000
2015-02-26	-0.013130	0.108624	0.109892	0.092778	-0.621445	1788200.000000
2015-02-25	0.004588	0.117107	0.119866	0.108829	0.216152	1959600.000000
2015-02-24	0.055701	0.164990	0.187174	0.154458	2.485787	3736500.000000
2015-02-23	-0.018423	0.095798	0.097997	0.083480	-0.837601	2507000.000000
2015-02-20	0.000198	0.110315	0.115814	0.106355	0.009003	2226000.000000
2015-02-19	-0.011555	0.099442	0.104008	0.092049	-0.531376	1936000.000000
2015-02-18	0.001373	0.098991	0.123815	0.098556	0.063038	2490700.000000
2015-02-17	-0.003907	0.109881	0.111616	0.101639	-0.180126	3141400.000000
2015-02-13	0.048761	0.146256	0.173553	0.144436	2.143539	4192900.000000
2015-02-12	0.018148	0.124211	0.134402	0.117494	0.783562	2587400.000000
2015-02-11	-0.008480	0.099981	0.105033	0.082069	-0.369263	1940200.000000
2015-02-10	-0.017875	0.094978	0.097008	0.080769	-0.792572	2063100.000000
2015-02-09	0.019466	0.120891	0.144114	0.119052	0.846607	2146700.000000
2015-02-06	-0.027000	0.091522	0.092193	0.075414	-1.206867	2978300.000000
2015-02-05	0.016800	0.111224	0.134427	0.108722	0.738533	2828800.000000
2015-02-04	-0.022823	0.085863	0.094310	0.080306	-1.026741	3081400.000000
2015-02-03	0.055802	0.141763	0.175323	0.132375	2.377705	8509500.000000
2015-02-02	0.021153	0.125413	0.135957	0.116785	0.882633	3733500.000000
2015-01-30	0.014008	0.113474	0.137775	0.104725	0.576420	3350100.000000
2015-01-29	0.006388	0.121075	0.121075	0.099065	0.261184	2542800.000000
2015-01-28	-0.009382	0.114918	0.119521	0.097474	-0.387275	2702600.000000
2015-01-27	-0.003912	0.101868	0.112728	0.093664	-0.162117	2217000.000000
2015-01-26	0.011209	0.109094	0.129348	0.100798	0.459327	2537400.000000
2015-01-23	-0.038258	0.087080	0.088488	0.065958	-1.630172	3278600.000000
2015-01-22	0.016545	0.128207	0.136080	0.119857	0.693496	2773000.000000
2015-01-21	0.018827	0.117120	0.135350	0.112502	0.774555	3837900.000000
2015-01-20	-0.009970	0.099004	0.105983	0.092988	-0.414295	4290700.000000
2015-01-16	0.031062	0.127435	0.149517	0.124209	1.251904	4323800.000000
2015-01-15	0.013360	0.134955	0.137218	0.120372	0.531379	4922500.000000
2015-01-14	-0.027527	0.061657	0.080973	0.049432	-1.125812	5501300.000000
2015-01-13	-0.010244	0.112009	0.113703	0.089744	-0.423302	2822400.000000
2015-01-12	-0.022374	0.090678	0.092334	0.075773	-0.945675	2724100.000000
2015-01-09	0.005356	0.120542	0.124586	0.113169	0.225163	2381200.000000
2015-01-08	0.015003	0.120454	0.132043	0.113212	0.621445	2273300.000000
2015-01-07	0.009438	0.118601	0.125424	0.108852	0.387279	2143500.000000
2015-01-06	-0.006325	0.101112	0.120970	0.096027	-0.261188	2914800.000000
2015-01-05	-0.035549	0.077150	0.082522	0.058699	-1.522095	4379800.000000
2015-01-02	0.004649	0.111253	0.117119	0.104918	0.198143	1467600.000000
2014-12-31	-0.010870	0.105905	0.110315	0.096621	-0.468338	1719200.000000
2014-12-30	-0.007057	0.102479	0.115845	0.102018	-0.306217	2036300.000000
2014-12-29	0.013676	0.127367	0.138347	0.122462	0.585418	2297100.000000
2014-12-26	0.012354	0.114808	0.134200	0.113862	0.522374	1557300.000000
2014-12-24	-0.007609	0.103508	0.104682	0.092713	-0.324234	1464300.000000
2014-12-23	-0.002320	0.103056	0.117339	0.096734	-0.099068	2355000.000000
2014-12-22	-0.020045	0.106873	0.108479	0.083239	-0.873627	3475900.000000
2014-12-19	0.036189	0.119825	0.154062	0.116734	1.522095	4663600.000000
2014-12-18	0.008639	0.114391	0.121825	0.100482	0.360256	4278500.000000
2014-12-17	0.023431	0.113260	0.152037	0.106633	0.954681	5435800.000000
2014-12-16	0.001993	0.116954	0.164170	0.106380	0.081059	4301500.000000
2014-12-15	-0.022304	0.098052	0.104785	0.079539	-0.927666	5917600.000000
2014-12-12	-0.019533	0.099235	0.107014	0.086270	-0.828594	3119000.000000
2014-12-11	-0.012371	0.095414	0.113108	0.093552	-0.531376	4510700.000000
2014-12-10	-0.018118	0.099570	0.101628	0.084483	-0.792572	3608600.000000
2014-12-09	-0.009786	0.082019	0.111446	0.078850	-0.432308	5049800.000000
2014-12-08	-0.026399	0.096210	0.097973	0.080562	-1.197857	3495000.000000
2014-12-05	-0.016784	0.093196	0.099047	0.085612	-0.774559	2414200.000000
2014-12-04	-0.009281	0.097219	0.104948	0.095716	-0.432308	2228800.000000
2014-12-03	0.013720	0.120543	0.135124	0.111185	0.630451	2028500.000000
2014-12-02	-0.006426	0.120261	0.122639	0.100368	-0.297211	2779300.000000
2014-12-01	-0.005423	0.095906	0.107304	0.082788	-0.252182	4400400.000000
2014-11-28	-0.067546	0.052764	0.056373	0.034115	-3.368412	3081000.000000
2014-11-26	0.003261	0.121380	0.121983	0.109108	0.162117	1954800.000000
2014-11-25	-0.015870	0.092892	0.100415	0.089328	-0.801578	2763700.000000
2014-11-24	-0.021974	0.102569	0.104699	0.083980	-1.134815	2130400.000000
2014-11-21	0.039710	0.159036	0.167491	0.149775	1.972415	4125300.000000
2014-11-20	-0.012534	0.081488	0.100176	0.080494	-0.630451	2626800.000000
2014-11-19	-0.029371	0.094491	0.096035	0.073458	-1.522098	3588200.000000
2014-11-18	-0.011170	0.104018	0.106880	0.092760	-0.585411	2454000.000000
2014-11-17	-0.004108	0.112025	0.112025	0.097013	-0.216160	1487700.000000
2014-11-14	0.013882	0.099140	0.126884	0.097984	0.720516	2461000.000000
2014-11-13	-0.009453	0.103826	0.111460	0.096574	-0.495354	1358300.000000
2014-11-12	-0.013397	0.097511	0.103725	0.088474	-0.711509	2169700.000000
2014-11-11	-0.004390	0.098692	0.106190	0.094381	-0.234169	2930800.000000
2014-11-10	-0.010855	0.116619	0.118659	0.095666	-0.585419	2830500.000000
2014-11-07	0.031347	0.138235	0.153151	0.135175	1.639172	3333900.000000
2014-11-06	-0.004458	0.114122	0.114503	0.102890	-0.234162	1664200.000000
2014-11-05	-0.010519	0.104475	0.107866	0.093172	-0.558407	2637400.000000
2014-11-04	0.004089	0.118637	0.119015	0.107288	0.216160	1873400.000000
2014-11-03	-0.012450	0.110501	0.110688	0.091261	-0.666481	1905800.000000
2014-10-31	0.011056	0.113147	0.123724	0.107859	0.585423	2090100.000000
2014-10-30	-0.000510	0.100499	0.115600	0.097290	-0.027016	2096100.000000
2014-10-29	-0.013584	0.117390	0.117763	0.091136	-0.729527	3009400.000000
2014-10-28	0.014116	0.122777	0.126931	0.116924	0.747536	1491500.000000
2014-10-27	-0.005749	0.100364	0.107686	0.096797	-0.306221	2015700.000000
2014-10-24	0.006638	0.112394	0.120709	0.112394	0.351257	1519900.000000
2014-10-23	-0.004069	0.112950	0.114644	0.103915	-0.216159	1857500.000000
2014-10-22	-0.014040	0.098623	0.103819	0.091200	-0.756543	2954000.000000
2014-10-21	0.008597	0.123042	0.126224	0.110502	0.459328	2143700.000000
2014-10-20	0.004743	0.106365	0.115956	0.104861	0.252186	1696100.000000
2014-10-17	0.005449	0.116743	0.123740	0.110125	0.288200	2322900.000000
2014-10-16	0.000852	0.086091	0.124508	0.080603	0.045037	3462800.000000
2014-10-15	0.005312	0.104036	0.120017	0.093572	0.279201	5152000.000000
2014-10-14	0.022425	0.131128	0.147273	0.129572	1.152825	3500700.000000
2014-10-13	0.024224	0.142391	0.159126	0.135218	1.215869	4186900.000000
2014-10-10	-0.027060	0.085503	0.096164	0.077556	-1.395999	3253100.000000
2014-10-09	-0.018506	0.113929	0.116973	0.087484	-0.972695	3893500.000000
2014-10-08	0.021888	0.113814	0.136950	0.102538	1.125805	3786400.000000
2014-10-07	-0.014665	0.109165	0.113380	0.090392	-0.765545	5034000.000000
2014-10-06	0.012756	0.133014	0.146400	0.112643	0.657471	7362700.000000
2014-10-03	-0.026370	0.090103	0.093503	0.073103	-1.396008	4960600.000000
2014-10-02	0.005646	0.114493	0.119622	0.097587	0.297211	4433200.000000
2014-10-01	-0.007303	0.106166	0.112200	0.096926	-0.387272	3606700.000000
2014-09-30	-0.002203	0.107869	0.116336	0.102036	-0.117081	2607900.000000
2014-09-29	-0.013706	0.092313	0.102149	0.090087	-0.738533	4152600.000000
2014-09-26	-0.002335	0.111611	0.114943	0.103464	-0.126091	2628300.000000
2014-09-25	-0.035852	0.089251	0.089786	0.067473	-2.008441	5198800.000000
2014-09-24	0.011876	0.127113	0.130545	0.113927	0.657470	2723100.000000
2014-09-23	0.003101	0.117381	0.120824	0.110315	0.171131	1817300.000000
2014-09-22	-0.032065	0.090672	0.090848	0.068049	-1.828315	4586600.000000
2014-09-19	-0.013556	0.103740	0.107200	0.090938	-0.783566	2074900.000000
2014-09-18	0.003754	0.114135	0.118997	0.110662	0.216164	902200.000000
2014-09-17	-0.023370	0.101835	0.103022	0.083519	-1.377995	2724800.000000
2014-09-16	0.013311	0.102925	0.132827	0.102925	0.774555	2652500.000000
2014-09-15	-0.008441	0.104180	0.105884	0.096512	-0.495353	2702100.000000
2014-09-12	-0.000307	0.110485	0.115255	0.105034	-0.018009	2474400.000000
2014-09-11	-0.011076	0.092458	0.099196	0.091616	-0.657479	2003300.000000
2014-09-10	-0.001666	0.108801	0.109642	0.097701	-0.099060	1546000.000000
2014-09-09	0.003343	0.115377	0.117064	0.108965	0.198132	2018900.000000
2014-09-08	-0.014232	0.103994	0.105823	0.092017	-0.855610	1279100.000000
2014-09-05	-0.001048	0.105330	0.111312	0.101342	-0.063042	1352000.000000
2014-09-04	-0.005655	0.115271	0.115437	0.101392	-0.342247	2893700.000000
2014-09-03	0.003584	0.119600	0.124077	0.111475	0.216156	1493400.000000
2014-09-02	-0.006266	0.134336	0.135160	0.120660	-0.380241	1225500.000000
2014-08-29	0.005862	0.134688	0.138334	0.130213	0.353706	1130800.000000
2014-08-28	-0.020106	0.111062	0.112036	0.102454	-1.237976	2605700.000000
2014-08-27	0.007233	0.140200	0.143145	0.134802	0.442135	1210900.000000
2014-08-26	-0.004608	0.129248	0.131365	0.124037	-0.282963	1630800.000000
2014-08-25	-0.003730	0.130552	0.130714	0.124062	-0.229912	1198800.000000
2014-08-22	-0.012047	0.120298	0.121580	0.111483	-0.751632	1972000.000000
2014-08-21	-0.006617	0.122915	0.124189	0.116865	-0.415608	1719000.000000
2014-08-20	0.014280	0.142664	0.155260	0.141857	0.884274	2824400.000000
2014-08-19	-0.037521	0.092486	0.098858	0.086735	-2.414059	5655300.000000
2014-08-18	0.004279	0.132749	0.135715	0.126817	0.274116	1698900.000000
2014-08-15	0.018271	0.152810	0.153764	0.137551	1.149559	2318600.000000
2014-08-14	-0.000422	0.128016	0.132624	0.123409	-0.026531	1263600.000000
2014-08-13	-0.004197	0.124231	0.128977	0.120592	-0.265278	1211700.000000
2014-08-12	0.002525	0.128656	0.135317	0.125959	0.159172	760100.000000
2014-08-11	0.003660	0.135015	0.138676	0.132627	0.229905	1599000.000000
2014-08-08	0.004667	0.127197	0.136953	0.123679	0.291809	1499900.000000
2014-08-07	-0.016414	0.126314	0.126314	0.104606	-1.043438	2001100.000000
2014-08-06	0.018994	0.136166	0.157805	0.135043	1.184921	2185800.000000
2014-08-05	-0.019458	0.117831	0.118302	0.101799	-1.237968	2288500.000000
2014-08-04	0.014094	0.134542	0.148409	0.131673	0.884269	1312500.000000
2014-08-01	-0.001969	0.126899	0.135489	0.122763	-0.123806	1292700.000000
2014-07-31	-0.017008	0.120086	0.125559	0.111486	-1.087650	2342100.000000
2014-07-30	-0.016054	0.118259	0.120260	0.103181	-1.043438	1850200.000000
2014-07-29	0.004785	0.137678	0.142626	0.134586	0.309502	920100.000000
2014-07-28	-0.001093	0.131494	0.135045	0.124699	-0.070755	1074700.000000
2014-07-25	-0.001364	0.133497	0.134269	0.127174	-0.088433	924700.000000
2014-07-24	0.000000	0.135965	0.136890	0.129025	0.000000	1191200.000000
2014-07-23	0.000546	0.130104	0.135042	0.126247	0.035370	1712900.000000
2014-07-22	0.016928	0.145783	0.152687	0.145626	1.078820	1541700.000000
2014-07-21	0.000000	0.126325	0.132916	0.125698	0.000000	754800.000000
2014-07-18	0.008395	0.136097	0.140528	0.134832	0.530555	889600.000000
2014-07-17	-0.020288	0.114134	0.122505	0.106693	-1.308708	1989500.000000
2014-07-16	0.018997	0.139564	0.153939	0.139248	1.202614	2961500.000000
2014-07-15	0.002520	0.137369	0.143387	0.127075	0.159157	1792100.000000
2014-07-14	0.010471	0.143358	0.144958	0.138077	0.654358	2163800.000000
2014-07-11	0.013045	0.136550	0.146925	0.135739	0.804687	1457200.000000
2014-07-10	-0.010356	0.113710	0.124940	0.112908	-0.645519	1074700.000000
2014-07-09	0.002275	0.129590	0.136182	0.127660	0.141491	1491900.000000
2014-07-08	-0.005796	0.130876	0.132475	0.122723	-0.362553	1120900.000000
2014-07-07	-0.004923	0.122445	0.129762	0.121490	-0.309498	2230600.000000
2014-07-03	0.012822	0.138932	0.148599	0.134098	0.795849	2290600.000000
2014-07-02	0.014306	0.136596	0.152284	0.136269	0.875424	1624500.000000
2014-07-01	0.010957	0.138311	0.148223	0.137815	0.663208	1618600.000000
2014-06-30	-0.006387	0.115773	0.124638	0.113639	-0.389088	1344600.000000
2014-06-27	0.003788	0.128899	0.135325	0.128239	0.229912	808100.000000
2014-06-26	0.009116	0.134368	0.143014	0.131042	0.548240	1331300.000000
2014-06-25	-0.000441	0.126887	0.133037	0.125557	-0.026519	1262200.000000
2014-06-24	-0.017615	0.121732	0.124181	0.109649	-1.078816	1426700.000000
2014-06-23	0.019129	0.149180	0.155504	0.145686	1.149555	1661400.000000
2014-06-20	-0.007883	0.122621	0.128730	0.119815	-0.477504	1447800.000000
2014-06-19	0.014364	0.147622	0.152813	0.141426	0.857742	1777700.000000
2014-06-18	0.017325	0.129683	0.153023	0.129513	1.016918	3583300.000000
2014-06-17	-0.009845	0.112995	0.120586	0.105573	-0.583622	2195800.000000
2014-06-16	0.003893	0.141714	0.143577	0.133755	0.229908	1419700.000000
2014-06-13	0.003305	0.131556	0.135803	0.128327	0.194542	1119400.000000
2014-06-12	-0.017129	0.118017	0.122025	0.109835	-1.025761	2263800.000000
2014-06-11	-0.002944	0.125381	0.130377	0.124383	-0.176841	1139600.000000
2014-06-10	-0.002497	0.124066	0.129381	0.121077	-0.150334	1018900.000000
2014-06-09	0.002060	0.133372	0.136867	0.132540	0.123802	836400.000000
2014-06-06	0.003989	0.135387	0.139231	0.130709	0.238755	663300.000000
2014-06-05	0.008043	0.132897	0.143003	0.130371	0.477501	1064300.000000
2014-06-04	-0.005628	0.129871	0.131211	0.123339	-0.336026	2065100.000000
2014-06-03	-0.009390	0.116773	0.122248	0.111796	-0.565933	2133500.000000
2014-06-02	0.004125	0.133708	0.139706	0.131876	0.247601	1387800.000000
2014-05-30	-0.028759	0.102883	0.104825	0.093660	-1.777378	2886500.000000
2014-05-29	0.010701	0.135782	0.145758	0.135291	0.654346	1046300.000000
2014-05-28	-0.013411	0.117161	0.118775	0.113612	-0.831211	1503900.000000
2014-05-27	0.002002	0.132978	0.135403	0.128936	0.123806	719900.000000
2014-05-23	0.002436	0.127797	0.136872	0.126338	0.150318	574400.000000
2014-05-22	0.011158	0.142347	0.146280	0.141036	0.680878	919000.000000
2014-05-21	0.008034	0.142109	0.142109	0.133519	0.486366	909900.000000
2014-05-20	-0.022000	0.119729	0.122637	0.105512	-1.361782	1600700.000000
2014-05-19	-0.011300	0.118577	0.122250	0.113785	-0.707424	1653300.000000
2014-05-16	-0.010205	0.120283	0.122180	0.114592	-0.645516	1737100.000000
2014-05-15	-0.006114	0.130090	0.131976	0.119562	-0.389076	1726000.000000
2014-05-14	0.007560	0.139267	0.146233	0.138317	0.477516	1753200.000000
2014-05-13	0.009469	0.137428	0.144461	0.134712	0.592457	1478700.000000
2014-05-12	0.017983	0.148284	0.155117	0.147145	1.105332	2657800.000000
2014-05-09	-0.009970	0.130554	0.130876	0.113964	-0.618985	1420600.000000
2014-05-08	-0.001138	0.132807	0.133933	0.127819	-0.070736	1187600.000000
2014-05-07	-0.002837	0.117400	0.130715	0.116437	-0.176864	2728200.000000
2014-05-06	0.009885	0.132820	0.147564	0.132172	0.610142	1632500.000000
2014-05-05	-0.001287	0.125698	0.131361	0.119388	-0.079567	1075000.000000
2014-05-02	0.006915	0.135112	0.146680	0.133157	0.424446	1787300.000000
2014-05-01	-0.016019	0.116608	0.119173	0.107470	-0.999226	1780300.000000
2014-04-30	0.002416	0.132483	0.136179	0.129912	0.150326	1571700.000000
2014-04-29	0.005717	0.131361	0.140735	0.131199	0.353710	1106600.000000
2014-04-28	-0.011025	0.120966	0.121765	0.107859	-0.689743	1697900.000000
2014-04-25	-0.003521	0.128965	0.133106	0.123071	-0.221062	943700.000000
2014-04-24	-0.001406	0.133898	0.135011	0.123559	-0.088428	1229600.000000
2014-04-23	-0.001825	0.128177	0.131670	0.118175	-0.114964	1207000.000000
2014-04-22	0.005364	0.141251	0.142368	0.134068	0.336029	1861300.000000
2014-04-21	-0.004216	0.132465	0.133578	0.121498	-0.265278	1082400.000000
2014-04-17	0.001689	0.129443	0.137881	0.126259	0.106110	1010300.000000
2014-04-16	0.013701	0.143465	0.147338	0.136847	0.848904	1804700.000000
2014-04-15	-0.016423	0.116272	0.116748	0.098175	-1.034596	2587600.000000
2014-04-14	0.011932	0.138265	0.147582	0.136177	0.742779	1516400.000000
2014-04-11	-0.001843	0.126066	0.133281	0.122538	-0.114956	1206500.000000
2014-04-10	-0.025829	0.112444	0.113694	0.100261	-1.653587	1972700.000000
2014-04-09	0.012588	0.137993	0.145111	0.130243	0.795849	2439700.000000
2014-04-08	0.020263	0.132974	0.158631	0.132812	1.255661	2630400.000000
2014-04-07	0.002575	0.128287	0.138803	0.125213	0.159168	2030400.000000
2014-04-04	0.004599	0.144203	0.153630	0.135752	0.282974	1896900.000000
2014-04-03	-0.003437	0.124559	0.129094	0.116299	-0.212227	1582200.000000
2014-04-02	0.009543	0.137744	0.142813	0.135945	0.583618	1740900.000000
2014-04-01	0.020510	0.148063	0.155072	0.144058	1.229130	2125700.000000
2014-03-31	0.005042	0.134733	0.140100	0.129702	0.300659	2196600.000000
2014-03-28	0.011855	0.143434	0.151070	0.141737	0.698571	1693600.000000
2014-03-27	0.004522	0.132922	0.143831	0.130876	0.265289	1602900.000000
2014-03-26	-0.007778	0.138487	0.139502	0.118529	-0.459827	3794200.000000
2014-03-25	0.026720	0.147200	0.161093	0.147200	1.538627	2600800.000000
2014-03-24	0.005714	0.142403	0.143276	0.126684	0.327187	1341500.000000
2014-03-21	0.008881	0.141801	0.147263	0.137219	0.504032	1665900.000000
2014-03-20	0.001561	0.125405	0.139700	0.121346	0.088425	1857000.000000
2014-03-19	-0.023022	0.120531	0.122945	0.101910	-1.335247	2991800.000000
2014-03-18	0.006599	0.134694	0.141636	0.133826	0.380233	1547500.000000
2014-03-17	0.014321	0.145487	0.153409	0.143375	0.813534	2014300.000000
2014-03-14	-0.003413	0.130700	0.138771	0.123683	-0.194546	2704000.000000
2014-03-13	0.000776	0.151594	0.154754	0.127364	0.044213	3584300.000000
2014-03-12	0.008613	0.132116	0.142741	0.129813	0.486355	1767500.000000
2014-03-11	-0.016479	0.133140	0.139933	0.111543	-0.946167	1781200.000000
2014-03-10	-0.026683	0.107651	0.107651	0.094937	-1.574006	2081400.000000
2014-03-07	-0.020411	0.124732	0.124732	0.100819	-1.229133	4396100.000000
2014-03-06	0.008739	0.139084	0.147125	0.138079	0.521717	1784700.000000
2014-03-05	0.001632	0.129869	0.138762	0.128024	0.097271	1688900.000000
2014-03-04	0.008529	0.161674	0.167427	0.155243	0.504051	1502100.000000
2014-03-03	-0.013062	0.138984	0.145832	0.134141	-0.782146	1785800.000000
2014-02-28	-0.005916	0.145528	0.156485	0.141710	-0.356316	1144600.000000
2014-02-27	0.003765	0.149175	0.159007	0.148008	0.225952	1480200.000000
2014-02-26	-0.007332	0.150013	0.151006	0.139261	-0.443214	1092500.000000
2014-02-25	-0.017792	0.144663	0.146288	0.127765	-1.095009	3582100.000000
2014-02-24	0.002548	0.145299	0.160774	0.143996	0.156425	2094600.000000
2014-02-21	0.000708	0.154750	0.159477	0.151001	0.043457	2299600.000000
2014-02-20	0.012478	0.155461	0.166354	0.153480	0.756077	2234200.000000
2014-02-19	-0.008673	0.141840	0.159510	0.139222	-0.530121	1609100.000000
2014-02-18	0.029420	0.186212	0.187054	0.172233	1.746804	3631300.000000
2014-02-14	0.010501	0.160716	0.168375	0.160546	0.617019	1429700.000000
2014-02-13	-0.000591	0.139789	0.152886	0.137748	-0.034759	1334100.000000
2014-02-12	0.006397	0.161288	0.163171	0.154441	0.373691	1747100.000000
2014-02-11	0.028458	0.160005	0.186765	0.160005	1.616448	2690200.000000
2014-02-10	-0.004417	0.145066	0.149448	0.142086	-0.252030	1193100.000000
2014-02-07	0.012024	0.152981	0.166107	0.145708	0.677864	1591800.000000
2014-02-06	0.020611	0.155925	0.177287	0.154657	1.138466	2339700.000000
2014-02-05	-0.002668	0.135147	0.151036	0.134605	-0.147743	3128000.000000
2014-02-04	0.015456	0.153608	0.168826	0.150675	0.842987	1792700.000000
2014-02-03	-0.018608	0.147256	0.148695	0.127823	-1.034180	2103400.000000
2014-01-31	-0.005288	0.131524	0.146021	0.130808	-0.295475	1283700.000000
2014-01-30	0.011804	0.165343	0.165343	0.153572	0.651791	1649600.000000
2014-01-29	-0.010589	0.136699	0.149779	0.133832	-0.590961	1762600.000000
2014-01-28	0.013893	0.160485	0.167206	0.157215	0.764770	1474900.000000
2014-01-27	0.005556	0.166750	0.168211	0.147386	0.304169	2817800.000000
2014-01-24	-0.025978	0.143557	0.144269	0.119893	-1.460007	3760300.000000
2014-01-23	-0.021930	0.146846	0.147020	0.121960	-1.260136	3376300.000000
2014-01-22	-0.002715	0.148245	0.149807	0.143038	-0.156433	1395800.000000
2014-01-21	-0.011186	0.143124	0.144668	0.129394	-0.651790	2468900.000000
2014-01-17	0.002392	0.159964	0.161856	0.151363	0.139049	2804300.000000
2014-01-16	0.029869	0.179375	0.185044	0.177072	1.685971	5735900.000000
2014-01-15	0.000000	0.140753	0.155990	0.136502	0.000000	2607800.000000
2014-01-14	-0.005360	0.152437	0.155080	0.143626	-0.304169	2197600.000000
2014-01-13	-0.007599	0.147527	0.156096	0.141756	-0.434532	1608400.000000
2014-01-10	0.013243	0.154218	0.166090	0.151738	0.747390	1385800.000000
2014-01-09	-0.014568	0.141246	0.141944	0.131293	-0.834293	1647400.000000
2014-01-08	-0.005733	0.152064	0.153626	0.141647	-0.330238	821700.000000
2014-01-07	-0.010894	0.147069	0.147755	0.135220	-0.634407	1504500.000000
2014-01-06	-0.007553	0.146073	0.146073	0.133292	-0.443222	1625200.000000
2014-01-03	0.007912	0.160465	0.163901	0.156000	0.460601	1191400.000000
2014-01-02	-0.017742	0.137177	0.140552	0.128404	-1.051551	1355800.000000
2013-12-31	0.006939	0.146257	0.158659	0.146257	0.408443	778100.000000
2013-12-30	0.004747	0.151699	0.159722	0.150675	0.278095	831300.000000
2013-12-27	0.009434	0.165493	0.165493	0.159290	0.547520	1152000.000000
2013-12-26	-0.004175	0.150675	0.150675	0.141409	-0.243340	689700.000000
2013-12-24	0.011310	0.151716	0.164383	0.150501	0.651787	434800.000000
2013-12-23	0.004849	0.159219	0.162009	0.153639	0.278099	2272300.000000
2013-12-20	0.014606	0.164474	0.170489	0.162882	0.825600	2868900.000000
2013-12-19	0.005255	0.149074	0.162235	0.147473	0.295479	1448800.000000
2013-12-18	0.015220	0.160786	0.175411	0.150133	0.842983	3182900.000000
2013-12-17	-0.007321	0.147448	0.147628	0.140996	-0.408451	1968800.000000
2013-12-16	0.007217	0.169991	0.176129	0.158798	0.399761	1490500.000000
2013-12-13	-0.003284	0.151214	0.153913	0.146176	-0.182503	2076200.000000
2013-12-12	-0.020374	0.132343	0.135163	0.121414	-1.155838	2343300.000000
2013-12-11	-0.022901	0.146713	0.146713	0.123979	-1.329658	1456600.000000
2013-12-10	-0.007870	0.146232	0.150504	0.137688	-0.460590	1141400.000000
2013-12-09	-0.002814	0.138406	0.149823	0.137213	-0.165131	1525100.000000
2013-12-06	0.013660	0.169847	0.171574	0.162420	0.790840	1286600.000000
2013-12-05	-0.006413	0.143467	0.149816	0.137632	-0.373695	1212300.000000
2013-12-04	0.007513	0.152749	0.162432	0.151193	0.434532	1889400.000000
2013-12-03	-0.005380	0.137949	0.146891	0.135369	-0.312863	2150100.000000
2013-12-02	-0.019203	0.134145	0.136338	0.126555	-1.138462	1762400.000000
2013-11-29	0.005750	0.162889	0.169674	0.155934	0.338936	1065200.000000
2013-11-27	-0.008768	0.147984	0.151011	0.138904	-0.521438	1206100.000000
2013-11-26	-0.008692	0.137173	0.142340	0.134839	-0.521428	1202700.000000
2013-11-25	-0.000145	0.151008	0.153341	0.145841	-0.008697	898700.000000
2013-11-22	-0.007761	0.141579	0.142902	0.137279	-0.469292	1305500.000000
2013-11-21	-0.008691	0.147724	0.149199	0.138379	-0.530124	1277600.000000
2013-11-20	-0.007915	0.159295	0.162385	0.138802	-0.486664	1164100.000000
2013-11-19	-0.003240	0.153431	0.154565	0.142731	-0.199879	1035100.000000
2013-11-18	-0.005465	0.152932	0.158413	0.141807	-0.338940	1122000.000000
2013-11-15	0.011050	0.159803	0.166323	0.154913	0.677868	1435500.000000
2013-11-14	0.003982	0.146747	0.161149	0.141674	0.243336	878400.000000
2013-11-13	0.000569	0.135118	0.151821	0.132171	0.034763	1085200.000000
2013-11-12	-0.010003	0.140786	0.145325	0.131383	-0.617027	1614800.000000
2013-11-11	-0.012246	0.139626	0.141547	0.132580	-0.764770	890400.000000
2013-11-08	0.006301	0.147935	0.158248	0.143101	0.391063	982400.000000
2013-11-07	-0.019228	0.149569	0.150833	0.127285	-1.216659	1448300.000000
2013-11-06	0.008728	0.156254	0.163109	0.154501	0.547489	1064100.000000
2013-11-05	0.006414	0.159178	0.161103	0.151477	0.399776	1173400.000000
2013-11-04	0.010710	0.162674	0.166242	0.156350	0.660485	1080600.000000
2013-11-01	0.003819	0.154418	0.160604	0.142047	0.234630	1767900.000000
2013-10-31	-0.006186	0.156013	0.160057	0.143395	-0.382374	1122800.000000
2013-10-30	-0.008503	0.154203	0.156930	0.133352	-0.530120	1112900.000000
2013-10-29	-0.004993	0.146525	0.149557	0.139184	-0.312867	551900.000000
2013-10-28	0.002363	0.149075	0.156274	0.144916	0.147744	1002800.000000
2013-10-25	0.000417	0.150675	0.152915	0.145873	0.026065	944900.000000
2013-10-24	0.007144	0.162602	0.165987	0.156800	0.443223	1221700.000000
2013-10-23	-0.013814	0.139548	0.140025	0.131759	-0.869057	1397600.000000
2013-10-22	0.028559	0.184845	0.192039	0.180594	1.746795	2083000.000000
2013-10-21	0.011207	0.157288	0.163570	0.153320	0.677868	1430100.000000
2013-10-18	0.006071	0.156496	0.159490	0.150841	0.365002	1446200.000000
2013-10-17	0.013330	0.152697	0.166013	0.152023	0.790848	1127500.000000
2013-10-16	0.005449	0.155250	0.160673	0.151183	0.321541	1362900.000000
2013-10-15	0.002954	0.151864	0.159343	0.149655	0.173820	2638100.000000
2013-10-14	0.008190	0.143649	0.164555	0.143135	0.477970	1373100.000000
2013-10-11	0.010534	0.148424	0.166259	0.144441	0.608345	1085900.000000
2013-10-10	0.016366	0.152611	0.171618	0.149267	0.929890	1624400.000000
2013-10-09	0.005846	0.154923	0.162712	0.147311	0.330238	1739600.000000
2013-10-08	-0.010956	0.144196	0.145597	0.132290	-0.625721	1541800.000000
2013-10-07	-0.011878	0.129395	0.147561	0.128876	-0.686550	982400.000000
2013-10-04	0.006355	0.145626	0.158684	0.143014	0.365002	1217200.000000
2013-10-03	-0.011221	0.142756	0.145682	0.130877	-0.651791	1083000.000000
2013-10-02	0.006627	0.143570	0.161419	0.143570	0.382386	1062700.000000
2013-10-01	-0.001504	0.143580	0.152232	0.140466	-0.086911	1280300.000000
2013-09-30	-0.009680	0.134910	0.146391	0.132853	-0.564888	1285100.000000
2013-09-27	-0.009441	0.139472	0.141169	0.133191	-0.556194	1393300.000000
2013-09-26	0.003108	0.160210	0.168723	0.150845	0.182510	986900.000000
2013-09-25	0.010013	0.164260	0.168044	0.158413	0.582260	1220200.000000
2013-09-24	-0.008447	0.149822	0.149992	0.137886	-0.495365	1311000.000000
2013-09-23	0.001633	0.158019	0.161947	0.151870	0.095600	1413200.000000
2013-09-20	-0.014626	0.142933	0.145625	0.131993	-0.869060	1411000.000000
2013-09-19	-0.023565	0.144101	0.144266	0.119615	-1.433930	2307100.000000
2013-09-18	0.037948	0.148116	0.196899	0.142487	2.224774	2725800.000000
2013-09-17	0.003720	0.151359	0.157009	0.149134	0.217262	799800.000000
2013-09-16	0.009462	0.173142	0.173661	0.160353	0.547508	984000.000000
2013-09-13	-0.006120	0.137105	0.144148	0.132467	-0.356308	1356500.000000
2013-09-12	-0.010634	0.137759	0.143197	0.135890	-0.625721	1179600.000000
2013-09-11	0.006990	0.147081	0.161969	0.140578	0.408455	1106400.000000
2013-09-10	0.013719	0.160563	0.168196	0.155358	0.790840	1550400.000000
2013-09-09	0.021562	0.158472	0.177080	0.157232	1.216683	1272600.000000
2013-09-06	0.005419	0.160652	0.167601	0.153882	0.304157	1252100.000000
2013-09-05	-0.006461	0.143593	0.151383	0.142885	-0.364998	883600.000000
2013-09-04	0.009787	0.144239	0.162294	0.142452	0.547505	1489600.000000
2013-09-03	0.035872	0.222876	0.224913	0.206025	1.937244	1453900.000000
2013-08-30	0.006681	0.183512	0.183885	0.175310	0.358429	1011800.000000
2013-08-29	-0.001905	0.176606	0.183676	0.164884	-0.102405	1472400.000000
2013-08-28	0.002547	0.169903	0.185012	0.167665	0.136547	2486900.000000
2013-08-27	-0.019663	0.160980	0.168660	0.147082	-1.075299	1860300.000000
2013-08-26	-0.007281	0.168864	0.176851	0.161966	-0.401111	1294000.000000
2013-08-23	-0.001083	0.177934	0.181198	0.168686	-0.059731	1571500.000000
2013-08-22	0.018279	0.196511	0.203897	0.190787	0.989960	2331000.000000
2013-08-21	-0.032622	0.154978	0.157121	0.132650	-1.826302	3453100.000000
2013-08-20	-0.020457	0.159170	0.167744	0.147273	-1.169178	2906600.000000
2013-08-19	-0.008439	0.167604	0.170207	0.160665	-0.486442	1268600.000000
2013-08-16	-0.007349	0.169874	0.172457	0.161263	-0.426708	1307900.000000
2013-08-15	0.002800	0.160025	0.178331	0.157262	0.162155	1785800.000000
2013-08-14	0.005781	0.181148	0.189485	0.177326	0.332817	1234800.000000
2013-08-13	-0.002366	0.176100	0.177487	0.163970	-0.136540	1605300.000000
2013-08-12	-0.000887	0.159822	0.180771	0.159476	-0.051204	2898100.000000
2013-08-09	0.026076	0.179585	0.209252	0.174255	1.467872	4264700.000000
2013-08-08	0.046154	0.196486	0.231239	0.193512	2.483425	3619600.000000
2013-08-07	-0.003635	0.161213	0.173805	0.160288	-0.196285	1541500.000000
2013-08-06	-0.004092	0.172321	0.172321	0.161441	-0.221889	1587300.000000
2013-08-05	0.000945	0.174906	0.181367	0.172691	0.051208	945700.000000
2013-08-02	-0.002044	0.167716	0.174900	0.164216	-0.110946	967700.000000
2013-08-01	0.014028	0.188019	0.191382	0.181855	0.750999	1154300.000000
2013-07-31	-0.004128	0.164141	0.181441	0.162467	-0.221886	2123500.000000
2013-07-30	-0.016550	0.160608	0.161523	0.147070	-0.904617	1986600.000000
2013-07-29	-0.003733	0.162655	0.172133	0.160286	-0.204815	1686200.000000
2013-07-26	0.007680	0.169197	0.181319	0.163687	0.418175	1044500.000000
2013-07-25	0.007899	0.160106	0.181764	0.159736	0.426700	2140900.000000
2013-07-24	-0.023901	0.172672	0.172672	0.140148	-1.322784	2080300.000000
2013-07-23	0.013281	0.183669	0.189894	0.180923	0.725399	2503900.000000
2013-07-22	0.022364	0.184871	0.200969	0.180940	1.194775	2052300.000000
2013-07-19	-0.008866	0.168243	0.173067	0.158039	-0.477909	1551800.000000
2013-07-18	-0.004571	0.171399	0.179155	0.164566	-0.247490	1496200.000000
2013-07-17	0.013578	0.199284	0.204713	0.184684	0.725399	2227100.000000
2013-07-16	0.028252	0.194865	0.205643	0.185434	1.467865	1846800.000000
2013-07-15	0.003296	0.180072	0.182582	0.173892	0.170684	1039700.000000
2013-07-12	-0.017964	0.158873	0.165890	0.147684	-0.947284	2905700.000000
2013-07-11	0.060590	0.227279	0.245180	0.223860	3.012539	3453300.000000
2013-07-10	-0.007327	0.165579	0.179954	0.160388	-0.366967	1997600.000000
2013-07-09	0.040418	0.210197	0.220791	0.198980	1.945778	2472100.000000
2013-07-08	0.001598	0.175929	0.185708	0.171976	0.076805	1284800.000000
2013-07-05	-0.004595	0.165348	0.169490	0.152715	-0.221885	2002200.000000
2013-07-03	-0.021615	0.141983	0.154545	0.132054	-1.066765	1598300.000000
2013-07-02	-0.000518	0.179464	0.184122	0.162250	-0.025601	1537500.000000
2013-07-01	0.003469	0.179694	0.186807	0.171159	0.170685	2222300.000000
2013-06-28	-0.013347	0.156329	0.164550	0.148509	-0.665664	2851500.000000
2013-06-27	0.008281	0.177631	0.190772	0.175811	0.409633	2216300.000000
2013-06-26	-0.002409	0.167936	0.175600	0.160676	-0.119468	2625200.000000
2013-06-25	0.012548	0.173606	0.191373	0.167480	0.614452	1704800.000000
2013-06-24	-0.026137	0.148102	0.156057	0.125232	-1.314251	2923900.000000
2013-06-21	0.010981	0.183228	0.190064	0.166541	0.546177	3312100.000000
2013-06-20	-0.042392	0.138845	0.142503	0.120169	-2.201801	4366500.000000
2013-06-19	-0.027795	0.166153	0.175886	0.138637	-1.484932	2399800.000000
2013-06-18	-0.010590	0.152322	0.168435	0.151952	-0.571785	2678500.000000
2013-06-17	0.007805	0.180354	0.186887	0.171955	0.418174	2070300.000000
2013-06-14	-0.012893	0.172505	0.176927	0.154265	-0.699798	2332100.000000
2013-06-13	0.025972	0.183488	0.203903	0.181409	1.373993	3345400.000000
2013-06-12	-0.007366	0.179649	0.183777	0.160698	-0.392571	1587700.000000
2013-06-11	-0.018545	0.133280	0.158693	0.131070	-1.007030	3899800.000000
2013-06-10	-0.009033	0.159541	0.166841	0.157899	-0.494972	1969700.000000
2013-06-07	-0.009716	0.148637	0.160925	0.143757	-0.537644	2641700.000000
2013-06-06	0.006520	0.166493	0.179772	0.158126	0.358425	2546500.000000
2013-06-05	-0.027623	0.141523	0.154081	0.136571	-1.561741	3693600.000000
2013-06-04	-0.008382	0.160017	0.166156	0.154405	-0.477905	1646000.000000
2013-06-03	0.022811	0.182532	0.199035	0.175356	1.271576	2201100.000000
2013-05-31	-0.029709	0.168461	0.168461	0.136782	-1.706825	1921400.000000
2013-05-30	0.017533	0.175665	0.200283	0.169643	0.989956	1971900.000000
2013-05-29	0.002424	0.179402	0.185616	0.168395	0.136547	2839800.000000
2013-05-28	-0.010940	0.164042	0.167730	0.153330	-0.622986	2164200.000000
2013-05-24	-0.011847	0.149384	0.160143	0.148690	-0.682732	1573700.000000
2013-05-23	-0.011852	0.150678	0.164567	0.137305	-0.691261	2486100.000000
2013-05-22	-0.012000	0.173801	0.198026	0.153642	-0.708336	3082600.000000
2013-05-21	0.016160	0.186917	0.196557	0.179342	0.938755	2277900.000000
2013-05-20	0.006060	0.170556	0.180600	0.166919	0.349892	2323500.000000
2013-05-17	0.009851	0.186459	0.191356	0.178414	0.563255	2304600.000000
2013-05-16	-0.001490	0.169847	0.186088	0.165307	-0.085342	2798200.000000
2013-05-15	-0.017138	0.160269	0.164560	0.147053	-0.998482	3047100.000000
2013-05-14	-0.001171	0.169711	0.176911	0.163025	-0.068283	2879300.000000
2013-05-13	-0.013139	0.168046	0.168215	0.155188	-0.776604	1616200.000000
2013-05-10	-0.005885	0.168741	0.168741	0.154277	-0.349892	2133200.000000
2013-05-09	-0.010088	0.177595	0.178761	0.155619	-0.605922	2772400.000000
2013-05-08	0.024752	0.185929	0.207256	0.183028	1.450790	2996700.000000
2013-05-07	0.008369	0.182607	0.184327	0.172456	0.486454	2610100.000000
2013-05-06	0.007693	0.172115	0.183557	0.168474	0.443775	1870500.000000
2013-05-03	0.028610	0.209929	0.217597	0.202262	1.604405	3781300.000000
2013-05-02	-0.002126	0.159134	0.172836	0.152194	-0.119469	1808800.000000
2013-05-01	-0.020381	0.160089	0.160960	0.145969	-1.169182	1984200.000000
2013-04-30	-0.004443	0.150943	0.167777	0.141225	-0.256019	3417000.000000
2013-04-29	0.019940	0.183628	0.196195	0.180618	1.126507	1814100.000000
2013-04-26	-0.005409	0.171944	0.173001	0.156452	-0.307229	1629100.000000
2013-04-25	0.005134	0.182032	0.197780	0.174246	0.290165	3128700.000000
2013-04-24	0.026667	0.186665	0.204287	0.186302	1.467862	2092500.000000
2013-04-23	0.001086	0.172496	0.176133	0.162675	0.059734	2255900.000000
2013-04-22	0.003739	0.173229	0.176880	0.153696	0.204822	2334200.000000
2013-04-19	0.002186	0.181464	0.183294	0.161706	0.119473	2377500.000000
2013-04-18	-0.001092	0.164824	0.177433	0.154773	-0.059738	2546800.000000
2013-04-17	-0.037671	0.143630	0.144334	0.113734	-2.142056	5046200.000000
2013-04-16	0.028717	0.207589	0.207589	0.192392	1.587342	2988200.000000
2013-04-15	-0.062256	0.133427	0.133427	0.097801	-3.669667	4426500.000000
2013-04-12	-0.015255	0.163248	0.165921	0.146041	-0.913150	2302500.000000
2013-04-11	-0.006656	0.166956	0.170109	0.160484	-0.401101	1628500.000000
2013-04-10	-0.006752	0.167318	0.169625	0.160395	-0.409641	3439500.000000
2013-04-09	0.044673	0.188987	0.230486	0.188815	2.594364	5624100.000000
2013-04-08	0.011746	0.168110	0.186054	0.164451	0.674198	2477700.000000
2013-04-05	0.003282	0.158135	0.178235	0.153241	0.187752	2761200.000000
2013-04-04	0.007060	0.175113	0.184618	0.170888	0.401104	1869600.000000
2013-04-03	-0.024901	0.159067	0.160783	0.140359	-1.450794	3889000.000000
2013-04-02	0.004709	0.187633	0.188323	0.173838	0.273086	1781600.000000
2013-04-01	-0.007014	0.168001	0.173823	0.158241	-0.409633	1842300.000000
2013-03-28	-0.016528	0.160990	0.163685	0.152401	-0.981430	3151700.000000
2013-03-27	0.001728	0.158947	0.174636	0.155236	0.102413	1604000.000000
2013-03-26	0.006521	0.171598	0.180428	0.169051	0.384033	1833100.000000
2013-03-25	-0.009047	0.166384	0.170086	0.155447	-0.537651	2024400.000000
2013-03-22	-0.000717	0.171432	0.175467	0.168742	-0.042667	1664000.000000
2013-03-21	-0.004571	0.167751	0.176120	0.165743	-0.273087	1811600.000000
2013-03-20	-0.000714	0.166416	0.173274	0.162235	-0.042671	2254700.000000
2013-03-19	-0.027350	0.152084	0.155826	0.129147	-1.681225	6317500.000000
2013-03-18	-0.012747	0.155547	0.166147	0.155547	-0.793663	1871900.000000
2013-03-15	0.006900	0.183412	0.187131	0.176296	0.426701	2294800.000000
2013-03-14	-0.010245	0.166326	0.169527	0.156083	-0.640065	3738600.000000
2013-03-13	-0.007860	0.168910	0.169227	0.156365	-0.494983	2279800.000000
2013-03-12	-0.003780	0.168762	0.177622	0.165124	-0.238949	1912400.000000
2013-03-11	0.006659	0.173361	0.182756	0.169061	0.418171	1449000.000000
2013-03-08	-0.003521	0.170816	0.171927	0.162406	-0.221874	1779400.000000
2013-03-07	0.000406	0.172086	0.179706	0.170657	0.025585	1578000.000000
2013-03-06	0.010127	0.182031	0.185399	0.172249	0.631531	3416700.000000
2013-03-05	0.008014	0.211710	0.212518	0.198293	0.495773	2171000.000000
2013-03-04	-0.004193	0.188762	0.189567	0.170089	-0.260483	2214900.000000
2013-03-01	-0.012423	0.176855	0.184327	0.170496	-0.781490	3475000.000000
2013-02-28	-0.009002	0.179179	0.189892	0.177604	-0.571400	2481200.000000
2013-02-27	0.012872	0.181433	0.208081	0.179997	0.806687	2043300.000000
2013-02-26	0.002285	0.193408	0.199965	0.181893	0.142856	1794300.000000
2013-02-25	-0.017949	0.192248	0.194918	0.168218	-1.142815	2889200.000000
2013-02-22	0.010671	0.201955	0.202748	0.188145	0.672238	1830400.000000
2013-02-21	-0.027122	0.166730	0.168275	0.147735	-1.756233	3897600.000000
2013-02-20	-0.042257	0.156771	0.159581	0.136655	-2.857018	4913700.000000
2013-02-19	0.011312	0.202166	0.204708	0.194088	0.756279	2375700.000000
2013-02-15	-0.007856	0.190050	0.190792	0.176396	-0.529396	1432500.000000
2013-02-14	0.021138	0.206567	0.215963	0.203688	1.394898	2336300.000000
2013-02-13	0.012898	0.205859	0.213995	0.202483	0.840301	1347900.000000
2013-02-12	0.000645	0.179605	0.197115	0.179451	0.042008	1412900.000000
2013-02-11	-0.005902	0.185163	0.185163	0.179209	-0.386536	876000.000000
2013-02-08	0.008410	0.203291	0.204985	0.197902	0.546188	1350400.000000
2013-02-07	-0.007193	0.189285	0.190355	0.177667	-0.470558	1186500.000000
2013-02-06	-0.001026	0.181956	0.192493	0.181040	-0.067215	1450500.000000
2013-02-05	-0.000385	0.186844	0.192950	0.184859	-0.025215	1430000.000000
2013-02-04	-0.018012	0.175959	0.178208	0.163667	-1.201622	1742100.000000
2013-02-01	0.008511	0.201085	0.204109	0.195794	0.562988	1575000.000000
2013-01-31	0.010267	0.203948	0.207613	0.199519	0.672257	1496300.000000
2013-01-30	-0.006123	0.190049	0.196273	0.181094	-0.403359	1478700.000000
2013-01-29	0.013706	0.196358	0.208822	0.195897	0.890717	1502500.000000
2013-01-28	0.000000	0.191434	0.192357	0.183741	0.000000	1283400.000000
2013-01-25	-0.004633	0.188518	0.190203	0.179788	-0.302498	1365900.000000
2013-01-24	-0.002311	0.192647	0.200135	0.186229	-0.151268	1870200.000000
2013-01-23	-0.000641	0.198754	0.200434	0.186537	-0.042000	2539200.000000
2013-01-22	0.013789	0.193765	0.208317	0.193610	0.890709	2377200.000000
2013-01-18	0.002086	0.191446	0.199048	0.181362	0.134460	1938000.000000
2013-01-17	0.004057	0.191919	0.197059	0.187246	0.260483	1636900.000000
2013-01-16	-0.005597	0.178122	0.186022	0.177193	-0.361336	1678600.000000
2013-01-15	-0.001559	0.180925	0.189277	0.180461	-0.100814	1475700.000000
2013-01-14	0.003783	0.193309	0.197190	0.189118	0.243667	1842300.000000
2013-01-11	-0.025797	0.163735	0.166003	0.155417	-1.705803	2337200.000000
2013-01-10	-0.003419	0.194420	0.194420	0.179952	-0.226875	3390100.000000
2013-01-09	0.005475	0.200203	0.202930	0.193838	0.361321	1859900.000000
2013-01-08	-0.014433	0.173770	0.176160	0.168692	-0.966347	1518600.000000
2013-01-07	0.003527	0.181506	0.195445	0.180757	0.235290	2813800.000000
2013-01-04	0.004682	0.185984	0.197277	0.185833	0.310906	1909200.000000
2013-01-03	-0.011260	0.176203	0.186625	0.172034	-0.756272	2045100.000000
2013-01-02	0.019255	0.217213	0.218579	0.204314	1.268853	2042100.000000
2012-12-31	0.020297	0.191598	0.216681	0.190204	1.310867	2178900.000000
2012-12-28	-0.002983	0.188660	0.195607	0.184183	-0.193260	1981100.000000
2012-12-27	0.004561	0.202300	0.202300	0.183381	0.294105	1525300.000000
2012-12-26	0.004056	0.195966	0.203596	0.194565	0.260491	899700.000000
2012-12-24	-0.007016	0.177526	0.189586	0.177371	-0.453766	578100.000000
2012-12-21	-0.010287	0.172605	0.181633	0.170004	-0.672241	1686700.000000
2012-12-20	0.005950	0.199286	0.200055	0.191589	0.386551	2593200.000000
2012-12-19	-0.005659	0.198468	0.198621	0.183009	-0.369736	2939000.000000
2012-12-18	0.006603	0.199756	0.202221	0.192977	0.428558	2756500.000000
2012-12-17	0.012187	0.196600	0.207048	0.195664	0.781479	2378200.000000
2012-12-14	0.010728	0.196039	0.206915	0.194305	0.680630	2293500.000000
2012-12-13	0.002390	0.194948	0.203322	0.187838	0.151264	3134800.000000
2012-12-12	0.002396	0.195276	0.202720	0.189891	0.151257	2120300.000000
2012-12-11	0.017743	0.201816	0.214872	0.201816	1.100780	3063900.000000
2012-12-10	0.012480	0.194619	0.208818	0.193640	0.764687	2863400.000000
2012-12-07	0.003578	0.193489	0.199058	0.188575	0.218471	1370600.000000
2012-12-06	0.001931	0.192019	0.196614	0.189065	0.117649	1725900.000000
2012-12-05	0.010732	0.200665	0.213436	0.196684	0.647026	3709900.000000
2012-12-04	0.001396	0.192375	0.197357	0.186395	0.084027	1519400.000000
2012-12-03	-0.005413	0.196658	0.198805	0.182451	-0.327698	1078600.000000
2012-11-30	-0.002493	0.187578	0.193675	0.185765	-0.151272	1909000.000000
2012-11-29	0.012194	0.202726	0.209564	0.197555	0.731068	1931400.000000
2012-11-28	0.008766	0.182646	0.200649	0.179113	0.520977	2195600.000000
2012-11-27	-0.007994	0.187379	0.195224	0.179367	-0.478966	1815100.000000
2012-11-26	0.005358	0.188036	0.196594	0.183673	0.319309	1588400.000000
2012-11-23	0.019698	0.200829	0.214860	0.200487	1.151219	614400.000000
2012-11-21	-0.006854	0.182233	0.186141	0.177984	-0.403344	1764400.000000
2012-11-20	-0.003982	0.182602	0.190896	0.176340	-0.235290	2729900.000000
2012-11-19	0.022542	0.203376	0.217395	0.202511	1.302463	2649200.000000
2012-11-16	0.004823	0.182572	0.197006	0.172137	0.277317	2960900.000000
2012-11-15	-0.008261	0.186773	0.191257	0.175562	-0.478977	2291800.000000
2012-11-14	-0.020860	0.188361	0.189880	0.163198	-1.235260	2646700.000000
2012-11-13	-0.012333	0.174538	0.186714	0.172537	-0.739448	1769700.000000
2012-11-12	0.001825	0.193224	0.195898	0.188044	0.109237	1295600.000000
2012-11-09	-0.001262	0.183708	0.199729	0.182540	-0.075615	2417800.000000
2012-11-08	-0.005578	0.193203	0.200504	0.178765	-0.336139	2839400.000000
2012-11-07	-0.017537	0.177984	0.178637	0.159561	-1.075577	2793900.000000
2012-11-06	0.014737	0.199149	0.213047	0.198322	0.890720	2082000.000000
2012-11-05	0.014098	0.204814	0.207834	0.198774	0.840298	2606100.000000
2012-11-02	-0.011291	0.198841	0.199339	0.174622	-0.680649	2105600.000000
2012-11-01	0.014136	0.191395	0.208723	0.190554	0.840306	3012600.000000
2012-10-31	0.003262	0.204564	0.205577	0.191231	0.193264	1507300.000000
2012-10-26	-0.013018	0.178222	0.181887	0.168394	-0.781483	2043000.000000
2012-10-25	0.013190	0.209290	0.213003	0.197307	0.781483	2113300.000000
2012-10-24	0.006423	0.204998	0.208904	0.195485	0.378151	1997600.000000
2012-10-23	-0.024098	0.162201	0.164687	0.154741	-1.453721	3624500.000000
2012-10-22	0.009137	0.196908	0.205607	0.189715	0.546185	2359000.000000
2012-10-19	-0.010020	0.196839	0.198330	0.176801	-0.605026	3598900.000000
2012-10-18	0.009695	0.193728	0.213627	0.192558	0.579822	2807100.000000
2012-10-17	0.030553	0.211762	0.230717	0.205731	1.773026	4941000.000000
2012-10-16	0.008617	0.195090	0.204475	0.192483	0.495781	2807100.000000
2012-10-15	0.001902	0.189353	0.196493	0.179776	0.109249	1558900.000000
2012-10-12	-0.004081	0.194038	0.198894	0.180684	-0.235295	1241000.000000
2012-10-11	0.007636	0.205952	0.210146	0.196690	0.436955	2114700.000000
2012-10-10	0.001913	0.197053	0.198804	0.185322	0.109238	1969600.000000
2012-10-09	-0.002788	0.193017	0.202620	0.183240	-0.159661	2148900.000000
2012-10-08	0.001470	0.178684	0.193896	0.176761	0.084046	2118900.000000
2012-10-05	-0.001321	0.204892	0.208385	0.183414	-0.075638	2313000.000000
2012-10-04	0.005459	0.187591	0.206905	0.186187	0.310917	2751500.000000
2012-10-03	-0.013535	0.194033	0.194899	0.170132	-0.781479	2094700.000000
2012-10-02	-0.004491	0.202292	0.205050	0.177980	-0.260490	1645800.000000
2012-10-01	0.005976	0.201324	0.216761	0.194386	0.344512	1930100.000000
2012-09-28	-0.004498	0.187805	0.188323	0.175890	-0.260490	2011100.000000
2012-09-27	0.021794	0.205047	0.219161	0.201341	1.235252	2453300.000000
2012-09-26	-0.008963	0.184979	0.187602	0.168193	-0.512584	2644700.000000
2012-09-25	-0.019026	0.192451	0.197768	0.165693	-1.109196	2397900.000000
2012-09-24	-0.008149	0.177460	0.185286	0.175078	-0.478973	1581600.000000
2012-09-21	-0.002851	0.197175	0.199041	0.186148	-0.168068	1696600.000000
2012-09-20	-0.014470	0.162965	0.174668	0.157615	-0.865513	1979100.000000
2012-09-19	0.001407	0.191389	0.198756	0.185864	0.084038	2164400.000000
2012-09-18	-0.002526	0.179528	0.189382	0.176355	-0.151257	2251200.000000
2012-09-17	-0.014112	0.186921	0.188403	0.169304	-0.857105	2222100.000000
2012-09-14	0.025103	0.220936	0.232075	0.217898	1.487324	6493900.000000
2012-09-13	0.026048	0.190049	0.227628	0.183123	1.504142	3145800.000000
2012-09-12	0.003358	0.200996	0.202039	0.186053	0.193272	2532300.000000
2012-09-11	0.020107	0.197494	0.217700	0.195899	1.134407	2764100.000000
2012-09-10	-0.008272	0.190401	0.197608	0.179327	-0.470566	2349000.000000
2012-09-07	0.037548	0.224702	0.243123	0.223790	2.058735	4076700.000000
2012-09-06	0.027883	0.207297	0.230730	0.206359	1.487335	2961400.000000
2012-09-05	-0.005483	0.184829	0.188371	0.174575	-0.294113	1914300.000000
