2017-09-01	-0.001429	0.004973	0.005286	-0.001510	-388.000000	200.000000
2017-08-31	0.003809	0.002145	0.009012	0.002089	1030.000000	200.000000
2017-08-30	0.008691	0.001343	0.012608	0.000037	2330.000000	300.000000
2017-08-29	0.000205	-0.002929	0.000466	-0.007424	55.000000	300.000000
2017-08-28	-0.006398	0.002369	0.002369	-0.008567	-1726.000000	300.000000
2017-08-25	0.004453	0.000949	0.007391	0.000949	1196.000000	200.000000
2017-08-24	-0.006896	0.000259	0.000740	-0.010502	-1865.000000	300.000000
2017-08-23	-0.001956	-0.007234	0.000882	-0.007234	-530.000000	200.000000
2017-08-22	0.009012	-0.001072	0.010535	-0.001072	2420.000000	300.000000
2017-08-21	0.004350	-0.000284	0.004626	-0.002906	1163.000000	300.000000
2017-08-18	0.001131	-0.003651	0.006313	-0.005478	302.000000	500.000000
2017-08-17	-0.002916	0.000911	0.002180	-0.004555	-781.000000	600.000000
2017-08-16	0.003977	0.000768	0.007140	-0.000768	1061.000000	300.000000
2017-08-15	0.001596	0.002741	0.003792	-0.001344	425.000000	300.000000
2017-08-14	0.012814	0.007605	0.013471	0.007605	3370.000000	200.000000
2017-08-11	-0.006051	0.000223	0.003398	-0.006051	-1601.000000	200.000000
2017-08-10	-0.009096	-0.004868	-0.001195	-0.009096	-2429.000000	200.000000
2017-08-09	0.009313	-0.004445	0.010050	-0.004899	2464.000000	300.000000
2017-08-08	-0.009060	-0.000468	0.001405	-0.009060	-2419.000000	200.000000
2017-08-07	-0.011167	-0.013519	-0.008852	-0.015370	-3015.000000	200.000000
2017-08-04	0.006074	0.000857	0.006074	-0.000783	1630.000000	300.000000
2017-08-03	0.006149	-0.000394	0.006373	-0.001983	1640.000000	300.000000
2017-08-02	0.009114	0.001358	0.009946	0.000677	2409.000000	300.000000
2017-08-01	0.005841	0.004350	0.006522	-0.000327	1535.000000	100.000000
2017-07-31	0.006743	0.002214	0.009252	0.001318	1760.000000	300.000000
2017-07-28	0.005071	0.000427	0.007127	-0.004763	1317.000000	200.000000
2017-07-27	0.000420	-0.000809	0.001002	-0.003236	109.000000	200.000000
2017-07-26	0.000732	0.000732	0.005131	-0.000424	190.000000	200.000000
2017-07-25	0.006679	0.004040	0.009201	0.003768	1721.000000	400.000000
2017-07-24	0.000171	-0.000004	0.002193	-0.002426	44.000000	200.000000
2017-07-21	-0.000023	0.000497	0.000497	-0.004312	-6.000000	300.000000
2017-07-20	0.000586	0.001165	0.003107	-0.000330	151.000000	200.000000
2017-07-19	0.005467	0.001952	0.006583	0.001952	1400.000000	200.000000
2017-07-18	-0.000390	0.000742	0.002654	-0.001327	-100.000000	200.000000
2017-07-17	0.000703	-0.000273	0.006425	-0.001445	180.000000	400.000000
2017-07-14	0.000078	-0.003324	0.001023	-0.006250	20.000000	400.000000
2017-07-13	0.000000	0.001172	0.001172	-0.003203	0.000000	500.000000
2017-07-12	0.001957	0.000000	0.002474	-0.003914	500.000000	700.000000
2017-07-11	0.000392	-0.000783	0.003406	-0.012318	100.000000	700.000000
2017-07-10	-0.005374	-0.000117	0.000915	-0.006737	-1380.000000	200.000000
2017-07-07	0.004813	0.001057	0.005674	-0.002778	1230.000000	300.000000
2017-07-06	-0.007573	0.000544	0.001406	-0.009126	-1950.000000	300.000000
2017-07-05	-0.001861	-0.002240	0.002985	-0.003109	-480.000000	300.000000
2017-07-03	0.012878	0.001139	0.016765	0.001139	3280.000000	200.000000
2017-06-30	0.003147	0.001335	0.004959	0.000311	799.000000	300.000000
2017-06-29	-0.002980	0.005929	0.007657	-0.006401	-759.000000	300.000000
2017-06-28	0.013330	0.002427	0.015598	0.002427	3350.000000	400.000000
2017-06-27	-0.000676	0.000159	0.002326	-0.005229	-170.000000	300.000000
2017-06-26	-0.001271	0.001390	0.002581	-0.004845	-320.000000	300.000000
2017-06-23	-0.003246	0.002692	0.002692	-0.010371	-820.000000	300.000000
2017-06-22	-0.006997	-0.003616	-0.001415	-0.007429	-1780.000000	200.000000
2017-06-21	-0.005706	0.002111	0.002111	-0.006136	-1460.000000	100.000000
2017-06-20	-0.005674	-0.001632	-0.000117	-0.006140	-1460.000000	200.000000
2017-06-19	0.003392	0.001989	0.005830	-0.000546	870.000000	300.000000
2017-06-16	0.003341	0.001854	0.003341	-0.001823	854.000000	600.000000
2017-06-15	-0.006043	-0.004783	-0.003305	-0.010539	-1554.000000	300.000000
2017-06-14	-0.000194	-0.002722	0.000000	-0.012442	-50.000000	300.000000
2017-06-13	0.005080	0.004689	0.007026	0.002325	1300.000000	400.000000
2017-06-12	0.003667	0.000000	0.003667	-0.002216	935.000000	300.000000
2017-06-09	0.018617	0.005413	0.019476	0.003895	4660.000000	500.000000
2017-06-08	0.002740	-0.000485	0.008809	-0.000485	684.000000	400.000000
2017-06-07	0.001288	0.000120	0.003229	-0.001203	321.000000	400.000000
2017-06-06	-0.002800	-0.003200	0.000048	-0.005400	-700.000000	300.000000
2017-06-05	0.001362	0.000801	0.004005	0.000000	340.000000	300.000000
2017-06-02	-0.001360	-0.001200	0.002400	-0.004256	-340.000000	500.000000
2017-06-01	0.006279	0.000362	0.007446	-0.003341	1560.000000	1100.000000
2017-05-31	0.001366	-0.000407	0.001475	-0.006372	339.000000	900.000000
2017-05-30	-0.001766	0.001891	0.001891	-0.006096	-439.000000	300.000000
2017-05-26	0.002784	-0.000484	0.003914	-0.000646	690.000000	200.000000
2017-05-25	0.001499	0.002590	0.004610	-0.001491	371.000000	200.000000
2017-05-24	-0.002587	0.001532	0.001532	-0.004881	-642.000000	400.000000
2017-05-23	0.001215	0.001130	0.003511	-0.001735	301.000000	300.000000
2017-05-22	0.011882	0.010575	0.013719	0.005271	2910.000000	500.000000
2017-05-19	0.009896	0.003484	0.015298	0.001365	2400.000000	300.000000
2017-05-18	-0.002468	-0.000452	0.005512	-0.003825	-600.000000	300.000000
2017-05-17	-0.010545	-0.004888	-0.004155	-0.013028	-2591.000000	500.000000
2017-05-16	-0.000403	0.002644	0.002644	-0.002441	-99.000000	100.000000
2017-05-15	0.002365	0.003996	0.004310	0.000616	580.000000	300.000000
2017-05-12	-0.000082	-0.002100	0.001427	-0.004461	-20.000000	200.000000
2017-05-11	-0.002481	-0.000325	-0.000325	-0.008460	-610.000000	200.000000
2017-05-10	-0.000610	-0.000813	-0.000610	-0.003659	-150.000000	400.000000
2017-05-09	-0.004693	0.002387	0.003156	-0.008739	-1160.000000	400.000000
2017-05-08	-0.011360	0.000000	0.000000	-0.014396	-2840.000000	300.000000
2017-05-05	0.001843	0.003967	0.003967	-0.001763	460.000000	400.000000
2017-05-04	-0.001840	0.004800	0.008000	-0.002400	-460.000000	300.000000
2017-05-03	0.003976	-0.000442	0.007289	-0.000442	990.000000	200.000000
2017-05-02	0.002981	0.002538	0.004793	-0.001088	740.000000	200.000000
2017-05-01	0.001978	0.002744	0.006619	0.000888	490.000000	200.000000
2017-04-28	-0.008682	-0.001800	-0.001800	-0.012803	-2170.000000	300.000000
2017-04-27	-0.005574	0.000434	0.000991	-0.011442	-1401.000000	300.000000
2017-04-26	0.000478	0.000000	0.008594	-0.001238	120.000000	300.000000
2017-04-25	0.009568	0.005124	0.012658	0.005124	2381.000000	400.000000
2017-04-24	0.013439	0.014046	0.014050	0.005416	3300.000000	200.000000
2017-04-21	-0.006675	0.002629	0.002629	-0.008657	-1650.000000	200.000000
2017-04-20	0.012920	0.002680	0.015993	0.002680	3153.000000	200.000000
2017-04-19	-0.006930	0.001221	0.003801	-0.008749	-1703.000000	300.000000
2017-04-18	-0.003851	-0.001459	-0.001216	-0.006891	-950.000000	100.000000
2017-04-17	0.006939	0.003510	0.008269	-0.002384	1700.000000	200.000000
2017-04-13	-0.011818	-0.002218	0.000847	-0.011818	-2930.000000	200.000000
2017-04-12	-0.002699	-0.001613	-0.000809	-0.005068	-671.000000	200.000000
2017-04-11	-0.007181	-0.005799	-0.002712	-0.010080	-1798.000000	300.000000
2017-04-10	0.003744	0.000381	0.005873	-0.000421	934.000000	300.000000
2017-04-07	-0.003296	-0.005162	0.000428	-0.007671	-825.000000	200.000000
2017-04-06	0.005585	0.000800	0.006280	-0.003616	1390.000000	100.000000
2017-04-05	-0.006586	0.003393	0.007480	-0.006586	-1650.000000	300.000000
2017-04-04	-0.000200	-0.002394	0.000383	-0.005092	-50.000000	400.000000
2017-04-03	0.003002	0.001085	0.003002	-0.005311	750.000000	200.000000
2017-03-31	-0.007744	-0.001191	-0.000715	-0.007744	-1950.000000	300.000000
2017-03-30	0.008164	-0.001045	0.008288	-0.002887	2039.000000	300.000000
2017-03-29	-0.010926	-0.000396	-0.000396	-0.010926	-2759.000000	300.000000
2017-03-28	0.006533	0.001670	0.008446	-0.004867	1639.000000	400.000000
2017-03-27	-0.005628	-0.008724	-0.004086	-0.013837	-1420.000000	500.000000
2017-03-24	-0.009427	0.002898	0.002898	-0.010216	-2401.000000	300.000000
2017-03-23	0.003238	0.000945	0.012368	0.000079	822.000000	300.000000
2017-03-22	0.000903	-0.001778	0.004924	-0.004932	229.000000	200.000000
2017-03-21	-0.016857	-0.000388	0.001163	-0.016857	-4349.000000	400.000000
2017-03-20	-0.003676	-0.001166	0.001228	-0.005229	-952.000000	200.000000
2017-03-17	-0.007539	-0.002296	-0.001702	-0.008849	-1967.000000	400.000000
2017-03-16	-0.003316	0.004290	0.004825	-0.004534	-868.000000	300.000000
2017-03-15	-0.000431	0.000382	0.002291	-0.004941	-113.000000	700.000000
2017-03-14	-0.004145	-0.000418	0.000418	-0.006084	-1090.000000	400.000000
2017-03-13	0.001901	0.001482	0.003234	-0.001718	499.000000	300.000000
2017-03-10	-0.001427	0.002412	0.003553	-0.004588	-375.000000	600.000000
2017-03-09	0.001967	0.004307	0.004841	0.000114	516.000000	300.000000
2017-03-08	-0.001940	0.003956	0.003956	-0.002206	-510.000000	300.000000
2017-03-07	0.000228	0.001142	0.002892	-0.001142	60.000000	200.000000
2017-03-06	-0.001368	-0.000034	0.002280	-0.006308	-360.000000	200.000000
2017-03-03	-0.001669	0.000683	0.004135	-0.003414	-440.000000	300.000000
2017-03-02	-0.009071	0.001417	0.001624	-0.010345	-2413.000000	400.000000
2017-03-01	0.034667	0.018339	0.034695	0.016608	8913.000000	1000.000000
2017-02-28	0.005102	0.002092	0.009676	0.000293	1305.000000	1000.000000
2017-02-27	0.002960	0.004670	0.006744	0.001808	755.000000	400.000000
2017-02-24	0.000549	-0.001334	0.001177	-0.004276	140.000000	500.000000
2017-02-23	0.002947	0.001452	0.004127	-0.001656	749.000000	400.000000
2017-02-22	0.001817	-0.000355	0.003193	-0.004375	461.000000	400.000000
2017-02-21	0.003370	0.001036	0.006099	-0.000308	852.000000	600.000000
2017-02-17	0.005320	-0.002783	0.005408	-0.005726	1338.000000	300.000000
2017-02-16	0.002032	0.000040	0.002470	-0.007291	510.000000	500.000000
2017-02-15	0.002280	0.000000	0.002280	-0.004708	571.000000	800.000000
2017-02-14	0.008372	0.001651	0.008456	-0.002134	2079.000000	400.000000
2017-02-13	0.009512	0.003252	0.013293	0.003252	2340.000000	400.000000
2017-02-10	0.000000	0.003659	0.003862	-0.002073	0.000000	300.000000
2017-02-09	0.007573	0.002974	0.010440	0.000815	1849.000000	500.000000
2017-02-08	-0.000446	0.001392	0.001392	-0.003644	-109.000000	300.000000
2017-02-07	-0.002308	0.002349	0.003370	-0.003545	-565.000000	200.000000
2017-02-06	-0.003342	-0.002426	0.000423	-0.004169	-821.000000	200.000000
2017-02-03	0.005386	0.006139	0.007654	-0.001187	1316.000000	300.000000
2017-02-02	-0.004482	-0.002901	-0.002608	-0.008230	-1100.000000	400.000000
2017-02-01	-0.002236	0.006992	0.007297	-0.003984	-550.000000	300.000000
2017-01-31	-0.002110	0.001217	0.005022	-0.007546	-520.000000	200.000000
2017-01-30	-0.002024	-0.002996	0.001377	-0.008583	-500.000000	200.000000
2017-01-27	-0.002584	-0.000888	-0.000565	-0.009207	-640.000000	100.000000
2017-01-26	0.005277	0.004709	0.005277	-0.000528	1300.000000	200.000000
2017-01-25	0.022412	0.007886	0.024736	0.005068	5400.000000	300.000000
2017-01-24	0.011928	0.003360	0.014532	0.000882	2840.000000	200.000000
2017-01-23	-0.009073	-0.003246	-0.000125	-0.009556	-2180.000000	200.000000
2017-01-20	0.004851	0.004851	0.007779	0.001422	1160.000000	200.000000
2017-01-19	-0.006564	0.001246	0.003324	-0.008184	-1580.000000	200.000000
2017-01-18	0.006414	0.006406	0.007668	0.000351	1534.000000	400.000000
2017-01-17	-0.013748	-0.000825	-0.000825	-0.014433	-3334.000000	600.000000
2017-01-13	-0.001441	-0.002821	0.007577	-0.002821	-350.000000	400.000000
2017-01-12	-0.001275	-0.000987	-0.000987	-0.010610	-310.000000	200.000000
2017-01-11	0.004474	0.001438	0.006044	-0.001512	1083.000000	200.000000
2017-01-10	-0.004253	-0.000457	0.003698	-0.004253	-1034.000000	200.000000
2017-01-09	-0.009303	-0.001646	-0.001646	-0.009303	-2283.000000	200.000000
2017-01-06	0.002214	0.002953	0.003259	-0.002704	542.000000	200.000000
2017-01-05	-0.007088	-0.003792	-0.003792	-0.013139	-1748.000000	200.000000
2017-01-04	0.003051	0.003051	0.003051	-0.005288	750.000000	300.000000
2017-01-03	0.007083	0.009262	0.010687	-0.001315	1729.000000	400.000000
2016-12-30	-0.001550	0.001431	0.004417	-0.002331	-379.000000	200.000000
2016-12-29	-0.003383	0.002201	0.005666	-0.003383	-830.000000	100.000000
2016-12-28	-0.007966	0.002831	0.003639	-0.007966	-1970.000000	200.000000
2016-12-27	-0.002823	0.000000	0.002520	-0.003427	-700.000000	200.000000
2016-12-23	-0.004016	0.000000	0.000000	-0.007229	-1000.000000	200.000000
2016-12-22	0.001484	-0.001774	0.001886	-0.004871	369.000000	200.000000
2016-12-21	-0.001646	0.000237	0.003566	-0.002253	-410.000000	300.000000
2016-12-20	0.002863	-0.000121	0.005054	-0.000846	711.000000	300.000000
2016-12-19	0.007812	0.006063	0.007812	0.001197	1925.000000	200.000000
2016-12-16	-0.007516	0.001083	0.002534	-0.007516	-1866.000000	200.000000
2016-12-15	0.004658	0.003808	0.013678	0.000283	1151.000000	300.000000
2016-12-14	-0.010376	-0.001406	0.004305	-0.010776	-2591.000000	300.000000
2016-12-13	0.003303	0.003459	0.006151	-0.003130	822.000000	300.000000
2016-12-12	0.006873	-0.002104	0.011242	-0.003030	1699.000000	900.000000
2016-12-09	0.004347	-0.000488	0.006338	-0.006176	1070.000000	300.000000
2016-12-08	-0.001055	0.003166	0.009903	-0.004505	-260.000000	500.000000
2016-12-07	0.018790	0.003159	0.020898	0.002374	4544.000000	800.000000
2016-12-06	0.007650	0.001792	0.009208	-0.000208	1836.000000	300.000000
2016-12-05	0.003890	0.004936	0.008240	-0.000293	930.000000	300.000000
2016-12-02	-0.003132	0.000746	0.000746	-0.006872	-751.000000	300.000000
2016-12-01	0.011903	-0.002696	0.013502	-0.002785	2821.000000	500.000000
2016-11-30	0.002576	0.003549	0.006802	-0.000258	609.000000	300.000000
2016-11-29	0.004210	0.001678	0.006372	-0.000340	991.000000	200.000000
2016-11-28	-0.007107	-0.001797	0.002425	-0.007234	-1685.000000	200.000000
2016-11-25	0.000063	0.000337	0.002383	-0.002362	15.000000	200.000000
2016-11-23	-0.003074	0.001888	0.001888	-0.007279	-731.000000	300.000000
2016-11-22	0.001267	0.004589	0.004589	-0.003200	301.000000	300.000000
2016-11-21	0.004691	-0.000216	0.007018	-0.000977	1109.000000	400.000000
2016-11-18	-0.004879	-0.001305	0.000573	-0.006525	-1159.000000	500.000000
2016-11-17	0.008833	-0.002378	0.010290	-0.004247	2080.000000	400.000000
2016-11-16	-0.002246	-0.003809	0.001356	-0.007924	-530.000000	400.000000
2016-11-15	-0.002747	-0.001479	-0.001183	-0.011198	-650.000000	700.000000
2016-11-14	0.007622	0.005493	0.009763	0.000298	1790.000000	900.000000
2016-11-11	0.004749	-0.001882	0.009070	-0.004188	1110.000000	400.000000
2016-11-10	0.029124	0.001603	0.034231	0.001603	6615.000000	1400.000000
2016-11-09	0.025510	-0.011536	0.026562	-0.013477	5650.000000	1100.000000
2016-11-08	0.005365	0.000554	0.008384	-0.002964	1182.000000	600.000000
2016-11-07	0.026838	0.010744	0.028782	0.009578	5758.000000	900.000000
2016-11-04	-0.002121	-0.000191	0.003158	-0.006144	-456.000000	500.000000
2016-11-03	0.000470	-0.000186	0.008050	-0.000186	101.000000	300.000000
2016-11-02	-0.002182	-0.003390	0.001532	-0.003390	-470.000000	600.000000
2016-11-01	-0.001530	0.005090	0.006444	-0.004010	-330.000000	700.000000
2016-10-31	-0.002313	-0.001388	0.003700	-0.002313	-500.000000	300.000000
2016-10-28	-0.002860	0.000876	0.004566	-0.010838	-620.000000	300.000000
2016-10-27	0.004540	0.002595	0.005884	0.000093	980.000000	400.000000
2016-10-26	0.002741	-0.001626	0.006551	-0.002509	590.000000	500.000000
2016-10-25	-0.001160	-0.000710	0.003202	-0.002877	-250.000000	300.000000
2016-10-24	-0.000464	0.003896	0.007699	-0.000464	-100.000000	200.000000
2016-10-21	-0.006337	-0.007259	-0.004770	-0.012518	-1375.000000	200.000000
2016-10-20	-0.001725	-0.001546	0.002991	-0.004647	-375.000000	200.000000
2016-10-19	0.004854	0.001849	0.010171	0.001849	1050.000000	200.000000
2016-10-18	0.000347	0.001734	0.005804	-0.000116	75.000000	200.000000
2016-10-17	-0.000670	0.002450	0.002450	-0.005870	-145.000000	100.000000
2016-10-14	0.007966	0.004472	0.012205	0.004472	1710.000000	200.000000
2016-10-13	-0.011831	-0.005202	-0.005202	-0.019334	-2570.000000	600.000000
2016-10-12	0.006067	0.001996	0.008707	0.001760	1310.000000	100.000000
2016-10-11	-0.008313	-0.000602	-0.000602	-0.010825	-1810.000000	200.000000
2016-10-10	0.005031	0.004108	0.008447	0.003970	1090.000000	100.000000
2016-10-07	0.003613	0.000139	0.006995	-0.000371	780.000000	300.000000
2016-10-06	-0.002034	-0.001526	-0.001526	-0.006264	-440.000000	200.000000
2016-10-05	0.008298	0.004377	0.008764	0.002284	1780.000000	100.000000
2016-10-04	-0.005471	0.001205	0.002364	-0.006630	-1180.000000	200.000000
2016-10-03	-0.002405	-0.001017	0.000740	-0.006475	-520.000000	300.000000
2016-09-30	0.004273	0.006131	0.012768	0.004273	920.000000	300.000000
2016-09-29	-0.011002	0.000436	0.002320	-0.011424	-2395.000000	300.000000
2016-09-28	-0.001216	-0.001193	-0.000138	-0.008671	-265.000000	300.000000
2016-09-27	0.008327	0.000000	0.008651	-0.000185	1800.000000	300.000000
2016-09-26	-0.007302	-0.003444	-0.001837	-0.007669	-1590.000000	200.000000
2016-09-23	-0.010227	-0.002545	-0.002136	-0.011673	-2250.000000	200.000000
2016-09-22	0.002552	0.002096	0.004830	-0.000866	560.000000	300.000000
2016-09-21	0.007206	0.004907	0.008308	-0.001698	1570.000000	500.000000
2016-09-20	-0.000596	0.003945	0.004450	-0.003436	-130.000000	200.000000
2016-09-19	-0.001832	-0.000096	0.003709	-0.004762	-400.000000	300.000000
2016-09-16	-0.008800	-0.008891	-0.008210	-0.016016	-1939.000000	700.000000
2016-09-15	0.007909	0.000412	0.008938	-0.000805	1729.000000	200.000000
2016-09-14	-0.002464	-0.000502	0.005293	-0.004883	-540.000000	300.000000
2016-09-13	-0.019551	-0.007248	-0.007248	-0.024696	-4370.000000	500.000000
2016-09-12	0.015492	-0.002135	0.017673	-0.005043	3410.000000	300.000000
2016-09-09	-0.020602	-0.002848	-0.002354	-0.021669	-4630.000000	300.000000
2016-09-08	0.002274	0.001204	0.003880	-0.000780	510.000000	300.000000
2016-09-07	-0.007169	-0.001501	-0.000837	-0.007833	-1619.000000	200.000000
2016-09-06	-0.000889	0.001283	0.001283	-0.009069	-201.000000	200.000000
2016-09-02	0.003106	0.002751	0.005059	-0.001376	700.000000	100.000000
2016-09-01	-0.001816	-0.000354	0.003012	-0.011162	-410.000000	200.000000
2016-08-31	0.004047	0.001912	0.005759	-0.008050	910.000000	200.000000
2016-08-30	0.006491	0.002865	0.008639	0.002865	1450.000000	200.000000
2016-08-29	0.006125	0.003423	0.010854	0.003423	1360.000000	400.000000
2016-08-26	-0.004300	-0.000309	0.002830	-0.009457	-959.000000	500.000000
2016-08-25	0.000785	-0.000556	0.001059	-0.002576	175.000000	400.000000
2016-08-24	-0.003025	-0.002237	-0.001338	-0.005503	-676.000000	100.000000
2016-08-23	0.004738	0.002580	0.006402	0.001821	1054.000000	200.000000
2016-08-22	-0.002663	-0.001300	0.000045	-0.004797	-594.000000	100.000000
2016-08-19	-0.000717	-0.000896	0.000090	-0.005824	-160.000000	300.000000
2016-08-18	-0.003082	-0.000179	0.000491	-0.004623	-690.000000	300.000000
2016-08-17	0.013972	0.000521	0.014289	0.000521	3085.000000	400.000000
2016-08-16	-0.005360	-0.001757	0.000000	-0.005360	-1190.000000	500.000000
2016-08-15	0.001105	-0.001024	0.001105	-0.004510	245.000000	300.000000
2016-08-12	-0.000631	-0.005678	-0.000631	-0.005678	-140.000000	300.000000
2016-08-11	0.008591	0.002250	0.009227	0.000000	1890.000000	600.000000
2016-08-10	-0.002742	0.000612	0.001972	-0.006097	-605.000000	400.000000
2016-08-09	0.010559	0.000916	0.013010	0.000046	2305.000000	800.000000
2016-08-08	0.001330	-0.000046	0.002248	-0.007110	290.000000	400.000000
2016-08-05	0.014802	0.005307	0.015454	0.004515	3180.000000	600.000000
2016-08-04	-0.002183	0.001440	0.001486	-0.004180	-470.000000	100.000000
2016-08-03	0.001861	0.003886	0.003886	-0.001303	400.000000	200.000000
2016-08-02	-0.004908	-0.002825	-0.001528	-0.006668	-1060.000000	200.000000
2016-08-01	-0.000185	0.002500	0.003657	-0.002639	-40.000000	100.000000
2016-07-29	-0.003046	-0.003969	0.000415	-0.004385	-660.000000	100.000000
2016-07-28	0.001664	-0.001387	0.003287	-0.004854	360.000000	100.000000
2016-07-27	-0.000462	-0.000832	0.003235	-0.003373	-100.000000	100.000000
2016-07-26	0.001829	0.002940	0.005486	-0.000481	395.000000	100.000000
2016-07-25	-0.003690	0.003667	0.003667	-0.006342	-800.000000	100.000000
2016-07-22	0.002265	0.002057	0.003897	-0.001826	490.000000	200.000000
2016-07-21	-0.013103	-0.001309	-0.000652	-0.013103	-2872.000000	300.000000
2016-07-20	-0.004894	-0.001189	0.000023	-0.007604	-1078.000000	200.000000
2016-07-19	0.001660	-0.003820	0.002092	-0.004548	365.000000	500.000000
2016-07-18	0.004155	0.000046	0.004612	0.000046	910.000000	400.000000
2016-07-15	0.001825	0.003152	0.003701	-0.004259	399.000000	100.000000
2016-07-14	-0.001640	0.001370	0.004522	-0.003060	-359.000000	300.000000
2016-07-13	0.008754	-0.000346	0.008754	-0.001659	1900.000000	300.000000
2016-07-12	0.005681	0.001464	0.007766	0.001140	1226.000000	200.000000
2016-07-11	0.005142	0.007847	0.007847	0.002235	1104.000000	200.000000
2016-07-08	0.010442	0.009831	0.014348	0.007219	2219.000000	200.000000
2016-07-07	-0.005238	0.001947	0.003885	-0.008052	-1119.000000	300.000000
2016-07-06	0.003099	-0.004461	0.004649	-0.006856	660.000000	200.000000
2016-07-05	-0.015432	-0.007342	-0.004753	-0.016866	-3338.000000	200.000000
2016-07-01	-0.003120	-0.002553	0.001083	-0.006337	-677.000000	200.000000
2016-06-30	0.020363	0.003551	0.020621	0.002704	4330.000000	600.000000
2016-06-29	0.010670	0.008080	0.012738	-0.001901	2245.000000	400.000000
2016-06-28	0.011538	0.007236	0.012019	-0.001683	2400.000000	300.000000
2016-06-27	-0.008825	-0.004727	-0.004727	-0.022768	-1852.000000	400.000000
2016-06-24	-0.041115	-0.038131	-0.027964	-0.042723	-8998.000000	900.000000
2016-06-23	0.011948	0.003491	0.011948	0.003315	2584.000000	400.000000
2016-06-22	0.003927	0.000000	0.007056	0.000000	846.000000	200.000000
2016-06-21	0.013121	0.002399	0.013121	0.000941	2790.000000	300.000000
2016-06-20	0.006771	0.009470	0.015133	0.006155	1430.000000	200.000000
2016-06-17	-0.008451	-0.003052	-0.003052	-0.011028	-1800.000000	300.000000
2016-06-16	0.014044	0.000238	0.014044	-0.006856	2950.000000	300.000000
2016-06-15	-0.009525	0.001580	0.005376	-0.009525	-2020.000000	300.000000
2016-06-14	0.002932	-0.000993	0.003783	-0.002696	620.000000	500.000000
2016-06-13	-0.005512	-0.001514	0.006128	-0.005512	-1172.000000	200.000000
2016-06-10	-0.002758	-0.006613	0.001173	-0.006613	-588.000000	100.000000
2016-06-09	-0.001358	-0.000998	0.000703	-0.007916	-290.000000	100.000000
2016-06-08	0.006079	0.001932	0.008435	0.001932	1290.000000	100.000000
2016-06-07	-0.003147	0.001503	0.003673	-0.003288	-670.000000	200.000000
2016-06-06	0.005978	0.002788	0.009900	0.002788	1265.000000	300.000000
2016-06-03	-0.003485	-0.003084	-0.000542	-0.010101	-740.000000	200.000000
2016-06-02	-0.000024	-0.000998	0.003296	-0.003720	-5.000000	200.000000
2016-06-01	0.003141	-0.002811	0.006590	-0.004686	665.000000	200.000000
2016-05-31	-0.012170	0.007452	0.008245	-0.012170	-2608.000000	200.000000
2016-05-27	-0.001384	0.003635	0.003635	-0.001445	-297.000000	200.000000
2016-05-26	-0.007332	-0.002012	-0.000995	-0.008442	-1585.000000	200.000000
2016-05-25	0.002481	0.000000	0.007651	-0.000394	535.000000	300.000000
2016-05-24	0.016210	0.004100	0.018284	0.003723	3440.000000	300.000000
2016-05-23	-0.002927	0.001020	0.001020	-0.005558	-623.000000	200.000000
2016-05-20	0.007827	0.002983	0.011838	0.002983	1653.000000	300.000000
2016-05-19	-0.004807	-0.004477	-0.000613	-0.012253	-1020.000000	300.000000
2016-05-18	0.007143	-0.002563	0.009516	-0.003583	1505.000000	200.000000
2016-05-17	-0.008634	0.001176	0.001176	-0.012539	-1835.000000	300.000000
2016-05-16	0.001838	-0.001108	0.004761	-0.001108	390.000000	300.000000
2016-05-13	-0.012659	-0.001443	0.001582	-0.014475	-2720.000000	300.000000
2016-05-12	0.001828	0.002014	0.005138	-0.004817	392.000000	200.000000
2016-05-11	-0.011554	0.000576	0.001060	-0.012739	-2507.000000	200.000000
2016-05-10	0.011869	0.001259	0.013291	0.001259	2545.000000	300.000000
2016-05-09	-0.011843	-0.001935	-0.001935	-0.018664	-2570.000000	200.000000
2016-05-06	0.005188	-0.002270	0.006323	-0.003451	1120.000000	200.000000
2016-05-05	-0.002933	0.000000	0.003164	-0.005935	-635.000000	200.000000
2016-05-04	-0.003860	-0.007357	-0.003699	-0.010356	-839.000000	200.000000
2016-05-03	-0.013162	-0.002057	-0.002057	-0.017948	-2899.000000	300.000000
2016-05-02	0.005721	0.000822	0.007489	-0.001233	1253.000000	200.000000
2016-04-29	-0.000548	-0.002013	0.002875	-0.010314	-120.000000	200.000000
2016-04-28	-0.010432	-0.007045	-0.001806	-0.012505	-2310.000000	200.000000
2016-04-27	0.004947	-0.000045	0.007466	-0.001634	1090.000000	200.000000
2016-04-26	0.004843	0.001468	0.006394	0.001195	1062.000000	400.000000
2016-04-25	0.001096	-0.001543	0.001621	-0.003232	240.000000	100.000000
2016-04-22	0.007257	-0.000276	0.009381	-0.000276	1578.000000	200.000000
2016-04-21	-0.006705	0.000877	0.002590	-0.008601	-1468.000000	300.000000
2016-04-20	-0.000329	-0.002740	0.002740	-0.004292	-72.000000	200.000000
2016-04-19	0.010847	0.001362	0.013150	0.000877	2350.000000	300.000000
2016-04-18	0.007159	-0.003533	0.007159	-0.003533	1540.000000	200.000000
2016-04-15	-0.002273	0.002226	0.002226	-0.005241	-490.000000	200.000000
2016-04-14	-0.002452	0.000555	0.000555	-0.003794	-530.000000	200.000000
2016-04-13	0.011371	0.003650	0.011596	0.002780	2430.000000	300.000000
2016-04-12	0.009638	0.002787	0.009733	-0.000038	2040.000000	200.000000
2016-04-11	-0.000213	0.002999	0.006967	-0.000213	-45.000000	100.000000
2016-04-08	0.001438	0.004253	0.008245	-0.000714	304.000000	100.000000
2016-04-07	-0.007460	-0.007925	-0.005066	-0.010893	-1589.000000	200.000000
2016-04-06	0.003061	-0.000193	0.003061	-0.006311	650.000000	200.000000
2016-04-05	-0.012648	-0.007249	-0.005468	-0.014694	-2720.000000	200.000000
2016-04-04	-0.003152	-0.000834	-0.000649	-0.006397	-680.000000	200.000000
2016-04-01	0.010729	-0.007496	0.011712	-0.017845	2290.000000	300.000000
2016-03-31	-0.002733	0.000420	0.002747	-0.007639	-585.000000	200.000000
2016-03-30	0.005804	0.007260	0.010949	0.003703	1235.000000	300.000000
2016-03-29	0.003182	0.001461	0.004125	-0.005303	675.000000	100.000000
2016-03-28	0.007576	0.002802	0.009923	0.001235	1595.000000	200.000000
2016-03-24	-0.003974	-0.005535	-0.001845	-0.008729	-840.000000	200.000000
2016-03-23	-0.009513	-0.002343	-0.000281	-0.009513	-2030.000000	300.000000
2016-03-22	0.000469	-0.000469	0.005804	-0.002391	100.000000	200.000000
2016-03-21	-0.000141	0.000000	0.003141	-0.002203	-30.000000	200.000000
2016-03-18	-0.001264	0.003043	0.004494	-0.005239	-270.000000	300.000000
2016-03-17	0.016175	0.000190	0.018078	-0.001308	3400.000000	400.000000
2016-03-16	-0.004122	-0.004122	-0.000332	-0.004406	-870.000000	400.000000
2016-03-15	0.003661	-0.002758	0.004280	-0.005359	770.000000	200.000000
2016-03-14	-0.006144	0.001890	0.003072	-0.008270	-1300.000000	200.000000
2016-03-11	0.011859	0.004160	0.011859	0.001769	2480.000000	600.000000
2016-03-10	-0.000621	0.002939	0.003589	-0.006308	-130.000000	700.000000
2016-03-09	0.006063	0.001668	0.006904	0.001255	1261.000000	500.000000
2016-03-08	-0.002451	-0.001679	0.000959	-0.005851	-511.000000	600.000000
2016-03-07	0.002669	-0.002140	0.003871	-0.006367	555.000000	700.000000
2016-03-04	0.009442	0.000971	0.009442	-0.001456	1945.000000	1100.000000
2016-03-03	0.002433	0.001217	0.004355	-0.002438	500.000000	400.000000
2016-03-02	0.000000	0.002433	0.002477	-0.004477	0.000000	400.000000
2016-03-01	0.014539	0.006635	0.015063	0.000222	2945.000000	700.000000
2016-02-29	0.022019	0.009632	0.025233	0.009128	4364.000000	900.000000
2016-02-26	-0.003560	0.000508	0.005535	-0.004520	-708.000000	400.000000
2016-02-25	0.012152	0.006000	0.012152	-0.002091	2388.000000	400.000000
2016-02-24	0.000046	-0.003801	0.004570	-0.011710	9.000000	300.000000
2016-02-23	-0.010813	-0.003876	-0.001762	-0.010813	-2148.000000	100.000000
2016-02-22	0.006791	0.008565	0.012620	0.001627	1340.000000	200.000000
2016-02-19	0.006555	0.000255	0.008341	-0.001525	1285.000000	100.000000
2016-02-18	0.000623	0.002792	0.015814	0.000623	122.000000	400.000000
2016-02-17	0.012602	0.006596	0.013465	0.003091	2438.000000	400.000000
2016-02-16	-0.002753	0.007943	0.007943	-0.004603	-534.000000	300.000000
2016-02-12	0.021047	0.001579	0.021047	0.001579	3999.000000	600.000000
2016-02-11	-0.002729	-0.013936	-0.001680	-0.016350	-520.000000	600.000000
2016-02-10	-0.010979	0.001173	0.010720	-0.011234	-2115.000000	300.000000
2016-02-09	0.007215	-0.008000	0.009124	-0.009882	1380.000000	600.000000
2016-02-08	0.002280	-0.008909	0.008490	-0.012158	435.000000	400.000000
2016-02-05	-0.007180	-0.004240	-0.001665	-0.013944	-1380.000000	300.000000
2016-02-04	0.012320	-0.001891	0.012320	-0.001891	2339.000000	200.000000
2016-02-03	-0.000216	0.003154	0.003781	-0.015698	-41.000000	400.000000
2016-02-02	-0.024939	-0.008518	-0.003897	-0.025462	-4857.000000	400.000000
2016-02-01	0.002053	-0.001852	0.004270	-0.012657	399.000000	500.000000
2016-01-29	0.032183	0.009134	0.033723	0.009134	6060.000000	500.000000
2016-01-28	-0.004183	0.003961	0.009567	-0.008414	-791.000000	200.000000
2016-01-27	-0.002895	-0.001292	0.010230	-0.008669	-549.000000	200.000000
2016-01-26	0.014112	0.002722	0.018711	0.002722	2639.000000	400.000000
2016-01-25	-0.022963	-0.007294	-0.007294	-0.023491	-4395.000000	200.000000
2016-01-22	0.010245	0.012911	0.014806	0.002824	1941.000000	200.000000
2016-01-21	0.005226	0.000164	0.012097	-0.005147	985.000000	200.000000
2016-01-20	-0.016849	-0.016067	-0.009082	-0.023996	-3230.000000	500.000000
2016-01-19	0.008947	0.005289	0.015463	0.005263	1700.000000	300.000000
2016-01-15	-0.011704	-0.019402	-0.005462	-0.023901	-2250.000000	600.000000
2016-01-14	0.009186	-0.001837	0.018373	-0.004404	1750.000000	300.000000
2016-01-13	-0.018041	0.000515	0.001747	-0.022990	-3500.000000	500.000000
2016-01-12	0.004869	0.004351	0.008702	-0.007044	940.000000	300.000000
2016-01-11	-0.004332	0.001238	0.004693	-0.012579	-840.000000	300.000000
2016-01-08	-0.008590	0.000358	0.002147	-0.011785	-1680.000000	400.000000
2016-01-07	-0.009295	-0.015784	-0.006155	-0.017299	-1835.000000	1100.000000
2016-01-06	0.002107	-0.009944	0.004467	-0.011670	415.000000	600.000000
2016-01-05	0.003592	0.000025	0.005191	-0.006597	705.000000	500.000000
2016-01-04	-0.007609	-0.014156	-0.005258	-0.022750	-1505.000000	800.000000
2015-12-31	-0.011400	-0.004303	-0.000405	-0.011400	-2281.000000	300.000000
2015-12-30	0.000155	0.002349	0.005499	-0.001550	31.000000	300.000000
2015-12-29	0.000871	0.003122	0.009626	-0.001981	174.000000	400.000000
2015-12-28	-0.006269	-0.004659	-0.004659	-0.011619	-1261.000000	300.000000
2015-12-24	0.005685	0.005175	0.008120	0.001125	1137.000000	100.000000
2015-12-23	0.001603	0.001603	0.019631	0.000901	320.000000	500.000000
2015-12-22	0.014629	0.005066	0.015848	-0.000615	2879.000000	500.000000
2015-12-21	0.010687	0.008618	0.014277	-0.001130	2081.000000	400.000000
2015-12-18	-0.031244	-0.009149	-0.007960	-0.031244	-6280.000000	600.000000
2015-12-17	-0.013739	-0.000981	0.000981	-0.014132	-2800.000000	200.000000
2015-12-16	0.006718	0.005039	0.008200	-0.012354	1360.000000	600.000000
2015-12-15	0.022218	0.007877	0.026661	0.006867	4400.000000	500.000000
2015-12-14	0.011662	-0.000700	0.012541	-0.002488	2283.000000	400.000000
2015-12-11	-0.008850	-0.008886	-0.005813	-0.015215	-1748.000000	300.000000
2015-12-10	-0.000784	0.001417	0.005899	-0.003339	-155.000000	400.000000
2015-12-09	-0.012219	-0.001724	0.005172	-0.016266	-2445.000000	400.000000
2015-12-08	-0.016683	-0.007346	-0.006388	-0.017690	-3395.000000	300.000000
2015-12-07	-0.004890	-0.000132	-0.000132	-0.011932	-1000.000000	200.000000
2015-12-04	0.028667	0.005025	0.029698	0.005025	5699.000000	500.000000
2015-12-03	-0.020347	-0.000641	-0.000099	-0.021633	-4129.000000	300.000000
2015-12-02	-0.009832	-0.001000	0.000342	-0.011037	-2015.000000	200.000000
2015-12-01	0.017804	0.002433	0.017804	0.002433	3585.000000	300.000000
2015-11-30	-0.001309	0.002118	0.004677	-0.004117	-264.000000	200.000000
2015-11-27	-0.003268	0.003757	0.003930	-0.003268	-661.000000	100.000000
2015-11-25	-0.005286	0.000541	0.002188	-0.005286	-1075.000000	200.000000
2015-11-24	-0.002056	-0.002252	-0.000118	-0.012396	-419.000000	200.000000
2015-11-23	-0.004013	0.000978	0.002590	-0.004013	-821.000000	100.000000
2015-11-20	-0.001469	0.002923	0.005700	-0.004451	-301.000000	200.000000
2015-11-19	0.003040	-0.000734	0.004983	-0.003671	621.000000	300.000000
2015-11-18	0.021170	0.000275	0.021845	0.000275	4235.000000	300.000000
2015-11-17	0.001226	0.003003	0.005030	-0.003403	245.000000	400.000000
2015-11-16	0.009984	0.000374	0.010287	-0.002755	1975.000000	400.000000
2015-11-13	-0.007754	0.000647	0.004459	-0.008080	-1546.000000	100.000000
2015-11-12	-0.014746	-0.001809	-0.001809	-0.015394	-2984.000000	200.000000
2015-11-11	0.002979	0.001219	0.005328	-0.001879	601.000000	100.000000
2015-11-10	0.003751	0.002239	0.004055	-0.002488	754.000000	100.000000
2015-11-09	-0.010340	0.000689	0.001649	-0.014673	-2100.000000	400.000000
2015-11-06	-0.007787	0.003156	0.004133	-0.009414	-1594.000000	500.000000
2015-11-05	-0.006918	-0.000340	0.004269	-0.007617	-1426.000000	300.000000
2015-11-04	-0.002825	0.000000	0.001263	-0.004523	-584.000000	200.000000
2015-11-03	-0.005011	-0.001950	0.000072	-0.005247	-1041.000000	200.000000
2015-11-02	0.015391	0.002952	0.015562	0.000117	3149.000000	200.000000
2015-10-30	-0.010739	-0.001533	0.000039	-0.012678	-2221.000000	200.000000
2015-10-29	-0.000594	-0.001160	0.004040	-0.004736	-123.000000	200.000000
2015-10-28	0.018005	0.000492	0.020474	0.000000	3660.000000	300.000000
2015-10-27	-0.010225	-0.001485	-0.001485	-0.013049	-2100.000000	200.000000
2015-10-26	-0.005828	0.000755	0.001772	-0.007280	-1204.000000	200.000000
2015-10-23	0.002738	0.004767	0.004767	-0.003781	564.000000	300.000000
2015-10-22	0.030615	0.005303	0.033017	0.004102	6120.000000	600.000000
2015-10-21	-0.007842	0.003176	0.007544	-0.008711	-1580.000000	200.000000
2015-10-20	0.003911	-0.001510	0.003966	-0.004958	785.000000	100.000000
2015-10-19	0.001127	-0.001242	0.001227	-0.003472	226.000000	200.000000
2015-10-16	-0.000150	0.006713	0.007761	-0.004983	-30.000000	200.000000
2015-10-15	0.018283	0.007725	0.019518	0.002468	3600.000000	300.000000
2015-10-14	-0.008455	0.001244	0.001244	-0.009578	-1679.000000	200.000000
2015-10-13	-0.007110	-0.002250	0.000000	-0.010550	-1422.000000	200.000000
2015-10-12	0.001753	0.001598	0.006837	-0.001052	350.000000	100.000000
2015-10-09	-0.004815	0.001670	0.004880	-0.010946	-966.000000	100.000000
2015-10-08	0.008121	0.001508	0.010754	-0.002513	1616.000000	200.000000
2015-10-07	0.011590	0.006507	0.017217	0.005287	2280.000000	300.000000
2015-10-06	-0.009272	-0.001969	0.000952	-0.009826	-1841.000000	200.000000
2015-10-05	0.015657	0.004092	0.016880	0.002251	3061.000000	300.000000
2015-10-02	-0.001221	-0.007607	-0.001221	-0.018080	-239.000000	300.000000
2015-10-01	0.002556	0.005429	0.023100	-0.003278	499.000000	200.000000
2015-09-30	0.008362	0.005573	0.011125	-0.002536	1619.000000	300.000000
2015-09-29	0.001635	0.001216	0.002256	-0.006751	316.000000	200.000000
2015-09-28	-0.006757	-0.006258	-0.002107	-0.007450	-1315.000000	200.000000
2015-09-25	0.004231	0.009856	0.013209	0.001600	820.000000	200.000000
2015-09-24	-0.003491	-0.005034	-0.000195	-0.009662	-679.000000	200.000000
2015-09-23	-0.004642	0.000000	0.000000	-0.009136	-907.000000	200.000000
2015-09-22	-0.008304	-0.010263	-0.008304	-0.016607	-1636.000000	300.000000
2015-09-21	0.025088	0.015609	0.026535	0.014568	4822.000000	700.000000
2015-09-18	-0.029783	-0.004796	-0.003115	-0.029783	-5900.000000	1000.000000
2015-09-17	-0.006594	0.000000	0.009603	-0.006594	-1315.000000	200.000000
2015-09-16	0.000552	0.001580	0.005991	0.000477	110.000000	200.000000
2015-09-15	0.008639	0.000000	0.012146	-0.001508	1707.000000	200.000000
2015-09-14	-0.003686	0.000000	0.000938	-0.006701	-731.000000	200.000000
2015-09-11	0.003491	0.001068	0.003491	-0.005505	690.000000	200.000000
2015-09-10	0.003881	0.000127	0.010717	-0.000381	764.000000	300.000000
2015-09-09	-0.018569	0.008225	0.010469	-0.018938	-3725.000000	300.000000
2015-09-08	0.020860	0.013079	0.023404	0.009461	4099.000000	700.000000
2015-09-04	-0.015847	-0.009346	-0.009346	-0.023364	-3164.000000	300.000000
2015-09-03	0.001530	0.004339	0.013142	-0.000301	305.000000	300.000000
2015-09-02	0.006137	0.008358	0.008358	-0.000626	1216.000000	300.000000
2015-09-01	-0.021661	-0.012522	-0.012522	-0.029156	-4387.000000	500.000000
2015-08-31	-0.013699	-0.005084	-0.005084	-0.018160	-2813.000000	200.000000
2015-08-28	0.001971	0.000293	0.001971	-0.007197	404.000000	200.000000
2015-08-27	0.022145	0.012968	0.026334	0.004539	4440.000000	300.000000
2015-08-26	0.032441	0.020721	0.032904	0.002575	6300.000000	700.000000
2015-08-25	-0.009209	0.026453	0.030066	-0.015331	-1805.000000	600.000000
2015-08-24	-0.032074	-0.044840	-0.005333	-0.061694	-6495.000000	1200.000000
2015-08-21	-0.025796	-0.005013	-0.005013	-0.027817	-5362.000000	1100.000000
2015-08-20	-0.013282	-0.005222	-0.005222	-0.013861	-2798.000000	300.000000
2015-08-19	-0.006789	-0.002074	0.001650	-0.010844	-1440.000000	200.000000
2015-08-18	-0.005626	0.000000	0.000750	-0.007782	-1200.000000	100.000000
2015-08-17	-0.003183	-0.001313	-0.001313	-0.008136	-681.000000	100.000000
2015-08-14	0.003734	0.001004	0.004939	0.000915	796.000000	100.000000
2015-08-13	0.000869	-0.001221	0.004958	-0.005117	185.000000	200.000000
2015-08-12	-0.006993	-0.007692	-0.006993	-0.016345	-1500.000000	300.000000
2015-08-11	-0.003716	-0.008802	-0.002392	-0.011705	-800.000000	300.000000
2015-08-10	-0.000757	-0.011431	-0.000757	-0.016026	-163.000000	400.000000
2015-08-07	-0.000867	-0.004289	-0.000672	-0.008764	-187.000000	100.000000
2015-08-06	0.002086	0.000367	0.002230	-0.002923	449.000000	200.000000
2015-08-05	0.004908	0.003129	0.008639	0.003129	1051.000000	200.000000
2015-08-04	0.003044	-0.001850	0.005316	-0.001850	650.000000	100.000000
2015-08-03	-0.002336	0.001869	0.002103	-0.011589	-500.000000	200.000000
2015-07-31	-0.003469	0.002119	0.003981	-0.003469	-745.000000	200.000000
2015-07-30	0.001983	0.000280	0.001983	-0.004941	425.000000	100.000000
2015-07-29	-0.003585	0.000000	0.001743	-0.005072	-771.000000	100.000000
2015-07-28	0.020719	0.004636	0.021901	0.004636	4366.000000	300.000000
2015-07-27	-0.006164	-0.001094	-0.000151	-0.006258	-1307.000000	200.000000
2015-07-24	-0.006969	-0.001030	-0.000422	-0.007938	-1488.000000	200.000000
2015-07-23	-0.008636	-0.003134	-0.001950	-0.010201	-1860.000000	100.000000
2015-07-22	-0.001928	-0.001372	0.000019	-0.005172	-416.000000	100.000000
2015-07-21	-0.003160	0.002217	0.002287	-0.007460	-684.000000	200.000000
2015-07-20	0.002408	-0.000556	0.005279	-0.000556	520.000000	300.000000
2015-07-17	0.000046	-0.000602	0.000236	-0.002084	10.000000	200.000000
2015-07-16	0.010056	0.003297	0.010056	0.003017	2150.000000	200.000000
2015-07-15	0.009600	0.003461	0.010526	0.001195	2033.000000	100.000000
2015-07-14	0.000222	-0.000094	0.003802	-0.001393	47.000000	100.000000
2015-07-13	0.009152	0.005910	0.011630	0.005910	1920.000000	200.000000
2015-07-10	0.009916	0.008953	0.013286	0.004910	2060.000000	200.000000
2015-07-09	0.007537	0.007828	0.011223	0.005403	1554.000000	200.000000
2015-07-08	-0.009436	-0.009849	-0.005333	-0.012539	-1964.000000	500.000000
2015-07-07	0.012895	0.001679	0.012895	-0.005645	2650.000000	500.000000
2015-07-06	-0.002054	-0.005065	0.001734	-0.006230	-423.000000	200.000000
2015-07-02	-0.002142	0.002592	0.003213	-0.002142	-442.000000	600.000000
2015-07-01	0.007396	0.009226	0.013717	0.002978	1515.000000	500.000000
2015-06-30	-0.000732	0.008000	0.009561	-0.000976	-150.000000	400.000000
2015-06-29	-0.023344	-0.006098	-0.006098	-0.023344	-4900.000000	400.000000
2015-06-26	0.001431	0.001908	0.004103	-0.002743	300.000000	200.000000
2015-06-25	-0.004276	0.000000	0.002945	-0.004276	-900.000000	200.000000
2015-06-24	-0.006607	-0.000755	0.001326	-0.007126	-1400.000000	200.000000
2015-06-23	-0.003199	0.001308	0.003387	-0.004281	-680.000000	100.000000
2015-06-22	0.001791	0.006975	0.009425	-0.000943	380.000000	200.000000
2015-06-19	-0.008643	-0.002378	0.003504	-0.010044	-1850.000000	200.000000
2015-06-18	0.018558	0.003545	0.020224	0.003545	3900.000000	200.000000
2015-06-17	0.001859	0.001144	0.006865	-0.002384	390.000000	100.000000
2015-06-16	0.002198	0.000239	0.003344	-0.003153	460.000000	100.000000
2015-06-15	-0.006927	-0.004080	-0.002183	-0.010481	-1460.000000	300.000000
2015-06-12	-0.005568	0.000519	0.000519	-0.009059	-1180.000000	100.000000
2015-06-11	0.002554	0.001798	0.006339	0.000095	540.000000	200.000000
2015-06-10	0.008107	0.001907	0.012876	0.001907	1700.000000	200.000000
2015-06-09	-0.001429	-0.002857	0.004271	-0.003619	-300.000000	200.000000
2015-06-08	-0.007374	-0.000756	-0.000756	-0.007374	-1560.000000	200.000000
2015-06-05	-0.004822	0.000165	0.002234	-0.005668	-1025.000000	200.000000
2015-06-04	-0.009390	-0.000881	-0.000881	-0.010438	-2015.000000	200.000000
2015-06-03	-0.001024	0.003179	0.005121	-0.002649	-220.000000	200.000000
2015-06-02	-0.002693	-0.001393	-0.001114	-0.007331	-580.000000	300.000000
2015-06-01	0.002793	0.002142	0.007542	0.001676	600.000000	200.000000
2015-05-29	-0.012777	-0.002298	-0.002298	-0.012777	-2780.000000	300.000000
2015-05-28	0.000644	0.002024	0.002024	-0.005105	140.000000	100.000000
2015-05-27	0.008067	0.001854	0.010223	0.001159	1740.000000	100.000000
2015-05-26	-0.005991	-0.000023	0.002304	-0.006106	-1300.000000	300.000000
2015-05-22	-0.005864	-0.002291	-0.000137	-0.006047	-1280.000000	300.000000
2015-05-21	-0.005676	-0.000834	-0.000834	-0.005676	-1246.000000	100.000000
2015-05-20	-0.003966	-0.002269	-0.001815	-0.007187	-874.000000	200.000000
2015-05-19	0.005819	-0.000570	0.006959	-0.003993	1275.000000	300.000000
2015-05-18	0.002218	0.000549	0.003412	-0.002264	485.000000	100.000000
2015-05-15	-0.002873	0.002869	0.002869	-0.006567	-630.000000	100.000000
2015-05-14	0.009530	0.003430	0.009530	0.001800	2070.000000	100.000000
2015-05-13	-0.002755	-0.002342	0.000326	-0.004591	-600.000000	200.000000
2015-05-12	-0.007971	-0.002601	-0.002601	-0.011842	-1750.000000	100.000000
2015-05-11	-0.014941	0.000538	0.000588	-0.014941	-3330.000000	100.000000
2015-05-08	0.019020	0.007224	0.019020	0.006492	4160.000000	400.000000
2015-05-07	0.009694	0.000000	0.010987	-0.001500	2100.000000	200.000000
2015-05-06	-0.006330	0.004587	0.005069	-0.010000	-1380.000000	200.000000
2015-05-05	-0.005883	-0.000410	0.004378	-0.005883	-1290.000000	300.000000
2015-05-04	0.016172	0.009268	0.019926	0.007104	3490.000000	500.000000
2015-05-01	0.011246	0.005933	0.011856	0.001172	2400.000000	300.000000
2015-04-30	-0.004664	-0.001866	0.001427	-0.007435	-1000.000000	300.000000
2015-04-29	-0.003486	-0.004416	-0.000697	-0.007669	-750.000000	200.000000
2015-04-28	0.012066	-0.000400	0.012066	-0.001835	2565.000000	400.000000
2015-04-27	-0.008882	0.000396	0.001072	-0.009595	-1905.000000	500.000000
2015-04-24	-0.001164	-0.000582	0.000745	-0.003344	-250.000000	200.000000
2015-04-23	-0.000228	-0.003208	0.003659	-0.003673	-49.000000	300.000000
2015-04-22	0.006320	0.002155	0.006840	-0.000375	1349.000000	200.000000
2015-04-21	-0.003083	0.003083	0.003550	-0.004615	-660.000000	200.000000
2015-04-20	0.005249	0.004780	0.008874	0.002855	1118.000000	300.000000
2015-04-17	-0.006382	-0.006345	-0.004689	-0.011150	-1368.000000	500.000000
2015-04-16	-0.001514	-0.002306	0.001821	-0.005473	-325.000000	200.000000
2015-04-15	0.001189	-0.000746	0.005018	-0.000746	255.000000	300.000000
2015-04-14	-0.007085	-0.003936	-0.002547	-0.010790	-1530.000000	300.000000
2015-04-13	0.003434	0.002365	0.004410	0.000511	739.000000	200.000000
2015-04-10	-0.001448	-0.001963	0.001517	-0.004027	-312.000000	200.000000
2015-04-09	0.003235	0.000000	0.003780	-0.001527	695.000000	400.000000
2015-04-08	-0.003118	0.002320	0.005160	-0.003341	-672.000000	500.000000
2015-04-07	-0.003583	0.000578	0.003264	-0.003768	-775.000000	200.000000
2015-04-06	-0.001039	-0.004896	0.004162	-0.005667	-225.000000	100.000000
2015-04-02	0.000925	-0.000675	0.002557	-0.002774	200.000000	200.000000
2015-04-01	-0.005517	0.001839	0.002207	-0.006262	-1200.000000	200.000000
2015-03-31	-0.010014	-0.001365	-0.001365	-0.010014	-2200.000000	200.000000
2015-03-30	0.012442	0.004608	0.013825	0.004608	2700.000000	300.000000
2015-03-27	0.003515	0.002821	0.005272	-0.002224	760.000000	500.000000
2015-03-26	-0.003502	-0.004889	-0.001106	-0.007078	-760.000000	500.000000
2015-03-25	-0.000023	0.003203	0.004852	-0.002852	-5.000000	600.000000
2015-03-24	-0.007505	-0.002154	-0.001765	-0.007533	-1641.000000	300.000000
2015-03-23	0.001585	0.003894	0.007783	-0.000096	346.000000	200.000000
2015-03-20	0.001376	0.005505	0.007156	0.001376	300.000000	200.000000
2015-03-19	-0.007733	-0.000005	-0.000005	-0.009076	-1699.000000	200.000000
2015-03-18	0.005027	-0.001034	0.008902	-0.006427	1099.000000	300.000000
2015-03-17	-0.004109	-0.000583	-0.000583	-0.010305	-902.000000	200.000000
2015-03-16	0.010980	0.005674	0.012813	0.005674	2384.000000	200.000000
2015-03-13	-0.012642	-0.001810	-0.001810	-0.015748	-2780.000000	200.000000
2015-03-12	0.011025	0.006892	0.011025	0.001016	2398.000000	300.000000
2015-03-11	0.000460	0.001587	0.006739	-0.002829	100.000000	400.000000
2015-03-10	-0.014059	-0.003855	-0.003855	-0.016327	-3100.000000	800.000000
2015-03-09	0.007719	0.000407	0.009296	0.000402	1689.000000	400.000000
2015-03-06	-0.003139	-0.000114	0.008442	-0.003895	-689.000000	400.000000
2015-03-05	0.008676	0.000565	0.010156	-0.000515	1888.000000	300.000000
2015-03-04	-0.006338	-0.002283	-0.002283	-0.011416	-1388.000000	300.000000
2015-03-03	-0.006194	0.000976	0.000976	-0.011023	-1365.000000	500.000000
2015-03-02	-0.003685	0.003255	0.003255	-0.009856	-815.000000	500.000000
2015-02-27	-0.004814	0.000000	0.000000	-0.006254	-1070.000000	200.000000
2015-02-26	-0.002715	0.000408	0.002535	-0.003837	-605.000000	100.000000
2015-02-25	-0.002462	0.002529	0.002529	-0.003245	-550.000000	200.000000
2015-02-24	0.010882	0.000905	0.013620	-0.000181	2405.000000	300.000000
2015-02-23	-0.009413	-0.001345	-0.001345	-0.012577	-2100.000000	300.000000
2015-02-20	0.007246	-0.003494	0.007246	-0.007020	1605.000000	200.000000
2015-02-19	-0.005857	-0.002464	-0.001077	-0.009291	-1305.000000	200.000000
2015-02-18	-0.002239	0.000717	0.001343	-0.004120	-500.000000	200.000000
2015-02-17	0.003347	0.001775	0.006493	-0.000310	745.000000	200.000000
2015-02-13	-0.008487	-0.002539	-0.001221	-0.010826	-1905.000000	400.000000
2015-02-12	0.000299	0.002705	0.005112	-0.001662	67.000000	300.000000
2015-02-11	-0.003318	-0.000182	0.000888	-0.007999	-747.000000	100.000000
2015-02-10	0.005089	0.005580	0.008125	-0.002728	1140.000000	200.000000
2015-02-09	-0.003913	-0.001490	-0.001490	-0.007431	-880.000000	200.000000
2015-02-06	0.001425	0.001959	0.012870	-0.000819	320.000000	300.000000
2015-02-05	0.015984	0.005284	0.017355	0.003497	3533.000000	400.000000
2015-02-04	-0.005203	-0.000824	0.002570	-0.006157	-1156.000000	200.000000
2015-02-03	0.009464	0.007724	0.011790	-0.005338	2083.000000	300.000000
2015-02-02	0.019619	0.000630	0.019619	-0.003308	4235.000000	200.000000
2015-01-30	-0.018787	-0.000445	-0.000445	-0.018787	-4133.000000	300.000000
2015-01-29	0.013069	0.003868	0.014828	-0.003776	2838.000000	300.000000
2015-01-28	-0.019642	0.005368	0.007173	-0.019642	-4351.000000	400.000000
2015-01-27	-0.011923	-0.009916	-0.004594	-0.012195	-2673.000000	300.000000
2015-01-26	0.001935	0.000666	0.003423	-0.005895	433.000000	100.000000
2015-01-23	-0.005175	-0.000511	-0.000511	-0.005491	-1164.000000	100.000000
2015-01-22	0.018199	0.007243	0.019552	0.000566	4020.000000	400.000000
2015-01-21	-0.007820	-0.002682	-0.000611	-0.011840	-1741.000000	300.000000
2015-01-20	-0.004378	0.001722	0.008166	-0.006292	-979.000000	400.000000
2015-01-16	0.009503	-0.002348	0.010243	-0.006343	2105.000000	200.000000
2015-01-15	-0.001659	0.002826	0.005057	-0.004683	-368.000000	200.000000
2015-01-14	-0.005031	-0.008946	-0.001897	-0.014444	-1122.000000	800.000000
2015-01-13	0.002590	0.010903	0.017966	-0.002796	576.000000	600.000000
2015-01-12	-0.010019	0.003650	0.003650	-0.011537	-2251.000000	200.000000
2015-01-09	-0.008845	0.003617	0.003617	-0.011964	-2005.000000	200.000000
2015-01-08	0.014319	0.011831	0.015523	0.002327	3200.000000	600.000000
2015-01-07	0.013745	0.009299	0.013999	-0.002041	3030.000000	400.000000
2015-01-06	-0.002398	0.000588	0.008553	-0.007756	-530.000000	400.000000
2015-01-05	-0.011717	-0.000022	-0.000022	-0.016100	-2620.000000	500.000000
2015-01-02	-0.010619	0.005442	0.006504	-0.014447	-2400.000000	300.000000
2014-12-31	-0.009879	-0.000329	0.002694	-0.012495	-2255.000000	200.000000
2014-12-30	0.000394	-0.003568	0.000526	-0.007078	90.000000	200.000000
2014-12-29	0.007351	0.000000	0.008168	0.000000	1665.000000	200.000000
2014-12-26	-0.000066	0.003470	0.006865	-0.000066	-15.000000	200.000000
2014-12-24	-0.004898	0.001186	0.003910	-0.004898	-1115.000000	300.000000
2014-12-23	-0.000395	0.000527	0.005621	-0.000834	-90.000000	400.000000
2014-12-22	-0.000728	-0.001031	0.003484	-0.004787	-166.000000	200.000000
2014-12-19	-0.006167	-0.005007	-0.003511	-0.013109	-1414.000000	400.000000
2014-12-18	0.029174	0.017504	0.029174	0.011216	6500.000000	700.000000
2014-12-17	0.019866	0.002472	0.019866	-0.000151	4340.000000	600.000000
2014-12-16	-0.002798	-0.003917	0.017834	-0.016310	-613.000000	700.000000
2014-12-15	0.000333	0.014251	0.016068	-0.008320	73.000000	500.000000
2014-12-12	-0.025801	-0.003559	-0.000222	-0.025801	-5800.000000	400.000000
2014-12-11	0.005142	0.002370	0.014245	0.002370	1150.000000	400.000000
2014-12-10	-0.007473	0.000293	0.006577	-0.009009	-1684.000000	1300.000000
2014-12-09	-0.010825	-0.006585	-0.005755	-0.019355	-2466.000000	1000.000000
2014-12-08	0.009573	0.002859	0.016548	0.002260	2160.000000	1000.000000
2014-12-05	0.001887	0.001931	0.003401	-0.000861	425.000000	300.000000
2014-12-04	0.003252	0.002071	0.003252	-0.002539	730.000000	300.000000
2014-12-03	-0.002289	0.004000	0.004000	-0.002889	-515.000000	200.000000
2014-12-02	0.011122	0.005730	0.011122	0.002224	2475.000000	200.000000
2014-12-01	-0.002421	0.000157	0.007200	-0.003156	-540.000000	200.000000
2014-11-28	0.002941	0.001322	0.007459	0.001160	654.000000	200.000000
2014-11-26	0.003094	0.002589	0.003274	0.001082	686.000000	100.000000
2014-11-25	0.003045	0.001190	0.004289	0.000217	673.000000	300.000000
2014-11-24	0.005079	0.002910	0.005433	-0.002182	1117.000000	200.000000
2014-11-21	0.007721	0.009393	0.009709	0.005269	1685.000000	200.000000
2014-11-20	-0.001345	-0.003404	0.000297	-0.005692	-294.000000	100.000000
2014-11-19	-0.001480	-0.000315	-0.000315	-0.005903	-324.000000	200.000000
2014-11-18	0.001501	0.000000	0.004896	-0.001213	328.000000	200.000000
2014-11-17	0.002371	0.002394	0.002394	-0.004243	517.000000	200.000000
2014-11-14	-0.005823	0.000141	0.002358	-0.007542	-1277.000000	300.000000
2014-11-13	0.005497	0.002545	0.005800	0.001233	1199.000000	400.000000
2014-11-12	0.003446	0.002406	0.005484	-0.001412	749.000000	400.000000
2014-11-11	-0.000680	0.004138	0.004138	-0.001315	-148.000000	100.000000
2014-11-10	0.011769	0.004322	0.011769	0.003926	2530.000000	400.000000
2014-11-07	0.000791	0.001983	0.005237	-0.002207	170.000000	200.000000
2014-11-06	0.003012	0.003110	0.003642	-0.003525	645.000000	200.000000
2014-11-05	0.005423	0.008446	0.008446	-0.000962	1155.000000	200.000000
2014-11-04	0.009000	0.003790	0.010185	0.002369	1900.000000	200.000000
2014-11-03	0.005238	0.003976	0.006238	-0.004762	1100.000000	200.000000
2014-10-31	0.004640	0.009558	0.015644	0.000311	970.000000	500.000000
2014-10-30	-0.002719	-0.001670	0.001016	-0.023378	-570.000000	300.000000
2014-10-29	-0.004607	0.000736	0.001567	-0.010305	-970.000000	300.000000
2014-10-28	0.006443	0.001329	0.006491	0.000272	1348.000000	500.000000
2014-10-27	-0.000139	-0.003842	0.000760	-0.005978	-29.000000	200.000000
2014-10-24	0.005488	-0.002547	0.005488	-0.002758	1142.000000	300.000000
2014-10-23	0.007670	0.011984	0.012584	0.005428	1584.000000	200.000000
2014-10-22	-0.008664	0.002280	0.003216	-0.009336	-1805.000000	200.000000
2014-10-21	0.012048	0.005052	0.012388	0.002040	2480.000000	400.000000
2014-10-20	0.001679	-0.000983	0.003416	-0.003917	345.000000	300.000000
2014-10-17	0.017351	0.009876	0.021965	0.007767	3505.000000	800.000000
2014-10-16	-0.008832	-0.021590	-0.002233	-0.022596	-1800.000000	400.000000
2014-10-15	-0.010800	-0.006849	-0.004266	-0.038952	-2225.000000	1000.000000
2014-10-14	0.005427	0.000669	0.016954	0.000425	1112.000000	800.000000
2014-10-13	-0.001155	-0.001121	0.013892	-0.002164	-237.000000	600.000000
2014-10-10	-0.003401	0.003643	0.016225	-0.003401	-700.000000	500.000000
2014-10-09	-0.019528	0.000238	0.001800	-0.020005	-4100.000000	500.000000
2014-10-08	0.023972	-0.000171	0.025069	-0.000171	4915.000000	600.000000
2014-10-07	-0.017019	-0.002805	-0.002805	-0.017019	-3550.000000	300.000000
2014-10-06	-0.000790	0.007305	0.007708	-0.003607	-165.000000	300.000000
2014-10-03	0.012121	0.005818	0.015370	0.004606	2500.000000	600.000000
2014-10-02	0.006810	0.000708	0.012912	0.000708	1395.000000	900.000000
2014-10-01	-0.009884	0.001982	0.001982	-0.012083	-2045.000000	400.000000
2014-09-30	-0.002031	0.000627	0.003328	-0.002962	-421.000000	300.000000
2014-09-29	-0.003901	-0.004963	-0.000562	-0.007846	-812.000000	300.000000
2014-09-26	0.010354	-0.002039	0.011748	-0.002039	2133.000000	300.000000
2014-09-25	-0.018346	0.000238	0.000238	-0.020758	-3850.000000	300.000000
2014-09-24	0.006740	-0.000935	0.007561	-0.000935	1405.000000	300.000000
2014-09-23	-0.002178	-0.000191	0.003351	-0.003432	-455.000000	300.000000
2014-09-22	-0.014623	-0.004344	-0.004344	-0.015085	-3100.000000	300.000000
2014-09-19	-0.000354	0.005305	0.007247	-0.005800	-75.000000	700.000000
2014-09-18	0.014713	0.006933	0.015550	0.003512	3075.000000	400.000000
2014-09-17	0.006041	0.004173	0.011899	0.001733	1255.000000	300.000000
2014-09-16	0.003066	-0.001014	0.006301	-0.002825	635.000000	200.000000
2014-09-15	0.007173	0.001050	0.007397	-0.000160	1475.000000	300.000000
2014-09-12	-0.005874	0.001204	0.001204	-0.007967	-1215.000000	200.000000
2014-09-11	0.000484	-0.003603	0.000871	-0.005799	100.000000	100.000000
2014-09-10	0.007038	0.004603	0.007793	0.001437	1445.000000	200.000000
2014-09-09	-0.009146	0.001443	0.001448	-0.009691	-1895.000000	300.000000
2014-09-08	0.002419	0.003507	0.007939	0.002061	500.000000	200.000000
2014-09-05	-0.000580	-0.001247	0.003240	-0.003433	-120.000000	200.000000
2014-09-04	0.001850	0.003933	0.009863	-0.000911	382.000000	200.000000
2014-09-03	-0.001461	0.004837	0.004837	-0.002375	-302.000000	300.000000
2014-09-02	0.004177	0.005435	0.006412	-0.001214	860.000000	400.000000
2014-08-29	0.009018	0.000049	0.009018	0.000049	1840.000000	400.000000
2014-08-28	-0.003424	-0.002154	-0.000493	-0.004132	-701.000000	200.000000
2014-08-27	0.000802	0.000000	0.004243	-0.002820	164.000000	400.000000
2014-08-26	-0.000010	0.001471	0.002532	-0.001080	-2.000000	200.000000
2014-08-25	0.005144	0.005247	0.007208	0.003444	1047.000000	300.000000
2014-08-22	-0.007930	-0.002725	-0.001750	-0.008306	-1627.000000	300.000000
2014-08-21	0.013692	0.002031	0.013741	0.001438	2771.000000	400.000000
2014-08-20	-0.001046	-0.001165	0.000000	-0.003500	-212.000000	400.000000
2014-08-19	0.000894	0.001907	0.002801	-0.002361	181.000000	300.000000
2014-08-18	0.005924	0.005829	0.008811	0.004338	1192.000000	300.000000
2014-08-15	-0.008001	0.002465	0.002490	-0.015425	-1623.000000	300.000000
2014-08-14	0.016237	-0.000045	0.017394	-0.000045	3241.000000	600.000000
2014-08-13	0.000236	0.001994	0.002190	-0.003818	47.000000	400.000000
2014-08-12	0.007889	-0.000530	0.009086	-0.000530	1562.000000	200.000000
2014-08-11	0.008902	0.007368	0.014364	0.001259	1747.000000	200.000000
2014-08-08	0.011608	-0.000778	0.012320	-0.002222	2252.000000	400.000000
2014-08-07	0.001554	0.005008	0.005679	-0.003206	301.000000	600.000000
2014-08-06	0.006239	-0.001610	0.010187	-0.003164	1201.000000	200.000000
2014-08-05	-0.009295	0.001004	0.001004	-0.015167	-1806.000000	700.000000
2014-08-04	0.026553	0.015041	0.030252	0.008786	5026.000000	800.000000
2014-08-01	0.006140	-0.005167	0.011928	-0.016579	1155.000000	400.000000
2014-07-31	-0.018736	-0.004741	-0.000850	-0.018736	-3592.000000	400.000000
2014-07-30	0.002919	0.000220	0.007277	-0.003531	558.000000	200.000000
2014-07-29	-0.007384	-0.001402	0.001911	-0.007773	-1422.000000	200.000000
2014-07-28	0.007091	-0.000544	0.007625	-0.006401	1356.000000	200.000000
2014-07-25	-0.006324	-0.000026	-0.000026	-0.006501	-1217.000000	200.000000
2014-07-24	0.001228	-0.000026	0.004058	-0.000510	236.000000	100.000000
2014-07-23	-0.002258	-0.000327	0.000971	-0.002596	-435.000000	100.000000
2014-07-22	-0.002020	0.001378	0.002176	-0.003580	-390.000000	200.000000
2014-07-21	0.002821	-0.003257	0.002966	-0.004847	543.000000	100.000000
2014-07-18	0.014098	0.005527	0.014857	0.003920	2676.000000	200.000000
2014-07-17	-0.011772	-0.000791	0.000151	-0.012370	-2261.000000	200.000000
2014-07-16	-0.003652	0.001914	0.001914	-0.004809	-704.000000	100.000000
2014-07-15	-0.003123	0.000517	0.001913	-0.007136	-604.000000	200.000000
2014-07-14	0.002488	0.003126	0.004977	0.000674	480.000000	200.000000
2014-07-11	0.002078	-0.001455	0.002629	-0.002883	400.000000	100.000000
2014-07-10	-0.002797	-0.005849	-0.000130	-0.006429	-540.000000	200.000000
2014-07-09	0.003326	0.001128	0.004413	0.000530	640.000000	200.000000
2014-07-08	-0.003109	-0.002280	0.002876	-0.003653	-600.000000	300.000000
2014-07-07	-0.003099	-0.001379	-0.000015	-0.006544	-600.000000	200.000000
2014-07-03	0.010971	0.002303	0.011227	-0.003128	2101.000000	200.000000
2014-07-02	0.005244	0.001575	0.005291	-0.000877	999.000000	200.000000
2014-07-01	0.003160	0.001053	0.007925	0.001053	600.000000	200.000000
2014-06-30	-0.003458	-0.001884	0.000236	-0.003988	-659.000000	100.000000
2014-06-27	-0.000089	-0.000924	0.002534	-0.002760	-17.000000	100.000000
2014-06-26	-0.000441	0.000991	0.000991	-0.007490	-84.000000	300.000000
2014-06-25	0.002571	-0.000899	0.004270	-0.002303	489.000000	200.000000
2014-06-24	0.001427	-0.000058	0.005793	-0.001453	271.000000	300.000000
2014-06-23	-0.003150	-0.001496	-0.000205	-0.005370	-600.000000	300.000000
2014-06-20	0.000047	0.006457	0.007187	-0.003685	9.000000	400.000000
2014-06-19	-0.000965	0.001704	0.001925	-0.004070	-184.000000	300.000000
2014-06-18	0.008916	0.000000	0.010424	-0.004074	1685.000000	500.000000
2014-06-17	-0.001374	-0.000740	0.001559	-0.004000	-260.000000	300.000000
2014-06-16	-0.001425	-0.002744	-0.000158	-0.004216	-270.000000	300.000000
2014-06-13	-0.007489	0.000000	0.001655	-0.012438	-1430.000000	1200.000000
2014-06-12	-0.007315	0.001383	0.001887	-0.010044	-1407.000000	200.000000
2014-06-11	0.000265	-0.001914	0.001830	-0.002652	51.000000	100.000000
2014-06-10	0.002027	-0.001782	0.002621	-0.002694	389.000000	200.000000
2014-06-09	-0.005070	-0.000492	-0.000088	-0.007533	-978.000000	300.000000
2014-06-06	0.004138	0.001458	0.004206	0.000208	795.000000	300.000000
2014-06-05	0.006993	-0.000765	0.008088	-0.000765	1334.000000	300.000000
2014-06-04	0.001833	0.001618	0.004937	-0.000494	349.000000	200.000000
2014-06-03	-0.006941	-0.003901	-0.000605	-0.009116	-1331.000000	200.000000
2014-06-02	-0.001313	0.001563	0.002719	-0.004453	-252.000000	100.000000
2014-05-30	-0.001560	-0.003380	0.003640	-0.003380	-300.000000	300.000000
2014-05-29	0.004933	-0.001521	0.004933	-0.003742	944.000000	200.000000
2014-05-28	0.000293	-0.000105	0.002614	-0.001568	56.000000	200.000000
2014-05-27	0.005757	0.004916	0.007592	0.003912	1095.000000	200.000000
2014-05-23	-0.001732	0.001134	0.002440	-0.004456	-330.000000	100.000000
2014-05-22	0.002948	-0.001616	0.004011	-0.001616	560.000000	200.000000
2014-05-21	0.004091	0.001575	0.006157	0.001327	774.000000	200.000000
2014-05-20	-0.006297	0.000788	0.000788	-0.009112	-1199.000000	200.000000
2014-05-19	0.000999	-0.001104	0.002818	-0.004874	190.000000	200.000000
2014-05-16	0.004430	0.005434	0.005434	-0.003755	839.000000	200.000000
2014-05-15	-0.010704	-0.002926	-0.002926	-0.012496	-2049.000000	200.000000
2014-05-14	-0.002117	-0.003263	0.000386	-0.003263	-406.000000	200.000000
2014-05-13	0.003720	0.002014	0.003720	-0.002088	711.000000	100.000000
2014-05-12	0.001215	0.007423	0.007528	-0.002363	232.000000	200.000000
2014-05-09	0.004119	-0.003156	0.004918	-0.006028	783.000000	100.000000
2014-05-08	-0.007570	-0.000914	-0.000914	-0.010415	-1450.000000	100.000000
2014-05-07	0.022282	0.007199	0.038933	0.006548	4175.000000	500.000000
2014-05-06	-0.012725	-0.003625	-0.002339	-0.018652	-2415.000000	400.000000
2014-05-05	-0.012822	-0.012769	-0.006637	-0.015901	-2465.000000	400.000000
2014-05-02	-0.006342	0.002781	0.005417	-0.008704	-1227.000000	200.000000
2014-05-01	0.001071	0.000103	0.002716	-0.005459	207.000000	200.000000
2014-04-30	0.003791	0.001319	0.006461	-0.000234	730.000000	200.000000
2014-04-29	0.005982	0.000679	0.008871	0.000679	1145.000000	300.000000
2014-04-28	0.003744	0.008983	0.008983	-0.006744	714.000000	200.000000
2014-04-25	0.000976	-0.000105	0.004278	-0.003055	186.000000	200.000000
2014-04-24	-0.001572	0.003669	0.005414	-0.004376	-300.000000	200.000000
2014-04-23	0.000419	0.003959	0.006082	-0.003251	80.000000	100.000000
2014-04-22	0.006534	0.000090	0.008175	-0.003140	1238.000000	600.000000
2014-04-21	-0.006069	0.004385	0.004385	-0.006499	-1157.000000	300.000000
2014-04-17	0.009206	-0.000106	0.013796	-0.001975	1739.000000	400.000000
2014-04-16	0.017561	0.003022	0.018013	0.003022	3260.000000	400.000000
2014-04-15	0.013252	0.003755	0.014508	0.000016	2428.000000	400.000000
2014-04-14	0.002479	0.004055	0.005149	-0.005329	453.000000	400.000000
2014-04-11	-0.003506	-0.002192	0.001816	-0.006309	-643.000000	300.000000
2014-04-10	-0.013421	0.002168	0.005847	-0.013427	-2495.000000	400.000000
2014-04-09	0.006808	0.004116	0.008021	0.000867	1257.000000	300.000000
2014-04-08	-0.000325	0.000000	0.005604	-0.004629	-60.000000	900.000000
2014-04-07	-0.005669	-0.002164	0.002046	-0.006137	-1053.000000	300.000000
2014-04-04	-0.002867	0.002298	0.008793	-0.002936	-534.000000	200.000000
2014-04-03	-0.002527	-0.000809	0.001419	-0.004519	-472.000000	300.000000
2014-04-02	-0.002425	-0.002740	0.000358	-0.004936	-454.000000	700.000000
2014-04-01	-0.000731	0.000801	0.003469	-0.003955	-137.000000	300.000000
2014-03-31	0.011888	0.004623	0.012158	0.004623	2201.000000	600.000000
2014-03-28	-0.000275	0.003240	0.006658	-0.011879	-51.000000	200.000000
2014-03-27	0.003576	0.002222	0.006476	-0.002438	660.000000	300.000000
2014-03-26	-0.010971	0.003232	0.004743	-0.011121	-2047.000000	300.000000
2014-03-25	0.000359	0.006042	0.006042	-0.003694	67.000000	200.000000
2014-03-24	-0.007080	0.000873	0.002821	-0.009848	-1330.000000	200.000000
2014-03-21	0.007023	0.007425	0.011032	0.003608	1310.000000	400.000000
2014-03-20	0.014576	0.000756	0.015675	-0.001251	2680.000000	300.000000
2014-03-19	-0.005409	0.000000	0.003403	-0.011338	-1000.000000	200.000000
2014-03-18	-0.001027	0.001891	0.001891	-0.006431	-190.000000	200.000000
2014-03-17	0.006472	0.002665	0.010497	0.002665	1190.000000	400.000000
2014-03-14	-0.010175	0.000404	0.004075	-0.012555	-1890.000000	600.000000
2014-03-13	-0.010652	0.002130	0.005870	-0.013294	-2000.000000	700.000000
2014-03-12	0.003469	-0.003223	0.003907	-0.005858	649.000000	300.000000
2014-03-11	0.003761	0.002817	0.005848	-0.002629	701.000000	600.000000
2014-03-10	0.014300	0.001235	0.014300	-0.000931	2628.000000	400.000000
2014-03-07	0.008766	0.005621	0.011967	0.000933	1597.000000	400.000000
2014-03-06	0.019703	0.004444	0.019921	0.001931	3520.000000	600.000000
2014-03-05	0.003742	-0.002809	0.004276	-0.003371	666.000000	400.000000
2014-03-04	0.019994	0.006596	0.019994	0.006596	3489.000000	700.000000
2014-03-03	0.004559	0.002257	0.007420	-0.005463	792.000000	800.000000
2014-02-28	0.011518	0.001339	0.011570	-0.001170	1978.000000	500.000000
2014-02-27	0.007374	-0.003913	0.007772	-0.004476	1257.000000	300.000000
2014-02-26	-0.001453	0.000463	0.003579	-0.004756	-248.000000	200.000000
2014-02-25	0.004206	-0.002382	0.007259	-0.004035	715.000000	300.000000
2014-02-24	-0.000670	0.000623	0.005625	-0.000823	-114.000000	300.000000
2014-02-21	0.001625	0.000918	0.007366	0.000135	276.000000	300.000000
2014-02-20	-0.001388	-0.000470	0.001834	-0.007755	-236.000000	400.000000
2014-02-19	-0.012839	-0.001114	-0.000615	-0.012839	-2212.000000	300.000000
2014-02-18	-0.000771	0.003329	0.003329	-0.003416	-133.000000	300.000000
2014-02-14	0.001179	-0.001463	0.009354	-0.003478	203.000000	300.000000
2014-02-13	0.012237	-0.002233	0.012243	-0.005078	2082.000000	400.000000
2014-02-12	-0.002199	0.002258	0.005307	-0.003607	-375.000000	300.000000
2014-02-11	0.008249	-0.001449	0.010969	-0.002247	1395.000000	400.000000
2014-02-10	0.000651	0.004083	0.006591	-0.005976	110.000000	400.000000
2014-02-07	0.018133	0.004361	0.019072	0.004361	3010.000000	600.000000
2014-02-06	0.011732	0.007466	0.012708	0.004663	1925.000000	300.000000
2014-02-05	-0.004502	0.002020	0.002020	-0.010794	-742.000000	400.000000
2014-02-04	-0.002711	0.002632	0.004629	-0.004629	-448.000000	500.000000
2014-02-03	-0.025049	0.000519	0.000519	-0.029503	-4246.000000	1000.000000
2014-01-31	-0.005509	-0.014274	-0.004840	-0.016498	-939.000000	700.000000
2014-01-30	0.010086	0.002679	0.010376	-0.003722	1702.000000	500.000000
2014-01-29	-0.002742	-0.002807	-0.001850	-0.007163	-464.000000	600.000000
2014-01-28	0.005957	0.004994	0.008977	0.002259	1002.000000	1000.000000
2014-01-27	-0.001721	-0.002071	0.002861	-0.005151	-290.000000	1000.000000
2014-01-24	-0.010628	-0.003723	-0.001820	-0.011133	-1810.000000	1200.000000
2014-01-23	-0.014951	-0.003268	-0.003268	-0.016744	-2585.000000	800.000000
2014-01-22	0.002290	0.003478	0.007536	0.000464	395.000000	300.000000
2014-01-21	0.000870	0.003481	0.004352	-0.005129	150.000000	500.000000
2014-01-17	-0.002448	0.001603	0.002836	-0.003884	-423.000000	400.000000
2014-01-16	-0.005136	0.001353	0.001923	-0.007463	-892.000000	300.000000
2014-01-15	0.008215	0.002496	0.008592	-0.001132	1415.000000	700.000000
2014-01-14	0.007941	0.001919	0.008280	-0.002171	1357.000000	300.000000
2014-01-13	-0.009546	0.002086	0.002121	-0.010374	-1647.000000	300.000000
2014-01-10	-0.002457	0.003671	0.003671	-0.007423	-425.000000	200.000000
2014-01-09	-0.001841	0.002747	0.003047	-0.003895	-319.000000	400.000000
2014-01-08	-0.005230	0.001406	0.001406	-0.006963	-911.000000	400.000000
2014-01-07	-0.001748	0.000504	0.005616	-0.002865	-305.000000	400.000000
2014-01-06	-0.010412	0.002178	0.004894	-0.010412	-1836.000000	500.000000
2014-01-03	0.000091	-0.000130	0.004254	-0.001180	16.000000	200.000000
2014-01-02	-0.008881	-0.002248	-0.000607	-0.010017	-1580.000000	300.000000
2013-12-31	0.004693	-0.000390	0.004975	-0.001559	831.000000	200.000000
2013-12-30	-0.000514	0.002484	0.002963	-0.002851	-91.000000	200.000000
2013-12-27	0.001470	-0.001018	0.002374	-0.001255	260.000000	200.000000
2013-12-26	0.005057	-0.000057	0.005057	-0.002273	890.000000	400.000000
2013-12-24	0.000637	0.000000	0.000938	-0.001950	112.000000	200.000000
2013-12-23	0.001697	-0.004271	0.001697	-0.005945	298.000000	400.000000
2013-12-20	0.005445	-0.001197	0.005445	-0.003487	951.000000	700.000000
2013-12-19	0.002290	-0.001549	0.003443	-0.004201	399.000000	400.000000
2013-12-18	0.022474	0.001121	0.022591	0.000469	3830.000000	700.000000
2013-12-17	-0.004201	-0.000345	0.000070	-0.004464	-719.000000	500.000000
2013-12-16	0.000228	0.002484	0.004892	-0.003214	39.000000	400.000000
2013-12-13	-0.002332	0.000000	0.004665	-0.002915	-400.000000	300.000000
2013-12-12	-0.000757	-0.000693	0.005390	-0.003088	-130.000000	300.000000
2013-12-11	-0.010607	0.000173	0.000865	-0.011287	-1840.000000	300.000000
2013-12-10	-0.012692	-0.001172	-0.000393	-0.013142	-2230.000000	500.000000
2013-12-09	0.004344	0.001915	0.006859	0.000343	760.000000	500.000000
2013-12-06	0.011214	0.005665	0.011561	0.004769	1940.000000	400.000000
2013-12-05	-0.002882	-0.004870	-0.000576	-0.005769	-500.000000	700.000000
2013-12-04	0.007953	-0.006280	0.007953	-0.006280	1369.000000	800.000000
2013-12-03	-0.004678	-0.004163	-0.002891	-0.010553	-809.000000	800.000000
2013-12-02	-0.010358	-0.001431	0.000687	-0.011479	-1810.000000	500.000000
2013-11-29	0.000716	0.003980	0.004610	-0.002021	125.000000	100.000000
2013-11-27	-0.001230	0.000915	0.003117	-0.005085	-215.000000	400.000000
2013-11-26	0.008822	0.001091	0.011136	0.001091	1529.000000	300.000000
2013-11-25	-0.008802	0.004718	0.005754	-0.009866	-1539.000000	800.000000
2013-11-22	0.001311	0.001300	0.007370	0.000452	229.000000	600.000000
2013-11-21	0.012413	0.002551	0.013103	-0.002209	2141.000000	400.000000
2013-11-20	-0.007366	-0.000771	0.000017	-0.010912	-1280.000000	300.000000
2013-11-19	-0.000288	-0.001668	0.002877	-0.003406	-50.000000	400.000000
2013-11-18	-0.002811	0.001727	0.002438	-0.004532	-490.000000	400.000000
2013-11-15	0.005654	0.001039	0.006479	-0.001817	980.000000	600.000000
2013-11-14	0.006796	0.002027	0.007261	0.000052	1170.000000	700.000000
2013-11-13	0.005484	-0.001507	0.006127	-0.001595	939.000000	400.000000
2013-11-12	-0.013108	-0.002450	-0.002283	-0.014093	-2274.000000	300.000000
2013-11-11	0.001640	0.004036	0.004584	-0.001247	284.000000	200.000000
2013-11-08	0.012339	-0.001642	0.015641	-0.005319	2111.000000	500.000000
2013-11-07	-0.006561	0.002787	0.004558	-0.008036	-1130.000000	300.000000
2013-11-06	0.002713	0.006527	0.006527	0.000344	466.000000	600.000000
2013-11-05	-0.001947	-0.001970	0.002998	-0.003568	-335.000000	200.000000
2013-11-04	-0.005967	0.003622	0.004661	-0.007838	-1033.000000	500.000000
2013-11-01	0.000740	0.001306	0.005815	-0.003012	128.000000	300.000000
2013-10-31	-0.007721	-0.000516	0.000918	-0.009017	-1346.000000	600.000000
2013-10-30	-0.009381	0.001119	0.002693	-0.009381	-1651.000000	500.000000
2013-10-29	0.003369	-0.001140	0.004048	-0.001437	591.000000	400.000000
2013-10-28	-0.000200	-0.000485	0.001870	-0.002257	-35.000000	400.000000
2013-10-25	0.002365	0.000000	0.003394	-0.001251	414.000000	400.000000
2013-10-24	0.002411	0.003614	0.007606	0.001964	421.000000	300.000000
2013-10-23	-0.008743	-0.001964	0.000000	-0.009566	-1540.000000	300.000000
2013-10-22	0.005825	0.005025	0.007081	0.002570	1020.000000	600.000000
2013-10-21	-0.001596	0.000000	0.000000	-0.003991	-280.000000	300.000000
2013-10-18	0.000650	0.004073	0.005785	-0.000137	114.000000	300.000000
2013-10-17	0.002367	-0.001893	0.005661	-0.004415	414.000000	400.000000
2013-10-16	0.017171	0.004072	0.018497	0.003792	2952.000000	400.000000
2013-10-15	-0.013088	-0.001320	-0.001320	-0.013783	-2280.000000	400.000000
2013-10-14	0.003427	-0.009211	0.003427	-0.010685	595.000000	600.000000
2013-10-11	0.006493	-0.001217	0.006685	-0.005154	1120.000000	900.000000
2013-10-10	0.025445	0.009477	0.025445	0.008412	4280.000000	500.000000
2013-10-09	0.004497	0.003720	0.006378	-0.005625	753.000000	400.000000
2013-10-08	-0.011820	0.001564	0.002526	-0.012245	-2003.000000	600.000000
2013-10-07	-0.007544	-0.006642	-0.000838	-0.012668	-1288.000000	600.000000
2013-10-04	0.004400	0.002382	0.008830	0.000529	748.000000	400.000000
2013-10-03	-0.008776	-0.002332	-0.002332	-0.013090	-1505.000000	600.000000
2013-10-02	0.002760	-0.005420	0.002795	-0.006859	472.000000	500.000000
2013-10-01	0.003627	0.000164	0.006995	-0.001232	618.000000	400.000000
2013-09-30	-0.010452	-0.009320	-0.006266	-0.014111	-1800.000000	400.000000
2013-09-27	-0.008007	-0.003514	-0.003514	-0.010530	-1390.000000	400.000000
2013-09-26	0.001338	0.000756	0.007002	-0.004338	232.000000	300.000000
2013-09-25	0.005032	0.000290	0.008638	-0.000377	868.000000	300.000000
2013-09-24	-0.005987	0.001786	0.001786	-0.007047	-1039.000000	300.000000
2013-09-23	-0.008349	0.000857	0.001714	-0.012571	-1461.000000	400.000000
2013-09-20	-0.004692	0.002133	0.005449	-0.004692	-825.000000	800.000000
2013-09-19	0.004686	0.003971	0.009114	-0.000143	820.000000	1000.000000
2013-09-18	0.009844	-0.000433	0.012851	-0.003860	1706.000000	900.000000
2013-09-17	0.004632	0.000928	0.007901	0.000586	799.000000	300.000000
2013-09-16	0.013782	0.007611	0.014369	0.006988	2345.000000	500.000000
2013-09-13	0.000912	0.000000	0.002682	-0.002894	155.000000	200.000000
2013-09-12	-0.007821	-0.004027	-0.001482	-0.009805	-1340.000000	400.000000
2013-09-11	0.004992	0.000065	0.005115	-0.002235	851.000000	500.000000
2013-09-10	0.009527	0.005720	0.010682	0.002605	1609.000000	500.000000
2013-09-09	0.007848	0.002596	0.008564	-0.001790	1315.000000	500.000000
2013-09-06	-0.004012	0.000951	0.003115	-0.012316	-675.000000	300.000000
2013-09-05	-0.000113	-0.000363	0.004095	-0.001539	-19.000000	300.000000
2013-09-04	0.001583	0.000637	0.004072	-0.004720	266.000000	300.000000
2013-09-03	0.005645	0.007680	0.013463	0.001497	943.000000	500.000000
2013-08-30	-0.005951	0.001047	0.001047	-0.010015	-1000.000000	300.000000
2013-08-29	-0.003173	-0.002165	0.011086	-0.004455	-535.000000	200.000000
2013-08-28	0.007380	-0.002091	0.011790	-0.002779	1235.000000	300.000000
2013-08-27	-0.021345	-0.005848	-0.004678	-0.023392	-3650.000000	600.000000
2013-08-26	-0.001868	0.003035	0.006071	-0.003035	-320.000000	500.000000
2013-08-23	-0.005145	0.002863	0.002863	-0.006068	-886.000000	300.000000
2013-08-22	0.008232	0.004391	0.012881	0.002225	1406.000000	500.000000
2013-08-21	-0.012717	-0.002699	-0.001983	-0.014798	-2200.000000	300.000000
2013-08-20	0.008740	0.000431	0.008740	-0.000840	1499.000000	300.000000
2013-08-19	-0.009363	-0.002900	0.000179	-0.009369	-1621.000000	200.000000
2013-08-16	0.001869	-0.004335	0.004057	-0.007228	323.000000	300.000000
2013-08-15	-0.011193	-0.004263	-0.002627	-0.015776	-1956.000000	600.000000
2013-08-14	-0.005520	0.000427	0.000603	-0.005520	-970.000000	300.000000
2013-08-13	-0.000131	0.001434	0.003977	-0.005525	-23.000000	300.000000
2013-08-12	0.003701	-0.003427	0.004911	-0.005186	648.000000	300.000000
2013-08-09	-0.008219	-0.001988	-0.000289	-0.009550	-1451.000000	200.000000
2013-08-08	0.007711	0.006147	0.009007	-0.000953	1351.000000	300.000000
2013-08-07	-0.009358	-0.002573	-0.002573	-0.011557	-1655.000000	300.000000
2013-08-06	-0.002510	-0.002256	0.001348	-0.007654	-445.000000	400.000000
2013-08-05	0.004533	0.011445	0.011598	0.001683	800.000000	400.000000
2013-08-02	0.004553	0.002846	0.005492	-0.002783	800.000000	600.000000
2013-08-01	0.010351	0.009776	0.021300	0.006325	1800.000000	900.000000
2013-07-31	0.001924	0.004229	0.009754	0.001907	334.000000	400.000000
2013-07-30	-0.005381	0.005415	0.006390	-0.005811	-939.000000	300.000000
2013-07-29	-0.008077	-0.001853	0.004695	-0.011061	-1421.000000	300.000000
2013-07-26	0.002764	-0.001773	0.002764	-0.011138	485.000000	24800.000000
2013-07-25	0.004926	-0.002182	0.008987	-0.006753	860.000000	34000.000000
2013-07-24	-0.015052	0.003233	0.004237	-0.018330	-2668.000000	43000.000000
2013-07-23	-0.005465	0.002373	0.002373	-0.005549	-974.000000	39100.000000
2013-07-22	-0.000292	0.003506	0.003506	-0.002350	-52.000000	21100.000000
2013-07-19	0.003360	0.000000	0.004812	-0.002656	597.000000	17400.000000
2013-07-18	0.007582	0.003459	0.007582	0.003459	1337.000000	46900.000000
2013-07-17	0.002798	0.003423	0.007182	0.002388	492.000000	26100.000000
2013-07-16	-0.000159	0.002064	0.006283	-0.001365	-28.000000	21300.000000
2013-07-15	0.002120	0.001356	0.003789	-0.001293	372.000000	21100.000000
2013-07-12	-0.000791	-0.002534	0.000843	-0.004185	-139.000000	27500.000000
2013-07-11	0.017607	0.007497	0.019669	0.004200	3039.000000	68800.000000
2013-07-10	-0.006538	-0.000236	-0.000236	-0.010573	-1136.000000	31100.000000
2013-07-09	0.007194	0.005681	0.007762	0.001159	1241.000000	48200.000000
2013-07-08	0.001736	0.004059	0.008966	0.000023	299.000000	41700.000000
2013-07-05	0.019086	0.005468	0.020027	0.005468	3225.000000	50200.000000
2013-07-03	0.001049	-0.003904	0.001244	-0.007577	177.000000	13800.000000
2013-07-02	-0.004852	0.001049	0.002228	-0.008100	-823.000000	31000.000000
2013-07-01	0.006062	0.003559	0.012343	0.002372	1022.000000	33000.000000
2013-06-28	-0.004288	-0.000189	-0.000189	-0.009963	-726.000000	46800.000000
2013-06-27	-0.000201	0.005279	0.007026	-0.000201	-34.000000	31700.000000
2013-06-26	0.006215	0.008258	0.011205	0.001117	1046.000000	49100.000000
2013-06-25	0.011265	0.006273	0.011902	0.000451	1875.000000	41900.000000
2013-06-24	-0.010470	-0.001195	0.000505	-0.021712	-1761.000000	49800.000000
2013-06-21	0.001787	0.006272	0.010750	-0.005807	300.000000	54200.000000
2013-06-20	-0.017853	-0.007540	-0.001187	-0.026130	-3052.000000	81600.000000
2013-06-19	-0.009439	0.000690	0.004740	-0.009439	-1629.000000	38800.000000
2013-06-18	-0.000747	0.000371	0.003462	-0.002403	-129.000000	55400.000000
2013-06-17	0.008473	0.005962	0.012104	-0.002388	1451.000000	71400.000000
2013-06-14	-0.007792	-0.001182	0.000052	-0.009293	-1345.000000	21900.000000
2013-06-13	0.020148	-0.000443	0.020148	-0.004143	3409.000000	41600.000000
2013-06-12	-0.005613	0.003955	0.008404	-0.006782	-955.000000	37600.000000
2013-06-11	-0.015763	-0.009834	-0.008567	-0.016631	-2725.000000	42000.000000
2013-06-10	-0.000145	0.004916	0.005263	-0.004101	-25.000000	42900.000000
2013-06-07	0.017795	0.002790	0.019891	0.002790	3023.000000	82000.000000
2013-06-06	0.014797	-0.000747	0.014797	-0.003823	2477.000000	47900.000000
2013-06-05	-0.014424	-0.000294	-0.000294	-0.019135	-2450.000000	66100.000000
2013-06-04	-0.006208	-0.001217	-0.000064	-0.009075	-1061.000000	59800.000000
2013-06-03	-0.002271	0.003503	0.004086	-0.009883	-389.000000	47400.000000
2013-05-31	-0.005226	0.001452	0.001452	-0.008124	-900.000000	39400.000000
2013-05-30	0.016517	0.003530	0.017934	0.003530	2798.000000	71800.000000
2013-05-29	0.005950	-0.003569	0.009192	-0.007488	1002.000000	36800.000000
2013-05-28	0.014336	0.014077	0.016016	0.009957	2380.000000	54700.000000
2013-05-24	-0.005749	-0.005049	-0.005049	-0.012217	-960.000000	47800.000000
2013-05-23	-0.003699	-0.013604	-0.000597	-0.020030	-620.000000	59300.000000
2013-05-22	-0.009392	-0.000526	0.005148	-0.015078	-1589.000000	72500.000000
2013-05-21	-0.000065	0.002955	0.004728	-0.002104	-11.000000	41700.000000
2013-05-20	-0.001181	0.000000	0.005018	-0.002603	-200.000000	39700.000000
2013-05-17	0.012534	0.007053	0.013479	0.001823	2097.000000	78700.000000
2013-05-16	-0.009690	-0.001421	-0.001421	-0.011815	-1637.000000	57900.000000
2013-05-15	-0.001932	-0.003184	0.001229	-0.006274	-327.000000	68900.000000
2013-05-14	0.011274	0.004600	0.011274	0.002521	1887.000000	55000.000000
2013-05-13	-0.002384	0.002545	0.004291	-0.003856	-400.000000	61900.000000
2013-05-10	0.010114	0.001204	0.010114	0.001204	1680.000000	53700.000000
2013-05-09	-0.001040	-0.001052	0.003566	-0.004619	-173.000000	29500.000000
2013-05-08	0.009612	0.001281	0.009612	-0.003279	1583.000000	71900.000000
2013-05-07	-0.001818	0.003691	0.003691	-0.004570	-300.000000	36100.000000
2013-05-06	0.012805	0.023916	0.024339	0.008263	2086.000000	71600.000000
2013-05-03	0.012726	0.009282	0.018115	0.009250	2047.000000	45000.000000
2013-05-02	0.007251	0.001121	0.007570	-0.000420	1158.000000	35900.000000
2013-05-01	0.004396	0.002264	0.009717	0.000629	699.000000	54900.000000
2013-04-30	-0.004383	0.001246	0.001565	-0.007827	-700.000000	54100.000000
2013-04-29	-0.005715	0.001133	0.001756	-0.005715	-918.000000	39400.000000
2013-04-26	-0.002528	0.001677	0.005030	-0.007856	-407.000000	45600.000000
2013-04-25	0.006721	0.003188	0.012623	0.002432	1075.000000	55500.000000
2013-04-24	-0.000188	0.000119	0.003032	-0.002375	-30.000000	34900.000000
2013-04-23	0.016766	0.004182	0.016893	0.004182	2638.000000	47100.000000
2013-04-22	-0.003288	0.002147	0.003985	-0.010332	-519.000000	31000.000000
2013-04-19	0.021582	0.008245	0.023582	0.001773	3335.000000	58600.000000
2013-04-18	-0.020127	-0.001585	-0.000856	-0.022543	-3174.000000	41300.000000
2013-04-17	-0.020497	-0.008696	-0.008385	-0.027615	-3300.000000	45300.000000
2013-04-16	0.025478	0.007382	0.026592	0.004936	4000.000000	55300.000000
2013-04-15	-0.021959	-0.003271	0.003246	-0.023872	-3525.000000	61600.000000
2013-04-12	0.003689	-0.001782	0.003689	-0.002964	590.000000	31100.000000
2013-04-11	0.003356	0.000627	0.006023	-0.001380	535.000000	49000.000000
2013-04-10	0.011614	0.001472	0.012249	-0.001079	1830.000000	42800.000000
2013-04-09	-0.002722	0.000949	0.001272	-0.005171	-430.000000	19700.000000
2013-04-08	0.010683	0.001599	0.010683	-0.005488	1670.000000	28400.000000
2013-04-05	-0.007788	-0.011374	-0.006455	-0.015950	-1227.000000	48000.000000
2013-04-04	0.007398	0.002174	0.012340	0.001189	1157.000000	46600.000000
2013-04-03	-0.007299	0.003491	0.003999	-0.009330	-1150.000000	48500.000000
2013-04-02	0.014795	0.004805	0.018853	0.003150	2297.000000	61800.000000
2013-04-01	-0.006572	-0.003071	0.002585	-0.009829	-1027.000000	30500.000000
2013-03-28	0.010671	0.002393	0.012960	-0.000517	1650.000000	39900.000000
2013-03-27	-0.006923	-0.002620	-0.002620	-0.010648	-1078.000000	22700.000000
2013-03-26	0.012511	0.002185	0.012511	0.001834	1924.000000	52400.000000
2013-03-25	0.000280	0.002335	0.006908	-0.005470	43.000000	28600.000000
2013-03-22	0.004843	0.000261	0.006595	-0.000183	741.000000	22000.000000
2013-03-21	-0.002588	-0.002067	0.002705	-0.004661	-397.000000	40300.000000
2013-03-20	0.005414	0.004123	0.008219	0.001763	826.000000	65900.000000
2013-03-19	-0.004372	0.002088	0.005214	-0.007916	-670.000000	60000.000000
2013-03-18	-0.001687	-0.001303	0.004893	-0.004020	-259.000000	70200.000000
2013-03-15	-0.015963	-0.005923	-0.002301	-0.015963	-2490.000000	156800.000000
2013-03-14	0.003596	0.003017	0.006588	0.000450	559.000000	49600.000000
2013-03-13	0.007030	0.001905	0.008060	0.001302	1085.000000	44100.000000
2013-03-12	-0.010463	0.001423	0.001584	-0.016445	-1632.000000	54500.000000
2013-03-11	0.003648	0.003468	0.005141	-0.001358	567.000000	58900.000000
2013-03-08	0.001295	0.006288	0.006288	-0.002642	201.000000	31900.000000
2013-03-07	0.000741	0.000026	0.002076	-0.002656	115.000000	46000.000000
2013-03-06	0.004339	0.003723	0.006113	-0.001405	670.000000	40700.000000
2013-03-05	0.009611	0.006826	0.014874	0.001602	1470.000000	57100.000000
2013-03-04	0.001342	-0.002435	0.001637	-0.012746	205.000000	97400.000000
2013-03-01	0.000983	-0.001547	0.005898	-0.011796	150.000000	51200.000000
2013-02-28	0.004502	0.003515	0.012000	0.002679	684.000000	87800.000000
2013-02-27	0.024245	0.000539	0.025479	0.000222	3596.000000	47900.000000
2013-02-26	-0.010540	-0.002508	-0.002008	-0.013009	-1580.000000	40600.000000
2013-02-25	-0.013874	0.001592	0.006585	-0.024959	-2109.000000	53900.000000
2013-02-22	0.010027	0.006611	0.012372	0.002684	1509.000000	48100.000000
2013-02-21	-0.003311	0.000013	0.002444	-0.006305	-500.000000	45100.000000
2013-02-20	-0.009823	0.001292	0.004341	-0.009823	-1498.000000	106300.000000
2013-02-19	0.015699	0.000726	0.015699	-0.000280	2357.000000	55100.000000
2013-02-15	0.006037	0.003853	0.025797	0.002546	901.000000	54600.000000
2013-02-14	0.010085	0.000000	0.013902	-0.001841	1490.000000	50000.000000
2013-02-13	0.004248	0.000007	0.004364	-0.000537	625.000000	46500.000000
2013-02-12	0.008846	0.002503	0.010471	0.001817	1290.000000	34900.000000
2013-02-11	-0.003682	-0.001052	0.001523	-0.003682	-539.000000	17300.000000
2013-02-08	0.000779	0.000410	0.002913	-0.005053	114.000000	26400.000000
2013-02-07	-0.003237	0.001424	0.004191	-0.003816	-475.000000	54900.000000
2013-02-06	-0.000613	-0.001532	0.001805	-0.002888	-90.000000	40600.000000
2013-02-05	0.012516	0.005993	0.015951	0.005993	1815.000000	39200.000000
2013-02-04	-0.014114	-0.000972	-0.000972	-0.014114	-2076.000000	27300.000000
2013-02-01	0.008302	0.006060	0.018420	0.001584	1211.000000	47700.000000
2013-01-31	0.002543	-0.001753	0.004433	-0.006529	370.000000	58400.000000
2013-01-30	-0.006758	0.000717	0.000717	-0.008362	-990.000000	40800.000000
2013-01-29	-0.001534	-0.000545	0.000613	-0.004907	-225.000000	57100.000000
2013-01-28	-0.003870	0.001256	0.001256	-0.005907	-570.000000	42400.000000
2013-01-25	0.007270	0.003235	0.007420	-0.001805	1063.000000	72000.000000
2013-01-24	0.004527	0.000460	0.011555	0.000460	659.000000	115800.000000
2013-01-23	0.005269	-0.000207	0.006112	-0.003833	763.000000	40700.000000
2013-01-22	0.009080	0.000578	0.009080	-0.003401	1303.000000	68500.000000
2013-01-18	0.000125	0.001505	0.002147	-0.005673	18.000000	85200.000000
2013-01-17	0.003637	0.001847	0.004498	-0.001581	520.000000	46400.000000
2013-01-16	-0.001683	-0.001432	-0.000412	-0.004923	-241.000000	49600.000000
2013-01-15	0.001434	-0.003189	0.002804	-0.006077	205.000000	41500.000000
2013-01-14	0.010422	0.001554	0.010726	-0.001449	1475.000000	37800.000000
2013-01-11	-0.001714	0.001636	0.001989	-0.002666	-243.000000	40200.000000
2013-01-10	0.012629	0.005357	0.014286	0.001764	1768.000000	55400.000000
2013-01-09	-0.007092	0.001333	0.002589	-0.008376	-1000.000000	39400.000000
2013-01-08	0.005778	0.000036	0.005778	-0.004323	810.000000	61700.000000
2013-01-07	-0.004354	0.001037	0.001037	-0.007613	-613.000000	60400.000000
2013-01-04	0.001807	0.002348	0.003237	-0.003572	254.000000	34700.000000
2013-01-03	0.006726	0.002793	0.013366	-0.002378	939.000000	100200.000000
2013-01-02	0.041399	0.020812	0.041526	0.020812	5550.000000	83200.000000
2012-12-31	0.007970	-0.003759	0.012000	-0.004511	1060.000000	119800.000000
2012-12-28	-0.006721	-0.001875	-0.001875	-0.007461	-900.000000	134500.000000
2012-12-27	-0.000202	0.002038	0.004271	-0.005988	-27.000000	135300.000000
2012-12-26	-0.005443	-0.000074	0.002079	-0.008533	-733.000000	90400.000000
2012-12-24	-0.001039	-0.003672	0.001499	-0.005912	-140.000000	69100.000000
2012-12-21	-0.008357	-0.005819	-0.001905	-0.010196	-1136.000000	111600.000000
2012-12-20	0.005444	-0.001072	0.007456	-0.001294	736.000000	158500.000000
2012-12-19	-0.003685	-0.005158	0.002321	-0.007222	-500.000000	147800.000000
2012-12-18	0.006303	0.000964	0.006303	-0.000742	850.000000	212700.000000
2012-12-17	0.007885	0.005232	0.009006	0.003924	1055.000000	146800.000000
2012-12-14	-0.003018	0.001304	0.002690	-0.004009	-405.000000	93000.000000
2012-12-13	0.001493	0.003731	0.005560	-0.003418	200.000000	145800.000000
2012-12-12	0.024222	0.002056	0.031942	0.002056	3169.000000	332700.000000
2012-12-11	0.000329	0.000543	0.004289	-0.002722	43.000000	90800.000000
2012-12-10	-0.002304	0.000000	0.000000	-0.004524	-302.000000	71600.000000
2012-12-07	-0.001143	0.001372	0.002316	-0.005639	-150.000000	45300.000000
2012-12-06	-0.001552	0.001910	0.002716	-0.005173	-204.000000	45700.000000
2012-12-05	0.004233	0.001207	0.007778	-0.002636	554.000000	64900.000000
2012-12-04	-0.007582	-0.000872	-0.000023	-0.008772	-1000.000000	44200.000000
2012-12-03	-0.000197	0.003464	0.007080	-0.001637	-26.000000	51900.000000
2012-11-30	0.000311	-0.000015	0.004133	-0.001956	41.000000	65900.000000
2012-11-29	-0.003145	0.003810	0.004785	-0.006017	-416.000000	47800.000000
2012-11-28	0.002174	-0.001545	0.003114	-0.007947	287.000000	94000.000000
2012-11-27	-0.003074	-0.000083	0.004116	-0.003096	-407.000000	48800.000000
2012-11-26	-0.001471	-0.002783	-0.000799	-0.005000	-195.000000	50200.000000
2012-11-23	0.009870	0.003107	0.009870	0.002970	1296.000000	23700.000000
2012-11-21	0.008502	0.000745	0.008587	-0.000253	1107.000000	60400.000000
2012-11-20	0.001562	0.001115	0.002169	-0.005138	203.000000	31600.000000
2012-11-19	0.005064	0.005296	0.009363	0.001438	655.000000	73700.000000
2012-11-16	0.009105	0.002317	0.009105	-0.005290	1167.000000	49700.000000
2012-11-15	0.000218	0.000000	0.006009	-0.003512	28.000000	58700.000000
2012-11-14	-0.006011	0.006360	0.006360	-0.008726	-775.000000	83200.000000
2012-11-13	0.005969	-0.002458	0.015215	-0.003909	765.000000	63600.000000
2012-11-12	0.004507	0.005212	0.007156	0.001630	575.000000	50700.000000
2012-11-09	0.005398	-0.000418	0.014484	-0.007486	685.000000	72600.000000
2012-11-08	-0.011367	0.001916	0.010533	-0.011367	-1459.000000	79800.000000
2012-11-07	-0.017708	-0.003581	-0.003405	-0.020746	-2314.000000	60500.000000
2012-11-06	0.002863	0.001658	0.005879	-0.002525	373.000000	68000.000000
2012-11-05	-0.001915	0.001570	0.001570	-0.018384	-250.000000	78000.000000
2012-11-02	-0.006469	0.009422	0.009422	-0.007595	-850.000000	28600.000000
2012-11-01	0.014633	0.004231	0.014887	0.002154	1895.000000	81600.000000
2012-10-31	-0.001696	0.005974	0.005974	-0.003554	-220.000000	100900.000000
2012-10-26	-0.006563	0.002428	0.002428	-0.008477	-857.000000	56800.000000
2012-10-25	0.001050	0.004715	0.004715	-0.001510	137.000000	46100.000000
2012-10-24	-0.000957	0.006027	0.007544	-0.002336	-125.000000	48800.000000
2012-10-23	-0.015376	-0.010248	-0.007609	-0.017706	-2039.000000	78900.000000
2012-10-22	-0.009205	-0.001479	0.001188	-0.015249	-1232.000000	61800.000000
2012-10-19	-0.011514	-0.000369	0.000170	-0.019202	-1559.000000	47700.000000
2012-10-18	-0.002696	0.000250	0.004265	-0.002696	-366.000000	76800.000000
2012-10-17	0.006793	-0.003337	0.007408	-0.003337	916.000000	74900.000000
2012-10-16	0.009319	0.002956	0.010217	0.002956	1245.000000	35600.000000
2012-10-15	0.008324	0.001872	0.010211	-0.000543	1103.000000	29300.000000
2012-10-12	-0.003842	0.005466	0.009879	-0.005052	-511.000000	32400.000000
2012-10-11	-0.000398	0.010025	0.010025	-0.000421	-53.000000	19300.000000
2012-10-10	-0.006080	0.000000	0.001755	-0.008067	-814.000000	29400.000000
2012-10-09	-0.011226	-0.001477	0.002216	-0.011226	-1520.000000	40200.000000
2012-10-08	-0.001143	0.000347	0.002656	-0.002766	-155.000000	28100.000000
2012-10-05	0.002025	0.004576	0.006054	-0.000917	274.000000	59300.000000
2012-10-04	0.009070	0.003058	0.012382	0.002954	1216.000000	69800.000000
2012-10-03	0.006290	0.002049	0.009255	-0.003055	838.000000	50500.000000
2012-10-02	0.001707	0.004511	0.006850	-0.003045	227.000000	41000.000000
2012-10-01	0.002261	-0.000528	0.011944	-0.000528	300.000000	67200.000000
2012-09-28	0.002205	-0.000249	0.002258	-0.009033	292.000000	72600.000000
2012-09-27	-0.000619	0.003849	0.003849	-0.002830	-82.000000	63200.000000
2012-09-26	0.000038	-0.002159	0.008341	-0.002159	5.000000	39200.000000
2012-09-25	-0.004127	0.002360	0.007825	-0.006495	-549.000000	47700.000000
2012-09-24	-0.011517	-0.008017	-0.000364	-0.011770	-1550.000000	38500.000000
2012-09-21	0.005739	0.005037	0.008041	0.000882	768.000000	38700.000000
2012-09-20	0.003871	-0.008815	0.006789	-0.010240	516.000000	49000.000000
2012-09-19	0.003025	-0.001377	0.006862	-0.001377	402.000000	63600.000000
2012-09-18	0.001605	-0.002525	0.001605	-0.002721	213.000000	37300.000000
2012-09-17	-0.002368	-0.002256	0.000759	-0.003835	-315.000000	42000.000000
2012-09-14	0.001122	-0.000008	0.007061	-0.006368	149.000000	85500.000000
2012-09-13	0.020753	-0.002920	0.020753	-0.002920	2701.000000	86900.000000
2012-09-12	-0.000154	-0.004456	0.002842	-0.007260	-20.000000	52800.000000
2012-09-11	0.003624	0.004202	0.005143	0.000015	470.000000	43200.000000
2012-09-10	-0.001862	0.000146	0.005964	-0.001862	-242.000000	39800.000000
2012-09-07	0.002662	0.002238	0.003411	0.000100	345.000000	90900.000000
2012-09-06	0.014299	0.002191	0.014299	0.002191	1827.000000	80900.000000
2012-09-05	0.011807	0.000285	0.013629	0.000285	1491.000000	68700.000000
