2017-09-01	0.002196	0.007265	0.008279	0.000929	0.259994	657900.000000
2017-08-31	0.005180	0.009086	0.009851	0.002972	0.610001	897500.000000
2017-08-30	0.007788	0.007103	0.011896	0.005563	0.910004	1044800.000000
2017-08-29	0.008980	0.005613	0.010103	0.004490	1.040000	1023100.000000
2017-08-28	-0.005837	0.003005	0.003005	-0.007554	-0.680000	753200.000000
2017-08-25	0.005351	0.005523	0.008803	0.001726	0.619995	756900.000000
2017-08-24	-0.001895	0.003876	0.004738	-0.002670	-0.219993	1153300.000000
2017-08-23	-0.006844	-0.006844	-0.003165	-0.008555	-0.800003	1162800.000000
2017-08-22	0.001113	-0.001799	0.004368	-0.003255	0.129997	1370500.000000
2017-08-21	0.003955	0.008255	0.009372	0.001462	0.459999	992900.000000
2017-08-18	-0.004877	-0.004535	-0.001455	-0.007958	-0.570000	1449400.000000
2017-08-17	-0.007473	0.004416	0.006115	-0.007643	-0.879997	873800.000000
2017-08-16	0.006152	0.005298	0.008801	0.002136	0.720001	1419200.000000
2017-08-15	0.005326	0.002062	0.005498	-0.000258	0.619995	923900.000000
2017-08-14	0.005094	0.010188	0.012088	0.004835	0.590004	661200.000000
2017-08-11	-0.002068	-0.001120	0.005428	-0.005773	-0.239998	1332200.000000
2017-08-10	-0.013431	-0.011476	-0.006460	-0.014111	-1.580001	1367500.000000
2017-08-09	-0.009931	-0.011362	-0.006060	-0.012456	-1.180001	2470600.000000
2017-08-08	-0.005940	-0.002761	0.001088	-0.009705	-0.709999	978700.000000
2017-08-07	-0.004166	-0.007415	-0.000167	-0.007748	-0.500000	510900.000000
2017-08-04	0.002003	0.001920	0.004341	-0.003924	0.239998	886700.000000
2017-08-03	0.008673	0.009178	0.014399	-0.000421	1.029999	1084700.000000
2017-08-02	-0.008847	-0.002170	-0.001085	-0.011684	-1.059998	2525800.000000
2017-08-01	-0.006962	-0.005387	-0.002652	-0.011437	-0.840004	1349100.000000
2017-07-31	-0.004291	0.003383	0.004539	-0.010315	-0.519996	1105600.000000
2017-07-28	-0.013513	-0.015630	-0.006920	-0.018154	-1.659996	2116000.000000
2017-07-27	0.061620	0.055570	0.071731	0.051940	7.129997	7421100.000000
2017-07-26	0.015356	0.011846	0.020007	0.010179	1.750000	2802000.000000
2017-07-25	0.001670	0.008350	0.009053	-0.001758	0.190002	1022900.000000
2017-07-24	-0.008454	-0.006188	-0.004793	-0.010110	-0.970001	999400.000000
2017-07-21	-0.006666	-0.004762	-0.001125	-0.009350	-0.770004	1405600.000000
2017-07-20	0.006097	0.009407	0.015417	0.002961	0.700004	1981200.000000
2017-07-19	0.002795	-0.002184	0.002795	-0.005590	0.320000	780600.000000
2017-07-18	0.002627	0.002277	0.005605	-0.000701	0.299996	911400.000000
2017-07-17	-0.000875	-0.000262	0.006475	-0.001750	-0.099999	2205500.000000
2017-07-14	0.010969	0.007873	0.012472	0.003981	1.239998	1115600.000000
2017-07-13	0.004800	0.004089	0.005866	0.001866	0.540001	631900.000000
2017-07-12	0.012965	0.008553	0.017827	0.008373	1.440002	919200.000000
2017-07-11	-0.006174	-0.014316	-0.003221	-0.017985	-0.690002	1892100.000000
2017-07-10	0.008482	0.011460	0.016243	0.007219	0.940002	1138500.000000
2017-07-07	0.004077	-0.000544	0.007792	-0.001359	0.449997	1381600.000000
2017-07-06	0.003364	-0.006727	0.004909	-0.009364	0.370003	3441900.000000
2017-07-05	-0.003804	-0.002445	-0.002355	-0.007788	-0.419998	817200.000000
2017-07-03	0.000544	-0.003262	0.002356	-0.004893	0.059997	496800.000000
2017-06-30	-0.002711	0.005332	0.005693	-0.004518	-0.300003	1462700.000000
2017-06-29	-0.026737	-0.013105	-0.012665	-0.033597	-3.039993	3108100.000000
2017-06-28	0.000704	0.002288	0.004137	-0.002112	0.079994	910100.000000
2017-06-27	-0.002633	0.001580	0.004477	-0.002985	-0.299995	795600.000000
2017-06-26	0.005472	0.014828	0.016417	0.005031	0.619995	853500.000000
2017-06-23	-0.000441	-0.003441	0.000970	-0.006087	-0.049995	908400.000000
2017-06-22	-0.004129	0.001406	0.002636	-0.004656	-0.470002	1445900.000000
2017-06-21	-0.003153	-0.001752	0.002190	-0.004992	-0.360000	1093200.000000
2017-06-20	0.000263	0.009812	0.010600	-0.002716	0.029998	1050600.000000
2017-06-19	0.002195	0.004478	0.006321	0.000878	0.250000	957100.000000
2017-06-16	0.006095	0.006978	0.007950	0.000618	0.690003	967200.000000
2017-06-15	-0.006756	-0.011318	-0.002632	-0.014038	-0.770004	952500.000000
2017-06-14	0.000878	0.006849	0.007727	-0.002898	0.100006	818300.000000
2017-06-13	0.008144	0.004692	0.011420	0.002921	0.919998	716300.000000
2017-06-12	-0.004758	0.000000	0.000000	-0.007313	-0.540001	1414800.000000
2017-06-09	-0.008560	-0.009958	-0.005765	-0.011530	-0.980003	1729400.000000
2017-06-08	-0.022791	-0.014853	-0.013487	-0.030132	-2.669999	4617300.000000
2017-06-07	-0.007372	-0.001356	0.002627	-0.013133	-0.869995	1504700.000000
2017-06-06	-0.003210	-0.008615	-0.000422	-0.008784	-0.380005	697300.000000
2017-06-05	0.001607	-0.001946	0.002199	-0.004991	0.190003	651800.000000
2017-06-02	0.007157	0.010139	0.012269	0.004090	0.839996	739200.000000
2017-06-01	0.003591	-0.001368	0.005729	-0.003164	0.420006	1013500.000000
2017-05-31	0.002142	0.006855	0.011568	0.000171	0.250000	1097000.000000
2017-05-30	-0.015107	-0.013756	-0.011225	-0.016879	-1.790001	2070300.000000
2017-05-26	0.001098	-0.011659	0.001183	-0.012166	0.129997	973000.000000
2017-05-25	-0.001434	0.001856	0.002278	-0.002531	-0.169998	867100.000000
2017-05-24	-0.000506	-0.002445	-0.000169	-0.008348	-0.059997	963700.000000
2017-05-23	0.001436	0.001013	0.003969	-0.001267	0.169998	765700.000000
2017-05-22	0.003474	0.006525	0.007118	0.001695	0.409996	1059700.000000
2017-05-19	0.008632	0.006325	0.012821	0.005897	1.010002	1479200.000000
2017-05-18	-0.021002	-0.031964	-0.020500	-0.036650	-2.510002	5584700.000000
2017-05-17	-0.007804	0.000581	0.004898	-0.008634	-0.939995	1349600.000000
2017-05-16	0.006939	0.003093	0.007189	-0.000251	0.829994	1020700.000000
2017-05-15	-0.001752	-0.000501	0.000334	-0.004340	-0.209999	1131700.000000
2017-05-12	0.007906	0.004963	0.011103	0.000336	0.940003	1373800.000000
2017-05-11	-0.000840	-0.003446	0.000924	-0.004790	-0.099999	823500.000000
2017-05-10	-0.001007	-0.004534	0.000504	-0.004534	-0.120003	1068800.000000
2017-05-09	0.000000	0.002938	0.003778	-0.003442	0.000000	1322700.000000
2017-05-08	-0.012191	-0.006883	-0.006552	-0.014181	-1.470001	1448100.000000
2017-05-05	0.009291	0.001507	0.009542	-0.000921	1.110001	2943700.000000
2017-05-04	0.056883	0.043878	0.059006	0.042109	6.430000	3969200.000000
2017-05-03	0.006859	0.014340	0.016567	0.004097	0.770004	3183900.000000
2017-05-02	0.007810	0.005117	0.010413	0.001885	0.869995	1280000.000000
2017-05-01	0.002520	0.000720	0.008819	-0.001080	0.279999	1672700.000000
2017-04-28	0.008999	0.021621	0.030520	0.020985	0.991089	1878700.000000
2017-04-27	0.000267	0.017716	0.021894	0.015264	0.029442	1669200.000000
2017-04-26	-0.015098	0.013264	0.015411	0.001008	-1.687798	2002400.000000
2017-04-25	0.012172	0.026050	0.035195	0.023334	1.344346	2332800.000000
2017-04-24	0.039435	0.052866	0.062654	0.052678	4.190063	2937300.000000
2017-04-21	-0.007425	0.014221	0.017023	0.008429	-0.794830	1880500.000000
2017-04-20	-0.007822	0.017039	0.017132	0.009532	-0.843903	1730600.000000
2017-04-19	-0.007851	0.012549	0.016780	0.009055	-0.853714	2353500.000000
2017-04-18	0.003986	0.016032	0.024618	0.016032	0.431763	1162300.000000
2017-04-17	0.012382	0.024874	0.032351	0.023004	1.324730	1003700.000000
2017-04-13	-0.010976	0.014919	0.015843	0.007893	-1.187348	804100.000000
2017-04-12	0.001817	0.013800	0.021116	0.012596	0.196251	991800.000000
2017-04-11	-0.005693	0.017053	0.020552	0.008857	-0.618202	1136900.000000
2017-04-10	0.006640	0.018708	0.028719	0.018244	0.716331	961700.000000
2017-04-07	-0.004978	0.013637	0.018248	0.013176	-0.539703	1470500.000000
2017-04-06	0.000091	0.019078	0.020278	0.016127	0.009812	1079300.000000
2017-04-05	-0.003338	0.016045	0.022480	0.010804	-0.363068	1411800.000000
2017-04-04	0.000993	0.015582	0.020827	0.013925	0.107941	757900.000000
2017-04-03	0.008929	0.018429	0.028642	0.018429	0.961647	1133000.000000
2017-03-31	-0.004535	0.014272	0.019725	0.012147	-0.490639	1339600.000000
2017-03-30	-0.009611	0.008277	0.013769	0.003426	-1.049965	3030200.000000
2017-03-29	-0.001793	0.009393	0.019901	0.007109	-0.196259	1981100.000000
2017-03-28	0.001437	0.017614	0.023928	0.015967	0.157006	922500.000000
2017-03-27	0.004600	0.022755	0.026249	0.017700	0.500450	1117200.000000
2017-03-24	-0.001081	0.018344	0.019354	0.013753	-0.117752	933700.000000
2017-03-23	0.000361	0.013751	0.022845	0.013108	0.039253	958100.000000
2017-03-22	-0.005201	0.017799	0.018256	0.011220	-0.569138	1066200.000000
2017-03-21	-0.003841	0.025268	0.028819	0.013981	-0.421951	1294300.000000
2017-03-20	0.001790	0.020629	0.025371	0.017437	0.196251	1249000.000000
2017-03-17	0.008119	0.027628	0.034523	0.025054	0.883156	2546300.000000
2017-03-16	0.020342	0.031461	0.040653	0.028646	2.168625	2920300.000000
2017-03-15	0.013055	0.021264	0.034948	0.016513	1.373787	1480500.000000
2017-03-14	-0.006393	0.014924	0.018418	0.011053	-0.677079	987800.000000
2017-03-13	0.002974	0.013302	0.022772	0.012639	0.314003	1236600.000000
2017-03-10	0.007490	0.019078	0.029764	0.019078	0.785027	1743700.000000
2017-03-09	0.007451	0.020713	0.027826	0.018598	0.775215	1410600.000000
2017-03-08	-0.015508	0.010467	0.012927	0.001004	-1.638740	2846100.000000
2017-03-07	0.004290	0.012046	0.029627	0.007674	0.451385	4399100.000000
2017-03-06	-0.013796	0.011580	0.013736	0.003801	-1.471916	1897900.000000
2017-03-03	0.027208	0.031498	0.049020	0.030728	2.826088	2838000.000000
2017-03-02	-0.037202	-0.012438	-0.007432	-0.021058	-4.013436	5856400.000000
2017-03-01	0.004110	0.021126	0.025501	0.017962	0.441575	2410800.000000
2017-02-28	0.001372	0.013766	0.021781	0.011436	0.147193	1115600.000000
2017-02-27	0.000732	0.016280	0.020851	0.015814	0.078499	1086000.000000
2017-02-24	0.004597	0.018423	0.024700	0.016080	0.490639	924700.000000
2017-02-23	-0.003664	0.016278	0.020572	0.014784	-0.392509	1004500.000000
2017-02-22	-0.001555	0.003512	0.019731	0.003512	-0.166817	1561500.000000
2017-02-21	0.004687	0.021888	0.025446	0.020109	0.500450	1395500.000000
2017-02-17	0.000460	0.017486	0.022358	0.014488	0.049072	1801800.000000
2017-02-16	0.007596	0.020872	0.027669	0.019078	0.804650	934800.000000
2017-02-15	-0.004519	0.006768	0.016071	0.004982	-0.480835	1746800.000000
2017-02-14	0.015166	0.023849	0.035678	0.017170	1.589676	2268400.000000
2017-02-13	0.008878	0.025142	0.029858	0.023025	0.922401	893100.000000
2017-02-10	-0.004513	0.010647	0.020995	0.009976	-0.471016	1806600.000000
2017-02-09	0.004344	0.019078	0.026969	0.019078	0.451386	1525800.000000
2017-02-08	0.004839	0.027588	0.029135	0.022560	0.500457	1640100.000000
2017-02-07	0.003619	0.022378	0.024222	0.020146	0.372879	1329100.000000
2017-02-06	-0.002754	0.017143	0.017336	0.012207	-0.284568	1216900.000000
2017-02-03	0.007752	0.033610	0.036536	0.026686	0.794838	1487700.000000
2017-02-02	0.001342	0.026501	0.030505	0.016930	0.137382	1570200.000000
2017-02-01	0.000863	0.013703	0.024259	0.012139	0.088310	1119900.000000
2017-01-31	-0.002201	0.015275	0.018786	0.012544	-0.225692	1143000.000000
2017-01-30	-0.006466	0.007354	0.015203	0.007063	-0.667267	1206100.000000
2017-01-27	0.003435	0.027343	0.028315	0.021898	0.353264	1167100.000000
2017-01-26	-0.013089	0.012361	0.014472	0.005069	-1.363984	1486600.000000
2017-01-25	0.000377	0.021382	0.023302	0.017062	0.039246	1043700.000000
2017-01-24	-0.000753	0.017256	0.020134	0.013707	-0.078491	854300.000000
2017-01-23	0.008065	0.026814	0.029232	0.019465	0.834083	1268300.000000
2017-01-20	0.005054	0.027436	0.028117	0.021411	0.520073	1434700.000000
2017-01-19	-0.004840	0.021013	0.021786	0.012889	-0.500450	977500.000000
2017-01-18	-0.008282	0.013995	0.015242	0.008912	-0.863525	998100.000000
2017-01-17	0.003684	0.012821	0.023218	0.012436	0.382698	1554900.000000
2017-01-13	-0.000755	0.019752	0.020810	0.012633	-0.078507	1070700.000000
2017-01-12	0.007513	0.028286	0.029061	0.021501	0.775215	1513000.000000
2017-01-11	-0.002656	0.017629	0.022751	0.009219	-0.274757	1160000.000000
2017-01-10	-0.004814	0.020233	0.022060	0.012922	-0.500458	1222200.000000
2017-01-09	0.000094	0.022061	0.022830	0.013980	0.009819	1188900.000000
2017-01-06	-0.008146	0.010968	0.013735	0.008869	-0.853714	1424400.000000
2017-01-05	0.015016	0.025180	0.038739	0.023921	1.550423	2046200.000000
2017-01-04	0.006505	0.030191	0.030191	0.022588	0.667267	1816300.000000
2017-01-03	-0.008536	0.012699	0.012699	0.004291	-0.883156	1606900.000000
2016-12-30	0.005244	0.029669	0.031806	0.020244	0.539711	1721200.000000
2016-12-29	0.009528	0.026435	0.029181	0.024571	0.971466	1079700.000000
2016-12-28	-0.000192	0.014273	0.021334	0.013979	-0.019623	1031700.000000
2016-12-27	0.004155	0.030698	0.030797	0.020949	0.421944	1357800.000000
2016-12-23	0.006516	0.024728	0.026710	0.022052	0.657455	792000.000000
2016-12-22	-0.007625	0.016521	0.016915	0.009341	-0.775207	1678700.000000
2016-12-21	0.006118	0.027193	0.030162	0.021157	0.618202	1545700.000000
2016-12-20	0.002434	0.024733	0.025725	0.018781	0.245323	1817000.000000
2016-12-19	-0.002621	0.027389	0.027587	0.014329	-0.264946	1543300.000000
2016-12-16	0.014179	0.031922	0.038043	0.028511	1.413048	1995700.000000
2016-12-15	-0.013118	0.000065	0.011255	-0.000826	-1.324737	2282800.000000
2016-12-14	-0.020371	0.020825	0.022959	-0.005853	-2.099938	3553200.000000
2016-12-13	0.013116	0.033821	0.038833	0.029988	1.334541	2008000.000000
2016-12-12	0.001449	0.026460	0.027641	0.014059	0.147194	1553900.000000
2016-12-09	0.008670	0.025730	0.028013	0.021858	0.873337	2199100.000000
2016-12-08	-0.016197	0.004526	0.006772	-0.002995	-1.658356	2534000.000000
2016-12-07	0.002787	0.017903	0.026130	0.015944	0.284569	2525700.000000
2016-12-06	0.007651	0.024210	0.027862	0.018684	0.775208	2500000.000000
2016-12-05	0.018444	0.040186	0.041392	0.032949	1.834991	2705500.000000
2016-12-02	0.014813	0.018568	0.035194	0.018262	1.452294	2559200.000000
2016-12-01	-0.032536	-0.003026	-0.001447	-0.030163	-3.297089	7462000.000000
2016-11-30	-0.014693	0.026663	0.027732	0.002160	-1.511169	2574800.000000
2016-11-29	-0.000095	0.017231	0.021217	0.014801	-0.009819	2576100.000000
2016-11-28	0.009438	0.021434	0.029481	0.020649	0.961654	2275500.000000
2016-11-25	0.014062	0.042565	0.042565	0.032115	1.413040	1360200.000000
2016-11-23	-0.002533	0.017987	0.021957	0.015207	-0.255134	1869000.000000
2016-11-22	-0.006484	0.012471	0.016317	0.009808	-0.657456	3591500.000000
2016-11-21	0.014232	0.022279	0.036783	0.021979	1.422859	3722100.000000
2016-11-18	-0.010874	0.009778	0.010570	-0.000709	-1.099037	3579200.000000
2016-11-17	0.007138	0.028246	0.033826	0.026253	0.716339	4376200.000000
2016-11-16	-0.008820	0.012560	0.023622	0.007523	-0.892967	2955300.000000
2016-11-15	0.011767	0.019878	0.032269	0.018679	1.177529	2925700.000000
2016-11-14	-0.038387	-0.000630	0.001772	-0.025518	-3.994782	6424100.000000
2016-11-11	-0.006452	0.025574	0.034835	0.021564	-0.675743	5567900.000000
2016-11-10	-0.034096	0.012001	0.014122	-0.012160	-3.697327	6072800.000000
2016-11-09	-0.028287	0.019755	0.019755	-0.014475	-3.156723	3942400.000000
2016-11-08	0.022647	0.044682	0.060628	0.044041	2.471314	2836700.000000
2016-11-07	0.008475	0.040783	0.046328	0.034684	0.917099	3028900.000000
2016-11-04	-0.002758	0.042060	0.043627	0.030816	-0.299271	2377500.000000
2016-11-03	-0.019111	0.022687	0.023139	0.014280	-2.114120	3246400.000000
2016-11-02	-0.003479	0.038047	0.038588	0.028859	-0.386147	1857300.000000
2016-11-01	-0.004329	0.042433	0.043509	0.027275	-0.482674	1805300.000000
2016-10-31	-0.011554	0.024626	0.025335	0.013100	-1.303237	2365200.000000
2016-10-28	-0.038037	0.010470	0.013881	-0.004114	-4.459961	5399200.000000
2016-10-27	-0.000823	0.043640	0.045344	0.030346	-0.096527	1777600.000000
2016-10-26	-0.017935	0.016386	0.023918	0.013624	-2.143097	2513800.000000
2016-10-25	-0.010393	0.035885	0.035885	0.022800	-1.254975	1477800.000000
2016-10-24	-0.013331	0.030329	0.032208	0.019706	-1.631447	1294100.000000
2016-10-21	-0.005257	0.031821	0.034910	0.028163	-0.646797	1194200.000000
2016-10-20	-0.009867	0.027193	0.032585	0.021076	-1.226005	1463600.000000
2016-10-19	0.005861	0.041633	0.043657	0.037666	0.724022	1535100.000000
2016-10-18	-0.001950	0.038147	0.038632	0.030876	-0.241341	1873400.000000
2016-10-17	-0.003420	0.033389	0.036207	0.028397	-0.424751	1108400.000000
2016-10-14	0.010764	0.043210	0.050616	0.041257	1.322540	1084200.000000
2016-10-13	-0.000707	0.034096	0.039464	0.028159	-0.086891	1198000.000000
2016-10-12	-0.006242	0.031278	0.032814	0.023924	-0.772278	1317800.000000
2016-10-11	0.005334	0.040029	0.043848	0.033366	0.656441	1235700.000000
2016-10-10	0.001886	0.033362	0.045980	0.032222	0.231689	996400.000000
2016-10-07	-0.000079	0.033932	0.037350	0.025710	-0.009659	1109800.000000
2016-10-06	-0.015473	0.023864	0.029634	0.018976	-1.930710	1583300.000000
2016-10-05	0.004195	0.041518	0.043530	0.037334	0.521286	1846200.000000
2016-10-04	-0.001474	0.040707	0.043278	0.031867	-0.183418	1640800.000000
2016-10-03	-0.019024	0.026426	0.028475	0.015784	-2.413391	1426300.000000
2016-09-30	0.001906	0.032647	0.041809	0.030673	0.241333	1477400.000000
2016-09-29	-0.017086	0.027501	0.028588	0.014304	-2.201012	3480600.000000
2016-09-28	0.011829	0.038163	0.049710	0.038163	1.505959	2214200.000000
2016-09-27	-0.002421	0.025307	0.038628	0.024602	-0.308907	2086600.000000
2016-09-26	0.015673	0.040422	0.083000	0.034532	1.969323	3041200.000000
2016-09-23	0.000769	0.033575	0.040345	0.032938	0.096542	777000.000000
2016-09-22	0.021681	0.059728	0.065017	0.057856	2.664375	1355500.000000
2016-09-21	0.011281	0.033252	0.049216	0.033087	1.370819	706900.000000
2016-09-20	0.004629	0.045475	0.045806	0.040680	0.559899	506300.000000
2016-09-19	0.009751	0.046070	0.050160	0.041061	1.168091	815000.000000
2016-09-16	-0.003773	0.033307	0.035220	0.027319	-0.453713	762200.000000
2016-09-15	0.014497	0.041200	0.052253	0.036391	1.718331	833300.000000
2016-09-14	0.001877	0.034871	0.042478	0.033180	0.222030	629300.000000
2016-09-13	-0.018029	0.026589	0.032316	0.014138	-2.172058	1194000.000000
2016-09-12	0.012740	0.032439	0.050680	0.032439	1.515610	1209300.000000
2016-09-09	-0.026312	0.027455	0.028437	0.008629	-3.214630	1331500.000000
2016-09-08	-0.006360	0.035072	0.038488	0.028322	-0.781952	649200.000000
2016-09-07	-0.004455	0.040095	0.040986	0.030460	-0.550255	757500.000000
2016-09-06	0.009309	0.041279	0.046999	0.039399	1.139130	784800.000000
2016-09-02	0.015624	0.052485	0.054062	0.049248	1.882446	824600.000000
2016-09-01	0.006289	0.032962	0.044488	0.030373	0.752975	633700.000000
2016-08-31	-0.010688	0.033737	0.034398	0.022087	-1.293579	1428500.000000
2016-08-30	-0.007678	0.033016	0.035065	0.025964	-0.936386	687500.000000
2016-08-29	0.004772	0.033990	0.042723	0.033661	0.579209	411900.000000
2016-08-26	-0.000477	0.050542	0.054495	0.031768	-0.057923	697000.000000
2016-08-25	-0.000556	0.038519	0.041646	0.034651	-0.067581	381200.000000
2016-08-24	-0.004587	0.030724	0.033100	0.026300	-0.559898	621600.000000
2016-08-23	0.007971	0.049510	0.051574	0.043977	0.965355	724900.000000
2016-08-22	-0.007359	0.027689	0.031705	0.026705	-0.897782	705200.000000
2016-08-19	-0.003391	0.030004	0.035477	0.027063	-0.415108	920400.000000
2016-08-18	0.002134	0.035885	0.038914	0.034575	0.260651	536100.000000
2016-08-17	0.004286	0.037118	0.042133	0.031446	0.521294	703200.000000
2016-08-16	0.002786	0.037204	0.040172	0.032917	0.337875	683900.000000
2016-08-15	-0.004279	0.038348	0.038840	0.031370	-0.521294	782100.000000
2016-08-12	0.012761	0.046111	0.049935	0.044448	1.534920	1283100.000000
2016-08-11	0.007683	0.039823	0.045519	0.037896	0.917084	793500.000000
2016-08-10	0.004386	0.040008	0.044468	0.037652	0.521294	822700.000000
2016-08-09	0.001464	0.038076	0.040183	0.035295	0.173767	1981900.000000
2016-08-08	-0.007428	0.031954	0.035634	0.026099	-0.888123	1368000.000000
2016-08-05	-0.000646	0.028279	0.037891	0.027359	-0.077232	1654200.000000
2016-08-04	0.002264	0.032115	0.042085	0.031613	0.270294	1346900.000000
2016-08-03	-0.007863	0.034805	0.036051	0.023501	-0.946045	1296600.000000
2016-08-02	-0.004791	0.042503	0.042916	0.028606	-0.579224	1355100.000000
2016-08-01	-0.032525	0.015558	0.016998	0.000433	-4.064155	2087700.000000
2016-07-29	0.027954	0.040245	0.068298	0.034404	3.398071	3001000.000000
2016-07-28	0.032639	0.036990	0.071055	0.031128	3.842117	5034200.000000
2016-07-27	-0.036809	0.027785	0.028521	-0.005599	-4.498565	4384400.000000
2016-07-26	0.005081	0.048221	0.049208	0.040737	0.617828	1685200.000000
2016-07-25	-0.001269	0.039499	0.039499	0.031861	-0.154457	544500.000000
2016-07-22	0.013012	0.041127	0.051444	0.040461	1.563881	1333900.000000
2016-07-21	-0.013627	0.024806	0.029894	0.019635	-1.660416	1781000.000000
2016-07-20	0.013083	0.024162	0.064653	0.023996	1.573532	3086600.000000
2016-07-19	-0.010641	0.027330	0.030045	0.022312	-1.293579	1053600.000000
2016-07-18	0.003986	0.034812	0.041336	0.034233	0.482682	1376400.000000
2016-07-15	-0.007360	0.029245	0.030721	0.020883	-0.897789	1666200.000000
2016-07-14	-0.010648	0.036291	0.038886	0.024449	-1.312882	1535400.000000
2016-07-13	-0.002265	0.030787	0.038960	0.029654	-0.279953	731000.000000
2016-07-12	0.004552	0.042876	0.046941	0.036129	0.559906	868100.000000
2016-07-11	-0.002505	0.038967	0.040994	0.033290	-0.308914	992300.000000
2016-07-08	0.004403	0.040609	0.044518	0.035396	0.540596	972400.000000
2016-07-07	-0.006871	0.029900	0.042113	0.026503	-0.849518	926000.000000
2016-07-06	-0.003889	0.018401	0.033226	0.010667	-0.482681	1792500.000000
2016-07-05	-0.021537	0.016098	0.019567	0.009081	-2.731949	1380400.000000
2016-07-01	-0.002126	0.035885	0.045483	0.031952	-0.270294	1834500.000000
2016-06-30	0.042597	0.065576	0.081815	0.059670	5.193611	2818100.000000
2016-06-29	0.023750	0.052930	0.068716	0.050663	2.828499	1456400.000000
2016-06-28	0.016144	0.052437	0.053461	0.038274	1.892105	1663500.000000
2016-06-27	-0.008655	0.026666	0.031571	0.013132	-1.023285	2477800.000000
2016-06-24	-0.054870	-0.019594	0.005827	-0.025110	-6.863693	3490700.000000
2016-06-23	0.008797	0.053143	0.053385	0.037579	1.090858	1452300.000000
2016-06-22	-0.000856	0.041606	0.045877	0.034515	-0.106186	994900.000000
2016-06-21	0.016686	0.052597	0.057758	0.048419	2.036904	1428000.000000
2016-06-20	0.017870	0.069239	0.074242	0.053980	2.143089	1912500.000000
2016-06-17	-0.010435	0.028211	0.029119	0.017815	-1.264610	1683400.000000
2016-06-16	0.010220	0.019214	0.047472	0.017046	1.226005	1881100.000000
2016-06-15	0.016274	0.056555	0.061130	0.051218	1.921059	1610700.000000
2016-06-14	-0.013394	0.023348	0.032542	0.016328	-1.602501	2279000.000000
2016-06-13	-0.012352	0.023751	0.031428	0.020862	-1.496300	1995500.000000
2016-06-10	-0.034098	0.009175	0.012683	-0.000951	-4.276535	2330400.000000
2016-06-09	-0.013291	0.019679	0.025658	0.017397	-1.689377	1080400.000000
2016-06-08	0.009662	0.040254	0.046132	0.037394	1.216355	821700.000000
2016-06-07	0.001767	0.038750	0.044638	0.036681	0.222038	811600.000000
2016-06-06	0.016952	0.051989	0.058463	0.046486	2.094818	1203200.000000
2016-06-03	-0.001949	0.030474	0.038631	0.030474	-0.241333	835500.000000
2016-06-02	-0.005968	0.026492	0.030586	0.023361	-0.743340	888800.000000
2016-06-01	0.022263	0.040153	0.059685	0.035147	2.712662	1864500.000000
2016-05-31	-0.000554	0.043185	0.044006	0.031620	-0.067573	1055200.000000
2016-05-27	-0.006920	0.029776	0.032871	0.025540	-0.849518	619100.000000
2016-05-26	0.008725	0.046074	0.047142	0.040651	1.061897	924500.000000
2016-05-25	0.009772	0.049243	0.057375	0.046008	1.177735	1376900.000000
2016-05-24	0.027403	0.052593	0.068704	0.050718	3.214645	1283000.000000
2016-05-23	-0.003853	0.035630	0.038942	0.031300	-0.453720	767200.000000
2016-05-20	-0.002942	0.035377	0.040711	0.030551	-0.347527	1551300.000000
2016-05-19	0.000736	0.025294	0.038935	0.023261	0.086876	1305200.000000
2016-05-18	-0.008274	0.032188	0.037566	0.020424	-0.984657	976700.000000
2016-05-17	-0.017611	0.024659	0.029281	0.015661	-2.133446	1008900.000000
2016-05-16	0.004804	0.035056	0.044097	0.034392	0.579209	575700.000000
2016-05-13	-0.012727	0.032036	0.034984	0.022210	-1.554223	1174800.000000
2016-05-12	-0.002680	0.040867	0.041520	0.028535	-0.328216	796500.000000
2016-05-11	-0.009836	0.025373	0.030063	0.025049	-1.216362	912300.000000
2016-05-10	0.006601	0.035397	0.042723	0.034827	0.810905	954400.000000
2016-05-09	0.017999	0.049061	0.059170	0.041106	2.172058	1942500.000000
2016-05-06	-0.001597	0.033651	0.039112	0.029349	-0.193069	1569900.000000
2016-05-05	0.017554	0.033360	0.054237	0.032855	2.085167	1477800.000000
2016-05-04	-0.015364	0.014416	0.023120	0.008614	-1.853485	3650000.000000
2016-05-03	-0.006913	0.027571	0.032099	0.023702	-0.839852	1653800.000000
2016-05-02	0.013368	0.045311	0.051151	0.042976	1.602478	722700.000000
2016-04-29	-0.007830	0.030754	0.036299	0.023967	-0.946044	1531100.000000
2016-04-28	-0.007667	0.016938	0.035992	0.016527	-0.933495	1481300.000000
2016-04-27	-0.000934	0.051189	0.056194	0.046430	-0.113800	1189300.000000
2016-04-26	-0.004107	0.051938	0.056106	0.045809	-0.502617	1127300.000000
2016-04-25	0.006003	0.052498	0.061459	0.051758	0.730209	814200.000000
2016-04-22	-0.002256	0.045941	0.052093	0.041840	-0.275009	1407400.000000
2016-04-21	-0.019748	0.029225	0.041687	0.028100	-2.456207	2027800.000000
2016-04-20	-0.004705	0.046149	0.053511	0.042628	-0.587990	1284400.000000
2016-04-19	0.030097	0.085136	0.095605	0.076316	3.651131	3449900.000000
2016-04-18	0.013067	0.052467	0.069419	0.051966	1.564766	1983000.000000
2016-04-15	0.004375	0.063110	0.065123	0.056820	0.521591	1434900.000000
2016-04-14	0.028721	0.068794	0.093040	0.065084	3.328682	2850700.000000
2016-04-13	0.008916	0.066223	0.068313	0.058128	1.024208	1537200.000000
2016-04-12	0.004895	0.053421	0.062519	0.052284	0.559517	1050500.000000
2016-04-11	-0.008880	0.050310	0.059327	0.044587	-1.024208	1276600.000000
2016-04-08	0.005041	0.059351	0.063795	0.057434	0.578483	1166600.000000
2016-04-07	-0.019288	0.039431	0.045413	0.032594	-2.257049	1647400.000000
2016-04-06	-0.005080	0.046479	0.053026	0.042823	-0.597450	1147400.000000
2016-04-05	-0.016651	0.038669	0.041763	0.032649	-1.991524	2321900.000000
2016-04-04	0.003741	0.064961	0.066136	0.053296	0.445724	1959400.000000
2016-04-01	0.007942	0.036031	0.063691	0.035101	0.938858	3041000.000000
2016-03-31	-0.008589	0.050865	0.051452	0.041557	-1.024208	1949400.000000
2016-03-30	0.010934	0.072783	0.076344	0.063288	1.289749	2797800.000000
2016-03-29	0.020428	0.059921	0.076531	0.057759	2.361367	1974600.000000
2016-03-28	0.002550	0.057160	0.059155	0.054558	0.293983	819800.000000
2016-03-24	-0.004748	0.041351	0.050673	0.039279	-0.550041	1562000.000000
2016-03-23	-0.000246	0.063015	0.063532	0.050674	-0.028450	1465400.000000
2016-03-22	0.011842	0.056218	0.067220	0.055781	1.356132	1508300.000000
2016-03-21	-0.006499	0.043801	0.051348	0.043801	-0.749183	1155500.000000
2016-03-18	0.026605	0.054471	0.087245	0.054471	2.987274	2375500.000000
2016-03-17	0.009980	0.054022	0.067154	0.049794	1.109558	1570800.000000
2016-03-16	0.006180	0.039447	0.063069	0.038995	0.682800	1573100.000000
2016-03-15	-0.005633	0.050152	0.053481	0.046012	-0.625892	754500.000000
2016-03-14	-0.004926	0.047755	0.053844	0.047397	-0.550042	606900.000000
2016-03-11	0.008220	0.066480	0.067382	0.056548	0.910401	1083600.000000
2016-03-10	0.007940	0.077404	0.084321	0.053834	0.872475	2135000.000000
2016-03-09	0.007478	0.066207	0.069966	0.060798	0.815582	704500.000000
2016-03-08	-0.007251	0.051195	0.052833	0.043640	-0.796608	850200.000000
2016-03-07	-0.003527	0.048485	0.055015	0.045583	-0.388825	1749000.000000
2016-03-04	0.015726	0.069580	0.075292	0.066540	1.707024	2136600.000000
2016-03-03	0.007482	0.050759	0.062917	0.047974	0.806084	1517100.000000
2016-03-02	-0.004207	0.032659	0.051976	0.031273	-0.455201	2667000.000000
2016-03-01	0.023229	0.060240	0.083221	0.058916	2.456200	1464900.000000
2016-02-29	-0.006858	0.038692	0.061328	0.038692	-0.730217	1248700.000000
2016-02-26	-0.010227	0.054471	0.054471	0.035693	-1.100082	2481500.000000
2016-02-25	-0.019365	0.024935	0.034689	0.020285	-2.124283	2056100.000000
2016-02-24	-0.005075	0.036603	0.051841	0.029892	-0.559525	1695200.000000
2016-02-23	-0.007428	0.056902	0.061403	0.045199	-0.825050	1065800.000000
2016-02-22	0.006271	0.056645	0.066248	0.056645	0.692291	851500.000000
2016-02-19	0.000430	0.050846	0.055559	0.048037	0.047409	1360400.000000
2016-02-18	-0.009366	0.055818	0.056267	0.041812	-1.043167	1473800.000000
2016-02-17	0.006599	0.065497	0.070196	0.058538	0.730225	2432600.000000
2016-02-16	0.010917	0.064338	0.069820	0.053649	1.194908	1372000.000000
2016-02-12	0.006980	0.056127	0.063487	0.050607	0.758667	1129700.000000
2016-02-11	-0.014361	0.048940	0.049575	0.032981	-1.583725	1664300.000000
2016-02-10	0.001550	0.074723	0.075813	0.055924	0.170700	1194400.000000
2016-02-09	0.007987	0.043944	0.069301	0.042662	0.872467	2848600.000000
2016-02-08	-0.026289	0.046271	0.048588	0.016678	-2.949348	3137300.000000
2016-02-05	-0.033260	0.047578	0.048956	0.017418	-3.859749	2277300.000000
2016-02-04	-0.020727	0.047383	0.050590	0.029493	-2.456207	2071900.000000
2016-02-03	-0.000240	0.056665	0.057424	0.035742	-0.028443	3314600.000000
2016-02-02	-0.013574	0.056219	0.057717	0.038576	-1.631157	1169500.000000
2016-02-01	0.006914	0.051371	0.065113	0.049527	0.825066	1440100.000000
2016-01-29	0.028945	0.063352	0.088269	0.061024	3.357117	2273200.000000
2016-01-28	0.003281	0.058796	0.063035	0.048416	0.379348	2115900.000000
2016-01-27	-0.005872	0.055503	0.068058	0.043722	-0.682808	1847100.000000
2016-01-26	0.010965	0.055341	0.067164	0.054819	1.261292	1241400.000000
2016-01-25	0.002480	0.058132	0.068067	0.054297	0.284515	1153200.000000
2016-01-22	0.036406	0.079130	0.094938	0.076421	4.030449	1622000.000000
2016-01-21	0.006900	0.055199	0.068296	0.046831	0.758675	1680300.000000
2016-01-20	-0.024403	0.037701	0.040718	0.005847	-2.750191	3660200.000000
2016-01-19	0.020874	0.083367	0.087896	0.072497	2.304466	3312300.000000
2016-01-15	-0.006147	0.046009	0.051951	0.040427	-0.682800	3842900.000000
2016-01-14	0.008524	0.055561	0.067546	0.042033	0.938858	1980800.000000
2016-01-13	-0.024034	0.053231	0.056598	0.025230	-2.712265	3321900.000000
2016-01-12	-0.001427	0.054648	0.055887	0.042614	-0.161217	1239600.000000
2016-01-11	0.017417	0.079499	0.082019	0.066535	1.934624	1762300.000000
2016-01-08	-0.019587	0.057031	0.057119	0.032141	-2.219131	2264400.000000
2016-01-07	-0.006321	0.052542	0.061926	0.038860	-0.720742	2045600.000000
2016-01-06	-0.018931	0.035197	0.043199	0.031153	-2.200149	1625600.000000
2016-01-05	0.000653	0.055504	0.057399	0.048702	0.075859	1058700.000000
2016-01-04	-0.020240	0.034057	0.035238	0.019463	-2.399300	1342800.000000
2015-12-31	-0.008959	0.043269	0.052130	0.040259	-1.071617	766000.000000
2015-12-30	-0.009891	0.048429	0.050333	0.044042	-1.194916	642200.000000
2015-12-29	0.012317	0.059499	0.070811	0.059080	1.469933	674500.000000
2015-12-28	0.000716	0.055813	0.058245	0.050530	0.085350	878200.000000
2015-12-24	-0.000795	0.052377	0.056231	0.050617	-0.094833	295400.000000
2015-12-23	0.010843	0.051930	0.066159	0.051592	1.280258	2240400.000000
2015-12-22	0.005573	0.060433	0.062477	0.050383	0.654358	782000.000000
2015-12-21	-0.001532	0.069693	0.071904	0.046393	-0.180184	1202600.000000
2015-12-18	-0.006331	0.054133	0.054809	0.039008	-0.749199	2090300.000000
2015-12-17	-0.002558	0.068631	0.069305	0.051016	-0.303467	2239900.000000
2015-12-16	0.021473	0.072981	0.079180	0.061531	2.494133	2298700.000000
2015-12-15	-0.002606	0.053527	0.062886	0.050092	-0.303459	2193900.000000
2015-12-14	0.001631	0.061954	0.062212	0.046300	0.189675	2703200.000000
2015-12-11	-0.029526	0.035857	0.038946	0.017160	-3.537331	4328200.000000
2015-12-10	-0.003628	0.061041	0.061790	0.049481	-0.436233	1112500.000000
2015-12-09	-0.014688	0.051521	0.057667	0.036689	-1.792359	1259300.000000
2015-12-08	-0.001707	0.050217	0.054062	0.042037	-0.208641	2511500.000000
2015-12-07	0.008055	0.071871	0.072036	0.057028	0.976791	1613900.000000
2015-12-04	0.008041	0.053307	0.069850	0.051229	0.967309	1262900.000000
2015-12-03	-0.006967	0.061735	0.063552	0.044648	-0.844025	1447600.000000
2015-12-02	-0.006842	0.052996	0.056767	0.043403	-0.834541	1165900.000000
2015-12-01	0.001246	0.055621	0.061202	0.048972	0.151733	1218100.000000
2015-11-30	-0.005266	0.059207	0.060514	0.047204	-0.644867	1611900.000000
2015-11-27	0.000000	0.061657	0.062147	0.053818	0.000000	599300.000000
2015-11-25	0.009458	0.065599	0.067494	0.057603	1.147491	2142700.000000
2015-11-24	0.011384	0.061057	0.068476	0.057889	1.365616	1560100.000000
2015-11-23	0.005085	0.071145	0.072402	0.058242	0.606942	1404400.000000
2015-11-20	0.008656	0.067909	0.072811	0.060725	1.024208	1395100.000000
2015-11-19	-0.010076	0.048782	0.049368	0.038241	-1.204392	961000.000000
2015-11-18	0.009046	0.060803	0.064011	0.051854	1.071617	1108500.000000
2015-11-17	0.020590	0.074546	0.081266	0.071789	2.389824	2078800.000000
2015-11-16	0.018813	0.073256	0.075450	0.064302	2.143257	1512700.000000
2015-11-13	-0.009074	0.043251	0.051079	0.041424	-1.043182	961700.000000
2015-11-12	-0.003289	0.054298	0.057506	0.046322	-0.379326	1052000.000000
2015-11-11	0.027714	0.066499	0.094654	0.062846	3.110558	2802800.000000
2015-11-10	0.002117	0.040721	0.061971	0.039828	0.237083	1217600.000000
2015-11-09	-0.007229	0.046848	0.050128	0.041884	-0.815567	641900.000000
2015-11-06	0.000841	0.050390	0.055536	0.040277	0.094833	1257600.000000
2015-11-05	0.011487	0.074750	0.083365	0.069366	1.280159	1991100.000000
2015-11-04	0.003788	0.076029	0.076119	0.066301	0.420502	1178400.000000
2015-11-03	-0.006273	0.068652	0.068921	0.057106	-0.700828	1939000.000000
2015-11-02	0.001928	0.076183	0.077797	0.067394	0.214927	1488800.000000
2015-10-30	0.013504	0.095442	0.096715	0.083081	1.485733	2102500.000000
2015-10-29	-0.008338	0.057014	0.062603	0.050164	-0.925079	1537600.000000
2015-10-28	0.012968	0.084052	0.091722	0.072548	1.420326	1438200.000000
2015-10-27	-0.005852	0.069357	0.071082	0.062368	-0.644760	1261700.000000
2015-10-26	-0.006991	0.066478	0.070174	0.059538	-0.775566	986900.000000
2015-10-23	0.012450	0.086144	0.086965	0.073003	1.364258	1592600.000000
2015-10-22	0.027513	0.097085	0.101586	0.090053	2.934112	1743200.000000
2015-10-21	-0.016375	0.068329	0.069067	0.052373	-1.775413	1355700.000000
2015-10-20	-0.000861	0.067133	0.073307	0.062986	-0.093453	1440400.000000
2015-10-19	0.008949	0.080402	0.082912	0.076961	0.962471	902500.000000
2015-10-16	-0.001388	0.067296	0.073795	0.064324	-0.149521	1310300.000000
2015-10-15	-0.001473	0.070545	0.074810	0.060161	-0.158844	2544700.000000
2015-10-14	0.014056	0.084746	0.091421	0.080328	1.495079	3918400.000000
2015-10-13	0.020989	0.085148	0.097627	0.083420	2.186570	4221600.000000
2015-10-12	-0.003486	0.071322	0.076870	0.065583	-0.364434	1903200.000000
2015-10-09	0.010751	0.077232	0.083613	0.075008	1.111969	1615600.000000
2015-10-08	-0.002433	0.055996	0.069595	0.055803	-0.252288	1267500.000000
2015-10-07	0.012409	0.091363	0.095659	0.077302	1.270820	1984200.000000
2015-10-06	-0.010294	0.059640	0.070754	0.055292	-1.065246	1240100.000000
2015-10-05	0.006361	0.074259	0.078246	0.068812	0.654091	1074600.000000
2015-10-02	0.031593	0.066763	0.105288	0.063352	3.149024	2725000.000000
2015-10-01	0.003292	0.067960	0.073697	0.060310	0.327057	1420100.000000
2015-09-30	0.023686	0.096655	0.097789	0.086557	2.298684	1706600.000000
2015-09-29	-0.017594	0.067643	0.075235	0.044563	-1.738038	3718100.000000
2015-09-28	-0.034609	0.067829	0.067829	0.031866	-3.541473	3889800.000000
2015-09-25	0.024799	0.081490	0.098215	0.079588	2.476219	2451600.000000
2015-09-24	-0.008904	0.061439	0.065310	0.047147	-0.897041	2204400.000000
2015-09-23	0.003257	0.081128	0.086505	0.068680	0.327049	2296600.000000
2015-09-22	-0.027069	0.041012	0.043434	0.030064	-2.793945	3149600.000000
2015-09-21	-0.033849	0.041157	0.043965	0.030018	-3.616226	4296700.000000
2015-09-18	-0.004181	0.041371	0.082478	0.040626	-0.448517	4562700.000000
2015-09-17	-0.005371	0.053486	0.081299	0.050426	-0.579354	2509500.000000
2015-09-16	0.068401	0.132380	0.157737	0.117324	6.905426	10876900.000000
2015-09-15	0.015413	0.066151	0.088580	0.061625	1.532448	3156100.000000
2015-09-14	-0.010693	0.065696	0.068880	0.057338	-1.074592	2369800.000000
2015-09-11	-0.005364	0.057308	0.066710	0.052953	-0.541962	1707000.000000
2015-09-10	0.000648	0.056606	0.079483	0.054724	0.065407	4540200.000000
2015-09-09	0.001112	0.096150	0.097340	0.069976	0.112129	2646200.000000
2015-09-08	0.019263	0.090587	0.093720	0.079976	1.906235	768200.000000
2015-09-04	-0.017990	0.047945	0.056380	0.046456	-1.812790	759100.000000
2015-09-03	-0.003880	0.071953	0.077983	0.062760	-0.392456	1015200.000000
2015-09-02	0.020647	0.089747	0.093077	0.080566	2.046394	1119200.000000
2015-09-01	-0.026077	0.046886	0.051013	0.035782	-2.653770	1636300.000000
2015-08-31	-0.008918	0.058975	0.065305	0.053521	-0.915741	1244100.000000
2015-08-28	-0.003898	0.058824	0.066682	0.052519	-0.401810	1340500.000000
2015-08-27	0.019782	0.077297	0.092333	0.067800	1.999680	2172200.000000
2015-08-26	0.018932	0.094366	0.096281	0.070275	1.878204	2411900.000000
2015-08-25	-0.012005	0.092183	0.092980	0.056132	-1.205421	2038700.000000
2015-08-24	-0.013766	0.026664	0.110836	0.007511	-1.401635	5104200.000000
2015-08-21	-0.028444	0.068170	0.068552	0.039352	-2.980835	3153900.000000
2015-08-20	-0.020866	0.059990	0.059990	0.047470	-2.233276	2026100.000000
2015-08-19	-0.020523	0.055440	0.055440	0.044458	-2.242630	1759500.000000
2015-08-18	0.001542	0.056609	0.077415	0.055692	0.168205	2666900.000000
2015-08-17	-0.004773	0.049467	0.065887	0.045636	-0.523285	2478800.000000
2015-08-14	-0.013786	0.055780	0.059289	0.048493	-1.532455	1407800.000000
2015-08-13	-0.002348	0.069097	0.072328	0.065238	-0.261635	534900.000000
2015-08-12	-0.014138	0.051416	0.056725	0.042037	-1.597870	1576700.000000
2015-08-11	-0.008200	0.067892	0.068419	0.054641	-0.934425	979300.000000
2015-08-10	0.011026	0.079046	0.082418	0.075320	1.242775	874600.000000
2015-08-07	-0.010419	0.057443	0.060955	0.051385	-1.186722	742900.000000
2015-08-06	0.001068	0.079666	0.080545	0.065955	0.121475	794500.000000
2015-08-05	0.017805	0.080462	0.089676	0.079030	1.990341	807900.000000
2015-08-04	-0.004328	0.076409	0.076854	0.063850	-0.485908	865400.000000
2015-08-03	0.005019	0.090136	0.093806	0.068115	0.560661	1921100.000000
2015-07-31	-0.002919	0.053394	0.069906	0.052144	-0.327057	2065100.000000
2015-07-30	-0.041490	0.018158	0.030905	0.016447	-4.849678	3943000.000000
2015-07-29	0.010420	0.076484	0.085993	0.075966	1.205406	1115900.000000
2015-07-28	0.003730	0.071823	0.077896	0.066356	0.429848	983400.000000
2015-07-27	-0.008441	0.064152	0.066130	0.056495	-0.981155	1400700.000000
2015-07-24	-0.011208	0.070769	0.072216	0.057158	-1.317543	1116100.000000
2015-07-23	-0.013101	0.067319	0.067403	0.053803	-1.560494	1412600.000000
2015-07-22	-0.004685	0.058977	0.069255	0.058893	-0.560661	854400.000000
2015-07-21	-0.003424	0.067842	0.069008	0.059765	-0.411140	1535100.000000
2015-07-20	0.000078	0.072339	0.076337	0.069508	0.009346	1026400.000000
2015-07-17	0.000545	0.068841	0.070841	0.063174	0.065414	844200.000000
2015-07-16	0.009829	0.085068	0.085152	0.076822	1.168030	1826500.000000
2015-07-15	0.001023	0.074975	0.078597	0.069332	0.121467	1062100.000000
2015-07-14	0.003079	0.074230	0.076595	0.067048	0.364434	2036100.000000
2015-07-13	0.000395	0.072118	0.074654	0.065694	0.046722	1563700.000000
2015-07-10	0.051578	0.122083	0.128394	0.114083	5.802795	3460300.000000
2015-07-09	0.014920	0.095613	0.099853	0.085690	1.653931	1657900.000000
2015-07-08	-0.006449	0.070801	0.071877	0.060494	-0.719513	828000.000000
2015-07-07	0.008361	0.060865	0.079935	0.047941	0.925087	2344700.000000
2015-07-06	-0.029108	0.034987	0.047184	0.032442	-3.317207	2195900.000000
2015-07-02	-0.004896	0.064411	0.066419	0.058299	-0.560662	698400.000000
2015-07-01	0.015663	0.090572	0.093764	0.079397	1.766068	1162000.000000
2015-06-30	-0.009684	0.079396	0.079396	0.051642	-1.102631	2325700.000000
2015-06-29	-0.032476	0.043407	0.048080	0.033210	-3.821807	1540800.000000
2015-06-26	0.003506	0.078872	0.082368	0.068980	0.411148	582000.000000
2015-06-25	-0.004679	0.070174	0.073908	0.056340	-0.551300	1525800.000000
2015-06-24	-0.000634	0.072379	0.080183	0.068732	-0.074753	1035700.000000
2015-06-23	0.009521	0.080535	0.082761	0.073685	1.111953	1010000.000000
2015-06-22	0.024342	0.097014	0.110346	0.094558	2.775246	1311400.000000
2015-06-19	-0.005542	0.070174	0.071569	0.063457	-0.635406	1285000.000000
2015-06-18	0.010376	0.075991	0.088153	0.070262	1.177383	1252400.000000
2015-06-17	0.000165	0.060478	0.074757	0.060478	0.018684	1061700.000000
2015-06-16	0.008389	0.067330	0.081729	0.064930	0.943779	603000.000000
2015-06-15	-0.013277	0.055878	0.064824	0.052984	-1.513778	1556400.000000
2015-06-12	-0.007483	0.051981	0.066257	0.049369	-0.859665	1220400.000000
2015-06-11	0.004330	0.082413	0.089233	0.071922	0.495239	1089800.000000
2015-06-10	0.018132	0.076227	0.098034	0.073912	2.037056	907600.000000
2015-06-09	-0.002985	0.066003	0.073546	0.059436	-0.336395	939100.000000
2015-06-08	-0.031406	0.036135	0.047309	0.030891	-3.653610	2792000.000000
2015-06-05	0.022335	0.050841	0.099701	0.042580	2.541648	4752400.000000
2015-06-04	-0.010482	0.056783	0.071652	0.055043	-1.205421	1523400.000000
2015-06-03	0.008771	0.084209	0.086402	0.076753	0.999847	1598400.000000
2015-06-02	0.022718	0.082195	0.098254	0.079325	2.532296	1458000.000000
2015-06-01	-0.010534	0.067333	0.068843	0.056948	-1.186722	898000.000000
2015-05-29	-0.014872	0.066939	0.067726	0.048662	-1.700653	1019200.000000
2015-05-28	0.003608	0.075001	0.075791	0.064996	0.411125	624400.000000
2015-05-27	0.015659	0.073026	0.091834	0.072313	1.756744	1437800.000000
2015-05-26	-0.020238	0.065982	0.067379	0.048341	-2.317398	792600.000000
2015-05-22	-0.011056	0.070606	0.070606	0.056442	-1.280151	593600.000000
2015-05-21	0.004133	0.071041	0.078239	0.070868	0.476555	609400.000000
2015-05-20	-0.003231	0.067581	0.072162	0.064642	-0.373780	626100.000000
2015-05-19	0.014588	0.083330	0.089469	0.080348	1.663285	949900.000000
2015-05-18	-0.007806	0.059644	0.067737	0.056860	-0.897049	1099700.000000
2015-05-15	0.002200	0.069215	0.075668	0.064941	0.252296	926900.000000
2015-05-14	0.015727	0.080981	0.087891	0.079564	1.775414	1007100.000000
2015-05-13	0.001160	0.081880	0.084807	0.068312	0.130821	794700.000000
2015-05-12	-0.004373	0.073088	0.073176	0.061697	-0.495247	1169700.000000
2015-05-11	-0.011339	0.055857	0.072007	0.055072	-1.298859	1091600.000000
2015-05-08	0.024229	0.090381	0.100395	0.089308	2.709839	2050000.000000
2015-05-07	-0.001585	0.063032	0.075530	0.060176	-0.177536	1355000.000000
2015-05-06	0.022867	0.101220	0.103594	0.090719	2.504265	2361900.000000
2015-05-05	-0.009047	0.077775	0.078589	0.058773	-0.999832	1621100.000000
2015-05-04	-0.025702	0.060212	0.060829	0.042315	-2.915421	1735900.000000
2015-05-01	0.011246	0.069817	0.082477	0.068926	1.261475	798600.000000
2015-04-30	0.003176	0.072499	0.078491	0.070263	0.355080	845000.000000
2015-04-29	-0.021074	0.062242	0.063643	0.041930	-2.407082	1987500.000000
2015-04-28	-0.003444	0.083885	0.088858	0.079784	-0.394783	773300.000000
2015-04-27	0.009053	0.103205	0.106815	0.098011	1.028275	899600.000000
2015-04-24	0.009959	0.090452	0.101566	0.087874	1.120079	793300.000000
2015-04-23	0.002537	0.077084	0.094377	0.076104	0.284614	1335300.000000
2015-04-22	-0.009806	0.080557	0.081616	0.070318	-1.110908	874500.000000
2015-04-21	0.006525	0.090718	0.099957	0.089918	0.734489	570600.000000
2015-04-20	-0.008973	0.084541	0.088591	0.075208	-1.019096	1041700.000000
2015-04-17	-0.007063	0.083000	0.084749	0.073996	-0.807915	683900.000000
2015-04-16	-0.000080	0.082214	0.092529	0.079592	-0.009186	802300.000000
2015-04-15	-0.005110	0.090164	0.091208	0.078510	-0.587593	606300.000000
2015-04-14	0.004008	0.091827	0.094883	0.088421	0.459053	500700.000000
2015-04-13	-0.002798	0.089991	0.093300	0.085550	-0.321335	459000.000000
2015-04-10	-0.006591	0.074416	0.084450	0.071821	-0.762016	740900.000000
2015-04-09	0.003027	0.092244	0.093025	0.082527	0.348869	862400.000000
2015-04-08	-0.008843	0.086541	0.089121	0.073814	-1.028274	1264500.000000
2015-04-07	0.000000	0.091271	0.097549	0.088089	0.000000	707800.000000
2015-04-06	0.007557	0.090074	0.104717	0.087128	0.872208	603800.000000
2015-04-02	0.017977	0.101379	0.109935	0.099880	2.038169	965500.000000
2015-04-01	0.012960	0.104575	0.106004	0.095015	1.450600	1207500.000000
2015-03-31	-0.013274	0.077658	0.083741	0.074308	-1.505684	813800.000000
2015-03-30	0.008160	0.097117	0.101739	0.095162	0.918099	756700.000000
2015-03-27	0.011890	0.092085	0.105665	0.088038	1.322067	1206400.000000
2015-03-26	-0.006155	0.082861	0.087777	0.076426	-0.688576	1743800.000000
2015-03-25	-0.003924	0.101761	0.103096	0.083331	-0.440689	1488300.000000
2015-03-24	-0.008027	0.090267	0.091327	0.080111	-0.908920	614600.000000
2015-03-23	0.003907	0.095502	0.100201	0.090981	0.440696	1060500.000000
2015-03-20	0.011527	0.098803	0.107413	0.093243	1.285332	1028700.000000
2015-03-19	-0.010671	0.072704	0.080157	0.072704	-1.202705	1168100.000000
2015-03-18	0.014545	0.087227	0.109641	0.081826	1.615845	1295100.000000
2015-03-17	-0.010710	0.081549	0.082974	0.072020	-1.202706	766000.000000
2015-03-16	0.013255	0.096787	0.106442	0.096697	1.468964	1118400.000000
2015-03-13	-0.018059	0.072284	0.076094	0.063424	-2.038185	1723600.000000
2015-03-12	0.012353	0.099164	0.102662	0.089745	1.377151	1415400.000000
2015-03-11	0.014538	0.100310	0.114506	0.097671	1.597496	1842300.000000
2015-03-10	-0.034992	0.061632	0.062072	0.048723	-3.984550	3305500.000000
2015-03-09	-0.006170	0.089905	0.092000	0.079607	-0.706948	1341000.000000
2015-03-06	-0.022633	0.078545	0.079142	0.062764	-2.653305	2049100.000000
2015-03-05	0.010846	0.099813	0.102745	0.095502	1.257805	896100.000000
2015-03-04	0.000396	0.090846	0.092744	0.084118	0.045899	1629500.000000
2015-03-03	-0.003944	0.091785	0.095479	0.081646	-0.459046	2406500.000000
2015-03-02	0.000868	0.096861	0.099355	0.087487	0.100983	1454400.000000
2015-02-27	-0.006510	0.080066	0.094077	0.076307	-0.762009	1855400.000000
2015-02-26	0.024510	0.106363	0.123431	0.104525	2.800186	1655600.000000
2015-02-25	-0.008525	0.092245	0.092245	0.072545	-0.982360	1608900.000000
2015-02-24	0.001916	0.099206	0.099293	0.087121	0.220352	2132000.000000
2015-02-23	0.013757	0.095466	0.107277	0.095025	1.560760	1619400.000000
2015-02-20	0.006762	0.076961	0.099412	0.075186	0.762024	1364100.000000
2015-02-19	0.007139	0.100290	0.106635	0.095195	0.798752	1168700.000000
2015-02-18	-0.000984	0.081797	0.088672	0.078136	-0.110176	987600.000000
2015-02-17	0.002218	0.094487	0.100214	0.087954	0.247887	1523600.000000
2015-02-13	-0.006530	0.083073	0.084140	0.071427	-0.734475	1261900.000000
2015-02-12	0.010641	0.100258	0.105020	0.097204	1.184342	1450000.000000
2015-02-11	-0.005741	0.084919	0.088760	0.079649	-0.642678	1094800.000000
2015-02-10	0.012792	0.099340	0.105221	0.090293	1.413880	1436800.000000
2015-02-09	-0.007420	0.064602	0.088130	0.064512	-0.826286	2221200.000000
2015-02-06	-0.023351	0.068334	0.070438	0.060615	-2.662484	2167100.000000
2015-02-05	0.004286	0.095285	0.096518	0.086829	0.486588	1548200.000000
2015-02-04	-0.015054	0.071509	0.083481	0.066564	-1.735214	2204800.000000
2015-02-03	0.019075	0.095838	0.110160	0.093716	2.157539	2143700.000000
2015-02-02	0.009257	0.084389	0.100272	0.079392	1.037453	1298800.000000
2015-01-30	-0.011339	0.077033	0.079062	0.063977	-1.285340	3071700.000000
2015-01-29	0.025924	0.107670	0.117444	0.098167	2.864464	3548800.000000
2015-01-28	-0.004220	0.100653	0.102996	0.082178	-0.468231	2195400.000000
2015-01-27	-0.001734	0.081020	0.092806	0.079311	-0.192795	2284800.000000
2015-01-26	0.009590	0.104103	0.104285	0.088117	1.055817	3595500.000000
2015-01-23	0.008155	0.102943	0.109810	0.094976	0.890556	3710600.000000
2015-01-22	0.010191	0.085600	0.101880	0.077552	1.101715	1297700.000000
2015-01-21	0.008652	0.096485	0.106281	0.089207	0.927277	1705800.000000
2015-01-20	-0.002308	0.100564	0.100750	0.077478	-0.247894	1195300.000000
2015-01-16	0.024247	0.105892	0.116380	0.094928	2.543144	1504400.000000
2015-01-15	0.006254	0.097746	0.103694	0.091318	0.651855	1218000.000000
2015-01-14	-0.003161	0.088155	0.093798	0.077444	-0.330520	853900.000000
2015-01-13	0.003790	0.103319	0.108119	0.086615	0.394783	3495600.000000
2015-01-12	0.013307	0.105355	0.107495	0.093877	1.367973	1176800.000000
2015-01-09	-0.008062	0.093163	0.094611	0.075795	-0.835472	968900.000000
2015-01-08	0.031621	0.110808	0.132509	0.108718	3.176613	1257200.000000
2015-01-07	0.014557	0.095166	0.110416	0.092136	1.441429	1837000.000000
2015-01-06	-0.002220	0.081045	0.093742	0.073891	-0.220345	1717700.000000
2015-01-05	-0.032665	0.062889	0.069419	0.050509	-3.351066	2010600.000000
2015-01-02	-0.005164	0.089013	0.090759	0.076213	-0.532501	908400.000000
2014-12-31	-0.006018	0.097111	0.097882	0.081785	-0.624306	661900.000000
2014-12-30	-0.015937	0.080386	0.083231	0.066727	-1.680130	979500.000000
2014-12-29	-0.004163	0.086279	0.091002	0.082973	-0.440674	417400.000000
2014-12-26	-0.001731	0.091659	0.092885	0.084870	-0.183624	289200.000000
2014-12-24	0.000780	0.089019	0.092510	0.084395	0.082634	179400.000000
2014-12-23	0.007859	0.091395	0.102523	0.090349	0.826278	726600.000000
2014-12-22	0.002188	0.088540	0.095498	0.087015	0.229538	1107500.000000
2014-12-19	-0.003228	0.078091	0.092628	0.077141	-0.339706	905000.000000
2014-12-18	0.040007	0.109068	0.132981	0.108673	4.048813	1981700.000000
2014-12-17	0.011934	0.086107	0.106806	0.085208	1.193527	1885200.000000
2014-12-16	-0.002472	0.074844	0.107560	0.073547	-0.247879	2996200.000000
2014-12-15	-0.010242	0.096217	0.102239	0.074695	-1.037453	2088300.000000
2014-12-12	-0.020942	0.089884	0.094620	0.063497	-2.166717	2099700.000000
2014-12-11	-0.005647	0.088438	0.097088	0.081807	-0.587578	1059800.000000
2014-12-10	-0.002728	0.094575	0.095533	0.084223	-0.284607	1561700.000000
2014-12-09	-0.012513	0.071224	0.076903	0.067060	-1.322067	2182700.000000
2014-12-08	-0.007931	0.082728	0.090803	0.074184	-0.844651	2079400.000000
2014-12-05	0.016296	0.103426	0.107434	0.096460	1.707665	1102100.000000
2014-12-04	-0.002709	0.084544	0.090540	0.078453	-0.284615	1375200.000000
2014-12-03	-0.003916	0.088070	0.089776	0.076599	-0.413139	877400.000000
2014-12-02	-0.010762	0.087425	0.088269	0.073828	-1.147629	893700.000000
2014-12-01	-0.007180	0.088742	0.089207	0.077383	-0.771194	3348100.000000
2014-11-28	0.016067	0.102546	0.111249	0.101032	1.698478	671100.000000
2014-11-26	0.000521	0.095833	0.097442	0.087314	0.055085	747200.000000
2014-11-25	-0.001995	0.084012	0.089491	0.083634	-0.211159	1063000.000000
2014-11-24	0.006723	0.106134	0.106705	0.092726	0.706932	1755000.000000
2014-11-21	0.015155	0.107452	0.109866	0.102143	1.569939	1154300.000000
2014-11-20	0.005615	0.094838	0.098818	0.092217	0.578407	1385200.000000
2014-11-19	0.006549	0.098685	0.099369	0.093311	0.670212	1219900.000000
2014-11-18	0.006774	0.094618	0.101012	0.092257	0.688583	964300.000000
2014-11-17	-0.000451	0.084389	0.096090	0.083897	-0.045906	609600.000000
2014-11-14	-0.000271	0.080458	0.089699	0.078689	-0.027542	760100.000000
2014-11-13	0.013816	0.096483	0.110635	0.094589	1.386330	787700.000000
2014-11-12	-0.010054	0.083386	0.088714	0.074901	-1.019097	888100.000000
2014-11-11	0.008035	0.095672	0.099152	0.091892	0.807930	893800.000000
2014-11-10	0.010892	0.098658	0.103182	0.093731	1.083367	556300.000000
2014-11-07	-0.001475	0.084790	0.088806	0.080072	-0.146904	730800.000000
2014-11-06	-0.001353	0.094450	0.100065	0.086831	-0.134957	1457500.000000
2014-11-05	0.004570	0.101064	0.111638	0.097338	0.453812	1460300.000000
2014-11-04	-0.001369	0.109111	0.111725	0.090505	-0.136147	1646200.000000
2014-11-03	-0.012885	0.090451	0.095117	0.086579	-1.297920	1348900.000000
2014-10-31	0.008817	0.084943	0.112786	0.079735	0.880409	2314000.000000
2014-10-30	0.000819	0.092648	0.110489	0.091545	0.081688	1467100.000000
2014-10-29	-0.002450	0.108368	0.113667	0.094670	-0.245063	936800.000000
2014-10-28	0.020278	0.119315	0.124212	0.117581	1.987709	730100.000000
2014-10-27	-0.006896	0.083634	0.100958	0.083330	-0.680710	1436500.000000
2014-10-24	0.009281	0.107904	0.113426	0.104018	0.907631	618800.000000
2014-10-23	0.007103	0.114744	0.116495	0.108565	0.689796	1035800.000000
2014-10-22	-0.011457	0.089349	0.097595	0.084870	-1.125473	2052900.000000
2014-10-21	0.010740	0.102695	0.118746	0.102283	1.043778	1667400.000000
2014-10-20	0.005918	0.100734	0.109324	0.099285	0.571815	915200.000000
2014-10-17	0.025036	0.116091	0.135400	0.112590	2.359840	1333600.000000
2014-10-16	-0.016013	0.068259	0.096445	0.067006	-1.533897	3838300.000000
2014-10-15	-0.002740	0.099583	0.101040	0.072306	-0.263214	2422400.000000
2014-10-14	-0.001886	0.107276	0.113407	0.097093	-0.181519	1162200.000000
2014-10-13	-0.002164	0.101665	0.110686	0.097310	-0.208755	1416800.000000
2014-10-10	0.011807	0.113729	0.122961	0.108273	1.125458	2565000.000000
2014-10-09	-0.014360	0.102079	0.107352	0.083466	-1.388688	2134700.000000
2014-10-08	0.011295	0.106893	0.115363	0.101141	1.080094	2894500.000000
2014-10-07	-0.028224	0.086323	0.087339	0.069860	-2.777352	1953700.000000
2014-10-06	0.009027	0.109357	0.112535	0.101564	0.880402	982600.000000
2014-10-03	0.004769	0.094042	0.109084	0.092908	0.462883	1673900.000000
2014-10-02	-0.007517	0.097168	0.098395	0.085818	-0.735168	2045900.000000
2014-10-01	-0.027966	0.085369	0.086860	0.066484	-2.813660	2787000.000000
2014-09-30	0.001445	0.099479	0.112419	0.095199	0.145210	1493700.000000
2014-09-29	-0.011873	0.083967	0.091343	0.082000	-1.207138	1115900.000000
2014-09-26	-0.004532	0.097069	0.099909	0.090803	-0.462883	867300.000000
2014-09-25	-0.015400	0.094732	0.095503	0.080657	-1.597442	728200.000000
2014-09-24	0.002544	0.093361	0.107084	0.092201	0.263214	834100.000000
2014-09-23	-0.004888	0.089939	0.097249	0.089459	-0.508278	1949000.000000
2014-09-22	-0.002177	0.095819	0.101385	0.092844	-0.226898	1076700.000000
2014-09-19	0.000872	0.100712	0.105515	0.096678	0.090766	1059900.000000
2014-09-18	0.012802	0.110718	0.119571	0.104784	1.316056	1036000.000000
2014-09-17	-0.010484	0.099266	0.101095	0.089159	-1.089157	917600.000000
2014-09-16	0.000087	0.086848	0.105908	0.085500	0.009079	3066700.000000
2014-09-15	0.031546	0.129772	0.141192	0.129177	3.176712	3772600.000000
2014-09-12	-0.010347	0.091450	0.092924	0.086241	-1.052857	871000.000000
2014-09-11	0.003581	0.100289	0.106602	0.098711	0.363053	597600.000000
2014-09-10	0.002063	0.097025	0.104042	0.094554	0.208755	647800.000000
2014-09-09	0.000269	0.104537	0.105526	0.097913	0.027237	652600.000000
2014-09-08	-0.014153	0.088417	0.092023	0.083252	-1.452225	611900.000000
2014-09-05	-0.003262	0.097106	0.099243	0.090889	-0.335815	580700.000000
2014-09-04	0.008985	0.108532	0.119313	0.107454	0.916695	1438500.000000
2014-09-03	0.009973	0.116024	0.116519	0.108203	1.007484	802600.000000
2014-09-02	-0.004294	0.097530	0.100192	0.093095	-0.435669	857500.000000
2014-08-29	0.004493	0.101373	0.107313	0.091868	0.453827	937000.000000
2014-08-28	-0.005719	0.090251	0.096650	0.090054	-0.580902	487700.000000
2014-08-27	-0.000803	0.104031	0.104720	0.099802	-0.081680	925000.000000
2014-08-26	0.002775	0.106109	0.111336	0.103939	0.281356	795600.000000
2014-08-25	0.014164	0.108171	0.122076	0.105170	1.415909	696300.000000
2014-08-22	-0.008998	0.096515	0.101571	0.091360	-0.907623	563200.000000
2014-08-21	0.006977	0.104564	0.113548	0.101968	0.698875	519100.000000
2014-08-20	-0.006928	0.093739	0.099588	0.092649	-0.698875	816100.000000
2014-08-19	0.003703	0.104555	0.108535	0.104256	0.372131	422500.000000
2014-08-18	0.005905	0.104271	0.110276	0.098666	0.589951	833000.000000
2014-08-15	0.006492	0.114966	0.116880	0.098747	0.644439	863700.000000
2014-08-14	0.011936	0.111759	0.114919	0.110026	1.170838	521100.000000
2014-08-13	-0.002308	0.098209	0.104718	0.095565	-0.226921	911500.000000
2014-08-12	-0.001291	0.094049	0.101464	0.092119	-0.127060	1263300.000000
2014-08-11	0.007337	0.107294	0.112001	0.106783	0.717033	737100.000000
2014-08-08	0.008334	0.096610	0.111673	0.091968	0.807785	924000.000000
2014-08-07	-0.010196	0.103811	0.106058	0.087268	-0.998390	747400.000000
2014-08-06	0.000835	0.085314	0.104733	0.084394	0.081680	1025600.000000
2014-08-05	-0.006543	0.097301	0.101667	0.092631	-0.644424	1761700.000000
2014-08-04	0.013733	0.108768	0.120091	0.105783	1.334228	1450900.000000
2014-08-01	-0.008705	0.087484	0.097891	0.085341	-0.853179	1925400.000000
2014-07-31	-0.015500	0.104682	0.104983	0.083185	-1.542969	1728300.000000
2014-07-30	-0.000091	0.109603	0.110307	0.094838	-0.009079	821400.000000
2014-07-29	-0.000911	0.107890	0.109697	0.100665	-0.090759	1222400.000000
2014-07-28	-0.009830	0.093621	0.094714	0.085374	-0.989319	1290100.000000
2014-07-25	-0.018848	0.089192	0.092312	0.077981	-1.933258	1053900.000000
2014-07-24	0.001418	0.100500	0.105479	0.097083	0.145218	776700.000000
2014-07-23	0.000266	0.107531	0.107531	0.096788	0.027229	509800.000000
2014-07-22	0.008763	0.110537	0.113985	0.107680	0.889488	638900.000000
2014-07-21	-0.007191	0.089641	0.096487	0.087881	-0.735191	865000.000000
2014-07-18	0.015872	0.110214	0.121143	0.109022	1.597435	741800.000000
2014-07-17	-0.016148	0.091700	0.099032	0.082805	-1.651886	1199200.000000
2014-07-16	0.000444	0.102356	0.105778	0.098150	0.045372	703100.000000
2014-07-15	-0.005561	0.099046	0.101574	0.090585	-0.571801	879300.000000
2014-07-14	0.002034	0.106836	0.109662	0.103621	0.208771	548300.000000
2014-07-11	-0.003350	0.097010	0.100409	0.093805	-0.344917	906000.000000
2014-07-10	-0.011416	0.087175	0.094952	0.086599	-1.188995	822600.000000
2014-07-09	0.004376	0.105626	0.110737	0.102251	0.453819	618100.000000
2014-07-08	-0.007385	0.101960	0.103013	0.092101	-0.771492	816000.000000
2014-07-07	-0.004756	0.095005	0.099006	0.093004	-0.499207	711400.000000
2014-07-03	0.011546	0.109767	0.116320	0.106394	1.198082	440100.000000
2014-07-02	-0.003920	0.098025	0.101289	0.094954	-0.408424	1046200.000000
2014-07-01	-0.001392	0.099277	0.105507	0.096976	-0.145226	1114700.000000
2014-06-30	0.000609	0.101769	0.107620	0.098796	0.063538	964000.000000
2014-06-27	0.006660	0.099645	0.109300	0.095976	0.689789	733900.000000
2014-06-26	-0.011864	0.090415	0.091560	0.079443	-1.243469	2005300.000000
2014-06-25	0.003563	0.098418	0.106652	0.096120	0.372154	1378400.000000
2014-06-24	-0.003637	0.094041	0.101864	0.093564	-0.381211	1264700.000000
2014-06-23	-0.005853	0.093992	0.096742	0.089629	-0.617187	2490600.000000
2014-06-20	0.012375	0.106089	0.120012	0.105801	1.288834	5124700.000000
2014-06-19	0.012530	0.116351	0.117324	0.110227	1.288833	781500.000000
2014-06-18	0.010882	0.099410	0.114938	0.098624	1.107315	775700.000000
2014-06-17	0.004750	0.103941	0.109570	0.100485	0.481041	795600.000000
2014-06-16	0.004320	0.105438	0.110000	0.100480	0.435669	751600.000000
2014-06-13	-0.006617	0.095169	0.098124	0.092804	-0.671646	797700.000000
2014-06-12	-0.009564	0.090451	0.098256	0.088207	-0.980240	1296600.000000
2014-06-11	-0.010082	0.091627	0.093076	0.084093	-1.043785	1419800.000000
2014-06-10	0.028492	0.114882	0.134749	0.113491	2.868118	3141600.000000
2014-06-09	-0.001620	0.091157	0.101174	0.089967	-0.163360	971500.000000
2014-06-06	0.006159	0.104563	0.109353	0.101469	0.617164	829600.000000
2014-06-05	0.002361	0.101769	0.107170	0.098968	0.235993	671200.000000
2014-06-04	0.002183	0.110590	0.110690	0.099764	0.217819	712500.000000
2014-06-03	0.002371	0.103879	0.106592	0.101066	0.236008	395900.000000
2014-06-02	-0.002456	0.097960	0.101568	0.094652	-0.245072	752900.000000
2014-05-30	-0.001000	0.101068	0.102870	0.098264	-0.099838	1160500.000000
2014-05-29	0.000910	0.100165	0.105076	0.097960	0.090767	1361900.000000
2014-05-28	-0.009372	0.083997	0.097003	0.083997	-0.943947	1319600.000000
2014-05-27	0.008360	0.107976	0.114383	0.106474	0.835022	827900.000000
2014-05-23	-0.004072	0.089006	0.098778	0.087710	-0.408432	549300.000000
2014-05-22	-0.002257	0.100177	0.102465	0.094606	-0.226906	537900.000000
2014-05-21	0.004900	0.096470	0.107467	0.095871	0.490128	552200.000000
2014-05-20	-0.000091	0.098070	0.103868	0.097171	-0.009087	799100.000000
2014-05-19	-0.005683	0.097396	0.098390	0.090637	-0.571800	1860600.000000
2014-05-16	0.023168	0.125057	0.127803	0.117226	2.278145	1360300.000000
2014-05-15	-0.007330	0.103283	0.103384	0.091573	-0.726090	1199500.000000
2014-05-14	-0.007277	0.097660	0.100466	0.093451	-0.726120	674500.000000
2014-05-13	-0.000273	0.098362	0.103873	0.091950	-0.027229	995300.000000
2014-05-12	0.008899	0.109754	0.113393	0.107732	0.880409	653100.000000
2014-05-09	-0.001923	0.108629	0.108831	0.095110	-0.190597	739000.000000
2014-05-08	0.008216	0.116212	0.122925	0.106753	0.807785	1099000.000000
2014-05-07	0.017471	0.099802	0.122467	0.099802	1.688194	1413400.000000
2014-05-06	-0.008568	0.097357	0.100640	0.091919	-0.835014	704000.000000
2014-05-05	0.010540	0.104361	0.114004	0.100939	1.016548	649600.000000
2014-05-02	-0.004030	0.094747	0.103318	0.093198	-0.390289	705000.000000
2014-05-01	0.008221	0.110723	0.116449	0.104788	0.789634	990300.000000
2014-04-30	-0.030064	0.092882	0.093084	0.067332	-2.977020	2849400.000000
2014-04-29	0.008259	0.130621	0.134083	0.127465	0.811081	1719700.000000
2014-04-28	0.009991	0.132867	0.138935	0.128034	0.971497	1594200.000000
2014-04-25	-0.000366	0.124331	0.127620	0.113125	-0.035645	789500.000000
2014-04-24	0.006827	0.127038	0.132317	0.121242	0.659554	793300.000000
2014-04-23	-0.012031	0.114501	0.115013	0.106014	-1.176507	736900.000000
2014-04-22	0.007437	0.130929	0.131032	0.124851	0.721947	547700.000000
2014-04-21	-0.002656	0.122069	0.123816	0.116110	-0.258476	521800.000000
2014-04-17	0.002203	0.117950	0.126600	0.115891	0.213913	970700.000000
2014-04-16	0.006745	0.130363	0.132540	0.124869	0.650635	1038600.000000
2014-04-15	0.000000	0.121448	0.122277	0.107764	0.000000	2029600.000000
2014-04-14	0.024905	0.143534	0.151078	0.138222	2.344108	1717000.000000
2014-04-11	0.000663	0.123667	0.127601	0.121754	0.062386	1099700.000000
2014-04-10	-0.018964	0.124365	0.124782	0.100689	-1.818230	1062700.000000
2014-04-09	0.013950	0.138041	0.138570	0.125456	1.319115	1267000.000000
2014-04-08	0.003690	0.122179	0.129503	0.118463	0.347595	1779800.000000
2014-04-07	-0.008722	0.126070	0.126912	0.107867	-0.828903	2462100.000000
2014-04-04	-0.004110	0.119032	0.126053	0.113164	-0.392174	1365200.000000
2014-04-03	0.001216	0.123015	0.125428	0.119238	0.115868	1225100.000000
2014-04-02	0.003284	0.124072	0.129124	0.122387	0.311966	651900.000000
2014-04-01	0.012251	0.128359	0.136670	0.127507	1.149765	1297800.000000
2014-03-31	-0.004820	0.125041	0.125784	0.110514	-0.454560	1349000.000000
2014-03-28	0.014964	0.138217	0.144675	0.134773	1.390419	1203500.000000
2014-03-27	0.011449	0.134594	0.137641	0.131001	1.051728	1033400.000000
2014-03-26	0.001457	0.126545	0.136574	0.123601	0.133682	841000.000000
2014-03-25	0.013990	0.132467	0.141421	0.129041	1.265632	728600.000000
2014-03-24	-0.004316	0.114482	0.122407	0.111621	-0.392150	881900.000000
2014-03-21	0.014026	0.127881	0.141162	0.127100	1.256713	1157100.000000
2014-03-20	0.004597	0.117369	0.129366	0.114454	0.409989	886800.000000
2014-03-19	-0.017959	0.106331	0.114920	0.096532	-1.631066	1601100.000000
2014-03-18	0.013628	0.124422	0.138930	0.124422	1.221077	1621700.000000
2014-03-17	0.007314	0.124439	0.135119	0.123765	0.650628	1360700.000000
2014-03-14	-0.009528	0.116065	0.121855	0.110163	-0.855637	1528600.000000
2014-03-13	-0.013704	0.125590	0.138989	0.102637	-1.247803	2096600.000000
2014-03-12	-0.008829	0.102155	0.114455	0.101175	-0.811065	1375300.000000
2014-03-11	-0.001937	0.122292	0.128376	0.118924	-0.178269	757300.000000
2014-03-10	-0.001161	0.116540	0.121858	0.111983	-0.106941	647000.000000
2014-03-07	-0.010717	0.111660	0.118316	0.103823	-0.998261	1064100.000000
2014-03-06	0.009758	0.122725	0.136384	0.122400	0.900200	1001500.000000
2014-03-05	-0.002506	0.114181	0.120993	0.112883	-0.231735	1183600.000000
2014-03-04	0.016059	0.145368	0.145697	0.137128	1.461716	792000.000000
2014-03-03	-0.023803	0.097084	0.105020	0.092365	-2.219307	1901500.000000
2014-02-28	0.005962	0.127792	0.138474	0.124879	0.552605	1565200.000000
2014-02-27	0.002313	0.124886	0.126508	0.117641	0.213905	851300.000000
2014-02-26	0.015464	0.130312	0.150298	0.129653	1.408249	2934000.000000
2014-02-25	-0.009501	0.112721	0.116093	0.104237	-0.873474	2018100.000000
2014-02-24	0.016457	0.128932	0.141646	0.128268	1.488464	2210200.000000
2014-02-21	0.001480	0.123848	0.127502	0.121302	0.133682	958700.000000
2014-02-20	-0.000296	0.122520	0.125508	0.116764	-0.026733	824300.000000
2014-02-19	0.005356	0.127864	0.135320	0.124971	0.481300	919900.000000
2014-02-18	-0.007775	0.123733	0.125500	0.110262	-0.704117	1333900.000000
2014-02-14	0.013566	0.122414	0.139313	0.121183	1.212151	1214200.000000
2014-02-13	0.005718	0.116676	0.128720	0.114763	0.508034	765500.000000
2014-02-12	0.001105	0.125798	0.127600	0.121516	0.098060	1126700.000000
2014-02-11	0.020707	0.134618	0.147040	0.132893	1.800408	1570200.000000
2014-02-10	0.001437	0.127956	0.128762	0.119317	0.124778	991700.000000
2014-02-07	0.011842	0.135718	0.136884	0.129541	1.016060	1337400.000000
2014-02-06	0.022300	0.135906	0.148535	0.134714	1.871720	1266200.000000
2014-02-05	-0.000955	0.117919	0.123990	0.117086	-0.080216	1716100.000000
2014-02-04	-0.000530	0.115899	0.127082	0.114947	-0.044563	2712500.000000
2014-02-03	-0.016477	0.117520	0.121147	0.100905	-1.408249	3157300.000000
2014-01-31	-0.007247	0.095482	0.119643	0.093856	-0.623894	2385900.000000
2014-01-30	-0.001344	0.119530	0.125214	0.112454	-0.115867	1516200.000000
2014-01-29	-0.018868	0.111040	0.115593	0.100000	-1.657814	2718000.000000
2014-01-28	0.003563	0.127220	0.129162	0.121281	0.311950	1795500.000000
2014-01-27	0.001836	0.135240	0.135812	0.123110	0.160431	1499600.000000
2014-01-24	-0.042667	0.097428	0.098195	0.073657	-3.894943	2788200.000000
2014-01-23	-0.011008	0.126842	0.127275	0.106149	-1.016067	1492900.000000
2014-01-22	-0.001831	0.125643	0.128022	0.119695	-0.169350	959100.000000
2014-01-21	0.022470	0.156243	0.156907	0.135124	2.032150	1913500.000000
2014-01-17	-0.019140	0.106783	0.108084	0.098540	-1.764747	2721100.000000
2014-01-16	0.003297	0.126754	0.128495	0.117505	0.303024	911500.000000
2014-01-15	0.001749	0.111502	0.129488	0.109104	0.160446	1541900.000000
2014-01-14	0.003901	0.123827	0.130502	0.121310	0.356506	1488200.000000
2014-01-13	-0.025380	0.104476	0.110341	0.091678	-2.379745	1496500.000000
2014-01-10	0.002573	0.125067	0.125816	0.115123	0.240654	787900.000000
2014-01-09	0.000000	0.128703	0.132017	0.117048	0.000000	1101400.000000
2014-01-08	0.004307	0.117349	0.127658	0.115201	0.401062	965400.000000
2014-01-07	0.018919	0.135424	0.144506	0.135096	1.729103	1326600.000000
2014-01-06	-0.011567	0.115802	0.117532	0.105960	-1.069534	1805300.000000
2014-01-03	0.001835	0.119582	0.131284	0.118715	0.169319	512200.000000
2014-01-02	-0.027334	0.092563	0.096568	0.084343	-2.593636	1379700.000000
2013-12-31	0.010440	0.132402	0.137620	0.126971	0.980416	493100.000000
2013-12-30	-0.006413	0.119744	0.125246	0.108952	-0.606072	984100.000000
2013-12-27	0.009328	0.132859	0.138412	0.128267	0.873459	871500.000000
2013-12-26	0.012627	0.126616	0.136890	0.123805	1.167595	605200.000000
2013-12-24	0.000868	0.124347	0.125646	0.120559	0.080215	248800.000000
2013-12-23	0.002805	0.129998	0.130107	0.124571	0.258477	889200.000000
2013-12-20	0.001841	0.126098	0.130013	0.123162	0.169349	877600.000000
2013-12-19	-0.002031	0.125005	0.125113	0.117517	-0.187164	1325900.000000
2013-12-18	0.018721	0.128489	0.143302	0.118097	1.693436	752200.000000
2013-12-17	-0.005974	0.119769	0.121966	0.110977	-0.543679	759600.000000
2013-12-16	0.018860	0.140440	0.145254	0.140216	1.684540	815300.000000
2013-12-13	-0.002190	0.118391	0.122413	0.111130	-0.196075	1115900.000000
2013-12-12	-0.009664	0.114664	0.119532	0.107141	-0.873482	840400.000000
2013-12-11	-0.006466	0.124055	0.125704	0.113832	-0.588242	1089400.000000
2013-12-10	-0.004098	0.116383	0.120762	0.114084	-0.374336	977900.000000
2013-12-09	-0.001364	0.113986	0.123169	0.113658	-0.124786	832200.000000
2013-12-06	0.018963	0.127647	0.144022	0.127536	1.702369	811500.000000
2013-12-05	-0.007685	0.114118	0.118982	0.109033	-0.695221	1629800.000000
2013-12-04	-0.002359	0.107189	0.120643	0.105535	-0.213905	1283200.000000
2013-12-03	-0.003331	0.111415	0.118339	0.110975	-0.303032	1495800.000000
2013-12-02	-0.000294	0.113835	0.124823	0.113396	-0.026733	1070000.000000
2013-11-29	-0.005939	0.119017	0.120874	0.113010	-0.543701	347100.000000
2013-11-27	0.000000	0.120765	0.127755	0.118799	0.000000	696900.000000
2013-11-26	0.003125	0.119994	0.130184	0.118131	0.285209	797300.000000
2013-11-25	-0.009288	0.118276	0.127937	0.109157	-0.855629	1055800.000000
2013-11-22	-0.001835	0.113623	0.125216	0.111889	-0.169372	1166900.000000
2013-11-21	0.000097	0.122400	0.123808	0.115573	0.008934	466600.000000
2013-11-20	-0.009092	0.115846	0.124973	0.106719	-0.846718	730700.000000
2013-11-19	-0.003243	0.116080	0.124428	0.113511	-0.303047	1142700.000000
2013-11-18	0.002007	0.128186	0.131189	0.122395	0.187172	1471200.000000
2013-11-15	-0.000859	0.122824	0.124967	0.120466	-0.080208	1116800.000000
2013-11-14	0.009156	0.126832	0.135266	0.124886	0.846710	1475200.000000
2013-11-13	-0.000867	0.110190	0.122074	0.106085	-0.080208	1040400.000000
2013-11-12	-0.004792	0.115407	0.121536	0.109171	-0.445656	1781700.000000
2013-11-11	0.015078	0.125568	0.140520	0.123385	1.381516	2609700.000000
2013-11-08	0.012509	0.108153	0.137106	0.107821	1.131935	1740100.000000
2013-11-07	-0.014119	0.121378	0.123448	0.103511	-1.295937	856800.000000
2013-11-06	0.015159	0.146671	0.153860	0.145123	1.370629	857200.000000
2013-11-05	-0.001172	0.118815	0.133507	0.117490	-0.106110	665900.000000
2013-11-04	-0.002047	0.128541	0.130746	0.124021	-0.185699	1396300.000000
2013-11-01	-0.011086	0.117011	0.119845	0.107962	-1.016930	1153600.000000
2013-10-31	0.004747	0.140277	0.147835	0.130090	0.433327	2958400.000000
2013-10-30	-0.010543	0.114599	0.120018	0.108855	-0.972725	2158100.000000
2013-10-29	0.000575	0.128254	0.133242	0.127169	0.053047	1024500.000000
2013-10-28	-0.004107	0.125132	0.130964	0.119084	-0.380241	1285600.000000
2013-10-25	0.014828	0.140501	0.147954	0.137980	1.352958	1404800.000000
2013-10-24	0.001164	0.134916	0.135794	0.127564	0.106110	635800.000000
2013-10-23	-0.006076	0.128348	0.128893	0.121150	-0.557098	1133600.000000
2013-10-22	0.010328	0.133391	0.152122	0.133280	0.937347	881800.000000
2013-10-21	-0.000682	0.125461	0.130636	0.124360	-0.061897	789700.000000
2013-10-18	0.016832	0.145748	0.151794	0.142501	1.503273	950100.000000
2013-10-17	0.021647	0.150302	0.156022	0.142181	1.892380	1088000.000000
2013-10-16	0.008055	0.139966	0.143656	0.134085	0.698577	485800.000000
2013-10-15	-0.007087	0.127650	0.130055	0.120323	-0.618995	675000.000000
2013-10-14	0.003658	0.126260	0.135568	0.122697	0.318336	642500.000000
2013-10-11	0.009955	0.136775	0.142114	0.134338	0.857765	996000.000000
2013-10-10	0.016695	0.134042	0.151741	0.133688	1.414872	1057200.000000
2013-10-09	-0.009508	0.119052	0.127701	0.117766	-0.813561	2980200.000000
2013-10-08	-0.009824	0.122987	0.124607	0.117201	-0.848907	1228100.000000
2013-10-07	-0.012530	0.113258	0.119657	0.112001	-1.096512	1079200.000000
2013-10-04	0.007739	0.136729	0.140414	0.133159	0.672058	504400.000000
2013-10-03	-0.001830	0.132925	0.133500	0.123615	-0.159172	302900.000000
2013-10-02	-0.003141	0.122950	0.127304	0.115043	-0.274132	978900.000000
2013-10-01	-0.005141	0.113871	0.125270	0.110565	-0.450989	1643500.000000
2013-09-30	-0.004116	0.135397	0.137214	0.121206	-0.362556	1183400.000000
2013-09-27	-0.005987	0.122280	0.128486	0.122280	-0.530571	1464000.000000
2013-09-26	0.007541	0.139497	0.142226	0.132562	0.663223	3022900.000000
2013-09-25	0.003531	0.127775	0.139756	0.127775	0.309494	1643400.000000
2013-09-24	-0.004420	0.122791	0.128016	0.117793	-0.389091	1107100.000000
2013-09-23	-0.010044	0.137716	0.138278	0.118036	-0.893128	1250800.000000
2013-09-20	-0.019596	0.121705	0.121816	0.106932	-1.777412	1418700.000000
2013-09-19	0.001367	0.145981	0.146533	0.126109	0.123794	2665800.000000
2013-09-18	0.027794	0.134714	0.163649	0.128814	2.449471	1583300.000000
2013-09-17	-0.000201	0.123028	0.131423	0.123028	-0.017693	1292100.000000
2013-09-16	0.013626	0.147990	0.149255	0.141091	1.184960	1413100.000000
2013-09-13	0.015909	0.143824	0.149548	0.141137	1.361801	1060700.000000
2013-09-12	-0.008705	0.114180	0.122171	0.111748	-0.751640	3344300.000000
2013-09-11	0.012967	0.121002	0.145520	0.119712	1.105354	1267100.000000
2013-09-10	0.007736	0.133220	0.141968	0.131565	0.654358	744000.000000
2013-09-09	-0.001148	0.122472	0.130384	0.119284	-0.097260	1068100.000000
2013-09-06	0.010979	0.137899	0.153777	0.130498	0.919655	1446400.000000
2013-09-05	-0.008271	0.120201	0.125292	0.113808	-0.698585	871100.000000
2013-09-04	0.007170	0.116071	0.140753	0.115713	0.601326	860900.000000
2013-09-03	0.015961	0.148422	0.153873	0.141759	1.317581	908300.000000
2013-08-30	-0.006386	0.128690	0.128810	0.116532	-0.530579	1064000.000000
2013-08-29	-0.000532	0.124841	0.134706	0.120751	-0.044205	1022300.000000
2013-08-28	-0.008857	0.111301	0.124775	0.109155	-0.742797	1309400.000000
2013-08-27	-0.020754	0.112991	0.119297	0.105051	-1.777428	1048500.000000
2013-08-26	-0.005238	0.122609	0.127720	0.120751	-0.450981	578000.000000
2013-08-23	0.009016	0.128747	0.141404	0.127457	0.769325	663400.000000
2013-08-22	0.002598	0.126274	0.136026	0.124394	0.221077	545500.000000
2013-08-21	-0.002694	0.125348	0.137888	0.124997	-0.229912	1253400.000000
2013-08-20	-0.005257	0.127476	0.133188	0.120948	-0.450996	1308400.000000
2013-08-19	-0.006350	0.131667	0.132478	0.123559	-0.548248	1260600.000000
2013-08-16	-0.004588	0.134661	0.136160	0.125206	-0.397942	975500.000000
2013-08-15	-0.008792	0.110742	0.123771	0.107542	-0.769318	1328500.000000
2013-08-14	-0.012672	0.129051	0.131872	0.114495	-1.123047	1224100.000000
2013-08-13	0.001899	0.129386	0.134926	0.121021	0.168007	671200.000000
2013-08-12	0.007149	0.129490	0.139396	0.129490	0.627838	1052300.000000
2013-08-09	-0.016731	0.117981	0.123355	0.109473	-1.494430	1281000.000000
2013-08-08	0.020097	0.138850	0.154040	0.135653	1.759720	2630600.000000
2013-08-07	0.006096	0.140048	0.140968	0.132235	0.530578	1380400.000000
2013-08-06	0.001628	0.139258	0.141099	0.130051	0.141480	979000.000000
2013-08-05	0.001121	0.128667	0.134774	0.123252	0.097282	865400.000000
2013-08-02	0.002144	0.137784	0.138361	0.128893	0.185700	1617200.000000
2013-08-01	0.023300	0.150706	0.158977	0.147634	1.971962	2440500.000000
2013-07-31	0.063799	0.204889	0.217207	0.196342	5.075783	4720700.000000
2013-07-30	0.013290	0.155565	0.156838	0.141809	1.043464	1545300.000000
2013-07-29	-0.006045	0.121741	0.129970	0.121362	-0.477516	987100.000000
2013-07-26	0.004611	0.120046	0.136834	0.119792	0.362564	1185900.000000
2013-07-25	-0.004590	0.114272	0.126299	0.111867	-0.362564	1255000.000000
2013-07-24	0.008695	0.140944	0.143626	0.134432	0.680908	2845600.000000
2013-07-23	-0.007398	0.125406	0.128194	0.117421	-0.583641	2999400.000000
2013-07-22	-0.002348	0.131868	0.135535	0.128074	-0.185692	1175600.000000
2013-07-19	-0.002454	0.126063	0.133001	0.120008	-0.194542	1655600.000000
2013-07-18	-0.012556	0.111674	0.118899	0.111052	-1.008087	3048400.000000
2013-07-17	-0.011110	0.128762	0.130979	0.114474	-0.901970	1545900.000000
2013-07-16	-0.001305	0.129503	0.129872	0.116587	-0.106109	2427200.000000
2013-07-15	0.002946	0.139122	0.140479	0.131596	0.238746	1128500.000000
2013-07-12	-0.013666	0.116132	0.120756	0.107613	-1.123047	2142400.000000
2013-07-11	0.021770	0.161692	0.162314	0.149507	1.750901	2143800.000000
2013-07-10	0.010331	0.139022	0.145554	0.134499	0.822380	968900.000000
2013-07-09	0.004015	0.142838	0.143721	0.128964	0.318336	835900.000000
2013-07-08	0.018864	0.150518	0.155015	0.147305	1.467926	1315100.000000
2013-07-05	0.006174	0.143528	0.143786	0.123874	0.477509	969200.000000
2013-07-03	-0.021591	0.091259	0.106946	0.088729	-1.706673	1922900.000000
2013-07-02	-0.015203	0.116155	0.121014	0.108431	-1.220299	1138300.000000
2013-07-01	0.005650	0.133237	0.139000	0.124842	0.450966	2371300.000000
2013-06-28	0.002443	0.130103	0.138894	0.116538	0.194550	2383100.000000
2013-06-27	0.015451	0.142207	0.159297	0.141442	1.211471	1574700.000000
2013-06-26	0.020133	0.148810	0.162732	0.148290	1.547501	2089400.000000
2013-06-25	0.003232	0.128768	0.140384	0.123677	0.247597	2200200.000000
2013-06-24	-0.006878	0.095598	0.133319	0.088080	-0.530579	4767000.000000
2013-06-21	-0.002743	0.150505	0.150893	0.123876	-0.212219	2266500.000000
2013-06-20	-0.046643	0.091296	0.100169	0.076630	-3.784737	4033700.000000
2013-06-19	-0.020077	0.136290	0.137861	0.107669	-1.662475	1308600.000000
2013-06-18	-0.010880	0.117836	0.126556	0.116522	-0.910797	1882200.000000
2013-06-17	0.010029	0.143404	0.146903	0.137492	0.831215	2350500.000000
2013-06-14	0.004932	0.140677	0.146618	0.135342	0.406784	767500.000000
2013-06-13	0.006366	0.119509	0.139641	0.119509	0.521720	1008100.000000
2013-06-12	-0.000862	0.151337	0.152435	0.127077	-0.070739	791700.000000
2013-06-11	-0.010243	0.110343	0.124944	0.108896	-0.848915	759200.000000
2013-06-10	-0.007309	0.128341	0.128580	0.121154	-0.610169	717900.000000
2013-06-07	0.018447	0.135858	0.163184	0.135370	1.512146	1623200.000000
2013-06-06	0.023970	0.146720	0.158462	0.143972	1.918892	1168600.000000
2013-06-05	-0.019495	0.115668	0.120078	0.102441	-1.591728	1499100.000000
2013-06-04	0.000217	0.131959	0.135021	0.127426	0.017692	725800.000000
2013-06-03	0.004243	0.124828	0.135654	0.119292	0.344887	999200.000000
2013-05-31	-0.024204	0.112969	0.116090	0.101205	-2.016159	1568200.000000
2013-05-30	0.004586	0.137610	0.141710	0.133630	0.380242	1011200.000000
2013-05-29	-0.021088	0.120113	0.122592	0.106537	-1.786278	767900.000000
2013-05-28	0.001883	0.142920	0.148361	0.130383	0.159172	567200.000000
2013-05-24	0.000105	0.128017	0.132867	0.124232	0.008842	623700.000000
2013-05-23	0.003464	0.123259	0.135011	0.117799	0.291825	948600.000000
2013-05-22	-0.003452	0.132867	0.140556	0.124587	-0.291825	948600.000000
2013-05-21	0.001257	0.129909	0.138673	0.127421	0.106118	1081200.000000
2013-05-20	-0.009235	0.123346	0.125341	0.119239	-0.787018	832900.000000
2013-05-17	-0.003619	0.123256	0.131792	0.116709	-0.309502	1345300.000000
2013-05-16	-0.010638	0.126923	0.130393	0.117785	-0.919655	583200.000000
2013-05-15	-0.007412	0.113059	0.127412	0.113059	-0.645523	947700.000000
2013-05-14	0.009740	0.133986	0.142218	0.133639	0.840065	855000.000000
2013-05-13	0.008165	0.136700	0.141142	0.133194	0.698586	897000.000000
2013-05-10	0.005090	0.132971	0.138492	0.129446	0.433303	448700.000000
2013-05-09	-0.015445	0.120215	0.122297	0.110730	-1.335281	774000.000000
2013-05-08	0.015054	0.145062	0.150111	0.142362	1.282219	1287700.000000
2013-05-07	0.005428	0.138057	0.141598	0.124246	0.459831	785200.000000
2013-05-06	-0.004158	0.129798	0.130504	0.123333	-0.353706	607900.000000
2013-05-03	0.009974	0.132637	0.146291	0.131925	0.840073	2058800.000000
2013-05-02	0.003794	0.130856	0.139556	0.128353	0.318328	2127000.000000
2013-05-01	-0.007634	0.131329	0.138543	0.121868	-0.645523	1311600.000000
2013-04-30	0.001466	0.111906	0.133936	0.106339	0.123803	5002900.000000
2013-04-29	0.014342	0.141789	0.153082	0.140347	1.193794	3877900.000000
2013-04-26	-0.021619	0.110522	0.111580	0.097122	-1.839318	3503100.000000
2013-04-25	-0.000727	0.142367	0.143189	0.126863	-0.061904	1620200.000000
2013-04-24	-0.011803	0.113678	0.129463	0.113562	-1.016938	1559500.000000
2013-04-23	0.006435	0.140003	0.144208	0.135213	0.550911	1334400.000000
2013-04-22	-0.002016	0.154842	0.157990	0.148780	-0.172905	947800.000000
2013-04-19	0.016911	0.162991	0.181959	0.162398	1.426468	1183100.000000
2013-04-18	0.008580	0.165077	0.172132	0.154436	0.717552	1380900.000000
2013-04-17	-0.026173	0.153680	0.153913	0.126084	-2.247757	1818700.000000
2013-04-16	0.011300	0.169778	0.173193	0.159887	0.959618	713200.000000
2013-04-15	-0.021419	0.140229	0.145760	0.131932	-1.858719	1103200.000000
2013-04-12	-0.004956	0.146159	0.151662	0.142375	-0.432258	1513000.000000
2013-04-11	-0.009427	0.145236	0.151937	0.142623	-0.829941	897600.000000
2013-04-10	0.031500	0.163268	0.193378	0.162565	2.688652	2131500.000000
2013-04-09	-0.005039	0.147615	0.157640	0.143302	-0.432259	947700.000000
2013-04-08	0.016701	0.177211	0.181714	0.172233	1.409180	1218300.000000
2013-04-05	-0.019588	0.129983	0.140789	0.123825	-1.685822	1315100.000000
2013-04-04	0.004744	0.149586	0.168849	0.145617	0.406319	990500.000000
2013-04-03	-0.010585	0.167566	0.172186	0.143540	-0.916374	3954100.000000
2013-04-02	0.008256	0.161017	0.183144	0.160085	0.708893	1679200.000000
2013-04-01	-0.002310	0.156475	0.161355	0.149387	-0.198838	487800.000000
2013-03-28	0.021550	0.178310	0.184364	0.172732	1.815499	1005000.000000
2013-03-27	-0.012565	0.130336	0.144166	0.127289	-1.072014	1156200.000000
2013-03-26	0.013348	0.157064	0.173929	0.152313	1.123878	1351700.000000
2013-03-25	-0.007238	0.160480	0.164018	0.142440	-0.613815	2386800.000000
2013-03-22	0.025400	0.163720	0.186088	0.162148	2.100807	2266800.000000
2013-03-21	-0.004785	0.149368	0.156707	0.144314	-0.397682	2061300.000000
2013-03-20	0.008921	0.169697	0.172247	0.160956	0.734840	1151000.000000
2013-03-19	-0.003556	0.156224	0.162756	0.144127	-0.293945	1169400.000000
2013-03-18	0.001991	0.150162	0.171132	0.150162	0.164269	1363000.000000
2013-03-15	-0.008623	0.152742	0.154544	0.137481	-0.717560	1311900.000000
2013-03-14	0.006167	0.159609	0.167105	0.155257	0.510078	743600.000000
2013-03-13	-0.001670	0.150069	0.157553	0.148620	-0.138321	998200.000000
2013-03-12	-0.011858	0.148120	0.154918	0.139055	-0.994209	962800.000000
2013-03-11	-0.001647	0.151230	0.156588	0.148491	-0.138329	1197400.000000
2013-03-08	0.016322	0.156708	0.177644	0.153319	1.348664	2034900.000000
2013-03-07	0.015512	0.169366	0.178829	0.163835	1.262199	1292600.000000
2013-03-06	-0.006125	0.154020	0.156830	0.148157	-0.501427	718600.000000
2013-03-05	0.001798	0.154260	0.162214	0.153526	0.146973	1419500.000000
2013-03-04	-0.000106	0.148877	0.159277	0.144962	-0.008636	1958300.000000
2013-03-01	0.005851	0.153385	0.163968	0.146247	0.475471	1874700.000000
2013-02-28	0.003202	0.154979	0.163868	0.153004	0.259377	2353300.000000
2013-02-27	0.020588	0.163386	0.182286	0.162251	1.633926	2417200.000000
2013-02-26	-0.001305	0.148654	0.157085	0.144375	-0.103729	1884100.000000
2013-02-25	-0.015635	0.162034	0.164387	0.138374	-1.262215	3187700.000000
2013-02-22	0.014339	0.165126	0.173293	0.155828	1.141182	948300.000000
2013-02-21	-0.008722	0.146619	0.148113	0.138274	-0.700264	1958000.000000
2013-02-20	-0.002363	0.166897	0.168139	0.148506	-0.190201	2393300.000000
2013-02-19	0.003882	0.154836	0.161198	0.152217	0.311234	1762600.000000
2013-02-15	-0.000323	0.161321	0.164563	0.155461	-0.025940	2481900.000000
2013-02-14	0.050986	0.216207	0.233769	0.205985	3.890358	5068400.000000
2013-02-13	0.008455	0.168074	0.169924	0.163184	0.639740	1671200.000000
2013-02-12	0.014489	0.160864	0.177222	0.159925	1.080658	2083500.000000
2013-02-11	0.006181	0.150502	0.165207	0.148613	0.458191	1976600.000000
2013-02-08	-0.007639	0.147738	0.155904	0.147068	-0.570580	2457200.000000
2013-02-07	-0.011102	0.158561	0.159620	0.141747	-0.838585	2237200.000000
2013-02-06	-0.008061	0.145545	0.148959	0.142918	-0.613823	1205900.000000
2013-02-05	0.004677	0.165020	0.167658	0.158027	0.354462	2440800.000000
2013-02-04	-0.049957	0.119103	0.125245	0.097418	-3.985451	4480400.000000
2013-02-01	0.041535	0.182557	0.212454	0.176291	3.181450	4736200.000000
2013-01-31	-0.058849	0.158919	0.159165	0.066274	-4.789467	13492400.000000
2013-01-30	0.009653	0.166880	0.172215	0.164523	0.778084	1306000.000000
2013-01-29	0.015576	0.164645	0.178000	0.164393	1.236260	998200.000000
2013-01-28	0.001090	0.166419	0.167176	0.153050	0.086441	1829200.000000
2013-01-25	0.016065	0.173752	0.176187	0.166960	1.253570	1102400.000000
2013-01-24	0.001553	0.159018	0.164280	0.157606	0.121033	620200.000000
2013-01-23	-0.007926	0.152505	0.155816	0.144229	-0.622460	759600.000000
2013-01-22	0.012483	0.161607	0.171147	0.154774	0.968270	598700.000000
2013-01-18	0.009110	0.161391	0.167245	0.158919	0.700264	469900.000000
2013-01-17	-0.000899	0.157617	0.158657	0.150469	-0.069153	1827700.000000
2013-01-16	0.003383	0.162316	0.167663	0.159446	0.259354	1329900.000000
2013-01-15	0.015922	0.165717	0.178702	0.164657	1.201675	531700.000000
2013-01-14	-0.003425	0.148125	0.156047	0.146012	-0.259354	517100.000000
2013-01-11	0.011431	0.168861	0.171933	0.165789	0.855881	762400.000000
2013-01-10	0.027524	0.171940	0.188956	0.171665	2.005692	798400.000000
2013-01-09	-0.023178	0.133383	0.137136	0.126681	-1.729050	2494400.000000
2013-01-08	-0.014954	0.143239	0.144955	0.136505	-1.132523	1377600.000000
2013-01-07	-0.009162	0.147680	0.149642	0.143755	-0.700264	1310100.000000
2013-01-04	0.017962	0.159637	0.180680	0.159637	1.348641	1021300.000000
2013-01-03	-0.024595	0.134623	0.137091	0.125919	-1.893280	701200.000000
2013-01-02	0.018648	0.168220	0.178277	0.168220	1.409164	1034200.000000
2012-12-31	0.006912	0.154576	0.166968	0.154442	0.518723	445600.000000
2012-12-28	-0.013074	0.147897	0.149869	0.121070	-0.994210	432900.000000
2012-12-27	0.005947	0.164380	0.164909	0.155914	0.449555	524300.000000
2012-12-26	-0.001142	0.157500	0.163975	0.149836	-0.086456	269700.000000
2012-12-24	0.000457	0.152081	0.157897	0.147718	0.034576	228800.000000
2012-12-21	-0.011858	0.150699	0.152919	0.140510	-0.907745	893000.000000
2012-12-20	-0.003152	0.159833	0.162697	0.149806	-0.242066	1077100.000000
2012-12-19	0.005888	0.167186	0.170068	0.161292	0.449562	500700.000000
2012-12-18	0.012845	0.163341	0.173158	0.158167	0.968254	1165200.000000
2012-12-17	-0.012794	0.143218	0.146492	0.135753	-0.976905	796000.000000
2012-12-14	0.011221	0.165449	0.170216	0.161078	0.847244	1040600.000000
2012-12-13	-0.004332	0.154730	0.158949	0.148532	-0.328530	723300.000000
2012-12-12	-0.015157	0.146188	0.146708	0.137487	-1.167121	1220100.000000
2012-12-11	0.009749	0.167460	0.168640	0.162215	0.743492	1297900.000000
2012-12-10	0.005242	0.157498	0.163562	0.156444	0.397682	317500.000000
2012-12-07	0.003201	0.157368	0.160542	0.150624	0.242065	1182000.000000
2012-12-06	-0.001484	0.154463	0.156047	0.147728	-0.112381	439500.000000
2012-12-05	-0.007703	0.149763	0.149894	0.142294	-0.587875	664300.000000
2012-12-04	-0.000113	0.165485	0.166271	0.155397	-0.008644	1121900.000000
2012-12-03	0.003638	0.167490	0.169199	0.160126	0.276657	978800.000000
2012-11-30	0.017818	0.171027	0.179593	0.169823	1.331352	864200.000000
2012-11-29	0.010168	0.163602	0.170362	0.161710	0.752144	1038800.000000
2012-11-28	-0.006503	0.143410	0.150663	0.142202	-0.484138	646300.000000
2012-11-27	-0.006804	0.151105	0.153506	0.146969	-0.510071	777400.000000
2012-11-26	-0.003104	0.153782	0.156973	0.149526	-0.233422	468600.000000
2012-11-23	0.022092	0.176824	0.182261	0.174513	1.625306	270400.000000
2012-11-21	-0.009198	0.142836	0.149166	0.141355	-0.682976	592000.000000
2012-11-20	0.014409	0.167500	0.174467	0.163675	1.054726	805200.000000
2012-11-19	0.023079	0.167749	0.187596	0.167050	1.651222	891200.000000
2012-11-16	-0.000362	0.153913	0.157126	0.143854	-0.025933	569900.000000
2012-11-15	0.006933	0.165008	0.169650	0.159943	0.492783	1213600.000000
2012-11-14	-0.016978	0.152144	0.153942	0.136240	-1.227623	834000.000000
2012-11-13	0.006377	0.162692	0.175218	0.159630	0.458199	1303900.000000
2012-11-12	0.004715	0.160623	0.162720	0.156148	0.337165	542100.000000
2012-11-09	0.009519	0.158825	0.175059	0.158543	0.674332	730300.000000
2012-11-08	-0.002799	0.160086	0.163324	0.148684	-0.198837	483100.000000
2012-11-07	-0.016752	0.141897	0.143835	0.132762	-1.210335	673500.000000
2012-11-06	0.015802	0.172595	0.175407	0.168377	1.123871	556500.000000
2012-11-05	-0.014022	0.145340	0.146449	0.138270	-1.011498	825000.000000
2012-11-02	0.007973	0.169423	0.172078	0.164532	0.570595	845500.000000
2012-11-01	-0.012172	0.159054	0.159468	0.140144	-0.881813	1633300.000000
2012-10-31	-0.016547	0.158336	0.158879	0.134581	-1.218979	1627900.000000
2012-10-26	-0.003741	0.155626	0.160224	0.149405	-0.276642	900600.000000
2012-10-25	0.000819	0.163746	0.164422	0.151429	0.060502	493400.000000
2012-10-24	-0.007318	0.158454	0.164500	0.145018	-0.544632	994800.000000
2012-10-23	-0.001044	0.156842	0.158318	0.146507	-0.077820	607000.000000
2012-10-22	0.007129	0.167927	0.168873	0.159276	0.527366	851000.000000
2012-10-19	-0.009262	0.157109	0.157377	0.142378	-0.691620	1078200.000000
2012-10-18	-0.024619	0.141685	0.142077	0.126532	-1.884658	1097900.000000
2012-10-17	-0.003601	0.159441	0.162695	0.151241	-0.276657	2077400.000000
2012-10-16	0.022552	0.173078	0.184790	0.170815	1.694480	1869500.000000
2012-10-15	0.001037	0.165101	0.166300	0.152844	0.077805	1663500.000000
2012-10-12	-0.001151	0.162297	0.164559	0.152183	-0.086456	1097900.000000
2012-10-11	0.002075	0.157374	0.170576	0.156041	0.155624	699900.000000
2012-10-10	-0.006529	0.151143	0.158430	0.145314	-0.492790	732200.000000
2012-10-09	-0.026101	0.141612	0.144966	0.126000	-2.022980	1153900.000000
2012-10-08	-0.006868	0.147866	0.152479	0.146072	-0.535995	491700.000000
2012-10-05	0.018044	0.178363	0.189842	0.174579	1.383239	2497200.000000
2012-10-04	0.003281	0.163644	0.164429	0.156577	0.250695	1061100.000000
2012-10-03	-0.000565	0.145981	0.162201	0.143627	-0.043228	2849000.000000
2012-10-02	0.033665	0.192808	0.198892	0.189833	2.489830	1412000.000000
2012-10-01	-0.004191	0.161824	0.165998	0.149841	-0.311234	799800.000000
2012-09-28	-0.008654	0.149767	0.152169	0.133750	-0.648376	1208900.000000
2012-09-27	-0.010053	0.143098	0.146269	0.132263	-0.760788	1111600.000000
2012-09-26	0.012491	0.172896	0.173297	0.161791	0.933693	919800.000000
2012-09-25	-0.004147	0.169098	0.169764	0.150845	-0.311234	1119800.000000
2012-09-24	-0.002184	0.149662	0.155112	0.146338	-0.164261	409200.000000
2012-09-21	0.000115	0.162026	0.162824	0.154049	0.008660	723300.000000
2012-09-20	0.005199	0.154435	0.163122	0.152564	0.389007	792400.000000
2012-09-19	0.005110	0.166110	0.167185	0.155095	0.380394	1393800.000000
2012-09-18	0.011037	0.166758	0.173820	0.164313	0.812660	1454800.000000
2012-09-17	-0.002343	0.158198	0.162263	0.148849	-0.172905	1937100.000000
2012-09-14	0.000938	0.161318	0.163217	0.153181	0.069153	1098900.000000
2012-09-13	0.015599	0.156983	0.177368	0.153539	1.132530	1003200.000000
2012-09-12	-0.012349	0.149089	0.151402	0.139703	-0.907745	1212200.000000
2012-09-11	0.009019	0.166316	0.175650	0.159864	0.657036	1505700.000000
2012-09-10	-0.030822	0.116931	0.128904	0.116399	-2.316910	1300000.000000
2012-09-07	-0.006740	0.171110	0.173224	0.143494	-0.510078	2137700.000000
2012-09-06	0.014486	0.174402	0.183115	0.171319	1.080650	2077000.000000
2012-09-05	0.009594	0.175248	0.175925	0.162391	0.708908	1463600.000000
