2017-09-01	0.008085	0.001176	0.014699	-0.000735	0.550003	10711200.000000
2017-08-31	0.000294	0.002059	0.004117	-0.003823	0.019997	12439300.000000
2017-08-30	0.007854	0.003260	0.013485	0.003112	0.529999	9152000.000000
2017-08-29	-0.004866	-0.016369	-0.000590	-0.019171	-0.329995	12448000.000000
2017-08-28	-0.000590	0.003390	0.004864	-0.006190	-0.040000	10797600.000000
2017-08-25	0.002364	0.001625	0.008125	0.000295	0.159996	11883100.000000
2017-08-24	0.006842	0.003272	0.010115	-0.004165	0.459999	11524800.000000
2017-08-23	0.005684	-0.009574	0.010770	-0.009574	0.380005	10031600.000000
2017-08-22	0.013647	0.005155	0.014860	0.004549	0.900001	13247000.000000
2017-08-21	-0.009462	0.000000	0.003004	-0.010814	-0.630005	15791100.000000
2017-08-18	-0.000300	-0.003153	0.011411	-0.006306	-0.019996	13628900.000000
2017-08-17	-0.016393	-0.005908	-0.000886	-0.017723	-1.110001	14487900.000000
2017-08-16	-0.003825	0.002648	0.005885	-0.008533	-0.260002	15064500.000000
2017-08-15	0.001178	0.010164	0.015761	-0.000147	0.080002	15472000.000000
2017-08-14	0.016317	0.012126	0.019910	0.009132	1.089996	15094500.000000
2017-08-11	-0.006248	-0.002231	0.003719	-0.009372	-0.419998	15172800.000000
2017-08-10	-0.017682	-0.006284	-0.004384	-0.018705	-1.209999	19147200.000000
2017-08-09	-0.006533	-0.011034	-0.005807	-0.013937	-0.449997	19195700.000000
2017-08-08	-0.002318	-0.000579	0.011877	-0.003187	-0.160004	16645900.000000
2017-08-07	0.000870	0.002174	0.004059	-0.004204	0.059998	12961100.000000
2017-08-04	0.012476	0.009687	0.018788	0.008513	0.850006	18148400.000000
2017-08-03	-0.014038	-0.002460	0.001447	-0.015774	-0.970001	20937900.000000
2017-08-02	-0.002586	0.004198	0.005353	-0.006628	-0.179169	19095600.000000
2017-08-01	0.016801	0.014024	0.021803	0.009034	1.144699	22974700.000000
2017-07-31	0.015127	0.011187	0.022808	0.005972	1.015297	23059300.000000
2017-07-28	-0.002515	0.001956	0.007157	-0.004286	-0.169212	13604500.000000
2017-07-27	-0.005590	0.004926	0.015567	-0.004532	-0.378258	22650200.000000
2017-07-26	-0.000735	0.011129	0.016593	0.001087	-0.049767	19228500.000000
2017-07-25	0.029198	0.032445	0.039892	0.030621	1.921105	30833600.000000
2017-07-24	0.001515	0.003413	0.011176	0.003261	0.099540	14848400.000000
2017-07-21	-0.005425	0.000695	0.005842	-0.002484	-0.358345	14075500.000000
2017-07-20	-0.005097	0.003426	0.009752	-0.000942	-0.338424	14027600.000000
2017-07-19	-0.002840	0.008536	0.011690	-0.001226	-0.189125	12687300.000000
2017-07-18	0.000898	-0.001232	0.008690	-0.004539	0.059715	15965900.000000
2017-07-17	0.001649	0.005233	0.010353	0.000114	0.109497	17498000.000000
2017-07-14	-0.004476	-0.005862	0.003282	-0.017854	-0.298615	20742300.000000
2017-07-13	0.001494	0.008084	0.010186	0.001178	0.099541	20152000.000000
2017-07-12	0.001496	0.003729	0.010344	0.000421	0.099533	16881700.000000
2017-07-11	-0.012269	0.002403	0.003443	-0.010962	-0.826172	17134600.000000
2017-07-10	-0.003829	0.001376	0.006554	-0.002322	-0.258804	12613800.000000
2017-07-07	0.004140	0.010573	0.014584	0.001809	0.278717	14735300.000000
2017-07-06	-0.011980	0.004631	0.009181	-0.008285	-0.816223	17960700.000000
2017-07-05	0.002783	0.005661	0.011548	0.000068	0.189117	17783100.000000
2017-07-03	0.020634	0.010039	0.035125	0.010039	1.373650	16488300.000000
2017-06-30	-0.001493	0.013330	0.013780	0.000731	-0.099548	15640100.000000
2017-06-29	0.027616	0.042702	0.044243	0.021277	1.791702	40827200.000000
2017-06-28	0.014791	0.016675	0.022305	0.009167	0.945621	24015200.000000
2017-06-27	0.007056	0.011877	0.021643	0.008254	0.447930	16416300.000000
2017-06-26	0.005835	0.006849	0.015880	0.001462	0.368294	14978000.000000
2017-06-23	-0.003301	0.011421	0.013474	-0.002633	-0.209031	16395300.000000
2017-06-22	-0.003290	0.001326	0.005890	-0.003081	-0.209034	11344700.000000
2017-06-21	-0.001252	0.004317	0.010133	-0.000085	-0.079631	13532800.000000
2017-06-20	-0.008840	0.001982	0.003696	-0.004250	-0.567372	12162800.000000
2017-06-19	0.009235	0.012650	0.020355	0.010449	0.587280	13264800.000000
2017-06-16	-0.003276	0.005571	0.006669	-0.001481	-0.209030	19549900.000000
2017-06-15	-0.009580	-0.001733	0.008046	-0.007477	-0.617141	15111500.000000
2017-06-14	0.000464	-0.002202	0.008203	-0.013850	0.029853	20791600.000000
2017-06-13	0.005753	0.013378	0.019313	0.004787	0.368302	18749000.000000
2017-06-12	-0.002017	0.005566	0.019439	-0.001292	-0.129402	27444400.000000
2017-06-09	0.019617	0.014644	0.028948	0.009399	1.234283	31488800.000000
2017-06-08	0.021493	0.004631	0.036127	0.002033	1.323868	25925700.000000
2017-06-07	0.014260	0.007924	0.024720	0.006113	0.865993	16056100.000000
2017-06-06	-0.003918	-0.004718	0.003319	-0.008655	-0.238895	10764300.000000
2017-06-05	0.002291	0.003480	0.015481	0.002165	0.139355	10024900.000000
2017-06-02	0.000491	-0.007705	0.013184	-0.008198	0.029861	13643600.000000
2017-06-01	0.008920	0.010439	0.013758	-0.001509	0.537510	13922400.000000
2017-05-31	-0.017846	0.003816	0.003979	-0.024217	-1.094929	23150500.000000
2017-05-30	-0.006928	0.000099	0.004631	-0.004433	-0.428016	12603800.000000
2017-05-26	0.001937	0.003334	0.010793	-0.000234	0.119445	10848200.000000
2017-05-25	-0.005139	0.004308	0.011407	-0.003274	-0.318527	13368600.000000
2017-05-24	0.009075	0.006747	0.016515	0.003817	0.557423	16102700.000000
2017-05-23	0.010645	0.005125	0.019274	-0.000799	0.646999	12414300.000000
2017-05-22	-0.000655	0.009728	0.012030	-0.001617	-0.039810	11744800.000000
2017-05-19	0.016977	0.010149	0.032890	0.007306	1.015293	20266600.000000
2017-05-18	0.001667	0.000444	0.015016	-0.010109	0.099541	25142200.000000
2017-05-17	-0.040166	0.004631	0.004631	-0.040705	-2.498432	33251400.000000
2017-05-16	0.017421	0.005776	0.023605	0.003977	1.065071	21199500.000000
2017-05-15	0.005731	0.007099	0.014995	0.004960	0.348385	14838500.000000
2017-05-12	0.006096	-0.000996	0.011251	-0.003479	0.368293	15393200.000000
2017-05-11	0.005466	0.002634	0.013784	-0.002858	0.328484	16314000.000000
2017-05-10	0.002324	0.002463	0.011470	0.000795	0.139351	11607300.000000
2017-05-09	-0.004463	0.007122	0.013598	-0.002509	-0.268753	13179900.000000
2017-05-08	0.004316	0.003130	0.012803	0.002630	0.258797	8458300.000000
2017-05-05	0.000498	0.009303	0.010805	0.002796	0.029865	11484300.000000
2017-05-04	-0.000498	0.012302	0.016305	0.002129	-0.029865	14509800.000000
2017-05-03	0.008876	0.001098	0.015063	-0.002267	0.527561	12845300.000000
2017-05-02	0.004205	0.004462	0.009024	-0.004324	0.248848	11471900.000000
2017-05-01	0.005751	0.009219	0.020605	0.005311	0.338432	12879400.000000
2017-04-28	-0.004546	0.004124	0.007676	-0.001120	-0.268757	11917100.000000
2017-04-27	-0.009176	0.005301	0.005469	-0.012297	-0.547462	14025900.000000
2017-04-26	-0.001827	0.004469	0.015510	0.003130	-0.109200	16058000.000000
2017-04-25	0.012954	0.018159	0.030191	0.016803	0.764412	21593500.000000
2017-04-24	0.029799	0.032792	0.042042	0.030872	1.707508	24400300.000000
2017-04-21	-0.011813	0.006795	0.007830	-0.006139	-0.684990	15255900.000000
2017-04-20	0.011779	0.014990	0.023366	0.004172	0.675064	17074800.000000
2017-04-19	-0.011811	0.014727	0.019038	-0.006826	-0.684990	18104200.000000
2017-04-18	-0.009663	0.000312	0.005605	-0.008397	-0.565864	16891000.000000
2017-04-17	0.016368	0.012866	0.025015	0.005404	0.943104	14657300.000000
2017-04-13	-0.008033	0.003697	0.028316	-0.006977	-0.466584	31784400.000000
2017-04-12	-0.008809	0.008337	0.009019	-0.005656	-0.516231	15223400.000000
2017-04-11	-0.004217	-0.002883	0.003404	-0.013078	-0.248181	15247800.000000
2017-04-10	-0.002524	0.006126	0.016635	-0.000315	-0.148914	12096700.000000
2017-04-07	-0.007681	-0.002106	0.007313	-0.003283	-0.456657	13449300.000000
2017-04-06	0.005034	0.004777	0.018131	-0.002492	0.297817	13806000.000000
2017-04-05	-0.001508	0.021153	0.029930	0.004781	-0.089344	20295200.000000
2017-04-04	0.000000	0.000730	0.011870	-0.000789	0.000000	9745600.000000
2017-04-03	-0.002340	0.009165	0.011859	-0.012389	-0.138985	15460500.000000
2017-03-31	-0.011403	0.003983	0.007313	-0.004673	-0.684990	14407900.000000
2017-03-30	0.018858	0.007313	0.031737	0.006804	1.111870	14886200.000000
2017-03-29	-0.000505	0.009177	0.015111	0.004770	-0.029781	13457400.000000
2017-03-28	0.018687	0.004895	0.030281	0.003686	1.082084	15391100.000000
2017-03-27	0.004477	-0.013850	0.013904	-0.019054	0.258114	17257200.000000
2017-03-24	0.000345	0.012171	0.015815	-0.000322	0.019856	13504400.000000
2017-03-23	0.004847	0.007138	0.025621	0.003128	0.277965	16916500.000000
2017-03-22	-0.004652	-0.003621	0.013387	-0.012473	-0.268039	25648500.000000
2017-03-21	-0.026011	0.016441	0.017624	-0.020410	-1.538750	34140400.000000
2017-03-20	-0.012920	0.002808	0.007480	-0.005702	-0.774334	14813800.000000
2017-03-17	-0.012756	0.007477	0.009289	-0.008337	-0.774342	32281900.000000
2017-03-16	0.005095	0.010790	0.016750	0.006154	0.307755	15198300.000000
2017-03-15	-0.009766	0.011575	0.012887	-0.008754	-0.595646	20086900.000000
2017-03-14	-0.001463	0.004039	0.006330	-0.004474	-0.089348	11819700.000000
2017-03-13	0.000650	0.008132	0.012227	-0.001042	0.039707	13481500.000000
2017-03-10	-0.000975	0.013695	0.015168	-0.002998	-0.059562	17421900.000000
2017-03-09	0.007200	0.011434	0.023467	0.009291	0.436805	21429300.000000
2017-03-08	0.010083	0.024961	0.041112	0.016637	0.605572	30724000.000000
2017-03-07	0.003650	0.005809	0.014498	-0.001043	0.218407	17297800.000000
2017-03-06	-0.011803	0.004010	0.005331	-0.004907	-0.714775	14979400.000000
2017-03-03	0.006103	0.003325	0.017613	0.002328	0.367313	15178600.000000
2017-03-02	-0.014787	0.009604	0.012714	-0.008237	-0.903396	17270300.000000
2017-03-01	0.028925	0.030723	0.043186	0.027354	1.717441	26421700.000000
2017-02-28	-0.003499	0.001439	0.008488	-0.001750	-0.208473	17237500.000000
2017-02-27	0.007723	0.007313	0.018813	0.004776	0.456657	15711400.000000
2017-02-24	-0.017486	-0.004984	0.000001	-0.017779	-1.052299	19900300.000000
2017-02-23	0.000000	0.007645	0.010968	0.000832	0.000000	14624400.000000
2017-02-22	0.001156	0.001157	0.013967	-0.001504	0.069488	16025700.000000
2017-02-21	0.006315	0.009322	0.016018	0.008317	0.377243	15812700.000000
2017-02-17	-0.003478	-0.004032	0.003809	-0.009037	-0.208477	15120600.000000
2017-02-16	-0.001983	0.004815	0.007313	-0.005008	-0.119129	15916600.000000
2017-02-15	0.011198	0.012869	0.024822	0.005124	0.665138	22423900.000000
2017-02-14	0.014928	0.008167	0.027134	0.003895	0.873612	22359300.000000
2017-02-13	0.022905	0.013605	0.037726	0.013605	1.310413	22779800.000000
2017-02-10	0.006462	0.017164	0.019451	0.005026	0.367317	14421700.000000
2017-02-09	0.016690	0.007313	0.029133	0.007313	0.933175	18054100.000000
2017-02-08	-0.015212	0.002557	0.002557	-0.011181	-0.863682	18626600.000000
2017-02-07	-0.007807	0.013604	0.014827	-0.003697	-0.446736	13996900.000000
2017-02-06	-0.002077	0.002953	0.017602	-0.000012	-0.119125	15680200.000000
2017-02-03	0.031797	0.026387	0.041502	0.018289	1.767078	21404100.000000
2017-02-02	0.001610	0.000103	0.013080	-0.004583	0.089344	15586800.000000
2017-02-01	0.003941	0.026300	0.031005	0.011101	0.217778	17441500.000000
2017-01-31	-0.013778	0.005200	0.016442	-0.008184	-0.772126	29221000.000000
2017-01-30	-0.008755	-0.000417	0.002590	-0.013683	-0.494953	17537600.000000
2017-01-27	-0.004358	0.010725	0.011077	-0.001075	-0.247478	17074200.000000
2017-01-26	-0.005720	0.008620	0.015275	-0.001011	-0.326668	20792700.000000
2017-01-25	0.016743	0.030849	0.031205	0.016606	0.940407	21492900.000000
2017-01-24	0.019038	0.015276	0.036867	0.010196	1.049309	18416400.000000
2017-01-23	-0.007664	0.010376	0.013437	-0.002226	-0.425663	23130200.000000
2017-01-20	-0.009707	0.015367	0.018398	-0.001036	-0.544449	27722300.000000
2017-01-19	-0.012720	0.012661	0.013893	-0.007406	-0.722630	24932400.000000
2017-01-18	-0.016958	0.003448	0.008466	-0.011953	-0.980011	29276200.000000
2017-01-17	-0.020963	-0.000307	0.004945	-0.016909	-1.237385	25013800.000000
2017-01-13	0.006753	0.013949	0.028787	0.012755	0.395970	21045200.000000
2017-01-12	-0.012175	0.002952	0.007838	-0.010021	-0.722634	22778900.000000
2017-01-11	-0.004483	0.000636	0.006339	-0.006240	-0.267276	20737600.000000
2017-01-10	0.000166	0.009861	0.020765	0.005667	0.009895	13483300.000000
2017-01-09	-0.005450	0.003523	0.011698	-0.004485	-0.326664	14593000.000000
2017-01-06	0.003480	0.015889	0.018567	0.005844	0.207882	16778400.000000
2017-01-05	-0.017424	0.002958	0.010525	-0.014479	-1.059204	18317900.000000
2017-01-04	0.013534	0.011864	0.027536	0.010530	0.811722	16947500.000000
2017-01-03	0.019519	0.031444	0.038413	0.015636	1.148292	18322400.000000
2016-12-30	0.000842	0.012238	0.017342	0.006964	0.049496	16588500.000000
2016-12-29	-0.010993	0.009860	0.011542	-0.012686	-0.653336	17121200.000000
2016-12-28	-0.017188	0.008708	0.012015	-0.008159	-1.039405	17127400.000000
2016-12-27	0.001640	0.010859	0.015331	0.007878	0.098995	9544000.000000
2016-12-23	0.008266	0.010864	0.018713	0.008359	0.494949	8926200.000000
2016-12-22	-0.004280	0.008700	0.013190	0.004543	-0.257374	14571100.000000
2016-12-21	-0.000822	0.008535	0.012024	-0.000603	-0.049495	15090200.000000
2016-12-20	0.019108	0.014599	0.029499	0.014599	1.128490	23439800.000000
2016-12-19	-0.001506	0.005801	0.010704	-0.003836	-0.089085	17654400.000000
2016-12-16	-0.007969	0.016234	0.016570	0.000301	-0.475158	28405900.000000
2016-12-15	0.013120	0.021241	0.030077	0.012066	0.772125	22389300.000000
2016-12-14	-0.005686	-0.003827	0.027261	-0.006023	-0.336563	31399400.000000
2016-12-13	0.004030	0.011554	0.017321	-0.003205	0.237575	22014500.000000
2016-12-12	-0.008161	0.000269	0.011038	-0.009489	-0.485054	21879400.000000
2016-12-09	-0.001829	0.007005	0.011372	-0.005423	-0.108894	22804900.000000
2016-12-08	0.018456	0.016012	0.039958	0.010025	1.078999	32536000.000000
2016-12-07	0.019682	0.009673	0.031823	0.009673	1.128494	30517600.000000
2016-12-06	0.011173	0.022542	0.024305	0.005258	0.633541	21487500.000000
2016-12-05	0.022492	0.020836	0.037426	0.020295	1.247280	24404500.000000
2016-12-02	-0.021826	0.008962	0.009667	-0.013440	-1.237381	25110300.000000
2016-12-01	0.015606	0.017004	0.031335	0.012884	0.871121	27592500.000000
2016-11-30	0.015670	0.023115	0.032031	0.020022	0.861213	24395100.000000
2016-11-29	0.000901	0.010743	0.018756	0.007465	0.049496	15725400.000000
2016-11-28	-0.023071	-0.006172	0.002546	-0.013822	-1.296776	23645000.000000
2016-11-25	0.001588	0.008593	0.012157	0.001287	0.089092	11488200.000000
2016-11-23	0.010517	0.013798	0.023342	0.004974	0.584046	19906300.000000
2016-11-22	0.010083	0.012379	0.021291	0.008196	0.554344	21975900.000000
2016-11-21	0.001443	0.019304	0.019850	0.004368	0.079197	20410400.000000
2016-11-18	0.000180	0.008921	0.017301	0.001634	0.009899	24990000.000000
2016-11-17	0.015010	0.009642	0.035160	0.005204	0.811722	24579000.000000
2016-11-16	-0.014788	-0.012394	0.001998	-0.012394	-0.811722	24200100.000000
2016-11-15	0.014082	-0.002551	0.024791	-0.007724	0.762230	33433800.000000
2016-11-14	0.035018	0.014212	0.049587	0.013447	1.831322	43113100.000000
2016-11-11	-0.014550	-0.005821	0.001717	-0.027679	-0.772126	41809000.000000
2016-11-10	0.039155	0.019204	0.061303	0.013134	1.999607	52067300.000000
2016-11-09	0.033661	0.013435	0.051284	0.001291	1.663048	59210400.000000
2016-11-08	0.001807	0.002086	0.014455	-0.005620	0.089093	17468100.000000
2016-11-07	0.034254	0.033055	0.045219	0.032007	1.633342	19357600.000000
2016-11-04	-0.000415	0.008519	0.022984	-0.000075	-0.019794	14152500.000000
2016-11-03	-0.003927	0.013328	0.022934	0.002679	-0.188084	16224300.000000
2016-11-02	-0.008173	0.007117	0.009188	-0.002616	-0.394653	15824100.000000
2016-11-01	-0.004273	0.018693	0.024260	-0.001929	-0.207199	20691100.000000
2016-10-31	-0.008273	0.017218	0.019672	0.004948	-0.404526	15173400.000000
2016-10-28	-0.007410	0.014552	0.017394	-0.006356	-0.365055	17780300.000000
2016-10-27	-0.001600	0.019820	0.025495	0.011308	-0.078930	19181400.000000
2016-10-26	0.008469	0.006997	0.023143	0.005771	0.414387	13960000.000000
2016-10-25	0.000202	0.011698	0.018239	0.007813	0.009868	9790500.000000
2016-10-24	0.000202	0.018649	0.019876	0.012515	0.009869	10753500.000000
2016-10-21	-0.000202	0.003112	0.014559	0.001272	-0.009869	12728600.000000
2016-10-20	0.002021	0.013128	0.022141	0.008007	0.098664	13522600.000000
2016-10-19	0.010002	0.016020	0.028433	0.014365	0.483455	14663600.000000
2016-10-18	0.008025	0.025633	0.027927	0.017917	0.384793	18159900.000000
2016-10-17	-0.000206	0.013120	0.024588	0.009367	-0.009865	16655000.000000
2016-10-14	0.002888	0.037166	0.044485	0.011864	0.138126	28291800.000000
2016-10-13	-0.004723	-0.002696	0.013121	-0.010604	-0.226925	22302200.000000
2016-10-12	-0.005920	0.013124	0.018296	0.006710	-0.286129	14407300.000000
2016-10-11	-0.011302	0.008015	0.015583	-0.004054	-0.552517	16033300.000000
2016-10-10	0.005479	0.017239	0.027523	0.015388	0.266392	14022700.000000
2016-10-07	0.004280	0.012091	0.020560	0.005482	0.207195	16584000.000000
2016-10-06	0.008633	0.017287	0.022704	0.007704	0.414387	15721000.000000
2016-10-05	0.018848	0.019056	0.037523	0.019056	0.887982	18173400.000000
2016-10-04	0.015309	0.015046	0.043708	0.014615	0.710380	25542000.000000
2016-10-03	-0.004235	0.009031	0.014181	0.003880	-0.197326	13819800.000000
2016-09-30	0.031223	0.025266	0.051158	0.019291	1.410900	25563100.000000
2016-09-29	-0.022829	0.012024	0.024998	-0.018034	-1.055706	28066800.000000
2016-09-28	0.010783	0.018127	0.025340	0.007636	0.493320	15871600.000000
2016-09-27	0.010460	0.005365	0.026568	-0.002586	0.473591	16165700.000000
2016-09-26	-0.026723	-0.000220	0.002359	-0.014837	-1.243176	22646700.000000
2016-09-23	0.000849	0.011601	0.021067	0.007728	0.039467	14793500.000000
2016-09-22	0.004478	0.015482	0.022181	0.010296	0.207196	16247600.000000
2016-09-21	0.007735	0.023555	0.029653	0.008093	0.355190	16605200.000000
2016-09-20	-0.001073	0.023327	0.026590	0.010492	-0.049332	13749400.000000
2016-09-19	0.003879	0.018123	0.031664	0.015721	0.177601	12759700.000000
2016-09-16	-0.014231	0.003204	0.007294	-0.004546	-0.661057	24820800.000000
2016-09-15	0.007059	0.013537	0.025895	0.010068	0.325593	14133200.000000
2016-09-14	-0.003623	0.012889	0.024770	0.008353	-0.167729	19778400.000000
2016-09-13	-0.018205	-0.005338	0.002933	-0.011488	-0.858379	19885000.000000
2016-09-12	0.013144	0.002149	0.028578	-0.004512	0.611721	22074800.000000
2016-09-09	-0.012973	0.015870	0.021596	0.000388	-0.611721	20468100.000000
2016-09-08	0.006529	0.013110	0.026132	0.010122	0.305858	15856400.000000
2016-09-07	0.004018	0.007322	0.021039	0.004321	0.187466	13610600.000000
2016-09-06	-0.004631	0.013537	0.016524	-0.004809	-0.217064	17649500.000000
2016-09-02	0.003167	0.016533	0.021027	0.006047	0.147991	16293000.000000
2016-09-01	-0.007960	0.015236	0.019694	-0.007268	-0.374916	19403900.000000
2016-08-31	-0.003340	0.014807	0.019462	-0.000216	-0.157867	20826600.000000
2016-08-30	0.013542	0.013537	0.027906	0.012680	0.631458	17519800.000000
2016-08-29	0.003184	0.015258	0.026016	0.013537	0.147991	16700000.000000
2016-08-26	0.008348	0.015924	0.024818	0.013103	0.384789	23338500.000000
2016-08-25	0.001286	0.010279	0.017013	0.009410	0.059204	16520200.000000
2016-08-24	0.001502	0.014407	0.025067	0.012450	0.069061	16054400.000000
2016-08-23	-0.001500	0.018751	0.022226	0.012017	-0.069061	13345500.000000
2016-08-22	0.002794	0.011141	0.018329	0.007438	0.128258	11007500.000000
2016-08-19	0.000645	0.010050	0.015499	0.003075	0.029602	12207600.000000
2016-08-18	-0.002788	0.012233	0.015059	0.004408	-0.128262	14190300.000000
2016-08-17	0.000214	0.011146	0.017451	0.008320	0.009865	17899300.000000
2016-08-16	0.004958	0.010479	0.022277	0.008075	0.226929	15202100.000000
2016-08-15	0.017771	0.018874	0.033995	0.018874	0.799175	12252700.000000
2016-08-12	-0.003280	0.006445	0.010656	0.002234	-0.147987	12472900.000000
2016-08-11	0.006161	0.014875	0.023795	0.009969	0.276256	14819400.000000
2016-08-10	-0.009804	0.011329	0.013537	0.002276	-0.443993	16566700.000000
2016-08-09	-0.001305	0.013317	0.016845	0.007142	-0.059192	12203800.000000
2016-08-08	0.005249	0.015976	0.023291	0.008217	0.236790	16861600.000000
2016-08-05	0.042883	0.031801	0.057232	0.029027	1.854892	28566800.000000
2016-08-04	-0.001139	0.010073	0.017001	0.008226	-0.049335	11747900.000000
2016-08-03	0.020935	0.012123	0.035934	0.010472	0.887977	14708300.000000
2016-08-02	-0.009903	0.009102	0.018439	-0.007938	-0.424251	20089100.000000
2016-08-01	-0.008902	0.016082	0.018396	0.000350	-0.384793	14794400.000000
2016-07-29	-0.006125	0.008709	0.015377	0.006179	-0.266395	13773700.000000
2016-07-28	-0.001133	0.010552	0.014456	0.003202	-0.049332	13239600.000000
2016-07-27	0.003171	0.018364	0.030114	0.016751	0.137635	17814200.000000
2016-07-26	0.002498	0.014671	0.021832	0.013978	0.108135	16152500.000000
2016-07-25	-0.005869	0.017442	0.018590	0.008257	-0.255593	14391400.000000
2016-07-22	0.003852	0.016520	0.022514	0.010297	0.167118	12764200.000000
2016-07-21	-0.007646	0.017898	0.022473	0.008977	-0.334247	14924900.000000
2016-07-20	0.002706	0.021340	0.025240	0.013772	0.117969	16547100.000000
2016-07-19	-0.004936	0.008539	0.019951	0.005572	-0.216278	15297300.000000
2016-07-18	0.005414	0.016065	0.030291	0.015147	0.235936	18683900.000000
2016-07-15	-0.002700	0.017212	0.030485	0.003481	-0.117966	29198800.000000
2016-07-14	0.025848	0.041862	0.051017	0.035758	1.101047	37093600.000000
2016-07-13	-0.002532	0.014636	0.022832	0.007377	-0.108139	20488200.000000
2016-07-12	0.027193	0.029960	0.045835	0.028517	1.130547	23803600.000000
2016-07-11	0.007384	0.027147	0.035870	0.024724	0.304752	19752600.000000
2016-07-08	0.016711	0.029776	0.041355	0.025588	0.678322	29468600.000000
2016-07-07	0.005602	0.023901	0.041986	0.017955	0.226112	24585500.000000
2016-07-06	0.006866	0.001497	0.024695	-0.001496	0.275261	27713900.000000
2016-07-05	-0.032962	-0.001844	0.001051	-0.025001	-1.366474	25571100.000000
2016-07-01	-0.005190	0.015052	0.024411	0.007134	-0.216282	19399600.000000
2016-06-30	0.006410	0.030736	0.033634	0.006586	0.265431	34485400.000000
2016-06-29	0.041543	0.034820	0.061231	0.028783	1.651573	34004100.000000
2016-06-28	0.050935	0.052370	0.074047	0.036245	1.926830	38605600.000000
2016-06-27	-0.045161	-0.000961	0.000553	-0.033018	-1.789200	53380200.000000
2016-06-24	-0.093567	-0.070415	-0.053027	-0.078881	-4.089607	71849800.000000
2016-06-23	0.041706	0.036994	0.060589	0.036040	1.749878	25703000.000000
2016-06-22	-0.005592	0.016027	0.029299	0.010576	-0.235935	18087600.000000
2016-06-21	0.002804	0.026006	0.026956	0.009369	0.117966	14714900.000000
2016-06-20	0.007533	0.040679	0.054807	0.024396	0.314586	20244000.000000
2016-06-17	0.008547	0.024940	0.037015	0.017937	0.353909	25113400.000000
2016-06-16	0.002618	0.007527	0.021328	-0.003612	0.108139	19904800.000000
2016-06-15	0.001192	0.025455	0.039758	0.017455	0.049156	21934200.000000
2016-06-14	-0.027804	0.014384	0.026168	-0.021440	-1.179699	27621300.000000
2016-06-13	-0.016857	0.001687	0.020919	-0.000166	-0.727482	20612100.000000
2016-06-10	-0.024661	0.000488	0.003426	-0.012846	-1.091217	23071100.000000
2016-06-09	-0.012072	0.008728	0.009398	-0.003105	-0.540695	17069000.000000
2016-06-08	0.000439	0.015872	0.025253	0.011851	0.019665	13147300.000000
2016-06-07	-0.004373	0.023884	0.025218	0.012097	-0.196617	12089800.000000
2016-06-06	0.007711	0.017212	0.036709	0.013178	0.344081	17321400.000000
2016-06-03	-0.033639	-0.023069	-0.012458	-0.041694	-1.553268	36752300.000000
2016-06-02	0.000639	0.015478	0.019813	0.009844	0.029495	15483800.000000
2016-06-01	0.007945	0.005635	0.026386	-0.006596	0.363739	17212500.000000
2016-05-31	-0.000215	0.023763	0.024200	0.011316	-0.009834	21404000.000000
2016-05-27	0.010193	0.020080	0.029566	0.016550	0.462051	13762600.000000
2016-05-26	-0.017682	0.019379	0.021113	-0.001641	-0.815956	16956600.000000
2016-05-25	0.023550	0.024532	0.055807	0.024532	1.061722	23944600.000000
2016-05-24	0.016626	0.024879	0.041565	0.021722	0.737309	18976500.000000
2016-05-23	0.004677	0.016079	0.023555	0.009736	0.206447	15050500.000000
2016-05-20	-0.003551	0.025339	0.031660	0.011117	-0.157291	19610200.000000
2016-05-19	-0.017659	0.011225	0.021426	-0.010286	-0.796292	23036100.000000
2016-05-18	0.049657	0.018376	0.074008	0.018376	2.133282	37645200.000000
2016-05-17	0.012746	0.015326	0.034657	0.009197	0.540692	19943000.000000
2016-05-16	0.000928	0.017212	0.026414	0.013201	0.039321	17158400.000000
2016-05-13	-0.020227	0.016750	0.030390	-0.005906	-0.874935	19433500.000000
2016-05-12	-0.010569	0.025675	0.033224	0.001200	-0.462051	15551500.000000
2016-05-11	-0.008252	0.013129	0.029462	0.008592	-0.363739	15997900.000000
2016-05-10	0.021645	0.027641	0.040620	0.022311	0.933926	13608900.000000
2016-05-09	-0.011709	0.014922	0.021793	-0.000196	-0.511200	14251900.000000
2016-05-06	0.004070	0.007553	0.021582	0.005483	0.176956	17620900.000000
2016-05-05	-0.009628	0.019945	0.026778	0.005824	-0.422730	14912000.000000
2016-05-04	-0.019969	0.001810	0.004935	-0.014039	-0.894603	24310500.000000
2016-05-03	-0.023779	-0.002618	-0.001310	-0.019833	-1.091218	21074600.000000
2016-05-02	0.008643	0.022927	0.029301	0.008860	0.393239	13802500.000000
2016-04-29	-0.009630	0.012641	0.020042	0.002628	-0.442391	23922700.000000
2016-04-28	-0.011633	0.006670	0.022591	0.001506	-0.540695	18399500.000000
2016-04-27	0.004883	0.013748	0.034286	0.011586	0.225872	19444700.000000
2016-04-26	0.008781	0.018724	0.028538	0.012399	0.402634	15573600.000000
2016-04-25	-0.005961	0.010917	0.017421	0.000294	-0.274968	13480500.000000
2016-04-22	0.007940	0.020254	0.034676	0.018725	0.363354	17425900.000000
2016-04-21	-0.002995	0.019377	0.022863	0.007177	-0.137485	21538600.000000
2016-04-20	0.024326	0.020743	0.043282	0.020519	1.090068	21645700.000000
2016-04-19	0.011527	0.025286	0.036798	0.020997	0.510659	18833300.000000
2016-04-18	0.004230	0.006953	0.025769	0.002193	0.186588	22899200.000000
2016-04-15	-0.001334	0.051567	0.054057	0.009685	-0.058918	39168600.000000
2016-04-14	0.016497	0.015756	0.042220	0.012995	0.716885	26885100.000000
2016-04-13	0.056086	0.034085	0.081232	0.034085	2.307796	33135400.000000
2016-04-12	0.018969	0.022250	0.039089	0.018288	0.765995	19888700.000000
2016-04-11	0.016061	0.025082	0.044456	0.024327	0.638325	21083700.000000
2016-04-08	0.004966	0.033207	0.043827	0.020816	0.196403	14676100.000000
2016-04-07	-0.037984	0.004665	0.009044	-0.028175	-1.561443	22618000.000000
2016-04-06	0.008432	0.018778	0.027610	0.010438	0.343720	16169900.000000
2016-04-05	-0.013077	0.003519	0.014414	-0.004470	-0.540131	17867800.000000
2016-04-04	-0.009654	0.015650	0.023802	0.006539	-0.402634	14376300.000000
2016-04-01	0.017246	0.012678	0.039019	0.007312	0.707073	17749500.000000
2016-03-31	-0.003104	0.017072	0.029472	0.011237	-0.127670	15661700.000000
2016-03-30	0.003835	0.024634	0.039523	0.021461	0.157131	14763200.000000
2016-03-29	-0.004771	0.014887	0.014887	-0.000659	-0.196411	18160100.000000
2016-03-28	-0.000477	0.022173	0.024115	0.011975	-0.019638	13062400.000000
2016-03-24	-0.010149	0.004108	0.007954	-0.013917	-0.422275	22723400.000000
2016-03-23	-0.023283	0.015940	0.021105	-0.007533	-0.991864	23989200.000000
2016-03-22	-0.005046	0.010580	0.018988	0.002173	-0.216053	14885100.000000
2016-03-21	0.001378	0.015715	0.035127	0.011506	0.058930	16226400.000000
2016-03-18	0.016103	0.032071	0.044904	0.027793	0.677604	30801900.000000
2016-03-17	0.014681	0.012501	0.035167	-0.002208	0.608860	24262800.000000
2016-03-16	-0.008453	0.007290	0.029286	-0.007773	-0.353530	22981000.000000
2016-03-15	-0.001875	0.008503	0.017095	0.001583	-0.078560	13784700.000000
2016-03-14	-0.007444	0.010471	0.016393	-0.000188	-0.314259	15332700.000000
2016-03-11	0.039159	0.040441	0.058655	0.027887	1.590916	21068500.000000
2016-03-10	0.005346	0.029671	0.043034	0.004925	0.216041	21139800.000000
2016-03-09	0.002436	0.025978	0.027714	0.007869	0.098206	18573900.000000
2016-03-08	-0.036611	0.007295	0.011118	-0.020427	-1.531986	26265000.000000
2016-03-07	-0.005137	0.007113	0.020665	0.000456	-0.216053	22134600.000000
2016-03-04	0.000000	0.023994	0.036357	0.009729	0.000000	28071000.000000
2016-03-03	0.014448	0.016358	0.033965	0.010329	0.599048	21835200.000000
2016-03-02	0.023019	0.017548	0.042468	0.013846	0.932938	28383800.000000
2016-03-01	0.062291	0.026151	0.082242	0.024840	2.376541	30606800.000000
2016-02-29	-0.016456	0.016483	0.026022	0.001531	-0.638328	22268700.000000
2016-02-26	0.022786	0.029889	0.055201	0.021979	0.864196	23757400.000000
2016-02-25	0.013915	0.022031	0.033259	0.016149	0.520485	19889500.000000
2016-02-24	-0.003401	-0.002494	0.017222	-0.024607	-0.127666	25912400.000000
2016-02-23	-0.032895	0.007981	0.009785	-0.019846	-1.276654	26234200.000000
2016-02-22	0.013593	0.036047	0.043882	0.026384	0.520478	22028600.000000
2016-02-19	0.001799	0.015671	0.021951	-0.004213	0.068748	22426000.000000
2016-02-18	-0.021619	0.022127	0.023663	-0.011406	-0.844558	24107700.000000
2016-02-17	0.022885	0.039759	0.054945	0.034260	0.874019	29133500.000000
2016-02-16	0.035961	0.046769	0.063858	0.039445	1.325749	31802500.000000
2016-02-12	0.073185	0.048854	0.102417	0.047398	2.514030	38120400.000000
2016-02-11	-0.064956	-0.020092	-0.015737	-0.060377	-2.386360	48945600.000000
2016-02-10	-0.002666	0.045163	0.061180	0.014759	-0.098202	33390000.000000
2016-02-09	-0.007935	-0.005412	0.025290	-0.012145	-0.294617	39767200.000000
2016-02-08	-0.051430	-0.000106	0.000916	-0.050177	-2.013183	35237100.000000
2016-02-05	-0.022800	0.024029	0.034514	-0.012668	-0.913300	23599700.000000
2016-02-04	0.010654	0.011980	0.048816	0.010466	0.422280	26732600.000000
2016-02-03	-0.001484	0.024082	0.025594	-0.041671	-0.058918	43680300.000000
2016-02-02	-0.048493	0.003426	0.003426	-0.034448	-2.023007	31460900.000000
2016-02-01	-0.002349	0.013026	0.024266	0.004417	-0.098209	22860300.000000
2016-01-29	0.054222	0.028625	0.073753	0.028120	2.150677	36107600.000000
2016-01-28	-0.002962	0.035632	0.040408	0.007228	-0.117852	23212800.000000
2016-01-27	0.001482	0.016272	0.049502	0.012748	0.058853	28274800.000000
2016-01-26	0.024020	0.020834	0.051510	0.018256	0.931790	23508400.000000
2016-01-25	-0.036775	0.013337	0.017062	-0.020433	-1.481053	31924000.000000
2016-01-22	0.022665	0.042399	0.050017	0.036558	0.892552	30187200.000000
2016-01-21	-0.008397	0.020048	0.042207	0.007962	-0.333481	34976700.000000
2016-01-20	-0.034573	-0.014975	-0.002577	-0.041229	-1.422203	49905400.000000
2016-01-19	-0.012479	0.028667	0.035149	0.000100	-0.519840	39032700.000000
2016-01-15	-0.064125	-0.044935	-0.018424	-0.059763	-2.854214	52353900.000000
2016-01-14	0.004204	0.024734	0.033758	0.005557	0.186352	30129500.000000
2016-01-13	-0.036049	0.029114	0.029766	-0.021994	-1.657593	27925800.000000
2016-01-12	0.000640	0.033690	0.033690	0.006923	0.029423	26310000.000000
2016-01-11	0.015608	0.029048	0.038552	0.015124	0.706192	26284600.000000
2016-01-08	-0.030067	0.044626	0.044840	-0.013254	-1.402592	30643000.000000
2016-01-07	-0.051077	-0.001814	0.004492	-0.033751	-2.510910	37902900.000000
2016-01-06	-0.014550	0.004310	0.013932	-0.002506	-0.725819	22501800.000000
2016-01-05	-0.005281	0.027720	0.029116	0.005188	-0.264831	17444900.000000
2016-01-04	-0.011981	-0.000157	0.008512	-0.011190	-0.608112	23440200.000000
2015-12-31	-0.010516	0.015061	0.021299	0.008823	-0.539452	11025600.000000
2015-12-30	-0.012835	0.016850	0.018775	0.005497	-0.666966	8763300.000000
2015-12-29	0.011455	0.026941	0.035895	0.026552	0.588498	10155100.000000
2015-12-28	-0.006261	0.016837	0.016837	0.005038	-0.323674	8761700.000000
2015-12-24	0.001520	0.016639	0.026131	0.016058	0.078461	4671200.000000
2015-12-23	0.011921	0.025230	0.031894	0.020917	0.608124	14950200.000000
2015-12-22	0.004248	0.023482	0.026238	0.011670	0.215778	13241300.000000
2015-12-21	0.011326	0.029499	0.033481	0.016956	0.568882	16929000.000000
2015-12-18	-0.030848	0.012213	0.016457	-0.012871	-1.598755	25509600.000000
2015-12-17	-0.019666	0.021625	0.025219	-0.002965	-1.039680	17179600.000000
2015-12-16	0.026276	0.029639	0.048469	0.015274	1.353542	26044800.000000
2015-12-15	0.027789	0.034509	0.053463	0.034509	1.392784	21642300.000000
2015-12-14	-0.000196	0.020143	0.031912	0.007376	-0.009807	21586800.000000
2015-12-11	-0.029250	0.005796	0.011024	-0.018797	-1.510487	24093500.000000
2015-12-10	-0.003030	0.021089	0.027846	0.007189	-0.156929	16320900.000000
2015-12-09	-0.010864	0.013052	0.027565	-0.001079	-0.568886	19903700.000000
2015-12-08	-0.018566	0.009049	0.012235	-0.003320	-0.990627	14785500.000000
2015-12-07	-0.012525	0.013622	0.015658	-0.002293	-0.676773	15077300.000000
2015-12-04	0.029527	0.022403	0.054222	0.019735	1.549709	21464100.000000
2015-12-03	-0.011637	0.024817	0.028207	0.004668	-0.617927	19750000.000000
2015-12-02	-0.013484	0.021588	0.022146	0.003754	-0.725811	15288800.000000
2015-12-01	0.014605	0.025388	0.035001	0.022560	0.774856	11856000.000000
2015-11-30	-0.002214	0.021990	0.024246	0.015031	-0.117698	14603100.000000
2015-11-27	0.002404	0.019168	0.025012	0.012758	0.127502	5483300.000000
2015-11-25	-0.001846	0.021615	0.022367	0.011641	-0.098076	9859400.000000
2015-11-24	-0.001842	0.010717	0.023865	0.008838	-0.098083	12950900.000000
2015-11-23	-0.008585	0.018055	0.021221	0.008372	-0.460995	14547100.000000
2015-11-20	-0.005630	0.025285	0.025285	0.010101	-0.304058	14896000.000000
2015-11-19	0.001455	0.017690	0.025479	0.015094	0.078468	11997500.000000
2015-11-18	0.027856	0.026406	0.048898	0.024691	1.461434	19100300.000000
2015-11-17	-0.003725	0.023342	0.029609	0.010809	-0.196164	14845300.000000
2015-11-16	0.009780	0.015518	0.029516	0.006506	0.510037	14896600.000000
2015-11-13	-0.005425	0.014014	0.021833	0.004478	-0.284439	16828800.000000
2015-11-12	-0.026230	0.012488	0.012488	-0.007383	-1.412403	17735000.000000
2015-11-11	-0.016129	0.025391	0.025757	0.000908	-0.882744	15834000.000000
2015-11-10	0.001616	0.016250	0.027963	0.006551	0.088276	17657400.000000
2015-11-09	-0.002864	0.020457	0.025384	0.004946	-0.156937	19921800.000000
2015-11-06	0.031764	0.050046	0.063038	0.044774	1.687031	21654400.000000
2015-11-05	0.005945	0.018598	0.030340	0.018029	0.313862	13632500.000000
2015-11-04	-0.006093	0.023498	0.025945	0.010132	-0.323674	16985200.000000
2015-11-03	0.006130	0.014431	0.030151	0.013673	0.323674	13518300.000000
2015-11-02	0.012413	0.024914	0.036419	0.022804	0.647354	11999700.000000
2015-10-30	-0.009132	0.021255	0.022585	0.005675	-0.480606	18430200.000000
2015-10-29	-0.018654	0.016188	0.026630	-0.000220	-1.000454	23153900.000000
2015-10-28	0.040296	0.025326	0.066060	0.022416	2.077457	23403900.000000
2015-10-27	-0.009414	0.012791	0.016634	0.003760	-0.489963	13232400.000000
2015-10-26	-0.009881	0.012677	0.019526	0.003545	-0.519364	14530700.000000
2015-10-23	0.021520	0.029999	0.043020	0.029028	1.107323	19927100.000000
2015-10-22	0.013511	0.027764	0.041355	0.027174	0.685951	22320500.000000
2015-10-21	-0.019493	0.023374	0.026657	0.000199	-1.009330	15577800.000000
2015-10-20	-0.000378	0.020477	0.027041	0.015457	-0.019597	11128900.000000
2015-10-19	0.003226	0.014086	0.029967	0.013505	0.166588	13616200.000000
2015-10-16	-0.005286	0.027605	0.027990	0.012771	-0.274379	17569200.000000
2015-10-15	0.044361	0.042810	0.069972	0.028525	2.204853	31023100.000000
2015-10-14	-0.009568	0.017687	0.020676	0.003937	-0.480164	22288000.000000
2015-10-13	-0.001365	0.011920	0.029034	0.011522	-0.068600	13337900.000000
2015-10-12	-0.001946	0.020080	0.022662	0.010546	-0.097992	11187000.000000
2015-10-09	-0.005228	0.023836	0.027787	0.006251	-0.264587	14341200.000000
2015-10-08	0.006430	0.015903	0.030817	0.009143	0.323383	16903000.000000
2015-10-07	0.005092	0.028871	0.036266	0.017079	0.254780	16572000.000000
2015-10-06	-0.001955	0.018283	0.027259	0.013895	-0.097992	12602100.000000
2015-10-05	0.025662	0.031115	0.050346	0.029888	1.254315	14881200.000000
2015-10-02	-0.000200	-0.007750	0.020272	-0.024114	-0.009800	27320900.000000
2015-10-01	0.005644	0.016568	0.028499	0.012455	0.274379	16291000.000000
2015-09-30	0.012449	0.037346	0.037971	0.018394	0.597767	17629000.000000
2015-09-29	-0.000612	0.020893	0.029218	0.008821	-0.029403	16485000.000000
2015-09-28	-0.030069	0.022092	0.023505	-0.011823	-1.489499	21919800.000000
2015-09-25	0.028903	0.042079	0.053503	0.035847	1.391503	22341800.000000
2015-09-24	-0.019752	0.011111	0.012944	-0.007417	-0.970127	32241000.000000
2015-09-23	-0.005161	0.020882	0.025946	0.011767	-0.254792	13680200.000000
2015-09-22	-0.006507	0.005183	0.015245	0.003372	-0.323371	19610600.000000
2015-09-21	0.008352	0.031232	0.036913	0.021897	0.411571	14936600.000000
2015-09-18	-0.026331	0.001707	0.004473	-0.009950	-1.332714	33404600.000000
2015-09-17	-0.017874	0.020865	0.028433	-0.003002	-0.921139	24075200.000000
2015-09-16	0.011346	0.025579	0.034410	0.016356	0.578163	17369500.000000
2015-09-15	0.020008	0.024480	0.046699	0.022078	0.999535	17858900.000000
2015-09-14	-0.002348	0.020078	0.022075	0.012089	-0.117588	11427000.000000
2015-09-11	0.000587	0.019278	0.022075	0.011685	0.029392	12001800.000000
2015-09-10	0.003734	0.014059	0.032912	0.008644	0.186188	17467000.000000
2015-09-09	-0.014908	0.035295	0.039642	0.002300	-0.754551	16930900.000000
2015-09-08	0.020953	0.036816	0.046498	0.029151	1.038734	17160200.000000
2015-09-04	-0.023171	0.007472	0.010822	-0.012429	-1.175922	19054500.000000
2015-09-03	0.000773	0.024618	0.039407	0.017322	0.039196	15708700.000000
2015-09-02	0.015901	0.037906	0.042313	0.021479	0.793755	17515800.000000
2015-09-01	-0.047494	-0.000131	-0.000131	-0.040393	-2.489037	28621600.000000
2015-08-31	0.003754	0.017604	0.027755	0.009751	0.195988	20629000.000000
2015-08-28	-0.002994	0.013793	0.022768	0.008638	-0.156788	17205400.000000
2015-08-27	0.022188	0.038240	0.046633	0.021843	1.136722	26467300.000000
2015-08-26	0.048115	0.051779	0.071624	0.028047	2.351838	30721900.000000
2015-08-25	-0.009138	0.068318	0.069332	0.011152	-0.450764	27809200.000000
2015-08-24	-0.060821	-0.064626	0.000105	-0.103275	-3.194595	37767000.000000
2015-08-21	-0.031267	0.003324	0.015313	-0.011799	-1.695282	33437500.000000
2015-08-20	-0.029298	0.003111	0.008124	-0.009421	-1.636487	28455500.000000
2015-08-19	-0.009557	0.013916	0.019945	0.002922	-0.538967	17661300.000000
2015-08-18	-0.003808	0.018710	0.023127	0.013941	-0.215583	11593200.000000
2015-08-17	0.003126	0.012857	0.025084	0.009845	0.176391	11139200.000000
2015-08-14	0.004535	0.017807	0.027419	0.017807	0.254784	8864000.000000
2015-08-13	0.007380	0.022629	0.032850	0.013125	0.411567	15837900.000000
2015-08-12	-0.012665	0.008084	0.013395	-0.020774	-0.715354	27428700.000000
2015-08-11	-0.018727	0.007795	0.011964	-0.005582	-1.077927	18897600.000000
2015-08-10	0.014333	0.026644	0.036865	0.025763	0.813343	10812200.000000
2015-08-07	-0.003270	0.021882	0.029435	0.008885	-0.186184	11934000.000000
2015-08-06	-0.010895	0.021867	0.024299	0.005884	-0.627159	14707400.000000
2015-08-05	0.004618	0.028680	0.034090	0.022746	0.264584	10631000.000000
2015-08-04	0.000513	0.019255	0.027986	0.017858	0.029403	10984500.000000
2015-08-03	-0.000342	0.023270	0.024143	0.011574	-0.019607	10508700.000000
2015-07-31	-0.007133	0.018917	0.019784	0.011638	-0.411568	12529300.000000
2015-07-30	0.000170	0.018050	0.023597	0.010596	0.009792	11202100.000000
2015-07-29	0.009423	0.024668	0.034992	0.022393	0.538513	14460800.000000
2015-07-28	0.007074	0.029978	0.030859	0.018172	0.401429	12566700.000000
2015-07-27	-0.012606	0.007424	0.014906	-0.000754	-0.724530	20378400.000000
2015-07-24	-0.019542	0.018444	0.019638	-0.004928	-1.145553	24760800.000000
2015-07-23	-0.007789	0.020497	0.031669	0.011018	-0.460182	29432300.000000
2015-07-22	0.020982	0.021689	0.046056	0.020134	1.214096	30156200.000000
2015-07-21	0.004248	0.020476	0.029327	0.020476	0.244770	21541700.000000
2015-07-20	0.001702	0.024994	0.030905	0.019257	0.097908	16016600.000000
2015-07-17	0.002731	0.020298	0.026573	0.016986	0.156654	21055300.000000
2015-07-16	0.037726	0.047393	0.060960	0.043956	2.085495	41084000.000000
2015-07-15	0.009837	0.027737	0.037419	0.022074	0.538502	20470500.000000
2015-07-14	0.006662	0.018217	0.032009	0.015827	0.362266	18174900.000000
2015-07-13	0.017962	0.030329	0.042497	0.030329	0.959523	18803900.000000
2015-07-10	0.015826	0.037317	0.041881	0.032563	0.832241	16578700.000000
2015-07-09	0.017235	0.041461	0.047458	0.036819	0.890983	23472100.000000
2015-07-08	-0.031193	0.008413	0.008413	-0.011077	-1.664470	26169400.000000
2015-07-07	-0.010530	0.019304	0.020787	-0.016669	-0.567883	32011200.000000
2015-07-06	-0.005238	0.010645	0.019130	0.005296	-0.283943	12706200.000000
2015-07-02	-0.005567	0.016758	0.024462	0.010154	-0.303520	12062800.000000
2015-07-01	0.007965	0.035580	0.035580	0.021344	0.430805	17606100.000000
2015-06-30	0.006560	0.033254	0.036232	0.020041	0.352474	17737400.000000
2015-06-29	-0.025914	-0.002223	0.008291	-0.005667	-1.429485	22260400.000000
2015-06-26	0.002670	0.026433	0.029705	0.019708	0.146866	12148300.000000
2015-06-25	-0.008295	0.027292	0.028554	0.012691	-0.460183	12176200.000000
2015-06-24	-0.012720	0.008352	0.014225	0.005505	-0.714744	19235500.000000
2015-06-23	0.007726	0.027262	0.033718	0.024392	0.430801	16216100.000000
2015-06-22	0.012805	0.032787	0.039144	0.030970	0.704960	13011600.000000
2015-06-19	-0.009338	0.016845	0.022243	0.010727	-0.518925	18840500.000000
2015-06-18	0.003891	0.023511	0.027485	0.011228	0.215397	18739300.000000
2015-06-17	-0.009287	0.021344	0.022775	0.008995	-0.518921	17801900.000000
2015-06-16	0.007414	0.019000	0.029997	0.016115	0.411221	13563800.000000
2015-06-15	-0.008055	0.012580	0.018303	0.003460	-0.450386	17698400.000000
2015-06-12	-0.001748	0.017773	0.022058	0.011703	-0.097904	13860600.000000
2015-06-11	0.003332	0.024568	0.029941	0.019731	0.186023	19187100.000000
2015-06-10	0.018214	0.026268	0.043412	0.024626	0.998684	21275600.000000
2015-06-09	0.006289	0.019875	0.034374	0.013452	0.342686	15193100.000000
2015-06-08	-0.010491	0.021525	0.026065	0.010629	-0.577671	14961600.000000
2015-06-05	0.016447	0.034080	0.044417	0.030758	0.890980	26500400.000000
2015-06-04	-0.005393	0.018039	0.028137	0.012715	-0.293728	18517600.000000
2015-06-03	0.016630	0.027316	0.045608	0.026756	0.890987	21225400.000000
2015-06-02	0.004959	0.020406	0.032035	0.015341	0.264355	17765400.000000
2015-06-01	0.006842	0.032675	0.039663	0.028142	0.362263	18156300.000000
2015-05-29	-0.008616	0.019659	0.020220	0.008612	-0.460167	13841400.000000
2015-05-28	-0.005832	0.020413	0.020413	0.009245	-0.313320	13380900.000000
2015-05-27	0.011615	0.023227	0.035278	0.020590	0.616836	13699400.000000
2015-05-26	-0.013280	0.017256	0.018928	0.003507	-0.714744	16564500.000000
2015-05-22	0.002371	0.020226	0.030469	0.018364	0.127288	12652000.000000
2015-05-21	-0.000911	0.017622	0.025251	0.016134	-0.048957	11799200.000000
2015-05-20	-0.007952	0.020236	0.020790	0.010637	-0.430813	13954600.000000
2015-05-19	0.012073	0.023586	0.034421	0.022838	0.646221	18207400.000000
2015-05-18	0.007928	0.020402	0.033771	0.020025	0.421005	11717600.000000
2015-05-15	-0.006593	0.021157	0.021531	0.010681	-0.352470	10377200.000000
2015-05-14	0.007380	0.025678	0.031331	0.023793	0.391636	14250800.000000
2015-05-13	0.008560	0.020963	0.033127	0.016402	0.450382	15810400.000000
2015-05-12	-0.004261	0.015666	0.021533	0.007340	-0.225182	13336900.000000
2015-05-11	-0.000926	0.019453	0.023991	0.017184	-0.048961	13896800.000000
2015-05-08	0.013318	0.025942	0.036670	0.021152	0.695156	17333500.000000
2015-05-07	0.010233	0.017860	0.034311	0.014376	0.528724	14954200.000000
2015-05-06	-0.009934	0.026336	0.032851	0.003149	-0.518432	19414800.000000
2015-05-05	-0.015137	0.018914	0.024765	0.004949	-0.802101	20669100.000000
2015-05-04	0.007627	0.024023	0.031820	0.021931	0.401058	15670100.000000
2015-05-01	0.008252	0.028447	0.032281	0.022120	0.430386	13147600.000000
2015-04-30	-0.008184	0.022121	0.026305	0.006338	-0.430386	19420600.000000
2015-04-29	0.013957	0.015177	0.041014	0.014406	0.723831	22542400.000000
2015-04-28	0.004167	0.019794	0.028120	0.011662	0.215210	14134500.000000
2015-04-27	-0.001890	0.021925	0.031781	0.019992	-0.097824	15613000.000000
2015-04-24	-0.006013	0.021159	0.022311	0.015204	-0.313015	10150500.000000
2015-04-23	0.002260	0.020579	0.028087	0.016921	0.117390	13049600.000000
2015-04-22	0.011814	0.023090	0.039843	0.019779	0.606456	14873400.000000
2015-04-21	-0.013534	0.025194	0.027308	0.004056	-0.704284	19554400.000000
2015-04-20	0.002450	0.026742	0.031943	0.022697	0.127163	14730000.000000
2015-04-17	-0.017586	0.012660	0.023825	0.002062	-0.929261	23287000.000000
2015-04-16	0.015223	0.037105	0.046327	0.033647	0.792321	38345600.000000
2015-04-15	0.009103	0.026189	0.034913	0.022699	0.469520	19041100.000000
2015-04-14	0.001329	0.027553	0.028912	0.016876	0.068474	13259700.000000
2015-04-13	0.004387	0.023286	0.032451	0.021921	0.224983	11984400.000000
2015-04-10	0.005755	0.021331	0.033097	0.019370	0.293454	13032000.000000
2015-04-09	0.004625	0.019159	0.028616	0.018371	0.234764	13591400.000000
2015-04-08	0.007182	0.025288	0.036202	0.024494	0.361923	11773000.000000
2015-04-07	-0.001937	0.026470	0.028451	0.017756	-0.097820	11562700.000000
2015-04-06	-0.004628	0.008512	0.024283	0.004964	-0.234768	13250800.000000
2015-04-02	0.004649	0.023500	0.034194	0.021717	0.234768	13966900.000000
2015-04-01	0.001941	0.019335	0.029852	0.012191	0.097820	21577700.000000
2015-03-31	-0.002324	0.014789	0.024885	0.012809	-0.117378	13928900.000000
2015-03-30	0.012549	0.028926	0.042357	0.028525	0.626026	13289200.000000
2015-03-27	-0.003712	0.028303	0.028303	0.012925	-0.185848	16052400.000000
2015-03-26	-0.003698	0.018531	0.023903	0.004205	-0.185856	21839600.000000
2015-03-25	-0.010782	0.023099	0.025657	0.010699	-0.547779	15418200.000000
2015-03-24	-0.010290	0.019779	0.021532	0.011792	-0.528222	12887700.000000
2015-03-23	-0.009437	0.023276	0.023662	0.012663	-0.489086	13148900.000000
2015-03-20	0.011455	0.023482	0.037730	0.022897	0.586907	22466200.000000
2015-03-19	-0.024944	0.019457	0.020408	-0.006615	-1.310749	21150000.000000
2015-03-18	-0.002229	0.014337	0.024210	0.009590	-0.117375	18383700.000000
2015-03-17	0.002794	0.013172	0.028024	0.012220	0.146717	13902900.000000
2015-03-16	0.002802	0.026130	0.031859	0.019638	0.146725	17031600.000000
2015-03-13	-0.009985	0.018909	0.025336	0.006810	-0.528217	20780600.000000
2015-03-12	0.033442	0.054936	0.069002	0.044191	1.711807	50191200.000000
2015-03-11	0.021472	0.030094	0.052843	0.028098	1.075996	32443600.000000
2015-03-10	-0.032483	0.005321	0.009762	-0.010897	-1.682460	29061300.000000
2015-03-09	-0.002073	0.018843	0.024431	0.016724	-0.107609	17542600.000000
2015-03-06	-0.009335	0.025938	0.030901	0.010286	-0.489083	40296600.000000
2015-03-05	-0.002049	0.023073	0.023454	0.012407	-0.107589	13853800.000000
2015-03-04	-0.001117	0.017555	0.024785	0.012988	-0.058705	14698100.000000
2015-03-03	0.004487	0.030912	0.032059	0.021165	0.234768	24281900.000000
2015-03-02	0.020412	0.022311	0.043764	0.015095	1.046650	19384200.000000
2015-02-27	0.000191	0.020556	0.031284	0.017630	0.009781	18588400.000000
2015-02-26	0.006143	0.021134	0.030162	0.018779	0.313015	16358100.000000
2015-02-25	0.003661	0.017387	0.026448	0.015417	0.185848	10666000.000000
2015-02-24	0.011302	0.024303	0.041833	0.023706	0.567337	20250900.000000
2015-02-23	-0.008883	0.017376	0.017573	0.001976	-0.449947	15282600.000000
2015-02-20	0.012911	0.020911	0.038110	0.007113	0.645592	19429400.000000
2015-02-19	-0.005834	0.019528	0.024697	0.014756	-0.293450	11272000.000000
2015-02-18	-0.005223	0.014598	0.021916	0.010445	-0.264103	17666800.000000
2015-02-17	0.009570	0.017320	0.034292	0.016321	0.479306	14569400.000000
2015-02-13	0.006091	0.024722	0.034365	0.020704	0.303226	17448500.000000
2015-02-12	0.024356	0.027662	0.051326	0.024163	1.183598	28926800.000000
2015-02-11	0.005871	0.017344	0.032454	0.016516	0.283664	13079500.000000
2015-02-10	0.003658	0.038723	0.039970	0.020857	0.176072	17223700.000000
2015-02-09	0.001424	0.016486	0.030009	0.007748	0.068470	16364900.000000
2015-02-06	0.012361	0.040424	0.052008	0.033263	0.586921	25881500.000000
2015-02-05	0.002892	0.029493	0.034985	0.018509	0.136933	15481900.000000
2015-02-04	-0.009820	0.015828	0.024821	0.010181	-0.469529	19581800.000000
2015-02-03	0.024309	0.038164	0.054446	0.035808	1.134686	25220200.000000
2015-02-02	0.016401	0.027755	0.040166	0.021223	0.753200	19178200.000000
2015-01-30	-0.014070	0.010933	0.024673	0.006854	-0.655380	23729800.000000
2015-01-29	0.011040	0.021660	0.037071	0.016451	0.508648	19865700.000000
2015-01-28	-0.024840	0.023798	0.026761	-0.002871	-1.173565	26065300.000000
2015-01-27	-0.011863	0.004751	0.017509	-0.000896	-0.567215	16401200.000000
2015-01-26	0.005553	0.019584	0.031151	0.018112	0.264057	13817500.000000
2015-01-23	-0.019165	0.020878	0.026448	0.002725	-0.929081	18984700.000000
2015-01-22	0.038333	0.033666	0.065580	0.026598	1.789685	29652600.000000
2015-01-21	0.010157	0.024908	0.043516	0.020149	0.469433	22873300.000000
2015-01-20	-0.007351	0.030475	0.030904	0.012649	-0.342293	25561000.000000
2015-01-16	0.008046	0.011054	0.032487	0.008889	0.371628	32307000.000000
2015-01-15	-0.037105	0.001890	0.005643	-0.022083	-1.779904	48799400.000000
2015-01-14	-0.019392	0.000859	0.003721	-0.023467	-0.948631	44588300.000000
2015-01-13	-0.007146	0.028211	0.039780	0.006900	-0.352070	23201800.000000
2015-01-12	-0.007877	0.023334	0.025146	0.007426	-0.391178	22725800.000000
2015-01-09	-0.022334	0.027056	0.028434	-0.000505	-1.134449	20180200.000000
2015-01-08	0.015048	0.034518	0.040713	0.029123	0.753040	17467200.000000
2015-01-07	0.009270	0.038865	0.039671	0.020915	0.459641	27890800.000000
2015-01-06	-0.035205	0.025058	0.026809	-0.016777	-1.809239	31989300.000000
2015-01-05	-0.031515	0.015933	0.016875	-0.013842	-1.672329	20945400.000000
2015-01-02	0.002772	0.027253	0.033489	0.016481	0.146706	11137800.000000
2014-12-31	-0.013312	0.024579	0.026817	0.008730	-0.713928	10193000.000000
2014-12-30	0.002010	0.018418	0.026639	0.013561	0.107586	8188600.000000
2014-12-29	0.005511	0.017080	0.034739	0.015014	0.293380	9887500.000000
2014-12-26	-0.002017	0.024216	0.026841	0.020091	-0.107563	6415100.000000
2014-12-24	0.002205	0.027414	0.031548	0.020650	0.117352	6237400.000000
2014-12-23	0.008525	0.023665	0.039583	0.021960	0.449867	12277000.000000
2014-12-22	-0.000926	0.023096	0.027451	0.013252	-0.048904	11742300.000000
2014-12-19	-0.001664	0.020449	0.029711	0.015913	-0.088021	22986200.000000
2014-12-18	0.031459	0.041049	0.054696	0.035785	1.613652	23478100.000000
2014-12-17	0.025015	0.023328	0.048706	0.021329	1.251800	26918800.000000
2014-12-16	-0.030688	0.010325	0.023497	-0.009819	-1.584316	34745200.000000
2014-12-15	-0.011423	0.035549	0.035549	0.005678	-0.596554	20956200.000000
2014-12-12	-0.020363	0.012586	0.019527	-0.001483	-1.085544	23137300.000000
2014-12-11	0.000734	0.025907	0.036795	0.021590	0.039115	20641300.000000
2014-12-10	-0.024709	0.016304	0.023810	-0.004934	-1.349590	22464100.000000
2014-12-09	-0.009225	0.005659	0.018356	-0.007946	-0.508541	26262900.000000
2014-12-08	0.005171	0.020705	0.038391	0.016511	0.283600	21799300.000000
2014-12-05	0.016310	0.028829	0.046804	0.027717	0.880176	21945900.000000
2014-12-04	-0.000543	0.018083	0.026603	0.012898	-0.029342	13407400.000000
2014-12-03	0.015637	0.024598	0.039834	0.021588	0.831280	21221500.000000
2014-12-02	0.018931	0.025595	0.043995	0.025595	0.987739	15964300.000000
2014-12-01	-0.011488	0.019307	0.021392	0.005098	-0.606338	13825700.000000
2014-11-28	-0.002956	0.020073	0.023473	0.016861	-0.156479	5876800.000000
2014-11-26	-0.003681	0.024787	0.025351	0.016317	-0.195591	8704200.000000
2014-11-25	-0.001287	0.022528	0.024784	0.016138	-0.068459	13212100.000000
2014-11-24	0.013791	0.027864	0.038345	0.024434	0.723705	13733900.000000
2014-11-21	0.002616	0.033036	0.038386	0.024248	0.136914	15142200.000000
2014-11-20	-0.002609	0.014716	0.020813	0.012048	-0.136914	9721900.000000
2014-11-19	-0.002788	0.022908	0.022908	0.014357	-0.146705	8664900.000000
2014-11-18	0.004480	0.022338	0.033981	0.021383	0.234718	12907700.000000
2014-11-17	0.003559	0.016399	0.027509	0.016207	0.185818	10191900.000000
2014-11-14	-0.001123	0.020041	0.025590	0.019084	-0.058685	11345500.000000
2014-11-13	0.000375	0.023677	0.025591	0.014106	0.019573	12668400.000000
2014-11-12	-0.007248	0.013597	0.018918	0.008466	-0.381424	10271800.000000
2014-11-11	-0.001484	0.022718	0.026323	0.020062	-0.078236	9524300.000000
2014-11-10	0.002605	0.019104	0.025192	0.018533	0.136921	11235500.000000
2014-11-07	-0.004445	0.020066	0.022907	0.014006	-0.234718	13479200.000000
2014-11-06	-0.000555	0.021582	0.027828	0.018553	-0.029331	13621300.000000
2014-11-05	0.015605	0.030218	0.040215	0.023874	0.811718	18546200.000000
2014-11-04	-0.005237	0.018895	0.019660	0.006465	-0.273835	13618000.000000
2014-11-03	-0.001121	0.020427	0.026731	0.012786	-0.058685	12123000.000000
2014-10-31	0.007150	0.027338	0.036957	0.019450	0.371632	27639400.000000
2014-10-30	0.009688	0.022140	0.037291	0.016701	0.498760	21027700.000000
2014-10-29	0.004005	0.023503	0.028769	0.015897	0.205341	16322200.000000
2014-10-28	0.016476	0.023714	0.041159	0.023714	0.831112	16529200.000000
2014-10-27	-0.004054	0.016405	0.019761	0.010284	-0.205337	12134600.000000
2014-10-24	0.007586	0.023320	0.031874	0.021927	0.381344	13284400.000000
2014-10-23	0.014004	0.033817	0.046929	0.030590	0.694217	15167500.000000
2014-10-22	-0.011118	0.022723	0.033295	0.010953	-0.557335	16664500.000000
2014-10-21	0.014645	0.033045	0.042153	0.027175	0.723561	17798300.000000
2014-10-20	0.009187	0.021906	0.033957	0.020476	0.449779	13796700.000000
2014-10-17	0.006432	0.037935	0.042663	0.022517	0.312893	21969900.000000
2014-10-16	0.001409	0.008312	0.033633	0.003372	0.068447	28295100.000000
2014-10-15	-0.034778	0.011396	0.011993	-0.044042	-1.750244	55398300.000000
2014-10-14	0.031463	0.048342	0.058180	0.033790	1.535118	41368500.000000
2014-10-13	-0.004191	0.023335	0.038234	0.017620	-0.205330	26025900.000000
2014-10-10	-0.020141	0.018523	0.025722	0.002124	-1.007110	27764500.000000
2014-10-09	-0.026646	0.021555	0.021555	-0.007060	-1.368893	22423700.000000
2014-10-08	0.024771	0.021526	0.049253	0.020927	1.241779	23356300.000000
2014-10-07	-0.019319	0.017050	0.018615	0.002965	-0.987560	16837100.000000
2014-10-06	-0.000765	0.027609	0.029564	0.019009	-0.039112	12675100.000000
2014-10-03	0.020878	0.031902	0.046270	0.030505	1.046226	17716300.000000
2014-10-02	0.002936	0.019520	0.031129	0.013917	0.146676	18393400.000000
2014-10-01	-0.013894	0.019960	0.023315	0.004368	-0.704007	20757500.000000
2014-09-30	-0.004419	0.023312	0.031368	0.014470	-0.224888	21787700.000000
2014-09-29	-0.008383	0.008304	0.018436	-0.000074	-0.430233	13006900.000000
2014-09-26	0.010200	0.023313	0.035123	0.022723	0.518227	10474200.000000
2014-09-25	-0.024409	0.022147	0.022915	-0.002241	-1.271114	19262500.000000
2014-09-24	0.007949	0.023884	0.032013	0.015949	0.410675	15606000.000000
2014-09-23	-0.003771	0.017131	0.026772	0.017131	-0.195568	14586000.000000
2014-09-22	-0.008227	0.021958	0.027695	0.012779	-0.430210	16654900.000000
2014-09-19	-0.003354	0.028822	0.031681	0.015099	-0.176003	22153100.000000
2014-09-18	0.024241	0.028774	0.052200	0.024480	1.241783	27307100.000000
2014-09-17	0.000573	0.021941	0.036200	0.019988	0.029331	20379900.000000
2014-09-16	0.000956	0.019008	0.024678	0.014902	0.048890	13221300.000000
2014-09-15	-0.001337	0.022527	0.025456	0.013741	-0.068451	12805700.000000
2014-09-12	0.002872	0.022135	0.035059	0.019981	0.146675	18329200.000000
2014-09-11	0.007717	0.018381	0.031207	0.016606	0.391102	14084300.000000
2014-09-10	0.011120	0.022324	0.037288	0.021127	0.557346	13013600.000000
2014-09-09	-0.015178	0.014667	0.017418	0.004449	-0.772450	14584100.000000
2014-09-08	-0.004780	0.019985	0.031913	0.015096	-0.244449	13557800.000000
2014-09-05	-0.003240	0.019604	0.023113	0.008104	-0.166222	17484800.000000
2014-09-04	0.004595	0.023114	0.035451	0.022527	0.234673	15694900.000000
2014-09-03	0.005196	0.028234	0.033942	0.024297	0.263992	15116800.000000
2014-09-02	0.006002	0.025297	0.029257	0.018564	0.303112	11452100.000000
2014-08-29	0.005059	0.025509	0.031479	0.024116	0.254227	8981300.000000
2014-08-28	-0.009063	0.016018	0.017990	0.011284	-0.459561	10255900.000000
2014-08-27	-0.005179	0.022527	0.025469	0.013894	-0.263996	13398400.000000
2014-08-26	0.009684	0.020544	0.037777	0.019355	0.488884	18384700.000000
2014-08-25	0.013744	0.029751	0.044009	0.029751	0.684452	17502900.000000
2014-08-22	-0.002741	0.020119	0.034738	0.015914	-0.136894	20002900.000000
2014-08-21	0.025502	0.026214	0.051885	0.022723	1.241783	24162400.000000
2014-08-20	0.002012	0.021282	0.027250	0.017784	0.097786	9039500.000000
2014-08-19	0.003838	0.023136	0.038009	0.022929	0.185776	13073300.000000
2014-08-18	0.016215	0.029650	0.040776	0.027971	0.772442	13199700.000000
2014-08-15	-0.008345	0.026053	0.030008	0.005861	-0.400887	16215300.000000
2014-08-14	0.007795	0.024401	0.031114	0.022513	0.371559	9693100.000000
2014-08-13	0.006400	0.026523	0.032224	0.024623	0.303112	8602600.000000
2014-08-12	0.001033	0.018918	0.028852	0.015537	0.048890	9238600.000000
2014-08-11	-0.001238	0.024833	0.025889	0.018079	-0.058670	9130300.000000
2014-08-08	0.008115	0.022723	0.032086	0.016764	0.381336	12001500.000000
2014-08-07	-0.001662	0.030371	0.033133	0.017411	-0.078224	12377000.000000
2014-08-06	0.005220	0.019733	0.036390	0.019733	0.244449	13038300.000000
2014-08-05	-0.009309	0.021030	0.025896	0.008124	-0.440006	15912700.000000
2014-08-04	0.004990	0.030165	0.031228	0.021872	0.234680	14277000.000000
2014-08-01	-0.016561	0.016031	0.025232	0.001603	-0.792011	21822700.000000
2014-07-31	-0.021604	0.013925	0.021290	0.000627	-1.056011	23550900.000000
2014-07-30	0.011736	0.028102	0.040521	0.027274	0.567009	15327600.000000
2014-07-29	-0.005634	0.023545	0.026426	0.017164	-0.273732	13165800.000000
2014-07-28	-0.006596	0.021292	0.023950	0.012909	-0.322601	12070400.000000
2014-07-25	-0.001198	0.020885	0.025174	0.019864	-0.058655	10082900.000000
2014-07-24	-0.001794	0.023743	0.028839	0.018442	-0.087982	13282600.000000
2014-07-23	0.011694	0.023134	0.043345	0.017978	0.567005	20099200.000000
2014-07-22	0.005066	0.028109	0.032877	0.023549	0.244393	13125500.000000
2014-07-21	-0.004237	0.014671	0.021070	0.012814	-0.205296	10920200.000000
2014-07-18	0.007727	0.029375	0.036031	0.025631	0.371483	15453900.000000
2014-07-17	-0.012846	0.016357	0.026212	0.009376	-0.625656	23847600.000000
2014-07-16	0.010753	0.027078	0.034964	0.025210	0.518120	23590400.000000
2014-07-15	0.017968	0.031378	0.044898	0.031378	0.850498	34419100.000000
2014-07-14	0.030213	0.059274	0.062756	0.052309	1.388180	36149700.000000
2014-07-11	0.002132	0.021182	0.025326	0.015730	0.097759	15205700.000000
2014-07-10	-0.010131	0.008462	0.015803	0.005008	-0.469238	18671600.000000
2014-07-09	-0.000844	0.024006	0.028320	0.018181	-0.039112	14195300.000000
2014-07-08	-0.011671	0.016958	0.017597	0.007364	-0.547440	13808800.000000
2014-07-07	-0.005390	0.018898	0.020171	0.009144	-0.254177	12052300.000000
2014-07-03	0.004790	0.030810	0.037842	0.024205	0.224834	13643100.000000
2014-07-02	0.011589	0.024651	0.039954	0.023789	0.537678	16774600.000000
2014-07-01	0.007643	0.029877	0.040302	0.025533	0.351936	16699800.000000
2014-06-30	-0.000849	0.023361	0.026399	0.020106	-0.039108	12290400.000000
2014-06-27	-0.001906	0.022711	0.025310	0.016213	-0.087982	19162000.000000
2014-06-26	-0.012338	0.020574	0.021216	0.006028	-0.576767	18875700.000000
2014-06-25	0.000209	0.019932	0.028490	0.017578	0.009766	12704600.000000
2014-06-24	-0.005202	0.018457	0.031867	0.015478	-0.244393	16916400.000000
2014-06-23	0.015209	0.018390	0.041078	0.017741	0.703869	18431400.000000
2014-06-20	-0.004626	0.027444	0.028519	0.012388	-0.215084	18832900.000000
2014-06-19	-0.007719	0.023354	0.023781	0.010335	-0.361698	15747900.000000
2014-06-18	0.002930	0.022499	0.027422	0.014794	0.136864	14468500.000000
2014-06-17	0.003149	0.019492	0.031731	0.016700	0.146637	13946300.000000
2014-06-16	0.001051	0.020348	0.027011	0.011105	0.048885	12790900.000000
2014-06-13	-0.014088	0.020172	0.031404	-0.001443	-0.664768	34838700.000000
2014-06-12	-0.011063	0.018945	0.020832	0.008048	-0.527893	15670200.000000
2014-06-11	-0.010541	0.016706	0.021683	0.008619	-0.508351	13944200.000000
2014-06-10	-0.005042	0.021070	0.021277	0.010754	-0.244396	12769300.000000
2014-06-09	0.013284	0.024182	0.036725	0.023345	0.635437	14235700.000000
2014-06-06	0.006169	0.024400	0.034917	0.022717	0.293270	19149500.000000
2014-06-05	0.015664	0.025705	0.042583	0.023141	0.733200	17048300.000000
2014-06-04	-0.006433	0.019743	0.023139	0.015073	-0.303066	13075300.000000
2014-06-03	0.009004	0.017573	0.033636	0.016502	0.420372	16105800.000000
2014-06-02	0.003994	0.023572	0.031314	0.019917	0.185745	11887400.000000
2014-05-30	0.006134	0.020980	0.029851	0.020115	0.283501	11538700.000000
2014-05-29	-0.000845	0.023576	0.026818	0.020549	-0.039112	15552800.000000
2014-05-28	-0.005255	0.020992	0.029808	0.017336	-0.244389	14178100.000000
2014-05-27	0.005921	0.030065	0.045856	0.025523	0.273716	24503800.000000
2014-05-23	0.003182	0.024880	0.028569	0.021842	0.146637	9571800.000000
2014-05-22	0.006190	0.021399	0.029478	0.021181	0.283512	12711900.000000
2014-05-21	0.006444	0.029080	0.034793	0.026004	0.293263	12822600.000000
2014-05-20	-0.004704	0.019647	0.026864	0.014397	-0.215061	11789800.000000
2014-05-19	0.007106	0.015438	0.030637	0.014998	0.322601	13621000.000000
2014-05-16	-0.001720	0.021168	0.026445	0.015231	-0.078209	17186900.000000
2014-05-15	-0.012733	0.017066	0.019020	0.001870	-0.586548	21174400.000000
2014-05-14	-0.006327	0.024653	0.024869	0.013436	-0.293281	12405600.000000
2014-05-13	0.003173	0.024658	0.027688	0.022062	0.146636	12615200.000000
2014-05-12	0.005959	0.027934	0.031853	0.024016	0.273728	13305600.000000
2014-05-09	-0.003182	0.020757	0.024880	0.013596	-0.146641	15185800.000000
2014-05-08	0.009422	0.022927	0.040232	0.022927	0.430138	16065700.000000
2014-05-07	0.007334	0.026899	0.033298	0.022045	0.332382	17502000.000000
2014-05-06	-0.017380	0.019241	0.020109	0.004498	-0.801617	21786700.000000
2014-05-05	-0.011523	0.011568	0.013926	0.002996	-0.537677	16845800.000000
2014-05-02	-0.000628	0.024427	0.032565	0.017144	-0.029324	15358500.000000
2014-05-01	-0.002923	0.021005	0.028053	0.016307	-0.136856	10931500.000000
2014-04-30	-0.005191	0.022504	0.026752	0.016343	-0.244351	17077200.000000
2014-04-29	0.018182	0.029630	0.042609	0.025304	0.840546	16942400.000000
2014-04-28	-0.009424	0.020784	0.027855	0.008142	-0.439819	25780300.000000
2014-04-25	-0.012001	0.018695	0.025046	0.009380	-0.566883	18117600.000000
2014-04-24	-0.001446	0.024198	0.026946	0.014896	-0.068421	14699100.000000
2014-04-23	0.007913	0.022714	0.033368	0.020797	0.371399	13497900.000000
2014-04-22	0.003763	0.024424	0.038325	0.023355	0.175934	18584800.000000
2014-04-21	-0.007880	0.022292	0.023141	0.013593	-0.371403	17044500.000000
2014-04-17	0.000830	0.023353	0.028662	0.019106	0.039093	21360900.000000
2014-04-16	-0.002691	0.028435	0.029706	0.007680	-0.127056	24654500.000000
2014-04-15	0.013426	0.029365	0.040097	0.022497	0.625530	36511600.000000
2014-04-14	0.043564	0.061665	0.070624	0.052258	1.944985	51962300.000000
2014-04-11	-0.011897	0.011411	0.027346	-0.000097	-0.537556	31063200.000000
2014-04-10	-0.019720	0.024876	0.025527	0.000578	-0.908974	27170000.000000
2014-04-09	0.012017	0.027093	0.036095	0.016993	0.547341	22373200.000000
2014-04-08	0.001074	0.022701	0.029735	0.013690	0.048866	26874900.000000
2014-04-07	-0.011887	0.023358	0.024444	0.005332	-0.547336	30145300.000000
2014-04-04	-0.011955	0.024214	0.025501	0.005330	-0.557106	33010000.000000
2014-04-03	-0.011609	0.016778	0.018050	0.004688	-0.547341	29237100.000000
2014-04-02	0.009205	0.030633	0.035127	0.021643	0.430061	22354300.000000
2014-04-01	0.004202	0.025720	0.037112	0.024216	0.195481	26810400.000000
2014-03-31	0.007407	0.029204	0.037216	0.027904	0.342064	25651000.000000
2014-03-28	-0.004215	0.028963	0.029610	0.014085	-0.195465	39796000.000000
2014-03-27	-0.054027	-0.032545	-0.016838	-0.039072	-2.648709	112601000.000000
2014-03-26	-0.002783	0.027819	0.028836	0.010530	-0.136829	36784700.000000
2014-03-25	0.004995	0.026411	0.033566	0.023141	0.244339	17484200.000000
2014-03-24	-0.000599	0.025592	0.034786	0.017012	-0.029316	21170300.000000
2014-03-21	-0.002788	0.039032	0.039032	0.015807	-0.136829	38388600.000000
2014-03-20	0.026154	0.030458	0.054918	0.024604	1.251045	33885600.000000
2014-03-19	0.016618	0.024841	0.052471	0.020590	0.781910	30308800.000000
2014-03-18	0.008590	0.023570	0.031930	0.018211	0.400726	19517200.000000
2014-03-17	0.018131	0.036017	0.043219	0.032525	0.830769	18928200.000000
2014-03-14	-0.009508	0.024005	0.033733	0.011468	-0.439820	26135900.000000
2014-03-13	-0.013547	0.027193	0.029965	0.003736	-0.635292	38925400.000000
2014-03-12	-0.009292	0.016591	0.017014	0.008986	-0.439838	25822400.000000
2014-03-11	-0.022998	0.027475	0.028301	-0.001008	-1.114208	33244300.000000
2014-03-10	-0.001008	0.013656	0.022935	0.012006	-0.048863	15397100.000000
2014-03-07	-0.001811	0.033432	0.037548	0.016143	-0.087974	25775500.000000
2014-03-06	0.005868	0.033078	0.039082	0.028524	0.283443	26967000.000000
2014-03-05	0.012083	0.027541	0.045980	0.025865	0.576660	23620700.000000
2014-03-04	0.025625	0.038613	0.052152	0.034530	1.192395	23940500.000000
2014-03-03	-0.020974	0.005678	0.015146	0.000418	-0.996918	28678000.000000
2014-02-28	-0.001232	0.014315	0.035749	0.010953	-0.058644	31732000.000000
2014-02-27	0.007657	0.018271	0.030975	0.015518	0.361626	18598300.000000
2014-02-26	-0.001653	0.023775	0.027580	0.007920	-0.078190	28822100.000000
2014-02-25	-0.011841	0.022305	0.024812	0.008936	-0.566875	20495500.000000
2014-02-24	0.014919	0.024625	0.049006	0.024201	0.703716	23874000.000000
2014-02-21	0.002701	0.025054	0.031006	0.022503	0.127060	26881700.000000
2014-02-20	-0.001245	0.029298	0.030572	0.016771	-0.058643	25234100.000000
2014-02-19	-0.024099	0.015474	0.021690	-0.001516	-1.163094	30294400.000000
2014-02-18	-0.002827	0.023554	0.031199	0.019835	-0.136829	16217800.000000
2014-02-14	-0.006819	0.017190	0.022320	0.013907	-0.332306	18780600.000000
2014-02-13	-0.002002	0.004914	0.022526	0.004505	-0.097744	20639800.000000
2014-02-12	0.006041	0.025613	0.033236	0.022935	0.293213	23626300.000000
2014-02-11	0.006894	0.021481	0.034343	0.015673	0.332317	22982800.000000
2014-02-10	-0.000405	0.027495	0.031228	0.012565	-0.019554	19630100.000000
2014-02-07	0.022591	0.040953	0.047314	0.028866	1.065350	37875700.000000
2014-02-06	0.025287	0.030533	0.049448	0.027706	1.163082	33905600.000000
2014-02-05	0.005986	0.022703	0.036045	0.012861	0.273674	32535500.000000
2014-02-04	0.009495	0.037713	0.048752	0.030648	0.430042	31286900.000000
2014-02-03	-0.022981	0.031985	0.032416	-0.003608	-1.065350	42977600.000000
2014-01-31	-0.018012	0.006406	0.021023	0.001746	-0.850315	33425100.000000
2014-01-30	0.004784	0.031442	0.036550	0.016968	0.224789	39940700.000000
2014-01-29	-0.030645	0.009324	0.018402	-0.015847	-1.485306	54018100.000000
2014-01-28	0.016185	0.033417	0.045368	0.033417	0.771969	24780900.000000
2014-01-27	-0.010541	0.018582	0.030200	0.003231	-0.508129	39675300.000000
2014-01-24	-0.027405	0.009835	0.012256	-0.009736	-1.358284	59057100.000000
2014-01-23	-0.022736	0.018424	0.018424	-0.003266	-1.153076	34832200.000000
2014-01-22	0.000964	0.026511	0.028880	0.016643	0.048866	20841100.000000
2014-01-21	-0.008035	0.027857	0.037646	0.009453	-0.410412	27567400.000000
2014-01-17	-0.006274	0.024326	0.029579	0.014210	-0.322472	33934500.000000
2014-01-16	-0.043463	-0.003258	-0.003258	-0.025776	-2.335464	62946800.000000
2014-01-15	0.019277	0.034166	0.046495	0.031131	1.016266	33688100.000000
2014-01-14	0.004282	0.031164	0.036307	0.021639	0.224754	17771000.000000
2014-01-13	-0.018275	0.018491	0.022231	-0.000585	-0.977180	21110300.000000
2014-01-10	-0.008696	0.020202	0.021314	0.006668	-0.469048	22485900.000000
2014-01-09	0.007116	0.026901	0.032129	0.022420	0.381108	21803700.000000
2014-01-08	0.011628	0.025431	0.038842	0.023731	0.615615	25989800.000000
2014-01-07	0.006876	0.038188	0.040660	0.022783	0.361561	28840400.000000
2014-01-06	0.007678	0.027570	0.040409	0.023928	0.400639	28503100.000000
2014-01-03	0.021619	0.025703	0.046848	0.024137	1.104221	26884900.000000
2014-01-02	0.003070	0.021782	0.029049	0.017462	0.156342	16479700.000000
2013-12-31	0.003660	0.024142	0.027296	0.021186	0.185669	10706800.000000
2013-12-30	-0.006506	0.023158	0.026878	0.014933	-0.332249	11506000.000000
2013-12-27	-0.001719	0.023549	0.024527	0.020226	-0.087940	11814500.000000
2013-12-26	-0.001526	0.027062	0.028428	0.018864	-0.078175	8882900.000000
2013-12-24	0.000382	0.022377	0.024525	0.016910	0.019543	5302600.000000
2013-12-23	0.003831	0.028842	0.031782	0.023550	0.195434	13627500.000000
2013-12-20	0.006361	0.026312	0.034400	0.023748	0.322464	27871300.000000
2013-12-19	-0.001539	0.018824	0.026702	0.013309	-0.078159	20127100.000000
2013-12-18	0.025054	0.025776	0.051214	0.016086	1.241009	32921300.000000
2013-12-17	-0.004126	0.025364	0.026369	0.016317	-0.205212	17951700.000000
2013-12-16	-0.001373	0.031786	0.036203	0.020342	-0.068394	20312000.000000
2013-12-13	0.001179	0.024761	0.028982	0.018730	0.058632	16743600.000000
2013-12-12	0.003944	0.029206	0.032031	0.014474	0.195423	27240800.000000
2013-12-11	-0.019907	0.020980	0.021574	-0.000579	-1.006481	24600000.000000
2013-12-10	-0.007101	0.020211	0.033173	0.015105	-0.361564	20025700.000000
2013-12-09	0.012041	0.032297	0.042632	0.031900	0.605850	16653500.000000
2013-12-06	0.008422	0.036982	0.041993	0.026160	0.420193	19714300.000000
2013-12-05	-0.018832	0.014898	0.018634	0.001919	-0.957638	23556900.000000
2013-12-04	-0.001726	0.003919	0.026887	0.002152	-0.087948	32155300.000000
2013-12-03	-0.009312	0.020436	0.026076	0.006045	-0.478821	20588400.000000
2013-12-02	-0.005669	0.024127	0.032829	0.015812	-0.293148	19854900.000000
2013-11-29	-0.002451	0.024511	0.033770	0.019688	-0.127033	10952100.000000
2013-11-27	0.000755	0.022581	0.028180	0.021230	0.039085	13075200.000000
2013-11-26	-0.005254	0.019705	0.026618	0.017016	-0.273609	17661000.000000
2013-11-25	0.016791	0.024916	0.048152	0.024720	0.859917	32610000.000000
2013-11-22	0.013145	0.027508	0.039378	0.025530	0.664486	26051300.000000
2013-11-21	0.018909	0.025168	0.047542	0.023555	0.938091	22868900.000000
2013-11-20	-0.007817	0.020954	0.025754	0.012354	-0.390869	18347200.000000
2013-11-19	0.007482	0.022749	0.036450	0.019727	0.371319	20113300.000000
2013-11-18	0.007738	0.031475	0.043658	0.026805	0.381103	26353400.000000
2013-11-15	0.003784	0.022946	0.034971	0.019889	0.185662	22217400.000000
2013-11-14	0.004401	0.023763	0.029495	0.014346	0.214981	21758300.000000
2013-11-13	0.009491	0.018394	0.033066	0.013021	0.459274	23536400.000000
2013-11-12	-0.012956	0.019886	0.020090	0.006627	-0.635162	21627500.000000
2013-11-11	0.004605	0.020280	0.030730	0.011468	0.224742	16831200.000000
2013-11-08	0.032885	0.025894	0.061875	0.025894	1.553723	35134400.000000
2013-11-07	-0.005553	0.029879	0.034088	0.017671	-0.263836	26954900.000000
2013-11-06	0.004961	0.031392	0.032661	0.023565	0.234524	17621500.000000
2013-11-05	-0.005141	0.020618	0.023143	0.014936	-0.244297	18394200.000000
2013-11-04	-0.002257	0.025453	0.031752	0.019994	-0.107491	16513900.000000
2013-11-01	-0.000820	0.025242	0.028389	0.019787	-0.039089	19004100.000000
2013-10-31	-0.022053	0.020481	0.020481	0.000581	-1.074894	25056900.000000
2013-10-30	-0.006571	0.029266	0.029266	0.010718	-0.322411	22429200.000000
2013-10-29	0.001396	0.026008	0.029886	0.021926	0.068390	16416100.000000
2013-10-28	0.001798	0.022536	0.029079	0.021514	0.087933	15543300.000000
2013-10-25	-0.001795	0.021109	0.025804	0.019477	-0.087933	16736600.000000
2013-10-24	-0.000797	0.025190	0.026006	0.014993	-0.039074	20034600.000000
2013-10-23	-0.011229	0.017711	0.018921	0.006620	-0.556884	19530800.000000
2013-10-22	-0.005291	0.029375	0.030779	0.014533	-0.263791	27816600.000000
2013-10-21	-0.002346	0.024359	0.031963	0.020557	-0.117229	18703100.000000
2013-10-18	0.000587	0.028564	0.028564	0.017352	0.029304	24565300.000000
2013-10-17	0.005508	0.014298	0.031209	0.012486	0.273564	28304600.000000
2013-10-16	0.040524	0.035499	0.066294	0.032148	1.934414	41564100.000000
2013-10-15	-0.014919	0.025416	0.031607	0.003954	-0.722954	49035600.000000
2013-10-14	0.007720	0.015448	0.037700	0.009626	0.371242	24765900.000000
2013-10-11	-0.001015	0.025221	0.025428	0.011717	-0.048851	22990000.000000
2013-10-10	0.027529	0.041703	0.053871	0.036794	1.289639	23989600.000000
2013-10-09	0.005873	0.030215	0.038804	0.022056	0.273537	22597700.000000
2013-10-08	-0.010585	0.024409	0.029295	0.011662	-0.498253	24655300.000000
2013-10-07	-0.019536	0.012727	0.013769	0.003146	-0.937905	19144300.000000
2013-10-04	0.015289	0.024616	0.040266	0.023136	0.722962	18436000.000000
2013-10-03	-0.006364	0.025660	0.029232	0.009270	-0.302860	22013300.000000
2013-10-02	0.002263	0.019768	0.033036	0.014292	0.107471	23568300.000000
2013-10-01	0.001855	0.030733	0.036008	0.021660	0.087921	21040400.000000
2013-09-30	-0.007772	0.010579	0.022931	0.001367	-0.371246	23789300.000000
2013-09-27	-0.000818	0.020003	0.029207	0.018538	-0.039085	20243100.000000
2013-09-26	-0.006699	0.023767	0.028338	0.007767	-0.322403	23345400.000000
2013-09-25	0.006128	0.025231	0.035684	0.017496	0.293098	26930400.000000
2013-09-24	-0.012306	0.020668	0.021700	0.010343	-0.595970	26564600.000000
2013-09-23	-0.032025	-0.001625	0.002772	-0.014817	-1.602245	34571800.000000
2013-09-20	-0.014245	0.025135	0.026514	0.007205	-0.722970	28157600.000000
2013-09-19	-0.004980	0.034145	0.036694	0.017481	-0.254016	25368500.000000
2013-09-18	0.019727	0.019960	0.052746	0.019161	0.986755	31901700.000000
2013-09-17	0.003922	0.026569	0.029178	0.020950	0.195400	15469000.000000
2013-09-16	0.010101	0.037749	0.043020	0.028627	0.498249	19369100.000000
2013-09-13	0.004576	0.024170	0.030890	0.022744	0.224713	12571800.000000
2013-09-12	-0.009265	0.022146	0.024164	0.008225	-0.459179	21341600.000000
2013-09-11	-0.007046	0.022557	0.024160	0.006930	-0.351715	22251600.000000
2013-09-10	0.019964	0.036841	0.052984	0.032754	0.976982	24843900.000000
2013-09-09	0.017676	0.029174	0.042275	0.026470	0.849971	22388100.000000
2013-09-06	-0.012836	0.030128	0.030128	0.003646	-0.625263	24627200.000000
2013-09-05	0.005242	0.028718	0.035941	0.023972	0.254021	17765800.000000
2013-09-04	0.004659	0.022315	0.035584	0.018376	0.224701	18949600.000000
2013-09-03	0.021519	0.045584	0.055538	0.024194	1.016060	28906900.000000
2013-08-30	-0.002888	0.028627	0.028627	0.009410	-0.136776	24902000.000000
2013-08-29	0.003312	0.025466	0.036059	0.022711	0.156318	17293800.000000
2013-08-28	0.001451	0.019527	0.038199	0.010828	0.068387	29616600.000000
2013-08-27	-0.027419	0.007875	0.018193	-0.006157	-1.328690	29854200.000000
2013-08-26	-0.004616	0.022943	0.034035	0.018834	-0.224705	16604100.000000
2013-08-23	-0.001603	0.027660	0.032172	0.019047	-0.078163	15302800.000000
2013-08-22	0.015256	0.033969	0.046670	0.026057	0.732735	22411800.000000
2013-08-21	-0.015224	0.021098	0.023969	0.005310	-0.742504	30669600.000000
2013-08-20	0.011960	0.022314	0.042648	0.011939	0.576416	29313400.000000
2013-08-19	-0.020258	0.017663	0.019086	0.002213	-0.996521	22958800.000000
2013-08-16	-0.010027	0.020138	0.027986	0.010679	-0.498257	23497000.000000
2013-08-15	-0.014150	0.012250	0.013837	-0.001440	-0.713196	26231400.000000
2013-08-14	-0.003477	0.027118	0.036805	0.019802	-0.175869	17240200.000000
2013-08-13	0.017092	0.026374	0.048695	0.020341	0.849983	23814200.000000
2013-08-12	-0.008184	0.017176	0.019570	0.010196	-0.410339	17413200.000000
2013-08-09	-0.008884	0.022373	0.027908	0.012884	-0.449413	15613000.000000
2013-08-08	0.005437	0.035285	0.035881	0.015013	0.273556	18623800.000000
2013-08-07	0.000389	0.014214	0.026740	0.010039	0.019542	18613400.000000
2013-08-06	-0.026291	0.018138	0.020074	-0.004900	-1.358005	23692600.000000
2013-08-05	-0.002453	0.022207	0.025683	0.018731	-0.127011	10699700.000000
2013-08-02	0.002648	0.023171	0.027238	0.016588	0.136776	15440000.000000
2013-08-01	0.014004	0.037500	0.044568	0.035536	0.713204	20583300.000000
2013-07-31	0.006952	0.022371	0.047085	0.022371	0.351642	27860500.000000
2013-07-30	0.002711	0.027324	0.030892	0.020781	0.136753	16099700.000000
2013-07-29	-0.010917	0.017677	0.018657	0.005912	-0.556766	16327800.000000
2013-07-26	-0.008545	0.019089	0.019867	0.007425	-0.439560	16248100.000000
2013-07-25	0.009005	0.019636	0.033759	0.008259	0.459087	23057000.000000
2013-07-24	-0.013048	0.025691	0.029370	0.008848	-0.673984	22674500.000000
2013-07-23	-0.002264	0.027039	0.029550	0.017188	-0.117226	19492100.000000
2013-07-22	0.012417	0.024342	0.036467	0.020040	0.634926	20047200.000000
2013-07-19	-0.006453	0.022589	0.022978	0.013263	-0.332119	21762600.000000
2013-07-18	0.017378	0.031069	0.041743	0.028895	0.879116	33211400.000000
2013-07-17	-0.000772	0.026915	0.034816	0.022767	-0.039070	34814200.000000
2013-07-16	0.000386	0.027509	0.036006	0.017827	0.019539	33099000.000000
2013-07-15	0.019681	0.048538	0.050956	0.027785	0.976791	57329500.000000
2013-07-12	0.015388	0.026006	0.040122	0.021505	0.752136	26672500.000000
2013-07-11	0.008261	0.044177	0.044589	0.022105	0.400490	31097900.000000
2013-07-10	-0.011551	0.017638	0.024367	0.009686	-0.566540	23768300.000000
2013-07-09	0.013934	0.033678	0.038847	0.021274	0.673989	29512900.000000
2013-07-08	0.020400	0.031982	0.049913	0.029451	0.967033	26617000.000000
2013-07-05	0.018041	0.036211	0.043298	0.025903	0.840042	21649800.000000
2013-07-03	-0.009969	0.009297	0.015676	0.002493	-0.468868	15269700.000000
2013-07-02	-0.002073	0.024179	0.043063	0.013570	-0.097683	26615400.000000
2013-07-01	0.005837	0.035066	0.050005	-0.003349	0.273506	27234700.000000
2013-06-28	-0.006421	0.020362	0.026088	0.010820	-0.302803	28063600.000000
2013-06-27	0.014073	0.035152	0.046978	0.028056	0.654450	29309200.000000
2013-06-26	0.012979	0.041181	0.041616	0.024844	0.595848	30623500.000000
2013-06-25	0.034331	0.039977	0.066562	0.039075	1.523800	38838900.000000
2013-06-24	-0.030510	-0.000271	0.005408	-0.015780	-1.396809	50809800.000000
2013-06-21	-0.021503	0.030808	0.033159	-0.027326	-1.006111	76788800.000000
2013-06-20	-0.032909	0.010733	0.013007	-0.017377	-1.592175	48678600.000000
2013-06-19	-0.009598	0.023346	0.029692	0.011473	-0.468856	32511000.000000
2013-06-18	0.013168	0.027074	0.042214	0.026451	0.634910	19535800.000000
2013-06-17	0.002844	0.036027	0.048091	0.020219	0.136749	32128600.000000
2013-06-14	-0.021276	0.022330	0.024977	0.001362	-1.045162	27362500.000000
2013-06-13	0.017193	0.020442	0.041356	0.010503	0.830277	34191300.000000
2013-06-12	-0.010210	0.031544	0.034003	0.007564	-0.498169	38569300.000000
2013-06-11	-0.038128	-0.000493	0.002464	-0.017842	-1.934059	51536900.000000
2013-06-10	0.006396	0.031691	0.034072	0.016018	0.322357	22354400.000000
2013-06-07	0.015148	0.032617	0.043493	0.024158	0.752121	30885500.000000
2013-06-06	0.015990	0.020276	0.040739	0.015570	0.781433	35143600.000000
2013-06-05	-0.023424	0.021357	0.028751	-0.005621	-1.172154	38307500.000000
2013-06-04	-0.014049	0.022376	0.036759	0.004841	-0.713058	27899200.000000
2013-06-03	-0.000577	0.025134	0.028481	-0.003419	-0.029308	35191300.000000
2013-05-31	-0.024029	0.023755	0.027022	-0.000844	-1.250298	34618000.000000
2013-05-30	0.018937	0.023559	0.048820	0.022972	0.967033	30310100.000000
2013-05-29	0.009461	0.016639	0.039569	0.014069	0.478619	30015100.000000
2013-05-28	0.025139	0.039764	0.049693	0.035103	1.240536	28201000.000000
2013-05-24	-0.000198	0.014638	0.023958	0.013017	-0.009762	23094900.000000
2013-05-23	-0.009216	-0.012378	0.021948	-0.012779	-0.459106	42219400.000000
2013-05-22	-0.012776	0.027322	0.048130	0.007505	-0.644673	44035800.000000
2013-05-21	0.001163	0.019787	0.035263	0.019787	0.058617	28171000.000000
2013-05-20	0.002915	0.023954	0.036689	0.019776	0.146507	24697300.000000
2013-05-17	0.016598	0.034476	0.041758	0.027396	0.820511	23610900.000000
2013-05-16	-0.014219	0.016975	0.024154	0.007005	-0.713062	25290000.000000
2013-05-15	0.024955	0.021098	0.051551	0.019872	1.221000	40824400.000000
2013-05-14	0.023917	0.026476	0.050542	0.025848	1.142849	35998300.000000
2013-05-13	0.003487	0.018505	0.028375	0.016405	0.166050	17096400.000000
2013-05-10	0.003087	0.022702	0.029653	0.020174	0.146527	18476600.000000
2013-05-09	-0.013999	0.023547	0.024794	0.002985	-0.674000	27058600.000000
2013-05-08	0.024527	0.022479	0.052483	0.018648	1.152630	34220900.000000
2013-05-07	0.013269	0.030439	0.041436	0.021168	0.615371	27492800.000000
2013-05-06	0.010858	0.022665	0.047295	0.022011	0.498169	29160400.000000
2013-05-03	0.009239	0.036514	0.044873	0.031014	0.420021	20347400.000000
2013-05-02	0.014828	0.026657	0.042284	0.015496	0.664231	19996300.000000
2013-05-01	-0.016931	0.020028	0.022223	0.001594	-0.771508	21943100.000000
2013-04-30	-0.003417	0.024634	0.032289	0.016542	-0.156257	18085000.000000
2013-04-29	-0.002131	0.029871	0.032053	0.019395	-0.097653	14224700.000000
2013-04-26	-0.004033	0.021588	0.026370	0.010502	-0.185543	14989200.000000
2013-04-25	-0.000212	0.025500	0.036148	0.019198	-0.009769	25633900.000000
2013-04-24	0.014206	0.022876	0.045357	0.022656	0.644539	23560500.000000
2013-04-23	0.029015	0.030329	0.057317	0.029648	1.279331	28837900.000000
2013-04-22	0.002665	0.026935	0.029209	0.012381	0.117184	19919400.000000
2013-04-19	-0.001331	0.031927	0.033289	0.019891	-0.058594	23630500.000000
2013-04-18	-0.014211	0.024202	0.024202	0.004502	-0.634785	29877900.000000
2013-04-17	-0.019717	0.012786	0.014103	-0.010915	-0.898453	36241300.000000
2013-04-16	0.039893	0.047028	0.067567	0.045887	1.748097	40230100.000000
2013-04-15	0.002009	0.054162	0.058507	0.025122	0.087871	56796300.000000
2013-04-12	-0.002005	0.014622	0.022609	0.005494	-0.087871	24702000.000000
2013-04-11	-0.004217	0.024887	0.035113	0.014661	-0.185566	28399900.000000
2013-04-10	0.026658	0.031911	0.055708	0.030744	1.142601	28334200.000000
2013-04-09	0.007576	0.027034	0.040903	0.026799	0.322269	26793500.000000
2013-04-08	0.012788	0.025169	0.038501	0.012789	0.537133	23502800.000000
2013-04-05	0.005611	-0.000442	0.033316	-0.004033	0.234375	32561500.000000
2013-04-04	0.006353	0.024701	0.035543	0.015546	0.263675	38527900.000000
2013-04-03	-0.036500	0.020729	0.023746	-0.020361	-1.572292	47968100.000000
2013-04-02	0.007308	0.028421	0.040113	0.026083	0.312504	25145000.000000
2013-04-01	-0.010172	0.025830	0.034857	0.010554	-0.439457	19623400.000000
2013-03-28	-0.004949	0.023748	0.030657	0.014535	-0.214863	25355400.000000
2013-03-27	-0.008253	0.014842	0.019638	0.008675	-0.361332	26298000.000000
2013-03-26	0.007642	0.028581	0.037788	0.020986	0.332039	24940500.000000
2013-03-25	-0.016361	0.035977	0.037336	0.003603	-0.722664	32795800.000000
2013-03-22	0.000000	0.030770	0.030997	0.017640	0.000000	26449100.000000
2013-03-21	-0.018659	0.019979	0.031977	0.004650	-0.839866	33126900.000000
2013-03-20	0.006551	0.031805	0.038961	0.028004	0.292968	24498700.000000
2013-03-19	-0.009732	0.029736	0.039701	0.005377	-0.439464	44416000.000000
2013-03-18	-0.021582	-0.002455	0.008812	-0.005272	-0.996102	38550200.000000
2013-03-15	-0.004214	0.025273	0.026352	0.012328	-0.195320	48856400.000000
2013-03-14	0.010432	0.025940	0.039021	0.025722	0.478523	26017300.000000
2013-03-13	0.000426	0.022452	0.025069	0.010456	0.019532	27654300.000000
2013-03-12	-0.013655	0.018385	0.020752	-0.001836	-0.634777	35089100.000000
2013-03-11	0.019709	0.026830	0.051179	0.017837	0.898464	51807400.000000
2013-03-08	0.037333	0.046278	0.062662	0.032398	1.640655	63728900.000000
2013-03-07	0.009421	0.023519	0.036612	0.020992	0.410164	40245900.000000
2013-03-06	0.022477	0.032668	0.050987	0.031024	0.957043	35986300.000000
2013-03-05	0.015371	0.035186	0.049971	0.027794	0.644554	43223400.000000
2013-03-04	0.019710	0.021060	0.044161	0.020574	0.810555	27216000.000000
2013-03-01	0.003336	0.013975	0.037397	0.000800	0.136726	29850300.000000
2013-02-28	-0.004507	0.022035	0.036851	0.014020	-0.185558	28914100.000000
2013-02-27	0.021071	0.024226	0.050018	0.017282	0.849636	29204600.000000
2013-02-26	0.003402	0.030448	0.034679	0.002329	0.136722	46233000.000000
2013-02-25	-0.038327	0.031875	0.037858	-0.017900	-1.601600	34939800.000000
2013-02-22	0.010390	0.034859	0.038969	0.025429	0.429695	23756400.000000
2013-02-21	-0.020129	0.013791	0.014028	-0.007532	-0.849621	37602900.000000
2013-02-20	-0.028764	0.023518	0.023518	-0.007777	-1.250031	26464100.000000
2013-02-19	0.015055	0.027482	0.044299	0.026548	0.644551	23709100.000000
2013-02-15	-0.010830	0.027675	0.028368	0.008037	-0.468762	23244700.000000
2013-02-14	0.007273	0.020022	0.033753	0.018160	0.312504	20048500.000000
2013-02-13	-0.007892	0.026749	0.031598	0.010356	-0.341797	26663400.000000
2013-02-12	0.027810	0.026114	0.056015	0.020419	1.171887	39087500.000000
2013-02-11	0.011012	0.023499	0.041253	0.019420	0.458999	23462700.000000
2013-02-08	-0.004432	0.025889	0.029233	0.016574	-0.185547	17441800.000000
2013-02-07	-0.004181	0.025406	0.034444	0.006615	-0.175785	29381400.000000
2013-02-06	0.003029	0.014435	0.027080	0.013958	0.126961	22059300.000000
2013-02-05	0.016820	0.029073	0.047995	0.027375	0.693367	24224200.000000
2013-02-04	-0.018828	0.008507	0.021122	0.003746	-0.791031	25691500.000000
2013-02-01	0.020398	0.031750	0.049238	0.025435	0.839852	34997400.000000
2013-01-31	0.005246	0.022513	0.032524	0.016165	0.214851	21324700.000000
2013-01-30	-0.004981	0.020093	0.024708	0.014505	-0.205032	21801200.000000
2013-01-29	-0.004251	0.017691	0.030512	0.014788	-0.175740	26998900.000000
2013-01-28	-0.013283	0.025893	0.025893	0.007992	-0.556514	27213600.000000
2013-01-25	0.002570	0.032119	0.037145	0.019915	0.107387	26707200.000000
2013-01-24	0.018563	0.026172	0.052984	0.024710	0.761551	34462600.000000
2013-01-23	0.005744	0.025938	0.035009	0.018339	0.234329	32339300.000000
2013-01-22	0.002881	0.016601	0.028156	0.003571	0.117165	42035900.000000
2013-01-18	0.010184	0.024968	0.036641	0.020994	0.410072	40807100.000000
2013-01-17	-0.029190	0.001317	0.003487	-0.013872	-1.210678	80185700.000000
2013-01-16	-0.002114	0.023501	0.030959	0.016524	-0.087868	36165300.000000
2013-01-15	0.008290	0.014276	0.036837	0.013306	0.341713	29118700.000000
2013-01-14	-0.002834	0.024706	0.029302	0.008983	-0.117157	26795300.000000
2013-01-11	-0.011441	0.023983	0.024223	0.002461	-0.478412	42517300.000000
2013-01-10	0.018792	0.031531	0.049073	0.022761	0.771316	42154200.000000
2013-01-09	-0.009892	0.025188	0.043279	0.008543	-0.410061	44923500.000000
2013-01-08	-0.000236	0.019882	0.024223	0.013611	-0.009769	28185200.000000
2013-01-07	0.000943	0.026878	0.027119	0.013118	0.039051	36305100.000000
2013-01-04	0.025127	0.033378	0.052680	0.030162	1.015408	46310100.000000
2013-01-03	0.003394	0.022236	0.030430	0.019008	0.136684	38343300.000000
2013-01-02	0.042720	0.059175	0.071861	0.053738	1.650043	45648500.000000
2012-12-31	0.014099	0.022385	0.039713	0.014771	0.536999	37172800.000000
2012-12-28	-0.006115	0.013002	0.024223	0.011697	-0.234333	24563800.000000
2012-12-27	-0.007585	0.027589	0.032768	-0.000639	-0.292911	30332300.000000
2012-12-26	0.004317	0.025003	0.033846	0.019021	0.165985	20297700.000000
2012-12-24	-0.002785	0.020332	0.025779	0.015664	-0.107388	8674800.000000
2012-12-21	-0.016928	-0.008159	0.010964	-0.018358	-0.663933	47568200.000000
2012-12-20	0.018251	0.020847	0.043175	0.020328	0.702969	37806600.000000
2012-12-19	-0.000253	0.030192	0.041094	0.020329	-0.009762	45812600.000000
2012-12-18	0.007918	0.025792	0.044890	0.014543	0.302674	62611800.000000
2012-12-17	0.041223	0.028853	0.067807	0.028581	1.513343	52474700.000000
2012-12-14	0.008313	0.024772	0.034934	0.019828	0.302658	24596000.000000
2012-12-13	-0.006395	0.023404	0.030226	0.015762	-0.234317	30445400.000000
2012-12-12	0.014324	0.028375	0.046922	0.027268	0.517467	42252800.000000
2012-12-11	-0.005109	0.030832	0.034413	0.014308	-0.185505	29748900.000000
2012-12-10	-0.011955	0.016332	0.020413	0.007624	-0.439350	26715900.000000
2012-12-07	0.016747	0.035289	0.044419	0.032246	0.605328	43946600.000000
2012-12-06	0.015359	0.027874	0.040235	0.018323	0.546756	44260900.000000
2012-12-05	0.063284	0.053494	0.107259	0.048417	2.118676	84672900.000000
2012-12-04	0.002046	0.021529	0.032902	0.019733	0.068351	31781900.000000
2012-12-03	-0.010125	0.035777	0.036666	0.011186	-0.341728	38383600.000000
2012-11-30	-0.018177	0.016659	0.025095	-0.004576	-0.624862	41674500.000000
2012-11-29	0.003992	0.033276	0.040870	0.022763	0.136699	31678000.000000
2012-11-28	0.000856	0.016330	0.025392	-0.005008	0.029278	48663700.000000
2012-11-27	-0.014900	0.023071	0.031421	0.008385	-0.517464	31273300.000000
2012-11-26	-0.012767	0.018537	0.018821	0.005176	-0.449123	25519300.000000
2012-11-23	0.007269	0.029663	0.033672	0.025654	0.253857	13501300.000000
2012-11-21	-0.006389	0.026783	0.026783	0.012273	-0.224568	19638900.000000
2012-11-20	-0.002770	0.017130	0.032450	0.012874	-0.097629	37247900.000000
2012-11-19	0.032018	0.046183	0.066386	0.045304	1.093513	34352000.000000
2012-11-16	-0.006532	0.022477	0.027131	-0.006030	-0.224563	52828200.000000
2012-11-15	0.005425	0.029194	0.047035	0.023930	0.185497	39677700.000000
2012-11-14	-0.031526	0.027905	0.032720	-0.011750	-1.113026	49909500.000000
2012-11-13	-0.007139	0.012692	0.034066	0.010443	-0.253845	25977400.000000
2012-11-12	0.013637	0.029639	0.047313	0.025078	0.478405	24364200.000000
2012-11-09	-0.001945	0.012273	0.039017	0.007152	-0.068352	37701300.000000
2012-11-08	-0.001386	0.035871	0.041270	0.021382	-0.048801	40321600.000000
2012-11-07	-0.062907	0.001592	0.006118	-0.041539	-2.362782	68287600.000000
2012-11-06	0.030815	0.027791	0.056607	0.027242	1.122814	39803700.000000
2012-11-05	-0.007447	0.016051	0.023950	0.006517	-0.273384	25782400.000000
2012-11-02	-0.009223	0.028271	0.029890	0.012347	-0.341728	24526300.000000
2012-11-01	0.015249	0.029429	0.041211	0.023400	0.556523	36174700.000000
2012-10-31	0.021585	0.035133	0.049129	0.028415	0.771110	34193700.000000
2012-10-26	-0.021652	0.017102	0.021758	-0.000972	-0.790630	40482500.000000
2012-10-25	0.002949	0.036032	0.039328	0.013510	0.107361	32797300.000000
2012-10-24	0.011114	0.034494	0.046992	0.028107	0.400203	41788700.000000
2012-10-23	-0.022004	0.004669	0.013089	-0.000491	-0.810158	36533100.000000
2012-10-22	0.015070	0.025875	0.040763	0.022567	0.546616	35734500.000000
2012-10-19	-0.032795	0.014097	0.014897	-0.013102	-1.229870	59598800.000000
2012-10-18	-0.000260	0.019431	0.032227	0.013300	-0.009769	43728600.000000
2012-10-17	0.031678	0.036048	0.058326	0.033023	1.151794	69122700.000000
2012-10-16	0.016094	0.017510	0.045177	0.013039	0.575890	128150100.000000
2012-10-15	0.054964	0.043660	0.081986	0.037763	1.864319	76080200.000000
2012-10-12	-0.021678	0.004018	0.028246	-0.000308	-0.751580	42554900.000000
2012-10-11	0.010814	0.039949	0.054234	0.030911	0.370919	44125600.000000
2012-10-10	0.015607	0.027754	0.041670	0.024200	0.527084	29302200.000000
2012-10-09	-0.005175	0.025675	0.033334	0.016838	-0.175690	29208800.000000
2012-10-08	0.000287	0.008585	0.028032	0.008585	0.009754	20622700.000000
2012-10-05	-0.005435	0.037098	0.047354	0.013947	-0.185455	42369700.000000
2012-10-04	0.026424	0.035024	0.055478	0.030813	0.878475	39524000.000000
2012-10-03	0.024053	0.030041	0.049139	0.018028	0.780877	34206500.000000
2012-10-02	0.015572	0.040763	0.044204	0.028250	0.497804	25460500.000000
2012-10-01	0.000917	0.033264	0.051737	0.023870	0.029284	33550700.000000
2012-09-28	-0.007583	0.017039	0.029158	0.010824	-0.244023	28952300.000000
2012-09-27	0.014150	0.034896	0.050338	0.026072	0.449002	32072500.000000
2012-09-26	-0.010651	0.014520	0.022626	-0.006058	-0.341633	46571400.000000
2012-09-25	-0.018812	0.030309	0.037039	0.004918	-0.614941	37088900.000000
2012-09-24	-0.005346	0.012326	0.027844	0.010196	-0.175686	28090000.000000
2012-09-21	-0.004141	0.040556	0.042374	0.015406	-0.136661	30342600.000000
2012-09-20	-0.010825	0.005913	0.018801	-0.003079	-0.361157	31832500.000000
2012-09-19	0.007072	0.027213	0.042608	0.022685	0.234268	44888800.000000
2012-09-18	-0.003523	0.014871	0.022692	0.002238	-0.117134	37055100.000000
2012-09-17	-0.020983	0.015073	0.022435	-0.003185	-0.712558	31628600.000000
2012-09-14	0.009870	0.042043	0.048288	0.025389	0.331897	59510200.000000
2012-09-13	0.042360	0.022017	0.069444	0.011787	1.366516	62548500.000000
2012-09-12	0.011941	0.035476	0.053356	0.029516	0.380677	41363700.000000
2012-09-11	0.026076	0.026428	0.110113	0.008082	0.810156	37575500.000000
2012-09-10	-0.007484	0.026413	0.041428	0.014913	-0.234269	32084700.000000
2012-09-07	0.030527	0.033714	0.068281	0.033714	0.927287	52132900.000000
2012-09-06	0.045348	0.028970	0.071987	0.028282	1.317718	59369400.000000
2012-09-05	0.002357	0.025186	0.032085	0.021047	0.068329	18163900.000000
