2017-09-01	-0.001507	0.002261	0.003014	-0.004898	-0.080002	417400.000000
2017-08-31	-0.002631	-0.002819	0.001691	-0.005825	-0.139999	557600.000000
2017-08-30	-0.003930	-0.002433	0.000561	-0.009732	-0.209999	569100.000000
2017-08-29	0.007980	0.004962	0.015526	0.003452	0.423000	658200.000000
2017-08-28	-0.001069	0.064004	0.064004	0.053262	-0.056702	614000.000000
2017-08-25	0.003037	0.065156	0.065723	0.061376	0.160656	312100.000000
2017-08-24	-0.005507	0.057410	0.060230	0.051207	-0.292961	473900.000000
2017-08-23	-0.001596	0.054596	0.059476	0.054221	-0.085052	428400.000000
2017-08-22	0.004812	0.059482	0.068346	0.058916	0.255157	712900.000000
2017-08-21	0.013548	0.067910	0.072880	0.066572	0.708779	399100.000000
2017-08-18	0.005083	0.060083	0.067384	0.058738	0.264606	455700.000000
2017-08-17	-0.017656	0.044197	0.050047	0.038346	-0.935581	476800.000000
2017-08-16	0.006824	0.060822	0.067283	0.060442	0.359115	587900.000000
2017-08-15	-0.006954	0.047784	0.051181	0.046086	-0.368568	513500.000000
2017-08-14	-0.008311	0.050677	0.054981	0.046561	-0.444164	550900.000000
2017-08-11	0.026688	0.074492	0.093703	0.073915	1.389198	987200.000000
2017-08-10	0.020000	0.085204	0.086380	0.077562	1.020641	1058400.000000
2017-08-09	0.004277	0.062295	0.062688	0.056785	0.217358	342900.000000
2017-08-08	0.004108	0.063893	0.066857	0.061719	0.207909	415400.000000
2017-08-07	0.005445	0.058957	0.063924	0.058162	0.274059	212700.000000
2017-08-04	-0.001874	0.059352	0.059352	0.048247	-0.094505	324500.000000
2017-08-03	0.003951	0.068117	0.068515	0.061148	0.198455	461000.000000
2017-08-02	-0.004495	0.055387	0.058757	0.050631	-0.226806	354200.000000
2017-08-01	-0.000749	0.062321	0.063906	0.056776	-0.037800	427700.000000
2017-07-31	0.000187	0.058360	0.059747	0.055389	0.009453	447700.000000
2017-07-28	0.007354	0.062353	0.066343	0.060158	0.368561	486400.000000
2017-07-27	-0.015227	0.053839	0.057180	0.039888	-0.774926	669200.000000
2017-07-26	0.004477	0.060728	0.064084	0.054609	0.226803	392100.000000
2017-07-25	-0.009057	0.056206	0.056206	0.046818	-0.463062	1236300.000000
2017-07-24	-0.001108	0.056794	0.057185	0.052105	-0.056706	1729700.000000
2017-07-21	0.027314	0.074019	0.087266	0.074019	1.360852	2368300.000000
2017-07-20	-0.010882	0.056177	0.056772	0.045853	-0.548119	465700.000000
2017-07-19	0.000751	0.061738	0.062930	0.055579	0.037800	561300.000000
2017-07-18	0.002824	0.057764	0.061549	0.055971	0.141754	451600.000000
2017-07-17	-0.000941	0.054977	0.059356	0.051792	-0.047253	521500.000000
2017-07-14	0.010454	0.061179	0.070230	0.059168	0.519772	401800.000000
2017-07-13	0.008048	0.061203	0.066678	0.060392	0.396915	425600.000000
2017-07-12	0.005007	0.058773	0.064683	0.057958	0.245709	558400.000000
2017-07-11	0.003478	0.061434	0.063274	0.056322	0.170105	367400.000000
2017-07-10	0.000000	0.058776	0.061025	0.056731	0.000000	430200.000000
2017-07-07	0.007986	0.067437	0.069292	0.061666	0.387463	465000.000000
2017-07-06	-0.013830	0.048609	0.048609	0.042715	-0.680424	679700.000000
2017-07-05	-0.016437	0.045167	0.045167	0.031973	-0.822182	981300.000000
2017-07-03	-0.003014	0.059757	0.063544	0.054973	-0.151203	218400.000000
2017-06-30	0.007592	0.068404	0.069409	0.062179	0.378014	317900.000000
2017-06-29	-0.012001	0.058361	0.058559	0.041495	-0.604825	618800.000000
2017-06-28	0.001314	0.061738	0.061738	0.055977	0.066155	396300.000000
2017-06-27	-0.002435	0.058955	0.061531	0.055586	-0.122856	567100.000000
2017-06-26	-0.004104	0.057767	0.059346	0.053622	-0.207909	413400.000000
2017-06-23	0.000560	0.055792	0.060532	0.052632	0.028351	434400.000000
2017-06-22	0.000747	0.063498	0.065870	0.057569	0.037804	377200.000000
2017-06-21	0.002059	0.064896	0.066480	0.057568	0.103954	426900.000000
2017-06-20	-0.016022	0.049978	0.049978	0.040234	-0.822178	398600.000000
2017-06-19	0.007608	0.062678	0.066998	0.058555	0.387463	684000.000000
2017-06-16	0.003912	0.064667	0.065061	0.056782	0.198456	389500.000000
2017-06-15	-0.003712	0.049521	0.054431	0.045986	-0.189007	576800.000000
2017-06-14	0.000743	0.059145	0.065041	0.056786	0.037800	352900.000000
2017-06-13	0.005791	0.064883	0.066662	0.061127	0.292964	323800.000000
2017-06-12	-0.004093	0.058753	0.058950	0.049500	-0.207908	456000.000000
2017-06-09	-0.015387	0.050215	0.051184	0.036452	-0.793831	490800.000000
2017-06-08	-0.001646	0.058356	0.058356	0.053905	-0.085053	378600.000000
2017-06-07	-0.001643	0.055844	0.057776	0.053912	-0.085052	284100.000000
2017-06-06	-0.001094	0.059320	0.061443	0.055653	-0.056705	291600.000000
2017-06-05	-0.002910	0.054506	0.055468	0.051235	-0.151204	432200.000000
2017-06-02	-0.008117	0.049764	0.050146	0.044611	-0.425262	755500.000000
2017-06-01	0.005988	0.059890	0.066995	0.058354	0.311859	343400.000000
2017-05-31	0.006392	0.062027	0.066085	0.060095	0.330765	544700.000000
2017-05-30	-0.000360	0.069178	0.075746	0.069178	-0.018631	483800.000000
2017-05-26	-0.004121	0.065734	0.069581	0.063041	-0.214230	390100.000000
2017-05-25	0.001615	0.077282	0.079594	0.074777	0.083828	342500.000000
2017-05-24	-0.000538	0.073043	0.075162	0.070925	-0.027939	456500.000000
2017-05-23	0.001077	0.072850	0.076320	0.069958	0.055886	478800.000000
2017-05-22	0.004872	0.073815	0.080595	0.072846	0.251484	337600.000000
2017-05-19	0.009840	0.075577	0.087315	0.074991	0.502971	493900.000000
2017-05-18	0.004025	0.070282	0.080103	0.068318	0.204911	404000.000000
2017-05-17	-0.009783	0.069342	0.070509	0.062340	-0.502968	648700.000000
2017-05-16	0.000544	0.072648	0.076151	0.071480	0.027942	509100.000000
2017-05-15	0.010625	0.080701	0.086011	0.076571	0.540226	847000.000000
2017-05-12	-0.000183	0.074604	0.075194	0.072441	-0.009311	1197300.000000
2017-05-11	-0.005827	0.072448	0.072448	0.065802	-0.298054	424500.000000
2017-05-10	0.003472	0.075975	0.082056	0.074210	0.176968	452000.000000
2017-05-09	0.008105	0.078763	0.085882	0.078763	0.409828	462000.000000
2017-05-08	-0.005313	0.069687	0.070867	0.064769	-0.270119	443500.000000
2017-05-05	0.019615	0.088062	0.096686	0.087460	0.978004	672600.000000
2017-05-04	0.003186	0.084285	0.086498	0.074627	0.158341	632800.000000
2017-05-03	0.003008	0.073823	0.077455	0.071401	0.149029	584900.000000
2017-05-02	-0.003372	0.075230	0.075230	0.067587	-0.167656	448700.000000
2017-05-01	0.001125	0.073823	0.076239	0.072212	0.055889	567900.000000
2017-04-28	-0.001498	0.074626	0.074626	0.067992	-0.074520	586500.000000
2017-04-27	-0.002428	0.075025	0.075627	0.068808	-0.121083	559300.000000
2017-04-26	-0.000373	0.074824	0.078834	0.072819	-0.018627	372400.000000
2017-04-25	0.005634	0.075234	0.082089	0.075234	0.279423	476600.000000
2017-04-24	-0.011509	0.067842	0.068240	0.060467	-0.577480	1026900.000000
2017-04-21	-0.000742	0.074019	0.074019	0.069439	-0.037258	339300.000000
2017-04-20	0.006911	0.086254	0.086254	0.080439	0.344627	461800.000000
2017-04-19	-0.005018	0.073022	0.074020	0.067635	-0.251488	456800.000000
2017-04-18	-0.013385	0.061219	0.062597	0.057676	-0.679943	473400.000000
2017-04-17	0.005346	0.072829	0.081141	0.072434	0.270119	391100.000000
2017-04-13	-0.006046	0.070277	0.074211	0.066736	-0.307377	315800.000000
2017-04-12	0.004232	0.078165	0.080140	0.073621	0.214233	380900.000000
2017-04-11	-0.008573	0.067354	0.067550	0.056974	-0.437770	622500.000000
2017-04-10	-0.006344	0.072648	0.073621	0.066615	-0.326001	356500.000000
2017-04-07	-0.000725	0.069732	0.075566	0.069537	-0.037258	462400.000000
2017-04-06	-0.007728	0.072270	0.072270	0.064745	-0.400509	429500.000000
2017-04-05	-0.003046	0.078623	0.079585	0.070351	-0.158348	636800.000000
2017-04-04	0.005948	0.073621	0.082329	0.072460	0.307373	411800.000000
2017-04-03	0.004527	0.073427	0.080425	0.073427	0.232857	621600.000000
2017-03-31	0.001269	0.073232	0.077125	0.069339	0.065201	926400.000000
2017-03-30	-0.001629	0.071289	0.074398	0.070318	-0.083832	620700.000000
2017-03-29	-0.003966	0.072653	0.072653	0.068395	-0.204914	621600.000000
2017-03-28	-0.003414	0.077479	0.078058	0.069570	-0.176968	1551200.000000
2017-03-27	-0.006071	0.066528	0.071129	0.063460	-0.316688	825400.000000
2017-03-24	-0.006916	0.064292	0.069623	0.063340	-0.363255	1229500.000000
2017-03-23	-0.031765	0.041729	0.052606	0.034356	-1.723144	1202900.000000
2017-03-22	0.010059	0.080324	0.091310	0.076973	0.540230	649400.000000
2017-03-21	-0.014696	0.073805	0.079308	0.057293	-0.801026	997400.000000
2017-03-20	0.038878	0.105260	0.118411	0.101448	2.039826	945100.000000
2017-03-17	0.013859	0.082124	0.090626	0.080384	0.717201	944900.000000
2017-03-16	0.017582	0.084436	0.096037	0.084239	0.894169	800700.000000
2017-03-15	0.011298	0.074615	0.086745	0.073422	0.568164	799100.000000
2017-03-14	-0.014961	0.064415	0.065982	0.055600	-0.763763	588500.000000
2017-03-13	0.001828	0.074210	0.076761	0.072247	0.093140	516900.000000
2017-03-10	-0.000913	0.072445	0.073425	0.067543	-0.046570	497900.000000
2017-03-09	-0.001641	0.069315	0.071860	0.066966	-0.083824	547400.000000
2017-03-08	0.002926	0.076958	0.080099	0.075192	0.149025	408700.000000
2017-03-07	0.000732	0.073621	0.076175	0.070674	0.037254	445300.000000
2017-03-06	-0.011575	0.065271	0.065660	0.057892	-0.596115	463500.000000
2017-03-03	0.005456	0.079673	0.083188	0.077135	0.279430	1291500.000000
2017-03-02	-0.014163	0.059378	0.059955	0.053219	-0.735824	825800.000000
2017-03-01	0.009410	0.079644	0.086638	0.076341	0.484340	454700.000000
2017-02-28	-0.011979	0.065175	0.065175	0.059992	-0.624057	468900.000000
2017-02-27	-0.004450	0.069226	0.072283	0.066550	-0.232857	549300.000000
2017-02-24	0.003035	0.072088	0.076880	0.067871	0.158344	654100.000000
2017-02-23	-0.008673	0.064500	0.067730	0.063170	-0.456398	993800.000000
2017-02-22	0.000708	0.070769	0.074382	0.069438	0.037258	314300.000000
2017-02-21	0.006238	0.074004	0.080318	0.071516	0.325997	564300.000000
2017-02-17	-0.005847	0.063729	0.067724	0.058784	-0.307370	452800.000000
2017-02-16	-0.000885	0.077612	0.079513	0.070580	-0.046573	485600.000000
2017-02-15	-0.005458	0.066249	0.068140	0.063603	-0.288742	467800.000000
2017-02-14	-0.010281	0.061461	0.065203	0.053043	-0.549542	531900.000000
2017-02-13	0.006666	0.073809	0.082849	0.073809	0.353943	350200.000000
2017-02-10	0.003344	0.072676	0.079857	0.068142	0.176972	413300.000000
2017-02-09	-0.005426	0.073621	0.073621	0.065728	-0.288742	781000.000000
2017-02-08	0.002457	0.074563	0.077954	0.071926	0.130397	340700.000000
2017-02-07	-0.002625	0.070803	0.074936	0.067984	-0.139713	316900.000000
2017-02-06	0.012044	0.081418	0.088453	0.081418	0.633373	424700.000000
2017-02-03	-0.008082	0.066831	0.069660	0.062681	-0.428459	1041000.000000
2017-02-02	0.000176	0.073244	0.076074	0.068339	0.009312	484400.000000
2017-02-01	-0.001579	0.079272	0.079837	0.070607	-0.083828	517200.000000
2017-01-31	0.005114	0.071539	0.080058	0.071539	0.270115	640800.000000
2017-01-30	-0.000881	0.070027	0.075891	0.068703	-0.046570	414100.000000
2017-01-27	-0.000880	0.073621	0.077023	0.067951	-0.046574	536400.000000
2017-01-26	0.008700	0.078387	0.086203	0.078387	0.456402	493100.000000
2017-01-25	0.000355	0.072477	0.075337	0.069426	0.018631	596900.000000
2017-01-24	0.005537	0.073429	0.082633	0.073238	0.288738	617300.000000
2017-01-23	0.007014	0.072463	0.081538	0.071690	0.363262	462000.000000
2017-01-20	0.001621	0.076522	0.080197	0.071300	0.083825	405500.000000
2017-01-19	-0.000540	0.074974	0.075748	0.070142	-0.027943	402600.000000
2017-01-18	0.004885	0.081197	0.085276	0.077118	0.251484	562200.000000
2017-01-17	0.002176	0.068949	0.077514	0.068170	0.111771	744600.000000
2017-01-13	0.007490	0.078720	0.084212	0.076367	0.381881	506600.000000
2017-01-12	-0.001641	0.072446	0.073621	0.067943	-0.083824	472700.000000
2017-01-11	0.006240	0.080714	0.080714	0.072833	0.316685	487500.000000
2017-01-10	0.006279	0.078578	0.084328	0.073819	0.316685	436100.000000
2017-01-09	0.001294	0.078584	0.079180	0.074415	0.065200	423300.000000
2017-01-06	-0.015116	0.064236	0.066778	0.055046	-0.773082	770200.000000
2017-01-05	0.028085	0.089903	0.104778	0.089903	1.397140	1147400.000000
2017-01-04	0.010214	0.077479	0.087430	0.077276	0.502972	531000.000000
2017-01-03	0.008392	0.083450	0.086112	0.078740	0.409824	700100.000000
2016-12-30	-0.001904	0.079344	0.080366	0.069125	-0.093140	528200.000000
2016-12-29	0.006707	0.081234	0.087612	0.080205	0.325997	513300.000000
2016-12-28	0.002498	0.077746	0.079603	0.074240	0.121090	451300.000000
2016-12-27	0.002504	0.074242	0.077343	0.074242	0.121086	483500.000000
2016-12-23	-0.010859	0.064417	0.065440	0.058076	-0.530918	818200.000000
2016-12-22	-0.005683	0.065079	0.070774	0.057961	-0.279427	1091800.000000
2016-12-21	0.002088	0.073214	0.080143	0.071583	0.102459	732300.000000
2016-12-20	0.009195	0.083493	0.086167	0.080408	0.447083	789400.000000
2016-12-19	0.003460	0.075685	0.082496	0.072176	0.167659	563600.000000
2016-12-16	-0.014399	0.069756	0.070773	0.055314	-0.707885	952000.000000
2016-12-15	-0.001136	0.071792	0.078091	0.070980	-0.055886	886600.000000
2016-12-14	-0.009931	0.068190	0.083277	0.061752	-0.493656	938700.000000
2016-12-13	-0.000187	0.067788	0.076839	0.066179	-0.009315	1228500.000000
2016-12-12	-0.016218	0.055615	0.057396	0.049877	-0.819653	1551700.000000
2016-12-09	-0.002757	0.067110	0.072832	0.062571	-0.139717	714200.000000
2016-12-08	-0.012343	0.065046	0.066995	0.059200	-0.633369	699100.000000
2016-12-07	0.016233	0.077186	0.091049	0.075404	0.819656	736200.000000
2016-12-06	-0.001106	0.073423	0.074610	0.070060	-0.055889	664600.000000
2016-12-05	-0.010394	0.057176	0.065007	0.056197	-0.530911	728500.000000
2016-12-02	-0.004177	0.063873	0.070112	0.060364	-0.214229	496400.000000
2016-12-01	0.006948	0.082062	0.086381	0.078333	0.353943	528600.000000
2016-11-30	0.007368	0.081334	0.086080	0.079554	0.372570	749700.000000
2016-11-29	-0.001471	0.072041	0.075596	0.068092	-0.074513	395600.000000
2016-11-28	0.005362	0.078386	0.081959	0.077790	0.270111	446500.000000
2016-11-25	0.003339	0.078402	0.081987	0.074816	0.167656	225600.000000
2016-11-23	-0.005168	0.068073	0.071640	0.063317	-0.260795	516700.000000
2016-11-22	0.002220	0.078785	0.080175	0.072430	0.111770	597000.000000
2016-11-21	-0.004237	0.074017	0.075401	0.067688	-0.214229	453200.000000
2016-11-18	-0.001839	0.071647	0.075792	0.068884	-0.093144	631700.000000
2016-11-17	0.007036	0.081970	0.085150	0.079783	0.353943	502700.000000
2016-11-16	-0.011892	0.067925	0.070282	0.057515	-0.605430	869700.000000
2016-11-15	0.009978	0.080366	0.086317	0.077192	0.502975	897300.000000
2016-11-14	-0.003682	0.073028	0.078958	0.067692	-0.186287	668200.000000
2016-11-11	-0.019495	0.049784	0.055404	0.041839	-1.005943	784500.000000
2016-11-10	-0.013181	0.073047	0.074577	0.056027	-0.689255	1037000.000000
2016-11-09	-0.018188	0.060853	0.065172	0.051465	-0.968685	1005400.000000
2016-11-08	0.001752	0.071928	0.085095	0.070800	0.093143	879000.000000
2016-11-07	0.020744	0.090708	0.095892	0.089556	1.080456	549300.000000
2016-11-04	-0.007279	0.073621	0.073621	0.065426	-0.381885	462500.000000
2016-11-03	-0.001772	0.073621	0.078948	0.070577	-0.093144	864400.000000
2016-11-02	-0.010174	0.068160	0.070043	0.054789	-0.540226	1154800.000000
2016-11-01	-0.007313	0.073621	0.077921	0.062591	-0.391201	1526000.000000
2016-10-31	0.008251	0.079087	0.084176	0.079087	0.437771	765400.000000
2016-10-28	-0.004196	0.070055	0.077000	0.066489	-0.223541	559900.000000
2016-10-27	-0.016506	0.063468	0.064576	0.055530	-0.894173	707900.000000
2016-10-26	-0.002401	0.070675	0.074174	0.067360	-0.130398	494300.000000
2016-10-25	-0.005289	0.072888	0.073804	0.067210	-0.288742	407100.000000
2016-10-24	-0.005599	0.073803	0.073803	0.065242	-0.307369	373800.000000
2016-10-21	-0.004728	0.071446	0.072533	0.067276	-0.260803	364900.000000
2016-10-20	-0.014150	0.062719	0.066829	0.054676	-0.791710	571900.000000
2016-10-19	-0.005134	0.070776	0.075044	0.067931	-0.288746	368500.000000
2016-10-18	0.013598	0.086417	0.090382	0.082633	0.754459	924300.000000
2016-10-17	-0.022802	0.050021	0.053191	0.045618	-1.294685	817400.000000
2016-10-14	0.003292	0.076448	0.081926	0.074858	0.186287	596800.000000
2016-10-13	-0.012675	0.059664	0.063851	0.048325	-0.726513	509100.000000
2016-10-12	0.009514	0.077496	0.084541	0.073797	0.540226	471500.000000
2016-10-11	-0.034221	0.047767	0.047767	0.032969	-2.011883	805200.000000
2016-10-10	0.011701	0.073449	0.088592	0.072761	0.679943	487500.000000
2016-10-07	-0.006370	0.067808	0.067808	0.058745	-0.372574	383000.000000
2016-10-06	-0.004913	0.067836	0.070729	0.062902	-0.288738	430800.000000
2016-10-05	0.017414	0.082796	0.094740	0.080026	1.005936	942800.000000
2016-10-04	-0.000483	0.075870	0.081753	0.069988	-0.027939	877200.000000
2016-10-03	0.008615	0.075366	0.083569	0.073098	0.493656	633200.000000
2016-09-30	-0.005978	0.060264	0.072060	0.059743	-0.344627	776400.000000
2016-09-29	-0.003863	0.071202	0.076040	0.065499	-0.223545	1114700.000000
2016-09-28	0.009587	0.077808	0.086357	0.074319	0.549545	444700.000000
2016-09-27	0.006378	0.075728	0.080468	0.072392	0.363251	369400.000000
2016-09-26	-0.011797	0.066855	0.067202	0.060782	-0.679940	279600.000000
2016-09-23	-0.012448	0.059742	0.064197	0.059228	-0.726512	371800.000000
2016-09-22	0.004972	0.078787	0.081025	0.074138	0.288745	597600.000000
2016-09-21	0.017461	0.081330	0.093419	0.075899	0.996624	333200.000000
2016-09-20	0.004096	0.080834	0.082065	0.077667	0.232857	379400.000000
2016-09-19	0.000000	0.081361	0.082241	0.073621	0.000000	285400.000000
2016-09-16	-0.009575	0.067175	0.068046	0.060728	-0.549538	499500.000000
2016-09-15	0.002114	0.066812	0.077288	0.066113	0.121083	515900.000000
2016-09-14	0.009522	0.082787	0.086312	0.079085	0.540230	544500.000000
2016-09-13	-0.014082	0.072057	0.073447	0.054853	-0.810345	667900.000000
2016-09-12	0.002109	0.058296	0.077801	0.056729	0.121086	503800.000000
2016-09-09	-0.004521	0.082462	0.086970	0.067380	-0.260799	896600.000000
2016-09-08	0.018753	0.091106	0.095874	0.088457	1.061828	601400.000000
2016-09-07	-0.008966	0.068545	0.069595	0.061894	-0.512287	492100.000000
2016-09-06	-0.009047	0.068938	0.069632	0.059572	-0.521603	485500.000000
2016-09-02	0.015753	0.081901	0.091944	0.081901	0.894177	681800.000000
2016-09-01	0.003788	0.075920	0.080341	0.071145	0.214226	469500.000000
2016-08-31	-0.008169	0.069412	0.069412	0.062922	-0.465714	799700.000000
2016-08-30	-0.000653	0.077653	0.079756	0.069590	-0.037258	414000.000000
2016-08-29	0.008102	0.096987	0.101581	0.092039	0.458527	588900.000000
2016-08-26	-0.011216	0.089750	0.095865	0.071928	-0.641938	718300.000000
2016-08-25	-0.002717	0.080168	0.088706	0.080168	-0.155899	427500.000000
2016-08-24	-0.002550	0.088189	0.091839	0.084365	-0.146728	345700.000000
2016-08-23	-0.002702	0.094262	0.097902	0.086808	-0.155899	388800.000000
2016-08-22	-0.006632	0.083217	0.083217	0.077362	-0.385166	498200.000000
2016-08-19	-0.006121	0.085314	0.089079	0.080523	-0.357651	488400.000000
2016-08-18	0.018868	0.104048	0.111023	0.102130	1.082123	445300.000000
2016-08-17	-0.000958	0.086790	0.090100	0.078081	-0.055020	516400.000000
2016-08-16	-0.016805	0.081714	0.083255	0.071267	-0.981247	654400.000000
2016-08-15	0.004893	0.094063	0.099570	0.094063	0.284287	622500.000000
2016-08-12	0.008275	0.098778	0.103984	0.097910	0.476864	513600.000000
2016-08-11	0.020793	0.106568	0.114185	0.104796	1.173828	512900.000000
2016-08-10	-0.014882	0.083468	0.083468	0.072300	-0.852860	592400.000000
2016-08-09	-0.000160	0.083993	0.091146	0.083993	-0.009166	985800.000000
2016-08-08	0.003855	0.094302	0.096579	0.091499	0.220092	441800.000000
2016-08-05	0.010058	0.097348	0.102301	0.097348	0.568573	505900.000000
2016-08-04	-0.004522	0.085517	0.086926	0.080587	-0.256775	402000.000000
2016-08-03	-0.005141	0.079236	0.085192	0.076608	-0.293460	417100.000000
2016-08-02	-0.005592	0.087138	0.090274	0.077033	-0.320969	361800.000000
2016-08-01	0.008053	0.099581	0.106255	0.097122	0.458527	585800.000000
2016-07-29	-0.005605	0.078224	0.085733	0.077525	-0.320965	340800.000000
2016-07-28	-0.000640	0.089925	0.090448	0.082420	-0.036686	450900.000000
2016-07-27	-0.005571	0.090969	0.091663	0.079514	-0.320969	1101200.000000
2016-07-26	0.007537	0.097968	0.104438	0.097268	0.431019	596300.000000
2016-07-25	0.001124	0.090098	0.092199	0.086072	0.064194	576800.000000
2016-07-22	-0.002402	0.090623	0.090623	0.083114	-0.137558	418100.000000
2016-07-21	0.031214	0.128628	0.132410	0.120704	1.733234	1185000.000000
2016-07-20	0.013389	0.103589	0.107604	0.101398	0.733639	620500.000000
2016-07-19	-0.008299	0.086648	0.087915	0.080132	-0.458527	496100.000000
2016-07-18	0.009551	0.096478	0.103421	0.095564	0.522721	676100.000000
2016-07-15	-0.001840	0.093914	0.094278	0.088442	-0.100880	478800.000000
2016-07-14	0.007414	0.095777	0.101289	0.095042	0.403507	460700.000000
2016-07-13	0.013317	0.093055	0.105715	0.091379	0.715302	801100.000000
2016-07-12	0.018963	0.108661	0.118336	0.107333	0.999592	868900.000000
2016-07-11	0.003842	0.090829	0.098447	0.088163	0.201751	827700.000000
2016-07-08	0.013810	0.092958	0.107245	0.092958	0.715298	793700.000000
2016-07-07	0.003019	0.099163	0.104004	0.088318	0.155903	534200.000000
2016-07-06	-0.014698	0.068506	0.075375	0.059347	-0.770329	815300.000000
2016-07-05	-0.013294	0.079152	0.081035	0.072940	-0.706123	535700.000000
2016-07-01	0.000345	0.088565	0.095533	0.088188	0.018337	524500.000000
2016-06-30	0.011000	0.090068	0.103777	0.084736	0.577740	646700.000000
2016-06-29	0.032264	0.109907	0.127006	0.109907	1.641529	731200.000000
2016-06-28	0.023239	0.106739	0.118001	0.105130	1.155487	643100.000000
2016-06-27	-0.001473	0.091653	0.094063	0.079002	-0.073360	888400.000000
2016-06-24	-0.046030	0.039106	0.051559	0.036041	-2.402684	1122300.000000
2016-06-23	0.017883	0.101953	0.110729	0.098639	0.917054	395000.000000
2016-06-22	-0.000715	0.093371	0.095125	0.088305	-0.036682	431400.000000
2016-06-21	0.007562	0.092412	0.103210	0.089663	0.385162	480200.000000
2016-06-20	0.010002	0.098579	0.105717	0.097389	0.504379	902300.000000
2016-06-17	-0.003443	0.084915	0.088275	0.079579	-0.174244	685700.000000
2016-06-16	-0.001990	0.071515	0.089659	0.065204	-0.100876	1023500.000000
2016-06-15	-0.007539	0.090840	0.091819	0.080466	-0.385158	632200.000000
2016-06-14	0.000180	0.089861	0.096517	0.081247	0.009170	556600.000000
2016-06-13	-0.020573	0.078944	0.079711	0.065522	-1.072952	924400.000000
2016-06-10	-0.013188	0.075122	0.079285	0.072473	-0.696964	343800.000000
2016-06-09	-0.008260	0.084631	0.085382	0.078063	-0.440186	522900.000000
2016-06-08	-0.000172	0.090824	0.094576	0.087259	-0.009166	360400.000000
2016-06-07	0.022160	0.118448	0.123818	0.112119	1.155487	1390400.000000
2016-06-06	0.001938	0.094291	0.094291	0.085453	0.100875	651600.000000
2016-06-03	-0.009253	0.082834	0.083785	0.074457	-0.486038	547700.000000
2016-06-02	0.004207	0.092169	0.096375	0.089110	0.220089	762200.000000
2016-06-01	0.010452	0.101266	0.106868	0.097596	0.541065	805100.000000
2016-05-31	0.023962	0.111633	0.117962	0.102534	1.211426	1001400.000000
2016-05-27	-0.005692	0.103732	0.107665	0.094292	-0.289409	446500.000000
2016-05-26	0.002139	0.103728	0.109641	0.100771	0.108535	415300.000000
2016-05-25	0.016673	0.122130	0.133552	0.121729	0.832051	856800.000000
2016-05-24	0.015085	0.108140	0.123191	0.107529	0.741607	658100.000000
2016-05-23	-0.001102	0.108137	0.113623	0.103870	-0.054260	441900.000000
2016-05-20	0.013785	0.118058	0.126503	0.115792	0.669258	563200.000000
2016-05-19	-0.008496	0.102023	0.104269	0.092628	-0.416023	652500.000000
2016-05-18	-0.014561	0.092416	0.097447	0.084768	-0.723526	803700.000000
2016-05-17	-0.012226	0.105699	0.105699	0.088801	-0.614998	1367200.000000
2016-05-16	0.024876	0.118331	0.135852	0.118331	1.220951	778800.000000
2016-05-13	-0.024096	0.084026	0.087605	0.072892	-1.211906	1361800.000000
2016-05-12	-0.001616	0.104111	0.108676	0.097163	-0.081398	956200.000000
2016-05-11	-0.011710	0.088631	0.100402	0.088631	-0.596905	651700.000000
2016-05-10	0.021940	0.116525	0.133567	0.115523	1.094330	869200.000000
2016-05-09	-0.008450	0.101126	0.103711	0.091187	-0.425072	886400.000000
2016-05-06	-0.014878	0.086311	0.095123	0.085136	-0.759701	637000.000000
2016-05-05	0.001952	0.115510	0.115510	0.103737	0.099488	521400.000000
2016-05-04	-0.006173	0.098484	0.102384	0.095363	-0.316540	760500.000000
2016-05-03	-0.013055	0.091264	0.096076	0.084335	-0.678307	714500.000000
2016-05-02	-0.001217	0.105122	0.107429	0.097817	-0.063308	715600.000000
2016-04-29	-0.013379	0.094130	0.094130	0.081423	-0.705433	879900.000000
2016-04-28	-0.011026	0.099884	0.104761	0.090694	-0.587868	708900.000000
2016-04-27	0.008554	0.108347	0.118941	0.108347	0.452202	704700.000000
2016-04-26	0.007932	0.112754	0.118283	0.105889	0.416027	777400.000000
2016-04-25	-0.009564	0.100033	0.101922	0.092479	-0.506466	386900.000000
2016-04-22	0.004288	0.110440	0.118027	0.107975	0.226105	861100.000000
2016-04-21	0.016033	0.131906	0.134989	0.120729	0.832050	879900.000000
2016-04-20	-0.002434	0.104161	0.107429	0.093396	-0.126617	963600.000000
2016-04-19	-0.000695	0.107236	0.108964	0.095902	-0.036175	705600.000000
2016-04-18	0.001217	0.112430	0.114353	0.102621	0.063301	901700.000000
2016-04-15	-0.001563	0.105891	0.110500	0.103202	-0.081391	535900.000000
2016-04-14	0.006643	0.115751	0.117297	0.108985	0.343674	785500.000000
2016-04-13	0.029147	0.138126	0.138126	0.127980	1.465138	1152400.000000
2016-04-12	0.009078	0.115134	0.117944	0.105297	0.452202	495200.000000
2016-04-11	-0.007568	0.104902	0.110480	0.095937	-0.379849	478600.000000
2016-04-08	0.011482	0.122021	0.125044	0.117387	0.569775	779900.000000
2016-04-07	-0.004355	0.107705	0.110514	0.096470	-0.217060	1177800.000000
2016-04-06	0.013424	0.109765	0.122372	0.103665	0.660217	622000.000000
2016-04-05	-0.012171	0.099673	0.103891	0.090434	-0.605953	537600.000000
2016-04-04	-0.013264	0.101140	0.107284	0.090042	-0.669262	484600.000000
2016-04-01	0.006132	0.096526	0.114871	0.086356	0.307499	610900.000000
2016-03-31	0.011677	0.120627	0.130512	0.117601	0.578823	824600.000000
2016-03-30	0.000365	0.109735	0.115789	0.104892	0.018085	567000.000000
2016-03-29	0.009210	0.095719	0.120363	0.095108	0.452202	636200.000000
2016-03-28	-0.001104	0.104275	0.107123	0.102240	-0.054260	484200.000000
2016-03-24	0.010599	0.102204	0.118446	0.096036	0.515510	838200.000000
2016-03-23	-0.010852	0.100208	0.101632	0.090650	-0.533596	760000.000000
2016-03-22	-0.003848	0.094759	0.104686	0.090505	-0.189930	530500.000000
2016-03-21	-0.007817	0.101880	0.101880	0.090825	-0.388889	735500.000000
2016-03-18	0.002004	0.106706	0.117783	0.103886	0.099480	1017800.000000
2016-03-17	-0.025213	0.071931	0.085477	0.071146	-1.284252	1567200.000000
2016-03-16	0.016423	0.105898	0.126651	0.105898	0.823005	749300.000000
2016-03-15	-0.002700	0.093957	0.104903	0.092763	-0.135662	444300.000000
2016-03-14	-0.002871	0.099349	0.105699	0.096967	-0.144703	549900.000000
2016-03-11	0.023512	0.120322	0.131899	0.119510	1.157643	582700.000000
2016-03-10	-0.008379	0.107511	0.111942	0.085559	-0.416031	718300.000000
2016-03-09	0.006047	0.114817	0.119274	0.110764	0.298454	322500.000000
2016-03-08	-0.005467	0.102475	0.104691	0.096429	-0.271320	401600.000000
2016-03-07	-0.018074	0.075227	0.090265	0.074040	-0.913452	584300.000000
2016-03-04	0.013053	0.107102	0.122336	0.106902	0.651172	682900.000000
2016-03-03	-0.003073	0.095707	0.103301	0.094308	-0.153751	617400.000000
2016-03-02	0.012258	0.102867	0.120870	0.102867	0.605953	801900.000000
2016-03-01	0.021873	0.116241	0.132985	0.111487	1.058155	664500.000000
2016-02-29	-0.015098	0.089412	0.100609	0.088190	-0.741611	617600.000000
2016-02-26	-0.000920	0.111597	0.112614	0.102851	-0.045224	404800.000000
2016-02-25	0.003508	0.100800	0.109781	0.097126	0.171841	609600.000000
2016-02-24	-0.004777	0.088635	0.102652	0.077868	-0.235146	594400.000000
2016-02-23	-0.019279	0.087569	0.097929	0.082987	-0.967712	619800.000000
2016-02-22	0.021347	0.114855	0.131337	0.114245	1.049110	735200.000000
2016-02-19	0.003509	0.103249	0.112641	0.098552	0.171837	563300.000000
2016-02-18	-0.001659	0.105903	0.107941	0.099991	-0.081394	710000.000000
2016-02-17	0.012507	0.110033	0.122005	0.109001	0.605950	775500.000000
2016-02-16	0.006766	0.111933	0.114634	0.107153	0.325584	734800.000000
2016-02-12	0.015652	0.117307	0.124905	0.111397	0.741615	511100.000000
2016-02-11	-0.007013	0.084323	0.100669	0.078874	-0.334633	859000.000000
2016-02-10	0.007639	0.107810	0.125549	0.106121	0.361760	516100.000000
2016-02-09	-0.014122	0.089460	0.099453	0.085088	-0.678303	572200.000000
2016-02-08	-0.012091	0.091919	0.095004	0.081224	-0.587860	474100.000000
2016-02-05	-0.014302	0.102658	0.102658	0.085628	-0.705441	552600.000000
2016-02-04	-0.013029	0.095894	0.103098	0.086090	-0.651169	778100.000000
2016-02-03	0.027711	0.131609	0.136955	0.117009	1.347565	1067200.000000
2016-02-02	-0.014660	0.107117	0.107117	0.086247	-0.723526	1024200.000000
2016-02-01	0.000734	0.100630	0.106915	0.094344	0.036179	724100.000000
2016-01-29	0.012064	0.122321	0.123552	0.111650	0.587860	1173400.000000
2016-01-28	0.005787	0.125101	0.128197	0.107969	0.280369	713600.000000
2016-01-27	-0.004275	0.102411	0.116386	0.094395	-0.208012	663100.000000
2016-01-26	0.009760	0.107151	0.119395	0.105906	0.470287	703900.000000
2016-01-25	-0.010952	0.099336	0.106520	0.092768	-0.533600	838000.000000
2016-01-22	0.037358	0.137637	0.147644	0.136572	1.754547	1133600.000000
2016-01-21	0.015448	0.118239	0.135752	0.110888	0.714482	826400.000000
2016-01-20	-0.027202	0.073098	0.082983	0.055430	-1.293301	912000.000000
2016-01-19	0.037702	0.152188	0.155898	0.140839	1.727417	1180200.000000
2016-01-15	-0.032098	0.071898	0.077813	0.058801	-1.519401	910900.000000
2016-01-14	0.012379	0.107624	0.126016	0.095433	0.578815	1197900.000000
2016-01-13	-0.001738	0.123205	0.128756	0.102496	-0.081398	743200.000000
2016-01-12	0.002711	0.114048	0.117473	0.105699	0.126621	901300.000000
2016-01-11	0.002718	0.126735	0.127165	0.100547	0.126618	1704100.000000
2016-01-08	0.002725	0.129591	0.130021	0.107421	0.126617	1318500.000000
2016-01-07	-0.026530	0.086212	0.098156	0.075526	-1.266166	1774900.000000
2016-01-06	-0.024765	0.080769	0.088125	0.077295	-1.211911	972300.000000
2016-01-05	-0.017611	0.078398	0.088836	0.076992	-0.877269	1141100.000000
2016-01-04	-0.022191	0.074489	0.083714	0.069385	-1.130505	920900.000000
2015-12-31	-0.002303	0.103153	0.108049	0.100607	-0.117577	363600.000000
2015-12-30	-0.007035	0.097726	0.106671	0.094809	-0.361763	349200.000000
2015-12-29	0.010126	0.114342	0.118860	0.110413	0.515515	551700.000000
2015-12-28	-0.014703	0.095248	0.096215	0.086538	-0.759701	1045700.000000
2015-12-24	-0.004877	0.100499	0.108780	0.100306	-0.253235	278800.000000
2015-12-23	0.011096	0.110567	0.118357	0.109594	0.569778	602100.000000
2015-12-22	0.000176	0.106673	0.108620	0.101609	0.009041	839000.000000
2015-12-21	0.002826	0.114684	0.114684	0.100621	0.144711	526500.000000
2015-12-18	-0.008581	0.100664	0.105699	0.093306	-0.443161	761600.000000
2015-12-17	-0.016535	0.099224	0.100176	0.087036	-0.868237	600100.000000
2015-12-16	0.012733	0.115342	0.123442	0.106277	0.660221	700700.000000
2015-12-15	0.008089	0.110948	0.126308	0.110948	0.416031	602800.000000
2015-12-14	0.000704	0.101613	0.107061	0.087604	0.036167	612100.000000
2015-12-11	-0.016271	0.095363	0.097852	0.086942	-0.850135	682400.000000
2015-12-10	0.006621	0.110130	0.115910	0.107433	0.343677	548000.000000
2015-12-09	-0.006578	0.103593	0.111249	0.092110	-0.343677	732700.000000
2015-12-08	-0.011634	0.087349	0.096240	0.083377	-0.614998	705900.000000
2015-12-07	-0.004259	0.106452	0.107582	0.096846	-0.226101	1076300.000000
2015-12-04	0.017684	0.110683	0.126977	0.109533	0.922489	501600.000000
2015-12-03	-0.013342	0.100403	0.101727	0.088487	-0.705433	915100.000000
2015-12-02	-0.005951	0.100622	0.107579	0.096298	-0.316540	796800.000000
2015-12-01	0.023317	0.114934	0.133019	0.113779	1.211907	1064500.000000
2015-11-30	-0.006053	0.094034	0.101874	0.090400	-0.316544	952000.000000
2015-11-27	-0.008403	0.096407	0.101906	0.087116	-0.443161	456500.000000
2015-11-25	-0.007996	0.104758	0.104758	0.092719	-0.425068	529100.000000
2015-11-24	0.005474	0.107401	0.112319	0.105131	0.289406	704600.000000
2015-11-23	-0.009824	0.109070	0.110568	0.093900	-0.524551	724300.000000
2015-11-20	0.000508	0.109821	0.116754	0.105511	0.027134	472000.000000
2015-11-19	0.004084	0.104382	0.116046	0.104194	0.217052	567400.000000
2015-11-18	0.002901	0.103057	0.109095	0.098717	0.153751	365500.000000
2015-11-17	-0.003062	0.099679	0.105323	0.096670	-0.162792	465100.000000
2015-11-16	0.022617	0.110893	0.130706	0.110508	1.175724	504500.000000
2015-11-13	-0.028233	0.085884	0.087566	0.069060	-1.510357	991700.000000
2015-11-12	0.010593	0.122134	0.128179	0.117034	0.560738	408600.000000
2015-11-11	0.004807	0.111014	0.117088	0.109495	0.253227	498900.000000
2015-11-10	-0.002056	0.108919	0.108919	0.100584	-0.108528	434600.000000
2015-11-09	-0.020802	0.094384	0.097723	0.076577	-1.121464	802100.000000
2015-11-06	-0.023587	0.086863	0.088855	0.076358	-1.302341	663200.000000
2015-11-05	-0.005862	0.104618	0.106599	0.095076	-0.325585	801900.000000
2015-11-04	0.014036	0.124870	0.130895	0.119027	0.768742	794900.000000
2015-11-03	0.000826	0.097111	0.111363	0.094735	0.045223	1111500.000000
2015-11-02	0.003316	0.100015	0.111382	0.099099	0.180878	1086700.000000
2015-10-30	0.003828	0.104043	0.115085	0.101098	0.208015	826400.000000
2015-10-29	-0.008581	0.101867	0.101867	0.087818	-0.470291	1343900.000000
2015-10-28	-0.007696	0.106785	0.110225	0.088499	-0.425071	740600.000000
2015-10-27	0.004771	0.105517	0.110974	0.105153	0.262279	694800.000000
2015-10-26	-0.008321	0.092890	0.102271	0.084952	-0.461246	764500.000000
2015-10-23	0.008225	0.110974	0.119522	0.106790	0.452201	1086300.000000
2015-10-22	-0.003932	0.089393	0.108416	0.086495	-0.217056	991400.000000
2015-10-21	-0.014851	0.101237	0.102486	0.083389	-0.832054	908200.000000
2015-10-20	0.008793	0.108580	0.131086	0.106959	0.488380	957300.000000
2015-10-19	-0.000488	0.105879	0.110198	0.103359	-0.027133	347900.000000
2015-10-16	0.007048	0.106061	0.115304	0.105336	0.388896	643500.000000
2015-10-15	0.017172	0.117865	0.125608	0.111045	0.931534	631800.000000
2015-10-14	0.015749	0.108508	0.131352	0.107946	0.841103	808400.000000
2015-10-13	-0.010722	0.100327	0.103476	0.093658	-0.578823	687100.000000
2015-10-12	0.012210	0.120136	0.122761	0.116386	0.651169	667800.000000
2015-10-09	-0.028341	0.084565	0.091306	0.071630	-1.555577	924500.000000
2015-10-08	-0.004756	0.092462	0.102979	0.085572	-0.262275	852200.000000
2015-10-07	0.012452	0.118917	0.130115	0.109187	0.678302	729100.000000
2015-10-06	-0.023667	0.085625	0.088134	0.078276	-1.320430	694900.000000
2015-10-05	0.007184	0.110392	0.113642	0.105699	0.397937	918900.000000
2015-10-02	0.030451	0.115558	0.139368	0.109977	1.636979	1114900.000000
2015-10-01	-0.001008	0.109415	0.114433	0.094921	-0.054268	645500.000000
2015-09-30	0.003203	0.110919	0.131799	0.099547	0.171833	824200.000000
2015-09-29	0.003723	0.108880	0.116178	0.101021	0.198970	716100.000000
2015-09-28	-0.019904	0.102581	0.102581	0.078923	-1.085285	895500.000000
2015-09-25	-0.010666	0.110961	0.111142	0.091728	-0.587860	532200.000000
2015-09-24	-0.001147	0.097362	0.105518	0.087938	-0.063309	827700.000000
2015-09-23	-0.006352	0.109660	0.110021	0.094714	-0.352726	893600.000000
2015-09-22	0.021801	0.132564	0.135876	0.122811	1.184777	1341700.000000
2015-09-21	0.029644	0.137907	0.142454	0.131466	1.564621	759300.000000
2015-09-18	-0.015520	0.095440	0.103274	0.086674	-0.832051	723200.000000
2015-09-17	-0.022750	0.074529	0.100595	0.072889	-1.248081	798600.000000
2015-09-16	0.037633	0.136717	0.149390	0.135393	1.989689	960700.000000
2015-09-15	-0.000855	0.102297	0.108344	0.094360	-0.045219	921100.000000
2015-09-14	-0.020589	0.089966	0.092743	0.079232	-1.112423	868100.000000
2015-09-11	0.007250	0.099920	0.114461	0.099733	0.388897	522100.000000
2015-09-10	-0.005533	0.098468	0.107738	0.091794	-0.298451	651600.000000
2015-09-09	0.003196	0.125600	0.128389	0.107001	0.171837	1045400.000000
2015-09-08	0.044632	0.150580	0.162820	0.148054	2.297192	1627500.000000
2015-09-04	-0.031814	0.084631	0.085947	0.063563	-1.691239	1048600.000000
2015-09-03	0.009445	0.113104	0.128105	0.111205	0.497422	797100.000000
2015-09-02	0.004728	0.115696	0.116077	0.099479	0.247810	1024800.000000
2015-09-01	-0.014711	0.109622	0.116013	0.101727	-0.782593	988400.000000
2015-08-31	0.001339	0.127860	0.132754	0.113931	0.071144	836900.000000
2015-08-28	-0.026084	0.093308	0.098624	0.090741	-1.422886	607700.000000
2015-08-27	0.039309	0.158576	0.169245	0.144096	2.063187	965700.000000
2015-08-26	0.003400	0.125045	0.130016	0.095796	0.177864	1183100.000000
2015-08-25	0.016240	0.196937	0.196937	0.141957	0.835945	868600.000000
2015-08-24	-0.079370	0.025028	0.073677	-0.016109	-4.437633	1599200.000000
2015-08-21	0.002232	0.155125	0.162295	0.126264	0.124500	1176800.000000
2015-08-20	-0.003811	0.118400	0.131972	0.116615	-0.213436	804100.000000
2015-08-19	-0.023872	0.103555	0.103555	0.086821	-1.369530	893700.000000
2015-08-18	-0.009671	0.112906	0.117912	0.110317	-0.560261	483000.000000
2015-08-17	0.018290	0.134316	0.145390	0.133437	1.040486	480100.000000
2015-08-14	0.003923	0.128531	0.131884	0.125178	0.222328	372100.000000
2015-08-13	-0.012705	0.114367	0.118374	0.110185	-0.729233	401800.000000
2015-08-12	-0.017357	0.103243	0.105639	0.092628	-1.013805	527600.000000
2015-08-11	-0.005301	0.118341	0.121747	0.111700	-0.311260	441200.000000
2015-08-10	0.016315	0.136241	0.144895	0.135375	0.942661	576000.000000
2015-08-07	0.013256	0.136748	0.139904	0.132363	0.755909	443100.000000
2015-08-06	-0.010494	0.121522	0.124645	0.109548	-0.604725	416900.000000
2015-08-05	0.017588	0.147781	0.151136	0.141600	0.996021	442600.000000
2015-08-04	-0.002194	0.128172	0.130110	0.117424	-0.124500	677000.000000
2015-08-03	-0.018154	0.108556	0.109421	0.097484	-1.049381	455000.000000
2015-07-31	0.014991	0.146596	0.155024	0.138519	0.853733	733700.000000
2015-07-30	0.004549	0.131527	0.134702	0.127294	0.257904	404500.000000
2015-07-29	0.009661	0.133376	0.145309	0.132842	0.542473	608600.000000
2015-07-28	0.018059	0.140246	0.145866	0.134806	0.996021	758900.000000
2015-07-27	-0.027137	0.096073	0.101365	0.087431	-1.538494	646900.000000
2015-07-24	-0.009786	0.127790	0.128489	0.109276	-0.560265	479900.000000
2015-07-23	-0.004331	0.127950	0.130211	0.117689	-0.249016	368100.000000
2015-07-22	-0.012674	0.115543	0.115543	0.106443	-0.738117	465100.000000
2015-07-21	0.033128	0.163143	0.168997	0.159417	1.867539	715500.000000
2015-07-20	0.007790	0.131086	0.138058	0.123757	0.435760	577000.000000
2015-07-17	0.001911	0.126621	0.127338	0.119815	0.106720	568200.000000
2015-07-16	0.008028	0.134041	0.135305	0.128444	0.444656	479400.000000
2015-07-15	0.006464	0.137919	0.143007	0.131195	0.355721	986200.000000
2015-07-14	0.006834	0.128680	0.135815	0.128680	0.373508	807300.000000
2015-07-13	0.001793	0.137852	0.137852	0.125388	0.097824	1056300.000000
2015-07-10	0.045858	0.180255	0.181405	0.164536	2.392239	1251400.000000
2015-07-09	0.016285	0.152525	0.160707	0.141810	0.835945	1000000.000000
2015-07-08	-0.053770	0.070645	0.087420	0.060690	-2.916923	1715600.000000
2015-07-07	-0.026492	0.105808	0.106347	0.072788	-1.476250	1642500.000000
2015-07-06	-0.031081	0.090044	0.094739	0.082393	-1.787506	905100.000000
2015-07-02	0.012050	0.137318	0.150340	0.136966	0.684761	572200.000000
2015-07-01	-0.002964	0.124121	0.126577	0.118331	-0.168961	540500.000000
2015-06-30	0.008021	0.137029	0.137383	0.129424	0.453545	835900.000000
2015-06-29	-0.015637	0.116986	0.123601	0.106366	-0.898201	688800.000000
2015-06-26	-0.015546	0.108704	0.113846	0.104077	-0.907089	626300.000000
2015-06-25	-0.013532	0.111453	0.113144	0.106381	-0.800385	637100.000000
2015-06-24	-0.011004	0.116780	0.116780	0.107918	-0.658085	408900.000000
2015-06-23	0.027345	0.156251	0.161576	0.153331	1.591858	864800.000000
2015-06-22	0.017566	0.145273	0.147195	0.140553	1.004917	628100.000000
2015-06-19	-0.001707	0.124472	0.129358	0.122203	-0.097824	685600.000000
2015-06-18	-0.004326	0.113700	0.120649	0.112657	-0.249004	689700.000000
2015-06-17	0.005281	0.133030	0.134602	0.123249	0.302368	667000.000000
2015-06-16	-0.005561	0.113529	0.119956	0.111619	-0.320152	528800.000000
2015-06-15	-0.015361	0.105659	0.107370	0.100529	-0.898201	746200.000000
2015-06-12	0.005659	0.124816	0.131523	0.124472	0.329044	581400.000000
2015-06-11	0.019651	0.141483	0.148497	0.138677	1.120522	873400.000000
2015-06-10	-0.008045	0.102553	0.117687	0.101683	-0.462437	979800.000000
2015-06-09	-0.015984	0.098453	0.106840	0.093831	-0.933773	1161800.000000
2015-06-08	-0.004546	0.117315	0.122427	0.114929	-0.266788	693800.000000
2015-06-05	-0.001060	0.118003	0.124812	0.114599	-0.062252	615000.000000
2015-06-04	-0.007661	0.123289	0.123289	0.113323	-0.453549	457700.000000
2015-06-03	0.010627	0.138470	0.141714	0.135397	0.622517	694300.000000
2015-06-02	0.010106	0.127041	0.138422	0.126869	0.586048	685300.000000
2015-06-01	0.005476	0.150031	0.154192	0.145003	0.315853	616500.000000
2015-05-29	-0.016604	0.131276	0.132811	0.120535	-0.973854	976100.000000
2015-05-28	-0.018788	0.114372	0.120227	0.110022	-1.123013	706100.000000
2015-05-27	-0.001026	0.133785	0.140136	0.131612	-0.061401	417000.000000
2015-05-26	-0.005541	0.140632	0.144455	0.127170	-0.333405	716800.000000
2015-05-22	0.026032	0.168962	0.174248	0.165551	1.526589	883800.000000
2015-05-21	0.000299	0.143895	0.145601	0.135708	0.017551	837200.000000
2015-05-20	-0.018219	0.122050	0.124227	0.118365	-1.087909	1043600.000000
2015-05-19	0.006358	0.145869	0.147722	0.138284	0.377250	790500.000000
2015-05-18	-0.041117	0.109904	0.110712	0.090835	-2.544300	1397400.000000
2015-05-15	0.036901	0.171807	0.183872	0.170466	2.202137	1311400.000000
2015-05-14	0.001472	0.144500	0.150038	0.141144	0.087742	1048200.000000
2015-05-13	-0.008033	0.132643	0.136472	0.126983	-0.482552	1030600.000000
2015-05-12	-0.006673	0.139801	0.139801	0.125085	-0.403572	831700.000000
2015-05-11	-0.021020	0.133002	0.133002	0.115034	-1.298477	1229800.000000
2015-05-08	0.005857	0.144361	0.153154	0.143384	0.359726	803600.000000
2015-05-07	-0.010181	0.118527	0.129647	0.112886	-0.631710	1081300.000000
2015-05-06	-0.006881	0.139962	0.144763	0.127157	-0.429882	701000.000000
2015-05-05	-0.020361	0.129295	0.133686	0.113302	-1.298481	880400.000000
2015-05-04	0.009163	0.143441	0.153885	0.139960	0.579056	705100.000000
2015-05-01	0.008400	0.141078	0.149535	0.139323	0.526405	337200.000000
2015-04-30	-0.022043	0.119983	0.120139	0.103910	-1.412525	1023600.000000
2015-04-29	-0.014172	0.131494	0.135340	0.116110	-0.921226	692400.000000
2015-04-28	-0.011210	0.126872	0.129914	0.120483	-0.736954	947900.000000
2015-04-27	-0.000933	0.138890	0.147704	0.136610	-0.061424	1278000.000000
2015-04-24	0.009557	0.140415	0.150848	0.140262	0.622917	832600.000000
2015-04-23	0.000000	0.131516	0.140568	0.123538	0.000000	869600.000000
2015-04-22	-0.001613	0.132449	0.138576	0.128160	-0.105286	995500.000000
2015-04-21	0.043180	0.187739	0.195889	0.184543	2.702229	2072700.000000
2015-04-20	0.053930	0.166747	0.219965	0.164389	3.202308	2022500.000000
2015-04-17	-0.013123	0.132821	0.133319	0.114373	-0.789612	1322500.000000
2015-04-16	-0.006375	0.125104	0.136333	0.122461	-0.386032	1100500.000000
2015-04-15	-0.022795	0.107365	0.115595	0.102039	-1.412521	1403500.000000
2015-04-14	0.002270	0.136890	0.143036	0.126215	0.140373	853500.000000
2015-04-13	-0.014268	0.138366	0.142831	0.122104	-0.894890	894700.000000
2015-04-10	-0.010245	0.127966	0.131122	0.124495	-0.649242	1055700.000000
2015-04-09	0.004031	0.135999	0.145188	0.121898	0.254436	1722000.000000
2015-04-08	0.079046	0.212289	0.231437	0.208186	4.623616	2326100.000000
2015-04-07	0.000150	0.142366	0.150573	0.139288	0.008762	681500.000000
2015-04-06	0.005278	0.145989	0.155443	0.144958	0.307083	539900.000000
2015-04-02	0.015156	0.154459	0.170687	0.154284	0.868569	860200.000000
2015-04-01	0.004460	0.143657	0.147338	0.140152	0.254432	806700.000000
2015-03-31	-0.000615	0.140502	0.142954	0.136999	-0.035095	769800.000000
2015-03-30	0.012763	0.146897	0.157009	0.146365	0.719418	768100.000000
2015-03-27	-0.006802	0.138039	0.140682	0.128877	-0.386029	843500.000000
2015-03-26	-0.006603	0.140501	0.141902	0.131575	-0.377262	841000.000000
2015-03-25	0.007582	0.158672	0.166608	0.147914	0.429905	1213500.000000
2015-03-24	0.009371	0.158848	0.160095	0.150482	0.526409	1084800.000000
2015-03-23	0.004865	0.149461	0.151965	0.145346	0.271973	420400.000000
2015-03-20	-0.012705	0.122494	0.132561	0.119492	-0.719421	1394800.000000
2015-03-19	-0.042291	0.092782	0.099885	0.085847	-2.500439	1379500.000000
2015-03-18	0.022921	0.146895	0.168694	0.144819	1.324799	844000.000000
2015-03-17	-0.009621	0.124551	0.133119	0.122324	-0.561505	490300.000000
2015-03-16	0.043778	0.177181	0.192204	0.176823	2.447796	1136400.000000
2015-03-13	-0.003128	0.138732	0.142119	0.133561	-0.175468	1039200.000000
2015-03-12	0.004399	0.150725	0.153769	0.143025	0.245651	852100.000000
2015-03-11	0.003310	0.134411	0.150222	0.129201	0.184246	1131000.000000
2015-03-10	-0.030562	0.116636	0.118726	0.104444	-1.754700	1137700.000000
2015-03-09	0.016781	0.157688	0.166189	0.154323	0.947540	846200.000000
2015-03-06	-0.023220	0.126654	0.126827	0.109875	-1.342338	1435300.000000
2015-03-05	0.010273	0.155355	0.160249	0.149763	0.587822	1761200.000000
2015-03-04	0.007259	0.139273	0.149483	0.139273	0.412350	906500.000000
2015-03-03	-0.039317	0.116633	0.119677	0.086870	-2.324963	1883800.000000
2015-03-02	-0.005166	0.132567	0.135595	0.129034	-0.307072	1671000.000000
2015-02-27	-0.012535	0.129834	0.130332	0.122856	-0.754516	950800.000000
2015-02-26	0.006898	0.147161	0.151176	0.144820	0.412353	542900.000000
2015-02-25	-0.007718	0.139801	0.139801	0.126689	-0.464996	775700.000000
2015-02-24	0.018088	0.151292	0.163459	0.149772	1.070373	1141200.000000
2015-02-23	-0.013889	0.127304	0.130303	0.121971	-0.833488	862600.000000
2015-02-20	0.006030	0.138963	0.147010	0.134102	0.359718	999500.000000
2015-02-19	-0.002201	0.138965	0.140638	0.134783	-0.131607	810600.000000
2015-02-18	-0.008296	0.139304	0.143285	0.127360	-0.500084	1054000.000000
2015-02-17	0.000145	0.144613	0.145608	0.137644	0.008766	550700.000000
2015-02-13	-0.003192	0.142448	0.142448	0.133186	-0.193012	744900.000000
2015-02-12	0.034524	0.168887	0.180008	0.152804	2.017895	1534900.000000
2015-02-11	-0.002246	0.124950	0.138436	0.122731	-0.131599	2012400.000000
2015-02-10	-0.002838	0.140482	0.141163	0.132992	-0.166699	767800.000000
2015-02-09	-0.010784	0.128688	0.131719	0.126331	-0.640461	512900.000000
2015-02-06	-0.025623	0.119785	0.120933	0.109284	-1.561680	902300.000000
2015-02-05	0.018472	0.165201	0.165368	0.158016	1.105461	1244800.000000
2015-02-04	0.019124	0.167730	0.175223	0.159386	1.122998	1187600.000000
2015-02-03	-0.003721	0.131318	0.141668	0.128943	-0.219334	770800.000000
2015-02-02	0.028475	0.166674	0.175224	0.164929	1.631863	837300.000000
2015-01-30	-0.026237	0.119072	0.124339	0.107857	-1.544125	892800.000000
2015-01-29	0.023809	0.167113	0.169201	0.153544	1.368656	1059000.000000
2015-01-28	-0.005011	0.149321	0.151918	0.130974	-0.289524	1162600.000000
2015-01-27	-0.011558	0.126285	0.130563	0.120639	-0.675556	617300.000000
2015-01-26	-0.006561	0.139291	0.139461	0.129773	-0.386032	1016000.000000
2015-01-23	-0.003862	0.138616	0.140648	0.130828	-0.228104	1038600.000000
2015-01-22	0.008690	0.143388	0.152610	0.140314	0.508854	866500.000000
2015-01-21	0.051686	0.171952	0.200689	0.171233	2.877697	1680500.000000
2015-01-20	0.007302	0.150657	0.152104	0.145772	0.403576	818800.000000
2015-01-16	0.005105	0.144711	0.145984	0.137256	0.280750	895500.000000
2015-01-15	0.008041	0.158499	0.161248	0.148783	0.438675	648500.000000
2015-01-14	-0.017072	0.117099	0.123766	0.111694	-0.947532	675600.000000
2015-01-13	0.036370	0.170985	0.189285	0.169492	1.947708	1185200.000000
2015-01-12	0.001477	0.148217	0.149526	0.139614	0.078960	494300.000000
2015-01-09	0.005444	0.151459	0.155407	0.145818	0.289520	800700.000000
2015-01-08	0.017626	0.155874	0.164293	0.154726	0.921215	641600.000000
2015-01-07	0.050617	0.182619	0.200912	0.182016	2.517983	1012100.000000
2015-01-06	-0.015967	0.132680	0.139406	0.119229	-0.807160	896500.000000
2015-01-05	-0.014874	0.132201	0.133955	0.120314	-0.763290	791700.000000
2015-01-02	-0.005610	0.143289	0.143289	0.131275	-0.289520	540600.000000
2014-12-31	0.003412	0.140190	0.151662	0.139412	0.175464	781600.000000
2014-12-30	-0.018912	0.114239	0.119771	0.114049	-0.991397	665000.000000
2014-12-29	0.003864	0.142674	0.146695	0.139035	0.201786	812200.000000
2014-12-26	0.006255	0.155795	0.170055	0.145775	0.324619	825700.000000
2014-12-24	-0.000338	0.134986	0.140765	0.131711	-0.017544	200100.000000
2014-12-23	-0.012846	0.127251	0.129153	0.117933	-0.675556	832200.000000
2014-12-22	0.029013	0.158390	0.182654	0.158390	1.482712	1786100.000000
2014-12-19	-0.003592	0.134732	0.148185	0.134732	-0.184243	1309500.000000
2014-12-18	0.014402	0.149097	0.156810	0.147119	0.728199	641500.000000
2014-12-17	0.014256	0.140403	0.164274	0.137795	0.710648	1050300.000000
2014-12-16	-0.004032	0.125616	0.147593	0.119423	-0.201790	930800.000000
2014-12-15	-0.012121	0.136051	0.139604	0.117499	-0.614143	1078200.000000
2014-12-12	-0.011130	0.135507	0.138240	0.126334	-0.570278	717900.000000
2014-12-11	0.003609	0.145482	0.148616	0.141564	0.184250	914400.000000
2014-12-10	-0.012222	0.144058	0.144058	0.124710	-0.631691	616900.000000
2014-12-09	-0.021429	0.113673	0.116134	0.104396	-1.131775	873300.000000
2014-12-08	-0.019704	0.125510	0.131263	0.116972	-1.061592	861600.000000
2014-12-05	0.012030	0.149005	0.153514	0.142431	0.640464	1135100.000000
2014-12-04	0.030746	0.173877	0.176781	0.167294	1.587994	1000600.000000
2014-12-03	-0.017851	0.122877	0.126871	0.119264	-0.938755	1032400.000000
2014-12-02	0.006887	0.154353	0.154353	0.144971	0.359707	662200.000000
2014-12-01	-0.035483	0.107114	0.109515	0.095111	-1.921383	818700.000000
2014-11-28	-0.007558	0.130454	0.133570	0.126422	-0.412354	221600.000000
2014-11-26	0.003550	0.139249	0.144215	0.137962	0.193009	450300.000000
2014-11-25	-0.009272	0.132513	0.138526	0.128686	-0.508854	597600.000000
2014-11-24	0.000000	0.140530	0.142717	0.135428	0.000000	1081900.000000
2014-11-21	0.029291	0.164372	0.178814	0.164372	1.561676	792000.000000
2014-11-20	-0.000986	0.128371	0.141488	0.127247	-0.052643	738600.000000
2014-11-19	-0.007991	0.126046	0.133667	0.123816	-0.429897	541800.000000
2014-11-18	0.001797	0.145760	0.145946	0.136450	0.096508	967700.000000
2014-11-17	-0.031027	0.101549	0.108225	0.098482	-1.719597	690900.000000
2014-11-14	0.027656	0.158158	0.171323	0.158158	1.491482	824300.000000
2014-11-13	-0.001300	0.128320	0.139431	0.127579	-0.070183	500500.000000
2014-11-12	0.009513	0.148027	0.154383	0.145036	0.508861	480300.000000
2014-11-11	-0.027281	0.116343	0.116889	0.106887	-1.500263	809500.000000
2014-11-10	0.008366	0.138885	0.159422	0.138885	0.456223	1063500.000000
2014-11-07	-0.005281	0.133053	0.134147	0.126669	-0.289532	481000.000000
2014-11-06	0.009858	0.151590	0.154721	0.145511	0.535187	516100.000000
2014-11-05	-0.003863	0.134664	0.138701	0.131178	-0.210560	486000.000000
2014-11-04	0.005178	0.139801	0.146810	0.138510	0.280746	461900.000000
2014-11-03	-0.004671	0.135212	0.136864	0.123647	-0.254428	842000.000000
2014-10-31	0.019540	0.160576	0.171057	0.156458	1.044036	736400.000000
2014-10-30	0.003295	0.135483	0.147876	0.133980	0.175473	587900.000000
2014-10-29	0.022919	0.158625	0.173992	0.156128	1.193191	1229900.000000
2014-10-28	0.034519	0.170403	0.179146	0.167422	1.737145	511000.000000
2014-10-27	-0.017135	0.120857	0.125935	0.116169	-0.877346	588700.000000
2014-10-24	0.024039	0.154601	0.173801	0.147601	1.201957	766400.000000
2014-10-23	-0.020117	0.120400	0.127651	0.110601	-1.026489	1277900.000000
2014-10-22	-0.010716	0.138056	0.138056	0.127199	-0.552730	600700.000000
2014-10-21	-0.013756	0.129858	0.131197	0.122019	-0.719422	869000.000000
2014-10-20	-0.007327	0.132589	0.137903	0.127843	-0.386028	632700.000000
2014-10-17	0.018833	0.150631	0.165521	0.149857	0.973854	883900.000000
2014-10-16	-0.002707	0.121865	0.145201	0.119358	-0.140377	755000.000000
2014-10-15	-0.007723	0.131955	0.134443	0.112435	-0.403580	884600.000000
2014-10-14	-0.008655	0.135058	0.141509	0.128039	-0.456226	608700.000000
2014-10-13	0.028239	0.175304	0.189154	0.171793	1.447628	1175800.000000
2014-10-10	-0.030207	0.122965	0.123154	0.105371	-1.596768	1177000.000000
2014-10-09	0.001662	0.153255	0.155340	0.137527	0.087731	937700.000000
2014-10-08	0.015876	0.139416	0.158281	0.136529	0.824707	882900.000000
2014-10-07	0.000169	0.151353	0.153279	0.139994	0.008774	560900.000000
2014-10-06	-0.002696	0.139801	0.145370	0.135193	-0.140381	734600.000000
2014-10-03	0.036132	0.185759	0.187948	0.178000	1.816112	1045700.000000
2014-10-02	-0.007622	0.131904	0.141776	0.113542	-0.386036	1086500.000000
2014-10-01	-0.017362	0.135727	0.139801	0.117102	-0.894893	988800.000000
2014-09-30	-0.009776	0.114058	0.131541	0.111177	-0.508858	1384700.000000
2014-09-29	-0.016412	0.119205	0.128464	0.118449	-0.868568	957200.000000
2014-09-26	0.007853	0.138088	0.155799	0.138088	0.412357	971900.000000
2014-09-25	-0.031554	0.118591	0.118591	0.101255	-1.710835	985600.000000
2014-09-24	0.016280	0.147111	0.159857	0.143550	0.868573	992900.000000
2014-09-23	-0.004094	0.139801	0.147268	0.135135	-0.219334	1200100.000000
2014-09-22	-0.006023	0.135719	0.138874	0.129968	-0.324619	785400.000000
2014-09-19	-0.002598	0.145353	0.151090	0.136285	-0.140377	1404100.000000
2014-09-18	0.002768	0.138317	0.143884	0.131822	0.149151	890500.000000
2014-09-17	-0.010632	0.135578	0.138883	0.126582	-0.579052	1135700.000000
2014-09-16	-0.016477	0.104589	0.124272	0.097366	-0.912438	2054600.000000
2014-09-15	-0.011588	0.136053	0.136053	0.125344	-0.649235	1282700.000000
2014-09-12	-0.007460	0.131652	0.138030	0.127932	-0.421123	918300.000000
2014-09-11	0.007201	0.147295	0.153362	0.146225	0.403576	868700.000000
2014-09-10	-0.014350	0.123270	0.125556	0.111838	-0.815930	1459900.000000
2014-09-09	-0.001233	0.138396	0.141031	0.133478	-0.070186	810800.000000
2014-09-08	-0.000308	0.144191	0.151040	0.138923	-0.017555	1024400.000000
2014-09-05	0.006045	0.139801	0.150401	0.138918	0.342166	1086400.000000
2014-09-04	0.004515	0.146545	0.151513	0.142818	0.254429	867600.000000
2014-09-03	0.029492	0.187118	0.187118	0.160263	1.614327	2108400.000000
2014-09-02	0.018014	0.159590	0.171678	0.158846	0.968582	1360900.000000
2014-08-29	0.005489	0.163898	0.164833	0.156418	0.293537	742700.000000
2014-08-28	0.003239	0.151722	0.168043	0.148532	0.172672	1039200.000000
2014-08-27	0.020159	0.168814	0.183551	0.168814	1.053276	1249500.000000
2014-08-26	-0.008519	0.147851	0.152975	0.143107	-0.448940	1094400.000000
2014-08-25	0.001641	0.159428	0.160189	0.155817	0.086334	548800.000000
2014-08-22	0.007606	0.169204	0.172268	0.164608	0.397141	747900.000000
2014-08-21	-0.011280	0.155258	0.157720	0.145033	-0.595707	1248000.000000
2014-08-20	-0.000654	0.151475	0.159234	0.149772	-0.034535	939300.000000
2014-08-19	-0.011626	0.156418	0.156418	0.139398	-0.621608	1517000.000000
2014-08-18	0.034408	0.196981	0.203366	0.193886	1.778484	2243400.000000
2014-08-15	0.026050	0.189255	0.200570	0.180124	1.312283	2125200.000000
2014-08-14	0.031830	0.165252	0.205398	0.165252	1.554020	2880600.000000
2014-08-13	0.021680	0.171681	0.183818	0.171053	1.036014	1584700.000000
2014-08-12	0.002354	0.156190	0.162064	0.153673	0.112236	645200.000000
2014-08-11	-0.002168	0.154730	0.157660	0.149079	-0.103603	1029300.000000
2014-08-08	0.006914	0.162924	0.166718	0.158499	0.328071	793900.000000
2014-08-07	0.012341	0.178130	0.182823	0.168529	0.578438	1367500.000000
2014-08-06	-0.010029	0.147938	0.151107	0.143503	-0.474842	981900.000000
2014-08-05	-0.001820	0.162083	0.163559	0.150487	-0.086330	1086200.000000
2014-08-04	0.007334	0.162110	0.168057	0.161261	0.345333	999100.000000
2014-08-01	0.000918	0.163602	0.169129	0.155950	0.043171	1612000.000000
2014-07-31	-0.011967	0.157238	0.158288	0.143166	-0.569802	1752900.000000
2014-07-30	0.004737	0.172004	0.175169	0.158921	0.224465	966700.000000
2014-07-29	-0.000546	0.158077	0.165670	0.155757	-0.025894	1017500.000000
2014-07-28	0.009002	0.163608	0.173610	0.163608	0.423030	1056500.000000
2014-07-25	-0.007657	0.147307	0.150263	0.142239	-0.362598	848700.000000
2014-07-24	0.007531	0.165522	0.171267	0.163820	0.353970	908500.000000
2014-07-23	0.008335	0.162793	0.170087	0.162793	0.388500	864200.000000
2014-07-22	0.018871	0.172933	0.185611	0.171621	0.863342	893200.000000
2014-07-21	0.005312	0.156310	0.164441	0.153893	0.241738	467500.000000
2014-07-18	0.002472	0.159389	0.166879	0.158728	0.112228	480800.000000
2014-07-17	-0.007550	0.153259	0.155446	0.147356	-0.345329	709600.000000
2014-07-16	0.009335	0.163142	0.171969	0.162922	0.423034	1007900.000000
2014-07-15	0.025195	0.180006	0.190638	0.180006	1.113716	1426600.000000
2014-07-14	0.029974	0.181589	0.197666	0.180424	1.286381	1869900.000000
2014-07-11	0.008112	0.159462	0.171677	0.155704	0.345333	815800.000000
2014-07-10	0.002236	0.150284	0.160878	0.148871	0.094975	579600.000000
2014-07-09	0.001833	0.155693	0.161590	0.155693	0.077698	421100.000000
2014-07-08	-0.001829	0.157111	0.159700	0.151461	-0.077698	595500.000000
2014-07-07	0.000203	0.157581	0.159936	0.155698	0.008632	569900.000000
2014-07-03	0.001221	0.158052	0.161824	0.154751	0.051800	258700.000000
2014-07-02	0.009451	0.169949	0.171853	0.166617	0.397137	466300.000000
2014-07-01	0.001234	0.159003	0.162815	0.158526	0.051800	427000.000000
2014-06-30	-0.001233	0.151862	0.158050	0.149958	-0.051800	680800.000000
2014-06-27	0.003505	0.163064	0.163064	0.154705	0.146767	418500.000000
2014-06-26	0.007269	0.165023	0.170797	0.163821	0.302173	656100.000000
2014-06-25	0.005009	0.161189	0.165541	0.159738	0.207199	551900.000000
2014-06-24	-0.001043	0.156114	0.163843	0.155631	-0.043167	727400.000000
2014-06-23	-0.017414	0.138591	0.140015	0.129337	-0.733841	1223400.000000
2014-06-20	0.000820	0.163513	0.164225	0.154725	0.034535	797400.000000
2014-06-19	-0.004694	0.155924	0.156869	0.151433	-0.198571	356300.000000
2014-06-18	0.003687	0.159000	0.162558	0.156153	0.155404	358600.000000
2014-06-17	0.001847	0.158288	0.161853	0.156386	0.077697	450500.000000
2014-06-16	-0.001434	0.157576	0.157576	0.150218	-0.060432	623600.000000
2014-06-13	0.003289	0.161145	0.162336	0.158288	0.138134	400000.000000
2014-06-12	0.001854	0.167592	0.169024	0.158526	0.077701	469200.000000
2014-06-11	-0.014213	0.144647	0.144647	0.136180	-0.604343	929300.000000
2014-06-10	0.003259	0.167962	0.170557	0.160175	0.138142	970400.000000
2014-06-09	0.003270	0.162312	0.164916	0.158998	0.138134	673800.000000
2014-06-06	-0.006901	0.153821	0.155937	0.150060	-0.293537	666000.000000
2014-06-05	0.003871	0.165132	0.167020	0.160176	0.164035	474800.000000
2014-06-04	-0.008285	0.150330	0.152671	0.146585	-0.353977	974900.000000
2014-06-03	0.004669	0.163931	0.169810	0.157818	0.198574	1461400.000000
2014-06-02	0.004077	0.163246	0.168204	0.160649	0.172669	493200.000000
2014-05-30	-0.000815	0.158288	0.160647	0.155693	-0.034531	681100.000000
2014-05-29	0.004912	0.167533	0.167533	0.159947	0.207199	738400.000000
2014-05-28	-0.001227	0.157814	0.160182	0.154026	-0.051803	773800.000000
2014-05-27	-0.000817	0.156159	0.158288	0.151427	-0.034527	1047100.000000
2014-05-23	-0.009508	0.149149	0.150789	0.143760	-0.405773	1147500.000000
2014-05-22	-0.004190	0.155768	0.162068	0.147367	-0.179577	2009000.000000
2014-05-21	0.003962	0.186585	0.193379	0.184243	0.169120	1134300.000000
2014-05-20	-0.001187	0.179327	0.184943	0.174647	-0.050731	1266700.000000
2014-05-19	0.017925	0.191415	0.206421	0.186413	0.752567	1981300.000000
2014-05-16	0.014093	0.188641	0.205549	0.188641	0.583462	1510500.000000
2014-05-15	-0.000612	0.181396	0.185499	0.177533	-0.025368	1228500.000000
2014-05-14	0.000204	0.182844	0.189363	0.175601	0.008457	2053200.000000
2014-05-13	0.001022	0.176560	0.187920	0.173177	0.042279	1743000.000000
2014-05-12	0.015988	0.196845	0.202984	0.191197	0.651107	2242900.000000
2014-05-09	-0.000623	0.175240	0.184566	0.171805	-0.025367	1644500.000000
2014-05-08	0.018601	0.205350	0.209849	0.201350	0.744121	1161000.000000
2014-05-07	0.008957	0.184873	0.195717	0.184368	0.355152	1218200.000000
2014-05-06	-0.001916	0.183610	0.185623	0.179582	-0.076103	702700.000000
2014-05-05	-0.002336	0.180091	0.184612	0.177329	-0.093021	819000.000000
2014-05-02	0.000637	0.185115	0.190895	0.179838	0.025367	1082000.000000
2014-05-01	-0.007801	0.184348	0.184348	0.171133	-0.312870	1267400.000000
2014-04-30	0.011301	0.189663	0.199245	0.186133	0.448170	1311000.000000
2014-04-29	0.035320	0.223850	0.234554	0.222545	1.352947	1278200.000000
2014-04-28	0.011838	0.193433	0.198187	0.191055	0.448162	887200.000000
2014-04-25	-0.007317	0.168705	0.175260	0.166607	-0.279045	1241200.000000
2014-04-24	0.000222	0.183127	0.188110	0.173685	0.008461	1302500.000000
2014-04-23	-0.027394	0.155308	0.156328	0.143574	-1.073909	1439900.000000
2014-04-22	-0.006642	0.167906	0.178802	0.166892	-0.262131	1246600.000000
2014-04-21	-0.004904	0.179325	0.183107	0.172516	-0.194485	566000.000000
2014-04-17	0.004928	0.179562	0.191978	0.177028	0.194485	919700.000000
2014-04-16	0.001502	0.181841	0.185902	0.178034	0.059189	624800.000000
2014-04-15	-0.017500	0.166146	0.170136	0.151435	-0.701844	706900.000000
2014-04-14	-0.006909	0.176412	0.178393	0.168241	-0.279041	781100.000000
2014-04-11	-0.005000	0.176936	0.179646	0.172994	-0.202946	955900.000000
2014-04-10	0.012445	0.201311	0.212037	0.195324	0.498906	2859100.000000
2014-04-09	0.016291	0.200855	0.202122	0.189447	0.642643	1600900.000000
2014-04-08	0.015013	0.200614	0.210907	0.198041	0.583465	1726900.000000
2014-04-07	0.007232	0.196598	0.198930	0.190118	0.279041	1352600.000000
2014-04-04	-0.009981	0.181576	0.184398	0.168747	-0.388977	884700.000000
2014-04-03	0.007212	0.191389	0.193974	0.183636	0.279053	1399100.000000
2014-04-02	0.002849	0.188823	0.189600	0.181307	0.109924	1450200.000000
2014-04-01	0.000877	0.185715	0.187272	0.177155	0.033822	1024400.000000
2014-03-31	0.003301	0.190150	0.193533	0.184685	0.126846	1180200.000000
2014-03-28	0.022042	0.204414	0.216650	0.196434	0.828678	2383200.000000
2014-03-27	0.019725	0.202946	0.218677	0.201589	0.727211	1544100.000000
2014-03-26	-0.004112	0.184493	0.188545	0.177200	-0.152210	1808300.000000
2014-03-25	0.015542	0.197690	0.205097	0.192204	0.566547	1470400.000000
2014-03-24	0.037545	0.223873	0.230419	0.218749	1.319122	2301100.000000
2014-03-21	-0.031694	0.152562	0.157247	0.139609	-1.150001	4505600.000000
2014-03-20	-0.038539	0.155309	0.155839	0.136496	-1.454426	2757100.000000
2014-03-19	-0.016743	0.171139	0.174265	0.157591	-0.642639	1361100.000000
2014-03-18	0.014528	0.190797	0.202427	0.190268	0.549625	1626200.000000
2014-03-17	-0.002897	0.176804	0.182075	0.174959	-0.109924	1455500.000000
2014-03-14	0.000446	0.182075	0.191040	0.177065	0.016918	943000.000000
2014-03-13	-0.008840	0.188875	0.193318	0.169535	-0.338238	1174800.000000
2014-03-12	-0.008762	0.170945	0.172499	0.160583	-0.338241	1421700.000000
2014-03-11	-0.006313	0.187494	0.190068	0.174623	-0.245220	975400.000000
2014-03-10	-0.020469	0.165961	0.165961	0.151336	-0.811768	1314200.000000
2014-03-07	-0.020877	0.174455	0.174455	0.156185	-0.845596	1346000.000000
2014-03-06	0.005247	0.184836	0.196501	0.180617	0.211399	1045700.000000
2014-03-05	-0.005219	0.176183	0.177665	0.170505	-0.211399	797200.000000
2014-03-04	0.002721	0.185821	0.187801	0.179384	0.109928	988200.000000
2014-03-03	0.004627	0.176634	0.188820	0.173400	0.186031	1458600.000000
2014-02-28	-0.007928	0.177915	0.179395	0.170512	-0.321327	1410900.000000
2014-02-27	0.011608	0.188094	0.197579	0.182852	0.465080	951000.000000
2014-02-26	0.006372	0.187375	0.193906	0.183105	0.253674	1201700.000000
2014-02-25	-0.012170	0.177392	0.177888	0.166970	-0.490444	1548200.000000
2014-02-24	-0.004387	0.179144	0.181861	0.173956	-0.177574	1103100.000000
2014-02-21	0.006942	0.186334	0.194045	0.184344	0.279045	969300.000000
2014-02-20	-0.001470	0.178628	0.184838	0.174902	-0.059193	1049400.000000
2014-02-19	0.000420	0.179869	0.186330	0.176638	0.016911	1140500.000000
2014-02-18	-0.010191	0.172764	0.175224	0.167107	-0.414338	857900.000000
2014-02-14	0.013064	0.191324	0.200543	0.190327	0.524270	808400.000000
2014-02-13	-0.004405	0.175904	0.180370	0.168462	-0.177575	697000.000000
2014-02-12	-0.011816	0.171816	0.177209	0.166913	-0.481990	914600.000000
2014-02-11	0.017507	0.194077	0.206300	0.194077	0.701847	780100.000000
2014-02-10	-0.002315	0.188326	0.189322	0.177128	-0.093018	1267900.000000
2014-02-07	0.003590	0.182603	0.186849	0.173861	0.143753	1487500.000000
2014-02-06	0.010457	0.184369	0.199259	0.181088	0.414337	1415800.000000
2014-02-05	-0.005096	0.178836	0.182603	0.174317	-0.202942	614500.000000
2014-02-04	0.006841	0.178811	0.192967	0.178052	0.270592	991900.000000
2014-02-03	-0.022362	0.182603	0.182603	0.155416	-0.904785	1155400.000000
2014-01-31	-0.000835	0.175935	0.185319	0.170255	-0.033829	953700.000000
2014-01-30	0.005459	0.189803	0.191789	0.184340	0.219853	617400.000000
2014-01-29	-0.012645	0.170590	0.175003	0.166423	-0.515808	1133500.000000
2014-01-28	-0.004950	0.172113	0.181627	0.171138	-0.202935	1126600.000000
2014-01-27	-0.001442	0.180654	0.188936	0.175539	-0.059196	1393200.000000
2014-01-24	-0.019984	0.169712	0.171144	0.155628	-0.837136	1430500.000000
2014-01-23	-0.016868	0.167582	0.168756	0.156787	-0.718753	1271700.000000
2014-01-22	0.005186	0.185198	0.192039	0.182367	0.219852	655300.000000
2014-01-21	-0.000598	0.181188	0.183074	0.175530	-0.025371	1061000.000000
2014-01-17	-0.000199	0.185667	0.185667	0.177417	-0.008458	782600.000000
2014-01-16	-0.004366	0.178378	0.181664	0.176970	-0.186023	1038200.000000
2014-01-15	-0.001783	0.171592	0.189865	0.171123	-0.076104	1433600.000000
2014-01-14	0.010813	0.186155	0.197048	0.184734	0.456620	1071400.000000
2014-01-13	-0.011089	0.182603	0.186115	0.169489	-0.473534	865100.000000
2014-01-10	0.013853	0.190675	0.199460	0.188538	0.583458	932000.000000
2014-01-09	-0.008362	0.180248	0.180484	0.166828	-0.355148	1395700.000000
2014-01-08	-0.007312	0.184005	0.185407	0.171852	-0.312866	1136700.000000
2014-01-07	0.002973	0.183775	0.190807	0.182134	0.126834	745600.000000
2014-01-06	-0.003949	0.182603	0.184003	0.174897	-0.169120	705300.000000
2014-01-03	-0.013248	0.176382	0.178225	0.163941	-0.575005	985000.000000
2014-01-02	-0.018359	0.172651	0.172651	0.159986	-0.811764	828700.000000
2013-12-31	0.001532	0.181244	0.185774	0.178525	0.067646	590200.000000
2013-12-30	-0.010425	0.167136	0.173637	0.164447	-0.465076	909500.000000
2013-12-27	0.004952	0.185306	0.188459	0.179224	0.219856	734400.000000
2013-12-26	-0.001901	0.187099	0.187549	0.173609	-0.084564	904800.000000
2013-12-24	0.002478	0.181701	0.189364	0.179222	0.109932	695100.000000
2013-12-23	0.016269	0.196346	0.212838	0.195659	0.710293	1422300.000000
2013-12-20	-0.004243	0.181462	0.182602	0.171883	-0.186028	1315900.000000
2013-12-19	-0.014446	0.157202	0.169115	0.151357	-0.642650	1329200.000000
2013-12-18	0.015637	0.185114	0.203606	0.181918	0.684932	928600.000000
2013-12-17	-0.009750	0.181246	0.181924	0.170621	-0.431251	612800.000000
2013-12-16	0.002299	0.184868	0.189627	0.181470	0.101467	900200.000000
2013-12-13	0.005007	0.191484	0.193533	0.182147	0.219852	720500.000000
2013-12-12	-0.002689	0.186691	0.188508	0.178969	-0.118377	835400.000000
2013-12-11	-0.031796	0.162812	0.164571	0.144780	-1.445965	2364600.000000
2013-12-10	-0.017537	0.169208	0.171153	0.154734	-0.811764	1476200.000000
2013-12-09	-0.005089	0.184107	0.184537	0.175510	-0.236771	681600.000000
2013-12-06	0.004564	0.182387	0.191887	0.178932	0.211396	904100.000000
2013-12-05	-0.004725	0.186471	0.191629	0.174007	-0.219849	2253700.000000
2013-12-04	0.023814	0.203944	0.212525	0.189863	1.082356	1439300.000000
2013-12-03	0.002425	0.186131	0.194292	0.177530	0.109931	740600.000000
2013-12-02	-0.011431	0.177370	0.181294	0.168431	-0.524272	530400.000000
2013-11-29	-0.000184	0.181731	0.185218	0.174319	-0.008458	527000.000000
2013-11-27	0.026684	0.195360	0.216398	0.192898	1.192292	1542800.000000
2013-11-26	0.009167	0.190734	0.198865	0.187346	0.405880	684900.000000
2013-11-25	0.002105	0.188261	0.194825	0.184640	0.093013	1050200.000000
2013-11-22	0.003264	0.182148	0.187598	0.178742	0.143753	860300.000000
2013-11-21	-0.012514	0.176100	0.176997	0.163543	-0.558094	1260100.000000
2013-11-20	-0.005281	0.182602	0.183495	0.175465	-0.236766	568000.000000
2013-11-19	-0.015779	0.179090	0.179090	0.161308	-0.718747	1446900.000000
2013-11-18	0.007292	0.188794	0.196755	0.187688	0.329773	1031500.000000
2013-11-15	0.028462	0.194201	0.223766	0.192837	1.251488	2055600.000000
2013-11-14	0.006581	0.183289	0.193362	0.180542	0.287491	549200.000000
2013-11-13	0.000387	0.179396	0.185351	0.178251	0.016918	874700.000000
2013-11-12	-0.014692	0.171546	0.171997	0.160038	-0.651108	897400.000000
2013-11-11	0.005950	0.187142	0.194633	0.187142	0.262139	429500.000000
2013-11-08	-0.001725	0.178297	0.180563	0.165608	-0.076111	584500.000000
2013-11-07	-0.011366	0.179914	0.179914	0.168489	-0.507355	820100.000000
2013-11-06	0.016561	0.189890	0.203781	0.189662	0.727207	970700.000000
2013-11-05	-0.007454	0.177630	0.177856	0.169041	-0.329776	658400.000000
2013-11-04	0.003067	0.183283	0.187137	0.177841	0.135295	1058800.000000
2013-11-01	0.002691	0.182375	0.188968	0.179875	0.118386	539300.000000
2013-10-31	-0.011403	0.182827	0.184176	0.168444	-0.507359	942800.000000
2013-10-30	0.009206	0.189407	0.201201	0.187366	0.405884	830500.000000
2013-10-29	0.001344	0.184192	0.185101	0.179423	0.059193	525600.000000
2013-10-28	0.001154	0.184422	0.190334	0.179647	0.050743	573700.000000
2013-10-25	-0.000192	0.178283	0.184649	0.173964	-0.008461	639400.000000
2013-10-24	0.007554	0.182602	0.194055	0.182602	0.329773	1548100.000000
2013-10-23	-0.019187	0.165978	0.170696	0.157216	-0.854042	1342000.000000
2013-10-22	-0.006418	0.179924	0.180594	0.164299	-0.287503	1702100.000000
2013-10-21	-0.041606	0.151369	0.152438	0.125697	-1.944866	2537300.000000
2013-10-18	0.009496	0.183251	0.198368	0.181739	0.439713	923300.000000
2013-10-17	0.003114	0.176104	0.186719	0.175021	0.143753	778100.000000
2013-10-16	0.000366	0.181302	0.186070	0.177185	0.016906	670000.000000
2013-10-15	-0.010337	0.176168	0.178099	0.169949	-0.481983	479800.000000
2013-10-14	-0.001991	0.172542	0.183673	0.170830	-0.093021	401400.000000
2013-10-11	0.005459	0.185185	0.189059	0.181526	0.253677	514100.000000
2013-10-10	0.012717	0.187615	0.197641	0.184782	0.583462	882800.000000
2013-10-09	-0.002207	0.183037	0.183037	0.174774	-0.101475	395500.000000
2013-10-08	0.004804	0.186536	0.195714	0.185443	0.219860	862500.000000
2013-10-07	-0.015105	0.162372	0.169044	0.158714	-0.701847	902800.000000
2013-10-04	-0.003988	0.166955	0.180030	0.160738	-0.186027	825200.000000
2013-10-03	-0.023540	0.166277	0.167951	0.148694	-1.124634	1643800.000000
2013-10-02	-0.005282	0.174483	0.177397	0.168028	-0.253681	559600.000000
2013-10-01	0.006557	0.183231	0.193500	0.182603	0.312866	734700.000000
2013-09-30	-0.006339	0.164486	0.176772	0.161779	-0.304405	690100.000000
2013-09-27	-0.001056	0.182187	0.182811	0.177818	-0.050743	607900.000000
2013-09-26	0.006195	0.185952	0.193068	0.180719	0.295963	903100.000000
2013-09-25	-0.003527	0.185523	0.188025	0.175928	-0.169121	533900.000000
2013-09-24	-0.005961	0.178249	0.178663	0.166016	-0.287502	616900.000000
2013-09-23	0.004225	0.179896	0.189473	0.178022	0.202942	361900.000000
2013-09-20	-0.009936	0.183633	0.183633	0.168379	-0.481991	794200.000000
2013-09-19	0.004377	0.179911	0.188192	0.176391	0.211395	951000.000000
2013-09-18	0.008475	0.175295	0.192834	0.167778	0.405892	706700.000000
2013-09-17	0.001591	0.185530	0.187412	0.180511	0.076099	612700.000000
2013-09-16	0.007124	0.195029	0.198609	0.186394	0.338234	891600.000000
2013-09-13	0.010619	0.197502	0.202398	0.191330	0.498905	677800.000000
2013-09-12	-0.005549	0.181333	0.188741	0.175617	-0.262134	524000.000000
2013-09-11	-0.026655	0.157879	0.158909	0.143663	-1.293759	971800.000000
2013-09-10	0.019719	0.191426	0.205923	0.190376	0.938610	1454800.000000
2013-09-09	0.009143	0.188327	0.193415	0.187691	0.431248	1158200.000000
2013-09-06	0.009959	0.188170	0.198662	0.186457	0.465088	1337900.000000
2013-09-05	0.007846	0.183681	0.195335	0.179797	0.363594	728600.000000
2013-09-04	0.020750	0.190180	0.207803	0.188638	0.941997	1175500.000000
2013-09-03	0.015008	0.227495	0.231519	0.219446	0.671242	895700.000000
2013-08-30	0.008408	0.211887	0.220004	0.207829	0.372917	602600.000000
2013-08-29	-0.001492	0.206701	0.212780	0.203549	-0.066291	691200.000000
2013-08-28	0.005251	0.208286	0.216433	0.205343	0.232040	548100.000000
2013-08-27	-0.000375	0.202177	0.210321	0.202177	-0.016579	1635600.000000
2013-08-26	-0.006334	0.205128	0.205802	0.198609	-0.281757	1471500.000000
2013-08-23	0.002802	0.210083	0.213464	0.206025	0.124306	1297100.000000
2013-08-22	0.012101	0.214230	0.223128	0.209667	0.530372	1420900.000000
2013-08-21	-0.011402	0.201514	0.201739	0.188432	-0.505512	1429800.000000
2013-08-20	-0.007421	0.206030	0.206477	0.197522	-0.331486	735700.000000
2013-08-19	-0.003697	0.206478	0.212947	0.201794	-0.165737	491800.000000
2013-08-16	-0.002581	0.206924	0.207814	0.202029	-0.116024	461600.000000
2013-08-15	-0.006411	0.195870	0.204270	0.183712	-0.290043	470200.000000
2013-08-14	0.001284	0.207808	0.212456	0.204931	0.058007	927900.000000
2013-08-13	0.006647	0.206924	0.214722	0.202245	0.298339	634200.000000
2013-08-12	0.013852	0.210090	0.224321	0.210090	0.613240	645700.000000
2013-08-09	-0.007432	0.195042	0.199751	0.192128	-0.331482	369500.000000
2013-08-08	0.015855	0.215584	0.226745	0.211257	0.696117	497300.000000
2013-08-07	-0.004697	0.198994	0.209422	0.198994	-0.207184	407100.000000
2013-08-06	-0.003184	0.206927	0.210091	0.199470	-0.140880	505000.000000
2013-08-05	-0.006881	0.201989	0.201989	0.192563	-0.306618	439600.000000
2013-08-02	0.001677	0.207601	0.209399	0.201531	0.074585	427200.000000
2013-08-01	0.014361	0.215822	0.226083	0.215366	0.629818	549300.000000
2013-07-31	-0.003765	0.204884	0.209654	0.190800	-0.165745	1525700.000000
2013-07-30	0.001886	0.215122	0.217398	0.205791	0.082871	1252600.000000
2013-07-29	-0.006744	0.210092	0.211675	0.198563	-0.298329	706300.000000
2013-07-26	-0.001310	0.208959	0.210088	0.198574	-0.058014	648000.000000
2013-07-25	0.006212	0.213743	0.215334	0.204430	0.273472	505600.000000
2013-07-24	-0.014105	0.201774	0.201774	0.183633	-0.629818	544300.000000
2013-07-23	0.008422	0.217542	0.218219	0.210992	0.372917	692600.000000
2013-07-22	0.014430	0.213116	0.224572	0.210825	0.629822	549300.000000
2013-07-19	0.001902	0.206242	0.213358	0.205095	0.082867	362100.000000
2013-07-18	-0.006050	0.203964	0.203964	0.195066	-0.265183	390000.000000
2013-07-17	0.009159	0.214530	0.219135	0.209464	0.397782	521100.000000
2013-07-16	-0.000763	0.206701	0.211303	0.202100	-0.033158	353400.000000
2013-07-15	0.002868	0.210393	0.217315	0.207855	0.124314	414100.000000
2013-07-12	-0.012649	0.200550	0.202829	0.185287	-0.555237	587800.000000
2013-07-11	0.023971	0.228395	0.235860	0.225363	1.027599	766000.000000
2013-07-10	-0.010331	0.205085	0.207163	0.188925	-0.447506	809500.000000
2013-07-09	0.020500	0.213769	0.231674	0.210471	0.870140	1845500.000000
2013-07-08	-0.000585	0.212117	0.213294	0.202934	-0.024860	575200.000000
2013-07-05	0.004311	0.218052	0.218052	0.203864	0.182320	1354200.000000
2013-07-03	-0.007199	0.194493	0.204588	0.192381	-0.306626	426200.000000
2013-07-02	-0.003296	0.214423	0.224485	0.196640	-0.140877	1006900.000000
2013-07-01	-0.003863	0.208100	0.212295	0.199242	-0.165744	783500.000000
2013-06-28	0.023932	0.233909	0.244411	0.224601	1.002735	1187800.000000
2013-06-27	0.013430	0.218795	0.228954	0.216134	0.555233	746100.000000
2013-06-26	0.014024	0.221662	0.225341	0.215040	0.571800	1210300.000000
2013-06-25	0.004492	0.215078	0.219512	0.204484	0.182323	681600.000000
2013-06-24	-0.010505	0.188174	0.203045	0.182324	-0.430927	1409100.000000
2013-06-21	0.036866	0.246638	0.255990	0.234000	1.458515	1763700.000000
2013-06-20	-0.022522	0.195336	0.199289	0.179523	-0.911571	1416300.000000
2013-06-19	-0.029026	0.185350	0.189908	0.171676	-1.209908	1257400.000000
2013-06-18	0.002791	0.206942	0.211753	0.203814	0.116017	748100.000000
2013-06-17	0.017238	0.218693	0.229705	0.215022	0.704403	963000.000000
2013-06-14	-0.012813	0.187616	0.195830	0.183509	-0.530377	1267500.000000
2013-06-13	-0.003392	0.189848	0.205016	0.184551	-0.140880	866400.000000
2013-06-12	-0.011830	0.211222	0.211460	0.191475	-0.497223	935700.000000
2013-06-11	-0.004514	0.197938	0.204333	0.195096	-0.190605	544700.000000
2013-06-10	0.001573	0.205041	0.211446	0.201008	0.066307	497100.000000
2013-06-07	-0.004501	0.203632	0.205285	0.197256	-0.190606	745200.000000
2013-06-06	-0.003510	0.203407	0.204819	0.192347	-0.149166	1085800.000000
2013-06-05	-0.012137	0.199262	0.202285	0.189267	-0.522091	627900.000000
2013-06-04	-0.006507	0.209935	0.210627	0.195154	-0.281753	408800.000000
2013-06-03	0.008687	0.211826	0.217650	0.206235	0.372917	454300.000000
2013-05-31	-0.008328	0.206124	0.213978	0.196652	-0.360485	1343100.000000
2013-05-30	0.007170	0.239900	0.255721	0.238969	0.308147	930400.000000
2013-05-29	-0.015602	0.217807	0.220784	0.210477	-0.681182	663300.000000
2013-05-28	0.011650	0.246823	0.251226	0.242884	0.502777	548100.000000
2013-05-24	0.000000	0.231762	0.233847	0.218786	0.000000	446300.000000
2013-05-23	-0.020431	0.216583	0.216583	0.193886	-0.900135	1267800.000000
2013-05-22	-0.022138	0.218282	0.221611	0.198972	-0.997437	928600.000000
2013-05-21	-0.000719	0.224946	0.234927	0.224281	-0.032436	523600.000000
2013-05-20	0.005061	0.237165	0.240063	0.235159	0.227058	309500.000000
2013-05-17	0.006917	0.233152	0.244599	0.232928	0.308148	548000.000000
2013-05-16	-0.017701	0.219924	0.223451	0.208679	-0.802815	602700.000000
2013-05-15	0.003049	0.229393	0.238239	0.228951	0.137863	612200.000000
2013-05-14	0.010145	0.232259	0.246333	0.232259	0.454113	358600.000000
2013-05-13	-0.005047	0.230930	0.232041	0.225373	-0.227062	272500.000000
2013-05-10	-0.002338	0.228496	0.230935	0.224948	-0.105419	369500.000000
2013-05-09	-0.001795	0.229832	0.233595	0.223856	-0.081089	672500.000000
2013-05-08	0.005596	0.233152	0.240275	0.232707	0.251385	457400.000000
2013-05-07	0.008740	0.238766	0.245951	0.234949	0.389251	396500.000000
2013-05-06	0.000364	0.233377	0.234725	0.227986	0.016213	288600.000000
2013-05-03	0.000729	0.237423	0.240121	0.231579	0.032444	503400.000000
2013-05-02	0.002009	0.232927	0.236306	0.227747	0.089199	336700.000000
2013-05-01	-0.008870	0.230474	0.231367	0.221767	-0.397358	382400.000000
2013-04-30	0.009503	0.231575	0.244871	0.230448	0.421677	625100.000000
2013-04-29	0.009222	0.238611	0.245434	0.234062	0.405471	435800.000000
2013-04-26	-0.001473	0.234515	0.235878	0.228838	-0.064872	331700.000000
2013-04-25	0.010233	0.240723	0.253801	0.239347	0.446010	451800.000000
2013-04-24	0.010908	0.237327	0.247764	0.234312	0.470341	394400.000000
2013-04-23	-0.003934	0.219523	0.234077	0.217675	-0.170292	715500.000000
2013-04-22	0.005084	0.237100	0.242208	0.230598	0.218948	363700.000000
2013-04-19	0.017628	0.248275	0.255127	0.241659	0.746056	596200.000000
2013-04-18	0.008308	0.243159	0.245779	0.236488	0.348698	562900.000000
2013-04-17	-0.016904	0.224252	0.224487	0.210434	-0.721722	712900.000000
2013-04-16	0.004771	0.239506	0.242330	0.231505	0.202724	515800.000000
2013-04-15	-0.021110	0.218870	0.223707	0.207121	-0.916351	895300.000000
2013-04-12	0.000374	0.229926	0.236840	0.226009	0.016228	455000.000000
2013-04-11	-0.000747	0.233613	0.234995	0.228777	-0.032440	470400.000000
2013-04-10	-0.004092	0.229942	0.231547	0.221686	-0.178406	742400.000000
2013-04-09	0.009955	0.235932	0.253072	0.235700	0.429787	996000.000000
2013-04-08	-0.001500	0.226908	0.233846	0.223901	-0.064869	547800.000000
2013-04-05	0.001127	0.218797	0.237089	0.216945	0.048660	615300.000000
2013-04-04	-0.000563	0.232227	0.235929	0.228293	-0.024334	456800.000000
2013-04-03	-0.001499	0.232690	0.238929	0.229225	-0.064873	792900.000000
2013-04-02	0.006601	0.240595	0.241758	0.235246	0.283821	412400.000000
2013-04-01	-0.002070	0.233849	0.238491	0.229439	-0.089199	436700.000000
2013-03-28	0.000377	0.231295	0.235242	0.228277	0.016220	270900.000000
2013-03-27	0.003780	0.232686	0.238746	0.232220	0.162182	284400.000000
2013-03-26	0.000567	0.231986	0.235951	0.228955	0.024323	443300.000000
2013-03-25	0.002465	0.235724	0.240633	0.232217	0.105427	589700.000000
2013-03-22	-0.007712	0.226425	0.226425	0.220162	-0.332474	655000.000000
2013-03-21	0.002451	0.228734	0.240826	0.227339	0.105419	1409200.000000
2013-03-20	0.015900	0.243074	0.252760	0.241421	0.673073	1358600.000000
2013-03-19	-0.009488	0.218879	0.223559	0.210689	-0.405468	2973500.000000
2013-03-18	-0.009026	0.216225	0.222950	0.210892	-0.389244	933900.000000
2013-03-15	-0.014273	0.216467	0.221495	0.205724	-0.624420	1482600.000000
2013-03-14	0.010868	0.242626	0.257413	0.242626	0.470340	1070100.000000
2013-03-13	-0.012398	0.228817	0.229273	0.213756	-0.543323	893600.000000
2013-03-12	-0.010256	0.227732	0.227732	0.218472	-0.454121	627100.000000
2013-03-11	-0.000915	0.229993	0.237440	0.227286	-0.040550	503500.000000
2013-03-08	0.013727	0.241845	0.254883	0.238871	0.600094	838400.000000
2013-03-07	0.001858	0.234298	0.238653	0.233611	0.081093	451300.000000
2013-03-06	-0.009389	0.224753	0.225661	0.211359	-0.413575	785400.000000
2013-03-05	0.000737	0.231108	0.238151	0.227246	0.032437	583800.000000
2013-03-04	-0.008041	0.218053	0.225265	0.217152	-0.356819	489400.000000
2013-03-01	-0.001460	0.226402	0.231352	0.220101	-0.064869	1007900.000000
2013-02-28	-0.006346	0.235612	0.235612	0.225327	-0.283818	694700.000000
2013-02-27	0.001816	0.228896	0.236961	0.226880	0.081089	524500.000000
2013-02-26	0.002367	0.233826	0.237643	0.229784	0.105423	373200.000000
2013-02-25	-0.010985	0.234707	0.240037	0.219606	-0.494671	521600.000000
2013-02-22	0.010555	0.239212	0.247964	0.239212	0.470341	460100.000000
2013-02-21	-0.001091	0.236963	0.239429	0.227100	-0.048660	619500.000000
2013-02-20	-0.004164	0.234045	0.235385	0.225562	-0.186512	542400.000000
2013-02-19	0.002541	0.231362	0.238747	0.231138	0.113533	406900.000000
2013-02-15	-0.004337	0.235158	0.235158	0.227136	-0.194626	423700.000000
2013-02-14	-0.004676	0.225833	0.228051	0.222507	-0.210838	547000.000000
2013-02-13	0.002886	0.233597	0.239826	0.233153	0.129753	565700.000000
2013-02-12	0.006170	0.233824	0.242105	0.230243	0.275711	346000.000000
2013-02-11	-0.003977	0.235382	0.236050	0.228248	-0.178406	247400.000000
2013-02-08	0.006733	0.242129	0.248413	0.238987	0.300045	468600.000000
2013-02-07	0.000911	0.233602	0.237420	0.228211	0.040543	648300.000000
2013-02-06	0.002923	0.234504	0.238559	0.230900	0.129749	420100.000000
2013-02-05	0.006065	0.239725	0.243805	0.235192	0.267609	457900.000000
2013-02-04	-0.009827	0.228440	0.229113	0.220810	-0.437901	651500.000000
2013-02-01	0.004570	0.236759	0.243974	0.233152	0.202732	652900.000000
2013-01-31	-0.001096	0.231801	0.237656	0.229099	-0.048652	601800.000000
2013-01-30	-0.005449	0.232481	0.233600	0.225314	-0.243283	792200.000000
2013-01-29	0.020196	0.249832	0.261713	0.248918	0.883908	658900.000000
2013-01-28	0.002974	0.240028	0.243923	0.233611	0.129757	789000.000000
2013-01-25	-0.024297	0.217948	0.219066	0.200731	-1.086644	1492000.000000
2013-01-24	-0.008807	0.214757	0.226060	0.212319	-0.397365	947300.000000
2013-01-23	-0.000898	0.239796	0.242896	0.227395	-0.040539	1174700.000000
2013-01-22	-0.015382	0.224213	0.231844	0.205899	-0.705517	928900.000000
2013-01-18	0.005869	0.239512	0.243021	0.237319	0.267613	690300.000000
2013-01-17	-0.009163	0.222722	0.227937	0.217507	-0.421685	1096500.000000
2013-01-16	-0.005433	0.222995	0.229262	0.219105	-0.251392	532500.000000
2013-01-15	-0.015188	0.224001	0.224852	0.212082	-0.713612	834800.000000
2013-01-14	-0.004296	0.236331	0.238026	0.225735	-0.202736	726100.000000
2013-01-11	-0.009532	0.221608	0.224966	0.217410	-0.454124	755400.000000
2013-01-10	0.025306	0.251230	0.266725	0.249293	1.175854	909400.000000
2013-01-09	0.007030	0.239871	0.245722	0.237920	0.324371	630700.000000
2013-01-08	-0.013523	0.229946	0.230159	0.215835	-0.632526	1095800.000000
2013-01-07	-0.017042	0.211297	0.213609	0.208775	-0.810929	848400.000000
2013-01-04	-0.005929	0.224170	0.227094	0.221245	-0.283825	634000.000000
2013-01-03	-0.008399	0.229217	0.229217	0.221138	-0.405464	739400.000000
2013-01-02	0.013794	0.242183	0.254363	0.241763	0.656849	745700.000000
2012-12-31	0.008069	0.233152	0.243949	0.231036	0.381142	459800.000000
2012-12-28	-0.001029	0.227231	0.239497	0.227019	-0.048660	519700.000000
2012-12-27	0.003960	0.229968	0.238248	0.229331	0.186512	518400.000000
2012-12-26	0.008158	0.235721	0.245139	0.234865	0.381145	407300.000000
2012-12-24	-0.003632	0.232513	0.233579	0.228674	-0.170300	149800.000000
2012-12-21	-0.011117	0.220920	0.224506	0.217757	-0.527099	639000.000000
2012-12-20	0.011942	0.244464	0.247879	0.239555	0.559540	850500.000000
2012-12-19	-0.005679	0.236336	0.236336	0.224664	-0.267609	860900.000000
2012-12-18	0.014313	0.244991	0.250803	0.239395	0.664959	834700.000000
2012-12-17	0.001749	0.235093	0.238759	0.230996	0.081097	652600.000000
2012-12-14	0.002278	0.232936	0.237907	0.228614	0.105415	528400.000000
2012-12-13	-0.007825	0.231437	0.231866	0.221573	-0.364918	431300.000000
2012-12-12	-0.003983	0.234861	0.235288	0.225891	-0.186512	448600.000000
2012-12-11	0.007152	0.236809	0.243047	0.236809	0.332489	478900.000000
2012-12-10	0.003149	0.233584	0.240273	0.232505	0.145958	334100.000000
2012-12-07	-0.001223	0.231213	0.232506	0.229058	-0.056766	287300.000000
2012-12-06	-0.011403	0.219943	0.223352	0.213765	-0.535210	572000.000000
2012-12-05	0.012773	0.244588	0.252788	0.241999	0.591976	735300.000000
2012-12-04	0.021996	0.253882	0.262923	0.252558	0.997452	743600.000000
2012-12-03	-0.017569	0.222753	0.223620	0.209538	-0.810936	675500.000000
2012-11-30	0.003172	0.239455	0.239455	0.230544	0.145969	490000.000000
2012-11-29	-0.000880	0.235541	0.237495	0.226855	-0.040546	496300.000000
2012-11-28	0.015014	0.237781	0.252107	0.236018	0.681187	654700.000000
2012-11-27	-0.010435	0.229227	0.229881	0.219194	-0.478459	447400.000000
2012-11-26	-0.005977	0.224480	0.226648	0.219277	-0.275715	326600.000000
2012-11-23	0.013001	0.241059	0.249184	0.237764	0.591980	438100.000000
2012-11-21	0.027072	0.262927	0.267664	0.257513	1.200180	832500.000000
2012-11-20	-0.014600	0.221372	0.222928	0.211592	-0.656860	502100.000000
2012-11-19	0.013333	0.239234	0.249594	0.237657	0.591984	704900.000000
2012-11-16	0.012389	0.244098	0.249570	0.235889	0.543320	776300.000000
2012-11-15	-0.006065	0.229753	0.232926	0.222727	-0.267605	381300.000000
2012-11-14	-0.005665	0.238110	0.239462	0.223462	-0.251396	740400.000000
2012-11-13	-0.008875	0.223325	0.229356	0.221985	-0.397343	729700.000000
2012-11-12	-0.006836	0.230047	0.233153	0.224057	-0.308155	476800.000000
2012-11-09	0.000540	0.224718	0.236038	0.223609	0.024326	709100.000000
2012-11-08	-0.021487	0.220122	0.222945	0.205353	-0.989338	760100.000000
2012-11-07	0.000000	0.244663	0.245532	0.227288	0.000000	1186500.000000
2012-11-06	0.012121	0.239307	0.249199	0.237109	0.551434	852400.000000
2012-11-05	-0.000890	0.233592	0.237545	0.224807	-0.040547	473000.000000
2012-11-02	-0.004256	0.241900	0.241900	0.227248	-0.194622	470900.000000
2012-11-01	0.018054	0.255415	0.258532	0.249850	0.810929	640100.000000
2012-10-31	-0.005030	0.231159	0.232045	0.223406	-0.227063	494700.000000
2012-10-26	-0.004293	0.226536	0.230065	0.222345	-0.194622	530600.000000
2012-10-25	-0.011492	0.221379	0.229228	0.217236	-0.527107	753900.000000
2012-10-24	0.033626	0.268308	0.276871	0.267632	1.492108	1432700.000000
2012-10-23	-0.015827	0.226721	0.226721	0.209421	-0.713608	622100.000000
2012-10-22	0.027916	0.239536	0.270313	0.239536	1.224502	1420700.000000
2012-10-19	-0.011152	0.230673	0.230898	0.218499	-0.494667	879100.000000
2012-10-18	0.015785	0.253991	0.254449	0.250556	0.689289	1131000.000000
2012-10-17	-0.005724	0.229054	0.229965	0.224728	-0.251392	1237800.000000
2012-10-16	-0.001843	0.229743	0.234971	0.229062	-0.081089	616900.000000
2012-10-15	-0.000368	0.233152	0.237923	0.229972	-0.016216	658800.000000
2012-10-12	-0.002756	0.230207	0.230887	0.224543	-0.121643	407400.000000
2012-10-11	0.003503	0.241564	0.243611	0.235881	0.154075	733400.000000
2012-10-10	-0.004953	0.229533	0.233153	0.221841	-0.218940	458900.000000
2012-10-09	0.001654	0.247881	0.248561	0.234059	0.072978	559400.000000
2012-10-08	-0.016980	0.219787	0.219787	0.210877	-0.762279	476000.000000
2012-10-05	-0.001083	0.235823	0.237158	0.230705	-0.048653	656900.000000
2012-10-04	-0.005027	0.229389	0.230717	0.224075	-0.227066	482100.000000
2012-10-03	0.004146	0.240044	0.240044	0.232930	0.186516	427900.000000
2012-10-02	-0.000721	0.235152	0.236263	0.226710	-0.032436	258900.000000
2012-10-01	0.002710	0.235825	0.246740	0.234712	0.121639	324000.000000
2012-09-28	-0.003420	0.228047	0.231155	0.220943	-0.154072	531500.000000
2012-09-27	0.015911	0.248262	0.252998	0.247586	0.705509	698100.000000
2012-09-26	-0.005095	0.232928	0.233152	0.220588	-0.227062	752400.000000
2012-09-25	-0.006867	0.237386	0.241620	0.224016	-0.308155	799500.000000
2012-09-24	0.005999	0.237636	0.243016	0.233152	0.267605	724500.000000
2012-09-21	0.009543	0.250126	0.254199	0.244015	0.421688	1315900.000000
2012-09-20	-0.009273	0.223736	0.227099	0.219252	-0.413574	812000.000000
2012-09-19	0.023446	0.256329	0.263213	0.256099	1.021770	825700.000000
2012-09-18	0.006933	0.240084	0.244936	0.239622	0.300045	629200.000000
2012-09-17	-0.007993	0.221004	0.225130	0.217108	-0.348701	2217900.000000
2012-09-14	0.008624	0.246330	0.250491	0.237314	0.373028	729000.000000
2012-09-13	0.005656	0.227340	0.248032	0.222225	0.243286	972700.000000
2012-09-12	0.001700	0.242002	0.242468	0.232920	0.072979	945700.000000
2012-09-11	0.011268	0.243986	0.248932	0.243279	0.478443	639500.000000
2012-09-10	-0.015604	0.222720	0.222720	0.211823	-0.673073	495500.000000
2012-09-07	0.004912	0.235715	0.241074	0.231289	0.210846	452100.000000
2012-09-06	0.012821	0.240467	0.249906	0.238108	0.543327	568200.000000
2012-09-05	-0.002672	0.231270	0.237624	0.227034	-0.113537	485500.000000
