2017-09-01	0.010593	0.000557	0.014310	-0.001022	1.139999	3626500.000000
2017-08-31	-0.001021	0.002506	0.004641	-0.002135	-0.110000	5508200.000000
2017-08-30	-0.001205	-0.002596	-0.000185	-0.007046	-0.129998	3126000.000000
2017-08-29	0.000928	-0.003062	0.002691	-0.006682	0.099999	3230600.000000
2017-08-28	-0.004343	0.002864	0.003326	-0.008870	-0.470001	3681600.000000
2017-08-25	0.007353	0.003537	0.011821	0.000745	0.790001	4384200.000000
2017-08-24	0.007785	-0.001032	0.009943	-0.002626	0.830001	5059700.000000
2017-08-23	0.002351	-0.001410	0.006581	-0.002351	0.250000	4185800.000000
2017-08-22	0.005483	0.001985	0.010777	0.000284	0.580002	5630900.000000
2017-08-21	-0.006574	0.000000	0.000000	-0.011082	-0.700004	3560400.000000
2017-08-18	0.005287	-0.000755	0.013406	-0.003965	0.560005	5467400.000000
2017-08-17	-0.008611	-0.002153	0.000281	-0.008705	-0.919998	5870300.000000
2017-08-16	-0.006047	0.001302	0.004000	-0.007443	-0.650009	4186600.000000
2017-08-15	-0.001288	0.010419	0.011813	-0.000916	-0.138604	5310700.000000
2017-08-14	-0.004761	0.010325	0.015503	0.001633	-0.514831	4262300.000000
2017-08-11	-0.007992	0.010873	0.013533	0.001058	-0.871247	3383000.000000
2017-08-10	-0.007034	0.013144	0.015057	0.002214	-0.772239	4950700.000000
2017-08-09	0.004894	0.013617	0.019750	0.009224	0.534630	3966800.000000
2017-08-08	0.005192	0.012072	0.018604	0.009955	0.564331	4107300.000000
2017-08-07	-0.002997	0.007295	0.011699	0.005186	-0.326722	4762800.000000
2017-08-04	0.006214	0.010047	0.017155	0.010047	0.673241	4643500.000000
2017-08-03	-0.009325	0.007944	0.009956	-0.002846	-1.019752	5605400.000000
2017-08-02	-0.002889	0.006492	0.013877	0.001568	-0.316819	6212300.000000
2017-08-01	0.014562	0.013285	0.026513	0.012175	1.574181	8162900.000000
2017-07-31	0.009896	0.012570	0.027610	0.010328	1.059357	7561200.000000
2017-07-28	0.018943	0.015759	0.038794	0.012427	1.990005	7812600.000000
2017-07-27	0.009418	0.007741	0.021578	0.005147	0.980148	5888400.000000
2017-07-26	0.006993	0.012370	0.026399	0.008209	0.722741	5881400.000000
2017-07-25	0.011531	0.022282	0.029133	0.021009	1.178169	7093800.000000
2017-07-24	-0.000484	0.009363	0.013178	0.006819	-0.049507	4080400.000000
2017-07-21	-0.013189	0.005703	0.007634	-0.004240	-1.366272	5304100.000000
2017-07-20	0.001627	0.015269	0.018846	0.003859	0.168312	5367800.000000
2017-07-19	0.007135	0.008489	0.017448	0.008002	0.732635	4932000.000000
2017-07-18	-0.004702	0.013827	0.013827	0.003263	-0.485122	4339400.000000
2017-07-17	-0.002202	0.008887	0.015173	0.006566	-0.227715	5572400.000000
2017-07-14	0.002977	0.012472	0.014994	0.006167	0.306915	3644300.000000
2017-07-13	0.002310	0.009172	0.013159	0.005867	0.237618	4439100.000000
2017-07-12	0.007467	0.018667	0.026013	0.013476	0.762337	3978100.000000
2017-07-11	0.000776	0.011126	0.014557	0.005244	0.079200	4322400.000000
2017-07-10	-0.004348	0.009559	0.010926	0.001361	-0.445518	4629000.000000
2017-07-07	-0.003179	0.007810	0.009464	0.000221	-0.326721	6457000.000000
2017-07-06	-0.007647	0.010530	0.014971	0.001262	-0.792046	5084800.000000
2017-07-05	-0.015804	0.007102	0.010047	-0.009241	-1.663284	4482700.000000
2017-07-03	0.018882	0.009176	0.035509	0.009176	1.950401	4419100.000000
2017-06-30	0.002017	0.014025	0.015868	0.007816	0.207909	5455300.000000
2017-06-29	-0.001534	0.011016	0.018474	0.007820	-0.158402	4288600.000000
2017-06-28	0.002018	0.013541	0.018103	0.009756	0.207909	4162300.000000
2017-06-27	-0.000672	0.015770	0.017322	0.008980	-0.069306	4170300.000000
2017-06-26	-0.008190	0.010336	0.011875	0.000717	-0.851440	3602500.000000
2017-06-23	0.005266	0.008113	0.019428	0.008017	0.544533	5773300.000000
2017-06-22	-0.000383	0.009951	0.016331	0.005698	-0.039604	4197400.000000
2017-06-21	-0.018689	0.004451	0.014031	-0.014236	-1.970215	6989400.000000
2017-06-20	-0.009120	-0.001326	0.001964	-0.009503	-0.970246	5171200.000000
2017-06-19	-0.008214	0.009675	0.010327	-0.001232	-0.881141	4577800.000000
2017-06-16	0.018997	0.015842	0.029331	0.008908	1.999901	11633900.000000
2017-06-15	-0.002533	0.009100	0.011942	0.003131	-0.267312	5441400.000000
2017-06-14	-0.014150	0.007992	0.008740	-0.012278	-1.514778	6202300.000000
2017-06-13	0.000833	0.012852	0.014254	0.001820	0.089096	6099700.000000
2017-06-12	0.015414	0.010047	0.029318	0.010047	1.623688	8690600.000000
2017-06-09	0.023077	0.010145	0.034230	0.010145	2.376129	6595600.000000
2017-06-08	0.002216	0.010047	0.019489	0.006835	0.227715	6493600.000000
2017-06-07	-0.003840	0.008108	0.012568	-0.005660	-0.396019	7197100.000000
2017-06-06	0.009497	0.009264	0.022381	0.005838	0.970245	4683900.000000
2017-06-05	0.000776	0.007011	0.014652	0.005345	0.079209	4523300.000000
2017-06-02	-0.011125	0.005688	0.006851	-0.004483	-1.148461	5864000.000000
2017-06-01	0.007634	0.012097	0.017856	0.009559	0.782135	4769400.000000
2017-05-31	-0.005574	0.005097	0.008397	0.000438	-0.574226	8037900.000000
2017-05-30	-0.006303	0.006479	0.009951	0.000692	-0.653435	4288000.000000
2017-05-26	-0.003710	0.009471	0.011777	0.005147	-0.386124	3706600.000000
2017-05-25	-0.010450	0.008906	0.014707	-0.004216	-1.098960	5293800.000000
2017-05-24	-0.000470	0.008432	0.010903	0.004915	-0.049492	3457200.000000
2017-05-23	0.001413	0.009571	0.014235	0.008715	0.148498	3457100.000000
2017-05-22	-0.003755	0.015452	0.015452	0.002746	-0.396011	4491100.000000
2017-05-19	0.012836	0.013409	0.023013	0.010047	1.336563	8383500.000000
2017-05-18	0.004489	0.008600	0.019502	0.001751	0.465332	5618100.000000
2017-05-17	-0.013846	0.010047	0.010999	-0.004699	-1.455391	6384300.000000
2017-05-16	0.003744	0.027197	0.028057	0.021181	0.392036	5001400.000000
2017-05-15	0.008399	0.031781	0.037173	0.027255	0.872277	6647500.000000
2017-05-12	-0.002354	0.018881	0.021091	0.013309	-0.245018	4488200.000000
2017-05-11	-0.002723	0.025879	0.025879	0.011987	-0.284226	4632100.000000
2017-05-10	0.013513	0.027507	0.037314	0.024788	1.391709	5582800.000000
2017-05-09	-0.014998	0.018696	0.020991	0.002532	-1.568123	5024000.000000
2017-05-08	0.008413	0.021672	0.029292	0.020611	0.872268	5175100.000000
2017-05-05	0.009350	0.021393	0.030836	0.019251	0.960488	5060000.000000
2017-05-04	-0.017897	0.015733	0.016593	-0.004345	-1.871964	8039900.000000
2017-05-03	0.012908	0.020322	0.038722	0.018095	1.332917	5663000.000000
2017-05-02	-0.005287	0.022152	0.026198	0.012327	-0.548844	5112200.000000
2017-05-01	-0.007310	0.016114	0.020609	0.011333	-0.764473	4955500.000000
2017-04-28	0.011662	0.035607	0.040928	0.025352	1.205506	6848400.000000
2017-04-27	-0.005750	0.019168	0.019360	0.006760	-0.597855	5781800.000000
2017-04-26	-0.006090	0.017167	0.027492	0.013056	-0.637054	6687400.000000
2017-04-25	0.007552	0.023886	0.030339	0.022730	0.784072	4619000.000000
2017-04-24	0.009915	0.029077	0.035108	0.024991	1.019288	4538200.000000
2017-04-21	0.000095	0.019544	0.025673	0.014582	0.009796	5432600.000000
2017-04-20	0.006236	0.021986	0.034614	0.021594	0.637047	4988100.000000
2017-04-19	-0.013721	0.022349	0.024763	0.002461	-1.421113	6667900.000000
2017-04-18	-0.004615	0.016862	0.025223	0.012153	-0.480239	4252700.000000
2017-04-17	0.000660	0.020995	0.023976	0.015995	0.068611	5278800.000000
2017-04-13	-0.026338	0.017232	0.018168	-0.008143	-2.812844	6894800.000000
2017-04-12	0.000000	0.023974	0.023974	0.015453	0.000000	5053300.000000
2017-04-11	-0.004204	0.021254	0.021348	0.007548	-0.450836	3956500.000000
2017-04-10	0.005236	0.022759	0.032881	0.021353	0.558640	4812100.000000
2017-04-07	-0.003934	0.021162	0.023029	0.014534	-0.421433	4889400.000000
2017-04-06	0.005983	0.024830	0.029808	0.021355	0.637055	3934500.000000
2017-04-05	-0.000184	0.029618	0.039196	0.019383	-0.019608	6398800.000000
2017-04-04	0.007978	0.021079	0.029030	0.012845	0.842873	4687400.000000
2017-04-03	0.004005	0.018897	0.026024	0.010914	0.421440	5800900.000000
2017-03-31	-0.003804	0.019565	0.023730	0.013411	-0.401833	6159000.000000
2017-03-30	-0.002683	0.021077	0.026081	0.012108	-0.284218	6797700.000000
2017-03-29	0.008398	0.018227	0.028986	0.017561	0.882073	4919900.000000
2017-03-28	0.008374	0.020322	0.034338	0.018786	0.872269	6331500.000000
2017-03-27	-0.015835	0.010968	0.014275	-0.000181	-1.675942	6479400.000000
2017-03-24	0.001112	0.020890	0.025524	0.018714	0.117615	6339900.000000
2017-03-23	-0.004797	0.019381	0.024746	0.014297	-0.509644	5451200.000000
2017-03-22	0.003240	0.016639	0.027972	0.015411	0.343026	8106800.000000
2017-03-21	0.003530	0.024113	0.025724	0.017858	0.372428	7406300.000000
2017-03-20	-0.000186	0.016437	0.021933	0.014068	-0.019599	5301900.000000
2017-03-17	-0.001669	0.021646	0.025619	0.018619	-0.176407	14353400.000000
2017-03-16	-0.009368	0.019666	0.020322	0.006828	-0.999688	8894700.000000
2017-03-15	0.014158	0.027165	0.035718	0.022033	1.489724	9472100.000000
2017-03-14	-0.018198	0.012111	0.013044	-0.000486	-1.950363	9935700.000000
2017-03-13	-0.011391	0.019400	0.022167	0.008330	-1.234910	6369300.000000
2017-03-10	0.005180	0.032932	0.033025	0.014759	0.558648	6560300.000000
2017-03-09	0.003923	0.017529	0.025535	0.010082	0.421432	7247400.000000
2017-03-08	-0.019676	0.019136	0.021326	-0.001670	-2.156174	9071600.000000
2017-03-07	-0.012017	0.023658	0.026723	0.006979	-1.332916	6660300.000000
2017-03-06	-0.003347	0.017626	0.019873	0.012415	-0.372429	4731900.000000
2017-03-03	0.001676	0.020322	0.025092	0.018972	0.186211	4905600.000000
2017-03-02	-0.004566	0.018440	0.023816	0.015215	-0.509636	5892500.000000
2017-03-01	0.012267	0.024131	0.037463	0.023768	1.352509	7353800.000000
2017-02-28	0.006711	0.019500	0.029544	0.017948	0.735061	7030200.000000
2017-02-27	0.014802	0.025233	0.040243	0.022638	1.597534	7275800.000000
2017-02-24	-0.008107	0.019219	0.020322	0.006077	-0.882072	6189400.000000
2017-02-23	0.005798	0.029196	0.033725	0.023742	0.627258	8659700.000000
2017-02-22	-0.011994	0.015482	0.020870	0.007445	-1.313316	5732000.000000
2017-02-21	0.012599	0.024021	0.038633	0.022819	1.362320	6619100.000000
2017-02-17	-0.003162	0.017925	0.019308	0.007324	-0.343033	8111000.000000
2017-02-16	-0.016790	0.024129	0.024129	0.000925	-1.852356	9478200.000000
2017-02-15	0.000444	0.017511	0.026851	0.017511	0.049004	7048100.000000
2017-02-14	-0.002748	0.018965	0.022492	0.010827	-0.303833	5811200.000000
2017-02-13	0.007607	0.032913	0.038653	0.030088	0.834884	4858500.000000
2017-02-10	0.007037	0.034585	0.041008	0.031098	0.766930	6194300.000000
2017-02-09	0.006094	0.030088	0.039782	0.030088	0.660141	4607800.000000
2017-02-08	0.001706	0.027684	0.033787	0.020194	0.184448	5188800.000000
2017-02-07	-0.014073	0.030088	0.031182	0.013039	-1.543564	6038400.000000
2017-02-06	-0.005195	0.027458	0.029454	0.019930	-0.572754	5637300.000000
2017-02-03	0.012120	0.031924	0.049091	0.029446	1.320267	6623500.000000
2017-02-02	0.010901	0.031666	0.041596	0.027397	1.174660	6289000.000000
2017-02-01	-0.003143	0.028701	0.034066	0.025371	-0.339768	5889300.000000
2017-01-31	-0.004203	0.030733	0.033589	0.020324	-0.456283	7951000.000000
2017-01-30	-0.017313	0.024295	0.030179	0.002297	-1.912461	8252900.000000
2017-01-27	-0.023681	0.003397	0.013738	-0.002613	-2.679374	11698900.000000
2017-01-26	-0.005885	0.032373	0.035184	0.023587	-0.669846	6937300.000000
2017-01-25	0.007476	0.034780	0.039471	0.029823	0.844582	5276800.000000
2017-01-24	0.008493	0.034195	0.045443	0.032052	0.951378	5024400.000000
2017-01-23	-0.001817	0.025811	0.033296	0.024653	-0.203865	5104100.000000
2017-01-20	0.000173	0.036684	0.040516	0.027949	0.019409	6730900.000000
2017-01-19	-0.003105	0.029644	0.030266	0.024313	-0.349480	3427800.000000
2017-01-18	-0.002924	0.024773	0.027962	0.022293	-0.330070	4855300.000000
2017-01-17	-0.000859	0.030266	0.033540	0.027699	-0.097069	4669700.000000
2017-01-13	0.001894	0.027428	0.036473	0.025211	0.213562	4953000.000000
2017-01-12	0.001984	0.035153	0.039507	0.025468	0.223282	4940000.000000
2017-01-11	0.008438	0.031791	0.043439	0.029192	0.941673	6158200.000000
2017-01-10	-0.007597	0.027599	0.034979	0.021641	-0.854286	6184400.000000
2017-01-09	-0.008559	0.025240	0.025857	0.014836	-0.970803	6891800.000000
2017-01-06	-0.004007	0.031318	0.032459	0.021922	-0.456275	4762500.000000
2017-01-05	-0.004329	0.031662	0.035859	0.020471	-0.495102	5928600.000000
2017-01-04	-0.000255	0.034983	0.037081	0.027903	-0.029122	6679900.000000
2017-01-03	0.001274	0.036040	0.041466	0.020374	0.145622	7404800.000000
2016-12-30	-0.001019	0.026766	0.033760	0.025630	-0.116500	5020500.000000
2016-12-29	-0.000763	0.030962	0.034544	0.026332	-0.087372	3214500.000000
2016-12-28	-0.002622	0.030873	0.035665	0.025993	-0.300942	4086700.000000
2016-12-27	-0.001689	0.030784	0.034264	0.027392	-0.194153	2986900.000000
2016-12-23	-0.002947	0.026966	0.029481	0.023844	-0.339775	2682900.000000
2016-12-22	0.007294	0.030351	0.039524	0.028865	0.834870	4992500.000000
2016-12-21	-0.000339	0.033494	0.039258	0.029302	-0.038826	5024600.000000
2016-12-20	0.002550	0.031840	0.038669	0.030264	0.291237	4319100.000000
2016-12-19	-0.003642	0.032618	0.033316	0.024331	-0.417443	5772500.000000
2016-12-16	0.008800	0.037041	0.043553	0.033345	0.999916	13752300.000000
2016-12-15	0.009400	0.027157	0.042791	0.024759	1.058159	7458300.000000
2016-12-14	-0.012434	0.023860	0.034124	0.015526	-1.417350	7878400.000000
2016-12-13	0.002305	0.036683	0.040288	0.020240	0.262115	8644200.000000
2016-12-12	0.011571	0.047522	0.058373	0.036848	1.300850	10044700.000000
2016-12-09	0.005557	0.028479	0.037423	0.028300	0.621315	5771600.000000
2016-12-08	0.006379	0.032699	0.038730	0.027928	0.708671	5519700.000000
2016-12-07	0.014899	0.032646	0.045801	0.030637	1.630929	6434100.000000
2016-12-06	-0.004327	0.022266	0.032271	0.020629	-0.475678	6033600.000000
2016-12-05	0.002212	0.033644	0.043580	0.030362	0.242691	6909800.000000
2016-12-02	-0.002560	0.029270	0.034817	0.020905	-0.281525	6167400.000000
2016-12-01	0.015507	0.041446	0.061021	0.039045	1.679467	11792300.000000
2016-11-30	0.020304	0.055619	0.064381	0.048554	2.155159	17301900.000000
2016-11-29	-0.010498	0.017037	0.022817	0.010512	-1.126129	7461900.000000
2016-11-28	-0.004504	0.029624	0.035378	0.024335	-0.485390	6406700.000000
2016-11-25	0.000000	0.025820	0.032130	0.021922	0.000000	3238600.000000
2016-11-23	0.003435	0.028040	0.038004	0.024687	0.368896	4472700.000000
2016-11-22	0.003994	0.035791	0.037755	0.021955	0.427155	6440500.000000
2016-11-21	0.008974	0.041031	0.047068	0.038295	0.951378	8476800.000000
2016-11-18	0.009989	0.034376	0.044856	0.030374	1.048446	6815500.000000
2016-11-17	-0.002123	0.036268	0.046726	0.022863	-0.223282	6638100.000000
2016-11-16	0.004357	0.033144	0.040783	0.028752	0.456269	7723700.000000
2016-11-15	0.022235	0.049185	0.064510	0.048307	2.277969	12156500.000000
2016-11-14	-0.000469	0.035620	0.041279	0.030157	-0.048050	7656000.000000
2016-11-11	-0.010669	0.037409	0.039049	0.022544	-1.105354	7535500.000000
2016-11-10	0.001394	0.039434	0.048713	0.036534	0.144173	8739500.000000
2016-11-09	0.003262	0.028279	0.049807	0.024885	0.336410	9161800.000000
2016-11-08	0.004118	0.037674	0.053448	0.036214	0.422920	8034800.000000
2016-11-07	0.019756	0.052515	0.062245	0.050330	1.989609	7333800.000000
2016-11-04	-0.005788	0.039019	0.041388	0.030430	-0.586304	7085400.000000
2016-11-03	0.000000	0.041783	0.048298	0.036057	0.000000	5703200.000000
2016-11-02	-0.010237	0.032291	0.036199	0.018612	-1.047676	8405200.000000
2016-11-01	0.016515	0.047949	0.060166	0.047353	1.662819	12755600.000000
2016-10-31	0.008958	0.040401	0.056836	0.040000	0.893891	12340800.000000
2016-10-28	0.039031	0.052896	0.093608	0.051125	3.748550	17435400.000000
2016-10-27	-0.012551	0.043691	0.048523	0.027343	-1.220688	9897800.000000
2016-10-26	0.004168	0.035755	0.048248	0.031109	0.403710	6353700.000000
2016-10-25	0.001093	0.041331	0.050840	0.038954	0.105712	4730700.000000
2016-10-24	-0.006318	0.043071	0.043277	0.027665	-0.615142	6077300.000000
2016-10-21	-0.005595	0.032128	0.037235	0.027737	-0.547860	5622400.000000
2016-10-20	-0.003911	0.033992	0.039892	0.024327	-0.384475	4820900.000000
2016-10-19	0.004716	0.047351	0.059923	0.045000	0.461364	5905700.000000
2016-10-18	0.004242	0.046867	0.049536	0.037937	0.413292	4720900.000000
2016-10-17	0.002770	0.038960	0.044621	0.035666	0.269135	4540800.000000
2016-10-14	0.002877	0.047523	0.052478	0.038543	0.278747	5114700.000000
2016-10-13	-0.013314	0.033679	0.036021	0.014531	-1.307205	7883000.000000
2016-10-12	-0.008637	0.037372	0.038280	0.025861	-0.855423	4935100.000000
2016-10-11	-0.009040	0.038400	0.041601	0.027393	-0.903503	5337300.000000
2016-10-10	0.016720	0.049963	0.062273	0.049963	1.643593	5982700.000000
2016-10-07	0.000881	0.043659	0.053536	0.040503	0.086502	5844500.000000
2016-10-06	-0.000489	0.041317	0.045184	0.031343	-0.048058	4362900.000000
2016-10-05	0.009480	0.047798	0.056839	0.045332	0.922730	5912800.000000
2016-10-04	-0.011518	0.043041	0.045174	0.023239	-1.134178	6505400.000000
2016-10-03	-0.004567	0.036661	0.039491	0.030191	-0.451745	4334700.000000
2016-09-30	0.016293	0.046154	0.064338	0.039990	1.585923	9431500.000000
2016-09-29	-0.008615	0.038873	0.041623	0.023392	-0.845841	8148400.000000
2016-09-28	0.032027	0.046077	0.075088	0.037983	3.046913	10190900.000000
2016-09-27	0.002025	0.034713	0.049669	0.029974	0.192231	6476100.000000
2016-09-26	-0.004435	0.043232	0.051516	0.034529	-0.422921	5781800.000000
2016-09-23	-0.007601	0.033741	0.046332	0.028850	-0.730484	7396800.000000
2016-09-22	0.003513	0.049695	0.052097	0.042594	0.336411	5416700.000000
2016-09-21	0.019754	0.047323	0.061592	0.046258	1.855057	6361600.000000
2016-09-20	-0.003468	0.041780	0.045070	0.036581	-0.326790	5771900.000000
2016-09-19	0.002044	0.045611	0.051141	0.041996	0.192230	6182000.000000
2016-09-16	-0.016683	0.028167	0.033186	0.019802	-1.595535	12725600.000000
2016-09-15	0.010973	0.041246	0.061226	0.040506	1.038055	6701600.000000
2016-09-14	-0.010158	0.037157	0.045842	0.027217	-0.970779	8201400.000000
2016-09-13	-0.027579	0.034296	0.034296	0.009062	-2.710495	9300400.000000
2016-09-12	0.009677	0.039682	0.053551	0.033209	0.941948	8149100.000000
2016-09-09	-0.027372	0.032707	0.033306	0.011523	-2.739334	7808700.000000
2016-09-08	0.012053	0.045053	0.055267	0.036255	1.191856	5788800.000000
2016-09-07	0.004393	0.043651	0.046698	0.038471	0.432518	5284300.000000
2016-09-06	0.014862	0.043287	0.057718	0.040813	1.441750	5429000.000000
2016-09-02	0.007185	0.047461	0.053379	0.040920	0.692047	4676600.000000
2016-09-01	-0.003679	0.038022	0.040401	0.028919	-0.355629	6045000.000000
2016-08-31	-0.011013	0.035286	0.036616	0.022191	-1.076500	6249100.000000
2016-08-30	-0.003430	0.040401	0.046314	0.033468	-0.336426	3712800.000000
2016-08-29	0.007205	0.039579	0.049745	0.037115	0.701660	4026900.000000
2016-08-26	-0.005594	0.042647	0.046425	0.029883	-0.547867	4776200.000000
2016-08-25	-0.003033	0.041317	0.041317	0.033580	-0.297966	4490100.000000
2016-08-24	0.005114	0.037536	0.046642	0.036308	0.499810	5178300.000000
2016-08-23	-0.002551	0.041319	0.042748	0.035910	-0.249909	4929700.000000
2016-08-22	-0.003714	0.034605	0.041214	0.029419	-0.365242	5494900.000000
2016-08-19	-0.011878	0.035578	0.036181	0.026033	-1.182243	5057200.000000
2016-08-18	0.013011	0.044574	0.054447	0.038772	1.278366	6944400.000000
2016-08-17	0.006598	0.039888	0.048085	0.034971	0.643974	5311600.000000
2016-08-16	-0.001459	0.051363	0.053000	0.046862	-0.142662	5384300.000000
2016-08-15	0.005971	0.055994	0.060625	0.054039	0.580185	4886300.000000
2016-08-12	0.007495	0.054888	0.061006	0.049912	0.722885	5199000.000000
2016-08-11	0.012582	0.056718	0.069421	0.053988	1.198448	4836600.000000
2016-08-10	-0.011646	0.054787	0.056448	0.037043	-1.122367	5081300.000000
2016-08-09	0.001186	0.058116	0.059674	0.046896	0.114135	4957300.000000
2016-08-08	0.006865	0.056384	0.063602	0.053560	0.656296	5447500.000000
2016-08-05	0.001195	0.057647	0.058485	0.044346	0.114136	6710500.000000
2016-08-04	-0.002187	0.047915	0.056275	0.044989	-0.209244	6088100.000000
2016-08-03	0.010242	0.051997	0.062448	0.048196	0.970161	6611700.000000
2016-08-02	0.004843	0.055712	0.061547	0.038634	0.456551	9752700.000000
2016-08-01	-0.032884	0.039565	0.047465	0.011763	-3.205360	11550600.000000
2016-07-29	0.006779	0.038349	0.060349	0.031325	0.656295	10157600.000000
2016-07-28	-0.004596	0.049615	0.050952	0.038203	-0.447044	8226200.000000
2016-07-27	-0.004090	0.051363	0.057916	0.042353	-0.399483	5412200.000000
2016-07-26	-0.003784	0.046263	0.052281	0.041265	-0.370948	6101100.000000
2016-07-25	-0.024513	0.043403	0.045890	0.022706	-2.463463	7784000.000000
2016-07-22	0.002562	0.054256	0.057448	0.049468	0.256805	5255400.000000
2016-07-21	-0.001894	0.049471	0.053952	0.044194	-0.190224	5701000.000000
2016-07-20	-0.004244	0.050273	0.052255	0.041052	-0.428016	6802000.000000
2016-07-19	-0.000471	0.050273	0.053147	0.047003	-0.047562	4630800.000000
2016-07-18	-0.008782	0.047827	0.048613	0.041442	-0.894066	4931500.000000
2016-07-15	0.003093	0.057571	0.059640	0.048309	0.313866	6164300.000000
2016-07-14	0.000469	0.056785	0.060531	0.049194	0.047562	4750900.000000
2016-07-13	-0.001218	0.051363	0.055498	0.042305	-0.123658	5959900.000000
2016-07-12	0.013189	0.060441	0.070417	0.059244	1.322098	8377200.000000
2016-07-11	0.005918	0.051765	0.063706	0.051664	0.589714	7206100.000000
2016-07-08	0.016691	0.059831	0.070952	0.050853	1.635971	9043600.000000
2016-07-07	-0.014630	0.054480	0.055586	0.026833	-1.455246	7707400.000000
2016-07-06	0.009752	0.048216	0.061819	0.040095	0.960648	6166900.000000
2016-07-05	-0.005569	0.044802	0.048537	0.038240	-0.551666	7766600.000000
2016-07-01	-0.006487	0.050862	0.051865	0.040832	-0.646782	6117800.000000
2016-06-30	0.013634	0.052786	0.067425	0.049940	1.341118	7649700.000000
2016-06-29	0.017613	0.060570	0.082915	0.058294	1.702560	8887500.000000
2016-06-28	0.012654	0.060372	0.068544	0.054296	1.207947	7171100.000000
2016-06-27	-0.015113	0.044657	0.046204	0.026807	-1.464760	8248700.000000
2016-06-24	-0.024320	0.021364	0.036968	0.018445	-2.415917	11481400.000000
2016-06-23	0.021019	0.063286	0.073564	0.059380	2.044968	5593600.000000
2016-06-22	-0.009202	0.054011	0.054520	0.040670	-0.903587	4866400.000000
2016-06-21	0.006140	0.052183	0.059970	0.047879	0.599220	4938700.000000
2016-06-20	0.010239	0.064923	0.070306	0.062025	0.989189	6627000.000000
2016-06-17	0.004947	0.055212	0.058333	0.044394	0.475579	8762200.000000
2016-06-16	0.004372	0.044468	0.057945	0.031930	0.418502	8043000.000000
2016-06-15	-0.006418	0.044616	0.055100	0.040671	-0.618240	5627000.000000
2016-06-14	-0.008031	0.047862	0.050848	0.035093	-0.779953	6924000.000000
2016-06-13	0.001177	0.046415	0.062910	0.045177	0.114143	6360100.000000
2016-06-10	-0.008073	0.047886	0.052999	0.035513	-0.789436	8108400.000000
2016-06-09	-0.002716	0.040655	0.051771	0.040553	-0.266342	4247500.000000
2016-06-08	-0.002226	0.053704	0.059097	0.044749	-0.218750	6318100.000000
2016-06-07	0.021251	0.058326	0.077655	0.055936	2.044960	9807000.000000
2016-06-06	0.005067	0.058465	0.065777	0.054079	0.485084	5948200.000000
2016-06-03	0.001293	0.052618	0.057743	0.045820	0.123650	4916100.000000
2016-06-02	-0.005933	0.043774	0.045541	0.036705	-0.570686	6714100.000000
2016-06-01	0.001287	0.043452	0.055319	0.039808	0.123642	4815200.000000
2016-05-31	-0.009998	0.052703	0.054043	0.036420	-0.970154	8141800.000000
2016-05-27	0.005123	0.050120	0.057682	0.044838	0.494591	4997600.000000
2016-05-26	-0.002653	0.052190	0.057562	0.043099	-0.256813	4147200.000000
2016-05-25	0.015770	0.057974	0.070147	0.057974	1.502815	5428200.000000
2016-05-24	0.008150	0.057287	0.065962	0.053902	0.770416	4383300.000000
2016-05-23	-0.004109	0.044936	0.054945	0.043777	-0.389969	4231200.000000
2016-05-20	-0.000601	0.056101	0.057154	0.047573	-0.057060	4707100.000000
2016-05-19	-0.002099	0.042957	0.051573	0.035182	-0.199745	6241100.000000
2016-05-18	-0.006849	0.052928	0.056789	0.037693	-0.656296	5927500.000000
2016-05-17	-0.004643	0.049805	0.061335	0.042223	-0.447029	7028000.000000
2016-05-16	0.015386	0.074395	0.082094	0.069438	1.458855	6779400.000000
2016-05-13	-0.013514	0.057379	0.061645	0.044166	-1.298851	5665200.000000
2016-05-12	0.009690	0.073087	0.075924	0.061847	0.922370	6532400.000000
2016-05-11	-0.001284	0.062162	0.067408	0.050727	-0.122360	6850700.000000
2016-05-10	0.009168	0.065547	0.072430	0.063112	0.865898	6698100.000000
2016-05-09	-0.014824	0.059974	0.061851	0.033480	-1.421203	9342100.000000
2016-05-06	0.004338	0.056401	0.075886	0.056401	0.414123	5958800.000000
2016-05-05	0.008251	0.075786	0.083708	0.065329	0.781197	6474300.000000
2016-05-04	-0.007205	0.059751	0.072754	0.052725	-0.687065	7444100.000000
2016-05-03	-0.019262	0.051679	0.052604	0.039235	-1.872986	6914300.000000
2016-05-02	0.011059	0.058838	0.079842	0.058526	1.063553	6844500.000000
2016-04-29	-0.002149	0.049404	0.064863	0.043905	-0.207070	8826900.000000
2016-04-28	-0.013962	0.055111	0.066672	0.044062	-1.364731	7598000.000000
2016-04-27	0.015251	0.068813	0.079616	0.063412	1.468270	8383600.000000
2016-04-26	0.007684	0.068129	0.077863	0.064570	0.734123	5650700.000000
2016-04-25	-0.004901	0.056853	0.059977	0.050187	-0.470596	6612100.000000
2016-04-22	0.006016	0.066040	0.074003	0.063525	0.574135	5754000.000000
2016-04-21	-0.002852	0.061955	0.074075	0.056417	-0.272950	8278600.000000
2016-04-20	0.011841	0.058037	0.084044	0.055500	1.120026	10150500.000000
2016-04-19	0.018237	0.065707	0.082177	0.056664	1.694160	10584800.000000
2016-04-18	0.015119	0.062477	0.079196	0.043791	1.383545	7726900.000000
2016-04-15	-0.007655	0.059549	0.060525	0.051416	-0.705894	6551600.000000
2016-04-14	0.003893	0.063021	0.069771	0.059864	0.357658	6162200.000000
2016-04-13	0.000923	0.065637	0.066836	0.057247	0.084702	6406800.000000
2016-04-12	0.023835	0.067497	0.092598	0.064597	2.136535	8783400.000000
2016-04-11	-0.011315	0.068433	0.073176	0.049462	-1.025909	6644200.000000
2016-04-08	0.016246	0.078842	0.085791	0.073350	1.449440	7108500.000000
2016-04-07	-0.000527	0.057212	0.064606	0.053963	-0.047058	6817700.000000
2016-04-06	0.023416	0.067981	0.089191	0.064197	2.042397	6836400.000000
2016-04-05	-0.008134	0.057587	0.061567	0.051105	-0.715310	6662000.000000
2016-04-04	-0.008806	0.064506	0.064957	0.048726	-0.781204	6552000.000000
2016-04-01	-0.011950	0.043433	0.055572	0.039312	-1.072960	7555900.000000
2016-03-31	0.001575	0.061808	0.073074	0.059131	0.141182	5943900.000000
2016-03-30	-0.000734	0.073958	0.077748	0.060694	-0.065880	6182900.000000
2016-03-29	0.006759	0.052490	0.070445	0.042951	0.602356	6616600.000000
2016-03-28	-0.001792	0.063037	0.065054	0.052956	-0.159996	5054000.000000
2016-03-24	0.013463	0.050557	0.077803	0.047265	1.185906	8159100.000000
2016-03-23	-0.020000	0.053799	0.054801	0.035109	-1.797684	10302800.000000
2016-03-22	-0.009747	0.054875	0.067655	0.050138	-0.884735	7567100.000000
2016-03-21	-0.012796	0.055190	0.060846	0.043118	-1.176491	8040100.000000
2016-03-18	0.008257	0.073004	0.073662	0.051182	0.752968	14436300.000000
2016-03-17	0.015618	0.071944	0.088538	0.061252	1.402374	10679400.000000
2016-03-16	0.011987	0.067549	0.083553	0.056278	1.063561	9969200.000000
2016-03-15	0.000106	0.049965	0.064055	0.039821	0.009399	7006300.000000
2016-03-14	-0.003383	0.051131	0.065286	0.045739	-0.301170	6898900.000000
2016-03-11	0.006813	0.073900	0.087359	0.056143	0.602340	14098800.000000
2016-03-10	0.012067	0.062134	0.075412	0.053320	1.054169	12090900.000000
2016-03-09	0.045977	0.073971	0.133117	0.071217	3.840073	19323100.000000
2016-03-08	-0.021286	0.059079	0.067282	0.035057	-1.816513	10508400.000000
2016-03-07	0.031161	0.062598	0.096673	0.057886	2.578888	12784300.000000
2016-03-04	0.004570	0.061142	0.075708	0.052402	0.376480	9328600.000000
2016-03-03	0.004475	0.060770	0.067720	0.049187	0.367058	8526100.000000
2016-03-02	0.011726	0.053472	0.075430	0.041136	0.950607	9637600.000000
2016-03-01	0.032239	0.071136	0.101823	0.061586	2.531814	11614700.000000
2016-02-29	-0.010788	0.069909	0.073184	0.046354	-0.856483	11549600.000000
2016-02-26	-0.011137	0.083278	0.084897	0.049772	-0.894142	9369900.000000
2016-02-25	0.000352	0.067461	0.067960	0.043413	0.028244	9452600.000000
2016-02-24	0.004240	0.042707	0.069735	0.037326	0.338844	9775200.000000
2016-02-23	-0.044022	0.057333	0.058410	0.013193	-3.680099	10655800.000000
2016-02-22	0.026821	0.062477	0.103502	0.062477	2.183578	10299900.000000
2016-02-19	-0.002652	0.057577	0.060150	0.038834	-0.216476	9783300.000000
2016-02-18	-0.017891	0.067771	0.073787	0.042024	-1.487084	9517800.000000
2016-02-17	0.041269	0.069994	0.110709	0.065108	3.294182	12710500.000000
2016-02-16	0.005334	0.073434	0.075450	0.049253	0.423546	10631500.000000
2016-02-12	0.029401	0.086455	0.109532	0.078676	2.267761	9835100.000000
2016-02-11	-0.000602	0.057295	0.083987	0.044856	-0.046478	12741400.000000
2016-02-10	0.001447	0.074007	0.088670	0.057528	0.111542	12110300.000000
2016-02-09	-0.035702	0.064567	0.073451	0.028155	-2.853295	12605600.000000
2016-02-08	0.037524	0.061413	0.125545	0.052845	2.890457	17712800.000000
2016-02-05	-0.022526	0.065167	0.069609	0.043849	-1.775169	15090100.000000
2016-02-04	0.002009	0.075572	0.095916	0.065908	0.157997	12825000.000000
2016-02-03	0.041605	0.091184	0.120851	0.057544	3.141403	13964100.000000
2016-02-02	-0.047485	0.043406	0.047569	0.021329	-3.764099	13326200.000000
2016-02-01	-0.013646	0.059529	0.071225	0.048205	-1.096702	10958300.000000
2016-01-29	0.006401	0.052536	0.085846	0.038761	0.511177	20248900.000000
2016-01-28	0.031576	0.107732	0.119875	0.081250	2.444343	13017400.000000
2016-01-27	-0.009867	0.073779	0.101279	0.053442	-0.771423	12380600.000000
2016-01-26	0.039931	0.090319	0.123972	0.082072	3.001999	12191400.000000
2016-01-25	-0.031721	0.059854	0.085613	0.040664	-2.462921	12370300.000000
2016-01-22	0.030722	0.121222	0.130913	0.084848	2.314216	15724600.000000
2016-01-21	0.026209	0.073501	0.112327	0.062875	1.923867	16107800.000000
2016-01-20	-0.031039	0.055757	0.060113	-0.005624	-2.351403	26151100.000000
2016-01-19	-0.025816	0.082383	0.089842	0.038918	-2.007507	13155600.000000
2016-01-15	-0.021060	0.027739	0.055056	0.018046	-1.672935	16861500.000000
2016-01-14	0.050904	0.084156	0.139984	0.070926	3.847755	16433400.000000
2016-01-13	-0.009982	0.089182	0.103458	0.047925	-0.762123	15550100.000000
2016-01-12	0.017086	0.095003	0.097667	0.061567	1.282585	13477500.000000
2016-01-11	-0.016559	0.085386	0.086958	0.045036	-1.263992	14366400.000000
2016-01-08	-0.010720	0.080749	0.086581	0.052625	-0.827179	11891600.000000
2016-01-07	-0.035436	0.056952	0.071953	0.033450	-2.834702	15368800.000000
2016-01-06	-0.039504	0.049898	0.053980	0.022522	-3.290100	14511400.000000
2016-01-05	0.008554	0.078375	0.085641	0.063722	0.706352	7883400.000000
2016-01-04	-0.012339	0.070810	0.077747	0.047368	-1.031654	11397300.000000
2015-12-31	-0.001443	0.067474	0.085150	0.063174	-0.120804	6961500.000000
2015-12-30	-0.012713	0.062393	0.072770	0.059917	-1.078132	5600200.000000
2015-12-29	0.009849	0.094172	0.102388	0.084407	0.827171	6471200.000000
2015-12-28	-0.018360	0.055615	0.060407	0.048368	-1.570702	6800000.000000
2015-12-24	-0.018761	0.077559	0.077559	0.055308	-1.635742	4998700.000000
2015-12-23	0.039216	0.098957	0.118624	0.091448	3.290093	11172800.000000
2015-12-22	0.011542	0.074507	0.094641	0.064620	0.957298	9661700.000000
2015-12-21	-0.006347	0.083022	0.086616	0.056785	-0.529755	12852300.000000
2015-12-18	-0.008063	0.070249	0.084628	0.061217	-0.678482	20167200.000000
2015-12-17	-0.031036	0.076644	0.082402	0.040948	-2.695282	14082500.000000
2015-12-16	0.007331	0.073866	0.088249	0.053335	0.632004	16917900.000000
2015-12-15	0.038397	0.091009	0.124975	0.090648	3.187866	19158500.000000
2015-12-14	0.033434	0.074211	0.115163	0.063133	2.685997	12430700.000000
2015-12-11	-0.032027	0.058483	0.059206	0.037277	-2.658111	13186900.000000
2015-12-10	0.019406	0.080866	0.111082	0.076076	1.580001	14503300.000000
2015-12-09	0.013420	0.078816	0.122009	0.074211	1.078110	14675800.000000
2015-12-08	-0.009624	0.057832	0.084829	0.038601	-0.780716	13397500.000000
2015-12-07	-0.027087	0.049207	0.054725	0.018264	-2.258453	15378900.000000
2015-12-04	0.009679	0.064449	0.087700	0.047374	0.799293	13170200.000000
2015-12-03	-0.015513	0.082629	0.089902	0.053421	-1.301185	10996800.000000
2015-12-02	-0.024113	0.077349	0.078397	0.047449	-2.072571	11830700.000000
2015-12-01	0.012703	0.071830	0.091624	0.071830	1.078117	6975500.000000
2015-11-30	0.010512	0.079168	0.094884	0.076787	0.882935	12179400.000000
2015-11-27	-0.005502	0.068612	0.075598	0.066244	-0.464707	2547800.000000
2015-11-25	-0.005254	0.068415	0.075600	0.061937	-0.446105	5419300.000000
2015-11-24	0.014887	0.078105	0.103327	0.073443	1.245391	8549000.000000
2015-11-23	0.011235	0.071602	0.093239	0.065074	0.929413	6889600.000000
2015-11-20	-0.020037	0.073703	0.081639	0.052025	-1.691520	8561400.000000
2015-11-19	-0.014966	0.073853	0.077820	0.055183	-1.282586	6096700.000000
2015-11-18	0.012963	0.080799	0.096283	0.075953	1.096703	6886900.000000
2015-11-17	-0.004593	0.073835	0.088307	0.067129	-0.390358	7575800.000000
2015-11-16	0.043831	0.078164	0.123359	0.078164	3.568932	10101100.000000
2015-11-13	-0.013131	0.085579	0.090427	0.068854	-1.083466	7676600.000000
2015-11-12	-0.025274	0.072083	0.076808	0.054362	-2.139397	8951300.000000
2015-11-11	-0.011155	0.090963	0.094701	0.073090	-0.954918	6085300.000000
2015-11-10	0.009857	0.086499	0.103015	0.083432	0.835556	6823100.000000
2015-11-09	-0.018186	0.082724	0.093959	0.066740	-1.570114	7659100.000000
2015-11-06	-0.005500	0.079418	0.083565	0.056957	-0.477470	9634200.000000
2015-11-05	-0.022941	0.080991	0.086618	0.061633	-2.038376	11184800.000000
2015-11-04	-0.013960	0.087762	0.088650	0.066234	-1.257927	11931300.000000
2015-11-03	0.033488	0.094370	0.131300	0.094370	2.919853	17669200.000000
2015-11-02	0.044894	0.085858	0.141823	0.084301	3.746231	14277300.000000
2015-10-30	0.011013	0.104239	0.114416	0.083278	0.909005	11559300.000000
2015-10-29	0.001114	0.083393	0.102921	0.081210	0.091819	6686000.000000
2015-10-28	0.023831	0.095428	0.119147	0.091826	1.919037	8236500.000000
2015-10-27	-0.012054	0.076335	0.079156	0.064189	-0.982475	9328800.000000
2015-10-26	-0.027071	0.084678	0.084797	0.057343	-2.267929	8606600.000000
2015-10-23	-0.004148	0.078752	0.092779	0.070907	-0.348930	8134800.000000
2015-10-22	0.025635	0.094093	0.119330	0.094093	2.102676	8971700.000000
2015-10-21	-0.007334	0.082438	0.096840	0.078807	-0.606018	7423400.000000
2015-10-20	-0.000444	0.082683	0.094659	0.081352	-0.036713	8122200.000000
2015-10-19	-0.013802	0.077999	0.080146	0.064399	-1.156944	8900400.000000
2015-10-16	0.006283	0.099058	0.100379	0.080691	0.523384	7821200.000000
2015-10-15	0.010695	0.087760	0.102562	0.073078	0.881477	8960400.000000
2015-10-14	0.015614	0.087246	0.108688	0.080838	1.267098	9734500.000000
2015-10-13	-0.004057	0.077558	0.091549	0.071298	-0.330551	8012500.000000
2015-10-12	-0.009266	0.092620	0.094079	0.068424	-0.762101	7917500.000000
2015-10-09	-0.003782	0.092607	0.095030	0.074074	-0.312194	10011100.000000
2015-10-08	0.020313	0.086251	0.114060	0.085139	1.643570	11299100.000000
2015-10-07	0.012990	0.104869	0.120644	0.080205	1.037567	17670500.000000
2015-10-06	0.035225	0.091038	0.135753	0.089613	2.717849	18897100.000000
2015-10-05	0.030411	0.100579	0.124351	0.099778	2.277131	14196800.000000
2015-10-02	0.040975	0.080753	0.133720	0.074775	2.947403	13051900.000000
2015-10-01	-0.006846	0.100692	0.116846	0.074321	-0.495820	11111900.000000
2015-09-30	0.034492	0.101949	0.128659	0.099807	2.414849	14108800.000000
2015-09-29	0.006335	0.092975	0.101887	0.082051	0.440727	8797800.000000
2015-09-28	-0.024839	0.074517	0.078301	0.061762	-1.772110	10567000.000000
2015-09-25	0.010535	0.102975	0.107083	0.089519	0.743736	10862600.000000
2015-09-24	0.010115	0.079508	0.106120	0.074500	0.707001	10302600.000000
2015-09-23	-0.014628	0.091209	0.093042	0.068088	-1.037552	9043000.000000
2015-09-22	-0.010757	0.071661	0.083516	0.066779	-0.771286	9692300.000000
2015-09-21	0.004502	0.096939	0.102964	0.090495	0.321366	8523500.000000
2015-09-18	-0.021030	0.068522	0.079357	0.055630	-1.533379	18635900.000000
2015-09-17	0.004935	0.090472	0.109079	0.083305	0.358093	12324300.000000
2015-09-16	0.023973	0.098268	0.117885	0.097562	1.698677	12593500.000000
2015-09-15	0.018477	0.098581	0.116692	0.095419	1.285454	11678100.000000
2015-09-14	-0.000264	0.085214	0.092112	0.077167	-0.018364	10235500.000000
2015-09-11	0.001718	0.093125	0.097587	0.080889	0.119370	11032100.000000
2015-09-10	0.009877	0.100869	0.101886	0.080227	0.679451	11475200.000000
2015-09-09	-0.024987	0.097457	0.108370	0.059471	-1.762925	11297400.000000
2015-09-08	0.002217	0.101310	0.101737	0.082986	0.156098	9316500.000000
2015-09-04	-0.020317	0.075734	0.080327	0.063905	-1.459938	11210000.000000
2015-09-03	0.002562	0.098023	0.108069	0.083932	0.183639	12282600.000000
2015-09-02	-0.001662	0.110823	0.110823	0.075723	-0.119354	14255900.000000
2015-09-01	-0.034572	0.059107	0.067578	0.042432	-2.570953	17954200.000000
2015-08-31	0.006963	0.083407	0.097896	0.055107	0.514198	16880400.000000
2015-08-28	0.035935	0.090216	0.139032	0.088253	2.561760	23735400.000000
2015-08-27	0.062252	0.117555	0.164045	0.110998	4.177780	21539600.000000
2015-08-26	0.043845	0.115536	0.137001	0.103559	2.818855	17400400.000000
2015-08-25	-0.029118	0.131528	0.132887	0.054663	-1.928215	21128000.000000
2015-08-24	-0.048046	0.014197	0.083631	0.000253	-3.342216	24191900.000000
2015-08-21	-0.043917	0.084009	0.093905	0.040577	-3.195320	18383600.000000
2015-08-20	-0.020640	0.085729	0.094209	0.066615	-1.533387	11857200.000000
2015-08-19	-0.030321	0.081654	0.082177	0.052939	-2.323020	13009800.000000
2015-08-18	0.002523	0.087131	0.096160	0.083729	0.192817	9093400.000000
2015-08-17	-0.019901	0.083195	0.083836	0.065881	-1.551750	12602500.000000
2015-08-14	0.001631	0.101918	0.110139	0.095623	0.126953	7748900.000000
2015-08-13	-0.010831	0.093160	0.097099	0.085790	-0.852363	9562400.000000
2015-08-12	0.011774	0.092789	0.119916	0.091760	0.915824	11316300.000000
2015-08-11	-0.001281	0.083429	0.103972	0.073414	-0.099739	9797400.000000
2015-08-10	0.025552	0.108742	0.133762	0.104529	1.940491	8342000.000000
2015-08-07	-0.016904	0.096603	0.103723	0.080033	-1.305756	7422000.000000
2015-08-06	0.013805	0.096649	0.123159	0.087855	1.051857	9805000.000000
2015-08-05	-0.013848	0.105794	0.113041	0.085474	-1.069992	11254600.000000
2015-08-04	-0.004556	0.104620	0.119565	0.090964	-0.353645	8537200.000000
2015-08-03	-0.032550	0.087860	0.088483	0.063430	-2.611496	14142200.000000
2015-07-31	-0.048909	0.084917	0.087643	0.043308	-4.125786	19063400.000000
2015-07-30	-0.002359	0.105182	0.109440	0.096904	-0.199501	6435700.000000
2015-07-29	0.009199	0.097804	0.114752	0.091359	0.770767	9821500.000000
2015-07-28	0.036572	0.106652	0.146737	0.106405	2.956070	11536900.000000
2015-07-27	-0.016115	0.093809	0.096609	0.080176	-1.323890	10342700.000000
2015-07-24	-0.025178	0.100918	0.100918	0.072084	-2.121842	11158400.000000
2015-07-23	-0.006096	0.103525	0.109421	0.093264	-0.516853	7360700.000000
2015-07-22	-0.004154	0.098236	0.107867	0.095653	-0.353653	9327500.000000
2015-07-21	0.010329	0.103529	0.117056	0.103529	0.870506	7043100.000000
2015-07-20	-0.002254	0.104593	0.106842	0.096187	-0.190414	6018100.000000
2015-07-17	-0.014077	0.099899	0.101766	0.084374	-1.206017	8214200.000000
2015-07-16	0.002547	0.103285	0.108551	0.098838	0.217621	6422700.000000
2015-07-15	-0.013710	0.096931	0.104548	0.083657	-1.187858	6490400.000000
2015-07-14	0.010042	0.100485	0.116690	0.100369	0.861435	5218600.000000
2015-07-13	0.002013	0.101649	0.108424	0.099780	0.172287	5038800.000000
2015-07-10	0.006718	0.111637	0.116576	0.106227	0.571266	5631900.000000
2015-07-09	0.002351	0.118612	0.122266	0.105174	0.199478	7895300.000000
2015-07-08	-0.017949	0.094945	0.100733	0.079550	-1.550568	7719100.000000
2015-07-07	0.005276	0.098628	0.111079	0.088038	0.453385	11774900.000000
2015-07-06	-0.011474	0.093499	0.099251	0.086827	-0.997452	8341600.000000
2015-07-02	-0.002289	0.105916	0.109474	0.098571	-0.199471	6419100.000000
2015-07-01	-0.003939	0.100874	0.104532	0.092300	-0.344581	7295300.000000
2015-06-30	-0.002275	0.111485	0.113880	0.097456	-0.199501	9925400.000000
2015-06-29	-0.019371	0.090514	0.095659	0.080447	-1.731919	8764600.000000
2015-06-26	0.002644	0.101695	0.106742	0.096873	0.235764	10015500.000000
2015-06-25	-0.009368	0.104817	0.107150	0.091930	-0.843292	6062800.000000
2015-06-24	-0.008193	0.101605	0.109318	0.093782	-0.743546	7451900.000000
2015-06-23	-0.001994	0.099188	0.104356	0.094570	-0.181366	5697900.000000
2015-06-22	0.008244	0.106808	0.112795	0.101708	0.743553	6416100.000000
2015-06-19	-0.007780	0.096987	0.101937	0.094126	-0.707275	10512000.000000
2015-06-18	0.004912	0.108344	0.115419	0.107128	0.444298	7168000.000000
2015-06-17	-0.002799	0.111526	0.115274	0.097084	-0.253884	8231100.000000
2015-06-16	0.007554	0.101817	0.115701	0.097485	0.680069	8763700.000000
2015-06-15	-0.005808	0.098179	0.104915	0.094645	-0.525924	6178100.000000
2015-06-12	-0.012362	0.096273	0.098127	0.086567	-1.133461	6475500.000000
2015-06-11	-0.006972	0.103250	0.106824	0.093178	-0.643799	5582900.000000
2015-06-10	0.014041	0.125879	0.126538	0.114897	1.278541	7588400.000000
2015-06-09	0.000000	0.105892	0.111932	0.100620	0.000000	7157000.000000
2015-06-08	-0.011517	0.099560	0.100646	0.085014	-1.060913	8213900.000000
2015-06-05	0.001973	0.100533	0.121416	0.098466	0.181351	6080900.000000
2015-06-04	-0.007634	0.099794	0.104976	0.089972	-0.707291	6896400.000000
2015-06-03	-0.003997	0.100882	0.111417	0.097872	-0.371765	5150300.000000
2015-06-02	-0.000487	0.103032	0.107975	0.097229	-0.045334	5040000.000000
2015-06-01	-0.003592	0.107849	0.110847	0.097356	-0.335502	5412400.000000
2015-05-29	-0.002325	0.101749	0.106342	0.096728	-0.217629	6673400.000000
2015-05-28	0.001261	0.101212	0.106132	0.095009	0.117874	5099900.000000
2015-05-27	-0.001743	0.101856	0.108049	0.096838	-0.163208	5857500.000000
2015-05-26	-0.015254	0.095772	0.098086	0.082209	-1.450836	8010200.000000
2015-05-22	-0.005688	0.098635	0.103444	0.096231	-0.544052	4717200.000000
2015-05-21	0.002280	0.110361	0.113504	0.103341	0.217606	6549300.000000
2015-05-20	0.002190	0.107017	0.112058	0.100087	0.208564	6521200.000000
2015-05-19	-0.015284	0.096613	0.099301	0.085755	-1.478035	7927600.000000
2015-05-18	-0.012774	0.097406	0.097509	0.088015	-1.251335	6390600.000000
2015-05-15	0.006053	0.101071	0.112574	0.098298	0.589402	5641600.000000
2015-05-14	0.006964	0.117115	0.130353	0.117115	0.673355	9751700.000000
2015-05-13	0.001302	0.118155	0.123229	0.111114	0.125686	5517600.000000
2015-05-12	0.001863	0.114636	0.120446	0.111109	0.179573	5026500.000000
2015-05-11	-0.011873	0.113806	0.114216	0.099967	-1.158188	6003600.000000
2015-05-08	0.010040	0.121261	0.126542	0.112046	0.969643	7078900.000000
2015-05-07	-0.003520	0.111123	0.116385	0.100806	-0.341171	5798300.000000
2015-05-06	-0.000463	0.126594	0.129585	0.106587	-0.044884	5820400.000000
2015-05-05	-0.002954	0.123266	0.130361	0.110516	-0.287308	6463300.000000
2015-05-04	-0.006603	0.117279	0.117586	0.103081	-0.646415	7660100.000000
2015-05-01	-0.018188	0.105984	0.111199	0.086528	-1.813607	10362700.000000
2015-04-30	-0.005997	0.116896	0.118491	0.100946	-0.601547	6666800.000000
2015-04-29	0.005489	0.110799	0.122526	0.109396	0.547661	5665800.000000
2015-04-28	0.012944	0.117360	0.129442	0.113298	1.274918	5321600.000000
2015-04-27	-0.001547	0.118571	0.122626	0.110461	-0.152634	4858700.000000
2015-04-24	-0.000909	0.110767	0.114515	0.104285	-0.089783	4995000.000000
2015-04-23	0.004292	0.118892	0.125504	0.114823	0.421982	6940000.000000
2015-04-22	-0.002096	0.117054	0.121013	0.108528	-0.206505	5643100.000000
2015-04-21	-0.005077	0.111382	0.118351	0.103909	-0.502769	5674900.000000
2015-04-20	0.010815	0.118502	0.140347	0.118298	1.059417	7148800.000000
2015-04-17	-0.009532	0.105717	0.109054	0.094595	-0.942710	6548700.000000
2015-04-16	-0.002264	0.108661	0.119153	0.099582	-0.224450	5904200.000000
2015-04-15	0.014425	0.121481	0.132738	0.119332	1.409584	6704000.000000
2015-04-14	0.021972	0.126356	0.140893	0.121754	2.100892	7262700.000000
2015-04-13	-0.003835	0.118390	0.124120	0.108910	-0.368088	4307200.000000
2015-04-10	-0.000374	0.119221	0.121200	0.112348	-0.035927	5012200.000000
2015-04-09	0.002719	0.115268	0.119863	0.108793	0.260361	5760500.000000
2015-04-08	-0.017321	0.117090	0.117706	0.093077	-1.687889	7894800.000000
2015-04-07	0.015151	0.114327	0.136411	0.110681	1.454467	8536000.000000
2015-04-06	0.015577	0.121741	0.141101	0.113171	1.472428	6724000.000000
2015-04-02	0.004676	0.110192	0.123266	0.106260	0.439934	5123900.000000
2015-04-01	-0.001810	0.122188	0.126962	0.108713	-0.170586	7347200.000000
2015-03-31	-0.017961	0.100470	0.105158	0.092759	-1.723816	7254100.000000
2015-03-30	0.025125	0.121176	0.145101	0.121176	2.352280	7172400.000000
2015-03-27	-0.009216	0.111055	0.111055	0.097086	-0.870880	5830300.000000
2015-03-26	-0.003975	0.120236	0.122765	0.097890	-0.377083	7276900.000000
2015-03-25	0.014107	0.118723	0.135184	0.115196	1.319793	9169400.000000
2015-03-24	-0.016239	0.113806	0.116645	0.095299	-1.544250	6677800.000000
2015-03-23	-0.010371	0.118801	0.120674	0.102255	-0.996574	6807700.000000
2015-03-20	0.021766	0.119548	0.140495	0.117634	2.047012	14064900.000000
2015-03-19	-0.018275	0.097104	0.100236	0.092407	-1.750740	7841900.000000
2015-03-18	0.034215	0.107760	0.153858	0.105169	3.169311	11059700.000000
2015-03-17	0.000388	0.104842	0.118342	0.102682	0.035912	7097500.000000
2015-03-16	0.014859	0.111833	0.131891	0.107010	1.355713	6780200.000000
2015-03-13	-0.007811	0.107499	0.107499	0.094666	-0.718254	8345200.000000
2015-03-12	-0.010817	0.121121	0.124240	0.100467	-1.005577	5900600.000000
2015-03-11	0.006122	0.120408	0.124413	0.108827	0.565643	8440700.000000
2015-03-10	-0.010005	0.112092	0.120235	0.096448	-0.933731	10679000.000000
2015-03-09	0.003863	0.114344	0.136179	0.113268	0.359123	7506200.000000
2015-03-06	-0.011267	0.108382	0.111572	0.097215	-1.059448	7213300.000000
2015-03-05	-0.004089	0.112217	0.115395	0.105015	-0.386055	5156900.000000
2015-03-04	0.000000	0.118890	0.118890	0.106180	0.000000	5784900.000000
2015-03-03	-0.006988	0.113596	0.117172	0.102342	-0.664383	6901200.000000
2015-03-02	-0.007312	0.110047	0.110256	0.095535	-0.700295	7343700.000000
2015-02-27	-0.003549	0.118592	0.120776	0.108708	-0.341178	6396500.000000
2015-02-26	-0.013999	0.106728	0.107036	0.093495	-1.364701	5903100.000000
2015-02-25	0.005743	0.115457	0.122266	0.111743	0.556664	4806500.000000
2015-02-24	0.000927	0.114116	0.117730	0.108436	0.089790	5708400.000000
2015-02-23	-0.006814	0.105499	0.112780	0.100986	-0.664391	6724000.000000
2015-02-20	0.002307	0.114628	0.119151	0.105068	0.224442	7610600.000000
2015-02-19	-0.018924	0.091215	0.105133	0.081533	-1.876450	9721100.000000
2015-02-18	-0.017438	0.102410	0.106374	0.093690	-1.759727	6920300.000000
2015-02-17	-0.003369	0.109164	0.115287	0.101362	-0.341171	7097300.000000
2015-02-13	0.017319	0.118729	0.133699	0.116217	1.723816	7494400.000000
2015-02-12	0.017905	0.127817	0.135691	0.123112	1.750755	6618000.000000
2015-02-11	-0.001815	0.112499	0.124749	0.105455	-0.177818	8662000.000000
2015-02-10	-0.002264	0.125665	0.126684	0.100915	-0.222260	7033700.000000
2015-02-09	0.007481	0.127109	0.144143	0.125159	0.729035	6403000.000000
2015-02-06	0.002745	0.128350	0.136582	0.122691	0.266738	7655500.000000
2015-02-05	0.008860	0.137413	0.143019	0.127033	0.853539	7533300.000000
2015-02-04	-0.010773	0.114069	0.122182	0.102774	-1.049126	10176000.000000
2015-02-03	0.032717	0.142141	0.167698	0.141823	3.085129	14266700.000000
2015-02-02	0.034429	0.140655	0.164240	0.129575	3.138466	11537600.000000
2015-01-30	-0.004563	0.109461	0.127806	0.079759	-0.417862	20584700.000000
2015-01-29	-0.006846	0.130497	0.134726	0.102516	-0.631264	13994400.000000
2015-01-28	-0.042028	0.123710	0.123814	0.074464	-4.045341	10526500.000000
2015-01-27	-0.005694	0.116794	0.124026	0.111836	-0.551239	6388700.000000
2015-01-26	0.018999	0.128644	0.151065	0.119170	1.804855	7670500.000000
2015-01-23	-0.019005	0.117520	0.122993	0.102134	-1.840416	7984400.000000
2015-01-22	0.007027	0.130988	0.134732	0.112582	0.675705	7471100.000000
2015-01-21	0.015873	0.128129	0.143764	0.123481	1.502571	8271000.000000
2015-01-20	0.012842	0.118757	0.140370	0.110732	1.200234	10406800.000000
2015-01-16	0.023863	0.122558	0.151807	0.122558	2.178283	12604600.000000
2015-01-15	-0.011838	0.130270	0.136007	0.109918	-1.093567	9664600.000000
2015-01-14	-0.002879	0.113955	0.127016	0.099167	-0.266723	14096200.000000
2015-01-13	-0.015867	0.135797	0.143658	0.096173	-1.493668	13277700.000000
2015-01-12	-0.021532	0.117057	0.117057	0.097204	-2.071579	8912300.000000
2015-01-09	-0.019926	0.121998	0.122813	0.096836	-1.956001	9584500.000000
2015-01-08	0.022883	0.137774	0.150799	0.131626	2.196052	8650800.000000
2015-01-07	-0.000833	0.137451	0.142448	0.119335	-0.080017	10353800.000000
2015-01-06	-0.000463	0.122563	0.134531	0.108098	-0.044456	11591600.000000
2015-01-05	-0.039972	0.108564	0.110961	0.073397	-4.000900	11758100.000000
2015-01-02	0.003566	0.119234	0.132970	0.111414	0.355629	5898800.000000
2014-12-31	-0.008222	0.110231	0.126737	0.109037	-0.826844	6411800.000000
2014-12-30	-0.001853	0.120878	0.128024	0.113136	-0.186699	5659500.000000
2014-12-29	0.000618	0.126636	0.135971	0.120081	0.062233	6043000.000000
2014-12-26	-0.001939	0.129308	0.133471	0.118306	-0.195610	4380400.000000
2014-12-24	-0.004212	0.121886	0.126624	0.106192	-0.426750	4536500.000000
2014-12-23	0.017138	0.132078	0.149045	0.127660	1.707054	8092000.000000
2014-12-22	-0.007970	0.119072	0.125346	0.106224	-0.800186	9433500.000000
2014-12-19	0.035770	0.129906	0.165290	0.119281	3.467423	15723300.000000
2014-12-18	0.028391	0.145860	0.156681	0.119126	2.676185	13533000.000000
2014-12-17	0.042478	0.130057	0.178829	0.128177	3.840836	13354000.000000
2014-12-16	0.008329	0.120734	0.165006	0.116831	0.746849	12722200.000000
2014-12-15	-0.014847	0.132988	0.141558	0.103216	-1.351410	13144200.000000
2014-12-12	-0.024116	0.112419	0.118745	0.097517	-2.249405	12013600.000000
2014-12-11	0.000477	0.125929	0.150599	0.118742	0.044464	10293600.000000
2014-12-10	-0.020092	0.116445	0.116761	0.083337	-1.911552	15073400.000000
2014-12-09	0.001966	0.118114	0.138966	0.117693	0.186706	11053000.000000
2014-12-08	-0.036709	0.114807	0.115314	0.079503	-3.618568	13809000.000000
2014-12-05	-0.012558	0.119840	0.124849	0.109021	-1.253632	7663400.000000
2014-12-04	-0.012576	0.118517	0.118517	0.098042	-1.271385	8100700.000000
2014-12-03	-0.002719	0.131851	0.132641	0.116167	-0.275597	8049800.000000
2014-12-02	0.020496	0.120118	0.153237	0.116293	2.035981	8548700.000000
2014-12-01	0.026270	0.130017	0.162147	0.122786	2.542785	13400100.000000
2014-11-28	-0.054209	0.090355	0.091332	0.059478	-5.547889	11935600.000000
2014-11-26	-0.008954	0.123974	0.126685	0.113806	-0.924652	6715100.000000
2014-11-25	-0.012246	0.126757	0.126949	0.106001	-1.280289	6671400.000000
2014-11-24	-0.008349	0.120480	0.124749	0.111185	-0.880203	5807600.000000
2014-11-21	0.010826	0.138939	0.140089	0.128776	1.129158	7361600.000000
2014-11-20	0.007212	0.121755	0.134406	0.121755	0.746818	5272800.000000
2014-11-19	0.008660	0.129619	0.136535	0.120852	0.889092	4270300.000000
2014-11-18	-0.002419	0.126887	0.133300	0.119890	-0.248940	5672800.000000
2014-11-17	-0.004900	0.121268	0.123105	0.114596	-0.506782	5713700.000000
2014-11-14	0.008147	0.127868	0.134204	0.125139	0.835739	4891700.000000
2014-11-13	-0.010200	0.129776	0.133443	0.115785	-1.057099	11019900.000000
2014-11-12	-0.006670	0.129620	0.137767	0.125020	-0.695930	4923900.000000
2014-11-11	0.004410	0.135468	0.142399	0.129211	0.458084	3957000.000000
2014-11-10	-0.007408	0.142632	0.143492	0.120942	-0.775230	6114600.000000
2014-11-07	0.002278	0.137286	0.146672	0.133551	0.237861	7366600.000000
2014-11-06	0.012644	0.133725	0.149727	0.128488	1.303765	6383800.000000
2014-11-05	0.014562	0.153874	0.154169	0.130161	1.479942	6603300.000000
2014-11-04	-0.012074	0.127500	0.127792	0.115932	-1.242096	9585800.000000
2014-11-03	-0.026428	0.134044	0.135369	0.102151	-2.792511	10343300.000000
2014-10-31	0.023464	0.146318	0.163946	0.127334	2.422531	10669500.000000
2014-10-30	0.000512	0.125876	0.136245	0.119965	0.052864	5174400.000000
2014-10-29	0.000085	0.143611	0.152624	0.125197	0.008797	6873700.000000
2014-10-28	0.018345	0.146529	0.157385	0.136561	1.858742	7272600.000000
2014-10-27	-0.007678	0.120195	0.129891	0.111185	-0.784028	6714600.000000
2014-10-24	-0.002410	0.135179	0.135863	0.118961	-0.246650	5507900.000000
2014-10-23	0.019211	0.155095	0.168239	0.144639	1.929214	7195500.000000
2014-10-22	-0.009471	0.136264	0.146522	0.123541	-0.960190	7211600.000000
2014-10-21	0.032290	0.152387	0.172649	0.149638	3.171288	8899700.000000
2014-10-20	-0.002773	0.132438	0.140053	0.126752	-0.273079	8823800.000000
2014-10-17	0.006663	0.142539	0.152351	0.131806	0.651871	10895500.000000
2014-10-16	0.016382	0.121570	0.156476	0.113675	1.576851	11908400.000000
2014-10-15	-0.004646	0.122667	0.132284	0.102813	-0.449280	15278400.000000
2014-10-14	-0.020084	0.140955	0.145515	0.105490	-1.982063	11541500.000000
2014-10-13	-0.016331	0.131790	0.142156	0.114846	-1.638497	7799100.000000
2014-10-10	-0.005414	0.137063	0.147274	0.119020	-0.546173	9253100.000000
2014-10-09	-0.029165	0.126229	0.126806	0.099473	-3.030373	11489200.000000
2014-10-08	0.016635	0.133320	0.156998	0.126667	1.700196	9517400.000000
2014-10-07	-0.017529	0.129219	0.138448	0.115089	-1.823502	7303800.000000
2014-10-06	0.003228	0.137108	0.148102	0.131032	0.334732	5409500.000000
2014-10-03	0.005124	0.145358	0.145358	0.128297	0.528580	6298300.000000
2014-10-02	-0.004590	0.132671	0.137592	0.120513	-0.475716	8171200.000000
2014-10-01	-0.013996	0.130232	0.135465	0.116723	-1.471138	8027900.000000
2014-09-30	-0.010203	0.134803	0.134803	0.117382	-1.083534	8385700.000000
2014-09-29	-0.007574	0.128170	0.128357	0.113405	-0.810440	6791500.000000
2014-09-26	0.006546	0.133956	0.147972	0.128971	0.695915	5500500.000000
2014-09-25	-0.014052	0.133324	0.137127	0.119227	-1.515159	6466300.000000
2014-09-24	-0.005363	0.135272	0.135272	0.114793	-0.581414	8005900.000000
2014-09-23	-0.003482	0.135547	0.139684	0.129388	-0.378799	5620700.000000
2014-09-22	-0.010497	0.133360	0.136271	0.123082	-1.153999	5850500.000000
2014-09-19	0.005317	0.142495	0.149444	0.139843	0.581398	10090000.000000
2014-09-18	-0.004650	0.136362	0.138092	0.127261	-0.510933	4683200.000000
2014-09-17	-0.001921	0.136724	0.139994	0.130546	-0.211411	4583500.000000
2014-09-16	0.005795	0.133535	0.148337	0.129423	0.634270	6587200.000000
2014-09-15	0.012881	0.132310	0.154799	0.129626	1.391838	5437600.000000
2014-09-12	-0.009448	0.132521	0.133621	0.120328	-1.030670	4915600.000000
2014-09-11	-0.003621	0.126045	0.133261	0.118099	-0.396416	6569600.000000
2014-09-10	-0.007190	0.128650	0.131189	0.115501	-0.792824	10941800.000000
2014-09-09	-0.008161	0.119709	0.131402	0.117640	-0.907348	6721600.000000
2014-09-08	-0.009341	0.128764	0.129387	0.119942	-1.048310	4200800.000000
2014-09-05	0.004732	0.138313	0.140909	0.129450	0.528565	5035500.000000
2014-09-04	-0.008290	0.138287	0.140506	0.120441	-0.933769	5191200.000000
2014-09-03	0.002509	0.143279	0.147106	0.136336	0.281898	3846300.000000
2014-09-02	-0.014755	0.132987	0.134565	0.114221	-1.682556	4744500.000000
2014-08-29	0.005437	0.137384	0.142057	0.132975	0.616653	3519000.000000
2014-08-28	0.000855	0.132002	0.137474	0.131738	0.096894	2409000.000000
2014-08-27	0.003041	0.136595	0.140225	0.134648	0.343551	2767000.000000
2014-08-26	0.003207	0.137133	0.142905	0.136067	0.361176	2832400.000000
2014-08-25	0.005743	0.139287	0.143753	0.137590	0.643059	2645700.000000
2014-08-22	-0.006410	0.127104	0.131364	0.122224	-0.722336	3236900.000000
2014-08-21	0.003451	0.136871	0.141323	0.132419	0.387604	2668100.000000
2014-08-20	-0.001097	0.131799	0.134912	0.127619	-0.123337	3230300.000000
2014-08-19	0.010530	0.138954	0.147762	0.137426	1.171615	3887800.000000
2014-08-18	0.001586	0.136710	0.139590	0.130948	0.176194	4630000.000000
2014-08-15	0.001668	0.139958	0.143295	0.133286	0.184997	5754300.000000
2014-08-14	-0.005016	0.145545	0.145725	0.135228	-0.559044	4524000.000000
2014-08-13	0.004013	0.149782	0.155187	0.142846	0.445488	3518200.000000
2014-08-12	-0.004855	0.139718	0.140973	0.131830	-0.541565	4944100.000000
2014-08-11	-0.001173	0.147514	0.152080	0.141963	-0.131027	3466500.000000
2014-08-08	0.017589	0.148654	0.165875	0.147197	1.930428	4730700.000000
2014-08-07	-0.000636	0.149016	0.153933	0.136633	-0.069886	4650700.000000
2014-08-06	0.006162	0.144278	0.163242	0.143362	0.672593	5134900.000000
2014-08-05	-0.025045	0.141612	0.141612	0.112761	-2.803917	8066700.000000
2014-08-04	0.002111	0.142948	0.148945	0.128090	0.235855	7360000.000000
2014-08-01	-0.010368	0.131718	0.142347	0.119316	-1.170494	7377800.000000
2014-07-31	-0.024825	0.137917	0.139990	0.115198	-2.873803	7973700.000000
2014-07-30	0.000831	0.149583	0.155807	0.136874	0.096093	4601800.000000
2014-07-29	-0.006154	0.141906	0.148952	0.137782	-0.716263	4189100.000000
2014-07-28	-0.002471	0.144742	0.146799	0.138999	-0.288254	4625000.000000
2014-07-25	-0.009492	0.142536	0.142790	0.129631	-1.118072	3702000.000000
2014-07-24	0.007245	0.146110	0.155260	0.143203	0.847290	5337900.000000
2014-07-23	0.009806	0.145864	0.156485	0.143964	1.135566	4589500.000000
2014-07-22	0.009825	0.147095	0.161483	0.147095	1.126786	4391700.000000
2014-07-21	0.006902	0.142369	0.153169	0.141491	0.786140	3714000.000000
2014-07-18	0.002383	0.149756	0.150548	0.140427	0.270783	4339400.000000
2014-07-17	-0.006188	0.142641	0.150163	0.135994	-0.707528	4953600.000000
2014-07-16	0.012610	0.150408	0.159707	0.148636	1.423798	4491800.000000
2014-07-15	0.000000	0.143145	0.146953	0.139071	0.000000	4845000.000000
2014-07-14	0.006149	0.147768	0.154006	0.144026	0.690048	4135800.000000
2014-07-11	-0.013666	0.134984	0.141663	0.125315	-1.554817	5242700.000000
2014-07-10	-0.008676	0.136899	0.140210	0.131845	-0.995781	4404800.000000
2014-07-09	0.011470	0.148089	0.160603	0.145621	1.301521	5200800.000000
2014-07-08	-0.004369	0.138071	0.144038	0.136492	-0.497909	4687600.000000
2014-07-07	-0.005488	0.138283	0.140028	0.134618	-0.628899	3660000.000000
2014-07-03	0.007372	0.155465	0.156783	0.149135	0.838555	3514000.000000
2014-07-02	-0.002375	0.144740	0.148160	0.140004	-0.270791	5136800.000000
2014-07-01	-0.000077	0.148248	0.152457	0.144039	-0.008735	4000500.000000
2014-06-30	0.001457	0.142983	0.147199	0.136133	0.165954	5698900.000000
2014-06-27	-0.004277	0.143166	0.145090	0.130662	-0.489158	8674700.000000
2014-06-26	-0.002362	0.144653	0.144741	0.129997	-0.270760	6111400.000000
2014-06-25	-0.004098	0.141092	0.149954	0.138225	-0.471718	6714200.000000
2014-06-24	-0.009099	0.142762	0.148960	0.133894	-1.056900	8581100.000000
2014-06-23	0.004836	0.146385	0.155468	0.145520	0.559006	11006900.000000
2014-06-20	0.002652	0.144481	0.148384	0.135200	0.305733	11348300.000000
2014-06-19	0.013126	0.144915	0.159942	0.141576	1.493675	7419900.000000
2014-06-18	0.011255	0.145983	0.159668	0.140651	1.266579	7697700.000000
2014-06-17	0.002256	0.139128	0.149281	0.136189	0.253318	6720700.000000
2014-06-16	0.010058	0.143838	0.158772	0.143748	1.118073	7065300.000000
2014-06-13	0.009119	0.143284	0.155267	0.142921	1.004509	5573600.000000
2014-06-12	0.007429	0.149858	0.154430	0.147023	0.812347	6815800.000000
2014-06-11	-0.001276	0.142910	0.146015	0.138251	-0.139755	4570900.000000
2014-06-10	0.007799	0.150443	0.154033	0.142803	0.847275	5869400.000000
2014-06-09	0.001449	0.143168	0.148976	0.141970	0.157234	3657700.000000
2014-06-06	0.005424	0.146496	0.155764	0.145013	0.585243	4295400.000000
2014-06-05	0.009563	0.146512	0.158208	0.145857	1.022003	4220600.000000
2014-06-04	-0.001632	0.142679	0.146042	0.139690	-0.174705	3285500.000000
2014-06-03	0.002782	0.146514	0.150542	0.140237	0.296974	3563800.000000
2014-06-02	-0.004723	0.146133	0.147159	0.137556	-0.506599	3689800.000000
2014-05-30	0.003842	0.144079	0.150069	0.141926	0.410522	5174700.000000
2014-05-29	-0.001632	0.148285	0.148378	0.136698	-0.174705	6255000.000000
2014-05-28	-0.002605	0.145387	0.149208	0.141845	-0.279503	4702900.000000
2014-05-27	-0.004296	0.148447	0.150581	0.139074	-0.462967	4283300.000000
2014-05-23	-0.002103	0.149180	0.151588	0.142050	-0.227104	3808100.000000
2014-05-22	-0.004269	0.144274	0.147133	0.139295	-0.462952	3262700.000000
2014-05-21	0.013551	0.149501	0.162211	0.148940	1.450012	4758700.000000
2014-05-20	-0.003660	0.144828	0.146224	0.138217	-0.393089	4044400.000000
2014-05-19	-0.001867	0.142690	0.147058	0.141761	-0.200905	4042300.000000
2014-05-16	-0.005088	0.146215	0.149821	0.136321	-0.550300	6435100.000000
2014-05-15	-0.012286	0.143184	0.146198	0.128388	-1.345170	5939500.000000
2014-05-14	0.004529	0.157260	0.163132	0.153774	0.493660	4961400.000000
2014-05-13	0.004871	0.157642	0.161514	0.152111	0.528328	4415200.000000
2014-05-12	0.001680	0.159587	0.159587	0.150906	0.181878	4914700.000000
2014-05-09	-0.000479	0.157369	0.163646	0.150447	-0.051941	4826100.000000
2014-05-08	-0.009031	0.149752	0.153685	0.142160	-0.987374	5009800.000000
2014-05-07	0.010083	0.163654	0.171323	0.160790	1.091301	5436000.000000
2014-05-06	-0.003111	0.151284	0.157640	0.146863	-0.337784	5600000.000000
2014-05-05	0.005131	0.155526	0.165061	0.151082	0.554299	4224400.000000
2014-05-02	-0.001761	0.144989	0.162548	0.142032	-0.190537	5406100.000000
2014-05-01	-0.004621	0.155888	0.156808	0.143194	-0.502327	6379600.000000
2014-04-30	-0.003573	0.152675	0.154692	0.148551	-0.389770	6123500.000000
2014-04-29	0.001909	0.156345	0.168742	0.154876	0.207878	6666800.000000
2014-04-28	0.014033	0.157114	0.173876	0.157021	1.507011	7687800.000000
2014-04-25	-0.002494	0.153950	0.158316	0.147912	-0.268486	5776300.000000
2014-04-24	-0.003128	0.155989	0.156730	0.149507	-0.337799	5185300.000000
2014-04-23	0.005565	0.156369	0.163539	0.156369	0.597618	5596300.000000
2014-04-22	-0.001932	0.151162	0.155622	0.148745	-0.207862	5849200.000000
2014-04-21	0.004528	0.148719	0.161322	0.148719	0.485031	6351100.000000
2014-04-17	0.015185	0.153557	0.173744	0.153557	1.602249	8604900.000000
2014-04-16	0.012719	0.160359	0.172068	0.160359	1.325172	7277000.000000
2014-04-15	0.013479	0.154697	0.170261	0.151098	1.385758	7681900.000000
2014-04-14	0.014270	0.162591	0.172359	0.157659	1.446388	6817700.000000
2014-04-11	0.002914	0.152720	0.164890	0.152720	0.294464	7028800.000000
2014-04-10	-0.020235	0.136181	0.144518	0.129879	-2.087296	8769200.000000
2014-04-09	0.011035	0.154894	0.168812	0.152542	1.125908	5376500.000000
2014-04-08	0.003920	0.157749	0.164145	0.153026	0.398430	4706100.000000
2014-04-07	-0.012290	0.149935	0.154794	0.140410	-1.264518	5241300.000000
2014-04-04	-0.002016	0.161486	0.161486	0.150235	-0.207863	5301300.000000
2014-04-03	-0.002597	0.158760	0.158857	0.150150	-0.268471	4446400.000000
2014-04-02	0.002941	0.149943	0.159839	0.149943	0.303116	4505600.000000
2014-04-01	0.000757	0.156931	0.161397	0.153920	0.077957	5391400.000000
2014-03-31	0.003460	0.157426	0.165513	0.154503	0.355095	5482700.000000
2014-03-28	0.007054	0.159114	0.163235	0.154894	0.718857	5875100.000000
2014-03-27	-0.000340	0.154993	0.157347	0.145969	-0.034615	5224600.000000
2014-03-26	0.005295	0.161601	0.166334	0.157263	0.536964	5971600.000000
2014-03-25	0.010703	0.158387	0.167955	0.158188	1.073952	5573000.000000
2014-03-24	0.001903	0.158295	0.165185	0.154800	0.190560	5386900.000000
2014-03-21	0.001039	0.162397	0.179489	0.155300	0.103920	14893600.000000
2014-03-20	0.002691	0.151092	0.163420	0.145780	0.268508	5280600.000000
2014-03-19	-0.008947	0.151024	0.159567	0.138906	-0.900756	5569600.000000
2014-03-18	0.010168	0.160119	0.169551	0.155905	1.013351	6329600.000000
2014-03-17	0.008501	0.156219	0.166642	0.154904	0.840103	5894500.000000
2014-03-14	-0.003058	0.153692	0.159140	0.146832	-0.303116	6280000.000000
2014-03-13	-0.010376	0.154101	0.155598	0.139325	-1.039352	5405100.000000
2014-03-12	0.009956	0.150869	0.173254	0.150769	0.987373	6812900.000000
2014-03-11	-0.011481	0.155198	0.158487	0.138653	-1.151916	6274300.000000
2014-03-10	0.006604	0.158312	0.163229	0.144968	0.658241	6203000.000000
2014-03-07	0.002003	0.156812	0.165659	0.152489	0.199204	5055600.000000
2014-03-06	0.003670	0.157425	0.161865	0.153793	0.363761	5179600.000000
2014-03-05	-0.007718	0.152197	0.153999	0.141484	-0.770835	6703700.000000
2014-03-04	0.004180	0.165157	0.168977	0.158823	0.415718	5611500.000000
2014-03-03	-0.004249	0.149194	0.163210	0.143888	-0.424378	6046200.000000
2014-02-28	-0.003112	0.156396	0.165079	0.145817	-0.311805	6944600.000000
2014-02-27	0.001558	0.156099	0.157699	0.145104	0.155899	4922600.000000
2014-02-26	0.004697	0.153094	0.163538	0.148876	0.467704	6113800.000000
2014-02-25	0.007183	0.156825	0.167648	0.155510	0.710190	5976100.000000
2014-02-24	0.013046	0.161670	0.178372	0.158391	1.273171	7337900.000000
2014-02-21	-0.016754	0.155809	0.156011	0.134450	-1.662911	9221100.000000
2014-02-20	0.008803	0.153685	0.172183	0.149518	0.866097	8406900.000000
2014-02-19	0.007896	0.152961	0.178571	0.152142	0.770836	7989900.000000
2014-02-18	-0.006785	0.158466	0.161010	0.145646	-0.666901	6106600.000000
2014-02-14	0.008621	0.155318	0.168146	0.145159	0.840118	6776400.000000
2014-02-13	0.004285	0.151508	0.161917	0.145840	0.415734	5061600.000000
2014-02-12	-0.004886	0.157779	0.157779	0.146703	-0.476372	6422100.000000
2014-02-11	0.016922	0.168402	0.187592	0.167568	1.622536	6874700.000000
2014-02-10	-0.003213	0.169222	0.169222	0.154772	-0.309044	9251300.000000
2014-02-07	0.007010	0.171556	0.173754	0.155644	0.669609	7071800.000000
2014-02-06	0.015979	0.171131	0.184320	0.169004	1.502334	7983300.000000
2014-02-05	-0.011820	0.166643	0.166643	0.148460	-1.124603	10562900.000000
2014-02-04	-0.002789	0.172402	0.174289	0.158043	-0.266144	9717200.000000
2014-02-03	-0.004389	0.172369	0.173517	0.153482	-0.420631	11275300.000000
2014-01-31	-0.041391	0.139348	0.139348	0.111440	-4.137871	15523500.000000
2014-01-30	0.003879	0.167969	0.174496	0.156621	0.386307	5538700.000000
2014-01-29	-0.007189	0.157877	0.165354	0.153590	-0.721115	5522100.000000
2014-01-28	0.003521	0.167757	0.170859	0.161254	0.351974	4303700.000000
2014-01-27	0.001204	0.164555	0.174472	0.160749	0.120186	6179500.000000
2014-01-24	-0.017738	0.159740	0.162396	0.143899	-1.802772	7094900.000000
2014-01-23	-0.016939	0.159149	0.159246	0.143867	-1.751297	6205800.000000
2014-01-22	0.000581	0.166308	0.168727	0.161081	0.060081	4977500.000000
2014-01-21	0.008970	0.179015	0.180480	0.167004	0.918572	5602300.000000
2014-01-17	0.003871	0.166816	0.180050	0.163974	0.394889	7199700.000000
2014-01-16	-0.002937	0.164172	0.165931	0.155180	-0.300453	5041100.000000
2014-01-15	-0.003262	0.166025	0.169727	0.159790	-0.334801	5829300.000000
2014-01-14	0.002683	0.166321	0.169740	0.160460	0.274704	6904600.000000
2014-01-13	-0.014544	0.162931	0.163797	0.145604	-1.510925	6504200.000000
2014-01-10	-0.018493	0.157392	0.160604	0.137268	-1.957306	8127500.000000
2014-01-09	0.000000	0.166084	0.166084	0.152857	0.000000	5643500.000000
2014-01-08	-0.014232	0.158988	0.159175	0.143248	-1.528084	8282500.000000
2014-01-07	0.008466	0.168613	0.177066	0.161381	0.901383	4563300.000000
2014-01-06	-0.002654	0.167104	0.169071	0.157081	-0.283280	4252300.000000
2014-01-03	0.001691	0.169172	0.171893	0.162228	0.180260	3506000.000000
2014-01-02	-0.006164	0.160659	0.164576	0.153665	-0.661026	4540300.000000
2013-12-31	0.005474	0.169075	0.173670	0.162043	0.583771	3475600.000000
2013-12-30	-0.007985	0.160763	0.164670	0.152485	-0.858467	4688500.000000
2013-12-27	0.003365	0.166629	0.172696	0.163736	0.360557	3455300.000000
2013-12-26	0.010525	0.165705	0.178814	0.165233	1.116021	3415200.000000
2013-12-24	0.005782	0.164571	0.171970	0.163907	0.609504	1587800.000000
2013-12-23	0.000163	0.170833	0.172541	0.163433	0.017182	4062400.000000
2013-12-20	-0.003571	0.161074	0.170244	0.157104	-0.377747	9455200.000000
2013-12-19	0.013323	0.164569	0.182099	0.159683	1.390747	6540600.000000
2013-12-18	0.024086	0.170644	0.194580	0.169467	2.455223	8206400.000000
2013-12-17	-0.012311	0.163887	0.164953	0.145768	-1.270546	6824000.000000
2013-12-16	0.002669	0.170296	0.172628	0.163982	0.274727	7304500.000000
2013-12-13	-0.009009	0.159561	0.166300	0.149355	-0.935737	5268100.000000
2013-12-12	-0.009091	0.161803	0.164856	0.150259	-0.952927	7221200.000000
2013-12-11	-0.012615	0.166363	0.167022	0.147335	-1.339211	7309900.000000
2013-12-10	0.002595	0.169106	0.170523	0.158812	0.274727	5602700.000000
2013-12-09	0.008586	0.164665	0.180001	0.163618	0.901398	7706500.000000
2013-12-06	0.009826	0.173994	0.176976	0.170146	1.021568	4179100.000000
2013-12-05	-0.005502	0.160073	0.167056	0.154716	-0.575157	4706800.000000
2013-12-04	-0.006121	0.160863	0.167803	0.152211	-0.643860	4391800.000000
2013-12-03	0.001471	0.164570	0.170188	0.160381	0.154518	5410200.000000
2013-12-02	-0.000817	0.168947	0.170754	0.161146	-0.085846	5384000.000000
2013-11-29	0.000163	0.168757	0.173229	0.160860	0.017167	3721000.000000
2013-11-27	-0.002932	0.163338	0.164476	0.154040	-0.309044	3906700.000000
2013-11-26	-0.007758	0.161749	0.164479	0.154595	-0.824143	4597500.000000
2013-11-25	-0.002338	0.162414	0.165513	0.157249	-0.248947	3925300.000000
2013-11-22	0.004617	0.165611	0.171744	0.155043	0.489327	3887400.000000
2013-11-21	0.011967	0.168293	0.180133	0.168293	1.253372	4884300.000000
2013-11-20	-0.000492	0.165810	0.171441	0.160466	-0.051522	4571300.000000
2013-11-19	0.012442	0.164759	0.182441	0.162054	1.287728	5891800.000000
2013-11-18	0.004165	0.171163	0.172909	0.164953	0.429245	4788700.000000
2013-11-15	0.004182	0.166999	0.171773	0.160666	0.429214	6008000.000000
2013-11-14	0.003947	0.169649	0.173072	0.167106	0.403496	5470900.000000
2013-11-13	0.000750	0.170526	0.176105	0.166708	0.076599	6212000.000000
2013-11-12	-0.008920	0.174152	0.176286	0.160570	-0.919426	6914200.000000
2013-11-11	-0.000908	0.174540	0.177642	0.169985	-0.093643	3427600.000000
2013-11-08	0.010675	0.172286	0.187372	0.171404	1.089699	11331000.000000
2013-11-07	-0.010154	0.179097	0.181812	0.157959	-1.047142	10131200.000000
2013-11-06	0.022710	0.183066	0.203991	0.178306	2.290077	8373200.000000
2013-11-05	0.002963	0.169664	0.182594	0.164392	0.297951	6623300.000000
2013-11-04	0.000763	0.180410	0.180510	0.167769	0.076622	6670300.000000
2013-11-01	-0.016255	0.165629	0.169545	0.145653	-1.660073	9344200.000000
2013-10-31	-0.002826	0.173173	0.184694	0.170048	-0.289451	7752500.000000
2013-10-30	-0.009876	0.175024	0.179084	0.159265	-1.021584	4999100.000000
2013-10-29	0.004880	0.178718	0.185324	0.177066	0.502281	4241700.000000
2013-10-28	0.002654	0.174345	0.180092	0.169767	0.272431	5497700.000000
2013-10-25	0.000249	0.174930	0.181068	0.171812	0.025535	4273300.000000
2013-10-24	0.003580	0.179918	0.183144	0.172486	0.366082	4188100.000000
2013-10-23	-0.004228	0.171229	0.174637	0.166848	-0.434189	4961900.000000
2013-10-22	0.006843	0.177774	0.184146	0.173559	0.698074	6444900.000000
2013-10-21	0.001421	0.174441	0.179938	0.171299	0.144730	4360700.000000
2013-10-18	0.001088	0.175522	0.177880	0.170804	0.110679	6231100.000000
2013-10-17	0.003021	0.174046	0.179073	0.169807	0.306481	5254800.000000
2013-10-16	0.008548	0.187263	0.190246	0.176526	0.859833	5614200.000000
2013-10-15	-0.003626	0.174439	0.179491	0.166613	-0.366074	6414700.000000
2013-10-14	0.007734	0.171243	0.185418	0.161161	0.774712	4789800.000000
2013-10-11	0.011084	0.176555	0.188061	0.170095	1.098213	6535800.000000
2013-10-10	0.002153	0.165635	0.177166	0.157543	0.212837	11133000.000000
2013-10-09	-0.005140	0.172826	0.175342	0.160448	-0.510811	8861700.000000
2013-10-08	-0.009672	0.174836	0.176829	0.163077	-0.970520	6744200.000000
2013-10-07	-0.002201	0.167677	0.178316	0.165489	-0.221336	5677400.000000
2013-10-04	-0.001015	0.177121	0.177518	0.167386	-0.102150	6538500.000000
2013-10-03	-0.021352	0.172596	0.172985	0.146445	-2.196419	10203700.000000
2013-10-02	-0.004039	0.171926	0.173282	0.159533	-0.417152	5899800.000000
2013-10-01	-0.001481	0.172414	0.176958	0.168256	-0.153237	4702300.000000
2013-09-30	-0.009296	0.164676	0.168699	0.154140	-0.970527	6421800.000000
2013-09-27	-0.006883	0.172164	0.172450	0.165316	-0.723610	4518800.000000
2013-09-26	-0.004675	0.174921	0.178140	0.164696	-0.493767	5022600.000000
2013-09-25	-0.003374	0.177279	0.179732	0.170674	-0.357567	4498900.000000
2013-09-24	-0.008206	0.172953	0.177632	0.164250	-0.876869	6097900.000000
2013-09-23	0.004803	0.171816	0.181219	0.171346	0.510803	5450600.000000
2013-09-20	-0.004145	0.176697	0.182035	0.168082	-0.442696	10264700.000000
2013-09-19	-0.003020	0.175011	0.177438	0.169316	-0.323493	4440800.000000
2013-09-18	0.011903	0.174826	0.194381	0.169725	1.259956	6296900.000000
2013-09-17	0.002095	0.174826	0.185145	0.174637	0.221329	5458200.000000
2013-09-16	-0.000483	0.182586	0.184573	0.173123	-0.051056	4277800.000000
2013-09-13	0.002018	0.175491	0.183550	0.173879	0.212822	3094000.000000
2013-09-12	-0.000242	0.175870	0.181273	0.171983	-0.025528	4529700.000000
2013-09-11	0.007398	0.175019	0.184091	0.172536	0.774688	4995800.000000
2013-09-10	0.006464	0.180404	0.182230	0.164930	0.672554	6000800.000000
2013-09-09	0.008333	0.174637	0.186848	0.174637	0.859864	4482000.000000
2013-09-06	-0.001319	0.176186	0.187993	0.151797	-0.136246	5690200.000000
2013-09-05	0.004220	0.176775	0.182509	0.175123	0.434174	3337300.000000
2013-09-04	0.002572	0.172688	0.181653	0.168693	0.263923	3671200.000000
2013-09-03	0.000996	0.183513	0.184879	0.170443	0.102158	4154300.000000
2013-08-30	0.000498	0.176101	0.179614	0.171710	0.051079	4696100.000000
2013-08-29	-0.011822	0.168273	0.172226	0.157762	-1.225914	5488800.000000
2013-08-28	0.025250	0.181064	0.209735	0.181064	2.553985	7615400.000000
2013-08-27	-0.000252	0.168707	0.182841	0.167026	-0.025543	5185600.000000
2013-08-26	-0.005772	0.176701	0.178470	0.164712	-0.587402	3783400.000000
2013-08-23	0.010483	0.178609	0.188937	0.172949	1.055633	4675900.000000
2013-08-22	0.005013	0.177033	0.189507	0.171943	0.502297	4028600.000000
2013-08-21	-0.004988	0.175531	0.176722	0.164012	-0.502297	5648600.000000
2013-08-20	-0.003118	0.173944	0.180973	0.170975	-0.314979	4490700.000000
2013-08-19	-0.010177	0.172776	0.175813	0.161311	-1.038620	4308900.000000
2013-08-16	-0.003077	0.171120	0.174051	0.162915	-0.315010	5652500.000000
2013-08-15	-0.006609	0.171047	0.174152	0.164448	-0.681069	4247800.000000
2013-08-14	-0.003673	0.186855	0.188788	0.175060	-0.379936	6884900.000000
2013-08-13	0.005747	0.185605	0.198246	0.180451	0.591042	4461000.000000
2013-08-12	-0.005714	0.179507	0.180184	0.168969	-0.591042	6014800.000000
2013-08-09	-0.004631	0.184822	0.184822	0.170965	-0.481278	5739400.000000
2013-08-08	-0.002108	0.189623	0.192792	0.170705	-0.219535	5639200.000000
2013-08-07	0.001543	0.183283	0.191843	0.181071	0.160423	3898500.000000
2013-08-06	-0.006855	0.184150	0.185965	0.174980	-0.717674	4677700.000000
2013-08-05	-0.007683	0.182161	0.182445	0.173062	-0.810593	3733700.000000
2013-08-02	-0.011784	0.169635	0.171789	0.154929	-1.258087	7472700.000000
2013-08-01	0.004369	0.189986	0.191585	0.181989	0.464401	5757100.000000
2013-07-31	0.000874	0.186601	0.194981	0.181328	0.092873	5394300.000000
2013-07-30	-0.003091	0.184623	0.191757	0.175142	-0.329293	4589500.000000
2013-07-29	-0.010897	0.182577	0.182577	0.168836	-1.173652	4028900.000000
2013-07-26	-0.001566	0.177574	0.183043	0.168860	-0.168885	4829900.000000
2013-07-25	0.010999	0.182185	0.198024	0.178905	1.173653	4466400.000000
2013-07-24	-0.006993	0.184248	0.187784	0.171684	-0.751457	4527800.000000
2013-07-23	0.001811	0.184714	0.190121	0.181264	0.194191	3763300.000000
2013-07-22	0.000945	0.182474	0.190873	0.181914	0.101303	4056100.000000
2013-07-19	0.011477	0.187361	0.197933	0.181509	1.215881	5929900.000000
2013-07-18	0.009007	0.187484	0.196723	0.187103	0.945687	4324100.000000
2013-07-17	0.001853	0.189398	0.192738	0.185963	0.194183	3634600.000000
2013-07-16	-0.004491	0.184626	0.189660	0.173607	-0.472824	4002900.000000
2013-07-15	0.004998	0.184818	0.194651	0.184341	0.523491	4062000.000000
2013-07-12	0.002343	0.181949	0.187977	0.177356	0.244858	5615000.000000
2013-07-11	0.007079	0.194459	0.196001	0.180583	0.734596	7235100.000000
2013-07-10	-0.003002	0.186070	0.196543	0.178961	-0.312416	5549600.000000
2013-07-09	0.016744	0.195575	0.208762	0.192253	1.714027	6252900.000000
2013-07-08	0.006058	0.192007	0.202031	0.188960	0.616379	4964400.000000
2013-07-05	0.012009	0.190408	0.202044	0.184540	1.207436	4386200.000000
2013-07-03	-0.000587	0.185236	0.185832	0.178974	-0.059090	3034800.000000
2013-07-02	0.000588	0.184440	0.196773	0.179468	0.059090	4912000.000000
2013-07-01	0.006253	0.184441	0.201054	0.180938	0.624817	5053000.000000
2013-06-28	-0.003117	0.185139	0.192821	0.178654	-0.312424	6504400.000000
2013-06-27	0.004740	0.188050	0.198274	0.187749	0.472854	4459400.000000
2013-06-26	0.005960	0.193315	0.195332	0.179803	0.591034	4820700.000000
2013-06-25	0.005393	0.193770	0.194986	0.185355	0.531960	5983100.000000
2013-06-24	-0.017742	0.172192	0.175379	0.155362	-1.781586	6785700.000000
2013-06-21	0.008309	0.197294	0.200306	0.177413	0.827454	10692100.000000
2013-06-20	-0.021162	0.174906	0.176085	0.155543	-2.153092	7624100.000000
2013-06-19	-0.008394	0.187070	0.192723	0.173523	-0.861236	4634300.000000
2013-06-18	0.002475	0.182484	0.189226	0.180823	0.253280	4544800.000000
2013-06-17	0.007815	0.186015	0.199111	0.184341	0.793709	4046900.000000
2013-06-14	-0.011343	0.179182	0.184536	0.169155	-1.165199	4415300.000000
2013-06-13	0.014087	0.183650	0.202703	0.182761	1.426941	4656700.000000
2013-06-12	-0.012186	0.192825	0.196823	0.166398	-1.249634	5489200.000000
2013-06-11	-0.010107	0.176425	0.185017	0.170537	-1.047005	4548000.000000
2013-06-10	0.008135	0.196408	0.196797	0.185314	0.835915	5585600.000000
2013-06-07	0.009205	0.190528	0.197894	0.179921	0.937233	6089800.000000
2013-06-06	-0.008061	0.181418	0.183562	0.155992	-0.827461	10141500.000000
2013-06-05	-0.011305	0.178369	0.185689	0.168448	-1.173668	7745600.000000
2013-06-04	-0.009106	0.172220	0.180142	0.165730	-0.954094	7675500.000000
2013-06-03	0.010917	0.180482	0.197559	0.180482	1.131439	7256900.000000
2013-05-31	-0.018863	0.179892	0.186140	0.162000	-1.992676	7905000.000000
2013-05-30	-0.003028	0.181887	0.188871	0.175092	-0.320861	4353400.000000
2013-05-29	-0.007435	0.180969	0.187151	0.169166	-0.793686	6422400.000000
2013-05-28	0.007812	0.193215	0.202750	0.188212	0.827453	6598500.000000
2013-05-24	0.000399	0.175841	0.185852	0.174235	0.042221	5593200.000000
2013-05-23	0.003762	0.177515	0.192873	0.177515	0.396843	8096100.000000
2013-05-22	-0.008020	0.184059	0.194121	0.171739	-0.852806	9350100.000000
2013-05-21	0.009296	0.184910	0.197819	0.184056	0.979462	6699300.000000
2013-05-20	0.011019	0.184437	0.197967	0.182038	1.148315	5298200.000000
2013-05-17	0.005376	0.184148	0.190708	0.179614	0.557274	6850200.000000
2013-05-16	-0.002032	0.181741	0.187807	0.179431	-0.211090	5549800.000000
2013-05-15	-0.007984	0.181762	0.181762	0.170969	-0.835899	7950400.000000
2013-05-14	0.017501	0.194572	0.214787	0.194475	1.800842	6965800.000000
2013-05-13	-0.003084	0.190695	0.192632	0.183622	-0.318314	16870100.000000
2013-05-10	-0.003316	0.191381	0.194568	0.179118	-0.343406	10581700.000000
2013-05-09	0.002270	0.194860	0.199602	0.190021	0.234543	9237500.000000
2013-05-08	0.002601	0.193310	0.199326	0.192048	0.268020	4479800.000000
2013-05-07	-0.001704	0.194861	0.198445	0.187014	-0.175896	4412600.000000
2013-05-06	-0.001943	0.192249	0.196696	0.186351	-0.201019	4668700.000000
2013-05-03	0.011881	0.200251	0.212186	0.198001	1.214516	6384300.000000
2013-05-02	0.014717	0.201139	0.214341	0.197466	1.482536	5066100.000000
2013-05-01	-0.014261	0.186455	0.189587	0.174713	-1.457405	6082100.000000
2013-04-30	0.005687	0.191235	0.200682	0.182083	0.577927	6907400.000000
2013-04-29	0.010663	0.197870	0.209407	0.193892	1.072120	5158500.000000
2013-04-26	0.012910	0.198828	0.213033	0.195605	1.281533	6012200.000000
2013-04-25	0.001944	0.201866	0.211253	0.194094	0.192642	5602800.000000
2013-04-24	0.006810	0.199583	0.206087	0.198974	0.670097	4559000.000000
2013-04-23	0.007806	0.198194	0.209460	0.187030	0.762200	6745200.000000
2013-04-22	0.005781	0.198940	0.206253	0.193789	0.561203	5435700.000000
2013-04-19	0.002682	0.201845	0.207939	0.196371	0.259636	7573200.000000
2013-04-18	0.006794	0.194620	0.207515	0.191708	0.653335	6451600.000000
2013-04-17	-0.018802	0.187668	0.187668	0.164404	-1.842728	8291200.000000
2013-04-16	0.003775	0.201778	0.203417	0.190205	0.368554	6511400.000000
2013-04-15	-0.028097	0.182644	0.183540	0.159650	-2.822701	9766800.000000
2013-04-12	-0.008351	0.189055	0.193399	0.179579	-0.845970	6391700.000000
2013-04-11	0.010950	0.197085	0.208961	0.192695	1.097260	6092300.000000
2013-04-10	0.008429	0.196408	0.205867	0.192584	0.837593	5452000.000000
2013-04-09	0.007045	0.195716	0.204634	0.192068	0.695198	4849700.000000
2013-04-08	0.002468	0.193181	0.197448	0.185054	0.242920	4117400.000000
2013-04-05	-0.004658	0.179432	0.189544	0.174680	-0.460694	5029900.000000
2013-04-04	0.002462	0.195413	0.203015	0.187709	0.242920	5409700.000000
2013-04-03	-0.010252	0.195698	0.196400	0.177338	-1.021873	7175000.000000
2013-04-02	-0.005100	0.196188	0.197286	0.184410	-0.510949	4813900.000000
2013-04-01	0.006649	0.195600	0.204342	0.193289	0.661705	4322200.000000
2013-03-28	-0.011399	0.196375	0.199256	0.179687	-1.147506	8280100.000000
2013-03-27	-0.006530	0.189155	0.191227	0.181260	-0.661713	4329600.000000
2013-03-26	0.006657	0.199455	0.203329	0.195283	0.670082	4256400.000000
2013-03-25	-0.008252	0.197045	0.197636	0.177932	-0.837585	6345300.000000
2013-03-22	0.006980	0.197067	0.204408	0.195281	0.703567	5190700.000000
2013-03-21	-0.000083	0.190420	0.200241	0.188535	-0.008377	6168500.000000
2013-03-20	0.007450	0.199089	0.208084	0.197890	0.745461	5945300.000000
2013-03-19	0.002770	0.196498	0.200707	0.189082	0.276413	5244200.000000
2013-03-18	-0.004596	0.184914	0.196087	0.184116	-0.460671	4828700.000000
2013-03-15	-0.002667	0.189813	0.193096	0.183048	-0.268036	10215600.000000
2013-03-14	0.013856	0.197624	0.213057	0.196313	1.373658	7476700.000000
2013-03-13	0.000930	0.195205	0.198435	0.191974	0.092140	5393300.000000
2013-03-12	-0.004043	0.195400	0.199624	0.188161	-0.402046	4625000.000000
2013-03-11	0.001349	0.194496	0.196208	0.189160	0.134017	4528400.000000
2013-03-08	0.000084	0.197819	0.199431	0.188152	0.008378	4992000.000000
2013-03-07	0.000760	0.195404	0.198125	0.191272	0.075370	4378700.000000
2013-03-06	0.004579	0.197638	0.202497	0.194904	0.452309	5362200.000000
2013-03-05	0.003745	0.198770	0.201615	0.195721	0.368561	6356000.000000
2013-03-04	0.005047	0.192667	0.203186	0.185518	0.494171	5046700.000000
2013-03-01	-0.002134	0.189612	0.194809	0.181663	-0.209404	5570300.000000
2013-02-28	0.004287	0.193074	0.206584	0.190822	0.418816	5953600.000000
2013-02-27	0.014700	0.191296	0.214559	0.191296	1.415504	4540600.000000
2013-02-26	0.012507	0.203671	0.211032	0.196100	1.189400	6113100.000000
2013-02-25	-0.020869	0.199452	0.208100	0.168565	-2.026970	7522800.000000
2013-02-22	0.008435	0.199291	0.206766	0.192127	0.812446	5207200.000000
2013-02-21	0.000000	0.191815	0.197111	0.184548	0.000000	4795100.000000
2013-02-20	-0.008023	0.193995	0.195746	0.182769	-0.778968	5447000.000000
2013-02-19	0.008351	0.196281	0.207393	0.196281	0.804092	5023300.000000
2013-02-15	-0.006482	0.191725	0.193789	0.176558	-0.628189	6353200.000000
2013-02-14	0.001558	0.190069	0.201436	0.189138	0.150772	5226400.000000
2013-02-13	-0.000606	0.192136	0.196371	0.186766	-0.058647	4111000.000000
2013-02-12	0.007437	0.204020	0.215673	0.201835	0.714798	4530600.000000
2013-02-11	0.000000	0.203603	0.205268	0.196632	0.000000	3766300.000000
2013-02-08	0.005390	0.202246	0.211137	0.201932	0.515304	4457200.000000
2013-02-07	-0.007679	0.204017	0.204121	0.186786	-0.739730	5423900.000000
2013-02-06	0.000864	0.199239	0.204330	0.193213	0.083129	4459800.000000
2013-02-05	0.005295	0.208827	0.215511	0.206425	0.506974	5067800.000000
2013-02-04	-0.011159	0.187902	0.196887	0.180363	-1.080475	6397600.000000
2013-02-01	0.011724	0.210397	0.219278	0.202142	1.122017	6415900.000000
2013-01-31	-0.011163	0.200811	0.207837	0.189755	-1.080429	7777900.000000
2013-01-30	-0.006484	0.201750	0.206164	0.193435	-0.631661	5168200.000000
2013-01-29	0.010083	0.205676	0.217289	0.205365	0.972405	4370100.000000
2013-01-28	-0.001377	0.206915	0.207122	0.195007	-0.132973	4520500.000000
2013-01-25	0.006060	0.203395	0.212354	0.199541	0.581772	4745400.000000
2013-01-24	0.004261	0.208209	0.217415	0.206012	0.407265	4895800.000000
2013-01-23	-0.007765	0.197374	0.203083	0.193014	-0.748024	5031800.000000
2013-01-22	0.005814	0.201830	0.210496	0.195774	0.556884	5398000.000000
2013-01-18	0.004357	0.208325	0.208430	0.196056	0.415535	8538000.000000
2013-01-17	0.006756	0.211211	0.223140	0.209732	0.639977	6966000.000000
2013-01-16	0.004672	0.201808	0.212627	0.200323	0.440483	6148500.000000
2013-01-15	0.005228	0.196897	0.209798	0.195724	0.490394	5637600.000000
2013-01-14	0.010024	0.199418	0.216325	0.199095	0.930832	6373900.000000
2013-01-11	0.011406	0.211138	0.220723	0.206782	1.047249	5456300.000000
2013-01-10	0.008490	0.210327	0.216588	0.209228	0.772927	5276400.000000
2013-01-09	0.002563	0.208253	0.212217	0.202527	0.232727	4558600.000000
2013-01-08	-0.004465	0.200227	0.202530	0.196061	-0.407250	6325400.000000
2013-01-07	-0.006787	0.197961	0.198723	0.188923	-0.623337	4861000.000000
2013-01-04	0.005276	0.203953	0.210849	0.202968	0.482018	4414500.000000
2013-01-03	-0.004257	0.200462	0.208964	0.193596	-0.390617	6817000.000000
2013-01-02	0.020806	0.226886	0.228555	0.209863	1.870018	6144100.000000
2012-12-31	0.015876	0.195275	0.223306	0.195275	1.404624	6554000.000000
2012-12-28	-0.019075	0.193874	0.194982	0.178573	-1.720443	5277100.000000
2012-12-27	0.000553	0.203187	0.207624	0.189986	0.049858	5525700.000000
2012-12-26	-0.001565	0.208393	0.210276	0.198535	-0.141266	4094300.000000
2012-12-24	-0.009844	0.198691	0.199678	0.189698	-0.897621	2284400.000000
2012-12-21	-0.006070	0.194358	0.202315	0.183348	-0.556854	15611700.000000
2012-12-20	0.004276	0.204172	0.211507	0.200341	0.390625	5873900.000000
2012-12-19	-0.001726	0.207231	0.214225	0.200892	-0.157906	7623200.000000
2012-12-18	0.013066	0.201637	0.222229	0.199202	1.180199	7102700.000000
2012-12-17	0.007976	0.204861	0.214569	0.204526	0.714759	6097100.000000
2012-12-14	-0.000834	0.199842	0.208539	0.197501	-0.074798	5889300.000000
2012-12-13	-0.001573	0.208308	0.208308	0.196285	-0.141304	4909800.000000
2012-12-12	0.003156	0.207989	0.219268	0.205309	0.282600	5968200.000000
2012-12-11	0.007292	0.206899	0.217473	0.205324	0.648262	5922700.000000
2012-12-10	-0.000280	0.204424	0.211059	0.197339	-0.024910	5512100.000000
2012-12-07	0.005073	0.206352	0.209404	0.199683	0.448799	4947300.000000
2012-12-06	0.012171	0.206848	0.218403	0.204560	1.063836	7392300.000000
2012-12-05	0.011639	0.208048	0.224598	0.203650	1.005653	6430800.000000
2012-12-04	-0.006688	0.200198	0.208130	0.194910	-0.581772	6665100.000000
2012-12-03	-0.009746	0.206716	0.207513	0.188274	-0.856071	5736400.000000
2012-11-30	-0.000945	0.206713	0.209784	0.197273	-0.083115	6676400.000000
2012-11-29	0.001989	0.206720	0.215837	0.200908	0.174553	5756200.000000
2012-11-28	0.021281	0.198532	0.229257	0.195971	1.828468	7024200.000000
2012-11-27	-0.015335	0.203302	0.205135	0.182674	-1.338119	6612400.000000
2012-11-26	-0.004551	0.194973	0.197711	0.189270	-0.398934	4354100.000000
2012-11-23	0.013160	0.212087	0.219021	0.207348	1.138634	2776400.000000
2012-11-21	0.005215	0.207718	0.209694	0.201445	0.448837	3656400.000000
2012-11-20	-0.007571	0.199267	0.200535	0.186699	-0.656616	5283800.000000
2012-11-19	0.019043	0.218109	0.226099	0.211882	1.620697	6850900.000000
2012-11-16	0.007676	0.202477	0.213488	0.195846	0.648277	8242400.000000
2012-11-15	-0.008585	0.197200	0.214573	0.181588	-0.731399	9774300.000000
2012-11-14	-0.018011	0.210218	0.210449	0.178289	-1.562508	8609400.000000
2012-11-13	-0.006136	0.207146	0.219518	0.205198	-0.535621	4834200.000000
2012-11-12	0.000851	0.220556	0.221358	0.209548	0.074180	4001800.000000
2012-11-09	-0.000284	0.206569	0.222961	0.204506	-0.024742	5835100.000000
2012-11-08	-0.015254	0.210401	0.215367	0.195049	-1.351387	6208900.000000
2012-11-07	-0.025825	0.201245	0.201905	0.174194	-2.348457	7627300.000000
2012-11-06	0.010715	0.218674	0.230233	0.214228	0.964096	5379400.000000
2012-11-05	0.007567	0.206506	0.224424	0.206506	0.675712	4058300.000000
2012-11-02	-0.027723	0.205286	0.210839	0.171207	-2.546234	8375300.000000
2012-11-01	0.011067	0.211140	0.229524	0.209709	1.005318	6480500.000000
2012-10-31	-0.008455	0.221748	0.221857	0.192495	-0.774582	5958500.000000
2012-10-26	0.001983	0.210390	0.221545	0.209405	0.181290	4777600.000000
2012-10-25	0.011393	0.223738	0.227499	0.212898	1.030006	4888600.000000
2012-10-24	0.003017	0.214005	0.225877	0.209678	0.271935	5087900.000000
2012-10-23	-0.029803	0.201075	0.201075	0.174379	-2.768715	8011000.000000
2012-10-22	-0.005645	0.216023	0.216986	0.195901	-0.527374	4811900.000000
2012-10-19	-0.011077	0.216208	0.217160	0.197261	-1.046486	7160000.000000
2012-10-18	-0.004602	0.206924	0.211981	0.205027	-0.436745	6166900.000000
2012-10-17	0.009554	0.216434	0.227070	0.216434	0.898201	5218200.000000
2012-10-16	0.011257	0.220661	0.230664	0.218940	1.046486	4793300.000000
2012-10-15	0.006692	0.214536	0.224065	0.203058	0.618019	5775100.000000
2012-10-12	-0.008756	0.213776	0.216030	0.197997	-0.815773	5915800.000000
2012-10-11	0.005424	0.223490	0.232663	0.220144	0.502624	7279900.000000
2012-10-10	-0.041837	0.185435	0.189675	0.158240	-4.045906	15959000.000000
2012-10-09	-0.002211	0.212530	0.221403	0.210776	-0.214264	5983500.000000
2012-10-08	0.001021	0.210359	0.217383	0.207881	0.098870	3434900.000000
2012-10-05	0.002988	0.216358	0.224956	0.213251	0.288429	4507900.000000
2012-10-04	0.008696	0.218786	0.227459	0.217009	0.832245	5425700.000000
2012-10-03	-0.015429	0.210372	0.211298	0.193911	-1.499718	7362500.000000
2012-10-02	0.006056	0.217701	0.222152	0.210146	0.585068	6012400.000000
2012-10-01	0.005920	0.217309	0.231157	0.216789	0.568558	4914900.000000
2012-09-28	-0.005461	0.210248	0.210352	0.202689	-0.527352	5626800.000000
2012-09-27	0.007739	0.218570	0.225040	0.215857	0.741616	5482200.000000
2012-09-26	-0.005388	0.212420	0.214288	0.205466	-0.519150	5586700.000000
2012-09-25	-0.007217	0.217683	0.220980	0.200682	-0.700402	7565400.000000
2012-09-24	-0.000170	0.210986	0.220669	0.210058	-0.016510	6808800.000000
2012-09-21	-0.000424	0.220564	0.220564	0.209648	-0.041183	10280700.000000
2012-09-20	0.010721	0.208774	0.229902	0.202113	1.030037	7286200.000000
2012-09-19	-0.003163	0.214806	0.215740	0.201734	-0.304901	5978000.000000
2012-09-18	-0.001451	0.212007	0.218845	0.207863	-0.140068	5100100.000000
2012-09-17	-0.000938	0.212733	0.226499	0.209835	-0.090645	7409700.000000
2012-09-14	0.005920	0.217413	0.230844	0.212728	0.568558	8978300.000000
2012-09-13	0.018169	0.216212	0.239957	0.209745	1.713989	7737700.000000
2012-09-12	0.002627	0.214093	0.219513	0.211967	0.247177	4420700.000000
2012-09-11	0.001931	0.214733	0.221974	0.213987	0.181290	4758800.000000
2012-09-10	-0.000351	0.215690	0.219310	0.209303	-0.032967	5212400.000000
2012-09-07	0.008582	0.212917	0.223976	0.210448	0.799324	5057300.000000
2012-09-06	0.020403	0.222326	0.242813	0.222326	1.862290	5531500.000000
2012-09-05	-0.004046	0.217708	0.219126	0.206687	-0.370827	4441200.000000
