2017-09-01	-0.002278	-0.000599	0.001439	-0.008871	-0.189995	1606500.000000
2017-08-31	0.015583	0.003531	0.017653	0.001461	1.279999	2797500.000000
2017-08-30	0.001830	-0.001951	0.003415	-0.003293	0.150001	1940300.000000
2017-08-29	-0.004613	-0.006920	-0.001943	-0.007891	-0.380005	1989900.000000
2017-08-28	0.002556	0.003164	0.005234	-0.000243	0.209999	1710600.000000
2017-08-25	0.004278	0.003667	0.006723	0.001345	0.350006	2342900.000000
2017-08-24	-0.000122	-0.000489	0.000611	-0.007333	-0.010002	2043700.000000
2017-08-23	-0.008483	-0.003393	-0.001818	-0.011997	-0.699997	1969200.000000
2017-08-22	0.017760	0.000863	0.018377	0.000863	1.439995	2279800.000000
2017-08-21	0.002597	0.000247	0.007914	-0.000866	0.209999	2361900.000000
2017-08-18	-0.000494	-0.002101	0.005067	-0.005809	-0.040001	2861300.000000
2017-08-17	-0.007970	-0.000245	0.002820	-0.007970	-0.649994	2290800.000000
2017-08-16	0.012413	0.004096	0.016013	0.003227	1.000000	3159100.000000
2017-08-15	-0.000496	0.000248	0.003474	-0.003350	-0.040000	1798800.000000
2017-08-14	0.009772	0.002882	0.011275	0.000251	0.779998	2351400.000000
2017-08-11	0.006684	-0.000504	0.011098	-0.002396	0.529999	2433900.000000
2017-08-10	-0.011716	-0.002244	-0.000997	-0.015705	-0.940002	3681400.000000
2017-08-09	-0.000498	0.000249	0.005108	-0.003114	-0.039994	2666500.000000
2017-08-08	-0.014245	-0.001351	0.003316	-0.015842	-1.160003	2997100.000000
2017-08-07	0.005185	-0.000247	0.005925	-0.003086	0.419998	1898400.000000
2017-08-04	-0.003322	0.003076	0.003076	-0.004429	-0.269997	2425300.000000
2017-08-03	0.000000	0.000738	0.003568	-0.003691	0.000000	2506600.000000
2017-08-02	0.005692	-0.000247	0.009651	-0.002846	0.459999	4393300.000000
2017-08-01	-0.008222	0.000614	0.001841	-0.008713	-0.669998	2525000.000000
2017-07-31	0.000737	0.002579	0.006754	-0.000368	0.059998	2161200.000000
2017-07-28	0.003327	0.000370	0.005175	-0.005914	0.269996	3018300.000000
2017-07-27	-0.010365	0.004999	0.005121	-0.014145	-0.849998	4977300.000000
2017-07-26	0.000244	0.001342	0.004025	-0.004391	0.020004	2812400.000000
2017-07-25	-0.012526	0.003011	0.005540	-0.013730	-1.040001	4903500.000000
2017-07-24	-0.000241	-0.000963	0.012041	-0.000963	-0.020004	3090000.000000
2017-07-21	-0.001803	-0.002163	0.002404	-0.008173	-0.149994	3606100.000000
2017-07-20	-0.030190	-0.043478	-0.018534	-0.050006	-2.590004	9551300.000000
2017-07-19	0.003627	0.000468	0.004796	-0.002223	0.309998	2905300.000000
2017-07-18	0.000117	-0.001287	0.001989	-0.006318	0.010002	2862500.000000
2017-07-17	0.005529	0.001647	0.011176	-0.000941	0.470001	3511100.000000
2017-07-14	0.008782	0.000712	0.012224	-0.004154	0.739998	3060300.000000
2017-07-13	0.009223	-0.002755	0.012457	-0.003952	0.770004	4125200.000000
2017-07-12	0.004693	0.006859	0.009266	0.001925	0.390000	2914100.000000
2017-07-11	0.006541	0.001090	0.009690	-0.001817	0.540000	2593000.000000
2017-07-10	-0.006139	0.000482	0.002046	-0.006982	-0.510002	2974600.000000
2017-07-07	0.001688	0.003256	0.003859	0.000121	0.140000	2877300.000000
2017-07-06	-0.013795	-0.004638	-0.004400	-0.016768	-1.159996	2875300.000000
2017-07-05	-0.002018	0.000000	0.001305	-0.004629	-0.170006	2561600.000000
2017-07-03	-0.001540	0.004621	0.007228	-0.001540	-0.129997	1051900.000000
2017-06-30	0.004284	0.002975	0.007735	0.000595	0.360000	2758900.000000
2017-06-29	-0.008144	-0.000236	0.001771	-0.009443	-0.690002	2404300.000000
2017-06-28	0.002841	0.006629	0.007931	0.001420	0.239998	2313300.000000
2017-06-27	-0.009945	0.000016	0.002009	-0.008304	-0.848595	1656800.000000
2017-06-26	-0.002218	0.002125	0.004931	-0.000915	-0.189682	1782200.000000
2017-06-23	-0.003490	0.001774	0.002356	-0.008714	-0.299500	4874800.000000
2017-06-22	-0.006013	0.001078	0.004669	-0.004597	-0.519149	2609400.000000
2017-06-21	0.009337	0.004463	0.012646	0.001891	0.798683	3242000.000000
2017-06-20	0.004808	0.001892	0.011642	0.000130	0.409324	2976400.000000
2017-06-19	0.009351	0.005451	0.014344	0.002250	0.788689	2321400.000000
2017-06-16	0.001185	0.004388	0.009254	0.000233	0.099838	4916900.000000
2017-06-15	-0.000947	-0.002731	0.000827	-0.007949	-0.079872	2484200.000000
2017-06-14	0.003445	0.003918	0.008797	0.001062	0.289521	2332900.000000
2017-06-13	0.001190	0.002849	0.006185	0.000585	0.099838	3252500.000000
2017-06-12	-0.004971	0.002487	0.006874	-0.006286	-0.419304	2959100.000000
2017-06-09	-0.000828	0.003671	0.005211	-0.004621	-0.069885	2527300.000000
2017-06-08	-0.010184	0.001657	0.002478	-0.012764	-0.868561	2574300.000000
2017-06-07	-0.003499	-0.003250	0.003176	-0.003250	-0.299507	2687700.000000
2017-06-06	-0.009245	-0.001353	0.000037	-0.007951	-0.798676	2571500.000000
2017-06-05	-0.003570	0.001196	0.002119	-0.002149	-0.309486	1671000.000000
2017-06-02	0.008595	0.001890	0.012127	0.001425	0.738777	2480200.000000
2017-06-01	0.013657	0.005549	0.019818	0.002600	1.158073	3334100.000000
2017-05-31	0.001533	0.003901	0.009570	0.002838	0.129792	3838900.000000
2017-05-30	0.004858	-0.000835	0.008185	-0.004158	0.409317	2426400.000000
2017-05-26	-0.001302	-0.000713	0.001776	-0.003795	-0.109818	1082800.000000
2017-05-25	0.006551	0.001538	0.009531	-0.001922	0.549095	1955000.000000
2017-05-24	0.000119	0.007026	0.007026	-0.000013	0.009987	2209700.000000
2017-05-23	0.012544	0.006369	0.023283	0.004798	1.038269	2838900.000000
2017-05-22	0.009374	0.001657	0.013364	0.000560	0.768730	3444800.000000
2017-05-19	0.004402	0.004842	0.011456	0.000800	0.359406	3108300.000000
2017-05-18	-0.001465	-0.000177	0.005815	-0.004947	-0.119804	2689400.000000
2017-05-17	-0.013372	0.001657	0.001657	-0.012340	-1.108162	2156200.000000
2017-05-16	-0.003242	0.001056	0.004303	-0.007845	-0.269555	2005500.000000
2017-05-15	0.005312	0.003955	0.010363	0.002745	0.439278	2755100.000000
2017-05-12	0.000725	-0.000279	0.005408	-0.001005	0.059898	2134400.000000
2017-05-11	-0.005168	-0.000750	0.001657	-0.007251	-0.429290	1974700.000000
2017-05-10	0.000481	0.000814	0.005150	-0.003040	0.039940	1749000.000000
2017-05-09	-0.002638	0.000456	0.004420	-0.002787	-0.219643	2448700.000000
2017-05-08	-0.005605	0.002015	0.002135	-0.003957	-0.469223	3284700.000000
2017-05-05	-0.002617	0.005231	0.005350	-0.002751	-0.219635	1632300.000000
2017-05-04	0.015336	0.001294	0.017745	0.001294	1.267898	2997400.000000
2017-05-03	-0.002289	0.002019	0.004674	-0.005101	-0.189682	2218000.000000
2017-05-02	-0.001564	0.004911	0.008284	-0.000632	-0.129783	3741900.000000
2017-05-01	-0.002400	0.004542	0.008509	-0.000867	-0.199677	4232700.000000
2017-04-28	0.005066	0.001778	0.008785	0.001174	0.419304	4264400.000000
2017-04-27	-0.000844	0.003951	0.005520	-0.000757	-0.069885	2769600.000000
2017-04-26	-0.003841	0.005986	0.010074	-0.004115	-0.319466	4874400.000000
2017-04-25	0.010187	0.005787	0.014776	0.003965	0.838616	6760400.000000
2017-04-24	0.009302	0.013304	0.020047	0.006807	0.758743	5328600.000000
2017-04-21	-0.014356	0.001657	0.004799	-0.014173	-1.188034	7637400.000000
2017-04-20	-0.041069	-0.009235	-0.006107	-0.039943	-3.544128	8817000.000000
2017-04-19	-0.001156	0.005592	0.006866	-0.002973	-0.099839	2583400.000000
2017-04-18	-0.001845	-0.001924	0.000964	-0.004235	-0.159729	1875700.000000
2017-04-17	0.010725	0.003409	0.012634	0.002008	0.918480	1660700.000000
2017-04-13	0.000350	-0.001146	0.007731	-0.001964	0.029946	1975100.000000
2017-04-12	-0.005336	0.003981	0.003981	-0.005663	-0.459237	1609700.000000
2017-04-11	0.001161	-0.001018	0.002937	-0.003461	0.099831	1277700.000000
2017-04-10	0.000465	0.002937	0.005032	-0.000438	0.039932	1635600.000000
2017-04-07	-0.000697	0.000494	0.004216	-0.002181	-0.059898	1341500.000000
2017-04-06	0.004197	-0.000328	0.007613	-0.007569	0.359405	1997800.000000
2017-04-05	0.005864	0.005299	0.017163	0.003067	0.499176	2522100.000000
2017-04-04	-0.002457	0.003415	0.003415	-0.005257	-0.209663	2563100.000000
2017-04-03	-0.000585	0.003180	0.006576	-0.003613	-0.049911	2563400.000000
2017-03-31	-0.002216	-0.004302	0.002826	-0.004302	-0.189682	2174400.000000
2017-03-30	0.001168	0.002242	0.006337	-0.000800	0.099830	2252800.000000
2017-03-29	-0.001516	-0.000796	0.002708	-0.004183	-0.129783	1641000.000000
2017-03-28	-0.001743	0.000610	0.003526	-0.005336	-0.149514	3073000.000000
2017-03-27	0.000349	-0.001723	0.005975	-0.003823	0.029908	2097300.000000
2017-03-24	-0.003360	0.003758	0.010035	-0.004729	-0.289048	3112500.000000
2017-03-23	-0.000232	0.003293	0.007244	-0.000543	-0.019935	2195000.000000
2017-03-22	0.000464	0.004804	0.006548	-0.002056	0.039871	1754500.000000
2017-03-21	-0.002197	0.007122	0.010254	-0.003205	-0.189377	1825800.000000
2017-03-20	-0.002308	0.004682	0.005839	-0.000528	-0.199341	1536700.000000
2017-03-17	0.003125	0.004686	0.008750	0.003176	0.269104	3107200.000000
2017-03-16	-0.012233	0.001343	0.003293	-0.013683	-1.066482	2648100.000000
2017-03-15	0.007023	0.005603	0.014150	0.004910	0.608001	1781900.000000
2017-03-14	-0.007314	0.000770	0.000770	-0.008862	-0.637901	1669800.000000
2017-03-13	-0.002963	0.001349	0.002492	-0.005968	-0.259147	1632500.000000
2017-03-10	0.005154	0.005936	0.011336	0.003637	0.448524	2241000.000000
2017-03-09	0.007966	0.002134	0.012790	0.002134	0.687729	2310200.000000
2017-03-08	0.006390	0.002826	0.011802	0.001194	0.548202	1871900.000000
2017-03-07	-0.000232	0.002011	0.006090	-0.000670	-0.019935	1588600.000000
2017-03-06	-0.008522	-0.004102	-0.000636	-0.010458	-0.737572	2217900.000000
2017-03-03	0.002424	0.003872	0.007231	-0.001456	0.209305	2193400.000000
2017-03-02	-0.007334	0.000073	0.000303	-0.006021	-0.637894	1529100.000000
2017-03-01	0.019988	0.015020	0.027217	0.011619	1.704384	2560800.000000
2017-02-28	-0.006734	0.000264	0.002477	-0.004861	-0.578087	2278500.000000
2017-02-27	0.000581	0.001428	0.006206	-0.000321	0.049828	1740800.000000
2017-02-24	0.011159	0.005532	0.014489	0.001878	0.946884	1973400.000000
2017-02-23	0.003891	0.005659	0.007907	0.001281	0.328911	1787800.000000
2017-02-22	0.000590	0.001990	0.005305	0.000333	0.049843	2066500.000000
2017-02-21	0.008328	0.009022	0.015468	0.006515	0.697700	2307600.000000
2017-02-17	-0.002374	0.001149	0.003412	-0.003495	-0.199341	2342400.000000
2017-02-16	-0.004255	0.002937	0.003648	-0.008210	-0.358818	2485600.000000
2017-02-15	0.006064	-0.000883	0.010331	-0.002195	0.508324	2081000.000000
2017-02-14	-0.001069	-0.002904	0.004484	-0.004334	-0.089707	1326800.000000
2017-02-13	0.002501	0.003770	0.006877	0.001262	0.209313	1467900.000000
2017-02-10	0.002627	0.003412	0.007006	0.000777	0.219276	1338000.000000
2017-02-09	0.009400	0.003655	0.015625	0.002446	0.777443	2097400.000000
2017-02-08	-0.001204	-0.001538	0.003655	-0.002866	-0.099670	1699500.000000
2017-02-07	0.001084	0.003413	0.007040	0.000512	0.089706	1739600.000000
2017-02-06	-0.008364	-0.001982	-0.000544	-0.010254	-0.697708	2064700.000000
2017-02-03	-0.000119	0.004971	0.006409	-0.001143	-0.009964	1713800.000000
2017-02-02	0.001915	-0.001752	0.007256	-0.007877	0.159470	2380700.000000
2017-02-01	-0.004528	0.010825	0.013096	-0.009500	-0.378746	4643200.000000
2017-01-31	0.044301	0.028637	0.050111	0.022020	3.548317	6236900.000000
2017-01-30	-0.007411	0.007630	0.008002	-0.011950	-0.598030	2314100.000000
2017-01-27	0.002104	0.005404	0.006149	-0.000309	0.169441	2277500.000000
2017-01-26	-0.002962	0.001188	0.003169	-0.002651	-0.239212	1910100.000000
2017-01-25	0.012495	0.006051	0.016205	0.005048	0.996711	2236200.000000
2017-01-24	0.000375	0.003418	0.008811	-0.009625	0.029908	3009200.000000
2017-01-23	-0.006581	0.000676	0.002919	-0.005055	-0.528260	2455300.000000
2017-01-20	-0.000868	0.006280	0.007151	-0.002682	-0.069770	2211400.000000
2017-01-19	-0.007267	0.002057	0.004652	-0.008571	-0.588074	2930100.000000
2017-01-18	0.003461	0.010609	0.011849	0.004409	0.279083	2118000.000000
2017-01-17	-0.005531	-0.001147	-0.000160	-0.010272	-0.448524	3215700.000000
2017-01-13	0.000861	0.003169	0.006995	0.000701	0.069770	2466000.000000
2017-01-12	-0.000738	-0.000407	0.004526	-0.004601	-0.059799	3597000.000000
2017-01-11	0.003083	0.002179	0.011581	-0.002398	0.249184	2780000.000000
2017-01-10	0.006328	0.001799	0.012381	0.000429	0.508331	3497800.000000
2017-01-09	0.001989	0.002918	0.006536	0.001047	0.159470	2317400.000000
2017-01-06	0.005249	0.003042	0.012196	-0.000219	0.418617	2103600.000000
2017-01-05	0.009208	0.003419	0.013037	0.001521	0.727608	3389100.000000
2017-01-04	0.006347	0.002656	0.016028	0.001637	0.498360	3195400.000000
2017-01-03	0.012076	0.011026	0.017599	0.008190	0.936912	2841700.000000
2016-12-30	-0.004858	0.007654	0.007654	-0.003890	-0.378754	2014500.000000
2016-12-29	0.001152	0.003549	0.007273	0.001880	0.089707	1297700.000000
2016-12-28	-0.007180	0.001826	0.005524	-0.004803	-0.563149	1795000.000000
2016-12-27	-0.001647	0.004504	0.009723	0.002722	-0.129364	2201600.000000
2016-12-23	0.007915	0.005656	0.013738	0.004630	0.616982	1321500.000000
2016-12-22	-0.000383	0.002834	0.008733	0.002450	-0.029854	2056000.000000
2016-12-21	-0.006214	0.000808	0.005523	-0.001868	-0.487618	2694600.000000
2016-12-20	0.003053	0.007826	0.010127	0.003224	0.238831	5482200.000000
2016-12-19	-0.007700	0.003871	0.010594	-0.005388	-0.607033	2722800.000000
2016-12-16	-0.006397	0.007533	0.016103	-0.004062	-0.507522	4613700.000000
2016-12-15	0.012959	0.003482	0.020462	0.001950	1.015052	4652300.000000
2016-12-14	-0.006689	0.004633	0.008310	-0.003991	-0.527427	3764800.000000
2016-12-13	0.018116	0.009276	0.027094	0.009147	1.403137	5755000.000000
2016-12-12	-0.003457	0.002570	0.006430	-0.002577	-0.268684	4811600.000000
2016-12-09	0.004631	0.007213	0.009540	0.001138	0.358261	2927100.000000
2016-12-08	0.010004	0.005278	0.020553	0.005017	0.766243	4265700.000000
2016-12-07	-0.005298	0.003847	0.006315	-0.009529	-0.407997	4688000.000000
2016-12-06	0.003501	0.007753	0.008796	-0.003975	0.268684	3465100.000000
2016-12-05	-0.002716	0.009955	0.011125	0.000857	-0.208984	2924800.000000
2016-12-02	0.003895	0.005669	0.010366	-0.002290	0.298545	3343900.000000
2016-12-01	-0.014712	0.004372	0.006814	-0.011311	-1.144409	3936700.000000
2016-11-30	-0.012132	0.006156	0.008061	-0.009464	-0.955330	5574500.000000
2016-11-29	0.001265	0.004886	0.008828	0.001326	0.099518	1864100.000000
2016-11-28	-0.006662	0.004255	0.006781	-0.004460	-0.527427	2368900.000000
2016-11-25	0.005053	0.008695	0.014788	0.006790	0.398056	955200.000000
2016-11-23	0.009436	0.002323	0.015009	0.001683	0.736404	1762700.000000
2016-11-22	-0.010099	0.000320	0.004252	-0.010209	-0.796120	4022600.000000
2016-11-21	0.002912	0.008321	0.012901	-0.002492	0.228882	4564000.000000
2016-11-18	-0.012255	0.004509	0.004886	-0.012203	-0.975235	3304900.000000
2016-11-17	-0.002992	0.005638	0.007893	0.001378	-0.238823	2868900.000000
2016-11-16	0.007284	0.005012	0.012836	0.002489	0.577172	5203400.000000
2016-11-15	0.006700	0.023053	0.024577	0.008189	0.527427	4859500.000000
2016-11-14	-0.022733	0.004017	0.007990	-0.019199	-1.831054	4663000.000000
2016-11-11	0.008724	0.013152	0.018161	0.005387	0.696594	3585400.000000
2016-11-10	0.000125	0.014029	0.018288	0.003007	0.009948	3879700.000000
2016-11-09	0.016470	0.005014	0.025384	-0.003389	1.293686	4677400.000000
2016-11-08	0.009335	0.003987	0.020435	0.001674	0.726448	3796900.000000
2016-11-07	0.016376	0.015073	0.024085	0.014943	1.253869	3708300.000000
2016-11-04	0.005226	0.006462	0.017490	0.005543	0.398056	2597100.000000
2016-11-03	-0.002606	0.007767	0.012219	0.000303	-0.199021	2867000.000000
2016-11-02	-0.003765	0.005147	0.010626	0.000320	-0.288597	2771800.000000
2016-11-01	-0.019351	0.006933	0.007061	-0.017246	-1.512611	4240800.000000
2016-10-31	0.004604	0.005657	0.009770	0.001930	0.358253	2617100.000000
2016-10-28	-0.001787	0.004758	0.013225	-0.001657	-0.139320	2599900.000000
2016-10-27	0.007590	0.007730	0.028412	0.007472	0.587143	4207900.000000
2016-10-26	-0.013076	0.001825	0.001825	-0.011188	-1.024994	3268000.000000
2016-10-25	-0.018931	0.002008	0.002508	-0.014638	-1.512612	3513800.000000
2016-10-24	0.001497	0.011780	0.018423	0.003382	0.119416	3481200.000000
2016-10-21	-0.000125	-0.001380	0.006139	-0.005265	-0.009957	4569700.000000
2016-10-20	0.039139	0.018821	0.054115	0.011137	3.005318	6498300.000000
2016-10-19	0.009551	0.006858	0.015536	0.002388	0.726448	2914100.000000
2016-10-18	0.007514	0.009920	0.015086	0.007535	0.567230	1630400.000000
2016-10-17	-0.003939	0.006733	0.007261	-0.001051	-0.298545	2197800.000000
2016-10-14	-0.000656	0.012138	0.012666	0.002645	-0.049752	3221100.000000
2016-10-13	-0.007424	-0.001003	0.003447	-0.005846	-0.567230	2791100.000000
2016-10-12	0.005764	0.007651	0.020551	0.007651	0.437866	3146200.000000
2016-10-11	-0.024035	-0.000381	-0.000381	-0.024533	-1.870865	4283300.000000
2016-10-10	-0.000383	0.006813	0.011692	0.002575	-0.029853	1446000.000000
2016-10-07	-0.000894	0.005271	0.007196	-0.002684	-0.069664	2614500.000000
2016-10-06	0.006943	0.004369	0.013155	0.002044	0.537384	2958900.000000
2016-10-05	0.001545	0.007215	0.009286	0.001004	0.119415	2090100.000000
2016-10-04	-0.004231	0.008623	0.009267	-0.002329	-0.328392	1984500.000000
2016-10-03	-0.005103	-0.000626	0.005271	-0.002549	-0.398064	2662800.000000
2016-09-30	0.016336	0.009055	0.025471	0.008665	1.253884	3411300.000000
2016-09-29	-0.006313	0.002944	0.004757	-0.005341	-0.487626	3287800.000000
2016-09-28	0.001484	0.003136	0.007026	-0.000105	0.114449	2047400.000000
2016-09-27	0.013446	0.007558	0.021092	0.004010	1.023338	3163300.000000
2016-09-26	-0.012759	0.004821	0.004821	-0.008800	-0.983604	3196300.000000
2016-09-23	-0.001030	0.003656	0.008580	0.002231	-0.079476	2796900.000000
2016-09-22	0.002840	0.014044	0.015084	0.007416	0.218567	2494300.000000
2016-09-21	0.009515	0.009131	0.017265	0.005457	0.725289	2785200.000000
2016-09-20	-0.001172	0.012666	0.012666	0.003493	-0.089417	2490300.000000
2016-09-19	0.003134	0.007690	0.016760	0.007296	0.238442	2670500.000000
2016-09-16	-0.002995	0.010176	0.011356	0.000216	-0.228516	8103700.000000
2016-09-15	0.004578	0.008745	0.017171	0.003610	0.347740	4497200.000000
2016-09-14	-0.005334	0.005721	0.007947	-0.002791	-0.407341	3652300.000000
2016-09-13	-0.017261	0.002517	0.002904	-0.010867	-1.341278	3710700.000000
2016-09-12	0.015451	0.003371	0.024541	0.000888	1.182305	4003500.000000
2016-09-09	-0.025063	0.000774	0.000774	-0.018847	-1.967202	3914800.000000
2016-09-08	-0.004411	0.003970	0.005492	-0.001231	-0.347732	3085300.000000
2016-09-07	-0.001887	0.004861	0.010052	0.002456	-0.149025	3844100.000000
2016-09-06	-0.020815	0.004028	0.006879	-0.018907	-1.679077	6147000.000000
2016-09-02	-0.003070	0.011080	0.011574	-0.002886	-0.248398	2390000.000000
2016-09-01	0.000369	0.008238	0.011947	0.004652	0.029815	2336600.000000
2016-08-31	0.002586	0.006507	0.012333	0.004152	0.208657	3634900.000000
2016-08-30	-0.007820	0.016346	0.016346	-0.002348	-0.635872	1563800.000000
2016-08-29	0.007882	0.006383	0.017415	0.006383	0.635872	2527400.000000
2016-08-26	0.008445	0.009507	0.018382	0.008632	0.675598	1990200.000000
2016-08-25	-0.001117	0.004134	0.007381	0.002886	-0.089432	1766400.000000
2016-08-24	-0.005183	0.005886	0.007376	-0.000449	-0.417274	2173600.000000
2016-08-23	0.001236	0.009367	0.011482	0.005388	0.099350	2204700.000000
2016-08-22	0.002353	0.007130	0.009499	0.003889	0.188774	1875100.000000
2016-08-19	0.002234	0.004633	0.009381	0.001385	0.178840	2133900.000000
2016-08-18	-0.005678	0.005141	0.006134	-0.007904	-0.457023	2644700.000000
2016-08-17	0.003965	0.008004	0.010872	0.004262	0.317924	1606000.000000
2016-08-16	-0.006525	0.006135	0.006135	-0.001795	-0.526581	2074100.000000
2016-08-15	-0.001966	0.010712	0.011454	0.003539	-0.158958	2926600.000000
2016-08-12	-0.001840	0.004285	0.006260	0.001199	-0.149040	1203200.000000
2016-08-11	0.003940	0.007374	0.013199	0.006879	0.317940	1649100.000000
2016-08-10	0.000246	0.007251	0.008119	0.003408	0.019882	2737800.000000
2016-08-09	-0.000984	0.009231	0.011089	0.003907	-0.079491	1593100.000000
2016-08-08	-0.002699	0.008483	0.008977	0.002802	-0.218582	1634600.000000
2016-08-05	0.004684	0.008244	0.012711	0.006755	0.377541	2056100.000000
2016-08-04	0.001729	0.006755	0.010981	0.004270	0.139091	1934800.000000
2016-08-03	0.000618	0.008746	0.010860	0.003398	0.049683	1917400.000000
2016-08-02	-0.006994	0.003543	0.006877	-0.004731	-0.566315	2300000.000000
2016-08-01	0.000737	0.004035	0.012068	0.003293	0.059601	3062500.000000
2016-07-29	0.003203	0.008243	0.013698	0.006631	0.258323	3428500.000000
2016-07-28	0.004082	0.009619	0.012731	0.005138	0.327874	2755700.000000
2016-07-27	-0.003328	0.007748	0.010229	0.000923	-0.268257	3052900.000000
2016-07-26	-0.002091	0.006259	0.007250	0.002173	-0.168900	3342600.000000
2016-07-25	0.000615	0.017657	0.018277	-0.001794	0.049675	3919100.000000
2016-07-22	-0.000615	0.007869	0.008612	-0.001294	-0.049675	3100100.000000
2016-07-21	-0.001229	0.006507	0.010835	0.002673	-0.099350	3286100.000000
2016-07-20	0.006306	0.011485	0.015467	0.009369	0.506699	2329800.000000
2016-07-19	-0.000741	0.004144	0.007377	0.001906	-0.059616	2845800.000000
2016-07-18	0.000247	0.007751	0.014716	0.001780	0.019882	2341600.000000
2016-07-15	0.000494	0.011858	0.016711	0.004889	0.039734	2946000.000000
2016-07-14	-0.001974	0.014952	0.015946	0.001787	-0.158966	2916300.000000
2016-07-13	0.008713	0.011142	0.018158	0.008511	0.695480	3008800.000000
2016-07-12	0.003247	0.008644	0.015431	0.008644	0.258308	3708700.000000
2016-07-11	-0.009646	0.009245	0.009992	-0.004074	-0.774955	5613800.000000
2016-07-08	0.001983	0.010249	0.013741	0.003888	0.158973	5096200.000000
2016-07-07	0.000992	0.012374	0.014497	-0.000734	0.079468	4150900.000000
2016-07-06	0.002736	0.004629	0.014644	-0.001881	0.218590	9547300.000000
2016-07-05	0.036431	0.004510	0.043175	0.003472	2.807808	15646100.000000
2016-07-01	0.013069	0.009895	0.024345	0.006706	0.994285	5501500.000000
2016-06-30	0.008890	0.007613	0.015455	0.007211	0.670395	5762900.000000
2016-06-29	0.020281	0.012354	0.029177	0.012354	1.498963	3975200.000000
2016-06-28	0.008220	0.010851	0.015504	0.002990	0.602592	4475300.000000
2016-06-27	-0.009062	-0.000565	0.007327	-0.007534	-0.670380	6520000.000000
2016-06-24	-0.022202	-0.021452	0.002198	-0.021452	-1.679748	10406100.000000
2016-06-23	0.014136	0.015145	0.020735	0.011588	1.054550	3091600.000000
2016-06-22	0.000101	0.008743	0.012199	0.005491	0.007530	2359600.000000
2016-06-21	0.002937	0.010584	0.012113	0.006201	0.218445	2178500.000000
2016-06-20	0.010025	0.019068	0.025657	0.016391	0.738190	3463500.000000
2016-06-17	-0.013223	0.005796	0.007116	-0.008021	-0.986763	7017800.000000
2016-06-16	0.008757	0.002510	0.017268	0.000870	0.647796	2719900.000000
2016-06-15	-0.004561	0.009261	0.009874	0.001712	-0.338958	2812800.000000
2016-06-14	0.005811	0.004865	0.014203	0.000453	0.429352	2571500.000000
2016-06-13	-0.012285	0.004075	0.009243	-0.006162	-0.918961	3011600.000000
2016-06-10	-0.010758	-0.000712	0.001293	-0.006026	-0.813515	2265500.000000
2016-06-09	0.002296	0.004497	0.009823	0.002387	0.173249	2348400.000000
2016-06-08	0.007139	0.004584	0.015110	0.004483	0.534805	3007700.000000
2016-06-07	0.004241	0.008031	0.015248	0.006507	0.316360	2492600.000000
2016-06-06	0.007529	0.006609	0.017054	0.006609	0.557404	3082300.000000
2016-06-03	-0.003548	0.001813	0.004262	-0.003493	-0.263641	3014100.000000
2016-06-02	0.000000	0.000793	0.007323	-0.001860	0.000000	2168100.000000
2016-06-01	0.004481	0.006507	0.013682	0.001177	0.331428	3428000.000000
2016-05-31	-0.005561	0.004274	0.005905	-0.003167	-0.413605	7108600.000000
2016-05-27	-0.002923	0.009062	0.010179	0.004183	-0.218086	3149200.000000
2016-05-26	-0.004616	0.008551	0.011181	0.001571	-0.345940	2087900.000000
2016-05-25	-0.003101	0.007340	0.013492	0.004113	-0.233123	2732800.000000
2016-05-24	0.011433	0.009677	0.023140	0.006719	0.849785	4084600.000000
2016-05-23	0.000911	0.003757	0.011209	0.000490	0.067680	2510300.000000
2016-05-20	0.007962	0.012983	0.022862	0.009073	0.586594	3157800.000000
2016-05-19	-0.003661	0.002303	0.006609	-0.005182	-0.270745	3748400.000000
2016-05-18	-0.001117	0.005791	0.010502	-0.000251	-0.082718	2551200.000000
2016-05-17	-0.002129	0.008555	0.012643	0.002322	-0.157936	2500400.000000
2016-05-16	0.013146	0.011667	0.024195	0.007215	0.962601	3149300.000000
2016-05-13	-0.007644	0.006811	0.011743	-0.002539	-0.564011	3174300.000000
2016-05-12	0.002145	0.009485	0.012780	0.002689	0.157914	2461700.000000
2016-05-11	-0.004170	0.007839	0.012863	0.002610	-0.308327	2517800.000000
2016-05-10	0.012982	0.012613	0.021442	0.009601	0.947555	2501600.000000
2016-05-09	-0.000515	0.007005	0.010950	0.002852	-0.037597	1787900.000000
2016-05-06	0.010405	0.007727	0.019475	0.004685	0.752014	2823800.000000
2016-05-05	0.002085	0.012982	0.014874	0.006780	0.150406	2829700.000000
2016-05-04	-0.010012	-0.004133	0.005441	-0.007046	-0.729462	3793700.000000
2016-05-03	-0.005237	0.001211	0.005145	-0.002102	-0.383545	2768300.000000
2016-05-02	0.006615	0.007938	0.016796	0.004396	0.481316	2992600.000000
2016-04-29	0.004151	0.003229	0.014948	0.002392	0.300804	3786900.000000
2016-04-28	-0.008643	0.002027	0.011570	-0.002641	-0.631699	3159000.000000
2016-04-27	0.008614	0.009612	0.018191	0.005845	0.624184	3489500.000000
2016-04-26	-0.000933	0.006892	0.009924	0.002711	-0.067688	2467900.000000
2016-04-25	0.000311	0.005951	0.009820	0.001873	0.022552	2812200.000000
2016-04-22	0.004480	0.003001	0.015604	0.002895	0.323380	3240100.000000
2016-04-21	0.011273	0.014944	0.035124	0.008465	0.804665	4932700.000000
2016-04-20	0.000949	0.006446	0.012612	0.001662	0.067665	3536500.000000
2016-04-19	0.004981	0.011566	0.014344	0.009215	0.353462	2652500.000000
2016-04-18	0.002550	0.008790	0.013395	0.006969	0.180496	2376300.000000
2016-04-15	0.000744	0.009219	0.011577	0.005360	0.052643	1938100.000000
2016-04-14	-0.002122	0.012212	0.014244	0.005794	-0.150406	2258100.000000
2016-04-13	0.008237	0.012029	0.017745	0.009225	0.579056	2354000.000000
2016-04-12	0.008632	0.010866	0.019568	0.008800	0.601623	1997000.000000
2016-04-11	-0.005473	0.008579	0.012907	0.002413	-0.383545	2497600.000000
2016-04-08	-0.000965	0.013118	0.018090	0.005013	-0.067672	1997200.000000
2016-04-07	-0.005968	-0.000878	0.004494	-0.006786	-0.421135	3320000.000000
2016-04-06	0.006111	0.006201	0.014848	0.003391	0.428642	3390300.000000
2016-04-05	-0.005120	0.001695	0.004921	-0.001531	-0.360962	2722800.000000
2016-04-04	-0.019659	0.000767	0.000767	-0.013359	-1.413803	3838000.000000
2016-04-01	0.008117	0.002727	0.018030	-0.003544	0.579048	2659700.000000
2016-03-31	-0.001789	0.009526	0.009950	0.004009	-0.127830	2853200.000000
2016-03-30	-0.002414	0.012063	0.014814	0.004760	-0.172966	3205400.000000
2016-03-29	0.002948	0.007722	0.013454	0.001991	0.210571	2668400.000000
2016-03-28	0.002110	0.007934	0.013040	0.005381	0.150391	2663500.000000
2016-03-24	-0.000633	0.003682	0.008147	0.000493	-0.045113	3940500.000000
2016-03-23	-0.000948	0.008465	0.008890	0.002518	-0.067696	2558400.000000
2016-03-22	0.002429	-0.001435	0.013044	-0.003031	0.172959	3530000.000000
2016-03-21	-0.004512	0.006777	0.009638	-0.000430	-0.322815	2905400.000000
2016-03-18	0.018600	0.014924	0.028633	0.009742	1.306312	9667000.000000
2016-03-17	0.024756	0.011067	0.037947	0.009297	1.696709	5688400.000000
2016-03-16	-0.004580	0.009189	0.009850	0.000270	-0.315315	3119000.000000
2016-03-15	0.002514	0.007200	0.017356	0.005655	0.172661	3547800.000000
2016-03-14	0.009602	0.009293	0.023113	0.003609	0.653160	3652900.000000
2016-03-11	0.015693	0.020717	0.028867	0.016755	1.051063	3780300.000000
2016-03-10	0.008364	0.017840	0.022406	0.008138	0.555557	3715400.000000
2016-03-09	-0.005396	0.015299	0.015413	0.002470	-0.360366	3470200.000000
2016-03-08	-0.014295	0.005598	0.007724	-0.006376	-0.968460	3980000.000000
2016-03-07	-0.005181	0.004506	0.007958	0.000832	-0.352860	4424800.000000
2016-03-04	-0.001321	0.011518	0.017188	0.003402	-0.090088	4546900.000000
2016-03-03	0.003757	0.013979	0.017104	0.007395	0.255249	3466900.000000
2016-03-02	-0.001214	0.007286	0.020773	0.004723	-0.082580	4417800.000000
2016-03-01	0.014899	0.016637	0.026932	0.014036	0.998497	5182200.000000
2016-02-29	0.002246	0.007469	0.019034	0.004748	0.150169	5795000.000000
2016-02-26	0.009177	0.013168	0.021406	0.010308	0.608101	4099900.000000
2016-02-25	0.012156	0.009850	0.022357	0.006607	0.795807	2802600.000000
2016-02-24	-0.001374	0.004299	0.012163	-0.001715	-0.090096	3622300.000000
2016-02-23	-0.004900	0.005017	0.011461	-0.001428	-0.322830	2403300.000000
2016-02-22	0.012695	0.019756	0.026516	0.018008	0.825821	3003400.000000
2016-02-19	-0.000231	0.008685	0.013578	0.002393	-0.015007	3464600.000000
2016-02-18	-0.004594	0.004515	0.011242	0.003007	-0.300301	2278100.000000
2016-02-17	0.006706	0.016272	0.021059	0.011601	0.435440	3414000.000000
2016-02-16	0.018488	0.024834	0.032088	0.020434	1.178681	3781100.000000
2016-02-12	0.015911	0.019152	0.026401	0.012025	0.998508	3396900.000000
2016-02-11	-0.019012	-0.009112	0.003095	-0.018001	-1.216224	3769400.000000
2016-02-10	0.000235	0.016133	0.029291	0.007953	0.015010	2858600.000000
2016-02-09	0.012479	-0.000592	0.031334	-0.003232	0.788304	3399700.000000
2016-02-08	-0.010583	0.003794	0.007594	-0.015919	-0.675682	5931800.000000
2016-02-05	-0.016310	0.004944	0.008682	-0.011060	-1.058567	3988500.000000
2016-02-04	0.016580	0.007712	0.029562	0.007119	1.058567	4046000.000000
2016-02-03	0.007941	0.018827	0.023016	-0.001760	0.503010	3245100.000000
2016-02-02	-0.018497	-0.003190	0.000334	-0.012706	-1.193711	3550700.000000
2016-02-01	-0.007963	0.007169	0.008568	-0.005767	-0.518028	3599200.000000
2016-01-29	0.025808	0.016664	0.036749	0.010209	1.636658	5972000.000000
2016-01-28	0.002611	0.016203	0.019799	0.006853	0.165168	4709200.000000
2016-01-27	-0.005078	0.009850	0.020464	-0.002433	-0.322822	6406900.000000
2016-01-26	0.003555	-0.007982	0.016672	-0.027609	0.225223	8640600.000000
2016-01-25	-0.011365	0.010087	0.013400	-0.003283	-0.728229	4108800.000000
2016-01-22	0.010897	0.023246	0.025160	0.013319	0.690693	4687100.000000
2016-01-21	-0.006706	0.004979	0.010682	-0.003813	-0.427933	5075100.000000
2016-01-20	-0.007125	-0.003715	0.010322	-0.015039	-0.457951	6241900.000000
2016-01-19	0.004930	0.023601	0.026683	0.003449	0.315300	4429900.000000
2016-01-15	-0.024281	-0.005996	-0.000560	-0.016058	-1.591590	6405700.000000
2016-01-14	0.009131	0.010434	0.024790	0.001563	0.593093	4063800.000000
2016-01-13	-0.022925	0.016921	0.017377	-0.014783	-1.524040	3924800.000000
2016-01-12	0.001131	0.023322	0.023322	-0.002138	0.075089	3822000.000000
2016-01-11	-0.000565	0.013844	0.016697	-0.000305	-0.037537	4395300.000000
2016-01-08	0.000565	0.012704	0.023893	0.008023	0.037537	4415400.000000
2016-01-07	-0.025666	-0.006725	0.001173	-0.019295	-1.749260	5949000.000000
2016-01-06	-0.011650	-0.001914	0.005012	-0.009720	-0.803314	4858400.000000
2016-01-05	0.001854	0.010511	0.014807	0.003461	0.127624	3760400.000000
2016-01-04	-0.012920	-0.009938	-0.000805	-0.011352	-0.900902	5791900.000000
2015-12-31	-0.005035	0.005090	0.013420	0.003251	-0.352852	2290100.000000
2015-12-30	-0.008708	0.008885	0.010922	-0.001195	-0.615623	1670100.000000
2015-12-29	0.008136	0.016229	0.022607	0.012985	0.570580	2190800.000000
2015-12-28	0.000107	0.007580	0.011472	0.004120	0.007507	1691200.000000
2015-12-24	-0.003414	0.006833	0.011682	0.006079	-0.240242	871400.000000
2015-12-23	0.010567	0.013552	0.023134	0.011374	0.735725	2170400.000000
2015-12-22	0.002812	0.014655	0.015856	0.001660	0.195206	2663900.000000
2015-12-21	0.013702	0.014610	0.023797	0.013503	0.938446	3865500.000000
2015-12-18	-0.007183	0.003476	0.013916	0.001278	-0.495499	8431700.000000
2015-12-17	-0.022395	0.016887	0.018928	-0.012980	-1.580345	4642300.000000
2015-12-16	0.016962	0.016217	0.031404	0.009552	1.176994	4880800.000000
2015-12-15	-0.008675	0.018665	0.021373	0.000794	-0.607238	6689400.000000
2015-12-14	0.003763	0.015105	0.019563	0.006299	0.262390	3927100.000000
2015-12-11	-0.017221	-0.000025	0.005531	-0.010176	-1.221962	3887200.000000
2015-12-10	0.001905	0.013013	0.021684	0.009588	0.134941	3009400.000000
2015-12-09	-0.013574	0.004225	0.017847	-0.005278	-0.974594	3663600.000000
2015-12-08	-0.005504	-0.005922	0.007100	-0.010228	-0.397331	5002500.000000
2015-12-07	-0.002383	0.011405	0.013186	0.005224	-0.172417	3007500.000000
2015-12-04	0.020941	0.014081	0.034297	0.011300	1.484352	6020900.000000
2015-12-03	-0.014899	0.011301	0.014778	-0.007139	-1.072029	4340500.000000
2015-12-02	-0.006932	0.008475	0.012870	0.002616	-0.502281	2731100.000000
2015-12-01	0.002697	0.017176	0.022841	0.011196	0.194908	4305700.000000
2015-11-30	-0.004750	0.011614	0.014120	0.005140	-0.344856	3943800.000000
2015-11-27	0.000207	0.015165	0.016105	0.009525	0.014999	1149300.000000
2015-11-25	0.003316	0.014758	0.017168	0.010462	0.239899	1869400.000000
2015-11-24	-0.007201	0.002250	0.006827	-0.002328	-0.524781	3092900.000000
2015-11-23	-0.001438	0.011197	0.013378	0.003925	-0.104950	1739100.000000
2015-11-20	0.004126	0.013908	0.018289	0.012031	0.299866	2559300.000000
2015-11-19	-0.000825	0.008799	0.014636	0.006819	-0.059982	4299500.000000
2015-11-18	0.017619	0.012149	0.030391	0.009709	1.259468	2676600.000000
2015-11-17	0.002102	0.010556	0.021185	0.006199	0.149940	2910700.000000
2015-11-16	0.017212	0.012057	0.029355	0.011300	1.206978	3171400.000000
2015-11-13	-0.005845	0.008398	0.013450	0.002809	-0.412323	2863600.000000
2015-11-12	-0.010828	0.005772	0.015872	0.000031	-0.772171	2830800.000000
2015-11-11	0.000210	0.012364	0.021934	0.010450	0.015000	2682800.000000
2015-11-10	-0.003040	0.008332	0.012149	0.002395	-0.217400	2948800.000000
2015-11-09	-0.004592	0.007712	0.012461	0.000853	-0.329864	2547500.000000
2015-11-06	0.001987	0.006542	0.013310	0.005062	0.142448	2645900.000000
2015-11-05	-0.001775	0.012250	0.016261	0.008556	-0.127457	3783900.000000
2015-11-04	0.001150	0.010878	0.015316	0.004009	0.082474	3819200.000000
2015-11-03	0.001779	0.007807	0.015217	0.004631	0.127434	4252300.000000
2015-11-02	0.023792	0.013468	0.037962	0.011951	1.664291	4995700.000000
2015-10-30	0.002902	0.010866	0.020974	0.003474	0.202416	5301300.000000
2015-10-29	0.004751	0.007696	0.017307	0.002563	0.329849	3069400.000000
2015-10-28	0.010255	0.012624	0.022223	0.008321	0.704697	3468900.000000
2015-10-27	-0.007794	0.004185	0.008454	-0.000413	-0.539765	3499700.000000
2015-10-26	-0.004740	0.011301	0.014678	0.003783	-0.329841	3215100.000000
2015-10-23	-0.012343	0.014098	0.014098	-0.009360	-0.869629	6754300.000000
2015-10-22	0.054533	0.004151	0.073599	-0.000388	3.643417	9387900.000000
2015-10-21	-0.003466	0.016276	0.017294	0.006325	-0.232391	6655900.000000
2015-10-20	0.003141	0.007897	0.019014	0.004040	0.209907	3136000.000000
2015-10-19	0.002361	0.007776	0.013688	0.004364	0.157433	2286600.000000
2015-10-16	-0.001348	0.014139	0.015615	0.003011	-0.089974	4108100.000000
2015-10-15	0.009293	0.013936	0.021615	0.008206	0.614754	2760100.000000
2015-10-14	-0.010651	0.010847	0.013341	-0.000945	-0.712196	4804000.000000
2015-10-13	-0.003241	0.005310	0.014352	0.002824	-0.217408	3082200.000000
2015-10-12	0.010959	0.010386	0.022726	0.009472	0.727173	3084700.000000
2015-10-09	-0.004275	0.010618	0.016989	0.004588	-0.284858	5202900.000000
2015-10-08	0.005088	0.008556	0.018276	0.005926	0.337349	4247400.000000
2015-10-07	0.013871	0.019300	0.029154	0.016286	0.907104	3552700.000000
2015-10-06	-0.009088	0.007165	0.010152	-0.006047	-0.599731	4949500.000000
2015-10-05	0.015809	0.017719	0.029272	0.014101	1.027069	4349500.000000
2015-10-02	0.015586	-0.002092	0.027063	-0.006240	0.997055	4080500.000000
2015-10-01	0.001408	0.012012	0.017709	-0.001518	0.089954	4431300.000000
2015-09-30	0.025700	0.023900	0.038264	0.020491	1.600575	7109400.000000
2015-09-29	0.009830	0.018967	0.027941	0.015402	0.606250	6317300.000000
2015-09-28	-0.033884	0.007362	0.011400	-0.022567	-2.163055	7748200.000000
2015-09-25	0.003176	0.024381	0.030577	0.014135	0.202080	6977300.000000
2015-09-24	-0.007587	0.006086	0.007505	-0.005501	-0.486492	4875400.000000
2015-09-23	0.001168	0.014838	0.019573	0.010813	0.074836	3979800.000000
2015-09-22	-0.009835	0.002864	0.007552	-0.004169	-0.636177	6628100.000000
2015-09-21	0.002436	0.016116	0.022814	0.008244	0.157173	5219900.000000
2015-09-18	-0.021786	0.001450	0.001565	-0.017630	-1.437057	12345000.000000
2015-09-17	-0.012770	0.012263	0.014532	-0.002375	-0.853249	4991800.000000
2015-09-16	0.009842	0.010308	0.024288	0.008590	0.651169	4174700.000000
2015-09-15	0.018785	0.018664	0.033723	0.014462	1.220001	4486500.000000
2015-09-14	-0.000806	0.015043	0.018193	0.007228	-0.052406	5224900.000000
2015-09-11	0.009181	0.012708	0.022361	0.010119	0.591286	4046000.000000
2015-09-10	-0.004166	0.012123	0.016812	0.004269	-0.269448	4573800.000000
2015-09-09	-0.012795	0.018383	0.022896	-0.002100	-0.838256	3602100.000000
2015-09-08	0.022666	0.030696	0.036258	0.019808	1.452003	3958300.000000
2015-09-04	-0.014848	-0.001047	0.005016	-0.005011	-0.965515	3752400.000000
2015-09-03	0.006954	0.020810	0.028441	0.014940	0.449074	3967600.000000
2015-09-02	0.017573	0.023815	0.030983	0.013661	1.115211	4536900.000000
2015-09-01	-0.025626	-0.008125	0.000838	-0.018602	-1.669075	6901400.000000
2015-08-31	-0.011810	0.002706	0.015244	-0.012478	-0.778396	4644100.000000
2015-08-28	-0.004522	0.008593	0.011570	-0.000454	-0.299385	4279700.000000
2015-08-27	0.020653	0.021242	0.037020	0.015398	1.339744	5328600.000000
2015-08-26	0.041331	0.037163	0.055540	0.020489	2.574711	6359400.000000
2015-08-25	-0.009756	0.037409	0.037409	0.002218	-0.613739	5288700.000000
2015-08-24	-0.033352	-0.036917	0.004323	-0.036917	-2.170528	8003900.000000
2015-08-21	-0.020392	0.007124	0.009977	-0.007826	-1.354729	5621100.000000
2015-08-20	-0.020633	0.005791	0.008138	-0.009074	-1.399620	4551400.000000
2015-08-19	-0.009616	0.006302	0.012722	0.000214	-0.658646	3079800.000000
2015-08-18	-0.001528	0.008302	0.014602	0.008302	-0.104782	1802100.000000
2015-08-17	0.008029	0.008042	0.021300	0.004588	0.546379	1636200.000000
2015-08-14	0.005418	0.015296	0.019217	0.010928	0.366737	1933900.000000
2015-08-13	0.001551	0.013954	0.018778	0.008905	0.104790	2771800.000000
2015-08-12	-0.008456	0.005157	0.005824	-0.008192	-0.576324	3961200.000000
2015-08-11	-0.009679	0.003690	0.008207	0.001377	-0.666130	2799800.000000
2015-08-10	0.009774	0.019841	0.028183	0.019618	0.666130	2352400.000000
2015-08-07	-0.005569	0.007855	0.012391	-0.001547	-0.381714	2229200.000000
2015-08-06	-0.007479	0.013712	0.017116	0.002404	-0.516434	2188300.000000
2015-08-05	0.005449	0.020009	0.025749	0.015483	0.374214	2842500.000000
2015-08-04	0.004708	0.012167	0.025033	0.010171	0.321854	3299400.000000
2015-08-03	-0.002512	0.012501	0.016152	0.001881	-0.172142	3110900.000000
2015-07-31	-0.003266	0.014046	0.016472	0.006879	-0.224548	4479500.000000
2015-07-30	0.010450	0.008710	0.025535	0.008710	0.711044	6091600.000000
2015-07-29	0.028394	0.018788	0.042622	0.012600	1.878639	7894300.000000
2015-07-28	0.013529	0.021538	0.026764	0.016776	0.883179	5467100.000000
2015-07-27	-0.006379	0.008790	0.014098	-0.001480	-0.419121	3985000.000000
2015-07-24	-0.014262	0.010555	0.013058	-0.004232	-0.950554	5034800.000000
2015-07-23	0.013544	0.026087	0.033466	0.017094	0.890671	9431700.000000
2015-07-22	0.000797	0.012136	0.018713	0.009944	0.052383	5054200.000000
2015-07-21	-0.008918	0.009742	0.012486	0.002309	-0.591278	4999000.000000
2015-07-20	-0.001578	0.012944	0.014314	0.009405	-0.104782	3847900.000000
2015-07-17	0.000225	0.010431	0.013629	0.007691	0.014961	2712700.000000
2015-07-16	0.004189	0.016957	0.018907	0.009159	0.276932	5746600.000000
2015-07-15	-0.007082	0.014879	0.015677	0.005315	-0.471535	7987300.000000
2015-07-14	0.010909	0.015821	0.024685	0.014210	0.718529	18511100.000000
2015-07-13	0.015580	0.019023	0.029894	0.017035	1.010430	6514400.000000
2015-07-10	0.010613	0.021332	0.026885	0.016724	0.681099	6139200.000000
2015-07-09	0.000000	0.023222	0.026294	0.012708	0.000000	6799300.000000
2015-07-08	-0.015275	0.007825	0.009337	-0.003460	-0.995461	6761400.000000
2015-07-07	0.013975	0.016954	0.029340	0.004804	0.898148	6584300.000000
2015-07-06	-0.010714	0.002791	0.007693	0.000340	-0.696053	9522700.000000
2015-07-02	0.005328	0.015056	0.019866	0.012240	0.344292	4988700.000000
2015-07-01	0.008763	0.017796	0.021820	0.014246	0.561340	7477800.000000
2015-06-30	0.009912	0.019159	0.026450	0.016529	0.628708	7411000.000000
2015-06-29	-0.011777	0.005621	0.010345	-0.001112	-0.755943	7914200.000000
2015-06-26	0.003863	0.018043	0.020058	0.012114	0.246997	13521900.000000
2015-06-25	0.000117	0.016501	0.017450	0.006659	0.007466	3361600.000000
2015-06-24	-0.001928	0.012885	0.017027	0.009926	-0.123482	3862400.000000
2015-06-23	-0.006145	0.013365	0.016071	0.007719	-0.396065	2986600.000000
2015-06-22	0.004776	0.019387	0.024470	0.018205	0.306389	3337900.000000
2015-06-19	-0.001280	0.014541	0.018437	0.010882	-0.082214	5506800.000000
2015-06-18	0.014399	0.017415	0.034897	0.015140	0.911693	4565100.000000
2015-06-17	0.001182	0.015141	0.020296	0.012024	0.074727	3625900.000000
2015-06-16	0.002013	0.013220	0.019226	0.012980	0.127048	2519000.000000
2015-06-15	-0.006937	0.009174	0.010963	0.003448	-0.440903	3190000.000000
2015-06-12	-0.010241	0.013243	0.014069	0.002617	-0.657612	4229600.000000
2015-06-11	-0.001046	0.017254	0.019023	0.011357	-0.067253	3023900.000000
2015-06-10	0.009624	0.017638	0.025378	0.014542	0.612774	3151600.000000
2015-06-09	0.003415	0.015976	0.025056	0.012033	0.216713	3476000.000000
2015-06-08	-0.011410	0.010998	0.013597	0.002257	-0.732334	4206900.000000
2015-06-05	0.001049	0.012413	0.016788	0.010521	0.067253	2639900.000000
2015-06-04	-0.016506	0.006634	0.010588	-0.004414	-1.076080	3624300.000000
2015-06-03	0.005185	0.015009	0.022140	0.013022	0.336258	3139000.000000
2015-06-02	-0.001266	0.009288	0.014775	0.005435	-0.082199	3279200.000000
2015-06-01	0.006719	0.016657	0.024414	0.011368	0.433433	3791800.000000
2015-05-29	-0.011452	0.011986	0.015239	-0.000795	-0.747284	4014500.000000
2015-05-28	-0.001144	0.013729	0.015470	0.007114	-0.074737	4158500.000000
2015-05-27	0.014388	0.014424	0.029610	0.012776	0.926628	4717600.000000
2015-05-26	-0.004965	0.013956	0.018055	0.007044	-0.321343	3554100.000000
2015-05-22	-0.003337	0.015125	0.022247	0.010806	-0.216697	3875200.000000
2015-05-21	-0.001379	0.014192	0.017573	0.010461	-0.089669	5032100.000000
2015-05-20	0.006128	0.014776	0.023339	0.009967	0.396065	5421700.000000
2015-05-19	-0.008824	0.014658	0.016634	0.004078	-0.575409	4759000.000000
2015-05-18	0.009369	0.015832	0.028037	0.015832	0.605286	6175900.000000
2015-05-15	-0.015824	0.013848	0.017313	-0.002783	-1.038727	10640300.000000
2015-05-14	0.005610	0.021859	0.026272	0.015238	0.366173	12619700.000000
2015-05-13	0.015698	0.061730	0.064679	0.019968	1.008835	24901400.000000
2015-05-12	0.029201	0.011385	0.048416	0.011021	1.823383	12833600.000000
2015-05-11	-0.005593	0.012248	0.015749	0.008867	-0.351234	2981000.000000
2015-05-08	0.010097	0.022591	0.029542	0.021249	0.627719	3357900.000000
2015-05-07	0.010323	0.013679	0.028465	0.013063	0.635197	4952400.000000
2015-05-06	-0.000728	0.017989	0.021313	0.008016	-0.044845	4076200.000000
2015-05-05	-0.003507	0.014787	0.017977	0.008898	-0.216706	3790200.000000
2015-05-04	0.002060	0.015525	0.022902	0.014665	0.127041	2499700.000000
2015-05-01	0.007816	0.017144	0.025197	0.015285	0.478256	3423300.000000
2015-04-30	-0.011111	0.013316	0.014909	-0.000284	-0.687500	3878100.000000
2015-04-29	-0.005525	0.010886	0.013932	0.006621	-0.343750	4388900.000000
2015-04-28	0.002046	0.011367	0.016861	0.008314	0.127037	3278500.000000
2015-04-27	-0.002521	0.023311	0.026721	0.011131	-0.156929	5910800.000000
2015-04-24	-0.016413	0.010948	0.012745	-0.005105	-1.038723	7863700.000000
2015-04-23	-0.006569	0.006330	0.013233	-0.004500	-0.418476	10063100.000000
2015-04-22	0.000587	0.013232	0.017042	0.007754	0.037365	5772900.000000
2015-04-21	0.003297	0.016931	0.021471	0.015497	0.209229	3467600.000000
2015-04-20	0.008312	0.021649	0.026106	0.018396	0.523109	3544500.000000
2015-04-17	-0.014279	0.006348	0.006942	-0.005645	-0.911690	4945500.000000
2015-04-16	-0.001869	0.010156	0.016675	0.008616	-0.119560	3817500.000000
2015-04-15	0.001404	0.011812	0.017984	0.011812	0.089676	3011200.000000
2015-04-14	0.002933	0.010971	0.018708	0.007161	0.186817	3041000.000000
2015-04-13	0.002942	0.018839	0.021705	0.010960	0.186817	3130500.000000
2015-04-10	-0.005617	0.018934	0.019171	0.007062	-0.358703	3812400.000000
2015-04-09	0.001289	0.011451	0.017394	0.009311	0.082203	2168000.000000
2015-04-08	0.000235	0.014898	0.017990	0.009310	0.014957	3097400.000000
2015-04-07	0.004237	0.011198	0.026720	0.010363	0.269013	3478300.000000
2015-04-06	0.009265	0.009601	0.028641	0.006347	0.582878	2160300.000000
2015-04-02	0.003457	0.016718	0.022160	0.010793	0.216716	2604300.000000
2015-04-01	-0.011778	0.013108	0.013825	-0.000276	-0.747276	3557600.000000
2015-03-31	-0.008178	0.012053	0.013475	0.005653	-0.523098	3315300.000000
2015-03-30	0.008839	0.016335	0.025303	0.016096	0.560452	2374900.000000
2015-03-27	0.006286	0.013459	0.022723	0.011895	0.396064	2796600.000000
2015-03-26	-0.000356	0.013339	0.021758	0.008888	-0.022419	3442700.000000
2015-03-25	-0.016843	0.015192	0.016966	-0.002546	-1.079837	5413400.000000
2015-03-24	-0.009680	0.013210	0.015553	0.006301	-0.626709	2845700.000000
2015-03-23	-0.004360	0.018936	0.020219	0.011474	-0.283532	3703000.000000
2015-03-20	0.001609	0.020109	0.022445	0.015554	0.104470	5148900.000000
2015-03-19	-0.003094	0.014042	0.019165	0.007639	-0.201454	3435800.000000
2015-03-18	0.011707	0.013076	0.033688	0.004242	0.753563	3670500.000000
2015-03-17	-0.006106	0.009582	0.012509	0.005602	-0.395432	2546700.000000
2015-03-16	0.018779	0.019597	0.035817	0.017569	1.193775	5333100.000000
2015-03-13	-0.004208	0.015900	0.016850	0.001886	-0.268608	3154900.000000
2015-03-12	0.014105	0.018547	0.032638	0.018306	0.887879	3077000.000000
2015-03-11	-0.003308	0.016738	0.018899	0.011937	-0.208912	2765600.000000
2015-03-10	-0.016727	0.006577	0.007876	-0.000859	-1.074402	2950900.000000
2015-03-09	0.010209	0.018046	0.028777	0.014588	0.649124	3093800.000000
2015-03-06	-0.012972	0.011783	0.013666	0.000956	-0.835655	3960600.000000
2015-03-05	0.002671	0.018616	0.021448	0.014368	0.171600	2987400.000000
2015-03-04	-0.010798	-0.000905	0.009835	-0.002539	-0.701332	6330000.000000
2015-03-03	-0.004802	0.013234	0.015325	0.006844	-0.313362	2152800.000000
2015-03-02	0.002177	0.015323	0.022658	0.015323	0.141762	2725000.000000
2015-02-27	-0.006036	0.014981	0.016717	0.009426	-0.395447	2923000.000000
2015-02-26	0.006764	0.015089	0.026390	0.013808	0.440193	2837600.000000
2015-02-25	0.002068	0.015554	0.023726	0.013569	0.134300	3077200.000000
2015-02-24	0.002073	0.012863	0.019297	0.012044	0.134323	3238600.000000
2015-02-23	-0.009352	0.011271	0.015559	0.005940	-0.611808	2554900.000000
2015-02-20	0.005043	0.015090	0.023825	0.008218	0.328277	5304300.000000
2015-02-19	-0.002402	0.011141	0.016719	0.010793	-0.156692	2914700.000000
2015-02-18	0.007489	0.016138	0.025152	0.011924	0.484985	2606400.000000
2015-02-17	-0.000115	0.015436	0.018011	0.012275	-0.007462	2531600.000000
2015-02-13	0.002425	0.013792	0.019893	0.011445	0.156701	2608700.000000
2015-02-12	0.010973	0.019104	0.027763	0.017680	0.701328	2695200.000000
2015-02-11	0.002340	0.015544	0.021608	0.012452	0.149216	2775300.000000
2015-02-10	0.011960	0.021793	0.029133	0.014694	0.753563	2558400.000000
2015-02-09	-0.004010	0.010266	0.019733	0.007989	-0.253666	2464400.000000
2015-02-06	-0.008072	0.015187	0.019942	0.004488	-0.514824	2607600.000000
2015-02-05	0.013517	0.022403	0.031319	0.021439	0.850574	2672800.000000
2015-02-04	-0.007998	0.009923	0.016855	0.005262	-0.507366	3778600.000000
2015-02-03	0.015286	0.027908	0.033005	0.022569	0.955029	5735400.000000
2015-02-02	0.016509	0.016878	0.033160	0.006517	1.014709	4550900.000000
2015-01-30	-0.018468	0.011053	0.013596	-0.003112	-1.156467	3908900.000000
2015-01-29	0.013035	0.022270	0.029997	0.008289	0.805790	3595100.000000
2015-01-28	-0.021148	0.021180	0.022141	-0.005472	-1.335534	5232800.000000
2015-01-27	0.011714	0.025855	0.035936	0.015652	0.731182	4739200.000000
2015-01-26	-0.005705	0.012756	0.016138	0.005027	-0.358131	4037800.000000
2015-01-23	-0.004260	0.016138	0.016619	0.011087	-0.268593	4991200.000000
2015-01-22	0.014893	0.024925	0.031882	0.014918	0.925183	5121500.000000
2015-01-21	0.003495	0.013566	0.024466	0.009770	0.216373	3989500.000000
2015-01-20	0.005209	0.022293	0.027341	0.014414	0.320812	4463800.000000
2015-01-16	0.006217	0.012917	0.023694	0.006476	0.380524	5606100.000000
2015-01-15	-0.011925	0.021523	0.023237	0.003776	-0.738655	5530600.000000
2015-01-14	-0.015768	0.005657	0.013006	-0.004341	-0.992325	6322400.000000
2015-01-13	-0.001421	0.026363	0.033701	0.006033	-0.089527	5059800.000000
2015-01-12	-0.012393	0.010317	0.014475	-0.000257	-0.790875	4024900.000000
2015-01-09	-0.006736	0.019678	0.020976	0.007287	-0.432758	2749800.000000
2015-01-08	0.015448	0.025724	0.033873	0.024766	0.977413	3904200.000000
2015-01-07	0.006051	0.025541	0.029037	0.019514	0.380520	4361800.000000
2015-01-06	-0.006834	0.019251	0.021765	0.000693	-0.432743	3807000.000000
2015-01-05	-0.009916	0.011041	0.014716	0.001083	-0.634197	3985000.000000
2015-01-02	0.000117	0.019695	0.023014	0.009025	0.007458	2722100.000000
2014-12-31	-0.006146	0.019908	0.022972	0.009540	-0.395443	2734600.000000
2014-12-30	-0.007366	0.015904	0.016489	0.004676	-0.477501	2397600.000000
2014-12-29	0.001730	0.010749	0.021059	0.009694	0.111923	1952600.000000
2014-12-26	-0.000692	0.017309	0.020938	0.014382	-0.044792	1558000.000000
2014-12-24	-0.003101	0.016255	0.016838	0.012987	-0.201424	1269600.000000
2014-12-23	0.001150	0.020111	0.022332	0.015788	0.074631	3756200.000000
2014-12-22	0.009157	0.022849	0.028391	0.019075	0.588730	3125500.000000
2014-12-19	0.003139	0.018489	0.024759	0.013403	0.201202	6568800.000000
2014-12-18	0.024541	0.031365	0.042273	0.026881	1.535225	4409100.000000
2014-12-17	0.020795	0.017801	0.041060	0.012605	1.274387	5728100.000000
2014-12-16	-0.013910	0.015843	0.024748	0.002545	-0.864490	5647200.000000
2014-12-15	-0.004417	0.024108	0.027144	0.006861	-0.275746	3633900.000000
2014-12-12	-0.002263	0.010521	0.025062	0.010399	-0.141594	3718100.000000
2014-12-11	0.009743	0.019999	0.037251	0.016940	0.603653	3677600.000000
2014-12-10	-0.014462	0.015256	0.015377	0.001509	-0.909214	4880300.000000
2014-12-09	-0.004484	0.004341	0.012985	0.002900	-0.283199	2886300.000000
2014-12-08	-0.001649	0.015868	0.021621	0.012872	-0.104328	3207900.000000
2014-12-05	0.003547	0.015262	0.022238	0.015142	0.223576	1867400.000000
2014-12-04	-0.003182	0.012391	0.015268	0.007355	-0.201210	2664600.000000
2014-12-03	0.015195	0.019497	0.034347	0.018037	0.946456	3380800.000000
2014-12-02	0.006140	0.021838	0.025267	0.017919	0.380085	3454400.000000
2014-12-01	-0.005864	0.011828	0.014506	0.005376	-0.365173	3881400.000000
2014-11-28	0.001318	0.017063	0.023524	0.016209	0.081970	2320600.000000
2014-11-26	0.000840	0.021699	0.021699	0.015354	0.052174	1994400.000000
2014-11-25	-0.001557	0.017063	0.018890	0.014870	-0.096886	2803600.000000
2014-11-24	-0.000957	0.017307	0.017672	0.011708	-0.059616	2034800.000000
2014-11-21	0.013089	0.029020	0.033458	0.026184	0.804871	3539600.000000
2014-11-20	-0.000727	0.009421	0.018292	0.004863	-0.044716	2153900.000000
2014-11-19	-0.000121	0.017307	0.019647	0.012010	-0.007443	1962000.000000
2014-11-18	0.002549	0.018912	0.023976	0.016195	0.156498	2508000.000000
2014-11-17	0.001702	0.016564	0.021265	0.013966	0.104332	2408800.000000
2014-11-14	-0.002063	0.014097	0.018294	0.013109	-0.126693	2557400.000000
2014-11-13	0.000486	0.016936	0.020147	0.012736	0.029804	5956300.000000
2014-11-12	0.011669	0.037800	0.038300	0.025304	0.707992	6164700.000000
2014-11-11	0.001476	0.020560	0.022312	0.012926	0.089432	2477400.000000
2014-11-10	0.001232	0.017181	0.021191	0.015051	0.074539	2599200.000000
2014-11-07	-0.000862	0.017557	0.018058	0.009419	-0.052181	2259300.000000
2014-11-06	0.006067	0.019826	0.024108	0.013780	0.365177	2129300.000000
2014-11-05	0.009751	0.026463	0.028498	0.015653	0.581295	2331800.000000
2014-11-04	0.000250	0.017434	0.020868	0.013236	0.014904	2490200.000000
2014-11-03	-0.005348	0.016674	0.017054	0.008829	-0.320453	3365000.000000
2014-10-31	0.008656	0.025730	0.029814	0.021646	0.514221	5442000.000000
2014-10-30	0.005170	0.013201	0.024875	0.010122	0.305549	2633300.000000
2014-10-29	-0.005518	0.014883	0.019603	0.007611	-0.327911	4647100.000000
2014-10-28	0.024015	0.024100	0.042129	0.023055	1.393631	4766700.000000
2014-10-27	-0.001154	0.010782	0.017437	0.009738	-0.067074	2191200.000000
2014-10-24	0.007756	0.016649	0.025723	0.013888	0.447151	2462800.000000
2014-10-23	0.023686	0.030230	0.047595	0.028480	1.333992	4276300.000000
2014-10-22	-0.008918	0.023711	0.023711	0.007834	-0.506763	4638600.000000
2014-10-21	0.020340	0.022207	0.039496	0.021799	1.132786	4200600.000000
2014-10-20	-0.000802	0.015130	0.018939	0.006425	-0.044720	3897300.000000
2014-10-17	0.008087	0.028413	0.034995	0.017855	0.447140	5370900.000000
2014-10-16	0.030703	0.014339	0.053487	0.006424	1.647018	9111500.000000
2014-10-15	-0.000278	-0.001203	0.022958	-0.009256	-0.014904	8177200.000000
2014-10-14	0.004184	0.021421	0.033765	0.015462	0.223576	6343500.000000
2014-10-13	-0.002226	0.022686	0.035710	0.013343	-0.119236	7898300.000000
2014-10-10	-0.012505	0.017307	0.023458	-0.004083	-0.678189	8159300.000000
2014-10-09	-0.024400	0.018398	0.018398	-0.007925	-1.356353	5572300.000000
2014-10-08	0.018016	0.020083	0.036328	0.012308	0.983730	4948600.000000
2014-10-07	-0.021632	0.014726	0.014726	-0.005243	-1.207306	3869800.000000
2014-10-06	-0.000667	0.021515	0.026266	0.013641	-0.037266	2600000.000000
2014-10-03	0.006852	0.027968	0.032615	0.022910	0.380078	5669900.000000
2014-10-02	-0.002011	0.016488	0.020171	0.007076	-0.111782	6061400.000000
2014-10-01	-0.018426	0.013558	0.017039	-0.003179	-1.043351	4149400.000000
2014-09-30	0.002507	0.016501	0.035561	0.015293	0.141594	6947500.000000
2014-09-29	-0.001581	0.008194	0.018245	0.004307	-0.089431	4013400.000000
2014-09-26	0.003570	0.018114	0.022686	0.015424	0.201221	4020900.000000
2014-09-25	-0.026888	0.012857	0.014035	-0.010178	-1.557583	5020300.000000
2014-09-24	0.005303	0.019017	0.025201	0.015202	0.305561	4179600.000000
2014-09-23	-0.009468	0.016277	0.017971	0.008848	-0.550773	2779700.000000
2014-09-22	-0.016237	0.015032	0.015032	0.000673	-0.960137	2767700.000000
2014-09-19	0.001134	0.024912	0.026837	0.018366	0.066986	6362100.000000
2014-09-18	0.008002	0.019528	0.027679	0.018364	0.468907	3736700.000000
2014-09-17	0.014954	0.021643	0.040552	0.020198	0.863373	5555700.000000
2014-09-16	0.012267	0.016097	0.032314	0.012242	0.699638	4082000.000000
2014-09-15	-0.003252	0.020610	0.027632	0.014250	-0.186077	5486300.000000
2014-09-12	-0.005176	0.018227	0.018622	0.012559	-0.297718	2521500.000000
2014-09-11	0.004550	0.015180	0.023919	0.013591	0.260502	2175000.000000
2014-09-10	0.004702	0.019155	0.026072	0.017425	0.267952	2276100.000000
2014-09-09	-0.006230	0.017961	0.018755	0.009236	-0.357266	2607500.000000
2014-09-08	-0.001167	0.016906	0.021791	0.014529	-0.066990	2591900.000000
2014-09-05	0.011805	0.015817	0.031582	0.014748	0.669861	2814400.000000
2014-09-04	-0.004570	0.019287	0.023277	0.011175	-0.260502	2984700.000000
2014-09-03	0.002224	0.026620	0.026620	0.019022	0.126526	3196700.000000
2014-09-02	-0.002480	0.019420	0.022877	0.013304	-0.141407	3034300.000000
2014-08-29	0.003668	0.022092	0.022893	0.014485	0.208397	1982300.000000
2014-08-28	-0.004175	0.014636	0.016629	0.009718	-0.238175	2562500.000000
2014-08-27	-0.008793	0.015066	0.018622	0.008084	-0.506111	1476800.000000
2014-08-26	-0.000259	0.020334	0.021783	0.017306	-0.014885	2572900.000000
2014-08-25	0.004024	0.022457	0.024969	0.019945	0.230725	1883700.000000
2014-08-22	-0.005294	0.014414	0.017965	0.012704	-0.305149	2691400.000000
2014-08-21	0.003368	0.019282	0.022845	0.015059	0.193508	2334700.000000
2014-08-20	0.007176	0.018489	0.028059	0.015831	0.409355	3245200.000000
2014-08-19	0.004588	0.018889	0.024097	0.016353	0.260509	2195800.000000
2014-08-18	0.015170	0.024315	0.036243	0.021604	0.848496	2709400.000000
2014-08-15	0.003606	0.025424	0.030457	0.015494	0.200947	6283500.000000
2014-08-14	0.001337	0.015353	0.020257	0.013446	0.074432	3391500.000000
2014-08-13	0.005919	0.024925	0.027529	0.020267	0.327484	2682300.000000
2014-08-12	-0.011568	0.015507	0.016185	0.004401	-0.647526	4511300.000000
2014-08-11	0.004541	0.021752	0.028282	0.020799	0.253056	3241000.000000
2014-08-08	0.012304	0.020826	0.031844	0.016419	0.677311	2903100.000000
2014-08-07	-0.001485	0.023161	0.028111	0.014772	-0.081882	3771000.000000
2014-08-06	0.006933	0.020146	0.028454	0.016407	0.379596	5776400.000000
2014-08-05	-0.005946	0.011740	0.024541	0.006922	-0.327495	4475700.000000
2014-08-04	0.008999	0.019039	0.028900	0.014733	0.491233	3752900.000000
2014-08-01	-0.007309	0.018898	0.019312	0.006765	-0.401916	6803600.000000
2014-07-31	-0.003910	0.012854	0.016974	0.006537	-0.215843	6681300.000000
2014-07-30	0.001215	0.021235	0.023847	0.012022	0.066974	5692100.000000
2014-07-29	-0.015024	0.017133	0.019841	0.001422	-0.841034	6753800.000000
2014-07-28	-0.006342	0.016469	0.017815	0.009067	-0.357261	3621500.000000
2014-07-25	-0.003686	0.013527	0.018220	0.012321	-0.208401	2595200.000000
2014-07-24	0.004761	0.020104	0.026436	0.013772	0.267944	4367400.000000
2014-07-23	-0.002507	0.021310	0.022788	0.013382	-0.141410	4790400.000000
2014-07-22	0.008649	0.021604	0.033261	0.021604	0.483791	7100100.000000
2014-07-21	0.000532	0.015910	0.020928	0.011299	0.029766	5396400.000000
2014-07-18	0.014041	0.024811	0.037463	0.015184	0.774056	7630400.000000
2014-07-17	-0.056433	-0.017581	-0.016413	-0.039900	-3.297204	13200500.000000
2014-07-16	0.003323	0.020705	0.024741	0.013935	0.193520	3437800.000000
2014-07-15	-0.007232	0.016425	0.022888	0.009316	-0.424236	3698700.000000
2014-07-14	0.005486	0.023431	0.028369	0.019402	0.320030	3192600.000000
2014-07-11	0.004872	0.018622	0.023846	0.015488	0.282833	2447900.000000
2014-07-10	-0.003704	0.010165	0.019143	0.008084	-0.215843	2979200.000000
2014-07-09	0.001279	0.021358	0.023182	0.016277	0.074428	3087700.000000
2014-07-08	-0.004076	0.017585	0.020179	0.011876	-0.238163	3750400.000000
2014-07-07	-0.011832	0.017212	0.017981	0.004904	-0.699642	3427900.000000
2014-07-03	0.008633	0.024959	0.030261	0.022761	0.506119	2725500.000000
2014-07-02	-0.009182	0.015163	0.018366	0.006578	-0.543331	3379100.000000
2014-07-01	0.009780	0.024186	0.031431	0.023668	0.573105	3590400.000000
2014-06-30	-0.005809	0.020166	0.020423	0.010519	-0.342373	4072900.000000
2014-06-27	0.001138	0.017077	0.021456	0.014244	0.066986	3331900.000000
2014-06-26	-0.004906	0.017725	0.020416	0.008243	-0.290276	2622800.000000
2014-06-25	0.004296	0.017593	0.024800	0.011415	0.253056	2747600.000000
2014-06-24	-0.013444	0.019909	0.019909	0.006197	-0.802811	3678900.000000
2014-06-23	-0.004338	0.019404	0.020162	0.013968	-0.260174	2703500.000000
2014-06-20	0.007241	0.021310	0.027677	0.016472	0.431145	6036100.000000
2014-06-19	-0.007066	0.017887	0.020794	0.011059	-0.423706	4345700.000000
2014-06-18	0.006237	0.020927	0.026906	0.015202	0.371670	2436300.000000
2014-06-17	0.001249	0.021310	0.023476	0.017999	0.074329	2154800.000000
2014-06-16	-0.002491	0.017622	0.020799	0.015081	-0.148662	3143400.000000
2014-06-13	0.001747	0.018509	0.024492	0.017237	0.104068	2279100.000000
2014-06-12	0.000499	0.015325	0.022711	0.015070	0.029736	3528700.000000
2014-06-11	-0.004227	0.018134	0.019529	0.013823	-0.252739	2579400.000000
2014-06-10	-0.001490	0.016491	0.020416	0.012692	-0.089210	1841400.000000
2014-06-09	0.002240	0.017371	0.029681	0.017117	0.133800	4058200.000000
2014-06-06	0.010943	0.020551	0.032610	0.019781	0.646713	3688400.000000
2014-06-05	0.013643	0.020039	0.038375	0.013407	0.795395	3897900.000000
2014-06-04	-0.004569	0.016673	0.018227	0.009683	-0.267608	3257400.000000
2014-06-03	0.001908	0.015889	0.022763	0.014462	0.111507	2733700.000000
2014-06-02	0.002678	0.022120	0.025371	0.012107	0.156101	2406100.000000
2014-05-30	-0.001528	0.017183	0.019520	0.013028	-0.089199	4487700.000000
2014-05-29	-0.001652	0.019909	0.021983	0.012780	-0.096641	3134900.000000
2014-05-28	0.000381	0.020817	0.024967	0.016408	0.022304	2958300.000000
2014-05-27	0.002933	0.026802	0.027453	0.020560	0.170963	3384100.000000
2014-05-23	0.004998	0.019517	0.025530	0.016119	0.289910	2859400.000000
2014-05-22	0.022942	0.033949	0.049592	0.025659	1.300873	8946200.000000
2014-05-21	0.019786	0.024409	0.040771	0.024409	1.100147	4151400.000000
2014-05-20	-0.013453	0.019640	0.021658	0.003095	-0.758217	3076500.000000
2014-05-19	0.006638	0.017066	0.031690	0.016118	0.371681	3121600.000000
2014-05-16	0.004669	0.020046	0.025895	0.015556	0.260178	4231700.000000
2014-05-15	-0.003191	0.015434	0.018146	0.006891	-0.178414	4019500.000000
2014-05-14	-0.005553	0.016808	0.027327	0.012492	-0.312198	4078800.000000
2014-05-13	0.007460	0.024664	0.031593	0.020725	0.416267	3746300.000000
2014-05-12	0.014048	0.022527	0.034926	0.022527	0.773087	3653100.000000
2014-05-09	0.010373	0.017961	0.030906	0.013228	0.564956	5644600.000000
2014-05-08	0.006318	0.019489	0.034057	0.017108	0.341935	3763200.000000
2014-05-07	0.003445	0.023002	0.024829	0.014428	0.185840	4129100.000000
2014-05-06	-0.006028	0.016975	0.020468	0.013483	-0.327080	2691800.000000
2014-05-05	-0.003685	0.016151	0.019353	0.010722	-0.200695	2560300.000000
2014-05-02	-0.004619	0.020325	0.021849	0.013674	-0.252750	3463400.000000
2014-05-01	0.003134	0.019909	0.028944	0.018242	0.170975	4759300.000000
2014-04-30	-0.000273	0.017964	0.020604	0.013934	-0.014874	4372200.000000
2014-04-29	-0.001360	0.020048	0.021991	0.012000	-0.074329	5475800.000000
2014-04-28	0.006160	0.023120	0.027588	0.015442	0.334499	6213200.000000
2014-04-25	-0.008281	0.019217	0.021571	0.008417	-0.453430	3204300.000000
2014-04-24	0.003816	0.024496	0.027276	0.019631	0.208134	3678000.000000
2014-04-23	-0.002311	0.019216	0.022128	0.015195	-0.126374	4210500.000000
2014-04-22	-0.013811	0.018542	0.019909	0.005277	-0.765647	5662700.000000
2014-04-21	0.023747	0.027049	0.045670	0.023549	1.285991	7684000.000000
2014-04-17	-0.010862	0.010908	0.017001	0.001076	-0.594677	10285800.000000
2014-04-16	0.008904	0.030947	0.032064	0.017953	0.483177	5374500.000000
2014-04-15	0.005648	0.021314	0.026935	0.008107	0.304772	5046200.000000
2014-04-14	-0.002885	0.028736	0.028736	0.007301	-0.156101	5905200.000000
2014-04-11	-0.017941	0.013443	0.016883	0.001336	-0.988652	3608300.000000
2014-04-10	-0.020093	0.019775	0.019909	-0.000988	-1.129894	3192300.000000
2014-04-09	0.021883	0.033273	0.043055	0.024731	1.204224	4055500.000000
2014-04-08	0.002709	0.017837	0.026955	0.012726	0.148666	3102800.000000
2014-04-07	-0.020822	0.016528	0.017475	-0.004033	-1.167053	2979000.000000
2014-04-04	-0.005802	0.028382	0.031475	0.012648	-0.327068	3415500.000000
2014-04-03	0.005302	0.021532	0.026264	0.015042	0.297336	2858800.000000
2014-04-02	0.002392	0.021536	0.026143	0.018283	0.133801	3042100.000000
2014-04-01	0.003467	0.020997	0.023717	0.014742	0.193271	3062800.000000
2014-03-31	0.015297	0.029022	0.035511	0.024742	0.839985	2807000.000000
2014-03-28	0.005855	0.026020	0.033519	0.021993	0.319645	2665100.000000
2014-03-27	0.001090	0.016434	0.025192	0.014209	0.059460	4468600.000000
2014-03-26	-0.013050	0.027868	0.029240	0.006600	-0.721047	3976600.000000
2014-03-25	0.001480	0.027328	0.031588	0.017709	0.081662	2327700.000000
2014-03-24	-0.013015	0.024944	0.025215	0.002700	-0.727505	2211900.000000
2014-03-21	0.007358	0.029616	0.039999	0.025107	0.408291	5422200.000000
2014-03-20	0.005109	0.020320	0.029658	0.016750	0.282085	2088500.000000
2014-03-19	-0.011825	0.020739	0.024131	0.003369	-0.660683	2492300.000000
2014-03-18	0.005478	0.023601	0.029468	0.022919	0.304371	1861600.000000
2014-03-17	0.014365	0.028479	0.039828	0.028064	0.786892	3270800.000000
2014-03-14	-0.008599	0.019635	0.024437	0.011402	-0.475113	3669500.000000
2014-03-13	-0.018333	0.026131	0.026400	0.000942	-1.031860	3284100.000000
2014-03-12	-0.007981	0.014066	0.016471	0.008721	-0.452839	2873900.000000
2014-03-11	-0.009332	0.022870	0.024062	0.010294	-0.534492	2768400.000000
2014-03-10	-0.003616	0.020886	0.020886	0.012840	-0.207859	2956100.000000
2014-03-07	0.007154	0.028056	0.030315	0.021946	0.408290	3720300.000000
2014-03-06	0.006546	0.023822	0.030775	0.022084	0.371190	3021600.000000
2014-03-05	0.000131	0.022084	0.025561	0.016735	0.007411	3320300.000000
2014-03-04	0.010319	0.033036	0.036279	0.029523	0.579033	4219300.000000
2014-03-03	-0.011766	0.011268	0.016074	0.006061	-0.668113	3629300.000000
2014-02-28	-0.007010	0.020884	0.028043	0.010808	-0.400868	5017400.000000
2014-02-27	0.002734	0.015166	0.025403	0.014767	0.155895	3374100.000000
2014-02-26	0.000000	0.021681	0.026334	0.017692	0.000000	3528000.000000
2014-02-25	0.003396	0.019681	0.028085	0.016613	0.192997	3503000.000000
2014-02-24	0.005384	0.024366	0.033888	0.023293	0.304367	3515300.000000
2014-02-21	0.000526	0.019671	0.024099	0.015377	0.029698	3529300.000000
2014-02-20	0.011026	0.024131	0.035526	0.018026	0.616154	3138400.000000
2014-02-19	-0.008691	0.018726	0.028678	0.011330	-0.489956	3429100.000000
2014-02-18	-0.006411	0.017540	0.023286	0.013398	-0.363747	3104100.000000
2014-02-14	0.002755	0.020478	0.026373	0.016056	0.155888	2973500.000000
2014-02-13	0.008868	0.012765	0.031690	0.010873	0.497379	3174900.000000
2014-02-12	0.002122	0.025481	0.029274	0.020875	0.118778	2762200.000000
2014-02-11	0.004263	0.025363	0.032301	0.022098	0.237557	3325000.000000
2014-02-10	-0.000666	0.023185	0.023185	0.013804	-0.037125	4141700.000000
2014-02-07	0.019129	0.029318	0.043173	0.023221	1.046719	4158400.000000
2014-02-06	0.016830	0.018605	0.038751	0.016351	0.905670	3931100.000000
2014-02-05	-0.006033	0.016660	0.021002	0.006718	-0.326637	3593400.000000
2014-02-04	0.005099	0.024941	0.032682	0.017904	0.274673	4525300.000000
2014-02-03	-0.024600	0.023204	0.031441	-0.004666	-1.358505	5571700.000000
2014-01-31	-0.012085	0.007312	0.017348	0.002700	-0.675541	4247000.000000
2014-01-30	0.002263	0.025495	0.028758	0.017475	0.126194	4365000.000000
2014-01-29	-0.001064	0.011912	0.028886	0.011776	-0.059380	5055700.000000
2014-01-28	0.014980	0.033272	0.055324	0.021833	0.824009	5764500.000000
2014-01-27	-0.000405	0.024864	0.030374	0.014669	-0.022270	4740600.000000
2014-01-24	-0.038646	0.011083	0.014395	-0.018319	-2.212204	5300400.000000
2014-01-23	-0.010649	0.011585	0.013682	0.005033	-0.616161	2405400.000000
2014-01-22	-0.000769	0.021936	0.024031	0.009498	-0.044525	3433000.000000
2014-01-21	0.001669	0.030856	0.033479	0.018659	0.096496	6464600.000000
2014-01-17	-0.008405	0.022582	0.022582	0.009967	-0.489967	3479900.000000
2014-01-16	0.004092	0.021282	0.026897	0.019062	0.237560	3320700.000000
2014-01-15	-0.000639	0.022195	0.022717	0.013843	-0.037109	3734300.000000
2014-01-14	0.027708	0.040862	0.050116	0.031340	1.566352	6122900.000000
2014-01-13	-0.019696	0.016549	0.019573	0.000377	-1.135787	3392400.000000
2014-01-10	0.002581	0.022863	0.024577	0.013241	0.148471	2726600.000000
2014-01-09	0.012016	0.028752	0.034754	0.021548	0.682949	4068500.000000
2014-01-08	0.000523	0.019547	0.026620	0.018078	0.029702	3002700.000000
2014-01-07	0.008301	0.024781	0.030433	0.021954	0.467682	2646400.000000
2014-01-06	-0.008751	0.026484	0.029952	0.011810	-0.497384	2579700.000000
2014-01-03	0.001439	0.021282	0.028095	0.019678	0.081665	1570600.000000
2014-01-02	-0.009715	0.014138	0.018768	0.006730	-0.556766	2651700.000000
2013-12-31	0.004947	0.025137	0.028062	0.021681	0.282104	1390300.000000
2013-12-30	-0.002985	0.020486	0.022342	0.015582	-0.170749	1281200.000000
2013-12-27	0.001690	0.024601	0.027522	0.019556	0.096508	1102100.000000
2013-12-26	0.002019	0.024408	0.025206	0.021215	0.115055	2522900.000000
2013-12-24	0.000652	0.019750	0.027205	0.019750	0.037113	1413800.000000
2013-12-23	0.002613	0.027220	0.032025	0.020279	0.148422	2966800.000000
2013-12-20	-0.000522	0.018279	0.028284	0.017612	-0.029682	4522100.000000
2013-12-19	-0.003643	0.017361	0.019089	0.009917	-0.207798	3187200.000000
2013-12-18	0.028090	0.021614	0.052361	0.019564	1.558445	4387100.000000
2013-12-17	-0.007303	0.024192	0.027312	0.011169	-0.408165	2964500.000000
2013-12-16	0.017565	0.024789	0.042734	0.022995	0.964741	4607500.000000
2013-12-13	-0.003232	0.021889	0.023540	0.013359	-0.178108	3557000.000000
2013-12-12	0.004328	0.007243	0.030873	0.007104	0.237468	5235100.000000
2013-12-11	-0.016234	0.021343	0.024061	0.001359	-0.905357	4073900.000000
2013-12-10	-0.003051	0.017006	0.020936	0.010365	-0.170696	2409900.000000
2013-12-09	0.003461	0.028414	0.030590	0.020254	0.192951	2675000.000000
2013-12-06	0.020098	0.033268	0.044505	0.030632	1.098324	2418100.000000
2013-12-05	-0.000272	0.015789	0.027023	0.013015	-0.014847	2509200.000000
2013-12-04	-0.001491	0.016352	0.028815	0.009704	-0.081631	2463400.000000
2013-12-03	-0.010728	0.017641	0.019970	0.007503	-0.593692	3117000.000000
2013-12-02	-0.003075	0.018746	0.027897	0.015605	-0.170678	3260100.000000
2013-11-29	-0.007431	0.021207	0.024054	0.013073	-0.415596	1771900.000000
2013-11-27	-0.000133	0.026358	0.029205	0.019039	-0.007412	1867500.000000
2013-11-26	0.011406	0.028606	0.040396	0.028194	0.630787	4777000.000000
2013-11-25	-0.001741	0.026404	0.026404	0.017646	-0.096458	1837200.000000
2013-11-22	0.004305	0.022851	0.027112	0.020377	0.237461	2557100.000000
2013-11-21	0.007318	0.027291	0.030060	0.022999	0.400745	2383400.000000
2013-11-20	-0.004586	0.021063	0.026851	0.013483	-0.252315	2920100.000000
2013-11-19	-0.005634	0.021203	0.024355	0.014351	-0.311688	2325100.000000
2013-11-18	0.000806	0.022026	0.028472	0.020106	0.044529	3720800.000000
2013-11-15	0.000672	0.017909	0.025731	0.016262	0.037110	4302300.000000
2013-11-14	0.009219	0.027570	0.037958	0.025077	0.504623	3841000.000000
2013-11-13	-0.001894	0.017329	0.020785	0.015117	-0.103889	3421800.000000
2013-11-12	-0.006186	0.019828	0.020927	0.008150	-0.341374	2996600.000000
2013-11-11	-0.003217	0.021614	0.023942	0.014219	-0.178104	2319400.000000
2013-11-08	0.038853	0.029439	0.061876	0.029439	2.070488	6154900.000000
2013-11-07	-0.016032	0.022734	0.025814	0.003696	-0.868275	2337500.000000
2013-11-06	0.005373	0.025977	0.035829	0.023303	0.289425	2276300.000000
2013-11-05	-0.002199	0.020350	0.021895	0.014733	-0.118736	1810900.000000
2013-11-04	0.001652	0.021755	0.024709	0.013597	0.089058	2529000.000000
2013-11-01	0.007491	0.024307	0.031392	0.020906	0.400737	3013900.000000
2013-10-31	0.000694	0.025017	0.029130	0.018352	0.037094	1931900.000000
2013-10-30	-0.006893	0.021614	0.025557	0.014150	-0.371047	2058500.000000
2013-10-29	0.005266	0.021331	0.027136	0.017367	0.282005	3016800.000000
2013-10-28	0.000693	0.022039	0.026148	0.016231	0.037105	2113900.000000
2013-10-25	0.000833	0.019204	0.024025	0.013674	0.044533	2272500.000000
2013-10-24	0.002086	0.022325	0.026445	0.016215	0.111313	2628800.000000
2013-10-23	-0.004707	0.021473	0.025291	0.013977	-0.252327	2678800.000000
2013-10-22	0.004310	0.022892	0.029426	0.020478	0.230053	3027100.000000
2013-10-21	-0.000972	0.024878	0.025871	0.018351	-0.051941	3447300.000000
2013-10-18	-0.004287	0.026983	0.026983	0.012290	-0.230049	5531700.000000
2013-10-17	0.045698	0.049093	0.072436	0.039786	2.345058	7771200.000000
2013-10-16	0.001884	0.024723	0.027535	0.018358	0.096482	6263100.000000
2013-10-15	-0.007621	0.019411	0.023817	0.013535	-0.393330	3208300.000000
2013-10-14	0.001584	0.014699	0.025586	0.012787	0.081642	2027500.000000
2013-10-11	0.006669	0.020726	0.029464	0.015690	0.341370	1896800.000000
2013-10-10	0.027405	0.033330	0.050525	0.031961	1.365475	3561900.000000
2013-10-09	-0.002526	0.021159	0.022980	0.014329	-0.126160	3861100.000000
2013-10-08	-0.008105	0.021915	0.031550	0.012581	-0.408150	3929900.000000
2013-10-07	-0.009632	0.015054	0.018185	0.009835	-0.489792	2262200.000000
2013-10-04	0.007795	0.021915	0.034987	0.019060	0.393315	2593000.000000
2013-10-03	-0.016491	0.017181	0.019397	-0.002622	-0.846009	3360000.000000
2013-10-02	-0.004894	0.017055	0.017055	0.005585	-0.252311	3105700.000000
2013-10-01	0.002164	0.023530	0.026330	0.018519	0.111313	3222000.000000
2013-09-30	-0.007872	0.013719	0.020445	0.010356	-0.408154	3525500.000000
2013-09-27	0.001433	0.019711	0.025714	0.016636	0.074211	3134200.000000
2013-09-26	0.003019	0.022495	0.030132	0.018677	0.155834	2266100.000000
2013-09-25	0.009359	0.025098	0.034289	0.020058	0.478665	3432800.000000
2013-09-24	-0.008771	0.022572	0.023454	0.012286	-0.452530	3114500.000000
2013-09-23	-0.000287	0.017872	0.024629	0.017137	-0.014832	2846600.000000
2013-09-20	-0.010103	0.022566	0.028383	0.011660	-0.526710	6759000.000000
2013-09-19	-0.002979	0.026189	0.028509	0.018070	-0.155789	5248300.000000
2013-09-18	0.006569	0.021547	0.029574	0.016877	0.341259	3559400.000000
2013-09-17	-0.001141	0.023151	0.027669	0.018195	-0.059364	3432000.000000
2013-09-16	0.005017	0.031507	0.034877	0.023596	0.259659	3707700.000000
2013-09-13	0.004464	0.024486	0.026841	0.015510	0.229965	3255000.000000
2013-09-12	0.002020	0.022132	0.025523	0.018151	0.103855	3295300.000000
2013-09-11	0.012416	0.023030	0.034674	0.021089	0.630570	2753000.000000
2013-09-10	0.011973	0.029991	0.041473	0.028179	0.600895	3072000.000000
2013-09-09	0.012270	0.024890	0.036054	0.024890	0.608306	1805500.000000
2013-09-06	-0.005802	0.023505	0.027610	0.009670	-0.289318	2599400.000000
2013-09-05	0.003134	0.020917	0.028238	0.016799	0.155781	1826600.000000
2013-09-04	0.017307	0.019192	0.041689	0.019192	0.845703	2787500.000000
2013-09-03	0.005342	0.031500	0.038831	0.023389	0.259644	2234100.000000
2013-08-30	-0.001372	0.024010	0.025256	0.016377	-0.066765	2021400.000000
2013-08-29	0.004901	0.018854	0.036385	0.014002	0.237385	1700900.000000
2013-08-28	-0.001682	0.020266	0.026829	0.016672	-0.081604	2076700.000000
2013-08-27	-0.018607	0.008489	0.011096	0.000821	-0.919880	3179900.000000
2013-08-26	-0.010395	0.020315	0.024261	0.011058	-0.519283	2126300.000000
2013-08-23	0.000743	0.022440	0.025782	0.016821	0.037082	2350300.000000
2013-08-22	0.016773	0.025382	0.042987	0.023220	0.823448	2210500.000000
2013-08-21	-0.002111	0.020752	0.027378	0.017824	-0.103855	2554700.000000
2013-08-20	-0.008076	0.022596	0.022596	0.012202	-0.400589	3152900.000000
2013-08-19	0.001948	0.018462	0.030408	0.017850	0.096432	2575200.000000
2013-08-16	0.003308	0.021985	0.026902	0.018911	0.163200	2872300.000000
2013-08-15	-0.002400	0.018459	0.028423	0.009875	-0.118690	3190900.000000
2013-08-14	-0.014195	0.018509	0.019265	0.005664	-0.712170	2287600.000000
2013-08-13	0.016687	0.022138	0.040421	0.021216	0.823445	2321900.000000
2013-08-12	-0.007016	0.015120	0.020307	0.011916	-0.348664	2785700.000000
2013-08-09	-0.005049	0.021074	0.023048	0.015762	-0.252212	2054000.000000
2013-08-08	-0.002371	0.026679	0.029404	0.018047	-0.118714	2692300.000000
2013-08-07	0.006562	0.021223	0.029758	0.018174	0.326416	3086300.000000
2013-08-06	-0.001043	0.021985	0.022746	0.016808	-0.051921	2652100.000000
2013-08-05	-0.001636	0.020009	0.022441	0.016816	-0.081604	2100900.000000
2013-08-02	-0.006062	0.021834	0.021834	0.011862	-0.304161	2737100.000000
2013-08-01	0.004455	0.029269	0.034885	0.026538	0.222557	3677500.000000
2013-07-31	0.002531	0.022441	0.034309	0.021985	0.126113	3128400.000000
2013-07-30	-0.000298	0.026091	0.032176	0.021224	-0.014843	2780800.000000
2013-07-29	0.007044	0.018155	0.029950	0.014326	0.348671	2829700.000000
2013-07-26	-0.008324	0.014542	0.017732	0.010592	-0.415435	3133200.000000
2013-07-25	-0.005175	0.014731	0.018962	0.009895	-0.259648	4091600.000000
2013-07-24	-0.003977	0.023490	0.025446	0.014308	-0.200302	3523500.000000
2013-07-23	-0.003960	0.023184	0.025433	0.017037	-0.200287	3260900.000000
2013-07-22	-0.007570	0.022877	0.024811	0.009487	-0.385765	3661600.000000
2013-07-19	0.013875	0.025756	0.041142	0.020778	0.697338	3879100.000000
2013-07-18	-0.009648	0.015860	0.026018	-0.001619	-0.489620	7251900.000000
2013-07-17	0.004995	0.025138	0.030392	0.023036	0.252236	4244500.000000
2013-07-16	-0.004825	0.021985	0.027812	0.008986	-0.244820	3325900.000000
2013-07-15	0.003080	0.026781	0.028579	0.021086	0.155796	4609600.000000
2013-07-12	-0.002341	0.021536	0.023181	0.010920	-0.118702	4009200.000000
2013-07-11	0.008112	0.033742	0.040073	0.021985	0.408016	5616300.000000
2013-07-10	0.017712	0.021678	0.042234	0.021678	0.875374	6201100.000000
2013-07-09	0.033830	0.036258	0.057351	0.036258	1.617210	6204400.000000
2013-07-08	-0.002477	0.027522	0.029262	0.017397	-0.118694	3678600.000000
2013-07-05	0.015244	0.030658	0.037885	0.028249	0.719589	2308900.000000
2013-07-03	-0.000785	0.016047	0.025676	0.013639	-0.037094	1449700.000000
2013-07-02	-0.015765	0.020247	0.023090	0.002398	-0.756679	4284900.000000
2013-07-01	0.022117	0.029089	0.051853	0.026828	1.038578	4959300.000000
2013-06-28	-0.005343	0.018612	0.023269	0.012188	-0.252239	5570700.000000
2013-06-27	0.004578	0.028760	0.030857	0.017790	0.215145	3338100.000000
2013-06-26	0.017262	0.030928	0.044713	0.029123	0.797470	4347600.000000
2013-06-25	0.010380	0.029193	0.035328	0.020903	0.474594	4103000.000000
2013-06-24	-0.007245	0.014658	0.025358	0.007909	-0.333691	4102800.000000
2013-06-21	-0.002409	0.027814	0.032576	0.012706	-0.111233	7884100.000000
2013-06-20	-0.022299	0.011317	0.015170	-0.002972	-1.052990	4312200.000000
2013-06-19	-0.010566	0.022395	0.029385	0.011275	-0.504253	4613400.000000
2013-06-18	0.015623	0.021588	0.042239	0.017716	0.734131	3908900.000000
2013-06-17	0.013596	0.030244	0.041528	0.029754	0.630306	4052700.000000
2013-06-14	0.000640	0.021413	0.028122	0.016504	0.029659	2794300.000000
2013-06-13	0.017590	0.022728	0.043709	0.018565	0.800873	2964900.000000
2013-06-12	-0.013021	0.026010	0.026010	0.008425	-0.600658	3492100.000000
2013-06-11	-0.001284	0.012054	0.025513	0.010085	-0.059315	3021400.000000
2013-06-10	0.003060	0.024370	0.030956	0.020255	0.140892	3284700.000000
2013-06-07	0.027635	0.031193	0.051833	0.023917	1.238377	4465600.000000
2013-06-06	-0.000165	0.023410	0.025101	0.009031	-0.007416	6119600.000000
2013-06-05	-0.021848	0.020575	0.022229	-0.003086	-1.001083	4562900.000000
2013-06-04	-0.009299	0.020100	0.028952	0.007150	-0.430088	3902700.000000
2013-06-03	0.008897	0.023056	0.032318	0.021568	0.407840	4153200.000000
2013-05-31	-0.010880	0.017651	0.026321	0.011271	-0.504245	3558000.000000
2013-05-30	0.004661	0.025846	0.033735	0.020423	0.215038	2767600.000000
2013-05-29	-0.006071	0.014391	0.020598	0.011124	-0.281777	2774700.000000
2013-05-28	0.007890	0.032602	0.040670	0.028486	0.363354	2612600.000000
2013-05-24	-0.004648	0.016004	0.022395	0.011251	-0.215050	3017200.000000
2013-05-23	-0.005895	0.015064	0.021581	0.012946	-0.274360	3723100.000000
2013-05-22	-0.016917	0.022235	0.025598	0.000615	-0.800873	3720800.000000
2013-05-21	-0.003590	0.021278	0.027501	0.017448	-0.170555	3101700.000000
2013-05-20	0.012964	0.021263	0.035973	0.019970	0.608066	4717700.000000
2013-05-17	0.015738	0.030276	0.039963	0.030112	0.726712	5061100.000000
2013-05-16	0.003384	0.017453	0.035410	0.017123	0.155723	6151900.000000
2013-05-15	0.003395	0.020742	0.027189	0.017932	0.155720	5213400.000000
2013-05-14	0.004059	0.023889	0.030362	0.022727	0.185394	5114800.000000
2013-05-13	-0.004847	0.018761	0.023386	0.016944	-0.222469	3036400.000000
2013-05-10	0.002591	0.022064	0.025872	0.018917	0.118645	1927400.000000
2013-05-09	0.001622	0.021897	0.030357	0.019244	0.074161	2648800.000000
2013-05-08	0.001788	0.021896	0.025552	0.019404	0.081562	2740400.000000
2013-05-07	0.003588	0.025730	0.030066	0.020894	0.163140	2331000.000000
2013-05-06	0.008388	0.022227	0.033325	0.018023	0.378185	2742300.000000
2013-05-03	0.005624	0.033048	0.036430	0.024931	0.252125	4975200.000000
2013-05-02	0.005321	0.025625	0.031065	0.021715	0.237304	3288700.000000
2013-05-01	-0.013128	0.017865	0.029777	0.008302	-0.593242	3782600.000000
2013-04-30	0.011788	0.023413	0.044462	0.019849	0.526504	6733400.000000
2013-04-29	0.004838	0.023418	0.030412	0.021371	0.215042	2774200.000000
2013-04-26	-0.008273	0.021380	0.027639	0.013768	-0.370773	3467200.000000
2013-04-25	0.008006	0.023930	0.038764	0.020178	0.355949	3455700.000000
2013-04-24	0.014723	0.025336	0.042811	0.021357	0.645131	5005200.000000
2013-04-23	0.001695	0.028634	0.031581	0.013729	0.074161	5807500.000000
2013-04-22	-0.001861	0.022741	0.027931	0.012015	-0.081570	3144200.000000
2013-04-19	0.018088	0.027855	0.041945	0.023804	0.778618	4657500.000000
2013-04-18	-0.028289	-0.008068	0.002200	-0.014058	-1.253208	11990700.000000
2013-04-17	-0.020013	0.017364	0.018370	-0.000750	-0.904674	4499300.000000
2013-04-16	0.017526	0.028027	0.040655	0.025126	0.778625	2932600.000000
2013-04-15	-0.026803	0.017745	0.022727	-0.005009	-1.223560	3803700.000000
2013-04-12	-0.006135	0.019754	0.023055	0.009520	-0.281788	2218800.000000
2013-04-11	0.002590	0.021898	0.028022	0.018589	0.118648	3124500.000000
2013-04-10	0.020482	0.025772	0.044349	0.021213	0.919518	3106700.000000
2013-04-09	-0.003785	0.023236	0.023741	0.012637	-0.170548	3419500.000000
2013-04-08	0.003633	0.022057	0.028305	0.019693	0.163128	2254500.000000
2013-04-05	-0.003292	0.010109	0.019702	0.006070	-0.148304	3558500.000000
2013-04-04	-0.005566	0.023734	0.028755	0.014529	-0.252128	4319300.000000
2013-04-03	-0.010528	0.024051	0.025044	0.007657	-0.482006	4653100.000000
2013-04-02	-0.000809	0.025870	0.026697	0.018589	-0.037075	3415900.000000
2013-04-01	-0.005792	0.017624	0.021572	0.011867	-0.266949	2886400.000000
2013-03-28	0.005013	0.022395	0.028843	0.018262	0.229874	3358800.000000
2013-03-27	0.000000	0.016278	0.022891	0.013302	0.000000	2460500.000000
2013-03-26	0.013521	0.029181	0.036554	0.026668	0.611774	2362300.000000
2013-03-25	-0.010216	0.024970	0.028453	0.007058	-0.466991	3768300.000000
2013-03-22	0.007844	0.024318	0.032676	0.021476	0.355793	3058800.000000
2013-03-21	-0.001957	0.018810	0.029320	0.017475	-0.088936	3014900.000000
2013-03-20	0.000489	0.025985	0.031493	0.019642	0.022228	3815800.000000
2013-03-19	-0.008575	0.026289	0.029929	0.008748	-0.392857	4587400.000000
2013-03-18	-0.013408	0.011712	0.015467	0.006814	-0.622634	3289700.000000
2013-03-15	0.000799	0.016768	0.027715	0.015461	0.037059	5560600.000000
2013-03-14	0.007727	0.024954	0.030717	0.024460	0.355789	2374800.000000
2013-03-13	-0.000643	0.022649	0.023966	0.017219	-0.029640	2602500.000000
2013-03-12	-0.001606	0.023471	0.026264	0.016242	-0.074127	3738500.000000
2013-03-11	0.005166	0.022979	0.028758	0.022814	0.237198	2295800.000000
2013-03-08	0.008466	0.029642	0.033638	0.024812	0.385452	2950700.000000
2013-03-07	-0.005666	0.024966	0.026622	0.016853	-0.259441	2703400.000000
2013-03-06	-0.007232	0.024458	0.026759	0.013772	-0.333561	3081100.000000
2013-03-05	0.009082	0.025634	0.035587	0.023809	0.415100	2674500.000000
2013-03-04	0.001462	0.021983	0.024641	0.011517	0.066704	2662600.000000
2013-03-01	-0.000487	0.017002	0.025470	0.012021	-0.022236	3094100.000000
2013-02-28	0.005879	0.025486	0.035340	0.020977	0.266853	3385000.000000
2013-02-27	0.015588	0.023662	0.042998	0.021626	0.696751	3032200.000000
2013-02-26	0.006846	0.027083	0.034085	0.026742	0.303917	2807600.000000
2013-02-25	-0.025545	0.023646	0.026808	-0.003481	-1.163746	4239700.000000
2013-02-22	0.007706	0.024826	0.030696	0.023149	0.348377	2843300.000000
2013-02-21	0.000328	0.018452	0.026672	0.016439	0.014836	3605300.000000
2013-02-20	-0.013431	0.023972	0.026124	0.007753	-0.615242	5159400.000000
2013-02-19	0.001946	0.023974	0.030442	0.020658	0.088954	2633700.000000
2013-02-15	0.008502	0.023148	0.035189	0.017462	0.385449	4830800.000000
2013-02-14	0.002294	0.018791	0.028513	0.014433	0.103767	3678900.000000
2013-02-13	0.000820	0.026672	0.028518	0.016104	0.037072	3152000.000000
2013-02-12	0.004779	0.025679	0.031073	0.022814	0.214950	3020600.000000
2013-02-11	-0.002138	0.022309	0.023150	0.014740	-0.096363	2463800.000000
2013-02-08	0.010637	0.022474	0.033693	0.021454	0.474400	2021200.000000
2013-02-07	-0.004303	0.025353	0.026199	0.013166	-0.192723	3251300.000000
2013-02-06	-0.004120	0.009835	0.020285	0.009835	-0.185314	3009400.000000
2013-02-05	0.012008	0.029296	0.037484	0.027590	0.533699	3030900.000000
2013-02-04	-0.008434	0.018078	0.020953	0.013003	-0.378040	3224200.000000
2013-02-01	0.009010	0.029299	0.033224	0.024520	0.400261	5212500.000000
2013-01-31	-0.001166	0.019916	0.026905	0.016506	-0.051869	4551000.000000
2013-01-30	-0.016394	0.019963	0.021137	0.003531	-0.741245	4623600.000000
2013-01-29	0.004777	0.007988	0.035955	0.002428	0.214954	5531000.000000
2013-01-28	0.002808	0.027713	0.037850	0.018928	0.126023	4708900.000000
2013-01-25	0.000661	0.029407	0.031436	0.022137	0.029644	4294500.000000
2013-01-24	0.000662	0.023660	0.034318	0.021968	0.029655	3800300.000000
2013-01-23	0.000993	0.020612	0.024507	0.012992	0.044468	3929100.000000
2013-01-22	-0.001818	0.020616	0.026870	0.017574	-0.081539	5477100.000000
2013-01-18	-0.003294	0.027868	0.027868	0.005629	-0.148251	4922600.000000
2013-01-17	0.010654	0.028262	0.038479	0.021962	0.474404	3639700.000000
2013-01-16	0.001333	0.019744	0.026735	0.015652	0.059280	3109400.000000
2013-01-15	0.006713	0.020068	0.030366	0.016463	0.296517	3434000.000000
2013-01-14	-0.003178	0.022472	0.025722	0.018023	-0.140839	3200100.000000
2013-01-11	-0.003501	0.021449	0.024007	0.014970	-0.155678	4016600.000000
2013-01-10	0.003178	0.025550	0.026064	0.013578	0.140854	3830900.000000
2013-01-09	0.036754	0.063953	0.072819	0.052250	1.571419	9661100.000000
2013-01-08	-0.007058	0.019292	0.027920	0.013306	-0.303898	3636400.000000
2013-01-07	0.000000	0.052922	0.054155	0.017884	0.000000	5890700.000000
2013-01-04	0.001034	0.022990	0.030922	0.017702	0.044472	4717000.000000
2013-01-03	0.009569	0.020679	0.039007	0.020679	0.407688	6700100.000000
2013-01-02	0.028264	0.042208	0.051723	0.027754	1.171139	5128500.000000
2012-12-31	0.015994	0.019281	0.040102	0.014448	0.652294	3194000.000000
2012-12-28	-0.013625	0.014562	0.019697	0.007411	-0.563328	2205700.000000
2012-12-27	0.002156	0.021160	0.028878	0.013626	0.088951	2416600.000000
2012-12-26	-0.005005	0.022997	0.027202	0.015317	-0.207546	2038700.000000
2012-12-24	-0.002141	0.021536	0.025368	0.016610	-0.088963	840700.000000
2012-12-21	-0.007788	0.008874	0.017926	0.005254	-0.326141	4584500.000000
2012-12-20	0.014909	0.025386	0.039533	0.024467	0.615234	4231600.000000
2012-12-19	-0.011717	0.022269	0.023903	0.010648	-0.489219	4540100.000000
2012-12-18	0.016787	0.021706	0.041461	0.020045	0.689357	4215600.000000
2012-12-17	0.016141	0.027316	0.039698	0.026003	0.652279	4409500.000000
2012-12-14	-0.006741	0.020764	0.024304	0.015360	-0.274257	3179800.000000
2012-12-13	0.004024	0.021130	0.032917	0.016453	0.163078	5363100.000000
2012-12-12	0.021773	0.029217	0.055024	0.022909	0.863533	6299800.000000
2012-12-11	0.002247	0.026549	0.034595	0.022908	0.088913	4086200.000000
2012-12-10	-0.001682	0.023674	0.024822	0.018318	-0.066685	3435000.000000
2012-12-07	0.008103	0.030426	0.034475	0.020785	0.318592	2495100.000000
2012-12-06	-0.005248	0.019072	0.024059	0.014468	-0.207454	3622600.000000
2012-12-05	0.001878	0.026751	0.034437	0.015028	0.074093	3971700.000000
2012-12-04	-0.003182	0.024249	0.027123	0.016587	-0.125958	3799200.000000
2012-12-03	-0.010191	0.031445	0.032582	0.011915	-0.407486	5047600.000000
2012-11-30	0.006152	0.023482	0.031494	0.019285	0.244484	4639900.000000
2012-11-29	0.015909	0.029493	0.042091	0.027168	0.622364	5026800.000000
2012-11-28	0.011300	0.024663	0.037403	0.020155	0.437115	6614500.000000
2012-11-27	-0.009110	0.023680	0.025234	0.012222	-0.355614	5982000.000000
2012-11-26	-0.014956	0.014683	0.016787	0.005883	-0.592720	4011000.000000
2012-11-23	0.008484	0.025221	0.032166	0.023291	0.333397	1360400.000000
2012-11-21	0.007599	0.024069	0.038843	0.020765	0.296364	3322800.000000
2012-11-20	-0.004915	0.017295	0.018262	0.009751	-0.192642	3859200.000000
2012-11-19	0.017504	0.031952	0.041203	0.030377	0.674228	3800900.000000
2012-11-16	0.007949	0.025871	0.034997	0.020911	0.303761	5989800.000000
2012-11-15	0.003307	0.023092	0.029263	0.021500	0.125946	5115700.000000
2012-11-14	-0.013433	0.026826	0.029968	0.008171	-0.518627	6261500.000000
2012-11-13	0.000768	0.017199	0.032725	0.015824	0.029640	3948600.000000
2012-11-12	0.000961	0.024079	0.030570	0.020734	0.037048	2390500.000000
2012-11-09	0.002892	0.020135	0.035128	0.018754	0.111134	3751200.000000
2012-11-08	-0.001924	0.023882	0.029199	0.020929	-0.074093	5119300.000000
2012-11-07	-0.015720	0.012245	0.014183	0.004493	-0.614937	5115800.000000
2012-11-06	0.011494	0.026232	0.041130	0.024664	0.444527	4262000.000000
2012-11-05	0.004812	0.022701	0.032549	0.020337	0.185226	7335400.000000
2012-11-02	-0.006692	0.031509	0.037379	0.015465	-0.259312	7981700.000000
2012-11-01	0.011019	0.028633	0.036941	0.027446	0.422314	8585500.000000
2012-10-31	-0.000773	0.038512	0.056499	0.021117	-0.029636	6311200.000000
2012-10-26	-0.009187	0.025250	0.025838	0.010562	-0.355633	6194100.000000
2012-10-25	0.000000	-0.007065	0.028775	-0.008435	0.000000	16615100.000000
2012-10-24	-0.002672	0.029737	0.041261	0.018409	-0.103722	4661000.000000
2012-10-23	-0.008141	0.010505	0.019029	-0.002281	-0.318592	6504700.000000
2012-10-22	-0.009749	0.022908	0.032500	0.003148	-0.385261	9706200.000000
2012-10-19	-0.002058	0.017740	0.029227	0.012188	-0.081490	9262600.000000
2012-10-18	-0.047237	-0.025958	-0.015014	-0.041462	-1.963383	18249500.000000
2012-10-17	-0.008834	0.029077	0.030342	0.011178	-0.370441	6207700.000000
2012-10-16	0.005507	0.027291	0.035835	0.026564	0.229687	3584200.000000
2012-10-15	0.006436	0.025487	0.032073	0.022194	0.266712	3708600.000000
2012-10-12	0.000000	0.026402	0.033720	0.018352	0.000000	4000300.000000
2012-10-11	0.010844	0.028470	0.045485	0.025326	0.444538	3776200.000000
2012-10-10	-0.001804	0.021630	0.030861	0.019784	-0.074081	3678400.000000
2012-10-09	-0.024635	0.022931	0.022931	-0.004078	-1.037258	5343400.000000
2012-10-08	0.006553	0.022566	0.033622	0.018579	0.274124	2590900.000000
2012-10-05	-0.001591	0.027815	0.032158	0.017682	-0.066674	2450300.000000
2012-10-04	0.001949	0.027462	0.030906	0.018396	0.081501	2633600.000000
2012-10-03	0.010383	0.028238	0.038496	0.024207	0.429711	3111900.000000
2012-10-02	-0.006933	0.026930	0.028931	0.010012	-0.288941	3322400.000000
2012-10-01	0.019946	0.023292	0.060401	0.023292	0.814988	6474500.000000
2012-09-28	-0.005411	0.017940	0.021815	0.008528	-0.222279	5589100.000000
2012-09-27	0.007632	0.024221	0.036494	0.018085	0.311172	4923800.000000
2012-09-26	0.009077	0.020383	0.039335	0.016818	0.366745	7151300.000000
2012-09-25	-0.003288	0.023761	0.027127	0.017963	-0.133297	5549600.000000
2012-09-24	-0.002914	0.017980	0.023201	0.013132	-0.118484	2317600.000000
2012-09-21	-0.002181	0.032506	0.033622	0.017434	-0.088867	6221100.000000
2012-09-20	-0.009184	0.015280	0.017124	0.006615	-0.377682	3868800.000000
2012-09-19	-0.002336	0.025416	0.032037	0.012541	-0.096279	5393700.000000
2012-09-18	0.014952	0.020214	0.041869	0.020214	0.607250	4613400.000000
2012-09-17	0.001461	0.022265	0.028621	0.019835	0.059250	4172500.000000
2012-09-14	-0.011731	0.026163	0.033553	0.006763	-0.481361	6374300.000000
2012-09-13	0.011316	0.019089	0.040017	0.015352	0.459148	3308300.000000
2012-09-12	0.004584	0.029016	0.033334	0.022259	0.185135	2641600.000000
2012-09-11	0.008319	0.026221	0.033413	0.024707	0.333240	2692800.000000
2012-09-10	-0.017617	0.017253	0.020600	0.004609	-0.718338	3737200.000000
2012-09-07	0.010832	0.023572	0.036165	0.014739	0.436928	3327000.000000
2012-09-06	0.030848	0.032673	0.055923	0.032285	1.207108	2841700.000000
2012-09-05	-0.000945	0.026277	0.033632	0.020663	-0.037030	2661800.000000
