2017-09-01	-0.002406	0.002062	0.002864	-0.006529	-0.210007	1364000.000000
2017-08-31	0.000229	0.001146	0.002864	-0.000687	0.020004	2188300.000000
2017-08-30	-0.002514	-0.002057	0.000914	-0.004914	-0.220001	1425100.000000
2017-08-29	0.000915	0.001487	0.006063	-0.001029	0.080002	1828300.000000
2017-08-28	0.002178	0.001605	0.003095	-0.002981	0.189995	1185400.000000
2017-08-25	0.005301	0.007145	0.008989	0.002305	0.460006	1708900.000000
2017-08-24	-0.001266	-0.001611	0.002763	-0.003568	-0.110000	1984900.000000
2017-08-23	0.003813	0.000231	0.005084	-0.004737	0.329994	1931900.000000
2017-08-22	-0.000346	0.000000	0.001501	-0.005429	-0.029999	1719800.000000
2017-08-21	0.002315	0.001389	0.003473	-0.002547	0.200005	2090600.000000
2017-08-18	0.005939	-0.001397	0.011180	-0.003028	0.509994	2853800.000000
2017-08-17	-0.005098	0.000000	0.001622	-0.005909	-0.439995	2055000.000000
2017-08-16	0.003605	-0.000349	0.004302	-0.003372	0.309998	1804200.000000
2017-08-15	0.008941	0.007885	0.020321	0.007650	0.762108	1876300.000000
2017-08-14	0.004901	0.011764	0.017069	0.009641	0.415703	2468000.000000
2017-08-11	-0.007987	0.011284	0.011284	-0.004036	-0.682930	2516800.000000
2017-08-10	0.002204	0.010349	0.015037	0.005192	0.188057	2140900.000000
2017-08-09	-0.004619	0.012216	0.013849	0.003465	-0.395905	2115400.000000
2017-08-08	0.003941	0.008475	0.014448	0.007421	0.336510	2045800.000000
2017-08-07	-0.002544	0.010115	0.011167	0.004741	-0.217751	2026400.000000
2017-08-04	-0.000347	0.006378	0.011166	0.004042	-0.029686	2599600.000000
2017-08-03	0.008981	0.013413	0.019540	0.007639	0.762116	2915600.000000
2017-08-02	0.006693	0.008451	0.017111	0.004180	0.564163	2131600.000000
2017-08-01	0.000587	0.010705	0.015097	0.009518	0.049484	2825100.000000
2017-07-31	0.002473	0.010230	0.015346	0.007374	0.207848	2435100.000000
2017-07-28	-0.001646	0.009874	0.012487	0.004765	-0.138565	2089800.000000
2017-07-27	0.007105	0.007358	0.017527	0.005563	0.593857	2179600.000000
2017-07-26	0.007636	0.008782	0.018185	0.007817	0.633445	1702400.000000
2017-07-25	-0.008752	0.010588	0.011663	0.000072	-0.732429	1926900.000000
2017-07-24	-0.007629	0.010823	0.011298	0.000032	-0.643334	2541700.000000
2017-07-21	0.003179	0.009873	0.013918	0.003806	0.267235	2494400.000000
2017-07-20	0.006876	0.013343	0.017536	0.009031	0.574059	1971700.000000
2017-07-19	0.001900	0.011309	0.013229	0.007589	0.158355	1790100.000000
2017-07-18	0.001904	0.010830	0.013355	0.009146	0.158364	1653500.000000
2017-07-17	0.002266	0.010349	0.013482	0.007457	0.188057	1594100.000000
2017-07-14	0.005637	0.016166	0.019559	0.014106	0.465179	1377300.000000
2017-07-13	-0.007264	0.008424	0.010349	0.002769	-0.603752	2175400.000000
2017-07-12	0.009618	0.018244	0.023588	0.016786	0.791809	2946600.000000
2017-07-11	-0.000120	0.012535	0.013385	0.005612	-0.009903	2558000.000000
2017-07-10	-0.002757	0.012287	0.015193	0.007200	-0.227638	1833900.000000
2017-07-07	0.002524	0.010470	0.016906	0.008892	0.207847	2531400.000000
2017-07-06	-0.000960	0.008044	0.010470	0.004041	-0.079177	2801800.000000
2017-07-05	-0.000240	0.010470	0.012532	0.003194	-0.019791	3530000.000000
2017-07-03	-0.003350	0.012645	0.013371	0.005151	-0.277138	1705900.000000
2017-06-30	-0.005236	0.011792	0.015038	0.005058	-0.435493	3499500.000000
2017-06-29	-0.011063	0.007495	0.007495	-0.003920	-0.930374	3859300.000000
2017-06-28	-0.008518	0.014239	0.014829	0.000446	-0.722519	3180700.000000
2017-06-27	-0.011534	0.006387	0.008484	-0.004218	-0.989754	2404500.000000
2017-06-26	0.008609	0.014698	0.023160	0.010701	0.732414	2834500.000000
2017-06-23	-0.003709	0.009646	0.014096	0.005431	-0.316719	1543000.000000
2017-06-22	-0.003350	0.008365	0.012216	0.006264	-0.287033	2106900.000000
2017-06-21	-0.003912	0.010581	0.013023	0.001165	-0.336517	1735200.000000
2017-06-20	0.000230	0.009767	0.012209	0.007791	0.019798	2420400.000000
2017-06-19	-0.002869	0.012320	0.012320	0.003160	-0.247437	2394500.000000
2017-06-16	0.002185	0.012324	0.016624	0.009884	0.188050	4996900.000000
2017-06-15	0.007298	0.009061	0.017840	0.007540	0.623550	2468100.000000
2017-06-14	0.004305	0.016109	0.020811	0.011995	0.366211	2432900.000000
2017-06-13	0.003854	0.009287	0.015423	0.007989	0.326615	2421400.000000
2017-06-12	-0.001167	0.010467	0.015889	0.002805	-0.098977	3292600.000000
2017-06-09	0.003982	0.007035	0.014727	0.004905	0.336525	2264200.000000
2017-06-08	-0.008247	0.010349	0.010349	-0.005377	-0.702728	2571100.000000
2017-06-07	0.003263	0.010349	0.015412	0.007641	0.277130	3025100.000000
2017-06-06	-0.000233	0.013409	0.014233	0.008348	-0.019798	2066800.000000
2017-06-05	-0.005216	0.009998	0.010583	0.003440	-0.445389	2284900.000000
2017-06-02	-0.001389	0.014909	0.015026	0.004736	-0.118774	2114500.000000
2017-06-01	0.008403	0.007990	0.018839	0.005160	0.712623	3158900.000000
2017-05-31	0.003161	0.011650	0.017446	0.010231	0.267235	3250800.000000
2017-05-30	0.003997	0.011893	0.015931	0.008092	0.336517	2501600.000000
2017-05-26	-0.000822	0.010942	0.012841	0.008094	-0.069282	2022600.000000
2017-05-25	0.005313	0.011780	0.017030	0.009394	0.445389	2801700.000000
2017-05-24	0.004626	0.012386	0.017300	0.011427	0.386009	2971100.000000
2017-05-23	0.002378	0.010709	0.018518	0.009388	0.197952	1749300.000000
2017-05-22	0.008756	0.009137	0.022104	0.008167	0.722519	2213200.000000
2017-05-19	0.001441	0.011684	0.012533	0.003917	0.118775	3104700.000000
2017-05-18	0.005678	0.014254	0.021089	0.006809	0.465187	3772300.000000
2017-05-17	0.006260	0.010410	0.022323	0.010410	0.509727	4344700.000000
2017-05-16	-0.005504	0.020850	0.023537	0.014865	-0.450607	2614700.000000
2017-05-15	0.001198	0.021706	0.024640	0.018159	0.097954	2043000.000000
2017-05-12	0.005783	0.022080	0.029090	0.021096	0.470199	2013500.000000
2017-05-11	0.006305	0.016765	0.027533	0.015651	0.509377	2372900.000000
2017-05-10	0.004506	0.022839	0.028185	0.019606	0.362449	2142900.000000
2017-05-09	-0.009768	0.016048	0.021465	0.010508	-0.793457	2478000.000000
2017-05-08	-0.000723	0.021342	0.023064	0.013345	-0.058777	2179400.000000
2017-05-05	0.004722	0.022086	0.027772	0.022086	0.382035	2144500.000000
2017-05-04	0.006704	0.019481	0.028565	0.018734	0.538765	2110400.000000
2017-05-03	-0.004248	0.019487	0.022832	0.014902	-0.342850	2128500.000000
2017-05-02	0.003899	0.022840	0.027193	0.018735	0.313461	2576100.000000
2017-05-01	-0.005212	0.020973	0.022335	0.012807	-0.421211	2069600.000000
2017-04-28	-0.004825	0.018510	0.020850	0.012968	-0.391838	2166600.000000
2017-04-27	0.003632	0.021838	0.030119	0.020850	0.293877	1736700.000000
2017-04-26	-0.001088	0.019368	0.028257	0.017763	-0.088166	2291800.000000
2017-04-25	0.001332	0.018748	0.022580	0.015163	0.107750	2954400.000000
2017-04-24	0.004501	0.023333	0.026810	0.013772	0.362450	2641300.000000
2017-04-21	0.002194	0.021721	0.029188	0.020850	0.176323	2471100.000000
2017-04-20	-0.003886	0.020850	0.020850	0.009321	-0.313469	2330800.000000
2017-04-19	-0.006155	0.020603	0.021466	0.010501	-0.499580	2132600.000000
2017-04-18	-0.000844	0.020480	0.024912	0.017403	-0.068573	2257400.000000
2017-04-17	0.004117	0.022209	0.026041	0.020232	0.333061	2046600.000000
2017-04-13	-0.002295	0.020603	0.022330	0.012834	-0.186119	2425200.000000
2017-04-12	0.007178	0.017993	0.028923	0.015509	0.577949	2230800.000000
2017-04-11	-0.002549	0.019859	0.020850	0.013168	-0.205711	1876600.000000
2017-04-10	0.001702	0.021346	0.023083	0.015761	0.137138	2563900.000000
2017-04-07	-0.003996	0.023445	0.025794	0.016153	-0.323257	2453100.000000
2017-04-06	-0.003379	0.018263	0.020850	0.014690	-0.274292	2499200.000000
2017-04-05	0.006070	0.019610	0.028286	0.017627	0.489792	2064000.000000
2017-04-04	0.001459	0.020726	0.026311	0.017499	0.117561	1761400.000000
2017-04-03	0.002926	0.019480	0.024335	0.011638	0.235092	2756200.000000
2017-03-31	-0.000366	0.019232	0.026200	0.016992	-0.029388	2251800.000000
2017-03-30	-0.004611	0.017010	0.017134	0.011436	-0.372238	2467000.000000
2017-03-29	-0.006150	0.018511	0.018511	0.011740	-0.499588	2087600.000000
2017-03-28	0.001691	0.017767	0.023192	0.015424	0.137146	2458500.000000
2017-03-27	-0.002410	0.024909	0.028107	0.013715	-0.195916	2125800.000000
2017-03-24	0.003749	0.019985	0.028134	0.018010	0.303665	2078800.000000
2017-03-23	-0.000967	0.017519	0.027387	0.015792	-0.078369	2410000.000000
2017-03-22	0.000968	0.024677	0.032085	0.019615	0.078369	2881800.000000
2017-03-21	0.018478	0.020472	0.043862	0.020095	1.469368	5092500.000000
2017-03-20	-0.008064	0.021972	0.024093	0.008625	-0.646514	3271000.000000
2017-03-17	0.002695	0.023726	0.028729	0.019599	0.215499	7276900.000000
2017-03-16	-0.004634	0.023339	0.024958	0.011388	-0.372245	4352300.000000
2017-03-15	0.013973	0.023501	0.039658	0.020471	1.106926	3727700.000000
2017-03-14	0.000000	0.020597	0.023879	0.017568	0.000000	2151200.000000
2017-03-13	0.002852	0.022875	0.025027	0.018571	0.225303	3423500.000000
2017-03-10	0.007370	0.025441	0.032327	0.022380	0.577942	3334400.000000
2017-03-09	-0.003361	0.023391	0.026823	0.017037	-0.264480	3074500.000000
2017-03-08	-0.016771	0.013602	0.013727	0.002855	-1.342011	3342600.000000
2017-03-07	-0.002199	0.017358	0.023343	0.015737	-0.176330	3732600.000000
2017-03-06	-0.000488	0.021473	0.022968	0.016114	-0.039185	2785100.000000
2017-03-03	-0.005464	0.018123	0.018371	0.007463	-0.440804	2848100.000000
2017-03-02	0.005248	0.016738	0.031441	0.014121	0.421212	4176100.000000
2017-03-01	-0.007511	0.009101	0.020479	0.004155	-0.607338	4832300.000000
2017-02-28	0.008429	0.017482	0.032821	0.017482	0.675911	3529900.000000
2017-02-27	-0.001220	0.020476	0.023839	0.015120	-0.097954	2505800.000000
2017-02-24	0.012977	0.024508	0.037252	0.024130	1.028549	3846800.000000
2017-02-23	0.013021	0.022256	0.036187	0.021233	1.018761	2801200.000000
2017-02-22	0.009862	0.022399	0.032466	0.019172	0.764076	2895000.000000
2017-02-21	0.009316	0.020068	0.032053	0.015248	0.715088	2735000.000000
2017-02-17	-0.006844	0.018262	0.022014	0.008946	-0.528977	4104600.000000
2017-02-16	0.027611	0.026035	0.053158	0.020717	2.076706	6795600.000000
2017-02-15	-0.005247	0.015625	0.020651	0.008880	-0.396721	3802900.000000
2017-02-14	-0.008260	0.030453	0.032027	0.017729	-0.629760	3715800.000000
2017-02-13	0.007554	0.034272	0.039955	0.029515	0.571624	2925900.000000
2017-02-10	0.004502	0.030034	0.037601	0.030034	0.339089	2550000.000000
2017-02-09	-0.011317	0.032158	0.034783	0.018114	-0.862267	3351400.000000
2017-02-08	0.011447	0.033087	0.044902	0.032025	0.862267	2973600.000000
2017-02-07	0.002321	0.033222	0.036017	0.030029	0.174400	1629900.000000
2017-02-06	-0.001030	0.035348	0.037342	0.029499	-0.077507	2017100.000000
2017-02-03	-0.001800	0.033485	0.035475	0.028045	-0.135643	2478100.000000
2017-02-02	0.005558	0.034960	0.039896	0.029489	0.416603	2997400.000000
2017-02-01	-0.015024	0.026901	0.028478	0.012971	-1.143234	3454900.000000
2017-01-31	0.018413	0.032158	0.051431	0.032158	1.375763	3753700.000000
2017-01-30	0.002339	0.032694	0.039939	0.028938	0.174385	2379100.000000
2017-01-27	-0.002334	0.034835	0.038984	0.026938	-0.174385	2562000.000000
2017-01-26	0.000519	0.030953	0.034167	0.026400	0.038750	3085400.000000
2017-01-25	-0.001296	0.028815	0.031356	0.023866	-0.096886	2347000.000000
2017-01-24	0.001947	0.034436	0.036178	0.029880	0.145325	2751400.000000
2017-01-23	-0.003880	0.033493	0.036829	0.026285	-0.290657	2166800.000000
2017-01-20	0.002723	0.034835	0.038315	0.029883	0.203468	2662800.000000
2017-01-19	-0.004903	0.029095	0.033090	0.023901	-0.368164	2575500.000000
2017-01-18	0.000516	0.031092	0.038154	0.029893	0.038750	2235700.000000
2017-01-17	0.003238	0.035634	0.040446	0.032826	0.242218	3755000.000000
2017-01-13	-0.004256	0.029496	0.031359	0.021908	-0.319725	1954200.000000
2017-01-12	0.005707	0.030418	0.038985	0.027740	0.426292	2476300.000000
2017-01-11	0.007843	0.029190	0.041602	0.028785	0.581306	2726200.000000
2017-01-10	-0.001827	0.030138	0.034717	0.025424	-0.135635	2840000.000000
2017-01-09	-0.010969	0.033756	0.035355	0.017639	-0.823517	4585700.000000
2017-01-06	-0.003344	0.028839	0.033751	0.025653	-0.251907	3132200.000000
2017-01-05	0.001288	0.035481	0.036279	0.024050	0.096893	3284600.000000
2017-01-04	-0.001029	0.031095	0.040391	0.030830	-0.077522	2531100.000000
2017-01-03	0.001417	0.032557	0.037477	0.024179	0.106590	2905900.000000
2016-12-30	-0.005127	0.032555	0.035068	0.023294	-0.387543	2465600.000000
2016-12-29	0.012852	0.033230	0.047433	0.031756	0.959153	2976500.000000
2016-12-28	-0.005808	0.032957	0.034023	0.024431	-0.435982	1897600.000000
2016-12-27	-0.001804	0.030429	0.033621	0.025642	-0.135628	1554500.000000
2016-12-23	-0.001929	0.032158	0.032954	0.025257	-0.145324	1419100.000000
2016-12-22	0.010000	0.031622	0.046233	0.030952	0.746002	3339000.000000
2016-12-21	-0.004525	0.030557	0.036295	0.027221	-0.339089	2013300.000000
2016-12-20	0.002852	0.026537	0.038180	0.025333	0.213143	2639200.000000
2016-12-19	0.007050	0.039031	0.040917	0.029193	0.523170	2775000.000000
2016-12-16	0.007365	0.034466	0.042611	0.028764	0.542549	7038000.000000
2016-12-15	0.006620	0.029561	0.040084	0.024232	0.484429	3127700.000000
2016-12-14	-0.023151	0.035896	0.040434	0.005860	-1.734230	4756000.000000
2016-12-13	0.010983	0.034722	0.045249	0.032697	0.813812	3968700.000000
2016-12-12	0.008705	0.029844	0.042640	0.028891	0.639450	3963600.000000
2016-12-09	0.014586	0.031467	0.047489	0.030500	1.056038	3196100.000000
2016-12-08	0.000804	0.024417	0.035752	0.015985	0.058136	3386600.000000
2016-12-07	0.010967	0.033835	0.044875	0.032437	0.784759	3370900.000000
2016-12-06	0.003396	0.035243	0.040711	0.032018	0.242211	3140000.000000
2016-12-05	0.002588	0.028222	0.034829	0.016975	0.184082	3559200.000000
2016-12-02	0.009210	0.039961	0.052446	0.034854	0.649132	3754100.000000
2016-12-01	-0.013827	0.028380	0.029360	0.013969	-0.988221	4324800.000000
2016-11-30	-0.034045	0.017291	0.018508	-0.002982	-2.518997	5583200.000000
2016-11-29	0.003812	0.028224	0.040162	0.026053	0.280960	3763100.000000
2016-11-28	0.023268	0.036461	0.057007	0.035906	1.676102	4049000.000000
2016-11-25	0.011014	0.035105	0.048579	0.034825	0.784767	1972200.000000
2016-11-23	-0.004602	0.024334	0.038026	0.023077	-0.329407	2829200.000000
2016-11-22	-0.007390	0.027859	0.030910	0.016072	-0.532867	3590800.000000
2016-11-21	0.011277	0.037627	0.044779	0.034682	0.804146	3204300.000000
2016-11-18	-0.003655	0.034114	0.036908	0.024752	-0.261605	4450500.000000
2016-11-17	-0.001352	0.032018	0.039553	0.029088	-0.096878	4460100.000000
2016-11-16	-0.014718	0.034976	0.038963	0.013116	-1.070564	4849300.000000
2016-11-15	0.020016	0.051205	0.070978	0.049803	1.427315	4442000.000000
2016-11-14	-0.010633	0.041831	0.041970	0.020881	-0.766350	5903000.000000
2016-11-11	0.001064	0.043218	0.055302	0.038218	0.076637	3735700.000000
2016-11-10	-0.028187	0.039189	0.039189	-0.005354	-2.088287	6005000.000000
2016-11-09	-0.029002	0.035394	0.035394	0.011147	-2.212830	4758400.000000
2016-11-08	0.006571	0.046419	0.055258	0.042198	0.498124	2241500.000000
2016-11-07	0.024071	0.051208	0.069041	0.038914	1.781753	3303900.000000
2016-11-04	-0.009105	0.050874	0.059977	0.033203	-0.680130	2849400.000000
2016-11-03	-0.000256	0.041638	0.048731	0.035883	-0.019157	2455300.000000
2016-11-02	-0.007255	0.041255	0.042584	0.022123	-0.546028	3239100.000000
2016-11-01	-0.018121	0.044174	0.044304	0.021996	-1.389008	2984600.000000
2016-10-31	0.016514	0.047095	0.067385	0.044974	1.245316	3523900.000000
2016-10-28	0.003826	0.045909	0.052832	0.042049	0.287384	1608800.000000
2016-10-27	-0.004443	0.039539	0.043515	0.032913	-0.335282	1982500.000000
2016-10-26	0.002291	0.043780	0.048429	0.037670	0.172440	2215100.000000
2016-10-25	0.002423	0.042182	0.049505	0.040584	0.181999	3664500.000000
2016-10-24	0.004871	0.047793	0.051807	0.041103	0.364021	2868100.000000
2016-10-21	-0.005101	0.038588	0.041783	0.032331	-0.383178	2132800.000000
2016-10-20	0.003712	0.045249	0.056740	0.041775	0.277816	2804000.000000
2016-10-19	0.002952	0.043913	0.049005	0.038552	0.220307	2547400.000000
2016-10-18	0.004643	0.048894	0.053471	0.035970	0.344864	2481500.000000
2016-10-17	0.004274	0.045130	0.052025	0.044318	0.316116	1784500.000000
2016-10-14	-0.009366	0.040430	0.044449	0.033733	-0.699295	2460500.000000
2016-10-13	0.016830	0.042823	0.068700	0.042823	1.235733	3773600.000000
2016-10-12	0.009748	0.045563	0.056289	0.045150	0.708870	3082400.000000
2016-10-11	-0.014923	0.040391	0.040662	0.026979	-1.101616	3479400.000000
2016-10-10	0.006399	0.048139	0.054956	0.043504	0.469391	2381500.000000
2016-10-07	-0.006745	0.051225	0.059079	0.036194	-0.498131	4537400.000000
2016-10-06	0.000000	0.043371	0.055017	0.036465	0.000000	5137600.000000
2016-10-05	-0.004777	0.045530	0.056177	0.036770	-0.354439	3834200.000000
2016-10-04	-0.020609	0.044045	0.049192	0.017779	-1.561424	3491900.000000
2016-10-03	-0.011869	0.040522	0.041304	0.024219	-0.910049	2963200.000000
2016-09-30	-0.003362	0.047942	0.052102	0.033514	-0.258637	3883000.000000
2016-09-29	-0.009741	0.040309	0.040309	0.025635	-0.756775	2898900.000000
2016-09-28	-0.004053	0.047759	0.047759	0.031221	-0.316116	1998200.000000
2016-09-27	-0.008764	0.048487	0.052300	0.032984	-0.689713	2268300.000000
2016-09-26	-0.004484	0.042648	0.045810	0.035564	-0.354423	2718100.000000
2016-09-23	0.000121	0.041003	0.047455	0.037460	0.009559	2348800.000000
2016-09-22	0.007448	0.046717	0.053217	0.042128	0.584343	2707300.000000
2016-09-21	0.021579	0.044043	0.066830	0.043913	1.657235	2728100.000000
2016-09-20	-0.003604	0.044562	0.048843	0.040150	-0.277794	2398900.000000
2016-09-19	0.010677	0.046011	0.055845	0.044437	0.814239	3159600.000000
2016-09-16	0.006957	0.037047	0.052099	0.035858	0.526863	5058200.000000
2016-09-15	0.004957	0.038472	0.050547	0.038472	0.373589	2504100.000000
2016-09-14	-0.001523	0.056632	0.162627	0.038481	-0.114945	2532000.000000
2016-09-13	-0.006181	0.044439	0.046283	0.032852	-0.469390	3602400.000000
2016-09-12	0.017062	0.046056	0.065474	0.043243	1.274055	3518400.000000
2016-09-09	-0.035392	0.033966	0.036291	0.006579	-2.739693	3329500.000000
2016-09-08	0.003352	0.042617	0.050005	0.040413	0.258637	2047100.000000
2016-09-07	-0.004942	0.048040	0.048040	0.036690	-0.383179	2259600.000000
2016-09-06	0.008724	0.047946	0.056792	0.043913	0.670555	2775900.000000
2016-09-02	0.011471	0.043913	0.056414	0.042465	0.871727	2767600.000000
2016-09-01	-0.004143	0.043913	0.045747	0.036967	-0.316116	2428600.000000
2016-08-31	0.001761	0.043913	0.046932	0.039974	0.134109	3546200.000000
2016-08-30	-0.011437	0.043394	0.048455	0.030416	-0.881309	3101000.000000
2016-08-29	0.006507	0.046395	0.052926	0.045872	0.498146	1923400.000000
2016-08-26	-0.022146	0.044040	0.049533	0.019517	-1.733879	2400700.000000
2016-08-25	0.002085	0.045193	0.050569	0.042505	0.162864	1858300.000000
2016-08-24	0.001350	0.043016	0.047758	0.035582	0.105370	2048600.000000
2016-08-23	-0.005373	0.045570	0.049777	0.038049	-0.421501	2199400.000000
2016-08-22	0.002939	0.046853	0.051200	0.041867	0.229904	1888000.000000
2016-08-19	-0.013651	0.039751	0.041138	0.024366	-1.082458	2631900.000000
2016-08-18	0.013343	0.042251	0.057842	0.041740	1.044136	3960500.000000
2016-08-17	0.015413	0.043913	0.061690	0.027044	1.187851	5850900.000000
2016-08-16	-0.014818	0.041995	0.042890	0.027933	-1.159104	4649000.000000
2016-08-15	-0.021919	0.045413	0.047789	0.020406	-1.753021	4025600.000000
2016-08-12	-0.005005	0.046774	0.048765	0.038190	-0.402336	2634700.000000
2016-08-11	0.001432	0.045532	0.046155	0.039801	0.114952	2731400.000000
2016-08-10	-0.001013	0.045842	0.052189	0.036507	-0.081413	2732100.000000
2016-08-09	-0.000118	0.053559	0.058163	0.049825	-0.009484	3195900.000000
2016-08-08	0.006055	0.055806	0.065697	0.049796	0.483605	3977500.000000
2016-08-05	-0.011849	0.051585	0.051585	0.039832	-0.957741	3540200.000000
2016-08-04	0.001057	0.052696	0.058889	0.050220	0.085342	2351700.000000
2016-08-03	-0.004792	0.052952	0.054801	0.043954	-0.388794	3076800.000000
2016-08-02	-0.001051	0.049506	0.055539	0.044212	-0.085334	3083400.000000
2016-08-01	0.000701	0.052213	0.059606	0.051351	0.056892	2445500.000000
2016-07-29	0.004577	0.057648	0.064332	0.054678	0.369827	3197300.000000
2016-07-28	0.004362	0.055051	0.062013	0.052192	0.350853	1724800.000000
2016-07-27	-0.010729	0.052709	0.053324	0.034877	-0.872406	3751700.000000
2016-07-26	-0.010843	0.053946	0.056379	0.040808	-0.891372	2250000.000000
2016-07-25	0.002196	0.054432	0.057114	0.048824	0.180168	2185600.000000
2016-07-22	0.012881	0.052702	0.069002	0.049615	1.043098	2226900.000000
2016-07-21	0.005652	0.050084	0.061757	0.045986	0.455177	2342500.000000
2016-07-20	-0.005388	0.054554	0.055172	0.044673	-0.436210	2124900.000000
2016-07-19	0.001525	0.053564	0.057523	0.049235	0.123268	4025300.000000
2016-07-18	0.003886	0.057162	0.063371	0.055548	0.312942	2965400.000000
2016-07-15	0.002006	0.057540	0.061273	0.050821	0.161194	2334400.000000
2016-07-14	-0.003527	0.047114	0.053190	0.044015	-0.284485	2990600.000000
2016-07-13	0.007224	0.061423	0.064171	0.055428	0.578454	3694900.000000
2016-07-12	-0.018254	0.048301	0.051366	0.034446	-1.488778	3768900.000000
2016-07-11	0.000000	0.047443	0.055903	0.037021	0.000000	2648500.000000
2016-07-08	0.008442	0.052947	0.064075	0.041324	0.682747	2809900.000000
2016-07-07	-0.022240	0.049235	0.052015	0.026869	-1.839645	4186600.000000
2016-07-06	0.003451	0.053705	0.059164	0.046790	0.284477	3785900.000000
2016-07-05	0.015182	0.056525	0.071672	0.054308	1.232765	3746900.000000
2016-07-01	-0.001865	0.056029	0.058979	0.042016	-0.151725	3402700.000000
2016-06-30	0.019489	0.056434	0.075106	0.054429	1.555160	5473100.000000
2016-06-29	0.002502	0.058072	0.061589	0.051036	0.199127	3699800.000000
2016-06-28	-0.000595	0.051792	0.054680	0.043631	-0.047409	4507000.000000
2016-06-27	0.018925	0.053914	0.076687	0.052763	1.479302	4392800.000000
2016-06-24	0.004631	0.049156	0.070491	0.046328	0.360328	3699300.000000
2016-06-23	0.002689	0.054941	0.057518	0.048497	0.208626	1582700.000000
2016-06-22	-0.002073	0.055197	0.056869	0.051082	-0.161209	1697700.000000
2016-06-21	0.000000	0.050310	0.061113	0.047867	0.000000	2042600.000000
2016-06-20	-0.011810	0.051377	0.053537	0.033458	-0.929298	3800800.000000
2016-06-17	0.005453	0.055193	0.060560	0.046121	0.426727	5575900.000000
2016-06-16	0.012265	0.059340	0.069817	0.056753	0.948273	3395900.000000
2016-06-15	-0.010679	0.054682	0.056729	0.040094	-0.834496	3229000.000000
2016-06-14	0.009803	0.053262	0.065279	0.050548	0.758621	3120300.000000
2016-06-13	0.004555	0.059227	0.064420	0.055722	0.350869	2872000.000000
2016-06-10	-0.000246	0.054165	0.058966	0.046248	-0.018982	3223000.000000
2016-06-09	0.009316	0.053506	0.066343	0.049577	0.711204	2533700.000000
2016-06-08	0.006501	0.052577	0.061410	0.052577	0.493111	1672300.000000
2016-06-07	0.001879	0.059838	0.062876	0.054422	0.142250	1957700.000000
2016-06-06	-0.002997	0.057056	0.059690	0.047838	-0.227608	3007800.000000
2016-06-03	0.014442	0.063905	0.074860	0.063638	1.081040	4165500.000000
2016-06-02	-0.001012	0.050550	0.054421	0.040408	-0.075867	2453100.000000
2016-06-01	0.010099	0.054824	0.065338	0.051454	0.749138	2917000.000000
2016-05-31	0.003206	0.054960	0.059828	0.050497	0.237053	4165000.000000
2016-05-27	0.000257	0.054284	0.056989	0.049684	0.018974	2192900.000000
2016-05-26	0.013125	0.055102	0.069081	0.055102	0.957756	1816700.000000
2016-05-25	-0.000520	0.054006	0.056198	0.045788	-0.037933	3613400.000000
2016-05-24	0.011031	0.058293	0.067571	0.055662	0.796531	2423600.000000
2016-05-23	-0.011039	0.055102	0.057019	0.041954	-0.806015	2755000.000000
2016-05-20	0.000390	0.058527	0.058664	0.047704	0.028443	2444600.000000
2016-05-19	0.005224	0.049045	0.060614	0.042848	0.379318	2883000.000000
2016-05-18	-0.026880	0.053415	0.053415	0.023394	-2.005608	4103700.000000
2016-05-17	-0.018395	0.064295	0.064295	0.040089	-1.398239	3682100.000000
2016-05-16	0.002848	0.063104	0.068777	0.057563	0.215843	2426500.000000
2016-05-13	-0.003824	0.065611	0.066531	0.054965	-0.290931	2612500.000000
2016-05-12	0.007330	0.063757	0.076070	0.057932	0.553680	2762300.000000
2016-05-11	0.005371	0.068805	0.071467	0.058823	0.403519	2704400.000000
2016-05-10	0.000000	0.070269	0.071467	0.062683	0.000000	2457800.000000
2016-05-09	0.008566	0.065074	0.079706	0.062389	0.638138	2679100.000000
2016-05-06	-0.009978	0.064681	0.064946	0.041423	-0.750748	4454200.000000
2016-05-05	0.002000	0.061350	0.075199	0.059219	0.150154	3698400.000000
2016-05-04	0.014967	0.065476	0.089534	0.062908	1.107338	4192400.000000
2016-05-03	-0.001267	0.065611	0.074655	0.057916	-0.093842	3018900.000000
2016-05-02	0.002031	0.066287	0.077108	0.064258	0.150162	2990200.000000
2016-04-29	0.005616	0.058402	0.072548	0.050648	0.412903	2727400.000000
2016-04-28	0.003587	0.055509	0.070525	0.051414	0.262756	2287000.000000
2016-04-27	0.014425	0.069627	0.088183	0.066442	1.041664	2927600.000000
2016-04-26	0.002475	0.068526	0.071858	0.062418	0.178292	2105200.000000
2016-04-25	-0.003246	0.062982	0.067825	0.057585	-0.234612	2807400.000000
2016-04-22	0.008777	0.069799	0.076499	0.066867	0.628762	2711600.000000
2016-04-21	-0.023785	0.065611	0.066837	0.038494	-1.745476	4967100.000000
2016-04-20	-0.019927	0.068282	0.071754	0.043441	-1.492104	3238200.000000
2016-04-19	-0.007587	0.067732	0.068792	0.051164	-0.572449	3543500.000000
2016-04-18	0.005000	0.065611	0.070939	0.058818	0.375374	1986400.000000
2016-04-15	0.006923	0.065745	0.075268	0.064136	0.516144	2520800.000000
2016-04-14	-0.002261	0.065343	0.067351	0.057983	-0.168930	1807800.000000
2016-04-13	-0.007355	0.068135	0.068135	0.051132	-0.553665	1899900.000000
2016-04-12	0.009819	0.069769	0.078354	0.064404	0.731972	2075300.000000
2016-04-11	-0.004137	0.066546	0.071222	0.061069	-0.309677	1928300.000000
2016-04-08	0.006054	0.070180	0.079857	0.068971	0.450431	1953700.000000
2016-04-07	-0.000882	0.063463	0.074339	0.063463	-0.065681	2506900.000000
2016-04-06	-0.006758	0.061610	0.063877	0.049207	-0.506744	3309100.000000
2016-04-05	-0.014675	0.065217	0.069553	0.048265	-1.116738	3002200.000000
2016-04-04	-0.000493	0.065874	0.068895	0.056023	-0.037536	1903400.000000
2016-04-01	0.005578	0.062969	0.074064	0.060328	0.422294	3155300.000000
2016-03-31	0.004107	0.065611	0.070385	0.058449	0.309685	2813000.000000
2016-03-30	-0.001119	0.065081	0.067598	0.056868	-0.084458	1660100.000000
2016-03-29	0.012078	0.068560	0.078750	0.059980	0.900879	2771700.000000
2016-03-28	-0.003386	0.065611	0.073628	0.059732	-0.253372	1745700.000000
2016-03-24	-0.000752	0.062006	0.069616	0.059202	-0.056305	2609500.000000
2016-03-23	0.011790	0.065341	0.080876	0.059532	0.872742	2565700.000000
2016-03-22	-0.008048	0.064271	0.069363	0.056498	-0.600601	2862800.000000
2016-03-21	-0.001883	0.057452	0.069356	0.050631	-0.140755	2940600.000000
2016-03-18	-0.004001	0.069208	0.071073	0.058018	-0.300301	6526800.000000
2016-03-17	0.013173	0.066961	0.082752	0.061967	0.975960	4042000.000000
2016-03-16	0.011531	0.067659	0.079673	0.052368	0.844589	3422100.000000
2016-03-15	0.004246	0.062594	0.073015	0.061772	0.309678	3312300.000000
2016-03-14	-0.000514	0.068352	0.069448	0.058074	-0.037537	2902300.000000
2016-03-11	0.006472	0.074714	0.077886	0.069059	0.469215	2908900.000000
2016-03-10	-0.003225	0.065611	0.070698	0.056400	-0.234611	4552800.000000
2016-03-09	0.003106	0.061887	0.073334	0.057750	0.225227	5048700.000000
2016-03-08	0.013377	0.066589	0.080425	0.060720	0.957199	4691500.000000
2016-03-07	0.014368	0.063201	0.081063	0.060650	1.013520	3469800.000000
2016-03-04	0.011301	0.060593	0.083101	0.056149	0.788253	3826800.000000
2016-03-03	0.009507	0.067492	0.077044	0.055625	0.656907	4238000.000000
2016-03-02	0.003817	0.065611	0.073311	0.052972	0.262764	12097000.000000
2016-03-01	-0.012520	0.071062	0.071923	0.042944	-0.872735	6084700.000000
2016-02-29	0.003377	0.064603	0.078710	0.062156	0.234604	3519500.000000
2016-02-26	-0.031528	0.060453	0.063799	0.030899	-2.261619	4250900.000000
2016-02-25	0.019880	0.068597	0.086938	0.064047	1.398285	3494100.000000
2016-02-24	0.001871	0.068175	0.074585	0.058916	0.131355	3869500.000000
2016-02-23	-0.000401	0.062906	0.070310	0.056926	-0.028130	4231900.000000
2016-02-22	0.003890	0.069184	0.075045	0.061466	0.272126	3893700.000000
2016-02-19	-0.021782	0.061696	0.061696	0.037366	-1.557793	6272100.000000
2016-02-18	0.009404	0.059119	0.081983	0.054179	0.666298	6529600.000000
2016-02-17	-0.010356	0.068823	0.069662	0.051364	-0.741379	4989500.000000
2016-02-16	0.000656	0.065052	0.069105	0.054569	0.046936	3550200.000000
2016-02-12	-0.007292	0.067831	0.072687	0.047712	-0.525528	4520400.000000
2016-02-11	-0.016897	0.060837	0.068203	0.047196	-1.238724	4053600.000000
2016-02-10	0.000192	0.058858	0.071819	0.042213	0.014077	4134400.000000
2016-02-09	-0.003032	0.071154	0.085572	0.064217	-0.222878	3806500.000000
2016-02-08	0.001645	0.079728	0.091308	0.070872	0.120720	5350600.000000
2016-02-05	0.005854	0.071248	0.085637	0.060011	0.427170	3521900.000000
2016-02-04	0.000255	0.072891	0.083309	0.067545	0.018577	4545900.000000
2016-02-03	0.023583	0.078129	0.104508	0.077007	1.680809	4913300.000000
2016-02-02	-0.003247	0.064140	0.076028	0.063301	-0.232162	4667000.000000
2016-02-01	0.022576	0.075150	0.110903	0.072862	1.578651	6727100.000000
2016-01-29	0.024908	0.084488	0.105302	0.083609	1.699372	4822400.000000
2016-01-28	0.014639	0.073297	0.099918	0.068241	0.984337	2294000.000000
2016-01-27	0.002631	0.073586	0.086857	0.068516	0.176437	2087000.000000
2016-01-26	0.005850	0.079866	0.097864	0.075967	0.390022	2601300.000000
2016-01-25	-0.005265	0.077016	0.078508	0.067020	-0.352875	2398600.000000
2016-01-22	0.015333	0.084289	0.094287	0.074746	1.012192	3161400.000000
2016-01-21	-0.004620	0.081088	0.087723	0.060733	-0.306434	4501400.000000
2016-01-20	-0.023784	0.068182	0.074364	0.039921	-1.615807	3593300.000000
2016-01-19	0.014984	0.082693	0.095990	0.077016	1.002922	3179800.000000
2016-01-15	-0.004007	0.063624	0.075825	0.056779	-0.269302	4635900.000000
2016-01-14	0.009345	0.077317	0.093838	0.068757	0.622177	3645200.000000
2016-01-13	0.006033	0.078227	0.093185	0.077169	0.399307	2622700.000000
2016-01-12	-0.007796	0.081514	0.083313	0.058426	-0.520042	2976200.000000
2016-01-11	0.011121	0.080050	0.092177	0.079292	0.733612	2968900.000000
2016-01-08	-0.002247	0.076715	0.084126	0.072481	-0.148575	2198000.000000
2016-01-07	-0.009185	0.064728	0.075518	0.062331	-0.612892	2887800.000000
2016-01-06	0.002232	0.068006	0.084076	0.064401	0.148590	2382800.000000
2016-01-05	0.007164	0.076715	0.086850	0.061589	0.473587	2706800.000000
2016-01-04	-0.002801	0.069928	0.074151	0.058313	-0.185722	3565500.000000
2015-12-31	-0.011082	0.076121	0.077314	0.055237	-0.742897	2990400.000000
2015-12-30	-0.002487	0.076867	0.080289	0.073147	-0.167145	2062000.000000
2015-12-29	0.006257	0.082257	0.089294	0.080610	0.417869	1943600.000000
2015-12-28	-0.001666	0.072532	0.080155	0.070289	-0.111427	2351800.000000
2015-12-24	0.000555	0.076867	0.082700	0.075371	0.037140	1018200.000000
2015-12-23	0.014799	0.079902	0.097508	0.078840	0.975044	2737700.000000
2015-12-22	0.016330	0.085197	0.097537	0.074553	1.058640	2949000.000000
2015-12-21	0.003017	0.082437	0.087078	0.072689	0.195007	2122600.000000
2015-12-18	-0.012766	0.070451	0.074575	0.050594	-0.835762	6136900.000000
2015-12-17	0.006711	0.077482	0.092090	0.071792	0.436455	4205800.000000
2015-12-16	0.017286	0.083906	0.099549	0.081090	1.105057	4747800.000000
2015-12-15	0.005698	0.078754	0.093857	0.073877	0.362159	4233300.000000
2015-12-14	0.008992	0.076391	0.087343	0.067501	0.566468	3645400.000000
2015-12-11	0.006080	0.073034	0.085650	0.069840	0.380729	4730300.000000
2015-12-10	-0.017198	0.074356	0.074513	0.056463	-1.095760	2959600.000000
2015-12-09	0.002484	0.072618	0.093545	0.068370	0.157852	2703200.000000
2015-12-08	-0.000876	0.073251	0.078439	0.066019	-0.055714	3690100.000000
2015-12-07	0.021778	0.073012	0.101282	0.072530	1.355786	4328100.000000
2015-12-04	0.012230	0.081094	0.091012	0.078005	0.752174	2711300.000000
2015-12-03	0.001512	0.075401	0.086637	0.066608	0.092865	3960300.000000
2015-12-02	-0.028357	0.074019	0.074968	0.045222	-1.792232	4304000.000000
2015-12-01	0.004427	0.081475	0.087673	0.070986	0.278583	2846900.000000
2015-11-30	0.003703	0.078462	0.088351	0.077505	0.232151	3847700.000000
2015-11-27	-0.003101	0.077185	0.086090	0.073209	-0.195003	1482000.000000
2015-11-25	-0.005288	0.075127	0.078132	0.068958	-0.334301	1973000.000000
2015-11-24	0.001029	0.072908	0.079717	0.066575	0.064994	2860900.000000
2015-11-23	-0.015774	0.076087	0.079204	0.056451	-1.012191	3441400.000000
2015-11-20	0.008906	0.082527	0.092118	0.079225	0.566448	3734400.000000
2015-11-19	0.019197	0.081514	0.098180	0.077668	1.197933	3770600.000000
2015-11-18	0.020811	0.081938	0.100913	0.076703	1.272205	3856600.000000
2015-11-17	-0.028053	0.073846	0.081319	0.043796	-1.764377	5423400.000000
2015-11-16	0.012558	0.076867	0.090712	0.074774	0.780037	2782100.000000
2015-11-13	-0.005944	0.079427	0.088069	0.067105	-0.371449	3497200.000000
2015-11-12	-0.013777	0.073394	0.086021	0.061873	-0.872902	3095600.000000
2015-11-11	0.012765	0.079424	0.093970	0.077346	0.798619	2733100.000000
2015-11-10	0.003351	0.078551	0.087211	0.076626	0.208931	3068000.000000
2015-11-09	0.003099	0.087363	0.107955	0.083180	0.192638	5404300.000000
2015-11-06	-0.051644	0.067823	0.068891	0.023273	-3.384998	7414700.000000
2015-11-05	-0.006673	0.088128	0.093887	0.071306	-0.440338	4090100.000000
2015-11-04	-0.004291	0.087533	0.094776	0.081949	-0.284371	3143800.000000
2015-11-03	0.000831	0.085114	0.092967	0.079828	0.055039	2884100.000000
2015-11-02	0.009934	0.089030	0.102605	0.084302	0.651306	3324400.000000
2015-10-30	-0.001397	0.091012	0.094972	0.085528	-0.091728	2918900.000000
2015-10-29	0.000280	0.084613	0.091165	0.071054	0.018356	3941400.000000
2015-10-28	-0.011877	0.091453	0.097324	0.064806	-0.788925	2568500.000000
2015-10-27	0.002215	0.090098	0.099452	0.086628	0.146774	3096000.000000
2015-10-26	-0.020206	0.093055	0.093055	0.058315	-1.366844	5127700.000000
2015-10-23	-0.017586	0.087339	0.092712	0.068894	-1.210907	2055000.000000
2015-10-22	0.016247	0.092459	0.111203	0.089360	1.100822	2463000.000000
2015-10-21	0.002171	0.093944	0.100156	0.088027	0.146775	2027500.000000
2015-10-20	0.001631	0.088764	0.097505	0.086098	0.110076	2418300.000000
2015-10-19	-0.000136	0.088617	0.092913	0.077359	-0.009162	2183600.000000
2015-10-16	0.001497	0.095290	0.100334	0.089653	0.100898	2575200.000000
2015-10-15	0.015759	0.095372	0.108935	0.089345	1.045800	2307900.000000
2015-10-14	-0.002620	0.090549	0.096260	0.085890	-0.174309	2226500.000000
2015-10-13	-0.003982	0.089050	0.094290	0.081565	-0.266030	2391100.000000
2015-10-12	0.007750	0.090098	0.108352	0.089947	0.513710	2304400.000000
2015-10-09	-0.010137	0.089052	0.093682	0.075464	-0.678848	3071600.000000
2015-10-08	0.004541	0.086048	0.098348	0.082148	0.302735	2343400.000000
2015-10-07	-0.005746	0.090993	0.095169	0.082641	-0.385277	4093600.000000
2015-10-06	0.000137	0.088755	0.095468	0.079060	0.009163	4497800.000000
2015-10-05	0.015564	0.095703	0.110397	0.087371	1.027435	3157200.000000
2015-10-02	0.018254	0.100124	0.110459	0.088093	1.183380	4122600.000000
2015-10-01	-0.017654	0.090856	0.092977	0.060701	-1.165039	3411000.000000
2015-09-30	0.017107	0.093489	0.109979	0.088865	1.109993	3209800.000000
2015-09-29	0.003974	0.089943	0.097061	0.083754	0.256851	2782500.000000
2015-09-28	-0.003677	0.088248	0.098577	0.084394	-0.238495	3013900.000000
2015-09-25	0.005546	0.089943	0.107150	0.083742	0.357750	3302500.000000
2015-09-24	0.017803	0.086627	0.111871	0.083156	1.128338	3774200.000000
2015-09-23	-0.000867	0.090571	0.093409	0.079221	-0.055023	1923800.000000
2015-09-22	-0.012848	0.082784	0.089942	0.072824	-0.825626	3384900.000000
2015-09-21	0.008639	0.087744	0.101556	0.086959	0.550418	2510900.000000
2015-09-18	-0.006580	0.079807	0.092437	0.078715	-0.421993	5328200.000000
2015-09-17	0.010552	0.090886	0.118461	0.087576	0.669659	4229200.000000
2015-09-16	0.008602	0.095343	0.103289	0.090734	0.541252	3410400.000000
2015-09-15	0.004099	0.090896	0.099513	0.080204	0.256855	2996300.000000
2015-09-14	-0.000439	0.091055	0.098393	0.086429	-0.027519	2126500.000000
2015-09-11	0.008857	0.088489	0.100075	0.082534	0.550407	3046100.000000
2015-09-10	-0.006891	0.089938	0.094732	0.078591	-0.431167	3225600.000000
2015-09-09	-0.016580	0.094341	0.096385	0.070295	-1.054936	3278600.000000
2015-09-08	0.016115	0.098722	0.107824	0.094570	1.009083	2895200.000000
2015-09-04	-0.014723	0.080972	0.084119	0.069643	-0.935692	3287700.000000
2015-09-03	0.001735	0.096088	0.099240	0.088049	0.110077	2329300.000000
2015-09-02	0.001593	0.100044	0.101623	0.084099	0.100910	3501800.000000
2015-09-01	-0.026230	0.080106	0.080567	0.055509	-1.706272	3813100.000000
2015-08-31	-0.020445	0.081816	0.089496	0.059378	-1.357674	4338400.000000
2015-08-28	-0.001793	0.091300	0.091300	0.069655	-0.119255	3022400.000000
2015-08-27	0.010873	0.097544	0.106509	0.089490	0.715531	4762900.000000
2015-08-26	0.021792	0.105779	0.116958	0.095066	1.403534	6795900.000000
2015-08-25	-0.030784	0.102588	0.115379	0.055637	-2.045685	5583000.000000
2015-08-24	-0.055664	0.060966	0.068498	0.023592	-3.917076	7492800.000000
2015-08-21	-0.000782	0.081294	0.100889	0.077318	-0.055046	6031900.000000
2015-08-20	-0.005699	0.084027	0.093486	0.076544	-0.403618	3740000.000000
2015-08-19	0.012723	0.088096	0.106541	0.081090	0.889831	4419200.000000
2015-08-18	-0.003659	0.088246	0.089671	0.082690	-0.256866	2681100.000000
2015-08-17	0.001964	0.091240	0.098234	0.086815	0.137596	2401600.000000
2015-08-14	0.010452	0.087069	0.103079	0.083752	0.724701	2455800.000000
2015-08-13	0.000265	0.087501	0.093993	0.077258	0.018364	2690600.000000
2015-08-12	0.014705	0.089146	0.113301	0.086511	1.004486	4380600.000000
2015-08-11	0.006416	0.105564	0.117939	0.098639	0.435501	3431800.000000
2015-08-10	-0.004524	0.102175	0.105988	0.093962	-0.308479	3594500.000000
2015-08-07	0.017741	0.098443	0.124565	0.091727	1.188560	3637500.000000
2015-08-06	-0.001892	0.102175	0.102175	0.082361	-0.127014	4098000.000000
2015-08-05	0.000812	0.106350	0.110674	0.098299	0.054443	1979300.000000
2015-08-04	-0.013874	0.100999	0.100999	0.084678	-0.943595	2413800.000000
2015-08-03	0.009970	0.103363	0.114946	0.103215	0.671394	2754400.000000
2015-07-31	0.010483	0.113430	0.124384	0.110879	0.698624	2761200.000000
2015-07-30	0.004651	0.096748	0.110768	0.095693	0.308487	2479200.000000
2015-07-29	-0.000273	0.099161	0.104285	0.091324	-0.018143	2797100.000000
2015-07-28	0.001781	0.099156	0.107913	0.097344	0.117950	3242800.000000
2015-07-27	0.018273	0.103251	0.127081	0.103098	1.188538	3104000.000000
2015-07-24	0.001817	0.102329	0.109260	0.097400	0.117950	1817700.000000
2015-07-23	-0.011193	0.100500	0.101261	0.081615	-0.734916	3358700.000000
2015-07-22	-0.000690	0.102784	0.111307	0.100197	-0.045342	3316600.000000
2015-07-21	-0.011601	0.101122	0.101122	0.083372	-0.771217	2939800.000000
2015-07-20	-0.004078	0.102625	0.105321	0.090190	-0.272187	2897000.000000
2015-07-17	-0.016575	0.097461	0.101144	0.082875	-1.125053	3779600.000000
2015-07-16	0.010673	0.103515	0.116619	0.102920	0.716774	3137300.000000
2015-07-15	0.002981	0.100682	0.107402	0.095604	0.199600	2521500.000000
2015-07-14	-0.007397	0.105288	0.108994	0.089575	-0.499008	3372500.000000
2015-07-13	-0.000269	0.105139	0.110623	0.095802	-0.018158	2796000.000000
2015-07-10	0.004051	0.106788	0.118544	0.100836	0.272209	2381600.000000
2015-07-09	-0.009627	0.104533	0.108660	0.085965	-0.653251	4495900.000000
2015-07-08	-0.006377	0.095732	0.106568	0.093829	-0.435517	2918900.000000
2015-07-07	0.033219	0.107773	0.145445	0.107773	2.195664	6836500.000000
2015-07-06	0.004412	0.099744	0.109317	0.097465	0.290336	2830200.000000
2015-07-02	0.020399	0.111479	0.126365	0.107602	1.315575	3377400.000000
2015-07-01	0.006514	0.104985	0.109979	0.096244	0.417358	2372500.000000
2015-06-30	-0.003246	0.104353	0.105131	0.095330	-0.208679	3911300.000000
2015-06-29	-0.002113	0.103417	0.113197	0.099381	-0.136108	3219700.000000
2015-06-26	0.004528	0.100772	0.112935	0.098901	0.290352	4537300.000000
2015-06-25	-0.003525	0.106215	0.108391	0.098290	-0.226830	2899700.000000
2015-06-24	-0.011842	0.105707	0.109392	0.089124	-0.771202	4908400.000000
2015-06-23	-0.017654	0.099912	0.102929	0.082566	-1.170418	3937400.000000
2015-06-22	-0.001776	0.106090	0.107445	0.097809	-0.117935	2246200.000000
2015-06-19	-0.017977	0.099366	0.101879	0.081474	-1.215790	7284800.000000
2015-06-18	0.019978	0.104136	0.124949	0.104136	1.324662	4779000.000000
2015-06-17	0.007028	0.101416	0.111743	0.092607	0.462715	3861500.000000
2015-06-16	0.000966	0.104000	0.105368	0.096702	0.063514	3215200.000000
2015-06-15	-0.000414	0.100200	0.107798	0.096705	-0.027214	2928200.000000
2015-06-12	-0.004529	0.094914	0.104747	0.094309	-0.299423	3788100.000000
2015-06-11	0.011242	0.110283	0.119308	0.109977	0.734917	3427300.000000
2015-06-10	-0.001109	0.109052	0.115469	0.100342	-0.072571	3512300.000000
2015-06-09	-0.004417	0.100958	0.109477	0.096546	-0.290344	3618200.000000
2015-06-08	-0.005491	0.099603	0.102175	0.093249	-0.362915	4761700.000000
2015-06-05	-0.018326	0.091630	0.096086	0.081976	-1.233925	5564700.000000
2015-06-04	0.000135	0.099204	0.109454	0.098610	0.009071	4544700.000000
2015-06-03	-0.011326	0.101441	0.107169	0.079853	-0.771194	5561800.000000
2015-06-02	-0.012500	0.096809	0.096809	0.083467	-0.861939	5105400.000000
2015-06-01	0.003565	0.109889	0.111344	0.101593	0.244965	4027000.000000
2015-05-29	-0.002896	0.105223	0.106674	0.096806	-0.199593	3115900.000000
2015-05-28	-0.003412	0.101886	0.103477	0.095523	-0.235908	3167200.000000
2015-05-27	0.005940	0.105667	0.111486	0.103194	0.408279	2789200.000000
2015-05-26	-0.003813	0.101885	0.103479	0.091305	-0.263122	2851500.000000
2015-05-22	-0.001444	0.099859	0.103767	0.095807	-0.099808	2150700.000000
2015-05-21	-0.004965	0.102607	0.103615	0.094687	-0.344765	3192700.000000
2015-05-20	0.004594	0.102320	0.113603	0.101597	0.317559	3395300.000000
2015-05-19	0.002104	0.095797	0.106814	0.095362	0.145172	2802900.000000
2015-05-18	-0.001576	0.099136	0.103912	0.094794	-0.108872	3076900.000000
2015-05-15	0.008743	0.105679	0.117651	0.105679	0.598808	3333200.000000
2015-05-14	0.014105	0.100843	0.122312	0.098918	0.952660	5111600.000000
2015-05-13	-0.014105	0.105460	0.109255	0.080790	-0.966263	4505800.000000
2015-05-12	-0.003526	0.107671	0.113926	0.098943	-0.242424	4115000.000000
2015-05-11	-0.007003	0.112191	0.122735	0.103958	-0.484833	2892200.000000
2015-05-08	0.003906	0.125960	0.132920	0.113055	0.269341	3378500.000000
2015-05-07	0.005235	0.113634	0.123984	0.113634	0.359146	3601600.000000
2015-05-06	0.002098	0.112758	0.120207	0.106330	0.143654	4844900.000000
2015-05-05	-0.021934	0.108780	0.112066	0.088779	-1.535309	3820400.000000
2015-05-04	0.000770	0.113780	0.127363	0.110635	0.053871	2745900.000000
2015-05-01	0.004254	0.115790	0.121821	0.103729	0.296280	2861400.000000
2015-04-30	-0.010965	0.113638	0.113638	0.092905	-0.772140	4305700.000000
2015-04-29	-0.006838	0.103484	0.109126	0.096996	-0.484841	3873200.000000
2015-04-28	0.007656	0.109090	0.122591	0.106532	0.538712	2626000.000000
2015-04-27	-0.013097	0.116445	0.118268	0.096528	-0.933769	2860900.000000
2015-04-24	0.006975	0.113215	0.128186	0.112226	0.493827	2599700.000000
2015-04-23	0.007152	0.111931	0.127436	0.111504	0.502785	2429300.000000
2015-04-22	0.002946	0.119915	0.122910	0.110927	0.206505	2466800.000000
2015-04-21	-0.006869	0.114064	0.124832	0.100462	-0.484818	3312000.000000
2015-04-20	0.016815	0.118534	0.140288	0.116661	1.167183	2624900.000000
2015-04-17	0.000000	0.109170	0.119975	0.106577	0.000000	2924500.000000
2015-04-16	-0.009100	0.111353	0.113352	0.095507	-0.637458	2903600.000000
2015-04-15	0.005542	0.115646	0.127848	0.113637	0.386062	2671800.000000
2015-04-14	0.004661	0.115943	0.124308	0.112915	0.323212	2260200.000000
2015-04-13	-0.007836	0.110203	0.115211	0.103764	-0.547669	2265500.000000
2015-04-10	0.010778	0.116528	0.131136	0.116094	0.745217	2191300.000000
2015-04-09	-0.003752	0.111187	0.112339	0.102685	-0.260384	2050900.000000
2015-04-08	-0.004507	0.111628	0.113350	0.100154	-0.314247	3168200.000000
2015-04-07	-0.007541	0.112214	0.116912	0.102392	-0.529732	3690800.000000
2015-04-06	0.016500	0.120581	0.139248	0.118121	1.140274	5267500.000000
2015-04-02	0.001822	0.113345	0.120304	0.108416	0.125695	2505500.000000
2015-04-01	0.000651	0.116101	0.122629	0.104786	0.044883	3388400.000000
2015-03-31	0.011594	0.112900	0.127721	0.107910	0.790108	6030800.000000
2015-03-30	0.012000	0.119869	0.131304	0.115117	0.808060	3353500.000000
2015-03-27	0.008742	0.118424	0.126363	0.113031	0.583595	3182700.000000
2015-03-26	-0.008138	0.112146	0.117049	0.094018	-0.547684	4173700.000000
2015-03-25	-0.014462	0.117441	0.123884	0.095622	-0.987625	2984200.000000
2015-03-24	-0.009635	0.112040	0.120596	0.097972	-0.664406	2642300.000000
2015-03-23	0.001696	0.113925	0.118429	0.110439	0.116715	3073000.000000
2015-03-20	0.008683	0.115245	0.124623	0.111582	0.592567	7064800.000000
2015-03-19	-0.005104	0.110573	0.124568	0.105033	-0.350143	4431200.000000
2015-03-18	0.017581	0.113632	0.139444	0.109478	1.185165	5754400.000000
2015-03-17	-0.008321	0.108631	0.116428	0.100687	-0.565658	2565900.000000
2015-03-16	0.014743	0.122438	0.139456	0.121841	0.987632	3235700.000000
2015-03-13	-0.008900	0.113188	0.113188	0.094546	-0.601554	3090000.000000
2015-03-12	0.013462	0.119328	0.131473	0.118128	0.897827	3497400.000000
2015-03-11	-0.005622	0.119148	0.121682	0.103939	-0.377083	4941000.000000
2015-03-10	-0.000802	0.105437	0.124060	0.102160	-0.053864	5272100.000000
2015-03-09	-0.002668	0.114374	0.121506	0.110660	-0.179573	3301300.000000
2015-03-06	-0.033772	0.099136	0.099136	0.070280	-2.352348	6385700.000000
2015-03-05	0.006487	0.116814	0.125484	0.115080	0.448921	2562900.000000
2015-03-04	-0.005548	0.108176	0.110762	0.100273	-0.386085	2773200.000000
2015-03-03	0.005840	0.113780	0.120284	0.107276	0.404045	3688300.000000
2015-03-02	-0.018969	0.112788	0.112788	0.083153	-1.337792	5027800.000000
2015-02-27	-0.000127	0.112788	0.118175	0.106266	-0.008972	2474500.000000
2015-02-26	-0.005696	0.117445	0.118714	0.106591	-0.404037	2548600.000000
2015-02-25	-0.010520	0.115175	0.115314	0.098437	-0.754189	3250200.000000
2015-02-24	0.007444	0.111250	0.126708	0.106754	0.529717	3771500.000000
2015-02-23	0.006988	0.115903	0.126516	0.109535	0.493835	3944000.000000
2015-02-20	-0.005810	0.113358	0.119970	0.094366	-0.413002	4419200.000000
2015-02-19	-0.022231	0.117081	0.117356	0.088332	-1.616135	5473000.000000
2015-02-18	0.019902	0.111535	0.142259	0.108730	1.418602	4841300.000000
2015-02-17	-0.005636	0.108200	0.128846	0.099272	-0.404022	6286600.000000
2015-02-13	-0.015051	0.112544	0.112544	0.088361	-1.095375	4677500.000000
2015-02-12	-0.009652	0.111603	0.116502	0.100717	-0.709289	4835900.000000
2015-02-11	-0.018409	0.109840	0.112645	0.089938	-1.378197	3368200.000000
2015-02-10	0.017896	0.123039	0.146017	0.120184	1.316261	4130500.000000
2015-02-09	-0.004933	0.124940	0.131163	0.112223	-0.364647	3937400.000000
2015-02-06	-0.041628	0.115971	0.122973	0.070072	-3.210609	4356500.000000
2015-02-05	0.008607	0.131592	0.135253	0.121653	0.658134	2548600.000000
2015-02-04	-0.009219	0.122844	0.129582	0.111183	-0.711486	3686300.000000
2015-02-03	-0.002529	0.123106	0.125950	0.115481	-0.195679	3980100.000000
2015-02-02	-0.001606	0.122592	0.126334	0.111108	-0.124497	3610600.000000
2015-01-30	-0.024843	0.118107	0.124776	0.095584	-1.974395	3526400.000000
2015-01-29	0.017189	0.124527	0.146542	0.118256	1.342956	2850500.000000
2015-01-28	-0.009806	0.127441	0.140241	0.110965	-0.773750	3199800.000000
2015-01-27	0.001920	0.123256	0.133415	0.121860	0.151199	1907000.000000
2015-01-26	-0.001916	0.123258	0.124146	0.112993	-0.151199	1749500.000000
2015-01-23	0.001015	0.128459	0.132011	0.124145	0.080040	1815400.000000
2015-01-22	-0.000564	0.126301	0.132133	0.115016	-0.044464	2542200.000000
2015-01-21	0.011290	0.121963	0.138504	0.114269	0.880462	2834700.000000
2015-01-20	0.003892	0.125557	0.129290	0.116418	0.302384	3179900.000000
2015-01-16	0.006800	0.124010	0.132564	0.122325	0.524734	3903900.000000
2015-01-15	0.012487	0.127023	0.140932	0.120069	0.951622	3886000.000000
2015-01-14	0.002574	0.119268	0.128477	0.113611	0.195633	3383100.000000
2015-01-13	0.005411	0.128235	0.147810	0.126515	0.409126	3529600.000000
2015-01-12	0.000942	0.127973	0.131813	0.120692	0.071137	2300200.000000
2015-01-09	0.001415	0.126918	0.132089	0.116577	0.106735	2679100.000000
2015-01-08	0.004025	0.130389	0.135181	0.125730	0.302384	2165100.000000
2015-01-07	0.003207	0.125200	0.133613	0.117989	0.240127	2583500.000000
2015-01-06	0.016417	0.125485	0.150867	0.125485	1.209549	5290900.000000
2015-01-05	-0.014397	0.118379	0.122526	0.105135	-1.076156	3780400.000000
2015-01-02	0.006105	0.124399	0.133686	0.118342	0.453590	2266200.000000
2014-12-31	-0.013695	0.125992	0.130506	0.108469	-1.031662	2802400.000000
2014-12-30	-0.024531	0.124399	0.124399	0.094745	-1.894356	2983900.000000
2014-12-29	0.011887	0.123613	0.143792	0.122958	0.907173	4068700.000000
2014-12-26	0.009886	0.126516	0.143719	0.126384	0.747048	2984900.000000
2014-12-24	0.015416	0.126280	0.145092	0.126280	1.147270	2407400.000000
2014-12-23	0.000838	0.126551	0.132468	0.122785	0.062286	2022200.000000
2014-12-22	0.009173	0.127385	0.136478	0.124263	0.675896	2688100.000000
2014-12-19	-0.001927	0.126024	0.132391	0.119793	-0.142296	4738100.000000
2014-12-18	0.020155	0.124537	0.147061	0.122050	1.458557	4349700.000000
2014-12-17	0.009303	0.131233	0.138625	0.120773	0.667023	3382100.000000
2014-12-16	-0.006409	0.126062	0.136732	0.111511	-0.462471	3606600.000000
2014-12-15	-0.018745	0.124399	0.127391	0.102507	-1.378502	4389300.000000
2014-12-12	-0.002413	0.119380	0.132945	0.117210	-0.177879	3339500.000000
2014-12-11	0.007781	0.128910	0.141624	0.128637	0.569191	2956600.000000
2014-12-10	0.000852	0.124262	0.137944	0.122483	0.062256	3936100.000000
2014-12-09	0.006738	0.121231	0.134041	0.118201	0.489158	3871300.000000
2014-12-08	0.011148	0.126906	0.143480	0.126906	0.800408	3740300.000000
2014-12-05	-0.019672	0.112657	0.115387	0.095453	-1.440758	3577200.000000
2014-12-04	0.004636	0.124948	0.131395	0.121655	0.337959	2533800.000000
2014-12-03	-0.004494	0.121395	0.126038	0.113201	-0.329063	2207300.000000
2014-12-02	0.004146	0.122205	0.131803	0.115760	0.302376	3174700.000000
2014-12-01	0.013597	0.117311	0.149972	0.114114	0.978302	5087200.000000
2014-11-28	0.015184	0.128773	0.151207	0.127926	1.076126	2393300.000000
2014-11-26	0.006823	0.126672	0.135480	0.126672	0.480262	1990600.000000
2014-11-25	0.001518	0.126391	0.128098	0.117001	0.106720	4188600.000000
2014-11-24	-0.009276	0.128487	0.130742	0.113687	-0.658111	5065200.000000
2014-11-21	-0.004989	0.131832	0.132253	0.111356	-0.355744	5247700.000000
2014-11-20	-0.002613	0.124399	0.130554	0.120203	-0.186775	2114100.000000
2014-11-19	0.000872	0.122859	0.129579	0.115719	0.062264	2756400.000000
2014-11-18	0.000124	0.126499	0.132520	0.118518	0.008865	3762500.000000
2014-11-17	0.015042	0.125252	0.143871	0.124115	1.058350	2983100.000000
2014-11-14	0.001519	0.118136	0.131801	0.118136	0.106735	3204600.000000
2014-11-13	-0.010770	0.127074	0.133411	0.108346	-0.764862	4119200.000000
2014-11-12	-0.024614	0.112793	0.118699	0.093976	-1.792076	5524500.000000
2014-11-11	-0.001811	0.132713	0.139294	0.129149	-0.132103	2740400.000000
2014-11-10	0.008894	0.135595	0.148597	0.135180	0.642982	2582500.000000
2014-11-07	0.011211	0.135738	0.148186	0.133220	0.801544	3273200.000000
2014-11-06	-0.027904	0.124849	0.127840	0.102278	-2.052299	6788300.000000
2014-11-05	0.015444	0.138632	0.158375	0.132142	1.118629	5372500.000000
2014-11-04	-0.001821	0.136145	0.141106	0.127876	-0.132125	2402100.000000
2014-11-03	0.002800	0.136424	0.141537	0.131172	0.202590	2347200.000000
2014-10-31	-0.001701	0.138215	0.140699	0.122211	-0.123313	3229600.000000
2014-10-30	0.025165	0.139985	0.164596	0.136733	1.779243	3293600.000000
2014-10-29	-0.005575	0.134193	0.142632	0.119003	-0.396362	2701300.000000
2014-10-28	0.001365	0.136586	0.138417	0.122220	0.096901	3206300.000000
2014-10-27	0.003860	0.136449	0.147194	0.135318	0.273025	2045500.000000
2014-10-24	0.002873	0.136311	0.142124	0.135035	0.202606	2846500.000000
2014-10-23	-0.001123	0.138151	0.140134	0.128237	-0.079277	2946900.000000
2014-10-22	0.013657	0.137184	0.153551	0.135749	0.951271	3736100.000000
2014-10-21	-0.005283	0.137460	0.138745	0.127749	-0.369941	3715900.000000
2014-10-20	0.013643	0.137345	0.152834	0.137200	0.942482	2503200.000000
2014-10-17	0.003326	0.136480	0.141418	0.119051	0.228988	3517500.000000
2014-10-16	-0.009252	0.122512	0.129706	0.108554	-0.642990	5226200.000000
2014-10-15	0.000380	0.129128	0.146402	0.114733	0.026421	6592100.000000
2014-10-14	0.018861	0.142651	0.170517	0.134878	1.285995	5818900.000000
2014-10-13	0.007549	0.133397	0.158666	0.132510	0.510865	4942800.000000
2014-10-10	0.005760	0.140668	0.153153	0.140223	0.387558	3985700.000000
2014-10-09	-0.008566	0.134581	0.144306	0.124267	-0.581330	3471900.000000
2014-10-08	0.024465	0.137733	0.163999	0.135318	1.620682	3963000.000000
2014-10-07	0.001865	0.135318	0.148778	0.132293	0.123314	3057600.000000
2014-10-06	-0.001330	0.139094	0.141662	0.130183	-0.088059	1814200.000000
2014-10-03	0.002400	0.135772	0.139709	0.125326	0.158532	2670700.000000
2014-10-02	-0.004117	0.134112	0.142404	0.129136	-0.273056	3516100.000000
2014-10-01	0.007089	0.139570	0.149895	0.136685	0.466842	5296800.000000
2014-09-30	0.007818	0.136389	0.150927	0.132870	0.510857	4188600.000000
2014-09-29	0.001485	0.129341	0.137004	0.125356	0.096893	2041500.000000
2014-09-26	0.001623	0.134244	0.139923	0.125340	0.105698	2988200.000000
2014-09-25	0.003392	0.134702	0.142557	0.134394	0.220207	4234700.000000
2014-09-24	0.000543	0.136243	0.138863	0.131157	0.035225	2160500.000000
2014-09-23	-0.002707	0.135011	0.141005	0.131322	-0.176155	3157900.000000
2014-09-22	-0.006857	0.129518	0.134555	0.121581	-0.449211	3061600.000000
2014-09-19	0.012248	0.140262	0.150614	0.137945	0.792724	4045600.000000
2014-09-18	-0.011036	0.138069	0.139138	0.119274	-0.722267	3476900.000000
2014-09-17	-0.000673	0.139746	0.142495	0.129363	-0.044052	2991900.000000
2014-09-16	0.012391	0.143048	0.153096	0.141656	0.801544	3483900.000000
2014-09-15	0.005201	0.139825	0.145263	0.136872	0.334717	2300300.000000
2014-09-12	-0.018802	0.130286	0.132574	0.112295	-1.233139	3826100.000000
2014-09-11	0.014580	0.141042	0.152335	0.137020	0.942474	2865400.000000
2014-09-10	-0.005421	0.133164	0.134857	0.125625	-0.352333	2977000.000000
2014-09-09	-0.014688	0.130922	0.133196	0.117884	-0.968895	3669300.000000
2014-09-08	-0.000134	0.130922	0.136076	0.126223	-0.008819	3403400.000000
2014-09-05	0.011889	0.135778	0.148969	0.135011	0.775131	3010900.000000
2014-09-04	0.002166	0.132398	0.141159	0.129323	0.140930	2247900.000000
2014-09-03	0.005582	0.137791	0.145211	0.136091	0.361138	2121400.000000
2014-09-02	-0.007299	0.135778	0.136852	0.121508	-0.475655	4079200.000000
2014-08-29	0.009276	0.136867	0.146004	0.135938	0.598976	2985100.000000
2014-08-28	0.005210	0.130648	0.143257	0.129714	0.334686	1872700.000000
2014-08-27	0.008435	0.137359	0.145365	0.135475	0.537289	1890000.000000
2014-08-26	-0.009043	0.134540	0.137651	0.123651	-0.581326	2118900.000000
2014-08-25	0.001510	0.140148	0.145445	0.136097	0.096894	1795200.000000
2014-08-22	-0.002328	0.142157	0.147908	0.128479	-0.149742	2518100.000000
2014-08-21	0.003848	0.136098	0.145148	0.133446	0.246627	2020900.000000
2014-08-20	-0.001646	0.130645	0.134851	0.126439	-0.105690	2073300.000000
2014-08-19	0.010959	0.136578	0.148390	0.134531	0.695843	2188000.000000
2014-08-18	0.000000	0.138625	0.144137	0.132641	0.000000	1826000.000000
2014-08-15	0.000139	0.132168	0.145084	0.131695	0.008801	2981800.000000
2014-08-14	0.016213	0.135798	0.154045	0.135798	1.012939	3587200.000000
2014-08-13	0.004888	0.138776	0.143923	0.132664	0.303867	2141900.000000
2014-08-12	-0.002794	0.149067	0.153559	0.142973	-0.174198	2847600.000000
2014-08-11	-0.002369	0.152105	0.156106	0.144105	-0.148071	2116800.000000
2014-08-08	0.016289	0.153797	0.167132	0.153472	1.001659	2756900.000000
2014-08-07	0.010882	0.155338	0.176545	0.151557	0.661953	3607400.000000
2014-08-06	-0.016061	0.146326	0.146811	0.123843	-0.992946	7066800.000000
2014-08-05	-0.016897	0.137292	0.148105	0.123776	-1.062607	3111600.000000
2014-08-04	-0.010146	0.147948	0.148577	0.115365	-0.644554	4511200.000000
2014-08-01	0.011230	0.149856	0.167843	0.148424	0.705528	3960200.000000
2014-07-31	-0.012594	0.141190	0.148891	0.132546	-0.801323	3249000.000000
2014-07-30	-0.012571	0.148881	0.151519	0.126378	-0.810039	2782200.000000
2014-07-29	-0.005511	0.148260	0.149494	0.138382	-0.357102	2236300.000000
2014-07-28	0.016118	0.149673	0.168022	0.148419	1.027767	3281100.000000
2014-07-25	-0.011076	0.145314	0.150431	0.133682	-0.714214	2142900.000000
2014-07-24	0.008583	0.149669	0.162339	0.148887	0.548729	2240800.000000
2014-07-23	0.001501	0.148105	0.151395	0.145129	0.095810	1677100.000000
2014-07-22	-0.000954	0.149201	0.150922	0.144819	-0.060967	2016700.000000
2014-07-21	0.003419	0.145121	0.155957	0.143708	0.217740	2043300.000000
2014-07-18	0.010365	0.151913	0.161116	0.143821	0.653259	2604800.000000
2014-07-17	-0.000828	0.152544	0.154605	0.143032	-0.052254	3007900.000000
2014-07-16	0.005414	0.149221	0.155437	0.142845	0.339680	1894100.000000
2014-07-15	0.006849	0.149389	0.161907	0.149389	0.426788	2253700.000000
2014-07-14	-0.008592	0.148900	0.150651	0.137922	-0.540024	2358300.000000
2014-07-11	-0.003177	0.149850	0.152863	0.143664	-0.200317	1863000.000000
2014-07-10	0.003883	0.146831	0.158136	0.146831	0.243874	2001700.000000
2014-07-09	-0.002903	0.145883	0.151280	0.138263	-0.182892	1993500.000000
2014-07-08	0.010338	0.150351	0.166390	0.149067	0.644523	3182400.000000
2014-07-07	0.002662	0.145854	0.153252	0.143924	0.165509	3140000.000000
2014-07-03	-0.011493	0.143813	0.143813	0.125690	-0.722958	3496500.000000
2014-07-02	-0.019150	0.146078	0.146858	0.120818	-1.228096	4515700.000000
2014-07-01	-0.007548	0.148260	0.148879	0.137582	-0.487755	1998700.000000
2014-06-30	0.006648	0.149196	0.158854	0.145613	0.426781	2854400.000000
2014-06-27	0.007243	0.143712	0.159246	0.141044	0.461635	2173700.000000
2014-06-26	0.001780	0.145904	0.150777	0.143547	0.113217	2259000.000000
2014-06-25	0.009398	0.145884	0.160005	0.144297	0.592289	2983300.000000
2014-06-24	0.000138	0.148740	0.151596	0.145566	0.008697	2350700.000000
2014-06-23	0.000415	0.149217	0.151122	0.140168	0.026158	2527700.000000
2014-06-20	-0.012427	0.148732	0.149516	0.132270	-0.792645	4002400.000000
2014-06-19	0.011325	0.149215	0.163802	0.131457	0.714241	4881800.000000
2014-06-18	0.024042	0.147618	0.176033	0.145995	1.480706	3447500.000000
2014-06-17	-0.005765	0.143585	0.144392	0.134060	-0.357121	2325700.000000
2014-06-16	0.004095	0.152644	0.164153	0.147781	0.252602	2666000.000000
2014-06-13	0.003542	0.145665	0.154775	0.139484	0.217746	2599900.000000
2014-06-12	0.013643	0.147940	0.166408	0.134584	0.827446	4287000.000000
2014-06-11	-0.012480	0.146151	0.149408	0.133125	-0.766468	3554400.000000
2014-06-10	-0.004940	0.145513	0.151022	0.140976	-0.304863	2362500.000000
2014-06-09	-0.006728	0.144726	0.146818	0.136196	-0.418075	2299600.000000
2014-06-06	-0.005437	0.147785	0.151466	0.140422	-0.339695	2145200.000000
2014-06-05	0.010139	0.145842	0.161686	0.144548	0.627121	2472900.000000
2014-06-04	0.004385	0.146481	0.153626	0.143396	0.270008	1998200.000000
2014-06-03	-0.002117	0.147781	0.148915	0.138706	-0.130650	2420400.000000
2014-06-02	-0.003236	0.146005	0.149236	0.140513	-0.200336	1919200.000000
2014-05-30	0.002115	0.145030	0.151019	0.139688	0.130653	2531000.000000
2014-05-29	0.002403	0.150377	0.151675	0.141777	0.148071	1817700.000000
2014-05-28	0.004258	0.148431	0.155600	0.147942	0.261300	2230100.000000
2014-05-27	0.002561	0.160847	0.164115	0.150556	0.156787	2299100.000000
2014-05-23	-0.003827	0.146477	0.154289	0.143060	-0.235195	1523300.000000
2014-05-22	0.008866	0.149419	0.159762	0.149419	0.540047	1834700.000000
2014-05-21	-0.002283	0.150726	0.153019	0.143027	-0.139362	1885300.000000
2014-05-20	-0.002987	0.149575	0.156271	0.138796	-0.182915	2656200.000000
2014-05-19	-0.014716	0.146657	0.148588	0.125577	-0.914551	3489800.000000
2014-05-16	-0.000420	0.147140	0.151965	0.142958	-0.026131	2023300.000000
2014-05-15	0.001543	0.150360	0.163087	0.148911	0.095810	2668100.000000
2014-05-14	0.004652	0.151342	0.160729	0.146648	0.287430	2578600.000000
2014-05-13	-0.000557	0.164934	0.168169	0.157332	-0.034462	3120000.000000
2014-05-12	-0.003056	0.164438	0.166534	0.153956	-0.189529	3618000.000000
2014-05-09	-0.011807	0.160410	0.163916	0.144794	-0.740910	3813600.000000
2014-05-08	-0.013275	0.159943	0.159943	0.141389	-0.844284	3008600.000000
2014-05-07	0.010264	0.161523	0.174072	0.158187	0.646118	2520200.000000
2014-05-06	-0.006121	0.156624	0.161360	0.150309	-0.387676	2847200.000000
2014-05-05	0.009058	0.160729	0.172518	0.159136	0.568604	2776800.000000
2014-05-02	-0.023063	0.155593	0.155593	0.128045	-1.481839	4505100.000000
2014-05-01	0.001208	0.162443	0.165248	0.148730	0.077553	2267600.000000
2014-04-30	-0.000537	0.161663	0.168983	0.159639	-0.034454	3001700.000000
2014-04-29	-0.003610	0.159798	0.165850	0.153125	-0.232628	2617600.000000
2014-04-28	0.010811	0.160728	0.174218	0.156807	0.689209	3717400.000000
2014-04-25	0.012867	0.161047	0.176457	0.161047	0.809860	2546600.000000
2014-04-24	0.006198	0.160569	0.172399	0.153376	0.387692	2121100.000000
2014-04-23	-0.002473	0.161207	0.173805	0.157380	-0.155083	2491200.000000
2014-04-22	0.004554	0.159127	0.167937	0.153200	0.284294	2210400.000000
2014-04-21	-0.001516	0.161848	0.168726	0.153211	-0.094761	1808100.000000
2014-04-17	-0.009013	0.155657	0.165484	0.146146	-0.568615	2851800.000000
2014-04-16	0.005769	0.163758	0.167584	0.156744	0.361870	2591500.000000
2014-04-15	0.010267	0.160568	0.172808	0.159440	0.637512	3372100.000000
2014-04-14	0.003202	0.164122	0.169454	0.157336	0.198166	2119600.000000
2014-04-11	0.003492	0.159756	0.171916	0.157000	0.215367	2751000.000000
2014-04-10	-0.003202	0.161698	0.171719	0.154103	-0.198151	2982500.000000
2014-04-09	-0.009516	0.158968	0.160569	0.138638	-0.594448	4726000.000000
2014-04-08	0.019258	0.159424	0.183735	0.151266	1.180294	5126400.000000
2014-04-07	0.009221	0.162376	0.180160	0.160400	0.560001	4313700.000000
2014-04-04	0.000568	0.164683	0.177370	0.161058	0.034447	2831100.000000
2014-04-03	0.002704	0.164528	0.168824	0.159737	0.163681	1674900.000000
2014-04-02	-0.005801	0.160729	0.160729	0.151531	-0.353214	1976000.000000
2014-04-01	-0.007723	0.163499	0.163499	0.148831	-0.473854	2507200.000000
2014-03-31	0.011073	0.164519	0.174735	0.162706	0.671997	3099100.000000
2014-03-28	0.000284	0.160894	0.162048	0.152487	0.017238	3083000.000000
2014-03-27	0.013237	0.163234	0.176762	0.156553	0.792591	3027800.000000
2014-03-26	-0.006007	0.161227	0.166207	0.152761	-0.361824	3294200.000000
2014-03-25	0.008655	0.162236	0.173622	0.159222	0.516903	3099700.000000
2014-03-24	0.003474	0.152832	0.166778	0.152832	0.206772	3001400.000000
2014-03-21	-0.001301	0.170294	0.174153	0.158212	-0.077537	4560600.000000
2014-03-20	0.006695	0.159040	0.170020	0.150424	0.396309	4275400.000000
2014-03-19	-0.021782	0.156763	0.159242	0.127018	-1.318135	5175100.000000
2014-03-18	-0.012096	0.162198	0.162851	0.142444	-0.740925	4195700.000000
2014-03-17	0.005658	0.164997	0.171565	0.157445	0.344616	3401200.000000
2014-03-14	0.001842	0.159413	0.169940	0.156946	0.112004	2939200.000000
2014-03-13	0.002985	0.161224	0.171122	0.159244	0.180915	3912500.000000
2014-03-12	0.012811	0.160060	0.176100	0.159726	0.766758	3202400.000000
2014-03-11	-0.002155	0.163563	0.164563	0.150725	-0.129234	2764700.000000
2014-03-10	-0.006280	0.157747	0.160895	0.149629	-0.379066	2542800.000000
2014-03-07	0.000428	0.158574	0.163381	0.150453	0.025844	3668800.000000
2014-03-06	-0.001141	0.163047	0.163543	0.152616	-0.068928	3589600.000000
2014-03-05	-0.000142	0.161226	0.170495	0.157915	-0.008605	2192700.000000
2014-03-04	0.000999	0.168848	0.169511	0.157912	0.060306	2626700.000000
2014-03-03	-0.011710	0.155980	0.163513	0.146318	-0.715061	2508400.000000
2014-02-28	0.006389	0.160234	0.172924	0.159410	0.387676	2931100.000000
2014-02-27	-0.006349	0.158764	0.163840	0.150412	-0.387676	2480900.000000
2014-02-26	-0.002112	0.162200	0.165631	0.155663	-0.129242	3431200.000000
2014-02-25	-0.001125	0.160402	0.172155	0.157954	-0.068916	2615100.000000
2014-02-24	-0.005315	0.160891	0.170795	0.154234	-0.327378	2522500.000000
2014-02-21	-0.003485	0.158626	0.168495	0.156199	-0.215381	2926100.000000
2014-02-20	0.000279	0.161376	0.167202	0.156035	0.017219	3481800.000000
2014-02-19	0.003077	0.159105	0.175339	0.148066	0.189541	3274600.000000
2014-02-18	0.000700	0.165765	0.180548	0.158130	0.043087	4797900.000000
2014-02-14	0.000280	0.156666	0.163491	0.151141	0.017223	2784900.000000
2014-02-13	0.007902	0.158763	0.171702	0.156798	0.482449	2269900.000000
2014-02-12	0.004963	0.159412	0.166983	0.156284	0.301525	2509700.000000
2014-02-11	0.007916	0.172406	0.185844	0.169586	0.477188	2631900.000000
2014-02-10	0.010716	0.171555	0.187820	0.165687	0.639084	3071500.000000
2014-02-07	-0.000286	0.168036	0.175244	0.162504	-0.017040	3805000.000000
2014-02-06	0.005602	0.174916	0.181827	0.166150	0.332310	2774000.000000
2014-02-05	-0.004575	0.172560	0.172560	0.162493	-0.272675	2848800.000000
2014-02-04	-0.007380	0.177398	0.177398	0.156911	-0.443092	3625600.000000
2014-02-03	-0.002266	0.174564	0.192346	0.164759	-0.136341	5425300.000000
2014-01-31	0.010445	0.164836	0.186833	0.164500	0.622047	4776100.000000
2014-01-30	0.013045	0.176119	0.189387	0.175609	0.766899	3444400.000000
2014-01-29	0.002470	0.171351	0.181923	0.168793	0.144852	4436700.000000
2014-01-28	0.001309	0.173909	0.177324	0.169128	0.076687	2460900.000000
2014-01-27	0.006885	0.174255	0.186118	0.173739	0.400489	3862100.000000
2014-01-24	-0.003940	0.167402	0.187267	0.164491	-0.230064	4705900.000000
2014-01-23	-0.001748	0.168268	0.174935	0.161943	-0.102264	2873700.000000
2014-01-22	0.002044	0.173396	0.181447	0.172368	0.119304	2314400.000000
2014-01-21	0.013911	0.178951	0.191109	0.177041	0.800965	3029700.000000
2014-01-17	0.003118	0.173742	0.179491	0.170780	0.178955	3302500.000000
2014-01-16	0.003426	0.175665	0.180385	0.172169	0.195980	3000100.000000
2014-01-15	-0.006512	0.171657	0.175304	0.164536	-0.374935	3473700.000000
2014-01-14	-0.002951	0.174433	0.177550	0.169412	-0.170399	3290600.000000
2014-01-13	-0.011955	0.164157	0.166895	0.156458	-0.698727	3940100.000000
2014-01-10	0.010608	0.179100	0.201752	0.178236	0.613495	4036300.000000
2014-01-09	0.000295	0.174259	0.176335	0.166649	0.017056	2379900.000000
2014-01-08	-0.009345	0.170826	0.172025	0.159003	-0.545353	3881300.000000
2014-01-07	0.007799	0.174776	0.183410	0.174258	0.451622	2772200.000000
2014-01-06	0.000589	0.174950	0.178405	0.169075	0.034080	2470000.000000
2014-01-03	-0.003229	0.174428	0.178045	0.166161	-0.187481	2593100.000000
2014-01-02	-0.012607	0.176798	0.177479	0.156391	-0.741314	3371000.000000
2013-12-31	-0.001447	0.173397	0.175095	0.167624	-0.085220	2041000.000000
2013-12-30	0.002321	0.171014	0.177993	0.171014	0.136356	1573900.000000
2013-12-27	0.002618	0.176469	0.182100	0.173397	0.153389	1947700.000000
2013-12-26	-0.007362	0.173229	0.175092	0.163065	-0.434581	2568200.000000
2013-12-24	0.003331	0.170508	0.180366	0.166429	0.195980	1426400.000000
2013-12-23	-0.006475	0.180828	0.180828	0.165969	-0.383450	3044700.000000
2013-12-20	0.004480	0.174755	0.185101	0.171871	0.264153	3196400.000000
2013-12-19	-0.007744	0.169023	0.169192	0.152361	-0.460137	3073100.000000
2013-12-18	0.019743	0.173911	0.197766	0.165673	1.150341	3823400.000000
2013-12-17	-0.001898	0.173396	0.176479	0.164317	-0.110775	2973500.000000
2013-12-16	0.004693	0.189229	0.190778	0.174772	0.272671	3504500.000000
2013-12-13	0.000000	0.178042	0.181312	0.168921	0.000000	2939600.000000
2013-12-12	-0.002049	0.175285	0.181983	0.169789	-0.119297	3530600.000000
2013-12-11	-0.013570	0.173229	0.173567	0.156964	-0.800964	3492400.000000
2013-12-10	-0.007735	0.172223	0.175249	0.162977	-0.460137	1732100.000000
2013-12-09	-0.005414	0.173567	0.173567	0.159690	-0.323806	2014600.000000
2013-12-06	0.008477	0.180312	0.189417	0.175422	0.502738	2293700.000000
2013-12-05	-0.004577	0.171553	0.173735	0.162490	-0.272674	1990200.000000
2013-12-04	0.002437	0.168015	0.181980	0.162463	0.144863	2357200.000000
2013-12-03	0.002011	0.170195	0.179636	0.163957	0.119282	2326700.000000
2013-12-02	-0.005003	0.176419	0.176419	0.159812	-0.298233	2622100.000000
2013-11-29	-0.001000	0.174740	0.184125	0.168875	-0.059647	1478000.000000
2013-11-27	-0.006667	0.173401	0.177729	0.160916	-0.400486	2541000.000000
2013-11-26	-0.006903	0.173567	0.175055	0.165467	-0.417538	3158800.000000
2013-11-25	-0.001968	0.174227	0.176702	0.169938	-0.119289	2196400.000000
2013-11-22	0.005371	0.170582	0.187003	0.164610	0.323807	3480000.000000
2013-11-21	0.010281	0.176416	0.189655	0.169713	0.613506	3432100.000000
2013-11-20	-0.015326	0.175383	0.177363	0.155251	-0.928783	2656400.000000
2013-11-19	-0.005871	0.173567	0.176028	0.161920	-0.357880	2620200.000000
2013-11-18	-0.003621	0.173894	0.174385	0.164741	-0.221554	2422700.000000
2013-11-15	0.004056	0.166347	0.178327	0.166018	0.247120	2821700.000000
2013-11-14	0.008319	0.176877	0.189122	0.174229	0.502728	2576200.000000
2013-11-13	-0.000282	0.167943	0.173567	0.158513	-0.017041	3678900.000000
2013-11-12	-0.010076	0.182213	0.185488	0.169440	-0.615261	11658900.000000
2013-11-11	0.000276	0.186798	0.194006	0.179754	0.016831	1945400.000000
2013-11-08	-0.006719	0.182241	0.182892	0.156858	-0.412960	9150600.000000
2013-11-07	-0.003961	0.186471	0.191657	0.178530	-0.244438	8123300.000000
2013-11-06	0.010490	0.186307	0.199572	0.182705	0.640567	2341000.000000
2013-11-05	-0.000276	0.187945	0.195476	0.183360	-0.016857	3639500.000000
2013-11-04	-0.000552	0.189253	0.189744	0.172890	-0.033714	2553300.000000
2013-11-01	0.010874	0.190275	0.204004	0.188952	0.657402	2892200.000000
2013-10-31	-0.003888	0.186800	0.189107	0.168841	-0.235989	2822500.000000
2013-10-30	-0.008400	0.185981	0.193660	0.176015	-0.514122	2529100.000000
2013-10-29	0.003454	0.186635	0.193521	0.183356	0.210705	1848700.000000
2013-10-28	0.000000	0.185487	0.192209	0.181389	0.000000	2665400.000000
2013-10-25	0.010331	0.186140	0.199226	0.181336	0.623711	1807700.000000
2013-10-24	-0.001116	0.188291	0.189780	0.179522	-0.067444	2111900.000000
2013-10-23	0.008722	0.185637	0.209837	0.185470	0.522568	4412500.000000
2013-10-22	0.014702	0.187995	0.209164	0.186640	0.868118	2921300.000000
2013-10-21	-0.000286	0.185116	0.188502	0.177667	-0.016869	2143300.000000
2013-10-18	0.004012	0.189361	0.193100	0.185111	0.236000	2428500.000000
2013-10-17	0.011155	0.182518	0.202112	0.174440	0.648991	3028600.000000
2013-10-16	0.017391	0.189444	0.207105	0.187171	0.994545	3285900.000000
2013-10-15	-0.010645	0.182492	0.185087	0.168824	-0.615284	3163900.000000
2013-10-14	-0.003921	0.182163	0.184575	0.165619	-0.227558	2289500.000000
2013-10-11	0.008200	0.185429	0.196548	0.181780	0.471989	2327500.000000
2013-10-10	0.011554	0.190337	0.200355	0.175750	0.657406	2579900.000000
2013-10-09	0.004613	0.188413	0.207305	0.183999	0.261291	2986100.000000
2013-10-08	0.012964	0.185398	0.207575	0.184862	0.724838	3177200.000000
2013-10-07	-0.001355	0.183613	0.194151	0.181470	-0.075863	1484500.000000
2013-10-04	0.001508	0.185934	0.192910	0.183072	0.084278	1525500.000000
2013-10-03	-0.013680	0.181531	0.182413	0.165300	-0.775413	2690300.000000
2013-10-02	-0.000297	0.183297	0.187530	0.177300	-0.016830	1945500.000000
2013-10-01	0.007337	0.198375	0.200151	0.188781	0.412971	2455300.000000
2013-09-30	-0.001794	0.182215	0.191791	0.181150	-0.101143	2529200.000000
2013-09-27	-0.011086	0.180859	0.188225	0.169634	-0.632114	2299600.000000
2013-09-26	0.005798	0.187530	0.193704	0.187177	0.328705	2034800.000000
2013-09-25	-0.006353	0.193307	0.195410	0.178934	-0.362427	2387500.000000
2013-09-24	-0.000591	0.184018	0.190325	0.181741	-0.033714	2712900.000000
2013-09-23	0.005493	0.179602	0.197744	0.174846	0.311851	2536100.000000
2013-09-20	-0.008391	0.187345	0.188218	0.167608	-0.480408	5327700.000000
2013-09-19	-0.002496	0.186123	0.194311	0.177237	-0.143291	2916500.000000
2013-09-18	0.028856	0.184858	0.230388	0.180018	1.609810	3957200.000000
2013-09-17	0.002423	0.185932	0.197612	0.185573	0.134861	3620900.000000
2013-09-16	0.007323	0.221585	0.223214	0.190272	0.404556	4418900.000000
2013-09-13	0.008927	0.187019	0.197976	0.186836	0.488842	2587000.000000
2013-09-12	-0.005206	0.189014	0.193374	0.176298	-0.286556	2332500.000000
2013-09-11	-0.009704	0.187371	0.187551	0.167221	-0.539406	3288300.000000
2013-09-10	0.005795	0.188823	0.193528	0.181043	0.320270	1772900.000000
2013-09-09	0.001833	0.187377	0.190640	0.181758	0.101128	2389200.000000
2013-09-06	0.010031	0.191231	0.204231	0.191048	0.547852	2649300.000000
2013-09-05	0.001700	0.186471	0.191606	0.181519	0.092712	2123200.000000
2013-09-04	-0.004156	0.187019	0.187202	0.171859	-0.227566	2648100.000000
2013-09-03	-0.009756	0.191716	0.195153	0.171278	-0.539413	2316800.000000
2013-08-30	-0.000914	0.188820	0.195506	0.180508	-0.050579	2031600.000000
2013-08-29	-0.005905	0.185393	0.186291	0.176232	-0.328705	1649500.000000
2013-08-28	0.003037	0.187552	0.194399	0.181786	0.168575	1671900.000000
2013-08-27	0.000912	0.179618	0.197652	0.178175	0.050572	2352000.000000
2013-08-26	-0.008440	0.187544	0.190762	0.176457	-0.471997	1913700.000000
2013-08-23	0.006218	0.187011	0.195468	0.181613	0.345566	1819400.000000
2013-08-22	0.001975	0.188815	0.193322	0.181784	0.109574	2316900.000000
2013-08-21	-0.014673	0.185405	0.185405	0.165687	-0.825978	3356700.000000
2013-08-20	0.006935	0.185934	0.209009	0.185755	0.387695	4740300.000000
2013-08-19	-0.010738	0.184701	0.188948	0.171784	-0.606834	2446900.000000
2013-08-16	-0.012664	0.182802	0.186121	0.165331	-0.724846	3060500.000000
2013-08-15	-0.016082	0.179423	0.185612	0.165327	-0.935528	2922800.000000
2013-08-14	-0.014564	0.189012	0.189012	0.163771	-0.859722	3149100.000000
2013-08-13	0.000707	0.198158	0.202566	0.196972	0.041687	4044200.000000
2013-08-12	0.000000	0.199345	0.200701	0.194259	0.000000	7953000.000000
2013-08-09	-0.006458	0.199516	0.201874	0.189747	-0.383430	7238000.000000
2013-08-08	0.002533	0.201541	0.207282	0.196307	0.150036	9963900.000000
2013-08-07	-0.000984	0.194623	0.201540	0.190069	-0.058350	3032200.000000
2013-08-06	-0.003503	0.200188	0.202205	0.191279	-0.208382	2343400.000000
2013-08-05	-0.005296	0.203864	0.204032	0.192996	-0.316742	2286900.000000
2013-08-02	0.003356	0.198174	0.204549	0.194819	0.200047	1962200.000000
2013-08-01	0.007183	0.205260	0.210836	0.199684	0.425106	2143100.000000
2013-07-31	-0.006854	0.198342	0.200691	0.187602	-0.408432	2739800.000000
2013-07-30	0.003791	0.204401	0.211307	0.199853	0.225056	1927800.000000
2013-07-29	0.006074	0.196803	0.211378	0.196295	0.358429	1799400.000000
2013-07-26	0.002691	0.194416	0.203423	0.190848	0.158374	1915400.000000
2013-07-25	0.001419	0.196281	0.203428	0.193048	0.083359	1818900.000000
2013-07-24	-0.011359	0.199516	0.199516	0.180169	-0.675182	1419100.000000
2013-07-23	0.007630	0.200532	0.211042	0.197989	0.450111	1846500.000000
2013-07-22	-0.001552	0.197315	0.200531	0.195114	-0.091671	1665500.000000
2013-07-19	-0.003795	0.200021	0.201539	0.192940	-0.225071	2310600.000000
2013-07-18	0.006223	0.203078	0.210882	0.200872	0.366768	2394500.000000
2013-07-17	0.003121	0.206322	0.207173	0.196451	0.183377	2036300.000000
2013-07-16	-0.007323	0.199684	0.202894	0.183296	-0.433449	2263800.000000
2013-07-15	0.012259	0.198145	0.217470	0.197119	0.716858	2862500.000000
2013-07-12	0.003576	0.199341	0.205691	0.191274	0.208381	2061600.000000
2013-07-11	0.019099	0.206855	0.224871	0.205631	1.091961	2544100.000000
2013-07-10	0.006309	0.197748	0.211301	0.193524	0.358418	2153400.000000
2013-07-09	0.006349	0.203581	0.207655	0.198798	0.358436	2762900.000000
2013-07-08	0.006838	0.200219	0.208066	0.196652	0.383442	3097400.000000
2013-07-05	-0.001781	0.201286	0.203067	0.183840	-0.100029	3014600.000000
2013-07-03	0.003126	0.195756	0.203613	0.191827	0.175053	1606500.000000
2013-07-02	0.005087	0.198966	0.210812	0.197710	0.283401	5239700.000000
2013-07-01	-0.009778	0.206794	0.209460	0.182089	-0.550144	2681700.000000
2013-06-28	-0.000296	0.198263	0.208568	0.192400	-0.016666	2761600.000000
2013-06-27	-0.001331	0.204652	0.209976	0.195603	-0.075032	2371800.000000
2013-06-26	0.022535	0.208393	0.231618	0.207486	1.241993	3856700.000000
2013-06-25	0.010083	0.203716	0.217645	0.195652	0.550148	2636500.000000
2013-06-24	-0.001830	0.192550	0.207367	0.188159	-0.100025	2935900.000000
2013-06-21	0.007373	0.206871	0.219771	0.190839	0.400101	6334900.000000
2013-06-20	-0.024281	0.195728	0.196268	0.168937	-1.350357	4726600.000000
2013-06-19	-0.022131	0.199156	0.205486	0.172782	-1.258671	3312900.000000
2013-06-18	0.008574	0.201103	0.211566	0.189753	0.483463	3188700.000000
2013-06-17	0.000148	0.209262	0.223096	0.195959	0.008343	2751000.000000
2013-06-14	0.002223	0.199684	0.209639	0.198973	0.125042	2001000.000000
2013-06-13	0.013515	0.201486	0.217340	0.198603	0.750191	3312700.000000
2013-06-12	-0.009225	0.207181	0.210037	0.185583	-0.516804	3053000.000000
2013-06-11	-0.010016	0.193323	0.203749	0.185724	-0.566811	2626500.000000
2013-06-10	0.002954	0.205710	0.212622	0.196494	0.166699	2312400.000000
2013-06-07	0.002815	0.202706	0.211770	0.192220	0.158386	2740000.000000
2013-06-06	0.010328	0.199684	0.212613	0.195375	0.575150	3626000.000000
2013-06-05	-0.005063	0.196290	0.200042	0.189143	-0.283406	3339000.000000
2013-06-04	-0.000744	0.199506	0.204861	0.192900	-0.041675	3327400.000000
2013-06-03	0.004034	0.200222	0.212411	0.186241	0.225052	3915700.000000
2013-05-31	-0.005646	0.196832	0.220894	0.192911	-0.316765	4277400.000000
2013-05-30	0.002383	0.206295	0.223088	0.202364	0.133388	3949000.000000
2013-05-29	-0.008856	0.191539	0.193309	0.171706	-0.500137	4533900.000000
2013-05-28	-0.016405	0.203342	0.208044	0.174255	-0.941917	6062000.000000
2013-05-24	-0.012615	0.195041	0.198136	0.181111	-0.733528	2802200.000000
2013-05-23	-0.006126	0.192164	0.198317	0.170115	-0.358429	3412400.000000
2013-05-22	-0.016809	0.198508	0.206910	0.174981	-1.000260	2951900.000000
2013-05-21	0.000841	0.199684	0.204730	0.189257	0.050018	2973500.000000
2013-05-20	-0.004049	0.199516	0.201024	0.192314	-0.241741	2136400.000000
2013-05-17	0.006464	0.203899	0.208451	0.196987	0.383438	3226900.000000
2013-05-16	-0.014950	0.197691	0.198854	0.180918	-0.900249	2494000.000000
2013-05-15	0.012971	0.200273	0.219619	0.199600	0.771057	3189000.000000
2013-05-14	0.004319	0.212215	0.227421	0.212215	0.255661	4030000.000000
2013-05-13	-0.005680	0.208353	0.210537	0.199114	-0.338142	8248300.000000
2013-05-10	0.001804	0.209860	0.215077	0.201782	0.107208	7864800.000000
2013-05-09	-0.011795	0.214549	0.216046	0.194592	-0.709244	7705500.000000
2013-05-08	-0.010719	0.212553	0.214198	0.196265	-0.651516	3328900.000000
2013-05-07	0.010974	0.212720	0.226525	0.210058	0.659775	2927500.000000
2013-05-06	-0.021082	0.209785	0.211414	0.185362	-1.294785	3431600.000000
2013-05-03	-0.004146	0.218715	0.220174	0.202176	-0.255672	3091600.000000
2013-05-02	-0.001469	0.212229	0.216439	0.201705	-0.090733	2473400.000000
2013-05-01	-0.004122	0.209328	0.216746	0.205620	-0.255634	1639500.000000
2013-04-30	0.000000	0.209812	0.213843	0.202556	0.000000	2240700.000000
2013-04-29	0.004542	0.215469	0.221300	0.212553	0.280392	1657800.000000
2013-04-26	-0.003726	0.211908	0.217072	0.207389	-0.230908	2431100.000000
2013-04-25	0.005621	0.217259	0.222939	0.212229	0.346371	2000400.000000
2013-04-24	0.004166	0.214020	0.223960	0.206198	0.255650	1812500.000000
2013-04-23	0.001750	0.218430	0.218430	0.205534	0.107219	1876300.000000
2013-04-22	-0.000807	0.212064	0.214674	0.205540	-0.049469	1454600.000000
2013-04-19	0.015019	0.215864	0.231427	0.212553	0.907162	2052200.000000
2013-04-18	0.001230	0.214211	0.218852	0.209072	0.074219	1656200.000000
2013-04-17	-0.005709	0.207939	0.209092	0.195412	-0.346363	2159400.000000
2013-04-16	0.017706	0.220604	0.234526	0.215237	1.055618	2576600.000000
2013-04-15	-0.009319	0.209894	0.222855	0.201253	-0.560818	2515900.000000
2013-04-12	-0.002733	0.209736	0.216530	0.206090	-0.164928	2546500.000000
2013-04-11	0.005221	0.214886	0.223548	0.211887	0.313400	2409100.000000
2013-04-10	0.002341	0.218397	0.223573	0.213388	0.140190	2130700.000000
2013-04-09	-0.005342	0.213882	0.213882	0.204581	-0.321632	1950100.000000
2013-04-08	0.013324	0.211207	0.229887	0.206663	0.791706	3433000.000000
2013-04-05	0.003622	0.204784	0.217958	0.203433	0.214435	3556100.000000
2013-04-04	0.001116	0.211031	0.216950	0.211031	0.065976	4730300.000000
2013-04-03	-0.012531	0.207377	0.213221	0.195021	-0.750485	3975000.000000
2013-04-02	0.004148	0.215571	0.218254	0.212218	0.247414	2077900.000000
2013-04-01	-0.003719	0.212052	0.212219	0.203867	-0.222668	1691600.000000
2013-03-28	0.012130	0.214075	0.228784	0.211539	0.717487	2971600.000000
2013-03-27	0.010853	0.207426	0.227935	0.205546	0.635037	2954800.000000
2013-03-26	0.009533	0.215659	0.225666	0.215314	0.552547	2505500.000000
2013-03-25	-0.004674	0.214099	0.218907	0.203452	-0.272155	2152400.000000
2013-03-22	0.004981	0.212381	0.218766	0.209274	0.288643	2019400.000000
2013-03-21	-0.001989	0.208764	0.214276	0.203597	-0.115460	2461300.000000
2013-03-20	0.007009	0.214635	0.225041	0.213594	0.404114	1829000.000000
2013-03-19	0.004165	0.215166	0.222655	0.211334	0.239155	1773800.000000
2013-03-18	-0.004718	0.206140	0.212727	0.204753	-0.272145	1461500.000000
2013-03-15	0.000286	0.204057	0.213767	0.200936	0.016480	3299800.000000
2013-03-14	0.000286	0.213941	0.217063	0.208044	0.016510	2090300.000000
2013-03-13	0.005321	0.212728	0.222318	0.210461	0.305134	2299900.000000
2013-03-12	-0.003582	0.212379	0.212727	0.204213	-0.206181	1872000.000000
2013-03-11	0.002154	0.210638	0.215339	0.210464	0.123707	1294700.000000
2013-03-08	0.001294	0.213250	0.216563	0.204185	0.074226	1756700.000000
2013-03-07	-0.004722	0.213942	0.213942	0.205439	-0.272140	2472100.000000
2013-03-06	-0.003991	0.213244	0.213417	0.203739	-0.230931	2000800.000000
2013-03-05	0.006455	0.215510	0.224034	0.212379	0.371125	2129600.000000
2013-03-04	0.006642	0.206425	0.224635	0.202747	0.379348	2630200.000000
2013-03-01	0.000000	0.197845	0.212903	0.191541	0.000000	5228500.000000
2013-02-28	-0.012548	0.211516	0.212034	0.196128	-0.725727	5066900.000000
2013-02-27	0.007760	0.214993	0.224227	0.211856	0.445336	2327500.000000
2013-02-26	0.006946	0.217290	0.227291	0.215010	0.395862	2123900.000000
2013-02-25	-0.005039	0.213775	0.227217	0.206269	-0.288643	3210300.000000
2013-02-22	0.009153	0.213258	0.224180	0.213081	0.519551	1857700.000000
2013-02-21	-0.000290	0.209383	0.216428	0.208503	-0.016480	2294900.000000
2013-02-20	-0.001595	0.210619	0.218883	0.208333	-0.090713	2152900.000000
2013-02-19	0.013223	0.215760	0.228766	0.215760	0.742222	2754300.000000
2013-02-15	0.000883	0.212553	0.215763	0.208630	0.049492	2667800.000000
2013-02-14	-0.011915	0.198458	0.217663	0.194934	-0.676266	3359200.000000
2013-02-13	0.001237	0.213876	0.224285	0.208584	0.070106	2638700.000000
2013-02-12	0.005207	0.225340	0.232433	0.224630	0.293637	9078700.000000
2013-02-11	0.002029	0.225160	0.229602	0.222673	0.114177	8209900.000000
2013-02-08	-0.000579	0.223207	0.226049	0.220543	-0.032627	8084600.000000
2013-02-07	-0.001013	0.222855	0.228177	0.213807	-0.057102	3111600.000000
2013-02-06	0.003339	0.223735	0.230321	0.218395	0.187607	2642800.000000
2013-02-05	0.007754	0.228739	0.238605	0.228381	0.432278	2869400.000000
2013-02-04	-0.007118	0.222665	0.228008	0.215719	-0.399651	2703700.000000
2013-02-01	0.001455	0.230151	0.237999	0.226940	0.081554	3691300.000000
2013-01-31	0.004383	0.224795	0.234647	0.219958	0.244687	3308400.000000
2013-01-30	0.006767	0.232541	0.238493	0.225507	0.375183	3114800.000000
2013-01-29	0.005176	0.227680	0.235476	0.224780	0.285488	2246700.000000
2013-01-28	-0.004270	0.228395	0.229298	0.218467	-0.236538	2769700.000000
2013-01-25	0.001770	0.229665	0.229846	0.217549	0.097870	2301100.000000
2013-01-24	0.005786	0.227322	0.238234	0.223320	0.318096	3334900.000000
2013-01-23	0.001486	0.223499	0.228963	0.216759	0.081573	2336300.000000
2013-01-22	0.007484	0.222562	0.235224	0.221094	0.407811	2583900.000000
2013-01-18	0.011966	0.228834	0.240719	0.224563	0.644340	3205400.000000
2013-01-17	0.004412	0.231085	0.238359	0.226422	0.236530	2448800.000000
2013-01-16	-0.004845	0.222522	0.224935	0.216025	-0.260997	2331600.000000
2013-01-15	0.010093	0.226048	0.239361	0.220799	0.538311	3139600.000000
2013-01-14	-0.004567	0.226235	0.226235	0.218023	-0.244687	2518600.000000
2013-01-11	0.004895	0.226236	0.233738	0.223986	0.261010	2237700.000000
2013-01-10	0.005537	0.226803	0.233026	0.223031	0.293613	2794000.000000
2013-01-09	0.001695	0.226048	0.228315	0.219814	0.089714	2503400.000000
2013-01-08	0.002317	0.225291	0.233244	0.221125	0.122353	2428500.000000
2013-01-07	-0.004765	0.220960	0.222845	0.214365	-0.252850	2579500.000000
2013-01-04	0.002929	0.226615	0.231718	0.224536	0.154968	1749500.000000
2013-01-03	-0.002153	0.221899	0.229443	0.216430	-0.114185	2326400.000000
2013-01-02	0.018966	0.240653	0.253337	0.239693	0.986912	3196300.000000
2012-12-31	0.012538	0.222351	0.242393	0.218071	0.644348	3135900.000000
2012-12-28	-0.010987	0.219506	0.225279	0.211808	-0.570938	2883500.000000
2012-12-27	-0.005619	0.224901	0.227197	0.207295	-0.293617	2411500.000000
2012-12-26	-0.007897	0.230605	0.230605	0.214468	-0.415982	2120600.000000
2012-12-24	0.001085	0.225478	0.227949	0.218446	0.057095	1581200.000000
2012-12-21	-0.008301	0.226425	0.233776	0.215871	-0.440441	8491200.000000
2012-12-20	0.004633	0.226049	0.235327	0.218474	0.244690	3313600.000000
2012-12-19	-0.011601	0.223990	0.223990	0.210889	-0.619881	3121400.000000
2012-12-18	0.011581	0.229456	0.243087	0.228510	0.611721	7248300.000000
2012-12-17	0.014888	0.229315	0.245262	0.228546	0.774849	3463900.000000
2012-12-14	-0.001721	0.224706	0.227583	0.219143	-0.089725	2063300.000000
2012-12-13	-0.005910	0.226239	0.227193	0.213655	-0.309929	2244800.000000
2012-12-12	0.000311	0.228528	0.239400	0.224904	0.016319	3311400.000000
2012-12-11	-0.000622	0.225668	0.232720	0.222999	-0.032627	3414600.000000
2012-12-10	0.000000	0.224714	0.229480	0.223380	0.000000	2244800.000000
2012-12-07	0.002338	0.227577	0.232163	0.222227	0.122345	2555600.000000
2012-12-06	-0.004499	0.227000	0.228521	0.217299	-0.236538	2802400.000000
2012-12-05	0.013522	0.225085	0.249567	0.222386	0.701435	3896500.000000
2012-12-04	-0.005784	0.225665	0.229498	0.216274	-0.301781	2883500.000000
2012-12-03	0.002351	0.231236	0.238920	0.226049	0.122353	5382400.000000
2012-11-30	0.022920	0.238232	0.257687	0.238232	1.166336	7223600.000000
2012-11-29	0.011183	0.227440	0.240753	0.222869	0.562794	3353800.000000
2012-11-28	0.001786	0.226646	0.231224	0.215100	0.089721	2518100.000000
2012-11-27	0.004567	0.228848	0.239847	0.226048	0.228367	3136300.000000
2012-11-26	0.014227	0.223412	0.253632	0.223412	0.701443	6020900.000000
2012-11-23	0.000497	0.228484	0.229904	0.217526	0.024471	1981500.000000
2012-11-21	-0.006086	0.225242	0.228469	0.207090	-0.301777	3274800.000000
2012-11-20	-0.003279	0.227054	0.228863	0.212982	-0.163128	2823100.000000
2012-11-19	0.001478	0.233296	0.234303	0.219002	0.073403	3895500.000000
2012-11-16	0.017204	0.226868	0.247756	0.224206	0.840103	4525300.000000
2012-11-15	-0.014323	0.222617	0.231499	0.203643	-0.709602	3702900.000000
2012-11-14	-0.008246	0.233356	0.233356	0.211335	-0.411889	4119000.000000
2012-11-13	0.009113	0.238737	0.259948	0.237525	0.451119	4939300.000000
2012-11-12	-0.008231	0.239560	0.241764	0.217321	-0.410835	3658700.000000
2012-11-09	-0.009591	0.240172	0.241958	0.223703	-0.483353	11296400.000000
2012-11-08	-0.006037	0.255958	0.267200	0.233868	-0.306114	9688400.000000
2012-11-07	-0.017637	0.237488	0.240007	0.210169	-0.910290	4243800.000000
2012-11-06	0.000156	0.244464	0.249889	0.240200	0.008064	2461800.000000
2012-11-05	-0.013551	0.234481	0.236966	0.220909	-0.708912	3184600.000000
2012-11-02	-0.005665	0.245544	0.249726	0.233000	-0.298053	9485600.000000
2012-11-01	-0.005785	0.240418	0.244576	0.232481	-0.306111	2983500.000000
2012-10-31	0.008908	0.239647	0.254709	0.239265	0.467217	3246600.000000
2012-10-26	0.005560	0.241363	0.251716	0.237529	0.290020	2595700.000000
2012-10-25	0.006685	0.245802	0.249855	0.237696	0.346390	2330100.000000
2012-10-24	-0.010309	0.241936	0.244228	0.227419	-0.539734	2479400.000000
2012-10-23	-0.007786	0.238710	0.244016	0.230939	-0.410828	2780500.000000
2012-10-22	-0.000153	0.238141	0.241363	0.229235	-0.008072	3273100.000000
2012-10-19	-0.001372	0.241363	0.247040	0.231712	-0.072483	3237200.000000
2012-10-18	0.005056	0.241743	0.248590	0.240222	0.265827	2363700.000000
2012-10-17	0.010998	0.244439	0.260976	0.242901	0.571953	2423900.000000
2012-10-16	0.000000	0.246170	0.247131	0.233095	0.000000	2678100.000000
2012-10-15	0.006234	0.240589	0.250069	0.235945	0.322220	2068400.000000
2012-10-12	-0.004963	0.243480	0.246561	0.232699	-0.257782	2243200.000000
2012-10-11	-0.004631	0.245962	0.246920	0.234081	-0.241665	2147100.000000
2012-10-10	-0.007811	0.241363	0.241743	0.230335	-0.410839	2060700.000000
2012-10-09	0.000920	0.239460	0.245169	0.234702	0.048328	2365800.000000
2012-10-08	0.003847	0.240790	0.248813	0.236587	0.201397	1502200.000000
2012-10-05	-0.006270	0.243451	0.245160	0.232630	-0.330284	2021800.000000
2012-10-04	0.009417	0.244429	0.254202	0.243088	0.491398	3109800.000000
2012-10-03	0.000309	0.241363	0.246155	0.235996	0.016113	2952300.000000
2012-10-02	0.005902	0.245412	0.254667	0.244448	0.306115	2952600.000000
2012-10-01	-0.006328	0.245578	0.248452	0.232932	-0.330292	4272200.000000
2012-09-28	0.011396	0.240782	0.256672	0.239231	0.588077	4051000.000000
2012-09-27	-0.004197	0.243100	0.243872	0.235188	-0.217506	1938700.000000
2012-09-26	-0.000155	0.243871	0.252168	0.240398	-0.008053	2808200.000000
2012-09-25	-0.004795	0.241171	0.246355	0.235027	-0.249725	3199800.000000
2012-09-24	0.008895	0.242138	0.254148	0.240975	0.459163	3657600.000000
2012-09-21	0.002346	0.243887	0.245441	0.236314	0.120839	6699400.000000
2012-09-20	0.007883	0.238231	0.255258	0.238231	0.402778	3543400.000000
2012-09-19	0.004275	0.243132	0.250011	0.241559	0.217507	4334300.000000
2012-09-18	-0.015279	0.239815	0.243298	0.219880	-0.789452	5639300.000000
2012-09-17	-0.000779	0.243490	0.250452	0.238462	-0.040287	6654700.000000
2012-09-14	-0.007269	0.246546	0.247890	0.228884	-0.378616	3911100.000000
2012-09-13	0.009524	0.241169	0.253573	0.237874	0.491390	4314000.000000
2012-09-12	-0.006360	0.241941	0.244252	0.233082	-0.330273	3380400.000000
2012-09-11	-0.005707	0.241171	0.243278	0.234278	-0.298057	2097400.000000
2012-09-10	0.001700	0.242322	0.246350	0.237527	0.088611	2687400.000000
2012-09-07	-0.004308	0.241363	0.245373	0.232005	-0.225559	2509700.000000
2012-09-06	0.008221	0.243866	0.251568	0.240400	0.426952	3298800.000000
2012-09-05	-0.005246	0.240597	0.243470	0.233510	-0.273887	2973900.000000
