2017-09-01	0.000291	0.002500	0.005524	-0.003838	0.050003	11648800.000000
2017-08-31	0.012065	0.002825	0.013124	0.000824	2.050003	17226500.000000
2017-08-30	0.011128	0.000714	0.012675	-0.002499	1.869995	11138300.000000
2017-08-29	0.004843	-0.011899	0.007115	-0.013394	0.809998	11121000.000000
2017-08-28	0.005531	0.003547	0.008297	0.000060	0.919998	8553700.000000
2017-08-25	-0.008465	0.000715	0.003815	-0.009300	-1.419998	12614500.000000
2017-08-24	-0.005750	0.001008	0.003438	-0.013633	-0.970002	14030400.000000
2017-08-23	-0.005482	-0.004716	-0.001651	-0.008489	-0.929992	9856500.000000
2017-08-22	0.011086	0.002980	0.012457	-0.003755	1.860000	11391000.000000
2017-08-21	0.002210	-0.001493	0.003524	-0.009498	0.369995	11907500.000000
2017-08-18	0.002996	-0.000419	0.010545	-0.004194	0.500000	15093600.000000
2017-08-17	-0.018176	-0.003882	-0.000824	-0.018529	-3.089996	17216000.000000
2017-08-16	-0.005848	0.001462	0.002222	-0.010292	-1.000000	15779900.000000
2017-08-15	0.001464	0.004334	0.004392	-0.004334	0.250000	8729200.000000
2017-08-14	0.015885	0.011959	0.017849	0.007199	2.669998	12954200.000000
2017-08-11	0.004062	0.003286	0.008483	-0.003285	0.680008	13791200.000000
2017-08-10	-0.022082	-0.006543	-0.003447	-0.025295	-3.779999	20832700.000000
2017-08-09	-0.000292	-0.007300	0.001285	-0.009753	-0.050003	10815000.000000
2017-08-08	-0.004361	-0.000581	0.006222	-0.007908	-0.750000	14393500.000000
2017-08-07	0.013913	0.001946	0.014385	0.000236	2.360001	12787800.000000
2017-08-04	0.006109	0.002254	0.008719	0.000593	1.029999	10777700.000000
2017-08-03	-0.004194	0.000000	0.002363	-0.006202	-0.710007	10793800.000000
2017-08-02	-0.003297	0.002590	0.004062	-0.017367	-0.559998	17433800.000000
2017-08-01	0.003604	0.003368	0.007208	-0.001182	0.610001	14385000.000000
2017-07-31	-0.018556	-0.002609	0.001566	-0.022615	-3.199997	25478900.000000
2017-07-28	0.011793	-0.008038	0.017543	-0.008155	2.009995	24557600.000000
2017-07-27	0.029165	0.054888	0.059658	0.011412	4.830001	68910700.000000
2017-07-26	0.001997	0.004417	0.004417	-0.007139	0.330002	35236900.000000
2017-07-25	-0.004337	-0.005964	-0.002771	-0.012892	-0.720001	15383200.000000
2017-07-24	0.009548	0.001277	0.010582	-0.000730	1.570007	17367000.000000
2017-07-21	-0.000608	-0.002249	0.003161	-0.004741	-0.100006	14744000.000000
2017-07-20	0.002376	0.004021	0.005239	-0.008103	0.390000	18523100.000000
2017-07-19	0.007859	0.004482	0.017438	0.001903	1.279998	26273600.000000
2017-07-18	0.019596	-0.000438	0.025042	-0.001941	3.130005	23722900.000000
2017-07-17	-0.001500	0.001750	0.005063	-0.007251	-0.240005	12858800.000000
2017-07-14	0.004458	0.005463	0.006656	0.000440	0.710006	16371200.000000
2017-07-13	0.002266	-0.001007	0.005538	-0.003021	0.360001	13929200.000000
2017-07-12	0.023379	0.007857	0.025053	0.005990	3.629990	22739400.000000
2017-07-11	0.011531	-0.000847	0.012508	-0.003844	1.770004	13667700.000000
2017-07-10	0.013603	0.001651	0.016772	0.000462	2.059998	13378700.000000
2017-07-07	0.017605	0.002889	0.021301	0.002486	2.619995	13615900.000000
2017-07-06	-0.010110	-0.008714	-0.001995	-0.015565	-1.519989	14951800.000000
2017-07-05	0.012868	0.003840	0.016304	-0.002021	1.910003	14334300.000000
2017-07-03	-0.016890	0.004901	0.007749	-0.021062	-2.550003	13862700.000000
2017-06-30	-0.000397	0.005694	0.005826	-0.006488	-0.059997	14865500.000000
2017-06-29	-0.014357	-0.006265	-0.004829	-0.028191	-2.200012	23973500.000000
2017-06-28	0.017665	0.002258	0.019192	-0.004782	2.660003	16719100.000000
2017-06-27	-0.019598	-0.004883	-0.001823	-0.020835	-3.009994	19360800.000000
2017-06-26	-0.009544	0.007609	0.009222	-0.012059	-1.480011	18049700.000000
2017-06-23	0.010887	-0.004433	0.011734	-0.004889	1.670013	18027000.000000
2017-06-22	-0.003314	-0.005848	0.004158	-0.006497	-0.510010	13005500.000000
2017-06-21	0.010903	0.000723	0.012020	-0.002430	1.660004	15039800.000000
2017-06-20	-0.004056	0.000065	0.006345	-0.004317	-0.619995	14743900.000000
2017-06-19	0.014803	0.007103	0.019450	0.007103	2.229996	19026500.000000
2017-06-16	0.005607	-0.001402	0.006876	-0.008011	0.839996	22882400.000000
2017-06-15	-0.002995	-0.017171	-0.001398	-0.025824	-0.449997	18994200.000000
2017-06-14	-0.002854	0.003849	0.011415	-0.010818	-0.429993	20808800.000000
2017-06-13	0.015090	0.011520	0.018459	0.003099	2.239991	20483400.000000
2017-06-12	-0.007754	-0.009559	-0.002674	-0.033690	-1.160004	33170200.000000
2017-06-09	-0.033030	0.000388	0.005688	-0.052356	-5.110001	35577700.000000
2017-06-08	0.010384	0.006270	0.010515	-0.000131	1.590012	17799400.000000
2017-06-07	0.002029	0.003010	0.006151	-0.003076	0.309997	12066700.000000
2017-06-06	-0.005338	-0.001432	0.005793	-0.007486	-0.820007	13457100.000000
2017-06-05	0.000130	0.000195	0.007161	-0.001302	0.020004	12520400.000000
2017-06-02	0.013727	0.002112	0.013859	-0.001518	2.080002	16854400.000000
2017-06-01	0.000462	0.001915	0.005480	-0.007659	0.069992	14530600.000000
2017-05-31	-0.006038	0.002100	0.006366	-0.008466	-0.919998	18023900.000000
2017-05-30	0.001643	-0.001052	0.005061	-0.003221	0.250000	13226000.000000
2017-05-26	0.001119	0.001777	0.001908	-0.005330	0.169998	14970800.000000
2017-05-25	0.012797	0.001733	0.016995	-0.000600	1.920014	19891400.000000
2017-05-24	0.013304	0.002971	0.014588	0.002364	1.969986	17862400.000000
2017-05-23	-0.001147	0.001889	0.003845	-0.006678	-0.169998	12817800.000000
2017-05-22	0.001216	0.000135	0.003580	-0.002499	0.180007	12586700.000000
2017-05-19	0.002709	0.005350	0.011716	0.002032	0.399994	16187900.000000
2017-05-18	0.019399	-0.000898	0.022782	-0.002347	2.809998	23031600.000000
2017-05-17	-0.032915	-0.011884	-0.007411	-0.035786	-4.929993	28300100.000000
2017-05-16	-0.002730	-0.000533	0.000133	-0.007724	-0.410003	14550800.000000
2017-05-15	-0.000931	-0.001064	0.007650	-0.003725	-0.140000	15064700.000000
2017-05-12	0.001933	0.002399	0.002799	-0.002733	0.290009	9598200.000000
2017-05-11	-0.001663	0.000133	0.002395	-0.005855	-0.250000	11841900.000000
2017-05-10	-0.001263	-0.001661	0.000266	-0.010766	-0.190003	12080700.000000
2017-05-09	-0.003840	0.002847	0.010128	-0.005627	-0.580002	17453900.000000
2017-05-08	0.005458	0.003128	0.005591	-0.003328	0.819993	15827500.000000
2017-05-05	-0.004044	0.003977	0.005171	-0.007027	-0.610001	17148500.000000
2017-05-04	-0.006258	-0.010738	-0.001845	-0.020290	-0.949997	36225500.000000
2017-05-03	-0.006414	0.005367	0.005367	-0.009425	-0.979996	29782500.000000
2017-05-02	0.002099	0.005772	0.006428	-0.005247	0.319992	21870400.000000
2017-05-01	0.014709	0.009917	0.015441	0.007787	2.210007	25218300.000000
2017-04-28	0.017265	0.012187	0.025931	0.009276	2.550003	30652200.000000
2017-04-27	0.007778	0.000751	0.008120	-0.002866	1.139999	11275100.000000
2017-04-26	0.000478	0.004096	0.007509	-0.002731	0.069993	12395000.000000
2017-04-25	0.007012	0.002200	0.011549	0.002200	1.020004	17767500.000000
2017-04-24	0.012458	0.008909	0.013850	0.004594	1.790008	14407200.000000
2017-04-21	-0.000835	0.000695	0.002573	-0.010640	-0.120010	12382000.000000
2017-04-20	0.010754	0.004780	0.013917	0.002952	1.529999	15968200.000000
2017-04-19	0.009293	0.002767	0.014756	0.002199	1.309997	15563900.000000
2017-04-18	-0.003253	-0.001061	0.003465	-0.005728	-0.459991	14807500.000000
2017-04-17	0.014563	0.002654	0.015496	0.002583	2.029999	11519700.000000
2017-04-13	-0.001361	0.000287	0.007164	-0.001791	-0.190003	10965600.000000
2017-04-12	-0.002430	-0.001429	0.003431	-0.003431	-0.339996	11612500.000000
2017-04-11	-0.007941	-0.001702	-0.000071	-0.015811	-1.119995	16638100.000000
2017-04-10	0.001847	0.001563	0.004617	-0.001065	0.259994	9039400.000000
2017-04-07	-0.002763	0.000213	0.002692	-0.006588	-0.389999	11818300.000000
2017-04-06	-0.004794	0.001833	0.002608	-0.006627	-0.680008	15103400.000000
2017-04-05	0.000847	0.003739	0.012065	-0.003105	0.120010	17158100.000000
2017-04-04	-0.003866	-0.002952	-0.001335	-0.007099	-0.550003	12948600.000000
2017-04-03	0.001619	-0.000845	0.002957	-0.008659	0.229996	13564000.000000
2017-03-31	-0.002528	-0.000702	0.001545	-0.003651	-0.360001	11478300.000000
2017-03-30	-0.001682	-0.001753	0.002103	-0.005608	-0.239990	12404000.000000
2017-03-29	0.006278	0.001623	0.007760	-0.002328	0.889999	16527600.000000
2017-03-28	0.010262	0.000285	0.011616	-0.002209	1.439988	14679400.000000
2017-03-27	-0.000142	-0.009192	0.002209	-0.011187	-0.019989	12800500.000000
2017-03-24	0.005805	0.003942	0.010679	0.001648	0.809997	16664700.000000
2017-03-23	-0.000430	-0.000788	0.005731	-0.003582	-0.059997	13022800.000000
2017-03-22	0.007797	-0.004187	0.009241	-0.006570	1.080001	17055400.000000
2017-03-21	-0.010219	0.008647	0.016936	-0.011005	-1.430007	29894800.000000
2017-03-20	0.000715	-0.000930	0.002503	-0.004219	0.100006	12099500.000000
2017-03-17	-0.001072	0.002500	0.002500	-0.002072	-0.150009	20592800.000000
2017-03-16	0.001932	0.003435	0.003793	0.000072	0.270004	13612900.000000
2017-03-15	0.002871	-0.000215	0.005599	-0.005958	0.399994	19344800.000000
2017-03-14	-0.002006	-0.001003	-0.001003	-0.007736	-0.279999	12944000.000000
2017-03-13	0.005836	-0.000576	0.006413	-0.000865	0.810013	10955500.000000
2017-03-10	0.003979	0.004847	0.009042	-0.000145	0.549988	16314100.000000
2017-03-09	0.003776	0.000000	0.006172	-0.002324	0.520004	15535300.000000
2017-03-08	0.003059	-0.001093	0.005026	-0.001821	0.419998	10184500.000000
2017-03-07	-0.000873	-0.002838	0.006913	-0.003129	-0.119995	13527100.000000
2017-03-06	0.001823	-0.002114	0.004812	-0.004812	0.250000	12748200.000000
2017-03-03	0.002998	-0.000950	0.004168	-0.004972	0.410003	11160600.000000
2017-03-02	-0.004803	-0.002401	0.002911	-0.008077	-0.660003	12294800.000000
2017-03-01	0.013870	0.006862	0.014313	0.005607	1.880005	16257000.000000
2017-02-28	-0.006378	0.002786	0.002932	-0.012169	-0.870011	16112100.000000
2017-02-27	0.007162	-0.001329	0.012847	-0.003101	0.970002	14306700.000000
2017-02-24	0.000591	-0.008865	0.001921	-0.008865	0.080001	12625700.000000
2017-02-23	-0.005583	-0.001690	0.000000	-0.013150	-0.759994	18422500.000000
2017-02-22	0.017948	-0.000897	0.022958	-0.001944	2.399994	27360100.000000
2017-02-21	0.001423	-0.000225	0.002846	-0.004718	0.190002	14759100.000000
2017-02-17	-0.002316	-0.002540	0.001868	-0.005006	-0.309997	12276500.000000
2017-02-16	0.002998	-0.002773	0.003222	-0.003147	0.399994	12831100.000000
2017-02-15	-0.003063	-0.002988	-0.001121	-0.008891	-0.410004	13226500.000000
2017-02-14	-0.001492	0.000373	0.001343	-0.011190	-0.199997	14364900.000000
2017-02-13	-0.001043	0.003801	0.003801	-0.003652	-0.139999	13526200.000000
2017-02-10	0.000373	-0.000298	0.005964	-0.003429	0.050003	15061900.000000
2017-02-09	-0.000447	0.002161	0.002235	-0.006632	-0.059998	16470600.000000
2017-02-08	0.017900	0.005765	0.019721	0.004551	2.360001	22390600.000000
2017-02-07	-0.001666	0.001363	0.007118	-0.003029	-0.220002	14596400.000000
2017-02-06	0.008246	0.000000	0.008246	-0.005192	1.080002	17058500.000000
2017-02-03	0.001070	0.003057	0.015362	-0.000611	0.140000	24804900.000000
2017-02-02	-0.017939	-0.000075	0.016963	-0.021241	-2.390000	54366400.000000
2017-02-01	0.022330	0.014810	0.024325	0.002762	2.909989	50139800.000000
2017-01-31	-0.005039	-0.006184	-0.002443	-0.011147	-0.659989	19790500.000000
2017-01-30	-0.009079	-0.004539	-0.004539	-0.019519	-1.199997	18956100.000000
2017-01-27	-0.004519	-0.000753	0.001280	-0.012803	-0.600006	19539500.000000
2017-01-26	0.009887	0.001141	0.012626	-0.000304	1.300003	20020100.000000
2017-01-25	0.016310	0.004870	0.018320	0.003092	2.110001	18731300.000000
2017-01-24	0.003413	0.003490	0.007523	-0.004266	0.440002	15162700.000000
2017-01-23	0.014877	0.002125	0.017396	-0.000708	1.889992	16593600.000000
2017-01-20	-0.003998	0.004312	0.007291	-0.006037	-0.510002	19097200.000000
2017-01-19	-0.002892	0.002423	0.003362	-0.003674	-0.369995	12195500.000000
2017-01-18	0.000391	0.004223	0.004379	-0.008055	0.049995	13145900.000000
2017-01-17	-0.003662	-0.002338	0.000000	-0.007324	-0.469993	15294500.000000
2017-01-13	0.013584	0.006871	0.020929	0.005923	1.719993	24884300.000000
2017-01-12	0.004203	-0.003807	0.005076	-0.010231	0.530007	18653900.000000
2017-01-11	0.013993	0.000000	0.014234	-0.002332	1.739998	18356500.000000
2017-01-10	-0.004404	-0.000641	0.004804	-0.004964	-0.550004	17324600.000000
2017-01-09	0.012074	0.001134	0.016368	-0.002998	1.489998	22880400.000000
2017-01-06	0.022707	0.002569	0.026601	-0.005304	2.740006	28545300.000000
2017-01-05	0.016682	0.001432	0.019041	-0.003117	1.979996	19492200.000000
2017-01-04	0.015660	0.005905	0.023960	0.003680	1.830001	19630900.000000
2017-01-03	0.015732	0.008518	0.024250	0.003998	1.809998	20663900.000000
2016-12-30	-0.011173	0.002149	0.004126	-0.013580	-1.299995	18684100.000000
2016-12-29	-0.004875	0.000684	0.005217	-0.007355	-0.570000	9934900.000000
2016-12-28	-0.009237	0.001525	0.002034	-0.011524	-1.090004	12087400.000000
2016-12-27	0.006310	-0.002643	0.012024	-0.003496	0.740005	12051500.000000
2016-12-23	-0.001107	-0.003407	0.001363	-0.009370	-0.130005	10877300.000000
2016-12-22	-0.013777	-0.001512	-0.000420	-0.017725	-1.639999	16258600.000000
2016-12-21	-0.000420	-0.001427	0.000924	-0.005122	-0.049995	10767600.000000
2016-12-20	-0.001258	0.002180	0.004445	-0.003690	-0.150002	13684400.000000
2016-12-19	-0.005256	-0.000167	0.004088	-0.011346	-0.630005	15918100.000000
2016-12-16	-0.005806	0.002737	0.007713	-0.010782	-0.699997	25324300.000000
2016-12-15	0.002995	-0.001081	0.019050	-0.004825	0.360001	20139600.000000
2016-12-14	-0.000831	-0.002577	0.011470	-0.012135	-0.099999	25913100.000000
2016-12-13	0.021567	0.000764	0.031842	-0.001359	2.540001	29768000.000000
2016-12-12	-0.015959	-0.003844	-0.003676	-0.016962	-1.910003	17805500.000000
2016-12-09	0.006475	0.002607	0.008662	0.000336	0.769996	17464700.000000
2016-12-08	0.008139	0.000254	0.013141	-0.002628	0.960007	22442800.000000
2016-12-07	0.005456	-0.002643	0.005456	-0.006308	0.639999	21913700.000000
2016-12-06	-0.001022	0.002214	0.003151	-0.009367	-0.120002	19131200.000000
2016-12-05	0.017591	0.004766	0.018804	-0.002860	2.029998	20201500.000000
2016-12-02	0.002606	0.000087	0.011990	-0.006950	0.300004	25070400.000000
2016-12-01	-0.028036	-0.000338	0.000253	-0.037325	-3.320000	43277000.000000
2016-11-30	-0.020270	-0.004550	0.007611	-0.024158	-2.450005	30188900.000000
2016-11-29	0.003820	0.001329	0.014035	-0.000083	0.459999	18891000.000000
2016-11-28	0.000249	-0.002160	0.010882	-0.004652	0.030007	18101300.000000
2016-11-25	-0.003807	0.001407	0.002483	-0.006372	-0.459999	8658600.000000
2016-11-23	-0.005187	-0.001976	-0.001317	-0.012596	-0.630005	15672100.000000
2016-11-22	-0.002464	0.005174	0.009937	-0.007145	-0.299996	26089200.000000
2016-11-21	0.040591	0.010084	0.042130	0.006666	4.750000	35415400.000000
2016-11-18	-0.006537	0.005094	0.011376	-0.008065	-0.770004	22879300.000000
2016-11-17	0.012464	0.004040	0.012464	-0.002836	1.450005	18597800.000000
2016-11-16	-0.007338	-0.023208	0.005802	-0.025512	-0.860001	32397900.000000
2016-11-15	0.018422	0.014338	0.029632	0.006517	2.119995	34681400.000000
2016-11-14	-0.033104	0.000924	0.000924	-0.045959	-3.939995	51377000.000000
2016-11-11	-0.014735	-0.010513	-0.000828	-0.021937	-1.780006	32804000.000000
2016-11-10	-0.019321	0.006089	0.008118	-0.064215	-2.379997	67846700.000000
2016-11-09	-0.008372	-0.021897	-0.003301	-0.029866	-1.040001	31916000.000000
2016-11-08	0.016946	-0.000982	0.020139	-0.004994	2.069999	19367800.000000
2016-11-07	0.011594	0.017226	0.020373	0.004969	1.400002	23008900.000000
2016-11-04	0.006250	-0.003417	0.016083	-0.006250	0.750000	30545500.000000
2016-11-03	-0.056381	-0.040654	-0.030589	-0.060313	-7.169998	63766300.000000
2016-11-02	-0.017992	0.005637	0.005637	-0.024865	-2.330002	39640900.000000
2016-11-01	-0.011375	0.003206	0.007252	-0.017864	-1.490005	22077800.000000
2016-10-31	-0.002285	0.005484	0.006322	-0.003123	-0.299988	15669000.000000
2016-10-28	0.012337	0.006246	0.025291	0.001850	1.599991	24545500.000000
2016-10-27	-0.010302	0.005342	0.005800	-0.013507	-1.349991	16741400.000000
2016-10-26	-0.009449	-0.004913	-0.000227	-0.010205	-1.250000	13084700.000000
2016-10-25	-0.007428	0.001651	0.001651	-0.007953	-0.990006	13336800.000000
2016-10-24	0.009162	0.004922	0.010146	0.000606	1.209992	17470200.000000
2016-10-21	0.015923	-0.001692	0.016385	-0.002308	2.070007	19088800.000000
2016-10-20	-0.000845	-0.000307	0.004227	-0.004688	-0.110001	13167500.000000
2016-10-19	0.011978	0.001322	0.014778	0.000233	1.539994	16752300.000000
2016-10-18	0.008076	0.008938	0.014505	0.003685	1.030006	13504000.000000
2016-10-17	-0.002659	0.002502	0.004614	-0.004379	-0.339996	11351700.000000
2016-10-14	0.000469	0.005242	0.008841	-0.001878	0.059997	13345300.000000
2016-10-13	-0.009531	-0.006509	-0.006199	-0.017823	-1.230003	17139300.000000
2016-10-12	0.001319	0.001009	0.006052	-0.003259	0.169998	11073000.000000
2016-10-11	-0.010442	-0.000077	0.003071	-0.015433	-1.360000	17537900.000000
2016-10-10	0.009691	0.005349	0.013257	0.001628	1.250000	15138700.000000
2016-10-07	0.001942	0.002330	0.003961	-0.003185	0.250000	12804400.000000
2016-10-06	0.002102	-0.000311	0.004592	-0.003036	0.270004	11682700.000000
2016-10-05	0.002184	0.000468	0.004759	-0.002808	0.279999	12386800.000000
2016-10-04	-0.004504	0.003106	0.003961	-0.009474	-0.580002	14307500.000000
2016-10-03	0.003898	0.000858	0.006393	-0.003664	0.500000	13156900.000000
2016-09-30	0.001405	-0.000468	0.003904	-0.004996	0.180008	18402900.000000
2016-09-29	-0.008821	-0.000387	0.000464	-0.013000	-1.140000	14532200.000000
2016-09-28	0.004196	0.004041	0.006061	-0.002254	0.539994	12047600.000000
2016-09-27	0.010840	0.002356	0.013353	0.000943	1.380004	15637100.000000
2016-09-26	-0.005080	-0.004611	0.001563	-0.009065	-0.650001	15064900.000000
2016-09-23	-0.016298	-0.019373	-0.011378	-0.021371	-2.120003	28326300.000000
2016-09-22	0.001077	0.004310	0.006080	-0.002924	0.140000	15538300.000000
2016-09-21	0.010106	0.003809	0.010650	-0.001943	1.300003	14068300.000000
2016-09-20	-0.000078	0.000000	0.004042	-0.004819	-0.009995	11083800.000000
2016-09-19	-0.003254	0.006508	0.006740	-0.006276	-0.420013	14958800.000000
2016-09-16	0.005610	-0.001169	0.006467	-0.001169	0.720001	24119200.000000
2016-09-15	0.004539	0.001644	0.010409	-0.000783	0.580009	15077200.000000
2016-09-14	0.004402	-0.002516	0.012499	-0.002516	0.559998	15691100.000000
2016-09-13	-0.011501	-0.005129	-0.002642	-0.015774	-1.480003	18016200.000000
2016-09-12	0.012510	-0.008969	0.013061	-0.010622	1.590004	21252800.000000
2016-09-09	-0.024334	-0.004299	-0.002456	-0.024334	-3.170006	27100700.000000
2016-09-08	-0.005952	-0.000992	0.000229	-0.009462	-0.779999	15676600.000000
2016-09-07	0.010175	0.002390	0.017344	0.001696	1.320007	27990800.000000
2016-09-06	0.025452	0.001265	0.027112	-0.000316	3.219994	26278400.000000
2016-09-02	0.002695	0.005390	0.005469	-0.001347	0.340004	12118800.000000
2016-09-01	0.000396	0.002061	0.004044	-0.004123	0.049995	13536100.000000
2016-08-31	0.002225	-0.001907	0.003020	-0.005880	0.280007	14200600.000000
2016-08-30	-0.005532	0.000474	0.000474	-0.010985	-0.700005	17804300.000000
2016-08-29	0.012644	-0.004882	0.014165	-0.004882	1.580002	15925900.000000
2016-08-26	0.008637	0.001292	0.010493	0.000161	1.070000	17504800.000000
2016-08-25	0.003320	-0.002915	0.007208	-0.003077	0.409996	10730800.000000
2016-08-24	-0.007156	0.000804	0.002573	-0.010292	-0.890000	12243700.000000
2016-08-23	0.001772	0.002900	0.007571	0.000805	0.220001	13309500.000000
2016-08-22	0.004775	-0.001861	0.010278	-0.003642	0.590004	14386400.000000
2016-08-19	-0.002825	-0.002502	0.002018	-0.005084	-0.350006	11688300.000000
2016-08-18	-0.003699	-0.002895	-0.000884	-0.005870	-0.459999	12400800.000000
2016-08-17	0.008678	0.002920	0.008759	-0.003650	1.070000	13794200.000000
2016-08-16	-0.004843	-0.003228	0.000161	-0.009040	-0.599999	14222400.000000
2016-08-15	-0.007847	0.000240	0.000320	-0.009449	-0.979995	19295100.000000
2016-08-12	-0.000160	-0.001601	0.000801	-0.005765	-0.020005	12159000.000000
2016-08-11	0.000160	0.002562	0.004004	-0.001041	0.020005	11729500.000000
2016-08-10	-0.001439	0.000080	0.003358	-0.004158	-0.180001	10670100.000000
2016-08-09	-0.001597	0.000639	0.006626	-0.005828	-0.200004	19621000.000000
2016-08-08	0.000879	0.000799	0.002397	-0.004794	0.110000	15233900.000000
2016-08-05	0.006353	0.004986	0.011901	0.002091	0.790001	20184000.000000
2016-08-04	0.015101	0.003510	0.018611	0.000000	1.849999	21066000.000000
2016-08-03	-0.004712	0.000000	0.006743	-0.006337	-0.579994	18525300.000000
2016-08-02	-0.009814	-0.002011	0.003942	-0.018019	-1.220002	23968400.000000
2016-08-01	0.002985	-0.000726	0.005164	-0.008714	0.369996	25006900.000000
2016-07-29	-0.008480	-0.002800	0.006720	-0.010320	-1.059998	35058800.000000
2016-07-28	0.013459	0.033890	0.040457	0.002351	1.660004	78955800.000000
2016-07-27	0.017489	0.009899	0.031183	0.002392	2.119995	52654200.000000
2016-07-26	-0.003371	0.003042	0.003618	-0.007235	-0.409996	17612000.000000
2016-07-25	0.005207	0.003223	0.007025	-0.026612	0.629997	18487400.000000
2016-07-22	0.003234	-0.005887	0.003316	-0.010779	0.389999	18422400.000000
2016-07-21	-0.010745	0.000000	0.001476	-0.013697	-1.309997	17801700.000000
2016-07-20	0.010861	0.005306	0.013183	-0.000415	1.309997	20046500.000000
2016-07-19	0.010388	-0.003183	0.012398	-0.005948	1.239998	21541300.000000
2016-07-18	0.021479	0.003936	0.023532	0.000257	2.510002	20868400.000000
2016-07-15	-0.003666	0.003837	0.008441	-0.006053	-0.430000	16646000.000000
2016-07-14	0.004367	0.006165	0.007364	-0.000685	0.510002	14579700.000000
2016-07-13	-0.009752	0.003901	0.003985	-0.010600	-1.150001	16207700.000000
2016-07-12	0.000509	0.006448	0.007211	-0.002545	0.059997	15217700.000000
2016-07-11	0.005374	0.004009	0.012453	0.002218	0.630005	17711600.000000
2016-07-08	0.011998	0.005006	0.014243	0.000000	1.390000	18142600.000000
2016-07-07	-0.007284	-0.000600	0.002314	-0.011482	-0.849999	16630200.000000
2016-07-06	0.021891	-0.007355	0.022680	-0.010771	2.500000	24337600.000000
2016-07-05	0.000088	-0.002189	0.000088	-0.010684	0.009995	14207000.000000
2016-07-01	-0.000788	-0.000700	0.007438	-0.004113	-0.089997	14980000.000000
2016-06-30	0.001051	0.004467	0.008935	-0.004292	0.119995	23192700.000000
2016-06-29	0.012955	0.005945	0.013753	0.003017	1.460007	20968300.000000
2016-06-28	0.034230	0.015234	0.034688	0.014499	3.729996	26813800.000000
2016-06-27	-0.027748	-0.004550	-0.004550	-0.034350	-3.110001	36130400.000000
2016-06-24	-0.026069	-0.035367	-0.012165	-0.035454	-3.000000	40643100.000000
2016-06-23	0.010271	0.004038	0.010359	-0.003248	1.169998	16176900.000000
2016-06-22	-0.004109	0.002361	0.003147	-0.006732	-0.469993	14846300.000000
2016-06-21	0.008909	0.006616	0.016230	0.005292	1.009994	19166300.000000
2016-06-20	0.003097	0.006636	0.015042	-0.002389	0.350006	20785400.000000
2016-06-17	-0.011977	0.000262	0.000350	-0.015998	-1.370002	24644300.000000
2016-06-16	-0.001832	-0.006370	-0.000873	-0.014485	-0.209999	19236300.000000
2016-06-15	-0.002958	0.003132	0.004350	-0.007569	-0.340004	19819400.000000
2016-06-14	0.008688	0.001053	0.008776	-0.003247	0.990005	17618500.000000
2016-06-13	-0.022895	-0.013891	-0.009775	-0.028383	-2.670006	31718200.000000
2016-06-10	-0.016363	-0.008603	-0.003796	-0.019399	-1.939995	18510800.000000
2016-06-09	0.001436	-0.002196	0.002450	-0.005744	0.169999	13859200.000000
2016-06-08	0.005350	0.000000	0.007133	-0.004161	0.629997	14505600.000000
2016-06-07	-0.008671	0.003788	0.004293	-0.009428	-1.029999	17103000.000000
2016-06-06	0.002701	0.001266	0.008103	-0.000929	0.320000	12744700.000000
2016-06-03	-0.003868	0.000420	0.000420	-0.008997	-0.459999	14135100.000000
2016-06-02	0.001263	-0.000758	0.005557	-0.004715	0.150001	13228300.000000
2016-06-01	-0.000252	-0.002609	0.002273	-0.008333	-0.029999	15029500.000000
2016-05-31	-0.004775	0.000670	0.006031	-0.010554	-0.569999	23547600.000000
2016-05-27	-0.000753	0.000753	0.003181	-0.003850	-0.090004	13464400.000000
2016-05-26	0.013402	0.002969	0.015862	0.000254	1.580002	18481300.000000
2016-05-25	0.001614	0.003653	0.008241	-0.002719	0.190002	20019800.000000
2016-05-24	0.014918	0.002328	0.015176	0.001293	1.729996	20183600.000000
2016-05-23	-0.011760	0.000597	0.002130	-0.012015	-1.379997	20441000.000000
2016-05-20	0.004623	0.001284	0.010102	0.001199	0.540000	18944800.000000
2016-05-19	-0.007140	-0.005100	-0.001360	-0.015045	-0.840004	20544100.000000
2016-05-18	0.002556	-0.004687	0.007840	-0.005283	0.300004	21642300.000000
2016-05-17	-0.011123	0.001264	0.002865	-0.012387	-1.320000	21328600.000000
2016-05-16	-0.009515	-0.003589	-0.001669	-0.020533	-1.140000	31247800.000000
2016-05-13	-0.003908	0.000831	0.002993	-0.004988	-0.470001	18124300.000000
2016-05-12	0.006359	0.003849	0.011044	-0.005187	0.760002	22035500.000000
2016-05-11	-0.008133	-0.000747	0.004813	-0.008963	-0.980003	22038400.000000
2016-05-10	0.010567	0.003187	0.010567	-0.002013	1.260002	23220000.000000
2016-05-09	-0.002092	0.000418	0.006611	-0.004938	-0.250000	21138100.000000
2016-05-06	0.014260	-0.005517	0.015533	-0.005942	1.680000	26216200.000000
2016-05-05	-0.002118	-0.000169	0.007793	-0.006861	-0.250000	22056700.000000
2016-05-04	0.005365	-0.006983	0.007409	-0.007324	0.629998	23448400.000000
2016-05-03	-0.009615	-0.008856	-0.003458	-0.013072	-1.140000	24117500.000000
2016-05-02	0.008420	0.002126	0.009781	-0.008590	0.989998	28095200.000000
2016-04-29	0.007282	0.000771	0.009509	-0.007624	0.849999	37140600.000000
2016-04-28	0.071999	0.098172	0.109285	0.067408	7.840004	87110100.000000
2016-04-27	0.001195	-0.007540	0.001655	-0.022527	0.129997	52213100.000000
2016-04-26	-0.012171	0.003542	0.003633	-0.017711	-1.339996	22521500.000000
2016-04-25	-0.004161	-0.006241	0.000995	-0.013477	-0.460000	21017900.000000
2016-04-22	-0.025388	-0.019658	-0.014898	-0.039051	-2.880004	38458200.000000
2016-04-21	0.009073	0.001156	0.014410	-0.000978	1.020004	20875200.000000
2016-04-20	0.001158	0.001247	0.008727	-0.006501	0.129997	21027900.000000
2016-04-19	0.016659	0.005885	0.018108	-0.011679	1.840004	30210500.000000
2016-04-18	0.007388	0.000912	0.010671	-0.004013	0.809998	21092700.000000
2016-04-15	-0.010826	-0.000451	0.001173	-0.014796	-1.199997	20922800.000000
2016-04-14	0.002986	0.000995	0.013845	-0.002262	0.329994	28473300.000000
2016-04-13	-0.000904	0.014646	0.018443	-0.036977	-0.099999	88227400.000000
2016-04-12	0.014864	0.003211	0.019910	0.000000	1.620003	26248100.000000
2016-04-11	-0.014824	0.000633	0.002531	-0.016813	-1.639999	39762300.000000
2016-04-08	-0.026487	0.005368	0.006072	-0.032911	-3.010002	48497800.000000
2016-04-07	-0.000616	0.000704	0.010377	-0.005628	-0.070000	20714500.000000
2016-04-06	0.013277	0.002228	0.014169	0.001782	1.489998	20814600.000000
2016-04-05	-0.002932	-0.003909	0.006841	-0.005775	-0.330002	22962400.000000
2016-04-04	-0.030243	-0.017146	-0.013010	-0.038342	-3.509995	48487900.000000
2016-04-01	0.017178	-0.003067	0.018142	-0.006573	1.960000	24760500.000000
2016-03-31	-0.005231	0.000000	0.002703	-0.008108	-0.599999	21207500.000000
2016-03-30	-0.012399	0.005080	0.007319	-0.015326	-1.440002	33235200.000000
2016-03-29	0.021550	0.001231	0.023133	-0.000440	2.449997	29825300.000000
2016-03-28	0.005661	0.002388	0.013622	-0.000885	0.639999	21351800.000000
2016-03-24	0.004532	-0.003643	0.004887	-0.007642	0.510002	17839100.000000
2016-03-23	0.002584	-0.002138	0.008374	-0.002227	0.290001	18562000.000000
2016-03-22	0.003576	-0.004381	0.009209	-0.006080	0.400002	19001100.000000
2016-03-21	0.003589	0.001884	0.008255	-0.003768	0.400001	18448000.000000
2016-03-18	0.003873	0.004864	0.012610	-0.006756	0.430000	36256900.000000
2016-03-17	-0.010341	-0.000267	0.004546	-0.012926	-1.160003	24241200.000000
2016-03-16	0.013644	-0.001626	0.016536	-0.005150	1.510002	24744800.000000
2016-03-15	0.007098	-0.007098	0.008554	-0.009555	0.779999	17618500.000000
2016-03-14	0.004387	-0.001188	0.008409	-0.005850	0.479995	17249400.000000
2016-03-11	0.019475	0.010809	0.019568	0.005591	2.090004	20697600.000000
2016-03-10	-0.001767	0.003721	0.010697	-0.016185	-0.190002	24854300.000000
2016-03-09	0.014916	0.007269	0.014916	-0.004154	1.580002	20493300.000000
2016-03-08	0.001892	-0.008985	0.015511	-0.012579	0.199997	25617000.000000
2016-03-07	-0.024541	-0.002952	-0.002952	-0.033859	-2.659996	31436400.000000
2016-03-04	-0.010860	0.004289	0.004289	-0.015058	-1.190003	24938900.000000
2016-03-03	-0.003365	0.002729	0.003183	-0.012824	-0.369995	21353100.000000
2016-03-02	0.001184	-0.001275	0.006647	-0.009561	0.129997	25670200.000000
2016-03-01	0.027123	0.008511	0.027123	0.006360	2.900002	26817300.000000
2016-02-29	-0.009266	-0.002965	0.009174	-0.010841	-1.000000	32779000.000000
2016-02-26	-0.001388	0.005830	0.012769	-0.008420	-0.150002	26686200.000000
2016-02-25	0.011134	0.002152	0.011134	-0.011882	1.190003	29906300.000000
2016-02-24	0.013465	-0.011853	0.014129	-0.025792	1.419998	34412400.000000
2016-02-23	-0.015864	-0.002893	0.002893	-0.019037	-1.700005	25319300.000000
2016-02-22	0.024768	0.008798	0.035192	0.007363	2.590004	35709700.000000
2016-02-19	0.010631	-0.008891	0.014980	-0.013627	1.099999	32404500.000000
2016-02-18	-0.016445	0.005703	0.007605	-0.020627	-1.729996	29593500.000000
2016-02-17	0.035331	0.004035	0.040449	-0.011908	3.589996	44073400.000000
2016-02-16	-0.003921	0.017547	0.018822	-0.017351	-0.400001	45687200.000000
2016-02-12	0.000981	0.017957	0.022863	-0.008046	0.099998	36176800.000000
2016-02-11	0.009010	-0.013861	0.040693	-0.020990	0.910004	43670600.000000
2016-02-10	0.014667	0.020193	0.037271	0.007032	1.459999	45179400.000000
2016-02-09	-0.002105	-0.026165	0.026566	-0.029373	-0.209999	62709000.000000
2016-02-08	-0.041511	-0.035169	-0.013356	-0.063515	-4.320000	71229700.000000
2016-02-05	-0.058105	-0.008870	-0.008236	-0.066160	-6.419998	76894700.000000
2016-02-04	-0.019523	-0.007898	-0.006655	-0.030526	-2.200004	38890200.000000
2016-02-03	-0.016752	0.005759	0.006369	-0.042405	-1.919999	56919300.000000
2016-02-02	-0.004171	-0.002520	0.021722	-0.016422	-0.479995	59778600.000000
2016-02-01	0.025666	0.000535	0.031281	-0.001782	2.879997	46132700.000000
2016-01-29	0.028412	-0.001100	0.034186	-0.002475	3.099998	62739500.000000
2016-01-28	0.155214	0.134992	0.168237	0.109688	14.660004	107475300.000000
2016-01-27	-0.029690	0.004623	0.005239	-0.031950	-2.889999	58699400.000000
2016-01-26	0.003402	0.007731	0.008968	-0.013916	0.329994	26877100.000000
2016-01-25	-0.009496	0.007964	0.015724	-0.010312	-0.930000	32482000.000000
2016-01-22	0.040144	0.023895	0.041525	0.014125	3.779998	30495400.000000
2016-01-21	-0.002014	0.005935	0.017382	-0.018336	-0.189994	30518900.000000
2016-01-20	-0.009553	-0.025509	-0.002729	-0.061831	-0.910004	59051400.000000
2016-01-19	0.003054	0.016426	0.025798	-0.011056	0.290001	30998300.000000
2016-01-15	-0.034563	-0.044627	-0.020230	-0.049100	-3.400002	45935600.000000
2016-01-14	0.030700	0.004296	0.035939	-0.031329	2.930001	48658600.000000
2016-01-13	-0.039549	0.012177	0.012177	-0.041864	-3.930001	33410600.000000
2016-01-12	0.019075	0.015280	0.025126	0.000410	1.860001	28395400.000000
2016-01-11	0.001849	0.005959	0.013048	-0.019932	0.180000	29932400.000000
2016-01-08	-0.006025	0.020016	0.026348	-0.009089	-0.589996	35402300.000000
2016-01-07	-0.049043	-0.023988	-0.014956	-0.055065	-5.050003	45172900.000000
2016-01-06	0.002336	-0.015575	0.010124	-0.017814	0.239998	25096200.000000
2016-01-05	0.004989	0.006554	0.014576	-0.005381	0.510002	23258200.000000
2016-01-04	-0.023314	-0.025893	-0.023123	-0.046914	-2.440003	37912400.000000
2015-12-31	-0.014686	-0.002071	-0.000471	-0.015063	-1.559997	18298700.000000
2015-12-30	-0.009696	-0.002424	-0.000093	-0.011188	-1.040001	13115000.000000
2015-12-29	0.012555	0.004626	0.017087	0.003021	1.330002	17179900.000000
2015-12-28	0.008665	0.000000	0.009141	-0.004666	0.910003	13069700.000000
2015-12-24	0.003727	0.001051	0.006595	-0.001242	0.390000	6501800.000000
2015-12-23	-0.008340	0.003602	0.005687	-0.015638	-0.880005	19599700.000000
2015-12-22	0.007063	0.004295	0.008495	0.000382	0.740005	14597100.000000
2015-12-21	0.007016	0.008362	0.010669	-0.004229	0.729996	16138800.000000
2015-12-18	-0.020523	-0.001318	0.003483	-0.021182	-2.180000	35994200.000000
2015-12-17	-0.005338	0.006555	0.008990	-0.006180	-0.570000	21675700.000000
2015-12-16	0.021425	0.007843	0.024295	-0.003443	2.239998	22680500.000000
2015-12-15	-0.001051	0.006115	0.010892	-0.003631	-0.110001	21764300.000000
2015-12-14	0.024873	0.001665	0.025656	-0.006463	2.540001	24648100.000000
2015-12-11	-0.031303	-0.012047	-0.010245	-0.033295	-3.299995	26427700.000000
2015-12-10	0.007839	0.004302	0.017208	-0.001816	0.820000	17414500.000000
2015-12-09	-0.017748	-0.002911	-0.000469	-0.027608	-1.890000	23517300.000000
2015-12-08	0.008333	-0.015245	0.012309	-0.015718	0.879997	20401800.000000
2015-12-07	-0.005368	0.002825	0.006122	-0.014315	-0.569999	15474900.000000
2015-12-04	0.017245	0.004120	0.032094	-0.002587	1.800003	21224700.000000
2015-12-03	-0.015933	0.001886	0.007354	-0.025643	-1.690003	23236500.000000
2015-12-02	-0.009802	-0.001120	0.007468	-0.012416	-1.050003	24429100.000000
2015-12-01	0.027629	0.005660	0.027916	0.002494	2.880005	22781900.000000
2015-11-30	-0.011475	0.003698	0.006164	-0.016121	-1.209999	20383200.000000
2015-11-27	0.000379	0.003510	0.005218	-0.005218	0.039993	5913100.000000
2015-11-25	-0.003121	0.005580	0.008133	-0.006053	-0.329994	15150800.000000
2015-11-24	-0.011314	-0.008883	-0.004301	-0.023936	-1.209999	23577300.000000
2015-11-23	-0.003448	-0.001211	0.001398	-0.011554	-0.370003	19897200.000000
2015-11-20	0.009976	0.005458	0.015152	0.003388	1.059998	22129600.000000
2015-11-19	-0.014011	-0.003804	-0.000371	-0.016888	-1.509995	25520600.000000
2015-11-18	0.025112	0.006373	0.026158	0.002473	2.640000	23836500.000000
2015-11-17	0.010477	0.005575	0.020761	0.000961	1.089996	26807200.000000
2015-11-16	0.000866	-0.006061	0.002116	-0.033478	0.090004	49309200.000000
2015-11-13	-0.037678	-0.002870	0.002129	-0.038789	-4.070000	30278400.000000
2015-11-12	-0.009082	-0.004862	0.003486	-0.009265	-0.990005	20924700.000000
2015-11-11	0.010194	0.003336	0.018163	-0.007414	1.099998	25057100.000000
2015-11-10	0.013335	-0.004977	0.015588	-0.011738	1.420006	25031700.000000
2015-11-09	-0.005696	-0.000934	0.010738	-0.011578	-0.610000	26383500.000000
2015-11-06	-0.015263	-0.006620	-0.000184	-0.026204	-1.660004	35084300.000000
2015-11-05	0.046373	0.046758	0.064556	0.038580	4.820000	63232900.000000
2015-11-04	0.013258	0.005947	0.015208	-0.000975	1.360000	43469300.000000
2015-11-03	-0.007066	-0.000871	0.003291	-0.008808	-0.729996	21242300.000000
2015-11-02	0.013141	-0.002452	0.014710	-0.007747	1.339997	24003900.000000
2015-10-30	-0.027746	-0.003528	-0.001526	-0.030797	-2.909996	33487100.000000
2015-10-29	0.006526	-0.002303	0.008829	-0.006526	0.680000	20316700.000000
2015-10-28	0.004822	0.001929	0.007522	-0.007522	0.500000	24081500.000000
2015-10-27	-0.000675	-0.007998	0.003180	-0.013202	-0.070000	23795500.000000
2015-10-26	0.015461	0.000098	0.015853	-0.006263	1.579995	25961200.000000
2015-10-23	0.025283	0.022474	0.031905	0.004916	2.520004	42809700.000000
2015-10-22	0.026362	0.007002	0.026980	0.004531	2.559997	26392100.000000
2015-10-21	0.001134	0.003814	0.012165	-0.005464	0.110001	21917800.000000
2015-10-20	-0.014928	0.002640	0.011374	-0.019397	-1.470001	30700500.000000
2015-10-19	0.009535	-0.003691	0.010560	-0.006356	0.930000	23729900.000000
2015-10-16	0.016465	0.002293	0.016986	-0.006357	1.580002	25412900.000000
2015-10-15	0.020091	0.009780	0.023706	0.008823	1.889999	27557500.000000
2015-10-14	-0.000531	-0.000425	0.011475	-0.005419	-0.050003	19253400.000000
2015-10-13	-0.001485	-0.006365	0.011776	-0.007532	-0.139999	19480300.000000
2015-10-12	0.010940	0.000858	0.014586	-0.006113	1.020004	18449600.000000
2015-10-09	0.008327	0.004650	0.013734	-0.002487	0.769997	20012900.000000
2015-10-08	0.000758	-0.005520	0.008874	-0.020887	0.069999	27290500.000000
2015-10-07	-0.004310	0.003340	0.009267	-0.015409	-0.400001	24129300.000000
2015-10-06	-0.012871	0.000745	0.001702	-0.017764	-1.209999	22172800.000000
2015-10-05	0.021071	0.009449	0.023895	0.006408	1.940002	27292500.000000
2015-10-02	0.012314	-0.022540	0.013744	-0.028367	1.120003	37881700.000000
2015-10-01	0.011680	0.001669	0.011680	-0.017130	1.049995	29283700.000000
2015-09-30	0.037268	0.020422	0.038652	0.015461	3.230004	36169100.000000
2015-09-29	-0.028472	-0.001233	0.009528	-0.039121	-2.540001	42281800.000000
2015-09-28	-0.038374	-0.007438	-0.005174	-0.049477	-3.559998	41199900.000000
2015-09-25	-0.017371	0.014617	0.015253	-0.024891	-1.640007	28961600.000000
2015-09-24	0.004682	-0.009684	0.008513	-0.018410	0.440003	29106000.000000
2015-09-23	0.010865	0.004733	0.014630	-0.001721	1.010002	21701400.000000
2015-09-22	-0.027106	-0.018629	-0.009105	-0.037991	-2.590004	36888900.000000
2015-09-21	0.012182	0.002331	0.022140	0.001271	1.150001	28790000.000000
2015-09-18	0.000636	-0.012084	0.009010	-0.013674	0.060006	62300000.000000
2015-09-17	0.009524	-0.000856	0.022044	-0.005885	0.889999	27841800.000000
2015-09-16	0.005920	0.000000	0.007535	-0.002906	0.549995	16321200.000000
2015-09-15	0.006392	0.000650	0.010183	-0.005633	0.590004	18859400.000000
2015-09-14	0.002824	0.002824	0.006192	-0.004889	0.259995	20127900.000000
2015-09-11	0.000761	-0.003262	0.001087	-0.009241	0.070000	21185000.000000
2015-09-10	0.017028	-0.004091	0.017912	-0.008956	1.540001	26437400.000000
2015-09-09	0.010164	0.013962	0.027365	0.007148	0.910003	32551100.000000
2015-09-08	0.014389	0.016202	0.022434	0.006458	1.269997	27012500.000000
2015-09-04	0.001248	-0.010777	0.002723	-0.016449	0.110000	27328700.000000
2015-09-03	-0.019357	-0.001446	-0.000779	-0.024029	-1.739997	27048200.000000
2015-09-02	0.030494	0.018113	0.030494	0.004586	2.659996	27190500.000000
2015-09-01	-0.024600	-0.028849	-0.000447	-0.032763	-2.199997	36097400.000000
2015-08-31	-0.017361	-0.004505	0.000440	-0.023294	-1.580002	32850700.000000
2015-08-28	0.014265	0.001672	0.019503	0.000669	1.279999	33215900.000000
2015-08-27	0.029132	0.021906	0.032917	0.000000	2.540001	42431400.000000
2015-08-26	0.050482	0.035542	0.053735	0.003133	4.190002	45124300.000000
2015-08-25	0.011085	0.059203	0.067974	0.011085	0.910004	52021200.000000
2015-08-24	-0.046131	-0.104927	-0.046131	-0.163374	-3.970002	83710700.000000
2015-08-21	-0.049691	-0.033569	-0.015238	-0.054660	-4.500000	62778700.000000
2015-08-20	-0.049837	-0.018571	-0.005666	-0.050887	-4.750000	44598200.000000
2015-08-19	0.001471	-0.005674	0.009772	-0.010613	0.140000	23156500.000000
2015-08-18	0.013201	0.001597	0.020441	0.001171	1.239998	22278800.000000
2015-08-17	-0.005190	0.000000	0.000424	-0.010909	-0.489998	18313500.000000
2015-08-14	0.010596	0.001177	0.013807	-0.002355	0.989998	15929700.000000
2015-08-13	-0.008069	-0.001486	0.005733	-0.008918	-0.760002	17451800.000000
2015-08-12	0.006088	-0.009827	0.008759	-0.025956	0.569999	27050500.000000
2015-08-11	-0.005629	-0.004461	0.006479	-0.013277	-0.529999	22491000.000000
2015-08-10	-0.001591	0.014634	0.016967	-0.007105	-0.150001	21624200.000000
2015-08-07	-0.008621	0.002733	0.002944	-0.015875	-0.820000	23199100.000000
2015-08-06	-0.013687	0.007673	0.023849	-0.020946	-1.319999	42271300.000000
2015-08-05	0.025303	0.012652	0.032213	0.011907	2.380004	29813200.000000
2015-08-04	-0.000850	-0.003718	0.006267	-0.008604	-0.080001	20136000.000000
2015-08-03	0.001383	-0.005106	0.011382	-0.012871	0.129997	29343100.000000
2015-07-31	-0.012604	-0.002731	0.011764	-0.013234	-1.199997	46509000.000000
2015-07-30	-0.018352	-0.021445	-0.012166	-0.053511	-1.779999	86211300.000000
2015-07-29	0.017840	0.010809	0.020884	-0.005772	1.699997	64648300.000000
2015-07-28	0.011893	0.007115	0.014761	-0.009132	1.120003	35236000.000000
2015-07-27	-0.028675	-0.003816	-0.003507	-0.032181	-2.779999	38585400.000000
2015-07-24	0.015821	0.020013	0.024308	0.004610	1.509995	33444900.000000
2015-07-23	-0.016488	-0.000824	0.004225	-0.022980	-1.599999	29418800.000000
2015-07-22	-0.013721	-0.016770	-0.008233	-0.025104	-1.349998	28299500.000000
2015-07-21	0.004902	0.010622	0.013584	-0.007864	0.479995	39453300.000000
2015-07-20	0.030957	0.009266	0.038223	0.004107	2.940003	54860500.000000
2015-07-17	0.045350	0.018712	0.049972	0.018602	4.120003	54001600.000000
2015-07-16	0.012143	0.005793	0.012255	0.000111	1.089996	21804100.000000
2015-07-15	0.000892	0.003568	0.014607	-0.002899	0.080002	30886600.000000
2015-07-14	-0.004661	0.003996	0.007769	-0.004994	-0.419998	26627800.000000
2015-07-13	0.024446	0.008073	0.025810	0.005344	2.150001	29976700.000000
2015-07-10	0.024103	0.017117	0.027247	0.010363	2.070000	23245900.000000
2015-07-09	0.002685	0.012609	0.022767	0.000000	0.229995	23144200.000000
2015-07-08	-0.018000	-0.010663	-0.005389	-0.020294	-1.569999	24399300.000000
2015-07-07	-0.003769	0.002856	0.003427	-0.026499	-0.330002	33059900.000000
2015-07-06	0.002979	-0.009165	0.010310	-0.010310	0.260002	24635900.000000
2015-07-02	0.004372	0.005638	0.006098	-0.006559	0.379997	16908800.000000
2015-07-01	0.013291	0.011659	0.025417	0.008395	1.140007	25260000.000000
2015-06-30	-0.000350	0.009324	0.010489	-0.002681	-0.030006	23016500.000000
2015-06-29	-0.025111	-0.015907	-0.005795	-0.025906	-2.209999	35957900.000000
2015-06-26	0.000341	0.001591	0.004092	-0.013071	0.029999	38214600.000000
2015-06-25	-0.009903	0.004501	0.006077	-0.011479	-0.879998	27302000.000000
2015-06-24	0.011152	-0.002503	0.015589	-0.004893	0.980004	41370200.000000
2015-06-23	0.037055	0.002596	0.038117	0.000236	3.139999	50667900.000000
2015-06-22	0.027027	0.010908	0.029815	0.009696	2.229996	29383100.000000
2015-06-19	-0.004825	-0.000965	0.000844	-0.009528	-0.400002	23353200.000000
2015-06-18	0.013694	-0.001834	0.017117	-0.002690	1.120003	26782600.000000
2015-06-17	0.009006	0.008636	0.014310	0.003454	0.730003	18350300.000000
2015-06-16	0.004337	0.001363	0.009912	-0.003221	0.349999	13693700.000000
2015-06-15	-0.010058	-0.012020	-0.007359	-0.017908	-0.820000	18805100.000000
2015-06-12	-0.003666	-0.005621	0.003177	-0.007699	-0.300003	11417900.000000
2015-06-11	-0.004017	0.001826	0.009007	-0.009737	-0.330002	18656800.000000
2015-06-10	0.018470	0.001983	0.023925	0.001735	1.490006	21531200.000000
2015-06-09	0.000000	-0.000868	0.006446	-0.016735	0.000000	16497500.000000
2015-06-08	-0.017896	-0.003896	-0.001704	-0.024470	-1.470001	16915500.000000
2015-06-05	0.001097	-0.002194	0.004997	-0.006581	0.089996	16143100.000000
2015-06-04	-0.004731	-0.003639	0.006186	-0.011281	-0.389999	20863900.000000
2015-06-03	0.024863	0.011313	0.025982	0.010070	2.000000	31594700.000000
2015-06-02	0.001868	-0.006601	0.013202	-0.009092	0.150001	18923300.000000
2015-06-01	0.013891	0.001389	0.015027	-0.006693	1.099999	18119000.000000
2015-05-29	-0.011978	-0.002495	-0.000998	-0.015845	-0.960000	16134600.000000
2015-05-28	-0.004966	-0.003724	0.006456	-0.006828	-0.400001	11982000.000000
2015-05-27	0.015379	0.003403	0.016765	0.001261	1.220001	14160900.000000
2015-05-26	-0.015024	-0.001366	0.000745	-0.018128	-1.209999	16321300.000000
2015-05-22	0.000746	-0.001615	0.010313	-0.002858	0.059998	19567900.000000
2015-05-21	-0.000869	-0.004469	0.004593	-0.005835	-0.070000	13402700.000000
2015-05-20	-0.000992	-0.001984	0.005829	-0.014511	-0.079994	23056900.000000
2015-05-19	-0.003091	0.004575	0.010015	-0.004080	-0.250000	17955400.000000
2015-05-18	0.005720	-0.001119	0.011937	-0.002363	0.459999	21613700.000000
2015-05-15	-0.011675	0.000492	0.001843	-0.014625	-0.950005	27069900.000000
2015-05-14	0.037353	0.006374	0.043473	0.002932	2.930001	49438000.000000
2015-05-13	0.012652	0.003357	0.013814	0.002453	0.980003	21512300.000000
2015-05-12	-0.007050	-0.001795	-0.001538	-0.015639	-0.550003	21285300.000000
2015-05-11	-0.006369	-0.000382	0.006623	-0.007388	-0.500000	18874100.000000
2015-05-08	0.001020	0.008543	0.010200	-0.005100	0.080002	19943600.000000
2015-05-07	0.004225	-0.001280	0.010755	-0.006914	0.330002	19749400.000000
2015-05-06	0.006962	0.005286	0.016117	-0.006575	0.540000	28663000.000000
2015-05-05	-0.015861	-0.003299	-0.000127	-0.020175	-1.250000	22311300.000000
2015-05-04	-0.002279	0.004304	0.008862	-0.004558	-0.180000	14692000.000000
2015-05-01	0.002793	0.005967	0.012568	-0.008379	0.220001	24136400.000000
2015-04-30	-0.021126	-0.005716	0.006089	-0.026718	-1.700004	28999000.000000
2015-04-29	-0.002603	-0.008304	0.008800	-0.014378	-0.209999	26430300.000000
2015-04-28	-0.015017	-0.000977	-0.000122	-0.020510	-1.230004	23775300.000000
2015-04-27	0.004661	0.004170	0.017172	0.001227	0.380005	25446000.000000
2015-04-24	-0.010678	0.004368	0.006431	-0.011285	-0.880005	29660400.000000
2015-04-23	-0.026232	-0.006263	0.011343	-0.026232	-2.219993	73728100.000000
2015-04-22	0.012078	0.008371	0.013394	0.000359	1.009994	45548000.000000
2015-04-21	0.006379	0.010952	0.016849	0.005416	0.530007	27171900.000000
2015-04-20	0.028596	0.009408	0.029339	0.005694	2.309997	28796800.000000
2015-04-17	-0.018588	-0.010084	-0.002430	-0.023569	-1.529999	24215000.000000
2015-04-16	-0.004836	-0.002902	0.004353	-0.006771	-0.400001	13769700.000000
2015-04-15	-0.009698	0.000359	0.001676	-0.014966	-0.809998	22390900.000000
2015-04-14	0.006144	0.001927	0.008192	-0.006867	0.509995	19634200.000000
2015-04-13	0.011824	-0.001341	0.023159	-0.001463	0.970001	26883100.000000
2015-04-10	-0.001582	0.000487	0.005355	-0.003164	-0.129997	12529700.000000
2015-04-09	-0.001337	0.002674	0.006320	-0.006928	-0.110001	15927300.000000
2015-04-08	-0.000486	0.003766	0.009475	-0.005831	-0.040001	18966700.000000
2015-04-07	-0.001456	0.002547	0.011887	-0.002669	-0.120002	17467000.000000
2015-04-06	0.010790	-0.009318	0.015326	-0.009318	0.880004	19062900.000000
2015-04-02	-0.001347	0.007102	0.010898	-0.002816	-0.110000	19664100.000000
2015-04-01	-0.006689	0.003405	0.006081	-0.016419	-0.550003	22058200.000000
2015-03-31	-0.011779	-0.003606	0.003606	-0.011899	-0.979996	19734300.000000
2015-03-30	-0.001201	0.006122	0.012485	-0.010684	-0.100006	24527700.000000
2015-03-27	0.003494	0.004457	0.011324	-0.001566	0.290001	18372600.000000
2015-03-26	0.001085	-0.002412	0.010251	-0.009407	0.090004	32794800.000000
2015-03-25	-0.028015	0.002227	0.002462	-0.028015	-2.390000	37436100.000000
2015-03-24	0.010423	0.003316	0.019424	0.001066	0.879998	32576500.000000
2015-03-23	0.007518	0.001432	0.013842	-0.005967	0.629997	27357300.000000
2015-03-20	0.012689	0.007734	0.022356	0.003867	1.050003	44466300.000000
2015-03-19	0.022741	0.002595	0.025831	0.001112	1.839996	42099500.000000
2015-03-18	0.019531	-0.001386	0.023689	-0.002394	1.550003	36912400.000000
2015-03-17	0.016524	0.003715	0.021903	0.003458	1.290001	22170000.000000
2015-03-16	0.000256	-0.001153	0.000897	-0.008841	0.019997	19305400.000000
2015-03-13	-0.011149	-0.004181	0.005701	-0.015837	-0.879997	18557300.000000
2015-03-12	0.017533	0.006833	0.019080	0.004383	1.360000	16093300.000000
2015-03-11	0.000258	0.003224	0.011347	-0.003740	0.019997	20215700.000000
2015-03-10	-0.023792	-0.011833	-0.002266	-0.023792	-1.889999	23067100.000000
2015-03-09	-0.007124	-0.004125	-0.001250	-0.017248	-0.570000	18925100.000000
2015-03-06	-0.014776	-0.003817	0.001478	-0.016993	-1.199997	24488600.000000
2015-03-05	0.003832	0.004079	0.013473	0.001854	0.309997	27825700.000000
2015-03-04	0.016332	-0.003769	0.019472	-0.009422	1.300004	28126700.000000
2015-03-03	-0.001881	-0.001755	-0.000627	-0.015423	-0.150002	18635000.000000
2015-03-02	0.009877	0.000380	0.011270	-0.005698	0.779999	21662500.000000
2015-02-27	-0.017908	0.003358	0.010198	-0.022261	-1.440003	30739200.000000
2015-02-26	0.010684	0.004022	0.022750	0.002011	0.850006	31111900.000000
2015-02-25	0.014149	0.000637	0.022307	0.000637	1.110001	25593800.000000
2015-02-24	-0.004947	-0.004312	0.008118	-0.009386	-0.389999	18897100.000000
2015-02-23	-0.013267	0.000751	0.003630	-0.019024	-1.060006	24139100.000000
2015-02-20	0.006044	0.001637	0.011584	-0.002770	0.480004	36931700.000000
2015-02-19	0.035328	0.003650	0.040803	0.003129	2.709999	45851200.000000
2015-02-18	0.014683	0.004497	0.017196	-0.001984	1.110001	22426400.000000
2015-02-17	-0.001848	-0.005809	0.015448	-0.008714	-0.140000	25254400.000000
2015-02-13	-0.006428	0.003017	0.003280	-0.009576	-0.490005	18621900.000000
2015-02-12	-0.003660	0.004575	0.004705	-0.008104	-0.279999	17235000.000000
2015-02-11	0.017556	-0.001330	0.020747	-0.002128	1.320000	20877400.000000
2015-02-10	0.010075	0.005508	0.012090	0.000806	0.750000	15811300.000000
2015-02-09	-0.000403	-0.005640	0.004834	-0.013697	-0.029999	16194300.000000
2015-02-06	-0.015077	0.000926	0.001190	-0.017987	-1.140000	21211000.000000
2015-02-05	-0.000264	0.001058	0.004628	-0.005553	-0.019996	15062600.000000
2015-02-04	0.003050	-0.004111	0.012599	-0.005172	0.229995	20277400.000000
2015-02-03	0.005467	0.002667	0.007868	-0.015069	0.410004	26957700.000000
2015-02-02	-0.012120	0.002635	0.003030	-0.028455	-0.920006	41955300.000000
2015-01-30	-0.026795	0.000000	0.002051	-0.028846	-2.089996	42649500.000000
2015-01-29	0.023085	0.008001	0.023347	-0.026626	1.760002	61293500.000000
2015-01-28	0.006070	0.014780	0.024545	0.002903	0.459999	53306400.000000
2015-01-27	-0.022194	-0.010194	-0.008000	-0.024129	-1.720001	20110000.000000
2015-01-26	-0.004240	0.001927	0.008223	-0.006938	-0.330002	19260800.000000
2015-01-23	0.002318	0.000000	0.006954	-0.007856	0.180000	16746500.000000
2015-01-22	0.011858	0.005603	0.013161	-0.000782	0.910004	19519500.000000
2015-01-21	0.006558	-0.001049	0.013904	-0.005115	0.500000	25096700.000000
2015-01-20	0.014099	0.007183	0.015031	-0.004789	1.059998	22821600.000000
2015-01-16	0.015260	-0.000135	0.017151	-0.002836	1.129997	21791500.000000
2015-01-15	-0.029234	0.001573	0.003802	-0.035920	-2.229996	34134000.000000
2015-01-14	-0.002224	-0.000392	0.009810	-0.005494	-0.169998	25741000.000000
2015-01-13	-0.003519	0.006648	0.017727	-0.011340	-0.270004	25179600.000000
2015-01-12	-0.013121	0.001286	0.003345	-0.019681	-1.019997	19190200.000000
2015-01-09	-0.005628	0.000256	0.005628	-0.012535	-0.440002	21157000.000000
2015-01-08	0.026658	0.007748	0.027315	-0.000919	2.029998	23961000.000000
2015-01-07	0.000000	0.008011	0.015890	-0.004334	0.000000	22045300.000000
2015-01-06	-0.013473	0.000518	0.005182	-0.023708	-1.040000	27399300.000000
2015-01-05	-0.016061	-0.005991	0.010198	-0.020268	-1.259995	26452200.000000
2015-01-02	0.005511	0.007178	0.011664	-0.004102	0.430000	18177500.000000
2014-12-31	-0.015148	0.004039	0.007321	-0.017167	-1.200004	19935400.000000
2014-12-30	-0.009997	-0.002124	0.007123	-0.011497	-0.799996	14370800.000000
2014-12-29	-0.009408	-0.003590	0.002228	-0.013246	-0.760002	14134700.000000
2014-12-26	0.000124	0.003095	0.006314	-0.003219	0.010002	10647400.000000
2014-12-24	0.001985	0.005210	0.010172	0.001737	0.159996	7685500.000000
2014-12-23	-0.010313	0.006998	0.008840	-0.012891	-0.839996	19865800.000000
2014-12-22	0.019654	0.002504	0.025163	0.001502	1.570000	31395800.000000
2014-12-19	0.018877	0.004464	0.020408	-0.000893	1.479995	43335000.000000
2014-12-18	0.030088	0.010248	0.030088	0.005256	2.290001	34222100.000000
2014-12-17	0.019012	0.004284	0.023029	0.002812	1.419999	29203900.000000
2014-12-16	-0.029874	-0.010391	0.005195	-0.031173	-2.299996	31554600.000000
2014-12-15	-0.010793	0.008095	0.009636	-0.016318	-0.840004	29396500.000000
2014-12-12	0.001286	-0.007333	0.014795	-0.009134	0.099999	28091600.000000
2014-12-11	0.020347	0.004463	0.030717	0.003938	1.550003	33462100.000000
2014-12-10	-0.008589	-0.002473	0.009240	-0.010021	-0.659996	32210500.000000
2014-12-09	0.004182	-0.017250	0.005358	-0.022739	0.319999	25358600.000000
2014-12-08	0.002095	-0.002357	0.011655	-0.012572	0.159996	25733900.000000
2014-12-05	0.014886	0.007443	0.020202	0.001595	1.120003	24306400.000000
2014-12-04	0.004808	-0.000668	0.008948	-0.002938	0.360001	14362800.000000
2014-12-03	-0.007686	-0.001060	0.003578	-0.014047	-0.580002	16689900.000000
2014-12-02	0.004794	0.003063	0.010786	-0.000799	0.360001	16773900.000000
2014-12-01	-0.033462	-0.005663	-0.005019	-0.037323	-2.599999	31789900.000000
2014-11-28	0.001031	0.000644	0.008374	-0.005024	0.079994	15992000.000000
2014-11-26	0.026312	-0.001322	0.028428	-0.001587	1.990006	32695300.000000
2014-11-25	0.021889	0.002702	0.023375	0.001621	1.619995	32250200.000000
2014-11-24	0.003525	-0.002847	0.008136	-0.005424	0.260002	22103800.000000
2014-11-21	0.002038	0.012228	0.012228	-0.001359	0.150002	23060400.000000
2014-11-20	0.003682	-0.007228	0.009000	-0.011182	0.269996	19154900.000000
2014-11-19	-0.013586	-0.004439	0.002690	-0.016546	-1.009994	25441200.000000
2014-11-18	0.001347	0.002829	0.007543	-0.004580	0.099998	20690500.000000
2014-11-17	-0.008547	0.000000	0.010417	-0.013355	-0.639999	28701200.000000
2014-11-14	0.008485	0.000269	0.009158	-0.002828	0.629997	19476900.000000
2014-11-13	-0.006290	0.000268	0.006959	-0.014454	-0.470001	26448500.000000
2014-11-12	0.001474	-0.004423	0.007104	-0.014341	0.110000	26536600.000000
2014-11-11	-0.005200	-0.000667	-0.000267	-0.012933	-0.389999	18715700.000000
2014-11-10	-0.007936	-0.003175	-0.001587	-0.013095	-0.599998	21575100.000000
2014-11-07	0.004518	0.001727	0.007972	-0.003189	0.339996	20774000.000000
2014-11-06	0.005746	0.000802	0.010290	-0.006949	0.430000	21383000.000000
2014-11-05	-0.012276	0.009900	0.013728	-0.017687	-0.930000	35913000.000000
2014-11-04	0.025447	0.004737	0.025582	-0.003113	1.880005	39326000.000000
2014-11-03	-0.014802	0.006401	0.007068	-0.017202	-1.110001	40727000.000000
2014-10-31	0.011874	0.011065	0.021455	0.004588	0.879997	44544000.000000
2014-10-30	-0.023069	-0.010678	-0.006723	-0.039019	-1.750000	83270000.000000
2014-10-29	-0.060790	-0.065866	-0.048161	-0.074161	-4.909996	106120000.000000
2014-10-28	0.006104	-0.001246	0.010962	-0.008844	0.489998	74212000.000000
2014-10-27	-0.004834	0.000868	0.001612	-0.011280	-0.389999	30169000.000000
2014-10-24	0.007871	0.001999	0.009745	-0.008996	0.629997	32248000.000000
2014-10-23	0.021309	0.012888	0.028837	0.008166	1.669998	35056000.000000
2014-10-22	-0.004067	0.001652	0.014741	-0.008642	-0.319999	41862000.000000
2014-10-21	0.022612	0.007927	0.023262	0.002599	1.740005	32252000.000000
2014-10-20	0.013167	-0.004608	0.015010	-0.007505	1.000000	34701000.000000
2014-10-17	0.045711	0.022030	0.046400	0.015421	3.320000	76342000.000000
2014-10-16	-0.007922	-0.033056	0.001912	-0.035924	-0.580002	53529000.000000
2014-10-15	-0.005164	-0.025819	0.002854	-0.044435	-0.379997	61528000.000000
2014-10-14	0.008220	0.013838	0.016304	-0.012878	0.599998	50299000.000000
2014-10-13	0.001097	0.004389	0.025648	-0.005349	0.079994	43938000.000000
2014-10-10	-0.039520	-0.004216	0.007772	-0.041497	-3.000000	52146000.000000
2014-10-09	-0.020769	-0.003096	0.003096	-0.021543	-1.609993	32487000.000000
2014-10-08	0.016123	-0.001442	0.018613	-0.015598	1.229996	32976000.000000
2014-10-07	-0.016374	-0.006575	0.005028	-0.017019	-1.269997	25317000.000000
2014-10-06	0.001550	-0.003228	0.005811	-0.007619	0.119996	25729000.000000
2014-10-03	0.004670	0.008822	0.012714	0.002335	0.360000	23340000.000000
2014-10-02	0.006924	0.000261	0.012149	-0.011888	0.529999	36488000.000000
2014-10-01	-0.031503	-0.003289	-0.002783	-0.039727	-2.489998	55090000.000000
2014-09-30	0.000506	0.004430	0.008987	-0.005063	0.040001	35899000.000000
2014-09-29	0.002665	-0.008504	0.005204	-0.011169	0.209999	34031000.000000
2014-09-26	0.020332	0.004791	0.020979	0.001425	1.570000	28872000.000000
2014-09-25	-0.016807	0.000764	0.005093	-0.017953	-1.320000	37533000.000000
2014-09-24	0.003193	-0.002427	0.004215	-0.009963	0.250000	30680000.000000
2014-09-23	0.019401	-0.006120	0.023828	-0.009896	1.489998	36814000.000000
2014-09-22	-0.014247	-0.011680	-0.004877	-0.025157	-1.110001	31961000.000000
2014-09-19	0.011818	0.005195	0.016883	-0.007273	0.910004	76671000.000000
2014-09-18	0.007458	0.004448	0.011776	0.001178	0.570000	23031000.000000
2014-09-17	0.004600	-0.001577	0.015379	-0.006703	0.349998	28693000.000000
2014-09-16	0.020113	-0.014213	0.022124	-0.020247	1.500000	37742000.000000
2014-09-15	-0.037429	-0.004259	-0.002969	-0.052272	-2.900001	49679000.000000
2014-09-12	-0.005647	0.001283	0.004877	-0.010524	-0.439995	26676800.000000
2014-09-11	0.006328	-0.003875	0.012011	-0.004908	0.489998	32219000.000000
2014-09-10	0.009913	-0.001956	0.016695	-0.002087	0.760002	29909000.000000
2014-09-09	-0.015663	-0.003852	0.003595	-0.021697	-1.220001	28882000.000000
2014-09-08	0.008154	0.000000	0.011778	-0.003236	0.629997	28183000.000000
2014-09-05	0.017248	0.001975	0.018828	-0.004608	1.310005	29476000.000000
2014-09-04	0.001582	0.000791	0.014506	-0.003956	0.119995	26676000.000000
2014-09-03	-0.011085	0.005999	0.010433	-0.014085	-0.849998	32389000.000000
2014-09-02	0.024860	0.002539	0.025127	0.000000	1.860000	34979000.000000
2014-08-29	0.012998	0.005957	0.012998	0.002031	0.959999	26241000.000000
2014-08-28	-0.010318	-0.008442	-0.002680	-0.012059	-0.769996	21947000.000000
2014-08-27	-0.017509	-0.009084	-0.006187	-0.019747	-1.330002	36323000.000000
2014-08-26	0.012530	-0.000267	0.012930	-0.003866	0.940002	23993000.000000
2014-08-25	0.006035	0.004962	0.009521	0.002950	0.449997	19734000.000000
2014-08-22	0.000000	-0.003084	0.002146	-0.013410	0.000000	20897000.000000
2014-08-21	-0.003208	0.001470	0.005080	-0.005347	-0.239998	20102000.000000
2014-08-20	-0.006375	-0.004250	-0.001461	-0.008899	-0.480003	22917000.000000
2014-08-19	0.009385	0.002949	0.013273	-0.001072	0.700005	26679000.000000
2014-08-18	0.013038	0.005025	0.014804	0.004482	0.959999	23974000.000000
2014-08-15	-0.009018	0.000269	0.004711	-0.017497	-0.670006	38846600.000000
2014-08-14	0.007185	0.002711	0.008269	-0.001084	0.530006	22207000.000000
2014-08-13	0.012907	0.003982	0.019497	0.003021	0.939995	29266000.000000
2014-08-12	-0.008306	-0.004766	-0.001498	-0.016612	-0.610000	27419000.000000
2014-08-11	0.005201	0.005475	0.011634	0.000000	0.380004	24591000.000000
2014-08-08	-0.001503	0.003143	0.003553	-0.008337	-0.110000	27202000.000000
2014-08-07	0.009659	0.007313	0.021112	0.003174	0.699997	38141000.000000
2014-08-06	-0.003027	-0.009217	0.014170	-0.012381	-0.220001	30986000.000000
2014-08-05	-0.011155	-0.004217	0.001088	-0.018093	-0.820000	34986000.000000
2014-08-04	0.015893	0.000000	0.021006	0.000000	1.150001	30777000.000000
2014-08-01	-0.003992	-0.005919	0.007846	-0.015141	-0.290001	43535000.000000
2014-07-31	-0.027183	-0.009106	-0.006829	-0.029995	-2.029998	43992000.000000
2014-07-30	0.013160	0.006783	0.020079	0.005698	0.970001	36853000.000000
2014-07-29	-0.016151	-0.002669	0.000000	-0.020021	-1.209999	41324000.000000
2014-07-28	-0.003591	-0.000266	0.004123	-0.017822	-0.270004	41725000.000000
2014-07-25	0.002801	0.000133	0.009202	-0.004268	0.209999	45917000.000000
2014-07-24	0.051760	0.065507	0.076448	0.045168	3.690002	124168000.000000
2014-07-23	0.029161	0.006785	0.029739	0.004908	2.020004	78435000.000000
2014-07-22	-0.001873	0.005187	0.005331	-0.011383	-0.130005	40398000.000000
2014-07-21	0.014323	0.005700	0.022508	0.001169	0.980004	49539000.000000
2014-07-18	0.030266	0.005873	0.030869	-0.003764	2.009994	42456000.000000
2014-07-17	-0.018475	-0.009311	0.002808	-0.023943	-1.250000	38188000.000000
2014-07-16	0.007295	0.005508	0.011464	-0.001489	0.490006	29541600.000000
2014-07-15	-0.010751	0.000884	0.002798	-0.024153	-0.730004	44213200.000000
2014-07-14	0.023515	0.011908	0.027585	0.008441	1.560006	38537000.000000
2014-07-11	0.022661	0.006320	0.026514	-0.001233	1.469993	39212000.000000
2014-07-10	-0.001539	-0.025550	0.005695	-0.029552	-0.099998	44422000.000000
2014-07-09	0.035214	0.010357	0.037604	0.006214	2.210003	51432000.000000
2014-07-08	-0.038750	-0.003523	0.004135	-0.047174	-2.530003	68926000.000000
2014-07-07	-0.015085	0.000151	0.004224	-0.017650	-1.000000	28745000.000000
2014-07-03	-0.002408	0.006170	0.008277	-0.010384	-0.159996	25203200.000000
2014-07-02	-0.023656	-0.000294	0.003526	-0.033353	-1.610001	41895000.000000
2014-07-01	0.011443	0.004310	0.017090	0.001486	0.769997	33243000.000000
2014-06-30	-0.004586	-0.002071	0.004734	-0.006953	-0.309997	27102800.000000
2014-06-27	0.007001	0.002681	0.008491	-0.004320	0.470001	46461000.000000
2014-06-26	-0.004597	0.008304	0.008304	-0.008007	-0.310005	47714000.000000
2014-06-25	0.026172	-0.002130	0.026780	-0.002282	1.720001	44308000.000000
2014-06-24	0.005354	-0.000153	0.027535	-0.001530	0.349998	57335000.000000
2014-06-23	0.013488	-0.002791	0.017985	-0.004341	0.870003	34560000.000000
2014-06-20	0.002487	0.001865	0.007305	-0.015387	0.160004	46466000.000000
2014-06-19	-0.019207	-0.002134	-0.000305	-0.021189	-1.260002	34245000.000000
2014-06-18	0.018633	0.001397	0.020963	-0.005435	1.199996	35570000.000000
2014-06-17	0.003272	-0.001402	0.010749	-0.004051	0.210000	27715000.000000
2014-06-16	-0.004806	-0.005271	0.005891	-0.011628	-0.309998	31046000.000000
2014-06-13	0.003266	0.006377	0.010577	-0.007155	0.209999	29419000.000000
2014-06-12	-0.022651	0.001064	0.010490	-0.026148	-1.489998	55730000.000000
2014-06-11	0.000152	-0.006842	0.000456	-0.013228	0.010002	44242000.000000
2014-06-10	0.045960	0.010337	0.046756	0.009860	2.889996	69338000.000000
2014-06-09	0.006080	-0.001600	0.013440	-0.011360	0.380001	37617000.000000
2014-06-06	-0.010919	0.002849	0.004589	-0.016458	-0.689999	42442000.000000
2014-06-05	-0.002368	0.005052	0.016104	-0.008210	-0.150001	47352000.000000
2014-06-04	0.007476	-0.006680	0.011452	-0.012725	0.470001	36514000.000000
2014-06-03	-0.003329	-0.007292	0.005390	-0.012048	-0.210003	32217000.000000
2014-06-02	-0.003475	-0.001106	0.004581	-0.019747	-0.219997	35996000.000000
2014-05-30	-0.008303	0.001880	0.005327	-0.019897	-0.530003	45253500.000000
2014-05-29	0.005039	0.005196	0.012439	0.000000	0.320004	42700000.000000
2014-05-28	0.000473	-0.001418	0.010397	-0.013548	0.029998	47795000.000000
2014-05-27	0.034719	0.004401	0.035208	0.003586	2.130002	55682000.000000
2014-05-23	0.013714	-0.001818	0.015367	-0.006114	0.829998	38294000.000000
2014-05-22	0.000496	0.007439	0.016366	-0.001488	0.029998	54200000.000000
2014-05-21	0.032958	0.000000	0.033128	-0.005294	1.930001	58992000.000000
2014-05-20	-0.010978	0.004898	0.016551	-0.017396	-0.649998	53931000.000000
2014-05-19	0.020510	-0.002241	0.026543	-0.007756	1.189999	43034000.000000
2014-05-16	0.001727	0.006733	0.009151	-0.010532	0.100002	47933000.000000
2014-05-15	-0.022117	0.000506	0.002533	-0.028871	-1.310002	56814000.000000
2014-05-14	-0.010028	-0.005014	0.010363	-0.014708	-0.600002	47429000.000000
2014-05-13	0.000000	-0.002841	0.017717	-0.005349	0.000000	48525000.000000
2014-05-12	0.045248	0.012928	0.046471	0.012928	2.590000	48575000.000000
2014-05-09	0.008457	0.001586	0.015680	-0.006695	0.480004	52584000.000000
2014-05-08	-0.010978	-0.002788	0.024917	-0.015508	-0.630001	61251000.000000
2014-05-07	-0.019477	0.004100	0.013156	-0.038784	-1.140000	78587000.000000
2014-05-06	-0.043940	-0.003920	-0.001143	-0.044593	-2.690002	55901000.000000
2014-05-05	0.012570	-0.013067	0.014720	-0.021171	0.760002	46057000.000000
2014-05-02	-0.011284	0.002453	0.012101	-0.015863	-0.690003	54189000.000000
2014-05-01	0.022917	0.010873	0.041820	0.007193	1.370003	82429000.000000
2014-04-30	0.028031	-0.009802	0.029235	-0.017025	1.629997	76093000.000000
2014-04-29	0.035803	-0.000891	0.038119	-0.005344	2.010003	75557000.000000
2014-04-28	-0.027205	0.005892	0.010397	-0.052850	-1.570000	107758000.000000
2014-04-25	-0.051914	-0.014786	-0.014128	-0.054214	-3.160000	92502000.000000
2014-04-24	-0.007986	0.036506	0.037321	-0.025913	-0.490002	138769000.000000
2014-04-23	-0.026495	0.006664	0.007139	-0.028082	-1.669998	95908700.000000
2014-04-22	0.029229	0.023024	0.035924	0.016003	1.789997	60631000.000000
2014-04-21	0.039023	0.008823	0.039023	0.003563	2.300003	60364000.000000
2014-04-17	-0.013061	-0.007033	0.014401	-0.016745	-0.780002	88040000.000000
2014-04-16	0.010662	0.011846	0.018616	-0.022846	0.630001	78774000.000000
2014-04-15	0.003396	0.006792	0.013415	-0.051112	0.200001	108623000.000000
2014-04-14	0.006151	0.026653	0.032804	-0.012814	0.360000	72325000.000000
2014-04-11	-0.010649	-0.026369	0.019439	-0.031271	-0.630001	91452000.000000
2014-04-10	-0.052075	0.010735	0.012338	-0.059766	-3.250000	114988000.000000
2014-04-09	0.072521	0.024747	0.073380	0.017185	4.220001	100215000.000000
2014-04-08	0.021773	0.012818	0.030904	0.003863	1.239998	78836000.000000
2014-04-07	0.003524	-0.014978	0.022026	-0.023084	0.200001	108488000.000000
2014-04-04	-0.046058	0.007564	0.011935	-0.053286	-2.740002	125214400.000000
2014-04-03	-0.051499	-0.002710	0.007175	-0.057239	-3.229999	83859000.000000
2014-04-02	0.001597	0.009422	0.020600	-0.006547	0.100002	66277000.000000
2014-04-01	0.039509	0.003652	0.040173	0.000000	2.379997	59291000.000000
2014-03-31	0.003833	0.012831	0.025163	-0.002333	0.230004	53011000.000000
2014-03-28	-0.015745	0.006069	0.016073	-0.026734	-0.960003	67052000.000000
2014-03-27	0.009604	0.001987	0.025004	-0.039907	0.580002	112650000.000000
2014-03-26	-0.069348	-0.002312	0.000925	-0.069656	-4.500000	97503900.000000
2014-03-25	0.012325	0.012325	0.032605	-0.004992	0.790001	68786000.000000
2014-03-24	-0.046698	-0.000744	0.001785	-0.057704	-3.140000	85696000.000000
2014-03-21	0.004032	0.008362	0.014185	-0.011796	0.269997	59999900.000000
2014-03-20	-0.018611	-0.003370	-0.000146	-0.020809	-1.269997	44439000.000000
2014-03-19	-0.013730	-0.000289	0.001445	-0.024859	-0.950004	43981000.000000
2014-03-18	0.006546	0.000291	0.012511	-0.006401	0.450004	40827000.000000
2014-03-17	0.015062	0.006793	0.018163	-0.016243	1.019997	52197000.000000
2014-03-14	-0.016127	-0.004940	0.008717	-0.019904	-1.110001	48227000.000000
2014-03-13	-0.028922	0.005784	0.006631	-0.038516	-2.049995	57091000.000000
2014-03-12	0.011127	-0.003424	0.017832	-0.015692	0.779999	46340500.000000
2014-03-11	-0.026794	0.006525	0.007774	-0.028738	-1.930001	59408300.000000
2014-03-10	0.031948	0.013897	0.033668	0.010172	2.229996	59871600.000000
2014-03-07	-0.014681	0.003388	0.004800	-0.019339	-1.039993	38927000.000000
2014-03-06	-0.010200	0.004331	0.004471	-0.018443	-0.730004	46026500.000000
2014-03-05	0.040262	0.012936	0.046076	0.011919	2.769997	74567700.000000
2014-03-04	0.020620	0.018543	0.022104	0.003115	1.389999	42013500.000000
2014-03-03	-0.015337	-0.021911	-0.005989	-0.028484	-1.049995	56824100.000000
2014-02-28	-0.006963	0.007688	0.013635	-0.022628	-0.480003	66783700.000000
2014-02-27	-0.004620	0.001155	0.010829	-0.005631	-0.320000	41653700.000000
2014-02-26	-0.008447	0.004868	0.019614	-0.014316	-0.589996	55322700.000000
2014-02-25	-0.013139	0.002402	0.003108	-0.018791	-0.930001	52077000.000000
2014-02-24	0.031929	0.002187	0.041551	-0.000729	2.190003	76620300.000000
2014-02-21	-0.014936	0.000862	0.004739	-0.016947	-1.040001	70932400.000000
2014-02-20	0.023068	-0.004849	0.030121	-0.034234	1.569999	130928900.000000
2014-02-19	0.011293	-0.003715	0.026449	-0.004458	0.759995	62087100.000000
2014-02-18	0.003130	-0.002236	0.006707	-0.015203	0.210007	43809900.000000
2014-02-14	-0.003565	0.002525	0.003713	-0.009060	-0.240006	36694900.000000
2014-02-13	0.044686	-0.004189	0.044686	-0.006206	2.880005	61911700.000000
2014-02-12	-0.006168	0.001079	0.003238	-0.012336	-0.400001	47282100.000000
2014-02-11	0.020456	0.003147	0.022817	-0.003147	1.299999	45675600.000000
2014-02-10	-0.011971	-0.000311	0.002643	-0.013215	-0.770001	43666100.000000
2014-02-07	0.034749	0.001770	0.038771	0.000965	2.160000	60704300.000000
2014-02-06	-0.000482	-0.011738	0.009487	-0.011738	-0.029999	42086500.000000
2014-02-05	-0.008924	-0.000159	0.006534	-0.023586	-0.560001	51685100.000000
2014-02-04	0.020657	0.009271	0.027001	0.005530	1.270000	45985500.000000
2014-02-03	-0.017420	0.007352	0.019179	-0.029887	-1.090000	74866600.000000
2014-01-31	0.024394	-0.009987	0.037492	-0.014899	1.489998	87794600.000000
2014-01-30	0.141042	0.160471	0.167570	0.129460	7.550003	150178900.000000
2014-01-29	-0.029198	-0.009612	-0.003446	-0.035365	-1.610000	92995600.000000
2014-01-28	0.029692	0.008777	0.032306	0.008403	1.590000	48191200.000000
2014-01-27	-0.016529	0.005142	0.008999	-0.047750	-0.900002	73924100.000000
2014-01-24	-0.038495	-0.008476	-0.003708	-0.039378	-2.180000	55200700.000000
2014-01-23	-0.015302	-0.019823	-0.014432	-0.031647	-0.879997	47951800.000000
2014-01-22	-0.017091	0.005811	0.013673	-0.024098	-1.000000	61352900.000000
2014-01-21	0.039254	0.005329	0.040497	0.003552	2.209999	48669200.000000
2014-01-17	-0.015562	0.001923	0.011016	-0.019584	-0.890000	40849200.000000
2014-01-16	-0.007118	-0.005903	0.007292	-0.013368	-0.409999	34541800.000000
2014-01-15	-0.002425	0.004157	0.014375	-0.008140	-0.140004	33663400.000000
2014-01-14	0.032731	0.009837	0.033447	0.003398	1.830002	37503600.000000
2014-01-13	-0.035036	-0.000518	0.005350	-0.044184	-2.029999	63010900.000000
2014-01-10	0.012583	-0.001573	0.018874	-0.002796	0.719998	42449500.000000
2014-01-09	-0.017345	0.007213	0.012536	-0.027134	-1.009999	92253300.000000
2014-01-08	0.005352	-0.005525	0.008460	-0.011913	0.310002	56682400.000000
2014-01-07	0.012587	0.008741	0.023601	0.000350	0.719997	77207400.000000
2014-01-06	0.048387	-0.002566	0.049487	-0.009348	2.640000	68852600.000000
2014-01-03	-0.002742	0.005666	0.017182	-0.003290	-0.149998	38246200.000000
2014-01-02	0.001098	0.003294	0.010430	-0.008417	0.059997	43195500.000000
2013-12-31	0.017501	0.007634	0.021411	0.003724	0.940003	43076200.000000
2013-12-30	-0.031205	-0.009199	-0.004690	-0.036255	-1.730000	68307000.000000
2013-12-27	-0.039667	-0.004331	-0.000866	-0.042959	-2.290001	60466000.000000
2013-12-26	-0.003968	0.006211	0.007246	-0.010179	-0.229999	55101000.000000
2013-12-24	0.003289	0.008655	0.014021	-0.014887	0.189999	46617800.000000
2013-12-23	0.048077	0.006894	0.058055	0.005987	2.650001	98297000.000000
2013-12-20	0.001272	-0.002180	0.001817	-0.014896	0.070000	239824000.000000
2013-12-19	-0.009358	-0.022314	-0.006838	-0.029152	-0.520001	89753200.000000
2013-12-18	0.012942	0.000000	0.018775	-0.020233	0.709999	76003000.000000
2013-12-17	0.019513	0.017655	0.025460	0.007991	1.050000	78751000.000000
2013-12-16	0.009190	-0.001313	0.022131	-0.007689	0.490001	85119000.000000
2013-12-13	0.028748	-0.003280	0.032221	-0.009454	1.489998	82641000.000000
2013-12-12	0.049615	0.033819	0.054475	0.025921	2.450001	92723000.000000
2013-12-11	-0.017313	0.005970	0.010348	-0.024677	-0.869999	65776000.000000
2013-12-10	0.028870	-0.004095	0.039517	-0.006142	1.410000	68479000.000000
2013-12-09	0.018773	0.003129	0.021485	-0.004172	0.900001	36056000.000000
2013-12-06	-0.008275	0.013240	0.021721	-0.013033	-0.400001	42938000.000000
2013-12-05	-0.005759	-0.009667	0.001645	-0.015426	-0.279999	43855000.000000
2013-12-04	0.040445	-0.005778	0.043655	-0.010058	1.889999	60890000.000000
2013-12-03	-0.007012	-0.006587	0.002975	-0.016362	-0.330001	32086000.000000
2013-12-02	0.001064	-0.002340	0.011274	-0.015954	0.050003	50774000.000000
2013-11-29	0.011185	0.005593	0.015487	0.000215	0.519996	22953900.000000
2013-11-27	0.013075	0.001743	0.016997	-0.007845	0.600003	44993000.000000
2013-11-26	0.023873	-0.003570	0.030120	-0.028336	1.069999	82016000.000000
2013-11-25	-0.030500	0.002812	0.009085	-0.047372	-1.410000	82565000.000000
2013-11-22	-0.010064	0.007281	0.012206	-0.015846	-0.470001	40545000.000000
2013-11-21	0.005815	0.012061	0.022184	0.005600	0.270001	34886000.000000
2013-11-20	0.001510	0.005393	0.025669	-0.001079	0.069999	53933000.000000
2013-11-19	0.011564	0.009382	0.025529	-0.002400	0.529999	75602000.000000
2013-11-18	-0.064885	-0.011018	-0.003469	-0.065497	-3.179996	85910000.000000
2013-11-15	0.000408	0.002449	0.010002	-0.005716	0.019996	42453000.000000
2013-11-14	0.005748	-0.000205	0.017656	-0.013960	0.280003	75117000.000000
2013-11-13	0.045055	-0.008153	0.045698	-0.011800	2.099998	79245000.000000
2013-11-12	0.008874	-0.004329	0.025325	-0.008009	0.410000	68196000.000000
2013-11-11	-0.027982	-0.010309	0.000000	-0.037871	-1.329998	80910000.000000
2013-11-08	-0.000631	0.005257	0.022918	-0.006518	-0.030002	70731000.000000
2013-11-07	-0.031759	0.002443	0.015269	-0.037052	-1.559998	97128000.000000
2013-11-06	-0.019757	0.002993	0.006785	-0.027939	-0.990002	67889000.000000
2013-11-05	0.039195	-0.008917	0.040647	-0.014724	1.890000	76835000.000000
2013-11-04	-0.030754	-0.007638	0.000000	-0.034774	-1.529999	80371000.000000
2013-11-01	-0.009162	0.012746	0.037443	-0.009759	-0.459999	95033000.000000
2013-10-31	0.024485	-0.037747	0.061008	-0.051214	1.200001	248809000.000000
2013-10-30	-0.007895	0.012146	0.016397	-0.013158	-0.390004	127073000.000000
2013-10-29	-0.016524	0.009954	0.011149	-0.019510	-0.829998	102143000.000000
2013-10-28	-0.033109	-0.007892	-0.004812	-0.045043	-1.720001	73472000.000000
2013-10-25	-0.009533	0.013918	0.015062	-0.010867	-0.500000	45085000.000000
2013-10-24	0.010597	0.009249	0.018112	-0.005973	0.549999	46775000.000000
2013-10-23	-0.014806	-0.017654	-0.008162	-0.029423	-0.779998	57207000.000000
2013-10-22	-0.021727	0.008914	0.016899	-0.030641	-1.169998	83204000.000000
2013-10-21	-0.006824	0.008484	0.010882	-0.013095	-0.370003	58235000.000000
2013-10-18	0.038498	0.037732	0.050182	0.026623	2.010002	88260000.000000
2013-10-17	0.020923	-0.000391	0.021119	-0.003715	1.070000	71522000.000000
2013-10-16	0.033131	0.010909	0.035152	0.008081	1.639999	64678000.000000
2013-10-15	-0.000202	0.009695	0.030095	-0.006665	-0.009998	81167000.000000
2013-10-14	0.008145	-0.016290	0.010588	-0.024435	0.399997	68781000.000000
2013-10-11	0.001223	0.002650	0.016718	-0.005301	0.060002	58428000.000000
2013-10-10	0.048749	0.023519	0.062219	0.022664	2.279999	99774000.000000
2013-10-09	-0.007849	0.005091	0.014849	-0.039881	-0.369999	147297000.000000
2013-10-08	-0.066904	0.001583	0.001583	-0.068092	-3.380001	136081000.000000
2013-10-07	-0.010188	-0.006074	0.004898	-0.012539	-0.520001	57204000.000000
2013-10-04	0.037820	0.011997	0.040260	0.007930	1.860001	74447000.000000
2013-10-03	-0.021877	0.003779	0.008751	-0.024264	-1.099999	82045000.000000
2013-10-02	-0.002777	-0.005752	0.013487	-0.009322	-0.139999	62834000.000000
2013-10-01	0.003783	-0.005176	0.015927	-0.015529	0.189998	98114000.000000
2013-09-30	-0.019711	-0.021468	0.007026	-0.028103	-1.010002	100095000.000000
2013-09-27	0.016868	-0.001984	0.017662	-0.010518	0.850003	81410500.000000
2013-09-26	0.018803	0.011120	0.023049	0.000809	0.930000	98220100.000000
2013-09-25	0.020846	0.016099	0.022497	0.000206	1.009998	87879700.000000
2013-09-24	0.026701	0.027972	0.052342	0.020555	1.260002	136716100.000000
2013-09-23	-0.006317	-0.004422	0.001263	-0.025268	-0.300003	75177000.000000
2013-09-20	0.032840	0.007395	0.035233	-0.005220	1.510002	115508400.000000
2013-09-19	0.016582	0.006191	0.018130	0.000000	0.750000	63972400.000000
2013-09-18	0.003550	-0.005103	0.008875	-0.014866	0.160000	79317000.000000
2013-09-17	0.060221	-0.000235	0.068925	-0.001882	2.560002	91934600.000000
2013-09-16	-0.040623	0.012187	0.014218	-0.042428	-1.800003	70424200.000000
2013-09-13	-0.009832	0.006480	0.007374	-0.018324	-0.439999	52765300.000000
2013-09-12	-0.006439	0.010879	0.012877	-0.008659	-0.290001	68072300.000000
2013-09-11	0.033028	-0.004816	0.034174	-0.011238	1.440003	72328300.000000
2013-09-10	-0.009991	0.004541	0.004995	-0.018392	-0.440003	54540300.000000
2013-09-09	0.002048	0.009329	0.019113	-0.005688	0.090000	75794700.000000
2013-09-06	0.030239	0.010080	0.045710	-0.006095	1.290001	117535700.000000
2013-09-05	0.021063	0.000239	0.023696	-0.000239	0.880001	50035400.000000
2013-09-04	-0.002150	0.003344	0.007165	-0.010270	-0.090000	42581900.000000
2013-09-03	0.014047	0.013320	0.021070	0.005328	0.579998	48774900.000000
2013-08-30	0.000242	0.017926	0.023740	-0.005329	0.010002	67735100.000000
2013-08-29	0.018002	0.008385	0.030333	0.006165	0.730000	58303400.000000
2013-08-28	0.022957	0.008073	0.030525	0.006055	0.910000	57918200.000000
2013-08-27	-0.041122	-0.015965	-0.003387	-0.046444	-1.700001	72695100.000000
2013-08-26	0.019482	0.008631	0.034279	0.001726	0.790001	94162400.000000
2013-08-23	0.051881	0.011673	0.053956	0.009857	2.000000	86442300.000000
2013-08-22	0.006002	0.001305	0.011221	0.000522	0.229999	21931200.000000
2013-08-21	-0.002343	-0.000781	0.011455	-0.006769	-0.090000	46116900.000000
2013-08-20	0.015869	0.014282	0.020365	-0.003174	0.599999	57995200.000000
2013-08-19	0.019687	0.009439	0.032362	0.001618	0.729999	57609600.000000
2013-08-16	0.014223	0.011214	0.025438	0.009300	0.520001	45840800.000000
2013-08-15	-0.002456	-0.007913	0.011460	-0.017190	-0.090001	56521100.000000
2013-08-14	-0.009995	-0.005132	0.014317	-0.010805	-0.369998	48423900.000000
2013-08-13	-0.031397	0.000523	0.002616	-0.037938	-1.200001	65379200.000000
2013-08-12	-0.007273	-0.007792	0.000000	-0.010390	-0.279999	31161000.000000
2013-08-09	-0.001038	0.001297	0.005189	-0.013752	-0.040001	43532300.000000
2013-08-08	-0.008490	0.006689	0.008233	-0.011320	-0.329998	41301000.000000
2013-08-07	0.008301	0.001556	0.010117	-0.022049	0.320000	68854800.000000
2013-08-06	-0.016331	-0.002041	0.001531	-0.031896	-0.640000	63950800.000000
2013-08-05	0.029961	0.009987	0.033377	0.005256	1.140000	79994800.000000
2013-08-02	0.014937	0.004534	0.026674	0.000267	0.559997	73058500.000000
2013-08-01	0.018750	0.013587	0.040489	0.003261	0.690003	106066500.000000
2013-07-31	-0.022057	0.008770	0.018071	-0.034547	-0.830002	154828700.000000
2013-07-30	0.062094	0.006209	0.071408	-0.003105	2.200001	173582800.000000
2013-07-29	0.041752	0.001764	0.047633	0.000000	1.420002	124718800.000000
2013-07-26	-0.010186	-0.017171	0.010768	-0.023283	-0.350003	136028900.000000
2013-07-25	0.296115	0.265183	0.315730	0.235383	7.850001	365457900.000000
2013-07-24	0.014543	0.007271	0.015308	-0.003062	0.380001	82635600.000000
2013-07-23	0.003071	0.001919	0.009597	-0.003071	0.080000	28221600.000000
2013-07-22	0.006569	0.004250	0.009660	-0.006182	0.170000	27526300.000000
2013-07-19	-0.011459	-0.013751	-0.002674	-0.022154	-0.300001	46539700.000000
2013-07-18	-0.017636	0.003752	0.004503	-0.019887	-0.470000	24806900.000000
2013-07-17	0.012538	0.001900	0.017477	-0.000760	0.330000	21518500.000000
2013-07-16	0.001522	0.004186	0.017884	-0.010274	0.039999	30817600.000000
2013-07-15	0.014280	0.000772	0.020069	-0.010035	0.370001	24234000.000000
2013-07-12	0.003875	-0.002712	0.004649	-0.010074	0.100001	16537900.000000
2013-07-11	0.000388	0.006202	0.007752	-0.013566	0.010000	26777400.000000
2013-07-10	0.012559	0.003925	0.013736	-0.000393	0.319999	26721800.000000
2013-07-09	0.031162	0.014569	0.031566	0.012950	0.770001	30387900.000000
2013-07-08	0.013951	0.004103	0.027493	0.002052	0.339998	27064600.000000
2013-07-05	-0.006117	0.005302	0.005710	-0.013051	-0.149999	20229500.000000
2013-07-03	0.004506	-0.007784	0.012290	-0.010651	0.110000	10404400.000000
2013-07-02	-0.016122	-0.004434	-0.001612	-0.020556	-0.399999	18394100.000000
2013-07-01	-0.002814	0.003617	0.007235	-0.010450	-0.070000	20582200.000000
2013-06-28	0.008921	0.000811	0.012976	-0.009732	0.219999	96778900.000000
2013-06-27	0.020695	0.003311	0.028146	0.002069	0.500000	34694100.000000
2013-06-26	-0.003711	0.010722	0.016495	-0.010722	-0.090000	29890300.000000
2013-06-25	0.012949	0.008354	0.020468	0.004177	0.309999	24713200.000000
2013-06-24	-0.024052	-0.023645	-0.017122	-0.046881	-0.590000	40626000.000000
2013-06-21	0.026360	0.028870	0.033473	0.006276	0.630001	45833900.000000
2013-06-20	-0.016865	-0.001234	0.018100	-0.027149	-0.409999	42765600.000000
2013-06-19	0.004131	-0.000413	0.040479	-0.004544	0.100000	31790600.000000
2013-06-18	0.007910	0.002914	0.027893	0.002498	0.189999	36709100.000000
2013-06-17	0.016504	0.011849	0.026238	0.005078	0.390001	33664500.000000
2013-06-14	-0.004214	-0.007164	0.006742	-0.019806	-0.100001	30677100.000000
2013-06-13	-0.001683	-0.002104	0.002524	-0.021035	-0.040000	31189300.000000
2013-06-12	-0.010820	0.005410	0.009571	-0.018727	-0.260001	26445800.000000
2013-06-11	-0.012330	-0.012330	0.000822	-0.013564	-0.299999	29885900.000000
2013-06-10	0.044654	0.033061	0.056247	0.030056	1.039999	58393000.000000
2013-06-07	0.013931	0.002612	0.018720	-0.004789	0.320002	38699200.000000
2013-06-06	0.003057	0.003930	0.008297	-0.010044	0.069999	31260700.000000
2013-06-05	-0.026361	-0.007228	0.008078	-0.031037	-0.620000	53819700.000000
2013-06-04	-0.013836	0.001677	0.003354	-0.022222	-0.330000	34760800.000000
2013-06-03	-0.020534	-0.003285	-0.001232	-0.026283	-0.500000	35733800.000000
2013-05-31	-0.008147	0.003259	0.016293	-0.011405	-0.199999	35925000.000000
2013-05-30	0.052744	0.034734	0.062607	0.026158	1.229999	60733200.000000
2013-05-29	-0.032365	-0.012863	-0.012033	-0.034855	-0.780000	64237800.000000
2013-05-28	-0.008638	0.009461	0.009461	-0.016043	-0.209999	50079700.000000
2013-05-24	-0.029928	-0.003591	-0.003591	-0.039106	-0.750000	58727900.000000
2013-05-23	-0.003975	-0.014308	0.014706	-0.015501	-0.100001	37663100.000000
2013-05-22	-0.019486	-0.000390	0.007405	-0.028839	-0.500000	45314500.000000
2013-05-21	-0.003882	0.004270	0.012422	-0.006599	-0.100000	26261300.000000
2013-05-20	-0.018667	-0.002667	-0.002286	-0.021333	-0.490000	42402900.000000
2013-05-17	0.004592	0.010333	0.017987	0.002679	0.120001	29462700.000000
2013-05-16	-0.017669	-0.004511	-0.001880	-0.026316	-0.470001	35499100.000000
2013-05-15	-0.017362	-0.005541	-0.002955	-0.024751	-0.470000	30299800.000000
2013-05-14	0.009321	0.002610	0.017151	0.000000	0.250000	24930300.000000
2013-05-13	0.005247	-0.002999	0.024363	-0.005622	0.140000	29068800.000000
2013-05-10	-0.013314	0.003698	0.009615	-0.017382	-0.360001	30847100.000000
2013-05-09	-0.002950	-0.001475	0.015855	-0.009956	-0.080000	33457200.000000
2013-05-08	0.008553	-0.000372	0.015247	-0.008925	0.230002	34654900.000000
2013-05-07	-0.024665	-0.000725	0.010156	-0.026115	-0.680001	41259100.000000
2013-05-06	-0.026139	0.000706	0.005298	-0.029318	-0.739999	43939400.000000
2013-05-03	-0.022782	0.002416	0.003452	-0.028305	-0.660000	58506400.000000
2013-05-02	0.056143	0.021145	0.057966	0.020051	1.539999	104257000.000000
2013-05-01	-0.012243	0.002881	0.005402	-0.016565	-0.340000	64567600.000000
2013-04-30	0.029281	0.005560	0.032246	0.001112	0.790000	36245700.000000
2013-04-29	0.004842	0.011546	0.020857	0.000372	0.130000	29201100.000000
2013-04-26	0.027161	0.017598	0.056618	0.017598	0.710001	33018000.000000
2013-04-25	0.001149	-0.001532	0.011107	-0.004213	0.029998	17150000.000000
2013-04-24	0.005004	-0.001925	0.016166	-0.006928	0.130001	19729900.000000
2013-04-23	0.000385	0.009626	0.013862	-0.007701	0.010001	25191500.000000
2013-04-22	0.009328	0.003109	0.024485	-0.001166	0.239999	25687600.000000
2013-04-19	0.001557	-0.002725	0.010510	-0.014013	0.039999	20380900.000000
2013-04-18	-0.035298	0.007135	0.007135	-0.055576	-0.939998	39059000.000000
2013-04-17	-0.010773	-0.010030	0.010401	-0.019688	-0.290001	26440600.000000
2013-04-16	0.015083	0.010935	0.022247	-0.004525	0.400000	27365900.000000
2013-04-15	-0.032117	-0.008759	0.002920	-0.037956	-0.880000	30275400.000000
2013-04-12	-0.022127	-0.000714	-0.000714	-0.027837	-0.620000	28697400.000000
2013-04-11	0.016322	-0.003264	0.019224	-0.011607	0.450000	33368500.000000
2013-04-10	0.036856	0.015795	0.047010	0.011659	0.980000	45949400.000000
2013-04-09	-0.009683	-0.010056	0.001490	-0.016015	-0.260000	21311100.000000
2013-04-08	-0.019715	-0.007302	-0.006937	-0.027747	-0.539999	27256000.000000
2013-04-05	0.011821	-0.007758	0.026967	-0.016993	0.319999	64566600.000000
2013-04-04	0.031238	0.014095	0.037333	-0.005333	0.820000	82016800.000000
2013-04-03	0.032651	0.016129	0.038159	0.011015	0.830000	48195200.000000
2013-04-02	-0.004309	0.009401	0.023110	-0.009009	-0.110001	35153300.000000
2013-04-01	-0.001955	0.001955	0.012119	-0.011728	-0.049999	22249300.000000
2013-03-28	-0.019548	0.000000	0.003066	-0.021847	-0.510000	28585700.000000
2013-03-27	0.034907	-0.008330	0.042444	-0.019437	0.880001	52297400.000000
2013-03-26	0.003183	-0.001990	0.013928	-0.003979	0.080000	26957200.000000
2013-03-25	-0.023319	0.000777	0.002721	-0.025262	-0.600001	39199000.000000
2013-03-22	-0.000389	0.002331	0.010490	-0.004274	-0.010000	18456300.000000
2013-03-21	-0.004640	-0.007734	0.009667	-0.011601	-0.120001	24336100.000000
2013-03-20	-0.025989	0.004896	0.005273	-0.029002	-0.689998	44006500.000000
2013-03-19	0.002265	0.001510	0.015478	-0.010570	0.059999	25254200.000000
2013-03-18	-0.006004	-0.010507	0.005253	-0.032645	-0.160000	26653700.000000
2013-03-15	-0.014423	-0.000370	0.000740	-0.017752	-0.390001	31597400.000000
2013-03-14	-0.001477	0.000739	0.012925	-0.009232	-0.039999	27646400.000000
2013-03-13	-0.026949	-0.007546	-0.006468	-0.032699	-0.750000	39619500.000000
2013-03-12	-0.011016	-0.001421	0.006397	-0.019190	-0.309999	27569600.000000
2013-03-11	0.006438	0.001788	0.024320	-0.004649	0.180000	35642100.000000
2013-03-08	-0.021694	-0.005248	-0.003849	-0.029741	-0.620001	44198900.000000
2013-03-07	0.041166	0.004372	0.044809	0.000729	1.129999	74540200.000000
2013-03-06	-0.002544	0.021076	0.022166	-0.006177	-0.069999	33532600.000000
2013-03-05	-0.007215	0.005772	0.016595	-0.018398	-0.199999	40622200.000000
2013-03-04	-0.002160	-0.000720	0.010079	-0.012239	-0.060002	32400700.000000
2013-03-01	0.019450	-0.007339	0.031927	-0.016147	0.530001	54064800.000000
2013-02-28	0.014142	-0.001117	0.016003	-0.019725	0.379999	83027800.000000
2013-02-27	-0.018985	-0.001825	-0.001825	-0.027747	-0.519998	44319700.000000
2013-02-26	0.004400	0.003300	0.006967	-0.020902	0.119999	31611700.000000
2013-02-25	0.005160	0.001106	0.018798	0.000737	0.140001	34652000.000000
2013-02-22	-0.005499	0.012463	0.012830	-0.016862	-0.150002	36350200.000000
2013-02-21	-0.041462	-0.006325	0.003162	-0.046029	-1.179998	49642300.000000
2013-02-20	-0.016246	-0.000346	0.004148	-0.020740	-0.470001	42098200.000000
2013-02-19	0.021540	-0.003178	0.026836	-0.007062	0.610000	49396400.000000
2013-02-15	-0.006316	0.000702	0.008772	-0.014386	-0.180000	33109300.000000
2013-02-14	0.021139	0.003941	0.025797	0.003583	0.590000	35615800.000000
2013-02-13	0.019730	-0.000365	0.034709	-0.002192	0.539999	50164000.000000
2013-02-12	-0.031493	-0.020878	-0.003539	-0.041047	-0.889999	93498700.000000
2013-02-11	-0.010158	0.002102	0.004553	-0.017863	-0.289999	37361800.000000
2013-02-08	-0.003490	0.008377	0.018150	-0.004887	-0.100001	37708800.000000
2013-02-07	-0.013769	0.002065	0.003442	-0.026850	-0.399999	34540100.000000
2013-02-06	0.014316	0.003492	0.022696	0.000698	0.410000	38375900.000000
2013-02-05	0.018854	0.005336	0.030238	-0.002490	0.529998	47948200.000000
2013-02-04	-0.054490	-0.022536	-0.017827	-0.057854	-1.619999	92362200.000000
2013-02-01	-0.040349	0.000968	0.001291	-0.043577	-1.250000	85856700.000000
2013-01-31	-0.008323	-0.066901	0.007362	-0.080026	-0.260000	190744900.000000
2013-01-30	0.014615	0.006171	0.022735	0.002923	0.449999	87682100.000000
2013-01-29	-0.051740	-0.014475	-0.012319	-0.054204	-1.680000	72976500.000000
2013-01-28	0.029486	0.010780	0.030755	0.008560	0.930000	59682500.000000
2013-01-25	0.014801	0.010618	0.027349	0.001609	0.460001	54363600.000000
2013-01-24	0.008436	0.014601	0.021739	-0.000324	0.260000	43845100.000000
2013-01-23	0.002929	0.012040	0.025057	0.002278	0.090000	48899800.000000
2013-01-22	0.036076	0.003034	0.041470	0.002697	1.070000	55243300.000000
2013-01-18	-0.015926	0.005640	0.009954	-0.028865	-0.479999	49631500.000000
2013-01-17	0.009715	0.007705	0.019095	0.006030	0.289999	40256700.000000
2013-01-16	-0.008306	0.003654	0.008306	-0.018937	-0.250000	75332700.000000
2013-01-15	-0.027464	-0.010016	0.024556	-0.034572	-0.850001	173242600.000000
2013-01-14	-0.024275	0.011349	0.015448	-0.034678	-0.769998	98892800.000000
2013-01-11	0.013419	-0.000639	0.021086	-0.006390	0.420000	89598000.000000
2013-01-10	0.023210	0.000327	0.028114	-0.010134	0.709999	95316400.000000
2013-01-09	0.052650	0.020991	0.052994	0.014797	1.530001	104787700.000000
2013-01-08	-0.012237	0.003059	0.006118	-0.019035	-0.360001	45871300.000000
2013-01-07	0.022949	-0.002434	0.035814	-0.003825	0.660000	83781800.000000
2013-01-04	0.035650	0.008642	0.041772	0.002161	0.990000	72715400.000000
2013-01-03	-0.008214	-0.004286	0.016786	-0.014643	-0.230000	63140600.000000
2013-01-02	0.051841	0.030804	0.058603	0.030053	1.379999	69846400.000000
2012-12-31	0.027403	0.011193	0.041683	0.007719	0.710001	60374500.000000
2012-12-28	-0.005374	-0.021881	0.002303	-0.034549	-0.139999	56574800.000000
2012-12-27	-0.017352	0.001509	0.010939	-0.037344	-0.460001	43481700.000000
2012-12-26	-0.015596	0.003713	0.009283	-0.020423	-0.420000	33175400.000000
2012-12-24	0.025514	0.009139	0.026656	-0.002285	0.670000	28230100.000000
2012-12-21	-0.040205	-0.025585	-0.012792	-0.045322	-1.100001	54555200.000000
2012-12-20	-0.001824	0.002919	0.006932	-0.010215	-0.049999	35574800.000000
2012-12-19	-0.010826	0.004331	0.018405	-0.027427	-0.299999	61390300.000000
2012-12-18	0.035888	0.007850	0.043364	0.005607	0.959999	60512900.000000
2012-12-17	-0.002238	-0.001492	0.007087	-0.018277	-0.059999	57742500.000000
2012-12-14	-0.050637	-0.002125	0.003187	-0.052408	-1.430001	91631600.000000
2012-12-13	0.023930	0.000363	0.042422	-0.005439	0.660000	81051600.000000
2012-12-12	-0.014296	0.000715	0.005718	-0.021801	-0.400000	46704200.000000
2012-12-11	0.005029	0.008261	0.014368	-0.006466	0.140000	77099100.000000
2012-12-10	0.012732	-0.011641	0.024736	-0.014187	0.350000	50608500.000000
2012-12-07	0.019281	0.003708	0.030033	-0.004820	0.520001	51751900.000000
2012-12-06	-0.026705	-0.001083	0.001444	-0.032118	-0.740000	46001500.000000
2012-12-05	0.009104	0.010561	0.016023	-0.007283	0.250000	58976300.000000
2012-12-04	0.015532	0.000740	0.026627	-0.013314	0.419998	72869200.000000
2012-12-03	-0.034286	0.000000	0.031429	-0.036429	-0.959999	123526100.000000
2012-11-30	0.024890	-0.002196	0.024890	-0.020498	0.680000	127049600.000000
2012-11-29	0.036419	0.005311	0.044006	-0.007587	0.959999	88759700.000000
2012-11-28	0.008031	-0.008031	0.013002	-0.015296	0.210001	49205600.000000
2012-11-27	0.008096	0.003855	0.021588	-0.018504	0.209999	85760600.000000
2012-11-26	0.080833	0.039167	0.087083	0.033750	1.940001	123865000.000000
2012-11-23	-0.013158	0.010691	0.014803	-0.018092	-0.320000	29520900.000000
2012-11-21	0.052814	0.005195	0.061905	-0.002165	1.220000	89862400.000000
2012-11-20	0.007853	-0.008290	0.042757	-0.009599	0.180000	46655300.000000
2012-11-19	-0.027165	0.016978	0.023769	-0.031409	-0.639999	85021300.000000
2012-11-16	0.062697	0.003608	0.079387	0.000451	1.389999	107182200.000000
2012-11-15	-0.008497	-0.000894	0.006261	-0.031753	-0.190001	78857700.000000
2012-11-14	0.125881	0.012085	0.132930	0.003525	2.500000	229751000.000000
2012-11-13	-0.010463	-0.022920	0.001993	-0.025411	-0.209999	71775100.000000
2012-11-12	0.044768	-0.003123	0.049974	-0.017699	0.860001	67349200.000000
2012-11-09	-0.039020	-0.001501	0.000500	-0.043022	-0.780001	42295500.000000
2012-11-08	-0.023449	0.002443	0.012702	-0.023937	-0.479999	34254600.000000
2012-11-07	-0.033066	-0.015116	-0.010392	-0.037789	-0.700001	33396800.000000
2012-11-06	-0.003765	-0.000471	0.005647	-0.012235	-0.080000	29062700.000000
2012-11-05	0.003305	-0.003777	0.014164	-0.012276	0.070000	31806700.000000
2012-11-02	-0.001414	0.002357	0.022631	-0.006601	-0.029999	38344400.000000
2012-11-01	0.004737	-0.001421	0.015632	-0.004737	0.099998	37713900.000000
2012-10-31	-0.037830	-0.051048	-0.020055	-0.055150	-0.830000	99378200.000000
2012-10-26	-0.027482	-0.007092	0.014184	-0.030142	-0.619998	73175800.000000
2012-10-25	-0.028842	0.002583	0.003444	-0.032716	-0.670001	76142000.000000
2012-10-24	0.191282	0.237436	0.243590	0.171795	3.730000	228949900.000000
2012-10-23	0.009317	-0.003623	0.024845	-0.011387	0.180000	78381200.000000
2012-10-22	0.016842	0.010526	0.022632	0.002632	0.320000	32447300.000000
2012-10-19	0.001054	0.001054	0.004215	-0.009484	0.020000	34835000.000000
2012-10-18	-0.045272	-0.009054	-0.004527	-0.049799	-0.899999	52157400.000000
2012-10-17	0.020534	0.001027	0.051335	-0.005647	0.399999	44074500.000000
2012-10-16	-0.002049	0.008197	0.008709	-0.011271	-0.040000	21834700.000000
2012-10-15	0.000000	0.008197	0.018443	-0.001537	0.000000	20189700.000000
2012-10-12	-0.011646	0.000000	0.002532	-0.013671	-0.230000	18809400.000000
2012-10-11	0.005601	0.012220	0.016293	-0.001527	0.110001	21817300.000000
2012-10-10	-0.029165	-0.014829	-0.014335	-0.038557	-0.590001	39321800.000000
2012-10-09	-0.008333	-0.000490	0.007353	-0.021078	-0.170000	27161800.000000
2012-10-08	-0.024390	-0.024390	-0.007652	-0.035868	-0.510000	32236700.000000
2012-10-05	-0.047380	-0.020957	-0.014579	-0.048747	-1.040001	40529300.000000
2012-10-04	0.005497	0.022446	0.026111	-0.019240	0.120001	46892100.000000
2012-10-03	-0.019758	0.001347	0.009879	-0.021105	-0.440000	32000100.000000
2012-10-02	0.012733	0.004093	0.022738	-0.007731	0.280000	29341400.000000
2012-10-01	0.015235	0.019391	0.042936	0.003232	0.330000	51262700.000000
2012-09-28	0.065945	0.012303	0.080217	0.008858	1.340000	65486000.000000
2012-09-27	-0.014549	0.017944	0.018429	-0.022308	-0.300001	30215900.000000
2012-09-26	0.016765	-0.006410	0.024655	-0.023669	0.340000	38271900.000000
2012-09-25	-0.024531	0.019721	0.020202	-0.027417	-0.510000	46291700.000000
2012-09-24	-0.090551	-0.047244	-0.038495	-0.109361	-2.070000	79106500.000000
2012-09-21	0.011952	0.016822	0.028774	0.000443	0.270001	51218100.000000
2012-09-20	-0.030056	-0.011593	-0.002147	-0.032203	-0.700001	57248900.000000
2012-09-19	0.064929	0.005487	0.068587	-0.004573	1.420000	78782800.000000
2012-09-18	0.016264	0.003717	0.021375	-0.006970	0.350001	36760500.000000
2012-09-17	-0.021818	0.030455	0.034091	-0.022727	-0.480000	50667600.000000
2012-09-14	0.062289	0.020280	0.066152	0.009174	1.290001	72819800.000000
2012-09-13	-0.010511	0.001433	0.026278	-0.015289	-0.220001	65041600.000000
2012-09-12	0.077200	0.068451	0.089038	0.043747	1.500000	121584000.000000
2012-09-11	0.032961	0.005848	0.040936	0.002127	0.620001	50508200.000000
2012-09-10	-0.008957	0.004215	0.011591	-0.022655	-0.170001	24797800.000000
2012-09-07	0.001055	0.007384	0.024262	-0.009494	0.020001	36371700.000000
2012-09-06	0.020452	0.008611	0.036598	0.007535	0.379999	46066500.000000
2012-09-05	0.047941	0.030457	0.057530	0.025381	0.850000	60781800.000000
