2017-09-01	-0.002119	0.001916	0.003353	-0.004450	-1.989990	915900.000000
2017-08-31	0.010499	0.002356	0.013350	0.002356	9.760010	1582600.000000
2017-08-30	0.008987	-0.001346	0.010343	-0.001780	8.280029	1301200.000000
2017-08-29	0.008185	-0.009532	0.010418	-0.009641	7.479980	1185600.000000
2017-08-28	-0.002271	0.000120	0.003663	-0.004389	-2.080017	1086500.000000
2017-08-25	-0.005851	0.002399	0.004640	-0.006274	-5.390014	1053400.000000
2017-08-24	-0.006170	0.001791	0.004142	-0.012406	-5.719971	1270300.000000
2017-08-23	0.002498	-0.002985	0.005667	-0.005764	2.309998	1090200.000000
2017-08-22	0.019886	0.006684	0.021177	0.005311	18.030029	1166700.000000
2017-08-21	-0.004403	-0.000736	0.002559	-0.007983	-4.010010	943400.000000
2017-08-18	-0.000340	-0.000735	0.004715	-0.004200	-0.309997	1342700.000000
2017-08-17	-0.017239	-0.001273	-0.000108	-0.017239	-15.980042	1277200.000000
2017-08-16	0.005140	0.003329	0.011364	0.001328	4.740051	1006700.000000
2017-08-15	-0.000488	0.001691	0.004205	-0.003089	-0.450012	883400.000000
2017-08-14	0.009055	0.008902	0.011240	0.004156	8.279968	1064500.000000
2017-08-11	0.007881	0.000805	0.011618	-0.001830	7.150025	1206800.000000
2017-08-10	-0.016968	-0.005797	-0.003944	-0.018171	-15.660034	1824000.000000
2017-08-09	-0.004197	-0.006668	-0.000874	-0.010294	-3.889954	1192100.000000
2017-08-08	-0.002765	-0.002442	0.006945	-0.004035	-2.570007	1061600.000000
2017-08-07	0.001509	0.001185	0.004030	-0.001573	1.399963	1032200.000000
2017-08-04	0.004666	0.003356	0.007207	-0.000671	4.309998	1082300.000000
2017-08-03	-0.007244	-0.000054	0.001988	-0.008760	-6.739991	1202500.000000
2017-08-02	-0.000473	-0.002385	0.001901	-0.015202	-0.440002	1824400.000000
2017-08-01	0.000355	0.002020	0.007466	-0.001333	0.330017	1277700.000000
2017-07-31	-0.011715	0.000382	0.002188	-0.016452	-11.030029	1970100.000000
2017-07-28	0.007965	-0.005021	0.010427	-0.007055	7.440002	1846400.000000
2017-07-27	-0.014465	0.004199	0.004199	-0.029331	-13.709961	3213000.000000
2017-07-26	-0.003050	0.004186	0.004523	-0.008858	-2.900024	2088300.000000
2017-07-25	-0.030234	-0.027062	-0.021054	-0.035641	-29.640015	4661000.000000
2017-07-24	0.007627	-0.000719	0.013650	-0.002210	7.420044	3248300.000000
2017-07-21	0.004927	-0.006094	0.005247	-0.008263	4.769959	1711000.000000
2017-07-20	-0.002822	0.004233	0.005160	-0.009661	-2.739991	1624500.000000
2017-07-19	0.005687	0.002527	0.007914	-0.001419	5.489991	1224500.000000
2017-07-18	0.012565	-0.000441	0.015334	-0.002958	11.980041	1154000.000000
2017-07-17	-0.002688	0.001057	0.004969	-0.007060	-2.570007	1165500.000000
2017-07-14	0.009323	0.005110	0.010294	0.000892	8.830017	1053800.000000
2017-07-13	0.003528	0.002606	0.011252	-0.000869	3.329956	1294700.000000
2017-07-12	0.014773	0.009236	0.017428	0.004709	13.739990	1532100.000000
2017-07-11	0.001389	0.000797	0.002832	-0.007321	1.290039	1113200.000000
2017-07-10	0.011115	0.003462	0.012835	0.001089	10.209961	1192800.000000
2017-07-07	0.013125	0.002382	0.016378	0.002382	11.900025	1637800.000000
2017-07-06	-0.005506	-0.008325	0.003547	-0.013173	-5.020020	1424500.000000
2017-07-05	0.014476	0.003405	0.017592	-0.000223	13.010010	1813900.000000
2017-07-03	-0.011037	0.003797	0.005733	-0.015340	-10.029968	1709800.000000
2017-06-30	-0.009872	0.009000	0.009000	-0.010329	-9.059998	2090200.000000
2017-06-29	-0.024136	-0.011239	-0.009814	-0.031760	-22.700012	3299200.000000
2017-06-28	0.014191	0.001801	0.016628	-0.012218	13.159973	2721400.000000
2017-06-27	-0.026190	-0.010302	-0.004180	-0.026694	-24.940003	2579900.000000
2017-06-26	-0.013795	0.004464	0.007995	-0.015327	-13.320007	1598400.000000
2017-06-23	0.008881	-0.000272	0.009309	-0.003020	8.500000	1527900.000000
2017-06-22	-0.002460	-0.000782	0.001324	-0.005107	-2.359985	941400.000000
2017-06-21	0.009278	0.003166	0.009962	0.000137	8.820007	1202200.000000
2017-06-20	-0.007040	0.000157	0.004439	-0.007688	-6.739990	1126000.000000
2017-06-19	0.018717	0.010832	0.021505	0.009864	17.589966	1533300.000000
2017-06-16	-0.002685	-0.002451	-0.000287	-0.011371	-2.529969	3094700.000000
2017-06-15	-0.008888	-0.017660	-0.007805	-0.027683	-8.450012	2133100.000000
2017-06-14	-0.002769	0.006839	0.008129	-0.011695	-2.640014	1489700.000000
2017-06-13	0.011136	0.009556	0.018114	0.001262	10.500000	2013300.000000
2017-06-12	-0.007296	-0.010812	-0.000500	-0.036424	-6.929993	3763500.000000
2017-06-09	-0.034146	0.001108	0.001108	-0.048586	-33.579956	3309400.000000
2017-06-08	0.002518	0.001437	0.003701	-0.003813	2.469971	1481900.000000
2017-06-07	0.004475	0.003512	0.007588	-0.000645	4.369995	1453900.000000
2017-06-06	-0.007228	-0.000529	0.004646	-0.008682	-7.109986	1814600.000000
2017-06-05	0.008282	0.000974	0.011593	-0.000513	8.080017	1252100.000000
2017-06-02	0.008946	0.002596	0.009235	-0.000982	8.649964	1751000.000000
2017-06-01	0.002166	0.004239	0.006882	-0.005027	2.090027	1410500.000000
2017-05-31	-0.011292	-0.000881	0.003474	-0.016088	-11.020020	2448100.000000
2017-05-30	0.004540	-0.001194	0.004869	-0.002038	4.410034	1466700.000000
2017-05-26	0.001991	0.000165	0.005611	-0.004652	1.929993	1249600.000000
2017-05-25	0.015268	0.002482	0.018502	0.000534	14.579956	1660500.000000
2017-05-24	0.006471	0.004384	0.006608	0.000717	6.140015	1024800.000000
2017-05-23	0.007390	0.006434	0.010200	0.000759	6.960022	1270800.000000
2017-05-22	0.008405	0.001060	0.008429	0.001060	7.849975	1120400.000000
2017-05-19	0.004053	0.001322	0.008079	0.000817	3.770020	1393000.000000
2017-05-18	0.011548	0.001501	0.014734	-0.000946	10.619995	1596900.000000
2017-05-17	-0.024793	-0.007773	-0.003889	-0.026363	-23.380005	2362100.000000
2017-05-16	0.006317	0.003116	0.006435	0.000534	5.919983	969500.000000
2017-05-15	0.005213	0.000783	0.006468	-0.003089	4.860046	1108100.000000
2017-05-12	0.001741	0.000999	0.003052	-0.002955	1.619995	1050600.000000
2017-05-11	0.001960	-0.003725	0.004038	-0.006191	1.819947	835000.000000
2017-05-10	-0.003637	-0.000204	-0.000182	-0.007520	-3.389954	1173900.000000
2017-05-09	-0.002280	0.002836	0.003425	-0.005105	-2.130005	1581800.000000
2017-05-08	0.007734	-0.001089	0.010565	-0.002017	7.169983	1329800.000000
2017-05-05	-0.004862	0.002018	0.003478	-0.006934	-4.529968	1911300.000000
2017-05-04	0.004984	-0.001046	0.009590	-0.002643	4.619995	1422100.000000
2017-05-03	0.011566	-0.001724	0.012723	-0.004252	10.599976	1499500.000000
2017-05-02	0.004241	-0.003233	0.008986	-0.003416	3.869995	1587200.000000
2017-05-01	0.007296	-0.004437	0.010729	-0.004978	6.609985	2116000.000000
2017-04-28	0.036271	0.041647	0.048727	0.036054	31.710022	3276300.000000
2017-04-27	0.002891	0.002145	0.004210	-0.001549	2.520020	2026800.000000
2017-04-26	-0.000653	0.002213	0.004299	-0.005218	-0.570008	1237200.000000
2017-04-25	0.011058	0.002596	0.014187	0.000058	9.539978	1672000.000000
2017-04-24	0.023209	0.009500	0.024028	0.007910	19.570008	1372500.000000
2017-04-21	0.001830	0.001461	0.002650	-0.001248	1.539978	1323600.000000
2017-04-20	0.004104	0.003853	0.008339	0.001324	3.440002	959000.000000
2017-04-19	0.001661	0.003549	0.006453	-0.000633	1.390015	954200.000000
2017-04-18	-0.000418	-0.003524	0.002102	-0.005327	-0.349976	836700.000000
2017-04-17	0.016526	0.001761	0.017230	0.001105	13.609985	895000.000000
2017-04-13	-0.000922	-0.002645	0.002499	-0.003494	-0.760009	1122400.000000
2017-04-12	0.001178	-0.001725	0.004020	-0.002830	0.970031	900500.000000
2017-04-11	-0.001673	-0.000024	0.003270	-0.009348	-1.380004	1079700.000000
2017-04-10	0.000073	0.000873	0.005675	-0.001091	0.059997	978900.000000
2017-04-07	-0.003877	0.000097	0.000731	-0.008899	-3.210022	1057300.000000
2017-04-06	-0.004246	0.001191	0.005990	-0.005954	-3.529968	1254400.000000
2017-04-05	-0.003786	0.001126	0.009442	-0.004613	-3.160034	1555300.000000
2017-04-04	-0.004746	-0.008574	-0.004019	-0.011346	-3.979981	1045400.000000
2017-04-03	0.010837	-0.000410	0.013610	-0.000410	8.989990	1671500.000000
2017-03-31	-0.002333	-0.003043	0.000168	-0.004943	-1.940002	1401900.000000
2017-03-30	0.000108	0.002514	0.002730	-0.002899	0.090027	1055300.000000
2017-03-29	0.012778	0.004970	0.014429	0.001779	10.489990	1786300.000000
2017-03-28	0.001721	0.001098	0.007907	-0.006691	1.409973	1620500.000000
2017-03-27	0.006238	-0.009184	0.008841	-0.013580	5.080017	1894300.000000
2017-03-24	-0.003853	0.003058	0.005321	-0.010629	-3.150024	1981000.000000
2017-03-23	-0.014477	-0.010355	-0.008462	-0.020893	-12.010010	3487100.000000
2017-03-22	-0.001048	0.001746	0.006129	-0.003950	-0.869995	1401500.000000
2017-03-21	-0.021146	0.003536	0.006011	-0.022843	-17.940002	2463500.000000
2017-03-20	-0.004366	-0.002476	-0.002230	-0.008180	-3.719971	1231500.000000
2017-03-17	0.003935	0.003334	0.005443	-0.001968	3.339966	1712300.000000
2017-03-16	0.001865	0.002160	0.004308	-0.001263	1.580017	977600.000000
2017-03-15	0.001868	0.002330	0.003560	-0.005735	1.580017	1381500.000000
2017-03-14	0.000095	-0.002247	0.002011	-0.005606	0.080017	779900.000000
2017-03-13	0.002716	0.000889	0.006445	0.000000	2.289978	1223600.000000
2017-03-10	0.005449	0.005485	0.007428	0.000978	4.570007	1704000.000000
2017-03-09	0.003962	0.000754	0.007937	-0.001389	3.309998	1261500.000000
2017-03-08	0.004159	0.001923	0.007501	-0.000144	3.460022	989800.000000
2017-03-07	0.004989	-0.000459	0.006801	-0.001522	4.129944	1037600.000000
2017-03-06	-0.001568	-0.002569	-0.000241	-0.008057	-1.299988	1109000.000000
2017-03-03	-0.001866	-0.000084	0.000879	-0.005874	-1.549988	896400.000000
2017-03-02	-0.005519	-0.001664	-0.000874	-0.006705	-4.609985	942500.000000
2017-03-01	0.014613	0.006851	0.015846	0.004920	12.029968	1496500.000000
2017-02-28	-0.007320	-0.004426	-0.000892	-0.010949	-6.070007	2260800.000000
2017-02-27	0.000772	-0.004936	0.002245	-0.005600	0.640014	1101500.000000
2017-02-24	-0.003236	-0.004330	-0.002803	-0.008577	-2.690002	1392200.000000
2017-02-23	0.000686	-0.000770	0.002046	-0.009485	0.570007	1472800.000000
2017-02-22	-0.001082	-0.003607	0.001912	-0.003631	-0.899963	982900.000000
2017-02-21	0.004335	0.000712	0.006497	0.000338	3.589966	1262300.000000
2017-02-17	0.004744	-0.001383	0.004744	-0.003039	3.910034	1611000.000000
2017-02-16	0.006325	0.001160	0.006618	0.000000	5.179993	1287600.000000
2017-02-15	-0.001792	-0.001329	0.003108	-0.002413	-1.470032	1313600.000000
2017-02-14	0.001477	-0.000293	0.004590	-0.003955	1.210022	1054700.000000
2017-02-13	0.006846	0.002864	0.008958	0.002237	5.570007	1213300.000000
2017-02-10	0.005077	0.002643	0.007029	0.000272	4.109985	1135000.000000
2017-02-09	0.001460	0.001398	0.002820	-0.004750	1.179993	989700.000000
2017-02-08	0.001747	0.000037	0.006035	-0.004684	1.410034	1155300.000000
2017-02-07	0.007026	0.003307	0.011431	0.000549	5.629944	1241200.000000
2017-02-06	-0.000187	-0.002233	0.000225	-0.007785	-0.149963	1184500.000000
2017-02-03	0.003707	0.005585	0.009355	0.002304	2.959961	1463400.000000
2017-02-02	0.003563	-0.002382	0.008804	-0.004644	2.835022	1532100.000000
2017-02-01	-0.001374	0.003627	0.005522	-0.007028	-1.094971	2029700.000000
2017-01-31	-0.006893	-0.006805	-0.001334	-0.014707	-5.530029	2160600.000000
2017-01-30	-0.025495	-0.010506	-0.009073	-0.028555	-20.989991	3246600.000000
2017-01-27	-0.010623	0.003076	0.011777	-0.014072	-8.840026	2965800.000000
2017-01-26	-0.004212	0.002561	0.002788	-0.010363	-3.519959	2973900.000000
2017-01-25	0.014323	0.006979	0.014444	0.001444	11.799988	1494500.000000
2017-01-24	0.005566	0.003649	0.008043	-0.001817	4.559997	1474000.000000
2017-01-23	0.017751	0.002770	0.019689	-0.001590	14.289978	1963600.000000
2017-01-20	0.003547	0.005903	0.005903	-0.000605	2.845032	1670000.000000
2017-01-19	-0.004832	-0.001179	0.004230	-0.005297	-3.895019	919300.000000
2017-01-18	0.001815	0.001491	0.001982	-0.004499	1.460022	1294400.000000
2017-01-17	-0.004048	-0.000990	-0.000916	-0.009296	-3.270020	1362100.000000
2017-01-13	0.001885	0.001389	0.006032	0.000409	1.520020	1099200.000000
2017-01-12	-0.001919	-0.000953	-0.000644	-0.010818	-1.549988	1353100.000000
2017-01-11	0.003877	0.000261	0.004175	-0.004250	3.119995	1065900.000000
2017-01-10	-0.002306	0.001500	0.003074	-0.003893	-1.860046	1176800.000000
2017-01-09	0.000620	0.000310	0.004734	-0.004118	0.500000	1274600.000000
2017-01-06	0.015277	0.001562	0.017481	-0.002287	12.130004	1640200.000000
2017-01-05	0.009048	-0.001042	0.009633	-0.002389	7.119996	1335200.000000
2017-01-04	0.000967	0.002824	0.006615	-0.003791	0.760009	1073000.000000
2017-01-03	0.018554	0.009057	0.023075	0.005157	14.320008	1657300.000000
2016-12-30	-0.014014	-0.000051	-0.000013	-0.015815	-10.969971	1770000.000000
2016-12-29	-0.002879	-0.002191	0.001121	-0.007808	-2.260010	744300.000000
2016-12-28	-0.008212	0.002716	0.003386	-0.010549	-6.500000	1153800.000000
2016-12-27	0.002076	0.000975	0.010064	-0.002852	1.640015	789100.000000
2016-12-23	-0.001706	-0.000455	0.001870	-0.005030	-1.350037	623400.000000
2016-12-22	-0.004153	-0.002769	-0.001561	-0.007526	-3.299988	972200.000000
2016-12-21	-0.002335	-0.000728	0.000321	-0.011702	-1.859985	1211300.000000
2016-12-20	0.002795	0.003223	0.005603	-0.001171	2.219971	951000.000000
2016-12-19	0.004299	-0.000733	0.008675	-0.005728	3.400024	1232100.000000
2016-12-16	-0.008836	0.003196	0.003768	-0.009475	-7.049988	2443800.000000
2016-12-15	0.000979	0.000339	0.007440	-0.005207	0.779969	1626500.000000
2016-12-14	0.001218	0.001633	0.009923	-0.002625	0.970031	1704200.000000
2016-12-13	0.008654	0.005866	0.019144	0.005157	6.829956	2145200.000000
2016-12-12	-0.000025	-0.005385	0.002483	-0.006252	-0.019958	2104100.000000
2016-12-09	0.016576	0.004611	0.016756	0.003350	12.869995	1821900.000000
2016-12-08	0.006782	0.001673	0.009064	-0.005135	5.229981	1488100.000000
2016-12-07	0.015913	0.002490	0.016137	-0.004360	12.080017	1761000.000000
2016-12-06	-0.004472	0.002898	0.008275	-0.006793	-3.410035	1690700.000000
2016-12-05	0.016016	0.009607	0.017855	0.003198	12.020020	1394200.000000
2016-12-02	0.003450	-0.004452	0.008129	-0.006445	2.580017	1452500.000000
2016-12-01	-0.013350	-0.000791	0.002388	-0.027723	-10.119995	3017900.000000
2016-11-30	-0.016605	-0.000999	0.002789	-0.020770	-12.800049	2392900.000000
2016-11-29	0.003384	0.004283	0.013355	0.000000	2.600037	1616600.000000
2016-11-28	0.008613	-0.002206	0.023435	-0.002468	6.559997	2188200.000000
2016-11-25	0.000907	0.004297	0.005269	-0.000618	0.690003	587400.000000
2016-11-23	-0.009476	-0.000703	0.000017	-0.016947	-7.280030	1478400.000000
2016-11-22	-0.001209	0.004459	0.010088	-0.002860	-0.929992	1593100.000000
2016-11-21	0.011387	0.002722	0.012044	0.000079	8.660034	1330600.000000
2016-11-18	-0.013861	0.000182	0.004888	-0.014561	-10.690002	1547100.000000
2016-11-17	0.008830	0.003192	0.010752	-0.000327	6.750000	1304000.000000
2016-11-16	0.007897	-0.004338	0.010376	-0.010521	5.989990	1472600.000000
2016-11-15	0.030445	0.014795	0.038496	0.014795	22.409973	2384000.000000
2016-11-14	-0.023792	0.002095	0.005079	-0.035118	-17.940003	3654400.000000
2016-11-11	-0.011199	-0.007894	-0.002334	-0.015973	-8.539978	2394000.000000
2016-11-10	-0.028969	0.007462	0.007462	-0.042187	-22.750000	4745200.000000
2016-11-09	-0.006578	-0.013371	0.000907	-0.023833	-5.200012	2607100.000000
2016-11-08	0.010211	0.001125	0.016757	-0.002978	7.989990	1350800.000000
2016-11-07	0.026902	0.016377	0.030406	0.013818	20.500000	1585100.000000
2016-11-04	-0.000144	-0.015050	0.010799	-0.015180	-0.109985	2134800.000000
2016-11-03	-0.008547	-0.001886	0.001626	-0.012580	-6.570007	1943200.000000
2016-11-02	-0.019027	-0.006904	-0.002501	-0.025727	-14.909973	1872400.000000
2016-11-01	-0.001185	-0.002103	0.006309	-0.011472	-0.929993	2406400.000000
2016-10-31	-0.013616	0.000126	0.001873	-0.014295	-10.830017	2427300.000000
2016-10-28	0.000025	0.016345	0.025322	-0.002213	0.020019	4269900.000000
2016-10-27	-0.004655	0.002415	0.005531	-0.009474	-3.720031	2749200.000000
2016-10-26	-0.010648	-0.001647	-0.000854	-0.014053	-8.599976	1647700.000000
2016-10-25	-0.006690	0.004391	0.004391	-0.009802	-5.440002	1576400.000000
2016-10-24	0.017189	0.006918	0.019778	0.006818	13.739990	1697500.000000
2016-10-21	0.003011	-0.002472	0.003175	-0.003727	2.400024	1266200.000000
2016-10-20	-0.005652	0.002246	0.003082	-0.006825	-4.530029	1757500.000000
2016-10-19	0.007846	0.003747	0.011745	0.003483	6.239990	1766800.000000
2016-10-18	0.019616	0.010116	0.027758	0.007186	15.299988	2056900.000000
2016-10-17	0.001837	0.001631	0.009402	-0.001323	1.429993	1093000.000000
2016-10-14	0.000437	0.004446	0.007402	-0.002814	0.340027	852500.000000
2016-10-13	-0.010113	-0.006258	-0.006258	-0.016715	-7.950013	1365300.000000
2016-10-12	0.003920	0.000881	0.006462	-0.001290	3.070008	937400.000000
2016-10-11	-0.003652	0.000916	0.008067	-0.006820	-2.869995	1372500.000000
2016-10-10	0.014011	0.003393	0.018450	0.001019	10.859985	1174900.000000
2016-10-07	-0.002291	0.003604	0.003604	-0.007865	-1.779968	933200.000000
2016-10-06	0.000502	0.003258	0.005164	-0.001198	0.390014	1070700.000000
2016-10-05	0.000051	0.003709	0.007264	-0.001005	0.039978	1461200.000000
2016-10-04	0.005009	0.004492	0.007961	0.000427	3.869995	1201400.000000
2016-10-03	-0.006085	-0.003911	-0.001576	-0.010022	-4.729980	1278800.000000
2016-09-30	0.002942	0.001703	0.007652	-0.001187	2.279968	1585300.000000
2016-09-29	-0.008381	-0.000154	0.005425	-0.009376	-6.549988	1314700.000000
2016-09-28	-0.001852	-0.006590	-0.001533	-0.010268	-1.450012	1109800.000000
2016-09-27	0.011366	0.001666	0.015215	0.000127	8.799988	1153200.000000
2016-09-26	-0.016127	-0.005287	-0.005287	-0.017575	-12.690002	1533200.000000
2016-09-23	-0.000394	-0.000788	0.002185	-0.003887	-0.309998	1411900.000000
2016-09-22	0.014158	0.004870	0.017559	0.002860	10.990051	1486200.000000
2016-09-21	0.006235	0.001620	0.007454	-0.004030	4.809998	1167800.000000
2016-09-20	0.007457	0.004310	0.009965	0.003696	5.709961	978600.000000
2016-09-19	-0.004136	0.004604	0.006659	-0.005773	-3.179993	1172800.000000
2016-09-16	-0.003732	-0.002604	-0.002604	-0.009200	-2.880005	2049300.000000
2016-09-15	0.012158	0.000525	0.014833	-0.003318	9.270020	1305100.000000
2016-09-14	0.003686	-0.000105	0.010517	-0.000763	2.799988	1087400.000000
2016-09-13	-0.012132	-0.005904	-0.003641	-0.017191	-9.330018	1395000.000000
2016-09-12	0.012321	-0.005963	0.013993	-0.007451	9.360047	1311000.000000
2016-09-09	-0.020198	-0.006733	-0.002676	-0.020198	-15.660034	1885500.000000
2016-09-08	-0.006446	-0.002255	0.000000	-0.008676	-5.029969	1270300.000000
2016-09-07	0.000346	-0.000103	0.003397	-0.004974	0.269959	893700.000000
2016-09-06	0.011174	0.002580	0.013662	-0.000596	8.619995	1442800.000000
2016-09-02	0.003486	0.005502	0.006686	-0.000481	2.679993	1072700.000000
2016-09-01	0.002255	0.002868	0.005176	-0.003585	1.730041	925100.000000
2016-08-31	-0.002653	-0.002705	0.000000	-0.004824	-2.040039	1248600.000000
2016-08-30	-0.003963	-0.003652	0.002999	-0.006877	-3.059997	1130000.000000
2016-08-29	0.003392	-0.001040	0.007082	-0.003801	2.610046	847600.000000
2016-08-26	0.000169	-0.000533	0.008669	-0.004627	0.130005	1166700.000000
2016-08-25	-0.000299	-0.003430	0.002923	-0.008387	-0.230042	926900.000000
2016-08-24	-0.003160	-0.001943	0.003134	-0.006489	-2.440002	1072000.000000
2016-08-23	-0.000091	0.004313	0.005556	-0.000473	-0.070007	928200.000000
2016-08-22	-0.004217	-0.002773	-0.001135	-0.006925	-3.269959	951400.000000
2016-08-19	-0.002675	-0.003215	-0.000515	-0.005621	-2.080017	861500.000000
2016-08-18	-0.003090	0.000128	0.003783	-0.003731	-2.409973	719400.000000
2016-08-17	0.003564	0.000232	0.004722	-0.004645	2.769958	924200.000000
2016-08-16	-0.006774	-0.002735	-0.001866	-0.011497	-5.299987	1028000.000000
2016-08-15	-0.000996	0.000677	0.005452	-0.003971	-0.779969	938200.000000
2016-08-12	-0.002077	-0.004268	-0.001854	-0.005670	-1.630005	740500.000000
2016-08-11	0.000217	0.000408	0.006461	-0.002179	0.169983	975100.000000
2016-08-10	0.000536	-0.000650	0.003254	-0.001890	0.419983	786400.000000
2016-08-09	0.003198	-0.000844	0.009184	-0.001522	2.500000	1318900.000000
2016-08-08	-0.000588	-0.000281	0.000524	-0.005279	-0.459961	1107900.000000
2016-08-05	0.013750	0.002812	0.014813	0.000946	10.609986	1801200.000000
2016-08-04	-0.002031	-0.001242	0.001151	-0.005671	-1.570008	1140300.000000
2016-08-03	0.002736	-0.005045	0.002775	-0.005512	2.109986	1287400.000000
2016-08-02	-0.002342	-0.005421	0.003830	-0.006508	-1.809998	1784500.000000
2016-08-01	0.005320	-0.010016	0.015141	-0.010016	4.090027	2700500.000000
2016-07-29	0.030674	0.035929	0.043759	0.027966	22.880005	3841500.000000
2016-07-28	0.005581	0.007105	0.009275	-0.003330	4.139953	3530200.000000
2016-07-27	0.004537	-0.000190	0.008180	-0.001923	3.350037	1512500.000000
2016-07-26	-0.001825	-0.000987	0.002595	-0.007435	-1.350037	1186700.000000
2016-07-25	-0.003999	-0.002787	-0.000175	-0.007055	-2.969970	1032400.000000
2016-07-22	0.005564	0.004373	0.006241	-0.002802	4.109985	1259800.000000
2016-07-21	-0.003454	-0.001120	0.000675	-0.007230	-2.559997	1026300.000000
2016-07-20	0.005740	0.000502	0.007015	0.000190	4.229980	1289700.000000
2016-07-19	0.004334	-0.005301	0.004375	-0.006514	3.179993	1227500.000000
2016-07-18	0.019351	0.003973	0.022616	0.001862	13.930053	1295500.000000
2016-07-15	-0.001526	0.006630	0.006644	-0.002629	-1.100036	1279300.000000
2016-07-14	0.005537	0.006416	0.007295	0.001465	3.970032	950200.000000
2016-07-13	-0.005079	0.004135	0.004663	-0.005259	-3.660035	935900.000000
2016-07-12	0.007761	0.005636	0.010978	0.001147	5.549988	1336900.000000
2016-07-11	0.013406	0.003430	0.015419	0.002282	9.460022	1111800.000000
2016-07-08	0.014769	0.005954	0.014884	0.001546	10.270020	1575200.000000
2016-07-07	-0.003454	0.000444	0.000616	-0.013694	-2.410035	1304200.000000
2016-07-06	0.004058	-0.007152	0.009684	-0.008432	2.820008	1411900.000000
2016-07-05	-0.006093	-0.004505	-0.003247	-0.014774	-4.260010	1462600.000000
2016-07-01	0.010273	0.000145	0.012354	0.000043	7.110046	1344700.000000
2016-06-30	0.011679	0.001988	0.012001	-0.000672	7.989991	1597700.000000
2016-06-29	0.005985	0.004353	0.010866	0.002015	4.070007	1932600.000000
2016-06-28	0.017628	0.016027	0.018062	0.007093	11.779968	2173800.000000
2016-06-27	-0.010308	-0.006250	-0.004324	-0.017677	-6.959961	2629000.000000
2016-06-24	-0.037970	-0.038041	-0.017767	-0.040492	-26.650024	4449000.000000
2016-06-23	0.006323	-0.000014	0.006438	-0.014997	4.409973	2171400.000000
2016-06-22	0.002184	0.004483	0.007070	-0.004107	1.520020	1184300.000000
2016-06-21	0.003215	0.006761	0.013060	-0.002451	2.229980	1465600.000000
2016-06-20	0.002877	0.010192	0.015555	0.002443	1.990051	2082500.000000
2016-06-17	-0.026240	-0.002407	-0.002168	-0.030841	-18.640014	3402400.000000
2016-06-16	-0.011907	-0.005578	-0.003157	-0.021783	-8.559998	1982500.000000
2016-06-15	0.000905	0.001016	0.006557	-0.001337	0.649963	1214500.000000
2016-06-14	-0.000125	-0.002617	0.005721	-0.007294	-0.089965	1306100.000000
2016-06-13	-0.001460	-0.004031	0.008382	-0.004031	-1.049988	1258900.000000
2016-06-10	-0.012586	-0.012504	-0.003692	-0.016676	-9.170044	1216400.000000
2016-06-09	0.000412	-0.007429	0.001730	-0.008162	0.299988	988900.000000
2016-06-08	0.016228	0.010200	0.016633	0.005484	11.630005	1583700.000000
2016-06-07	0.000140	0.004591	0.007578	0.000000	0.100036	1336200.000000
2016-06-06	-0.008016	0.003558	0.003558	-0.010701	-5.790039	1565300.000000
2016-06-03	-0.011035	-0.001547	-0.001246	-0.013472	-8.059997	1226300.000000
2016-06-02	-0.005108	-0.002248	-0.001539	-0.013594	-3.750000	1341800.000000
2016-06-01	-0.002134	-0.001617	0.002025	-0.006878	-1.569947	1253600.000000
2016-05-31	0.004177	-0.001256	0.009650	-0.001911	3.059998	2129500.000000
2016-05-27	0.011794	-0.000152	0.013556	-0.000166	8.539978	1974000.000000
2016-05-26	-0.001586	-0.003309	0.004219	-0.006880	-1.150025	1576300.000000
2016-05-25	0.007194	0.000930	0.010304	-0.000535	5.179993	1629200.000000
2016-05-24	0.022507	0.003720	0.023756	0.003720	15.850037	1929500.000000
2016-05-23	-0.007749	-0.004523	0.002449	-0.007834	-5.500000	1330700.000000
2016-05-20	0.013451	0.001856	0.020362	0.000286	9.419983	1828400.000000
2016-05-19	-0.008930	-0.006043	-0.000892	-0.013911	-6.309998	1670200.000000
2016-05-18	0.000566	-0.003625	0.007604	-0.007929	0.400025	1766800.000000
2016-05-17	-0.014320	-0.000698	0.007020	-0.017279	-10.260010	2001200.000000
2016-05-16	0.007962	-0.002392	0.010762	-0.007287	5.659973	1317100.000000
2016-05-13	-0.003477	-0.001935	0.004699	-0.005678	-2.479981	1314500.000000
2016-05-12	-0.002768	0.002475	0.005536	-0.008794	-1.979980	1360700.000000
2016-05-11	-0.010910	0.000318	0.001798	-0.014353	-7.890015	1692100.000000
2016-05-10	0.014420	0.005400	0.014869	0.003956	10.279969	1569600.000000
2016-05-09	0.002503	0.001237	0.010673	-0.001575	1.780029	1510300.000000
2016-05-06	0.013815	-0.004348	0.014870	-0.004737	9.690002	1826100.000000
2016-05-05	0.008236	0.002875	0.009516	0.000029	5.729981	1683500.000000
2016-05-04	0.004824	-0.002701	0.010674	-0.004838	3.340027	1693500.000000
2016-05-03	-0.008379	-0.001919	-0.000530	-0.008894	-5.850037	1543800.000000
2016-05-02	0.007504	0.006667	0.011010	-0.002900	5.200012	1645300.000000
2016-04-29	0.002880	-0.000463	0.009551	-0.002923	1.989990	2487700.000000
2016-04-28	-0.020996	0.003429	0.011801	-0.023079	-14.820007	2867300.000000
2016-04-27	-0.003248	-0.001200	0.001186	-0.022277	-2.299988	3098600.000000
2016-04-26	-0.020756	0.003139	0.003617	-0.027828	-15.010009	2744600.000000
2016-04-25	0.006094	-0.003715	0.007179	-0.004424	4.380004	1959200.000000
2016-04-22	-0.053179	-0.043260	-0.030324	-0.059976	-40.369995	5951900.000000
2016-04-21	0.008596	0.003601	0.010337	-0.004145	6.470032	3060500.000000
2016-04-20	-0.001671	0.005398	0.005573	-0.005199	-1.260010	1529200.000000
2016-04-19	-0.016540	0.003783	0.004292	-0.022541	-12.679992	2030500.000000
2016-04-18	0.010026	0.001924	0.011924	-0.002240	7.609985	1556000.000000
2016-04-15	0.007700	0.001036	0.010356	-0.000672	5.799988	1809300.000000
2016-04-14	0.001969	0.003046	0.007436	0.001310	1.480041	1135300.000000
2016-04-13	0.011614	0.008169	0.015193	0.001576	8.629944	1707100.000000
2016-04-12	0.009496	0.002581	0.010501	-0.006915	6.990051	1353000.000000
2016-04-11	-0.004126	0.005236	0.007914	-0.004194	-3.050048	1220100.000000
2016-04-08	-0.001526	0.004985	0.006984	-0.006390	-1.130005	1290800.000000
2016-04-07	-0.007255	-0.000429	0.001757	-0.012619	-5.409973	1453200.000000
2016-04-06	0.010694	-0.002751	0.011439	-0.003036	7.890014	1053700.000000
2016-04-05	-0.010050	-0.009781	-0.003341	-0.013310	-7.489990	1132300.000000
2016-04-04	-0.006161	0.000200	0.003854	-0.009975	-4.619995	1134200.000000
2016-04-01	0.006658	-0.008524	0.007235	-0.010672	4.959961	1576700.000000
2016-03-31	-0.007435	-0.001706	0.000426	-0.012778	-5.580017	1718800.000000
2016-03-30	0.007734	0.007157	0.017603	0.005330	5.760009	1782400.000000
2016-03-29	0.015323	0.001445	0.018704	-0.006503	11.239991	1903800.000000
2016-03-28	-0.002407	0.002026	0.005018	-0.003808	-1.769959	1301300.000000
2016-03-24	-0.003740	-0.008197	-0.000424	-0.009566	-2.760010	1594900.000000
2016-03-23	-0.003631	0.002173	0.006709	-0.006210	-2.690002	1432100.000000
2016-03-22	-0.001806	-0.006239	0.003921	-0.006239	-1.340027	1269700.000000
2016-03-21	0.006087	-0.001491	0.006643	-0.005537	4.490051	1836500.000000
2016-03-18	-0.000244	0.005530	0.005720	-0.008065	-0.180053	2980700.000000
2016-03-17	0.002296	0.000489	0.009483	-0.000122	1.690002	1860800.000000
2016-03-16	0.010655	-0.002691	0.012549	-0.005245	7.760010	1624400.000000
2016-03-15	-0.002957	-0.004887	0.002464	-0.007830	-2.159973	1721000.000000
2016-03-14	0.005049	-0.000014	0.011942	-0.002298	3.669983	1718300.000000
2016-03-11	0.019640	0.010073	0.019781	0.006039	14.000000	1970800.000000
2016-03-10	0.010748	0.004084	0.015881	-0.002666	7.580017	2833500.000000
2016-03-09	0.016240	0.006484	0.016874	0.000043	11.270019	1421500.000000
2016-03-08	-0.001712	-0.009451	0.012414	-0.014126	-1.190002	2076300.000000
2016-03-07	-0.022127	-0.005613	-0.003937	-0.033746	-15.730042	2985100.000000
2016-03-04	-0.002148	0.003607	0.005713	-0.008983	-1.529968	1972100.000000
2016-03-03	-0.008945	-0.000236	0.000835	-0.017848	-6.429993	1958000.000000
2016-03-02	0.000056	0.000264	0.001656	-0.009474	0.039978	1629000.000000
2016-03-01	0.030153	0.008384	0.030153	0.002866	21.039978	2151400.000000
2016-02-29	-0.010354	-0.006737	0.008255	-0.010481	-7.299987	2481100.000000
2016-02-26	-0.000964	0.004010	0.010882	-0.006929	-0.679993	2243500.000000
2016-02-25	0.008848	0.000643	0.009177	-0.012829	6.190002	1642200.000000
2016-02-24	0.005332	-0.009959	0.005964	-0.021657	3.710022	1963600.000000
2016-02-23	-0.015019	-0.007092	0.002746	-0.018232	-10.610046	2009300.000000
2016-02-22	0.007918	0.009331	0.017591	0.002283	5.550049	1949800.000000
2016-02-19	0.005105	-0.003327	0.008218	-0.004732	3.559997	1589300.000000
2016-02-18	-0.015599	0.002259	0.005576	-0.017462	-11.050048	1883200.000000
2016-02-17	0.025181	0.010261	0.027135	0.000550	17.400024	2492600.000000
2016-02-16	0.012603	0.015504	0.022860	0.003883	8.599976	2520000.000000
2016-02-12	-0.001039	0.010467	0.015576	-0.006602	-0.709961	2141400.000000
2016-02-11	-0.001476	-0.013331	0.007645	-0.022294	-1.010010	3024000.000000
2016-02-10	0.008863	0.012904	0.034213	0.005928	6.010010	2638000.000000
2016-02-09	-0.006782	-0.015262	0.025134	-0.020462	-4.630005	3608900.000000
2016-02-08	-0.001214	-0.022997	0.000673	-0.030004	-0.830017	4247400.000000
2016-02-05	-0.034519	-0.005847	-0.005678	-0.039350	-24.440003	5105700.000000
2016-02-04	-0.026054	-0.005695	0.000069	-0.034514	-18.940002	5168700.000000
2016-02-03	-0.049304	0.007284	0.012882	-0.057739	-37.700012	6171000.000000
2016-02-02	0.016822	0.043218	0.050359	0.016822	12.650024	6348100.000000
2016-02-01	0.012181	0.010108	0.020069	0.000431	9.049988	5139200.000000
2016-01-29	0.016403	0.000780	0.019194	-0.005691	11.989990	3474300.000000
2016-01-28	0.044244	0.031758	0.048144	0.017657	30.970032	2676400.000000
2016-01-27	-0.018302	0.000884	0.007286	-0.026156	-13.049988	2194200.000000
2016-01-26	0.001925	0.003063	0.009288	-0.007293	1.369995	1331700.000000
2016-01-25	-0.018725	-0.002303	0.006108	-0.021013	-13.580017	1711700.000000
2016-01-22	0.026408	0.024073	0.030484	0.019150	18.659973	2011800.000000
2016-01-21	0.011654	0.005340	0.029694	-0.005713	8.140015	2412200.000000
2016-01-20	-0.004759	-0.018781	0.007210	-0.040653	-3.339966	3445000.000000
2016-01-19	0.010569	0.012744	0.022363	-0.001498	7.339966	2268100.000000
2016-01-15	-0.028361	-0.031383	-0.011165	-0.041065	-20.269959	3592400.000000
2016-01-14	0.020212	0.006880	0.030497	-0.016358	14.159973	2225800.000000
2016-01-13	-0.035134	0.006583	0.011941	-0.037820	-25.510009	2501700.000000
2016-01-12	0.014022	0.007891	0.017765	0.001797	10.039978	2024500.000000
2016-01-11	0.002184	0.002995	0.006137	-0.015298	1.560058	2090600.000000
2016-01-08	-0.016410	0.006966	0.009416	-0.018434	-11.920044	2450900.000000
2016-01-07	-0.023170	-0.017899	-0.006885	-0.033028	-17.229980	2963700.000000
2016-01-06	0.001400	-0.016941	0.006195	-0.018395	1.039978	1947000.000000
2016-01-05	0.000998	0.006214	0.013696	-0.004314	0.739990	1950700.000000
2016-01-04	-0.022454	-0.020926	-0.019529	-0.036398	-17.039978	3272800.000000
2015-12-31	-0.015720	-0.001946	-0.001946	-0.016420	-12.119995	1489600.000000
2015-12-30	-0.007211	0.000000	0.001288	-0.012490	-5.599976	1293300.000000
2015-12-29	0.018478	0.005482	0.022911	0.005141	14.089966	1765000.000000
2015-12-28	0.018854	0.006039	0.019495	0.001497	14.109986	1515300.000000
2015-12-24	-0.002546	-0.001013	0.001386	-0.004918	-1.909974	527200.000000
2015-12-23	0.000413	0.004627	0.005613	-0.008000	0.309998	1565900.000000
2015-12-22	0.002982	0.005189	0.009468	-0.002996	2.229980	1365400.000000
2015-12-21	0.011443	0.009225	0.014459	0.000933	8.460022	1525700.000000
2015-12-18	-0.013504	-0.003896	0.006271	-0.015051	-10.119995	3148700.000000
2015-12-17	-0.011423	0.005712	0.006055	-0.011991	-8.660034	1553400.000000
2015-12-16	0.019761	0.008878	0.023123	-0.005334	14.690003	1993300.000000
2015-12-15	-0.005844	0.006994	0.013788	-0.006366	-4.369996	2666200.000000
2015-12-14	0.012045	0.003952	0.013345	-0.019895	8.900025	2412500.000000
2015-12-11	-0.014130	-0.011075	-0.005004	-0.016959	-10.590027	2224400.000000
2015-12-10	-0.002860	0.001650	0.005641	-0.010351	-2.149963	1984900.000000
2015-12-09	-0.014114	-0.004197	0.002440	-0.033277	-10.760010	2700000.000000
2015-12-08	-0.001153	-0.007023	0.002031	-0.011857	-0.880005	1829500.000000
2015-12-07	-0.004643	0.001252	0.002504	-0.015284	-3.559998	1812300.000000
2015-12-04	0.018962	0.000744	0.021195	-0.003375	14.270020	2757300.000000
2015-12-03	-0.012907	0.004761	0.008677	-0.021971	-9.840027	2590600.000000
2015-12-02	-0.006075	0.002425	0.011623	-0.010534	-4.659973	2230400.000000
2015-12-01	0.032911	0.006073	0.035483	0.005521	24.440002	2134600.000000
2015-11-30	-0.010210	-0.001933	0.006224	-0.011982	-7.660034	2097600.000000
2015-11-27	0.002820	0.000414	0.007031	-0.000882	2.109986	838500.000000
2015-11-25	-0.000174	-0.000187	0.004971	-0.002967	-0.130005	1122100.000000
2015-11-24	-0.010185	-0.005265	-0.000927	-0.024273	-7.699951	2333100.000000
2015-11-23	-0.000819	0.001123	0.008073	-0.006318	-0.619996	1414500.000000
2015-11-20	0.024634	0.010997	0.026422	0.006216	18.190003	2212300.000000
2015-11-19	-0.002149	-0.001703	0.002703	-0.003473	-1.590027	1327100.000000
2015-11-18	0.020267	0.003144	0.022211	0.002344	14.700012	1684300.000000
2015-11-17	-0.005021	0.000453	0.003958	-0.008139	-3.660034	1510900.000000
2015-11-16	0.016681	-0.001953	0.017420	-0.007908	11.960022	1905900.000000
2015-11-13	-0.019460	-0.002817	-0.000109	-0.019830	-14.229980	2075500.000000
2015-11-12	-0.005670	-0.005983	0.003263	-0.009185	-4.170044	1837200.000000
2015-11-11	0.009721	0.005684	0.017410	0.002622	7.080017	1366400.000000
2015-11-10	0.004732	-0.000676	0.007863	-0.008815	3.429992	1608000.000000
2015-11-09	-0.012088	-0.004852	0.001295	-0.019530	-8.869995	2069800.000000
2015-11-06	0.003432	0.000342	0.005689	-0.005798	2.510010	1511600.000000
2015-11-05	0.004313	0.001868	0.015616	0.001868	3.140015	1861600.000000
2015-11-04	0.008239	-0.000222	0.015149	-0.000360	5.950012	1706700.000000
2015-11-03	0.001456	-0.003120	0.004909	-0.008861	1.049988	1565400.000000
2015-11-02	0.014490	0.000352	0.015208	-0.006978	10.299987	1886300.000000
2015-10-30	-0.008523	-0.001660	0.001506	-0.009583	-6.109985	1908800.000000
2015-10-29	0.005568	-0.003436	0.007448	-0.004124	3.969971	1456000.000000
2015-10-28	0.006295	-0.001637	0.006337	-0.007636	4.460022	2178900.000000
2015-10-27	-0.006019	-0.007576	0.001178	-0.011546	-4.290039	2245800.000000
2015-10-26	0.015356	-0.000641	0.024430	-0.001054	10.780029	2716600.000000
2015-10-23	0.077034	0.116157	0.119993	0.076267	50.210022	6653900.000000
2015-10-22	0.014285	0.006365	0.023638	0.002179	9.179993	4071000.000000
2015-10-21	-0.011795	0.005951	0.008596	-0.013148	-7.670044	1791100.000000
2015-10-20	-0.023750	-0.003093	-0.002072	-0.032885	-15.819947	2490000.000000
2015-10-19	0.005889	-0.001540	0.006977	-0.003957	3.899964	1477300.000000
2015-10-16	0.000695	0.003581	0.004881	-0.006861	0.460022	1611100.000000
2015-10-15	0.016248	0.005375	0.018383	0.005068	10.580017	1885700.000000
2015-10-14	-0.001748	0.001395	0.010869	-0.005289	-1.140015	1415500.000000
2015-10-13	0.008706	-0.005443	0.017230	-0.005443	5.630005	1807700.000000
2015-10-12	0.004754	-0.002362	0.007598	-0.007147	3.059998	1275200.000000
2015-10-09	0.006962	0.001314	0.010686	-0.006011	4.450012	1648700.000000
2015-10-08	-0.004982	-0.001557	0.003254	-0.026154	-3.200012	2182100.000000
2015-10-07	-0.004772	0.005887	0.008009	-0.020591	-3.080017	2092700.000000
2015-10-06	0.006189	-0.004100	0.012128	-0.007701	3.970031	2166300.000000
2015-10-05	0.023225	0.008119	0.025682	0.000144	14.559998	1803600.000000
2015-10-02	0.025553	-0.006691	0.026256	-0.013349	15.619995	2684800.000000
2015-10-01	0.004717	-0.000082	0.006032	-0.014086	2.869995	1867600.000000
2015-09-30	0.022606	0.013967	0.023178	0.009681	13.450012	2413400.000000
2015-09-29	0.000134	0.004018	0.016995	-0.007850	0.079956	2309500.000000
2015-09-28	-0.027910	-0.002663	0.004306	-0.036914	-17.079956	3127700.000000
2015-09-25	-0.022100	0.006344	0.006344	-0.023650	-13.830017	2174000.000000
2015-09-24	0.005527	-0.009191	0.007970	-0.016004	3.440003	2240100.000000
2015-09-23	-0.000530	-0.001028	0.010021	-0.004320	-0.330017	1470900.000000
2015-09-22	-0.020065	-0.013282	-0.012417	-0.031490	-12.750000	2562900.000000
2015-09-21	0.009837	0.008184	0.011506	-0.005260	6.190002	1788500.000000
2015-09-18	-0.021232	-0.009504	-0.004511	-0.024701	-13.650024	5133400.000000
2015-09-17	0.010881	0.002846	0.023460	-0.001509	6.920044	2274700.000000
2015-09-16	0.001322	0.000520	0.004424	-0.004440	0.839965	1286500.000000
2015-09-15	0.019094	0.005552	0.024806	0.000867	11.900025	2084400.000000
2015-09-14	-0.004043	-0.000112	0.000144	-0.010132	-2.530030	1702300.000000
2015-09-11	0.007114	-0.002575	0.007130	-0.006325	4.420044	1373500.000000
2015-09-10	0.014085	0.000620	0.018671	-0.002105	8.630005	1905300.000000
2015-09-09	-0.003156	0.010673	0.019295	-0.008232	-1.940002	1702100.000000
2015-09-08	0.023239	0.019627	0.025986	0.005693	13.959961	2279500.000000
2015-09-04	-0.009155	-0.010309	-0.004586	-0.018144	-5.549988	2089000.000000
2015-09-03	-0.013169	0.004330	0.008741	-0.018750	-8.090027	1759600.000000
2015-09-02	0.027685	0.013048	0.027685	0.003212	16.550049	2575600.000000
2015-09-01	-0.033093	-0.025702	-0.008718	-0.039062	-20.460022	3702100.000000
2015-08-31	-0.019242	-0.004505	0.008598	-0.020147	-12.130005	2176700.000000
2015-08-28	-0.011339	-0.007512	-0.001145	-0.020467	-7.229980	1978700.000000
2015-08-27	0.014301	0.017149	0.023814	-0.010531	8.989990	3491300.000000
2015-08-26	0.079992	0.048603	0.085301	0.029189	46.559997	4235900.000000
2015-08-25	-0.012805	0.042910	0.047218	-0.014416	-7.549987	3538000.000000
2015-08-24	-0.037340	-0.064459	-0.021470	-0.077439	-22.869995	5770300.000000
2015-08-21	-0.053105	-0.010899	-0.010482	-0.053337	-34.350037	4265200.000000
2015-08-20	-0.021289	-0.008231	0.003162	-0.027236	-14.070007	2855300.000000
2015-08-19	0.007270	0.000716	0.016567	-0.002957	4.770019	2131600.000000
2015-08-18	-0.007172	0.001559	0.004736	-0.011212	-4.739990	1456100.000000
2015-08-17	0.005707	-0.000487	0.006483	-0.008948	3.750000	1051700.000000
2015-08-14	0.001021	-0.002194	0.005187	-0.005774	0.669983	1072100.000000
2015-08-13	-0.004715	-0.000361	0.007490	-0.011976	-3.109986	1810700.000000
2015-08-12	-0.001846	0.003481	0.006386	-0.012849	-1.220031	2936700.000000
2015-08-11	0.042684	0.055970	0.064965	0.032411	27.050049	5029200.000000
2015-08-10	-0.002471	0.006580	0.012813	-0.006376	-1.570008	1809200.000000
2015-08-07	-0.011483	-0.003812	0.000000	-0.020181	-7.380005	1403900.000000
2015-08-06	-0.001709	0.001895	0.002484	-0.017910	-1.100036	1572600.000000
2015-08-05	0.023091	0.008073	0.029575	0.006214	14.530029	2334300.000000
2015-08-04	-0.003105	-0.004420	0.005703	-0.006416	-1.960022	1490900.000000
2015-08-03	0.008951	-0.000432	0.011902	-0.000432	5.600037	1304500.000000
2015-07-31	-0.011034	-0.001913	0.000506	-0.011208	-6.980042	1706100.000000
2015-07-30	0.001044	-0.003054	0.005206	-0.015635	0.660034	1474200.000000
2015-07-29	0.006258	0.001274	0.008535	-0.008519	3.929993	1575100.000000
2015-07-28	0.001180	0.008880	0.008880	-0.006297	0.739990	1727300.000000
2015-07-27	0.005934	-0.004105	0.017224	-0.004907	3.700012	2675400.000000
2015-07-24	-0.032160	0.004222	0.006038	-0.033774	-20.720031	3625700.000000
2015-07-23	-0.026914	-0.001254	0.002311	-0.031868	-17.819947	3029100.000000
2015-07-22	-0.000302	-0.002129	0.024672	-0.004983	-0.200012	3929300.000000
2015-07-21	-0.001086	-0.011779	0.015052	-0.013152	-0.720032	3377200.000000
2015-07-20	-0.014727	-0.020344	-0.006018	-0.029602	-9.909973	5860900.000000
2015-07-17	0.160524	0.119255	0.163177	0.112357	93.080017	11164900.000000
2015-07-16	0.035040	0.008747	0.036521	0.008532	19.630005	4768300.000000
2015-07-15	-0.001568	-0.001729	0.009629	-0.007681	-0.880005	1784600.000000
2015-07-14	0.026622	0.000384	0.035311	0.000293	14.549988	3244100.000000
2015-07-13	0.030974	0.005187	0.032030	0.004282	16.419983	2206500.000000
2015-07-10	0.018149	0.010774	0.022816	0.009353	9.450012	1956700.000000
2015-07-09	0.007449	0.012170	0.013428	0.006811	3.849976	1839400.000000
2015-07-08	-0.015599	-0.007562	-0.004354	-0.016971	-8.190003	1296700.000000
2015-07-07	0.004131	0.000516	0.006350	-0.014688	2.160035	1597200.000000
2015-07-06	-0.001032	-0.007451	0.003535	-0.008407	-0.540039	1280500.000000
2015-07-02	0.002989	-0.001456	0.005385	-0.001456	1.559997	1235900.000000
2015-07-01	0.002555	0.008107	0.009952	-0.004380	1.330017	1961000.000000
2015-06-30	-0.001937	0.008629	0.009070	-0.001956	-1.010010	2217200.000000
2015-06-29	-0.019128	-0.012564	-0.005793	-0.020971	-10.169982	1937800.000000
2015-06-26	-0.006614	0.003793	0.004727	-0.007249	-3.539978	2109100.000000
2015-06-25	-0.004853	0.001915	0.005689	-0.004853	-2.610047	1335700.000000
2015-06-24	-0.004884	-0.000888	-0.000888	-0.008918	-2.639953	1286600.000000
2015-06-23	0.004255	0.002694	0.006148	-0.005463	2.289978	1197500.000000
2015-06-22	0.002795	0.005404	0.013136	0.001565	1.500000	1250300.000000
2015-06-19	-0.000074	0.000894	0.002832	-0.006931	-0.039978	1893500.000000
2015-06-18	0.014114	0.003288	0.016797	0.002891	7.469970	1833100.000000
2015-06-17	0.002102	0.002310	0.005358	-0.005775	1.109986	1294200.000000
2015-06-16	0.001802	0.002276	0.004628	-0.003111	0.950012	1071800.000000
2015-06-15	-0.009637	-0.008134	-0.007571	-0.015648	-5.130005	1632700.000000
2015-06-12	-0.004265	-0.005630	-0.002787	-0.008324	-2.279968	955800.000000
2015-06-11	-0.003876	0.003233	0.004267	-0.006838	-2.080017	1217500.000000
2015-06-10	0.018987	0.005069	0.022157	0.005050	10.000000	1815000.000000
2015-06-09	-0.000266	0.001386	0.004499	-0.007251	-0.140015	1455300.000000
2015-06-08	-0.012188	-0.000038	0.001481	-0.013294	-6.500000	1520600.000000
2015-06-05	-0.006279	-0.000652	0.000932	-0.007788	-3.369995	1388200.000000
2015-06-04	-0.006681	-0.004719	0.000518	-0.011086	-3.609986	1348300.000000
2015-06-03	0.002096	0.001354	0.008012	-0.003839	1.130005	1714500.000000
2015-06-02	0.009719	-0.001985	0.016873	-0.004981	5.190003	1939000.000000
2015-06-01	0.003533	0.008795	0.008795	-0.004416	1.880005	1904300.000000
2015-05-29	-0.014210	-0.004465	-0.002131	-0.015432	-7.670044	2597400.000000
2015-05-28	-0.000018	-0.003298	0.001519	-0.006558	-0.009949	1029800.000000
2015-05-27	0.014033	0.000902	0.015461	-0.001146	7.469971	1525000.000000
2015-05-26	-0.014423	-0.003684	-0.002055	-0.018941	-7.789978	2406500.000000
2015-05-22	-0.004424	-0.004350	0.003097	-0.005530	-2.400025	1176200.000000
2015-05-21	0.006008	-0.002448	0.008474	-0.006101	3.239990	1462700.000000
2015-05-20	0.003554	0.002103	0.010347	-0.008166	1.910035	1430800.000000
2015-05-19	0.009506	0.003156	0.015705	0.001390	5.059997	1966900.000000
2015-05-18	-0.002903	-0.003447	0.001817	-0.009366	-1.549988	2003400.000000
2015-05-15	-0.008451	0.001449	0.001623	-0.014896	-4.550048	1971300.000000
2015-05-14	0.016578	0.007836	0.017711	0.005268	8.780029	1403900.000000
2015-05-13	0.001096	0.002873	0.009984	-0.000728	0.580017	1252300.000000
2015-05-12	-0.012432	-0.007654	-0.004650	-0.019489	-6.660034	1634200.000000
2015-05-11	-0.004682	0.000279	0.006986	-0.005239	-2.519959	905300.000000
2015-05-08	0.014170	0.011212	0.019691	-0.010741	7.519959	1527600.000000
2015-05-07	0.012361	-0.000439	0.017626	-0.004712	6.480041	1546300.000000
2015-05-06	-0.012396	0.000829	0.002977	-0.018302	-6.580017	1567000.000000
2015-05-05	-0.018455	-0.004752	-0.001923	-0.019211	-9.980041	1383100.000000
2015-05-04	0.005354	0.001171	0.011471	-0.005280	2.880005	1308000.000000
2015-05-01	0.001042	0.002028	0.004094	-0.009752	0.559997	1768200.000000
2015-04-30	-0.021381	-0.002204	-0.000892	-0.025552	-11.739990	2082200.000000
2015-04-29	-0.008308	-0.005798	0.000000	-0.012236	-4.599976	1698800.000000
2015-04-28	-0.003043	-0.001314	0.001170	-0.009010	-1.690002	1491000.000000
2015-04-27	-0.014450	-0.000218	0.004325	-0.018301	-8.142883	2398000.000000
2015-04-24	0.033016	0.034918	0.044132	0.018739	18.010559	4932500.000000
2015-04-23	0.014155	0.003031	0.021497	0.001604	7.614074	4184800.000000
2015-04-22	0.010104	0.000805	0.013315	-0.004158	5.380249	1593500.000000
2015-04-21	-0.002634	0.003979	0.007490	-0.003185	-1.406128	1844700.000000
2015-04-20	0.021620	0.002958	0.022975	0.000859	11.298951	1679200.000000
2015-04-17	-0.018265	-0.009629	-0.007419	-0.023960	-9.723267	2151800.000000
2015-04-16	0.002385	-0.004939	0.005746	-0.005483	1.266480	1299800.000000
2015-04-15	0.004035	-0.003186	0.008183	-0.013518	2.134155	2318800.000000
2015-04-14	-0.016284	-0.005416	-0.002968	-0.020546	-8.755982	2604100.000000
2015-04-13	-0.001555	-0.002963	0.007500	-0.005000	-0.837646	1645300.000000
2015-04-10	-0.001424	0.002792	0.002792	-0.006417	-0.767944	1409400.000000
2015-04-09	-0.001532	-0.001071	0.000628	-0.011300	-0.827698	1557800.000000
2015-04-08	0.008547	0.002533	0.012718	0.002533	4.577453	1178500.000000
2015-04-07	0.000475	0.002450	0.011038	-0.001425	0.254273	1302800.000000
2015-04-06	0.002306	-0.006181	0.005378	-0.011129	1.231628	1324400.000000
2015-04-02	-0.012957	-0.003152	-0.003152	-0.016059	-7.010742	1716300.000000
2015-04-01	-0.009927	0.001095	0.005730	-0.015511	-5.425110	1963000.000000
2015-03-31	-0.007300	-0.003677	0.004855	-0.009619	-4.018982	1588000.000000
2015-03-30	0.006729	0.005982	0.009355	-0.000310	3.679871	1287500.000000
2015-03-27	-0.012303	-0.003909	0.000198	-0.012681	-6.811279	1897400.000000
2015-03-26	-0.006469	-0.002139	0.000206	-0.014558	-3.605103	1572600.000000
2015-03-25	-0.020002	0.000544	0.003630	-0.020081	-11.373779	2152200.000000
2015-03-24	0.020365	0.006711	0.028239	0.004295	11.348877	2583200.000000
2015-03-23	-0.002766	0.000125	0.003569	-0.008084	-1.545777	1643800.000000
2015-03-20	0.004247	0.006559	0.006685	0.001900	2.363526	2616800.000000
2015-03-19	-0.002699	-0.000197	0.002324	-0.005996	-1.505860	1197200.000000
2015-03-18	0.015721	0.003014	0.016230	-0.006971	8.636292	2134500.000000
2015-03-17	-0.006618	-0.005050	-0.001280	-0.011740	-3.659973	1805500.000000
2015-03-16	0.013137	0.006632	0.017412	-0.002412	7.170288	1640900.000000
2015-03-13	-0.014743	-0.003618	0.005202	-0.020324	-8.167542	1703500.000000
2015-03-12	0.007856	0.004227	0.009416	-0.001306	4.318116	1389600.000000
2015-03-11	-0.006901	0.000234	0.005639	-0.007802	-3.819519	1820700.000000
2015-03-10	-0.024330	-0.008086	-0.007032	-0.024822	-13.802063	1792300.000000
2015-03-09	0.002052	-0.001453	0.004554	-0.007310	1.161804	1062100.000000
2015-03-06	-0.013288	-0.000782	0.002346	-0.014896	-7.624085	1659100.000000
2015-03-05	0.003418	0.002878	0.007918	0.000070	1.954651	1389600.000000
2015-03-04	-0.000471	-0.003086	0.006049	-0.009815	-0.269287	1876800.000000
2015-03-03	0.004026	-0.001558	0.007089	-0.008436	2.293701	1704700.000000
2015-03-02	0.023173	0.003815	0.024624	0.000627	12.904602	2129600.000000
2015-02-27	0.005257	-0.002232	0.016616	-0.004645	2.911988	2410100.000000
2015-02-26	0.021347	-0.001214	0.022561	-0.004358	11.578186	2311500.000000
2015-02-25	0.014513	-0.000354	0.018896	-0.001203	7.758728	1825900.000000
2015-02-24	0.007859	-0.003591	0.009174	-0.006881	4.168579	1005000.000000
2015-02-23	-0.013062	-0.005381	-0.004659	-0.017701	-7.020752	1457800.000000
2015-02-20	-0.007221	0.000479	0.001621	-0.013023	-3.909241	1444300.000000
2015-02-19	0.005874	-0.003076	0.006318	-0.003131	3.161316	989100.000000
2015-02-18	-0.005784	-0.002653	0.004882	-0.009819	-3.131409	1453000.000000
2015-02-17	-0.011238	-0.003971	0.001803	-0.014426	-6.153137	1616800.000000
2015-02-13	0.011199	0.000774	0.012856	0.000368	6.063355	1900300.000000
2015-02-12	0.012986	0.002388	0.016512	-0.002420	6.940979	1620200.000000
2015-02-11	-0.001807	-0.003054	0.002812	-0.006634	-0.967347	1377700.000000
2015-02-10	0.017259	0.002785	0.018699	-0.001724	9.085022	1749800.000000
2015-02-09	-0.005970	-0.005650	0.001883	-0.009379	-3.161316	1267700.000000
2015-02-06	0.006482	0.000114	0.018234	-0.002218	3.410645	1763500.000000
2015-02-05	0.009220	0.001970	0.010980	-0.001282	4.806824	1849700.000000
2015-02-04	-0.012244	0.000000	0.006485	-0.015059	-6.462281	1663600.000000
2015-02-03	0.001438	-0.000908	0.009310	-0.009877	0.757935	2038600.000000
2015-02-02	-0.011300	-0.005220	-0.002844	-0.029877	-6.023499	2849800.000000
2015-01-30	0.046724	0.010183	0.057201	0.009517	23.794709	5606300.000000
2015-01-29	0.001294	0.001961	0.002137	-0.017255	0.658172	4186300.000000
2015-01-28	-0.016640	0.008002	0.008407	-0.016640	-8.606384	1683800.000000
2015-01-27	-0.030978	-0.009791	-0.008427	-0.031801	-16.534607	1904000.000000
2015-01-26	-0.008779	-0.002630	-0.001759	-0.019039	-4.726990	1543700.000000
2015-01-23	0.010404	0.002246	0.014559	-0.002601	5.544800	2281700.000000
2015-01-22	0.031561	0.006640	0.035306	0.003204	16.305176	2676900.000000
2015-01-21	0.021977	0.000690	0.024423	-0.001381	11.109528	2268700.000000
2015-01-20	-0.002322	0.005747	0.008699	-0.004062	-1.176758	2232000.000000
2015-01-16	0.012535	-0.003547	0.012754	-0.003567	6.272766	2298200.000000
2015-01-15	0.001837	0.009384	0.009603	-0.006209	0.917480	2715800.000000
2015-01-14	0.009452	-0.003084	0.014209	-0.006409	4.677155	2215500.000000
2015-01-13	0.007370	0.012770	0.021175	-0.000325	3.620056	2370400.000000
2015-01-12	-0.007296	-0.002479	-0.000391	-0.017353	-3.610077	2326700.000000
2015-01-09	-0.012951	0.004138	0.004456	-0.015696	-6.492187	2071300.000000
2015-01-08	0.003153	-0.006206	0.004750	-0.020156	1.575683	3353500.000000
2015-01-07	-0.001713	0.010041	0.010527	-0.004602	-0.857635	2065000.000000
2015-01-06	-0.023177	0.002199	0.004486	-0.024948	-11.877381	2899900.000000
2015-01-05	-0.020846	-0.002953	-0.000915	-0.022389	-10.910095	2059800.000000
2015-01-02	-0.003020	0.004958	0.009251	-0.004369	-1.585632	1447500.000000
2014-12-31	-0.007579	0.001565	0.004110	-0.008710	-4.008972	1368200.000000
2014-12-30	0.000170	-0.004224	0.001546	-0.006034	0.089721	876200.000000
2014-12-29	-0.006928	-0.003445	0.002715	-0.007526	-3.689819	2278500.000000
2014-12-26	0.009948	0.000000	0.010364	-0.002761	5.245544	1040500.000000
2014-12-24	-0.003430	-0.000151	0.002203	-0.006728	-1.815002	705900.000000
2014-12-23	0.010898	0.004058	0.018462	0.002705	5.704346	2197600.000000
2014-12-22	0.016500	-0.000523	0.019580	-0.000523	8.496704	2723700.000000
2014-12-19	0.010272	0.000802	0.012952	-0.008196	5.235595	3690200.000000
2014-12-18	0.012300	0.015964	0.017786	-0.000376	6.192994	2926700.000000
2014-12-17	0.019177	0.003250	0.023436	0.002866	9.473999	2883100.000000
2014-12-16	-0.035831	-0.004360	-0.001460	-0.048268	-18.359620	3964200.000000
2014-12-15	-0.009370	0.007866	0.008561	-0.010392	-4.846679	2813400.000000
2014-12-12	-0.018322	-0.009142	0.000303	-0.018322	-9.653504	1994500.000000
2014-12-11	0.004334	0.003308	0.014941	0.001977	2.273804	1610800.000000
2014-12-10	-0.013705	-0.000544	0.005550	-0.014643	-7.290039	1712200.000000
2014-12-09	0.012126	-0.009184	0.013682	-0.012296	6.372559	1871300.000000
2014-12-08	0.003275	0.003560	0.010928	-0.002799	1.715271	2329300.000000
2014-12-05	-0.022427	-0.011744	-0.008226	-0.024250	-12.017029	2565600.000000
2014-12-04	0.011274	-0.000301	0.011330	-0.005138	5.973633	1392100.000000
2014-12-03	-0.004553	-0.004328	0.004208	-0.008412	-2.423340	1277900.000000
2014-12-02	-0.000094	-0.000543	0.003185	-0.007493	-0.049866	1526600.000000
2014-12-01	-0.014820	-0.005408	-0.000775	-0.018401	-8.008057	2115300.000000
2014-11-28	0.002702	0.000463	0.003016	-0.006977	1.455994	1148300.000000
2014-11-26	-0.001312	-0.000370	0.000869	-0.007463	-0.708008	1522900.000000
2014-11-25	0.003356	-0.000501	0.008734	-0.001239	1.804993	1789900.000000
2014-11-24	0.003293	0.000279	0.009674	-0.003498	1.765198	1706300.000000
2014-11-21	0.004992	0.012677	0.013668	0.003235	2.662658	2224200.000000
2014-11-20	-0.004022	-0.010689	-0.003501	-0.011006	-2.154052	1563300.000000
2014-11-19	0.003663	-0.000056	0.006000	-0.009252	1.954589	1392200.000000
2014-11-18	-0.002758	0.001845	0.010121	-0.004361	-1.475891	1962600.000000
2014-11-17	-0.014493	-0.001506	-0.001121	-0.018992	-7.868408	1726000.000000
2014-11-14	-0.001797	0.002384	0.002384	-0.005923	-0.977356	1289500.000000
2014-11-13	-0.003526	0.004550	0.004550	-0.006998	-1.924682	1339300.000000
2014-11-12	-0.005415	0.000182	0.000309	-0.009304	-2.971863	1129600.000000
2014-11-11	0.005114	0.001827	0.008128	-0.002173	2.792358	965500.000000
2014-11-10	0.011978	0.000832	0.015859	0.000018	6.462219	1134600.000000
2014-11-07	-0.001900	0.007693	0.007693	-0.006217	-1.027160	1633700.000000
2014-11-06	-0.007107	-0.000769	0.001768	-0.009067	-3.869385	1333200.000000
2014-11-05	-0.014780	0.004855	0.004855	-0.018155	-8.167541	2032200.000000
2014-11-04	-0.001999	-0.003998	0.000504	-0.010662	-1.106995	1244200.000000
2014-11-03	-0.006904	-0.006403	-0.002111	-0.010464	-3.849426	1382200.000000
2014-10-31	0.015936	0.016427	0.016827	0.008068	8.745971	2035000.000000
2014-10-30	0.001784	-0.000692	0.006317	-0.010595	0.977356	1455600.000000
2014-10-29	0.000783	0.002004	0.009637	-0.003498	0.428833	1770500.000000
2014-10-28	0.015034	0.004124	0.015182	0.001572	8.107727	1270900.000000
2014-10-27	0.001834	-0.005095	0.008578	-0.005095	0.987305	1185300.000000
2014-10-24	-0.007721	0.000699	0.001654	-0.015056	-4.188538	1973100.000000
2014-10-23	0.021156	0.012408	0.027238	0.005894	11.239136	2348800.000000
2014-10-22	0.011718	0.006362	0.025183	0.004292	6.153137	2919200.000000
2014-10-21	0.010944	0.008352	0.011424	-0.003322	5.684388	2336200.000000
2014-10-20	0.018917	-0.003365	0.020717	-0.006006	9.643524	2607500.000000
2014-10-17	-0.025433	0.005224	0.012335	-0.030467	-13.303498	5539300.000000
2014-10-16	-0.010414	-0.020810	-0.001132	-0.028357	-5.504882	3708500.000000
2014-10-15	-0.014704	-0.012882	-0.009555	-0.036510	-7.888306	3719300.000000
2014-10-14	0.008871	0.010671	0.026219	-0.000075	4.717041	2222500.000000
2014-10-13	-0.020717	0.000918	0.009201	-0.020919	-11.249146	2581600.000000
2014-10-10	-0.029222	-0.005634	0.007577	-0.030006	-16.345092	3081900.000000
2014-10-09	-0.020297	-0.002306	-0.001764	-0.023476	-11.588196	2524800.000000
2014-10-08	0.015539	0.003246	0.017987	-0.011087	8.736023	1990800.000000
2014-10-07	-0.023573	-0.005110	-0.003603	-0.023573	-13.572754	1911300.000000
2014-10-06	0.003598	0.006119	0.009943	-0.001460	2.064331	1214600.000000
2014-10-03	0.009122	0.005210	0.012533	0.004245	5.185791	1141700.000000
2014-10-02	0.003185	-0.001689	0.006405	-0.008711	1.804993	1178400.000000
2014-10-01	-0.015744	-0.002338	0.000381	-0.017926	-9.065064	1445400.000000
2014-09-30	0.001735	0.000989	0.006055	-0.006090	0.997254	1621700.000000
2014-09-29	-0.001282	-0.009270	0.001889	-0.010276	-0.737976	1282400.000000
2014-09-26	0.003547	0.001739	0.007286	-0.000696	2.034423	1443600.000000
2014-09-25	-0.021990	-0.000748	-0.000017	-0.023487	-12.894592	1925900.000000
2014-09-24	0.011805	0.000568	0.014627	-0.001050	6.841187	1728100.000000
2014-09-23	-0.010624	-0.000885	-0.000885	-0.010845	-6.222901	1471400.000000
2014-09-22	-0.014612	-0.003791	-0.003575	-0.021172	-8.686157	1689500.000000
2014-09-19	0.011557	0.003784	0.012235	0.000390	6.791321	3736600.000000
2014-09-18	0.007695	0.003814	0.008157	0.000393	4.487732	1444500.000000
2014-09-17	0.008311	0.000103	0.013053	-0.002026	4.806762	1692800.000000
2014-09-16	0.011953	-0.000593	0.014657	-0.000768	6.831238	1480300.000000
2014-09-15	-0.004378	-0.004656	-0.001164	-0.012873	-2.513061	1597500.000000
2014-09-12	-0.009856	-0.000602	0.000499	-0.011852	-5.714356	1601600.000000
2014-09-11	-0.003001	-0.004699	-0.002212	-0.011730	-1.745178	1221000.000000
2014-09-10	0.003597	0.000843	0.004286	-0.007005	2.084290	977300.000000
2014-09-09	-0.014770	-0.001390	-0.001221	-0.016482	-8.686158	1287200.000000
2014-09-08	0.006211	0.000887	0.009708	0.000375	3.630005	1431000.000000
2014-09-05	0.007045	0.003437	0.007853	-0.000052	4.088806	1632300.000000
2014-09-04	0.006990	0.003564	0.013946	0.002215	4.028931	1458100.000000
2014-09-03	0.001057	0.004625	0.009804	-0.004036	0.608337	1215100.000000
2014-09-02	0.010024	0.000437	0.010899	-0.000717	5.714295	1578400.000000
2014-08-29	0.004216	0.003742	0.004989	-0.003744	2.393432	1083700.000000
2014-08-28	-0.003152	-0.002522	0.003941	-0.006830	-1.795043	1292900.000000
2014-08-27	-0.011871	-0.001021	0.001090	-0.013424	-6.841248	1703300.000000
2014-08-26	-0.004033	0.001827	0.002758	-0.006239	-2.333618	1639600.000000
2014-08-25	-0.004051	0.003708	0.004188	-0.006111	-2.353516	1361400.000000
2014-08-22	-0.001389	0.000377	0.003199	-0.004680	-0.807800	789000.000000
2014-08-21	-0.001916	-0.001146	0.000017	-0.005731	-1.116882	914800.000000
2014-08-20	-0.004038	-0.001670	-0.000273	-0.007310	-2.363526	1036700.000000
2014-08-19	0.008073	0.004878	0.008898	0.003161	4.687134	978600.000000
2014-08-18	0.015136	0.004586	0.019233	0.004394	8.656189	1284100.000000
2014-08-15	-0.002036	0.005586	0.008231	-0.007187	-1.166748	1519100.000000
2014-08-14	-0.000226	0.002436	0.005428	-0.006785	-0.129639	985400.000000
2014-08-13	0.021413	0.008139	0.021804	0.005367	12.016968	1439200.000000
2014-08-12	-0.009069	-0.005917	-0.003487	-0.012327	-5.135864	1542000.000000
2014-08-11	-0.001565	0.002145	0.003024	-0.004870	-0.887574	1214700.000000
2014-08-08	0.009603	0.000355	0.012230	-0.005343	5.395203	1494700.000000
2014-08-07	-0.005322	0.002871	0.006208	-0.009312	-3.005798	1110900.000000
2014-08-06	0.002308	-0.005822	0.009963	-0.008972	1.300476	1334300.000000
2014-08-05	-0.014098	-0.005409	-0.002041	-0.018390	-8.057923	1551200.000000
2014-08-04	0.012507	0.005247	0.016394	-0.003480	7.060669	1427300.000000
2014-08-01	-0.009675	-0.002099	0.007628	-0.015308	-5.514892	1955200.000000
2014-07-31	-0.026931	-0.011610	-0.006418	-0.029655	-15.776673	2102700.000000
2014-07-30	0.003091	0.001605	0.006643	-0.002749	1.805054	1016400.000000
2014-07-29	-0.008449	-0.003132	-0.001524	-0.011996	-4.976379	1349800.000000
2014-07-28	0.002682	-0.001613	0.005908	-0.007244	1.575683	986800.000000
2014-07-25	-0.007297	-0.004972	-0.002511	-0.010651	-4.318115	932400.000000
2014-07-24	-0.004413	0.000789	0.005906	-0.007064	-2.622803	1035100.000000
2014-07-23	0.002085	-0.002539	0.005229	-0.003766	1.236573	1233100.000000
2014-07-22	0.008940	0.002121	0.017270	0.001917	5.255615	1699100.000000
2014-07-21	-0.009427	-0.005596	-0.001143	-0.016547	-5.594666	2062100.000000
2014-07-18	0.037213	0.033587	0.040211	0.014414	21.291565	4014100.000000
2014-07-17	-0.015326	-0.005372	-0.002866	-0.024114	-8.905578	3016500.000000
2014-07-16	-0.003625	0.005506	0.006190	-0.004412	-2.114197	1397100.000000
2014-07-15	-0.000154	0.001488	0.001599	-0.014208	-0.089722	1623000.000000
2014-07-14	0.009824	0.005905	0.010411	-0.001986	5.674378	1854000.000000
2014-07-11	0.014148	0.001418	0.017072	0.000560	8.057922	1621700.000000
2014-07-10	-0.008645	-0.017654	0.000885	-0.019216	-4.966370	1356700.000000
2014-07-09	0.008738	0.000858	0.009858	-0.003001	4.976319	1116700.000000
2014-07-08	-0.019167	-0.007883	-0.004675	-0.027677	-11.129456	1909500.000000
2014-07-07	-0.004241	-0.001659	0.002907	-0.008790	-2.473205	1064600.000000
2014-07-03	0.004113	0.001743	0.004594	-0.002430	2.388427	714100.000000
2014-07-02	-0.000575	0.001167	0.004754	-0.003913	-0.334045	1056300.000000
2014-07-01	0.012846	0.005284	0.015853	0.002381	7.369751	1447900.000000
2014-06-30	-0.003395	0.002460	0.004036	-0.004314	-1.954651	1313700.000000
2014-06-27	0.002153	0.002049	0.006719	-0.003819	1.236633	2236900.000000
2014-06-26	-0.004580	0.004061	0.006567	-0.011751	-2.642761	1741900.000000
2014-06-25	0.024849	0.001133	0.027169	0.001063	13.991577	1969300.000000
2014-06-24	-0.000584	0.000425	0.013622	-0.006974	-0.329101	2207100.000000
2014-06-23	0.015440	-0.002175	0.015530	-0.003792	8.566528	1536800.000000
2014-06-20	0.002631	0.003514	0.004830	-0.008124	1.455994	4508300.000000
2014-06-19	0.002765	0.001572	0.002946	-0.008783	1.525818	2456800.000000
2014-06-18	0.019079	0.003407	0.019429	0.001823	10.331604	1741700.000000
2014-06-17	-0.002333	-0.000147	0.001911	-0.009095	-1.266541	1444500.000000
2014-06-16	-0.013557	-0.004531	-0.003878	-0.018559	-7.459473	1702500.000000
2014-06-13	0.000744	0.001651	0.001723	-0.010501	0.408875	1220500.000000
2014-06-12	-0.013403	-0.002756	-0.001521	-0.018574	-7.469482	1458400.000000
2014-06-11	-0.003051	-0.004549	-0.001195	-0.009865	-1.705323	1100100.000000
2014-06-10	-0.002793	-0.002864	0.002633	-0.007507	-1.565735	1351700.000000
2014-06-09	0.010408	0.001474	0.011810	-0.000521	5.774170	1467500.000000
2014-06-06	0.004387	0.007510	0.007510	-0.008973	2.423340	1736700.000000
2014-06-05	0.016965	0.003195	0.018893	-0.000386	9.214722	1689100.000000
2014-06-04	-0.000514	-0.006313	0.006735	-0.011359	-0.279236	1816400.000000
2014-06-03	-0.016230	-0.005308	-0.002870	-0.020544	-8.965393	1866600.000000
2014-06-02	-0.010645	0.001447	0.001804	-0.025291	-5.943726	1435000.000000
2014-05-30	-0.000339	0.001286	0.002268	-0.007445	-0.189453	1771100.000000
2014-05-29	-0.002849	0.002973	0.004130	-0.005288	-1.595642	1354100.000000
2014-05-28	-0.007545	-0.002438	0.003340	-0.008746	-4.258301	1652000.000000
2014-05-27	0.023973	0.005971	0.024064	0.002985	13.213745	2104100.000000
2014-05-23	0.014017	0.004036	0.015741	-0.002495	7.619080	1932100.000000
2014-05-22	0.011356	0.004063	0.016069	0.003414	6.103210	1615800.000000
2014-05-21	0.017309	0.005908	0.017768	0.004039	9.144898	1196200.000000
2014-05-20	0.001721	0.001664	0.013936	-0.004841	0.907532	1784700.000000
2014-05-19	0.015808	-0.001786	0.017575	-0.005852	8.207458	1277700.000000
2014-05-16	0.001250	0.002712	0.003500	-0.008731	0.648255	1485200.000000
2014-05-15	-0.012665	-0.001804	-0.001481	-0.017526	-6.651795	1704300.000000
2014-05-14	-0.012081	-0.000169	-0.000169	-0.014632	-6.422363	1191700.000000
2014-05-13	0.005982	0.001830	0.011605	-0.000774	3.161316	1653400.000000
2014-05-12	0.021572	0.009215	0.022092	0.000540	11.159363	1912500.000000
2014-05-09	0.015127	-0.000489	0.017417	-0.013307	7.708862	2439400.000000
2014-05-08	0.002039	-0.002941	0.014256	-0.006883	1.037140	2021300.000000
2014-05-07	-0.010055	0.001262	0.002989	-0.022984	-5.165802	3224300.000000
2014-05-06	-0.024005	-0.004888	-0.001895	-0.024156	-12.635315	1689000.000000
2014-05-05	-0.000227	-0.005891	0.001837	-0.012521	-0.119690	1024100.000000
2014-05-02	-0.006436	0.004536	0.004987	-0.010803	-3.410645	1688500.000000
2014-05-01	0.008905	0.000854	0.011905	-0.005279	4.677185	1905500.000000
2014-04-30	-0.001971	-0.000190	0.000568	-0.009816	-1.037170	1751100.000000
2014-04-29	0.020400	-0.000483	0.023804	-0.001605	10.521118	2699000.000000
2014-04-28	0.001879	0.001937	0.004688	-0.025921	0.967346	3335500.000000
2014-04-25	-0.017099	-0.005046	-0.000876	-0.018547	-8.955383	2100300.000000
2014-04-24	-0.003378	0.005940	0.008938	-0.009147	-1.775146	1883100.000000
2014-04-23	-0.014716	-0.001907	-0.001758	-0.016006	-7.848450	2052300.000000
2014-04-22	0.011710	0.000038	0.016288	-0.002100	6.173035	2365300.000000
2014-04-21	-0.013953	0.000000	0.001119	-0.019586	-7.459473	2566700.000000
2014-04-17	-0.036727	-0.013889	-0.012650	-0.045621	-20.384033	6809500.000000
2014-04-16	0.037469	0.012229	0.038327	0.006636	20.044922	4893200.000000
2014-04-15	0.007361	0.008075	0.011136	-0.026403	3.909301	3855000.000000
2014-04-14	0.003619	0.014418	0.025443	-0.001960	1.914734	2575000.000000
2014-04-11	-0.019133	-0.015528	-0.001756	-0.026657	-10.321655	3924800.000000
2014-04-10	-0.041107	0.001524	0.001524	-0.042968	-23.126526	4036800.000000
2014-04-09	0.016652	0.008506	0.018868	-0.003514	9.214722	3330800.000000
2014-04-08	0.031125	0.008269	0.031311	0.006429	16.704101	3151200.000000
2014-04-07	-0.009187	-0.004419	0.009832	-0.029440	-4.976318	4401600.000000
2014-04-04	-0.046688	0.008618	0.014094	-0.046934	-26.527161	6369300.000000
2014-04-03	0.004832	0.005026	0.035767	-0.005062	2.732483	5099100.000000
2014-04-02	-0.000282	0.057885	0.066419	-0.008763	-0.159546	147100.000000
2014-04-01	0.018295	0.003124	0.020612	0.003124	10.162110	7900.000000
2014-03-31	-0.005393	0.012322	0.012518	-0.005464	-3.011780	10800.000000
2014-03-28	0.002740	0.004906	0.014271	0.000376	1.525818	41200.000000
2014-03-27	-0.012309	0.004564	0.004564	-0.022107	-6.940491	13100.000000
2014-03-26	-0.023086	0.002839	0.011090	-0.023491	-13.325073	5179200.000000
2014-03-25	0.000682	0.006969	0.010286	-0.009439	0.393554	4838400.000000
2014-03-24	-0.021225	0.000972	0.001572	-0.031351	-12.508117	6096800.000000
2014-03-21	-0.011795	0.007643	0.010416	-0.012287	-7.033631	6441000.000000
2014-03-20	-0.001743	0.000584	0.008639	-0.003244	-1.041137	3381900.000000
2014-03-19	-0.009915	0.000446	0.000603	-0.013911	-5.982544	3237800.000000
2014-03-18	0.016072	0.002156	0.016299	0.000805	9.544189	3643500.000000
2014-03-17	0.016456	0.005500	0.020694	0.004528	9.613953	4340300.000000
2014-03-14	-0.013675	-0.005946	0.001522	-0.013902	-8.099609	4604900.000000
2014-03-13	-0.015108	0.000538	0.002651	-0.018670	-9.085938	4708600.000000
2014-03-12	0.006092	-0.002992	0.006550	-0.013167	3.641357	3943200.000000
2014-03-11	-0.009558	0.001816	0.002270	-0.012323	-5.768371	3438800.000000
2014-03-10	-0.002651	0.000741	0.002346	-0.008808	-1.604004	2438200.000000
2014-03-07	-0.003952	0.005895	0.006051	-0.006699	-2.401001	3041500.000000
2014-03-06	0.001108	0.003300	0.006476	0.000279	0.672485	2545600.000000
2014-03-05	0.002757	0.000115	0.006725	-0.002881	1.668763	2479700.000000
2014-03-04	0.010161	0.010235	0.011067	0.005662	6.087158	2946300.000000
2014-03-03	-0.010661	-0.007321	-0.006425	-0.019339	-6.455811	4225300.000000
2014-02-28	-0.002920	0.000927	0.004085	-0.010654	-1.773376	4644500.000000
2014-02-27	-0.000787	-0.001459	0.003327	-0.002590	-0.478150	2529400.000000
2014-02-26	0.000139	0.003279	0.007279	-0.005115	0.084656	3979100.000000
2014-02-25	0.006177	0.002829	0.009889	-0.001724	3.731018	2888100.000000
2014-02-24	0.007244	0.001304	0.013599	0.001088	4.343689	3361100.000000
2014-02-21	-0.000266	0.003073	0.004784	-0.001055	-0.159363	3738500.000000
2014-02-20	0.001472	0.000665	0.003784	-0.001763	0.881653	3414300.000000
2014-02-19	-0.007053	-0.004608	-0.001371	-0.011050	-4.254028	4222900.000000
2014-02-18	0.006718	-0.001156	0.008372	-0.002328	4.024902	4233500.000000
2014-02-14	0.002417	-0.003575	0.003742	-0.005917	1.444580	4389700.000000
2014-02-13	0.011132	-0.005005	0.011132	-0.005924	6.580384	3686400.000000
2014-02-12	-0.002932	-0.000992	-0.000151	-0.007394	-1.738526	3461800.000000
2014-02-11	0.014707	0.006173	0.016148	-0.000614	8.592835	4116900.000000
2014-02-10	-0.003830	-0.004790	0.004213	-0.007151	-2.246582	3904800.000000
2014-02-07	0.015069	0.006612	0.015466	0.000517	8.707336	5292000.000000
2014-02-06	0.014661	0.006937	0.014835	0.003805	8.348694	3907600.000000
2014-02-05	0.004428	0.004586	0.011079	-0.008909	2.510620	4806800.000000
2014-02-04	0.004173	0.004023	0.019031	0.003159	2.356140	5644800.000000
2014-02-03	-0.040255	-0.001499	0.000635	-0.041457	-23.681213	9172400.000000
2014-01-31	0.040145	0.031672	0.045051	0.013863	22.704895	11174200.000000
2014-01-30	0.025720	0.034402	0.041168	0.018366	14.181823	10220800.000000
2014-01-29	-0.014328	-0.003464	-0.001122	-0.021006	-8.014953	4777500.000000
2014-01-28	0.019778	0.008254	0.022266	0.007909	10.849365	4436900.000000
2014-01-27	-0.020110	0.002020	0.002376	-0.036981	-11.257812	8739800.000000
2014-01-24	-0.031265	-0.007836	-0.005646	-0.031980	-18.067322	7814000.000000
2014-01-23	-0.004223	-0.004309	-0.002172	-0.009141	-2.450806	3912700.000000
2014-01-22	0.001134	0.002501	0.003601	-0.004159	0.657532	3154500.000000
2014-01-21	0.011447	0.009039	0.011708	0.000669	6.560425	3974500.000000
2014-01-17	-0.004921	0.000545	0.003814	-0.010396	-2.834351	5422800.000000
2014-01-16	0.006617	0.000418	0.008105	-0.000540	3.785767	3380300.000000
2014-01-15	-0.000679	0.003123	0.004872	-0.004881	-0.388550	3915000.000000
2014-01-14	0.023527	0.013331	0.024952	0.004550	13.160705	4983700.000000
2014-01-13	-0.006371	-0.003283	0.014803	-0.011511	-3.586547	4855800.000000
2014-01-10	-0.000053	0.007821	0.007821	-0.007069	-0.029908	4302900.000000
2014-01-09	-0.009630	0.001937	0.002620	-0.013731	-5.474487	4184500.000000
2014-01-08	0.002081	0.006269	0.007429	-0.004891	1.180603	4501700.000000
2014-01-07	0.019278	0.006874	0.020021	0.003437	10.729736	5124300.000000
2014-01-06	0.011149	0.007249	0.012543	0.001303	6.137024	3551800.000000
2014-01-03	-0.007295	0.001689	0.003423	-0.007358	-4.044860	3345800.000000
2014-01-02	-0.006772	-0.004685	-0.002641	-0.011109	-3.780823	3656400.000000
2013-12-31	0.010140	0.002506	0.010401	-0.002884	5.604004	2725900.000000
2013-12-30	-0.007994	0.001735	0.001878	-0.008387	-4.453308	2481300.000000
2013-12-27	0.000841	0.002273	0.002524	-0.004045	0.468261	3151100.000000
2013-12-26	0.005055	0.001952	0.006440	-0.002833	2.799500	2685500.000000
2013-12-24	-0.002923	-0.000117	0.000126	-0.006277	-1.623902	1473800.000000
2013-12-23	0.013156	0.006560	0.013792	0.004089	7.212952	3456000.000000
2013-12-20	0.013257	0.001915	0.013763	0.001639	7.173096	6547600.000000
2013-12-19	0.001355	-0.003669	0.006674	-0.005227	0.732300	3343800.000000
2013-12-18	0.013918	0.001860	0.014105	-0.010113	7.417175	4437100.000000
2013-12-17	-0.002908	-0.000149	0.007251	-0.004287	-1.554199	3082800.000000
2013-12-16	0.011491	0.003026	0.013103	0.001150	6.072265	3216000.000000
2013-12-13	-0.008570	0.005084	0.005916	-0.011281	-4.567871	4340900.000000
2013-12-12	-0.006804	0.002116	0.005245	-0.007695	-3.651306	3204800.000000
2013-12-11	-0.006795	0.002526	0.006140	-0.008749	-3.671265	3436400.000000
2013-12-10	0.006047	-0.001846	0.013143	-0.002310	3.247803	3721600.000000
2013-12-09	0.007730	0.001047	0.011628	-0.001729	4.119568	2976200.000000
2013-12-06	0.011851	0.011775	0.011974	0.002591	6.241638	2868200.000000
2013-12-05	-0.000794	-0.000926	0.001399	-0.006700	-0.418457	2275800.000000
2013-12-04	0.004671	-0.001794	0.010178	-0.003095	2.450806	2392000.000000
2013-12-03	-0.001157	-0.003348	0.008497	-0.005178	-0.607727	3364700.000000
2013-12-02	-0.004823	0.003700	0.006380	-0.008333	-2.545410	2756600.000000
2013-11-29	-0.003311	-0.000894	0.003302	-0.003443	-1.753479	2394400.000000
2013-11-27	0.004441	0.003420	0.009061	0.001502	2.341247	2255500.000000
2013-11-26	0.011932	0.002553	0.014886	-0.002859	6.216675	4589600.000000
2013-11-25	0.013606	0.005107	0.020642	0.003033	6.993835	3238000.000000
2013-11-22	-0.002108	-0.000629	0.002031	-0.004690	-1.085937	2517700.000000
2013-11-21	0.011503	0.004588	0.015651	0.003609	5.858032	2191700.000000
2013-11-20	-0.002819	0.004633	0.007959	-0.004721	-1.439606	1934500.000000
2013-11-19	-0.006156	0.000165	0.003102	-0.008240	-3.163116	2271600.000000
2013-11-18	-0.001945	0.002119	0.014687	-0.004180	-1.001282	3532500.000000
2013-11-15	-0.001613	-0.000348	0.002676	-0.004753	-0.831848	2562100.000000
2013-11-14	0.002673	0.001404	0.007051	-0.002053	1.374817	2342100.000000
2013-11-13	0.020449	-0.004971	0.020825	-0.005219	10.306366	3170500.000000
2013-11-12	0.001178	-0.002860	0.006897	-0.005531	0.592773	2445200.000000
2013-11-11	-0.005354	-0.006417	-0.000098	-0.007903	-2.709838	2233500.000000
2013-11-08	0.008016	0.000794	0.010467	0.000546	4.024932	2591100.000000
2013-11-07	-0.014471	-0.000137	0.001154	-0.014774	-7.372375	3371700.000000
2013-11-06	0.001204	0.003994	0.005365	-0.006020	0.612701	1832600.000000
2013-11-05	-0.004473	-0.005613	0.005399	-0.008469	-2.286438	2371500.000000
2013-11-04	-0.000906	0.004343	0.005190	-0.004878	-0.463256	2286000.000000
2013-11-01	-0.003435	0.001174	0.005259	-0.005317	-1.763398	2576100.000000
2013-10-31	0.000155	-0.001446	0.010772	-0.006260	0.079712	3292200.000000
2013-10-30	-0.005616	0.001148	0.001226	-0.009882	-2.899109	2658000.000000
2013-10-29	0.020926	0.004039	0.021616	-0.001478	10.580323	3222000.000000
2013-10-28	-0.000197	0.000000	0.008107	-0.002177	-0.099640	2326000.000000
2013-10-25	-0.010092	0.003189	0.003189	-0.014441	-5.155670	4076100.000000
2013-10-24	-0.005682	0.000446	0.008881	-0.006409	-2.919068	4199700.000000
2013-10-23	0.024240	-0.005958	0.027557	-0.006326	12.159424	5346300.000000
2013-10-22	0.003688	0.001694	0.009668	-0.007485	1.843109	4433700.000000
2013-10-21	-0.008019	0.000049	0.007504	-0.011726	-4.039856	7283700.000000
2013-10-18	0.137963	0.098775	0.142520	0.095872	61.081055	23219400.000000
2013-10-17	-0.010289	-0.005612	-0.001258	-0.013697	-4.602753	8545000.000000
2013-10-16	0.018163	0.004376	0.018503	0.002268	7.980072	4030200.000000
2013-10-15	0.006734	-0.000399	0.010866	-0.002408	2.938996	3195600.000000
2013-10-14	0.004725	-0.006112	0.004885	-0.007569	2.052307	2496400.000000
2013-10-11	0.004319	-0.002545	0.006035	-0.003386	1.867981	2828300.000000
2013-10-10	0.014465	0.009324	0.015154	0.005083	6.166900	4527400.000000
2013-10-09	0.002565	0.003057	0.010519	-0.012522	1.090912	5322400.000000
2013-10-08	-0.013942	-0.000485	0.000277	-0.016298	-6.012482	3901800.000000
2013-10-07	-0.007577	-0.005617	0.001880	-0.009446	-3.292633	2596800.000000
2013-10-04	-0.004269	-0.001244	0.001621	-0.006951	-1.863037	2726100.000000
2013-10-03	-0.013401	0.000011	0.006881	-0.017894	-5.927765	4249800.000000
2013-10-02	0.001116	-0.004814	0.002661	-0.010350	0.493134	3001700.000000
2013-10-01	0.012661	0.004955	0.013426	0.004726	5.524292	3382100.000000
2013-09-30	-0.000548	-0.008341	0.005078	-0.009220	-0.239105	3457600.000000
2013-09-27	-0.002027	-0.003815	-0.000740	-0.007812	-0.886658	2527000.000000
2013-09-26	0.001072	0.001220	0.006293	-0.002542	0.468231	2529200.000000
2013-09-25	-0.010836	-0.000327	-0.000327	-0.012674	-4.787048	3310200.000000
2013-09-24	0.000384	0.000000	0.004061	-0.005753	0.169372	2984600.000000
2013-09-23	-0.018392	-0.007707	-0.001683	-0.019831	-8.273986	3568000.000000
2013-09-20	0.005254	0.000000	0.006389	-0.003083	2.351165	8723000.000000
2013-09-19	-0.005458	0.002956	0.002956	-0.008768	-2.455780	3207600.000000
2013-09-18	0.019422	0.000271	0.020156	-0.003431	8.572876	3883800.000000
2013-09-17	-0.001859	-0.000394	0.000710	-0.007615	-0.821930	2528200.000000
2013-09-16	-0.001473	0.008020	0.008919	-0.004724	-0.652557	2682900.000000
2013-09-13	-0.004468	0.001612	0.002934	-0.009204	-1.987549	2660600.000000
2013-09-12	-0.003493	0.001350	0.001908	-0.006896	-1.559143	2199100.000000
2013-09-11	0.008462	-0.000146	0.009340	-0.002914	3.745941	3233200.000000
2013-09-10	0.000698	0.002218	0.004448	-0.004561	0.308838	2584700.000000
2013-09-09	0.009630	0.004718	0.011562	0.003229	4.219208	2478300.000000
2013-09-06	0.000023	0.003274	0.004798	-0.006617	0.009949	3134800.000000
2013-09-05	0.009098	0.002145	0.009465	-0.000023	3.950195	2592100.000000
2013-09-04	0.013076	-0.000035	0.015249	-0.006055	5.604004	4097600.000000
2013-09-03	0.015917	0.008809	0.022777	0.008324	6.714813	4110400.000000
2013-08-30	-0.009972	0.000386	0.003051	-0.011538	-4.249054	3737100.000000
2013-08-29	0.008108	0.000613	0.013941	0.000047	3.427155	2968000.000000
2013-08-28	-0.001882	0.000118	0.006187	-0.002800	-0.797028	2669700.000000
2013-08-27	-0.018744	-0.007814	-0.003070	-0.021341	-8.089661	3481100.000000
2013-08-26	-0.004390	-0.000241	0.005390	-0.004780	-1.902893	2112800.000000
2013-08-23	-0.004006	0.004716	0.004910	-0.004532	-1.743438	2162200.000000
2013-08-22	0.005038	0.003877	0.006235	0.001058	2.181823	1746200.000000
2013-08-21	0.004518	0.006043	0.013277	0.001248	1.947693	3527700.000000
2013-08-20	-0.000266	0.003119	0.007463	-0.002437	-0.114563	2475100.000000
2013-08-19	0.010199	0.000934	0.017610	0.000630	4.353668	3635300.000000
2013-08-16	-0.003199	0.001884	0.003234	-0.003629	-1.369873	3362700.000000
2013-08-15	-0.011669	-0.006174	-0.005622	-0.013578	-5.056030	3752300.000000
2013-08-14	-0.012982	-0.003268	-0.001157	-0.015989	-5.698639	4179900.000000
2013-08-13	-0.004811	0.001491	0.003377	-0.010514	-2.122070	2850200.000000
2013-08-12	-0.005503	-0.003942	-0.003830	-0.009838	-2.440826	2764200.000000
2013-08-09	-0.002521	-0.002353	0.003204	-0.002980	-1.120820	2657200.000000
2013-08-08	0.002257	0.005434	0.005827	-0.006018	1.001252	2987000.000000
2013-08-07	-0.006603	-0.001707	0.002097	-0.008343	-2.948944	2768600.000000
2013-08-06	-0.009315	-0.000343	0.005204	-0.010243	-4.199250	3023400.000000
2013-08-05	-0.001732	-0.001302	-0.001158	-0.008130	-0.782074	2629100.000000
2013-08-02	0.002599	-0.000863	0.003074	-0.003760	1.170594	3440600.000000
2013-08-01	0.018553	0.008167	0.018924	0.008167	8.204254	4292700.000000
2013-07-31	-0.003558	0.002323	0.006274	-0.005320	-1.579071	4363200.000000
2013-07-30	0.009804	0.003616	0.015120	-0.001587	4.308838	3524300.000000
2013-07-29	-0.003479	-0.000508	0.010696	-0.005038	-1.534241	3797800.000000
2013-07-26	-0.002647	-0.000800	0.002580	-0.006421	-1.170624	3568600.000000
2013-07-25	-0.016835	-0.010001	-0.006701	-0.018629	-7.571594	6024600.000000
2013-07-24	-0.000996	0.003828	0.007192	-0.003430	-0.448334	4172500.000000
2013-07-23	-0.007577	0.000000	0.002526	-0.012221	-3.437103	4106600.000000
2013-07-22	0.015726	0.006023	0.017923	0.000446	7.023651	5828100.000000
2013-07-19	-0.015461	-0.026431	-0.008488	-0.038510	-7.013702	14773700.000000
2013-07-18	-0.008568	0.000479	0.001579	-0.016722	-3.920319	7296100.000000
2013-07-17	-0.001153	0.001511	0.007884	-0.003599	-0.528015	3023400.000000
2013-07-16	-0.005494	0.002639	0.003547	-0.011669	-2.530518	3980700.000000
2013-07-15	0.001831	0.001408	0.005417	-0.007194	0.841858	3935600.000000
2013-07-12	0.002999	-0.000261	0.002999	-0.005433	1.374848	5155600.000000
2013-07-11	0.015729	0.007737	0.016358	0.002793	7.098388	5187700.000000
2013-07-10	0.000829	-0.001977	0.006518	-0.005369	0.373596	3429500.000000
2013-07-09	0.000166	0.006530	0.008684	-0.007856	0.074738	3973500.000000
2013-07-08	0.012983	0.006402	0.014303	0.004018	5.778320	3953700.000000
2013-07-05	0.007965	0.004039	0.010131	0.001027	3.516815	3416500.000000
2013-07-03	0.004670	-0.002731	0.007775	-0.004318	2.052308	2101700.000000
2013-07-02	-0.006273	0.002613	0.003514	-0.011950	-2.774598	3797000.000000
2013-07-01	0.008531	0.006906	0.013301	0.005259	3.740998	3462400.000000
2013-06-28	0.003763	-0.002474	0.005439	-0.003284	1.643829	4716100.000000
2013-06-27	0.003915	0.005895	0.012637	0.003434	1.703613	3867300.000000
2013-06-26	0.008601	0.008716	0.013623	0.005045	3.711090	3676400.000000
2013-06-25	-0.004127	0.008588	0.011371	-0.006070	-1.788299	5125500.000000
2013-06-24	-0.012646	-0.010273	-0.005233	-0.020070	-5.549194	6056300.000000
2013-06-21	-0.004306	0.004069	0.005810	-0.013190	-1.897889	7994300.000000
2013-06-20	-0.017698	-0.007428	0.000355	-0.019285	-7.940246	6769200.000000
2013-06-19	0.000067	0.000833	0.011348	-0.003464	0.029907	5853600.000000
2013-06-18	0.016214	0.002708	0.016643	0.002369	7.158142	4350000.000000
2013-06-17	0.012811	0.004788	0.016445	0.003703	5.584076	4308500.000000
2013-06-14	-0.002235	0.003535	0.008780	-0.003272	-0.976318	4506700.000000
2013-06-13	0.005757	-0.003440	0.008808	-0.007431	2.500610	4155200.000000
2013-06-12	-0.008900	0.006422	0.007036	-0.011548	-3.900391	4426100.000000
2013-06-11	-0.011694	-0.007021	-0.003617	-0.012019	-5.185546	3528300.000000
2013-06-10	0.011924	0.002694	0.012811	0.000409	5.225402	4693000.000000
2013-06-07	0.017452	0.006685	0.017765	0.000786	7.516846	5369200.000000
2013-06-06	0.005746	0.005351	0.007712	-0.014517	2.460754	5177400.000000
2013-06-05	0.000698	0.003969	0.012047	-0.002293	0.298890	4229300.000000
2013-06-04	-0.009831	0.000254	0.003412	-0.015629	-4.249085	3751100.000000
2013-06-03	-0.004121	0.002043	0.003156	-0.018595	-1.788299	4969900.000000
2013-05-31	0.000528	-0.003032	0.007166	-0.003721	0.229156	3953500.000000
2013-05-30	0.002822	0.001854	0.012196	-0.002188	1.220429	4257200.000000
2013-05-29	-0.014706	-0.006309	-0.003722	-0.019268	-6.455811	4041800.000000
2013-05-28	0.009103	0.011657	0.021550	0.008107	3.960175	4531900.000000
2013-05-24	-0.010727	-0.008530	-0.004497	-0.013344	-4.717347	4610700.000000
2013-05-23	-0.007454	-0.013964	0.000607	-0.017337	-3.302612	4567200.000000
2013-05-22	-0.019350	-0.004862	0.002580	-0.022151	-8.742218	5140300.000000
2013-05-21	-0.001717	-0.000561	0.003445	-0.012019	-0.777100	3980700.000000
2013-05-20	-0.000715	-0.004598	0.012561	-0.004598	-0.323791	4562300.000000
2013-05-17	0.005875	0.006804	0.010643	-0.003706	2.645081	5604800.000000
2013-05-16	-0.013124	0.003396	0.004466	-0.015155	-5.987549	6443200.000000
2013-05-15	0.032454	0.009469	0.033006	0.007801	14.341247	8001600.000000
2013-05-14	0.010906	-0.000034	0.012717	-0.000444	4.767121	3170300.000000
2013-05-13	-0.003067	-0.001522	0.002545	-0.007782	-1.344941	2907700.000000
2013-05-10	0.010040	0.004395	0.010396	0.000780	4.358674	3809500.000000
2013-05-09	-0.002461	-0.003194	0.006902	-0.006181	-1.071015	4417600.000000
2013-05-08	0.019131	-0.000268	0.019423	-0.005039	8.169403	4955000.000000
2013-05-07	-0.005014	0.001695	0.002693	-0.012628	-2.151947	3932600.000000
2013-05-06	0.018718	0.003003	0.019073	0.003003	7.885437	4298500.000000
2013-05-03	0.019419	0.008860	0.020721	0.007702	8.024933	5044000.000000
2013-05-02	0.011189	-0.000402	0.017210	-0.001682	4.572845	4051600.000000
2013-05-01	-0.005021	-0.001589	0.000182	-0.009957	-2.062255	2920800.000000
2013-04-30	0.006727	-0.000073	0.010475	-0.001685	2.744720	4630600.000000
2013-04-29	0.022011	0.002283	0.026553	0.001971	8.787048	4618800.000000
2013-04-26	-0.009492	-0.001854	-0.001681	-0.015474	-3.825653	4993900.000000
2013-04-25	-0.005348	0.003442	0.003713	-0.007155	-2.166870	3999200.000000
2013-04-24	0.006870	0.000260	0.012502	0.000124	2.764618	3671800.000000
2013-04-23	0.009736	0.001112	0.019235	0.000312	3.880463	4601600.000000
2013-04-22	0.000300	0.000913	0.005113	-0.031093	0.119568	5788300.000000
2013-04-19	0.044339	0.004243	0.049001	0.000457	16.916565	11649800.000000
2013-04-18	-0.021276	0.003565	0.004140	-0.027218	-8.293915	6669800.000000
2013-04-17	-0.013625	-0.008344	-0.003189	-0.019247	-5.384796	4089100.000000
2013-04-16	0.014630	0.005960	0.017994	0.002545	5.698639	3496900.000000
2013-04-15	-0.010278	-0.005190	0.008797	-0.016493	-4.044831	4924500.000000
2013-04-12	-0.000430	0.002024	0.002163	-0.009438	-0.169372	3285500.000000
2013-04-11	0.000266	0.003417	0.003695	-0.007745	0.104614	4072500.000000
2013-04-10	0.016113	0.006777	0.018903	-0.002122	6.241608	3971900.000000
2013-04-09	0.003614	0.000839	0.011486	-0.002246	1.394745	4330700.000000
2013-04-08	-0.010472	-0.005491	-0.004470	-0.018709	-4.084687	5685300.000000
2013-04-05	-0.015118	-0.011332	-0.010163	-0.023482	-5.987549	6893400.000000
2013-04-04	-0.013806	-0.002419	-0.000558	-0.018482	-5.544220	4913400.000000
2013-04-03	-0.008413	0.000517	0.001427	-0.015214	-3.407226	3489900.000000
2013-04-02	0.014790	0.004181	0.017025	0.003507	5.902862	4098200.000000
2013-04-01	0.008814	0.001033	0.010149	-0.001184	3.486939	3628100.000000
2013-03-28	-0.010552	0.001657	0.003376	-0.011661	-4.219177	4592600.000000
2013-03-27	-0.012014	-0.007065	-0.006671	-0.013651	-4.861786	4342500.000000
2013-03-26	0.003434	0.004768	0.005385	-0.002285	1.384826	2392600.000000
2013-03-25	-0.000827	0.002592	0.011008	-0.004307	-0.333770	3436800.000000
2013-03-22	-0.001171	0.004290	0.004906	-0.001997	-0.473206	2987400.000000
2013-03-21	-0.004235	-0.004198	0.002713	-0.005965	-1.718567	2966200.000000
2013-03-20	0.004178	0.006791	0.007630	0.000148	1.688660	2938500.000000
2013-03-19	0.004370	0.004271	0.014187	-0.001659	1.758423	4212000.000000
2013-03-18	-0.007995	-0.011421	-0.001891	-0.015756	-3.242859	3690300.000000
2013-03-15	-0.008813	-0.003700	-0.001509	-0.009981	-3.606476	6222500.000000
2013-03-14	-0.004568	0.002036	0.002036	-0.009596	-1.877960	3314700.000000
2013-03-13	-0.002779	0.000350	0.003722	-0.006404	-1.145691	3294800.000000
2013-03-12	-0.008637	-0.004923	-0.003510	-0.013356	-3.591553	4031600.000000
2013-03-11	0.003969	0.000204	0.009837	-0.000024	1.643830	3201200.000000
2013-03-08	-0.001297	0.002282	0.002786	-0.009068	-0.537964	5845600.000000
2013-03-07	0.001467	0.003224	0.006303	-0.002165	0.607727	4120700.000000
2013-03-06	-0.008610	0.002898	0.006439	-0.011674	-3.596527	5767400.000000
2013-03-05	0.020816	0.009044	0.022702	0.009008	8.518066	8118400.000000
2013-03-04	0.018991	-0.001104	0.020653	-0.001476	7.626404	5571900.000000
2013-03-01	0.006228	-0.004244	0.007414	-0.006303	2.485687	4367000.000000
2013-02-28	0.001776	0.001651	0.009015	0.001563	0.707367	4548500.000000
2013-02-27	0.012213	0.005910	0.018503	0.001240	4.806976	4067300.000000
2013-02-26	-0.000809	0.005349	0.006551	-0.008055	-0.318817	4421500.000000
2013-02-25	-0.011179	0.003239	0.010879	-0.011529	-4.453308	4625000.000000
2013-02-22	0.005254	0.004689	0.007190	-0.002175	2.082214	4123100.000000
2013-02-21	0.003874	0.006991	0.016392	-0.001565	1.529267	7039000.000000
2013-02-20	-0.017835	-0.001921	0.002627	-0.018665	-7.168152	5549000.000000
2013-02-19	0.017607	0.003910	0.017796	0.003014	6.953949	5885500.000000
2013-02-15	0.006435	-0.000533	0.006905	-0.000952	2.525513	5480000.000000
2013-02-14	0.006336	-0.003998	0.007511	-0.006502	2.470764	3483500.000000
2013-02-13	0.002767	-0.000730	0.005956	-0.000935	1.075958	2405200.000000
2013-02-12	-0.002198	-0.000856	0.007004	-0.003898	-0.856781	3731900.000000
2013-02-11	-0.003756	-0.008875	-0.003018	-0.014796	-1.469513	4351800.000000
2013-02-08	0.014756	0.007985	0.016435	0.007249	5.688690	6062700.000000
2013-02-07	0.004908	-0.000610	0.011218	-0.006064	1.882935	5701600.000000
2013-02-06	0.005785	-0.008711	0.009429	-0.009455	2.206726	4171700.000000
2013-02-05	0.008854	0.002780	0.015928	0.000593	3.347473	3755300.000000
2013-02-04	-0.021377	-0.010199	-0.006614	-0.022344	-8.259064	6103700.000000
2013-02-01	0.026347	0.003322	0.027670	0.003189	9.917847	7520100.000000
2013-01-31	0.002467	-0.004404	0.005028	-0.004749	0.926514	3280500.000000
2013-01-30	0.000199	0.000080	0.009646	-0.001022	0.074707	3478900.000000
2013-01-29	0.003930	-0.005302	0.008285	-0.005581	1.469513	3507200.000000
2013-01-28	-0.003901	-0.002534	0.002561	-0.007669	-1.464508	3266300.000000
2013-01-25	-0.000716	-0.004561	0.005662	-0.005251	-0.269013	4468400.000000
2013-01-24	0.017141	-0.000351	0.020674	-0.001335	6.331268	6790600.000000
2013-01-23	0.054960	0.047121	0.065631	0.046837	19.242890	11862400.000000
2013-01-22	-0.002328	0.000213	0.001178	-0.012761	-0.816956	7613100.000000
2013-01-18	-0.009574	-0.001350	0.002038	-0.014044	-3.392273	6477700.000000
2013-01-17	-0.005411	0.003524	0.006222	-0.005831	-1.927765	4439500.000000
2013-01-16	-0.013436	-0.003490	-0.000814	-0.015533	-4.851837	4061900.000000
2013-01-15	0.002323	-0.005420	0.016246	-0.015416	0.836884	7884700.000000
2013-01-14	-0.022622	-0.004041	0.002987	-0.023838	-8.338745	5749200.000000
2013-01-11	-0.002009	0.000701	0.001281	-0.006986	-0.742218	2579900.000000
2013-01-10	0.004552	0.006381	0.009321	-0.006259	1.673736	3685000.000000
2013-01-09	0.006573	-0.001405	0.006887	-0.006409	2.401001	4064500.000000
2013-01-08	-0.001974	0.001075	0.002110	-0.014046	-0.722320	3364700.000000
2013-01-07	-0.004363	-0.003415	0.001911	-0.010014	-1.603974	3323800.000000
2013-01-04	0.019760	0.007835	0.024597	0.005541	7.123291	5547600.000000
2013-01-03	0.000581	0.002323	0.012001	-0.003498	0.209229	4653700.000000
2013-01-02	0.022435	0.017021	0.027736	0.012963	7.905365	5101500.000000
2012-12-31	0.010528	-0.000014	0.015086	-0.005729	3.671234	4009600.000000
2012-12-28	-0.008892	-0.006513	0.000878	-0.008892	-3.128265	2814500.000000
2012-12-27	-0.003640	-0.002440	-0.000042	-0.014474	-1.285187	3307000.000000
2012-12-26	-0.000888	-0.002015	0.004764	-0.009993	-0.313812	2373500.000000
2012-12-24	-0.008566	-0.001565	-0.000629	-0.011403	-3.053559	1688000.000000
2012-12-21	-0.009317	-0.011615	-0.004901	-0.016391	-3.352447	7078300.000000
2012-12-20	0.003124	0.004374	0.006305	-0.004360	1.120788	3326400.000000
2012-12-19	-0.001331	-0.000499	0.002677	-0.006088	-0.478180	3851500.000000
2012-12-18	0.000402	-0.005799	0.011543	-0.007950	0.144440	6032300.000000
2012-12-17	0.026811	0.005043	0.028435	0.002935	9.374878	6093400.000000
2012-12-14	-0.001053	-0.005023	0.007286	-0.006077	-0.368622	4276100.000000
2012-12-13	0.007369	0.026320	0.027109	0.002853	2.560394	6915500.000000
2012-12-12	0.000976	0.003372	0.009514	-0.004879	0.338746	4870100.000000
2012-12-11	0.016720	0.006682	0.024073	0.003356	5.708587	5395200.000000
2012-12-10	0.001768	0.001725	0.010874	-0.000614	0.602753	2743600.000000
2012-12-07	-0.010013	0.005600	0.008320	-0.012602	-3.447083	3852900.000000
2012-12-06	0.004812	-0.000334	0.011326	-0.004812	1.648804	2935500.000000
2012-12-05	-0.004645	0.001621	0.005021	-0.012590	-1.598999	3738700.000000
2012-12-04	-0.006070	-0.000360	0.000374	-0.013736	-2.102112	3998200.000000
2012-12-03	-0.004468	0.005542	0.010768	-0.006100	-1.554168	4401300.000000
2012-11-30	0.009366	-0.000838	0.010594	-0.008961	3.227874	6350800.000000
2012-11-29	0.012023	0.006012	0.014963	-0.002443	4.094666	5573700.000000
2012-11-28	0.019323	-0.004026	0.021172	-0.010168	6.455810	6106700.000000
2012-11-27	0.014460	-0.001482	0.020948	-0.004764	4.762146	5036100.000000
2012-11-26	-0.010210	-0.002291	-0.001452	-0.013399	-3.397277	4425700.000000
2012-11-23	0.003154	0.006157	0.006202	0.000345	1.046081	1851800.000000
2012-11-21	-0.006120	-0.001463	-0.000254	-0.014284	-2.042328	4240200.000000
2012-11-20	0.002634	0.001946	0.014651	-0.005447	0.876709	4192900.000000
2012-11-19	0.032495	0.013165	0.033592	0.012902	10.475739	4754100.000000
2012-11-16	-0.000124	-0.001962	0.008899	-0.017396	-0.039856	6902000.000000
2012-11-15	-0.008107	-0.003908	0.011417	-0.013256	-2.635132	3711500.000000
2012-11-14	-0.009863	0.002443	0.004749	-0.012973	-3.237854	3349200.000000
2012-11-13	-0.010287	-0.004355	0.002553	-0.011518	-3.412232	3200200.000000
2012-11-12	0.004329	0.001086	0.010211	-0.003258	1.429657	2822300.000000
2012-11-09	0.016465	0.003618	0.024606	-0.003051	5.349945	6251500.000000
2012-11-08	-0.022230	0.004617	0.006551	-0.023819	-7.387298	5213300.000000
2012-11-07	-0.021416	-0.009857	-0.005119	-0.022341	-7.272766	4481200.000000
2012-11-06	-0.001816	0.003690	0.005183	-0.007921	-0.617676	3177300.000000
2012-11-05	-0.007210	-0.004972	-0.001541	-0.017967	-2.470734	3283900.000000
2012-11-02	0.000480	0.010471	0.011577	-0.000320	0.164399	4666100.000000
2012-11-01	0.010716	-0.001176	0.015581	-0.002322	3.631378	4115500.000000
2012-10-31	0.007628	0.006976	0.008665	-0.000222	2.565368	3085400.000000
2012-10-26	-0.003851	-0.001859	0.007776	-0.009679	-1.300109	3916200.000000
2012-10-25	0.000679	0.003986	0.006939	-0.005596	0.229126	4820100.000000
2012-10-24	-0.004483	0.009480	0.009774	-0.007467	-1.519288	5011600.000000
2012-10-23	0.002475	-0.009813	0.012760	-0.009828	0.836853	5855000.000000
2012-10-22	-0.004576	-0.001144	0.004166	-0.017733	-1.554168	8141500.000000
2012-10-19	-0.019007	0.015223	0.016835	-0.033094	-6.580353	23050400.000000
2012-10-18	-0.080067	0.000066	0.005202	-0.105216	-30.132050	24977900.000000
2012-10-17	0.014489	-0.001007	0.015630	-0.005962	5.374848	4602900.000000
2012-10-16	0.005020	-0.001147	0.008111	-0.006100	1.853058	4131800.000000
2012-10-15	-0.005062	-0.003773	-0.001235	-0.018865	-1.877961	6060700.000000
2012-10-12	-0.008956	0.000492	0.004511	-0.009821	-3.352417	4826400.000000
2012-10-11	0.009294	0.011201	0.018723	0.007696	3.447083	4785600.000000
2012-10-10	0.000632	-0.002997	0.004623	-0.007795	0.234100	4095000.000000
2012-10-09	-0.018144	0.002415	0.004592	-0.020202	-6.849304	6028900.000000
2012-10-08	-0.012779	-0.008663	-0.005302	-0.017586	-4.886688	3931800.000000
2012-10-05	-0.000521	0.003463	0.008242	-0.003958	-0.199249	5492200.000000
2012-10-04	0.007279	0.000328	0.009692	-0.004066	2.764618	4926700.000000
2012-10-03	0.007279	-0.001678	0.009155	-0.006328	2.744720	4433100.000000
2012-10-02	-0.006288	0.004489	0.005527	-0.015109	-2.386047	5601200.000000
2012-10-01	0.009649	0.006030	0.013917	0.002266	3.626403	6359700.000000
2012-09-28	-0.002644	-0.003106	0.003701	-0.007072	-0.996276	5587700.000000
2012-09-27	0.004035	0.008614	0.012449	-0.002402	1.514312	7891600.000000
2012-09-26	0.005740	0.000921	0.016125	-0.010892	2.141999	11388200.000000
2012-09-25	-0.000294	0.004897	0.020697	-0.002295	-0.109589	12162400.000000
2012-09-24	0.020968	-0.004074	0.021867	-0.005095	7.666260	7154200.000000
2012-09-21	0.008062	0.005617	0.009339	0.002747	2.924042	12765800.000000
2012-09-20	0.000852	-0.004165	0.005333	-0.008632	0.308837	5836500.000000
2012-09-19	0.012836	-0.001086	0.014312	-0.002603	4.592774	6219700.000000
2012-09-18	0.011691	-0.003099	0.012226	-0.004507	4.134521	4149000.000000
2012-09-17	0.000423	-0.002212	0.004509	-0.006595	0.149414	3027800.000000
2012-09-14	0.005156	0.005042	0.009858	0.001374	1.813233	5256500.000000
2012-09-13	0.021943	0.003199	0.026227	-0.000492	7.551666	5337900.000000
2012-09-12	-0.001892	-0.004016	0.003930	-0.016339	-0.652527	5304300.000000
2012-09-11	-0.012244	-0.004010	-0.000171	-0.013942	-4.273987	3761500.000000
2012-09-10	-0.007619	0.005112	0.009431	-0.010989	-2.679962	5139100.000000
2012-09-07	0.009651	0.000858	0.018373	-0.002474	3.362396	6490100.000000
2012-09-06	0.027442	0.007698	0.028161	0.005891	9.305115	6109700.000000
2012-09-05	-0.000470	-0.001527	0.008017	-0.002790	-0.159393	3429100.000000
