2017-09-01	0.006072	0.002602	0.007140	-0.000734	0.910004	3375500.000000
2017-08-31	-0.000867	0.004067	0.006200	-0.001000	-0.130005	6083300.000000
2017-08-30	0.001068	0.001068	0.002736	-0.003737	0.160004	3641000.000000
2017-08-29	-0.004385	-0.002857	0.002658	-0.009767	-0.660004	5368700.000000
2017-08-28	0.011627	0.021307	0.024331	0.011157	1.729782	6845400.000000
2017-08-25	0.009443	0.007678	0.021384	0.006931	1.391754	3048000.000000
2017-08-24	-0.005701	0.010164	0.016034	-0.001643	-0.845001	3736000.000000
2017-08-23	-0.005403	-0.003011	0.003028	-0.010728	-0.805237	5235400.000000
2017-08-22	0.004759	0.006520	0.015218	0.006520	0.705826	3268100.000000
2017-08-21	0.011594	0.003254	0.022214	0.001822	1.699951	4222500.000000
2017-08-18	-0.014565	0.005510	0.005510	-0.012300	-2.167190	6989100.000000
2017-08-17	-0.016946	0.003006	0.005253	-0.011529	-2.564835	4460900.000000
2017-08-16	0.013851	0.014488	0.024535	0.012545	2.067780	6043900.000000
2017-08-15	-0.026514	0.006044	0.009435	-0.033212	-4.065949	13528700.000000
2017-08-14	-0.004003	0.013448	0.013513	-0.002660	-0.616363	6454500.000000
2017-08-11	0.006498	0.007417	0.017942	0.006567	0.994110	3650500.000000
2017-08-10	-0.008888	0.005460	0.010578	-0.003027	-1.371872	4433700.000000
2017-08-09	0.012455	0.005914	0.020476	0.005717	1.898758	3844900.000000
2017-08-08	0.000000	0.005717	0.011489	0.004142	0.000000	3218900.000000
2017-08-07	0.003928	0.006440	0.017240	0.004070	0.596481	3833600.000000
2017-08-04	0.012998	0.007381	0.018989	0.005980	1.948486	3258600.000000
2017-08-03	0.001927	0.007250	0.016140	0.005914	0.288285	5146600.000000
2017-08-02	0.004338	0.006518	0.012694	0.006383	0.646179	3754200.000000
2017-08-01	0.001671	0.010217	0.011226	0.001543	0.248520	4110600.000000
2017-07-31	0.010265	0.005370	0.018820	0.002245	1.511078	5253300.000000
2017-07-28	0.002369	0.007071	0.009591	0.003122	0.347946	3421100.000000
2017-07-27	0.007090	0.002416	0.013937	0.000428	1.033874	5399000.000000
2017-07-26	-0.001905	0.005161	0.007830	-0.000999	-0.278351	2836000.000000
2017-07-25	0.016531	0.013984	0.025534	0.010784	2.375946	5002400.000000
2017-07-24	-0.014115	0.005639	0.006188	-0.010549	-2.057815	7295900.000000
2017-07-21	-0.002585	0.005914	0.008856	-0.000244	-0.377777	9120200.000000
2017-07-20	-0.040900	0.001058	0.001124	-0.044546	-6.233139	18264100.000000
2017-07-19	0.007426	0.008426	0.018011	0.008426	1.123367	2808400.000000
2017-07-18	-0.011177	0.004998	0.005718	-0.006571	-1.709900	3783600.000000
2017-07-17	0.006606	0.006045	0.016573	0.004861	1.004059	4166600.000000
2017-07-14	-0.002675	0.005454	0.008407	-0.003733	-0.407577	3588400.000000
2017-07-13	0.004587	0.007430	0.016066	0.005980	0.695877	3288000.000000
2017-07-12	0.013214	0.011658	0.022879	0.009186	1.978302	4275900.000000
2017-07-11	-0.003836	0.007710	0.010106	0.001389	-0.576584	5642000.000000
2017-07-10	-0.006897	0.005848	0.006112	-0.002214	-1.043823	5081100.000000
2017-07-07	0.001184	0.005847	0.011338	0.004921	0.178924	3775400.000000
2017-07-06	-0.004191	-0.000147	0.004530	-0.003771	-0.636230	3408500.000000
2017-07-05	-0.008571	0.005914	0.007742	-0.010742	-1.312226	4432500.000000
2017-07-03	0.003977	0.012406	0.015029	0.007947	0.606415	1658500.000000
2017-06-30	0.008149	0.008227	0.018078	0.006641	1.232697	3534600.000000
2017-06-29	-0.006983	0.002894	0.004404	-0.005312	-1.063706	2855400.000000
2017-06-28	0.006503	0.009283	0.013909	0.006707	0.984177	5087000.000000
2017-06-27	0.005415	0.003522	0.018071	0.001463	0.815185	4567100.000000
2017-06-26	0.000727	0.008307	0.010301	0.004717	0.109345	4128500.000000
2017-06-23	-0.026820	0.003843	0.004296	-0.023653	-4.145477	11422200.000000
2017-06-22	-0.007089	0.004950	0.008997	-0.001281	-1.103470	3347400.000000
2017-06-21	-0.006850	0.007445	0.011400	-0.001997	-1.073655	4071300.000000
2017-06-20	-0.007178	0.005407	0.008511	-0.001751	-1.133300	4201200.000000
2017-06-19	0.013853	0.007648	0.021262	0.004308	2.157242	5196100.000000
2017-06-16	-0.000829	0.002577	0.005400	-0.002813	-0.129242	9105400.000000
2017-06-15	0.000064	0.001871	0.009186	-0.005893	0.009948	3972300.000000
2017-06-14	0.017988	0.009245	0.027405	0.005718	2.753708	5999400.000000
2017-06-13	0.011894	0.006773	0.018208	0.005121	1.799378	3753800.000000
2017-06-12	-0.005100	0.004861	0.008150	-0.002175	-0.775437	4473900.000000
2017-06-09	-0.003518	0.009190	0.009190	0.001195	-0.536819	4705300.000000
2017-06-08	-0.009422	0.005914	0.007666	-0.004343	-1.451416	4041600.000000
2017-06-07	0.004929	0.009110	0.013089	0.006892	0.755539	3159000.000000
2017-06-06	-0.003812	0.003639	0.005069	-0.001495	-0.586533	3260300.000000
2017-06-05	-0.003605	0.007079	0.007662	-0.001339	-0.556717	2651800.000000
2017-06-02	0.001289	0.003580	0.010517	0.001181	0.198837	3485600.000000
2017-06-01	0.010683	0.005979	0.016726	0.000868	1.630356	3385100.000000
2017-05-31	-0.002405	0.009051	0.009182	0.001991	-0.367843	7158400.000000
2017-05-30	-0.000844	0.005848	0.009506	0.002713	-0.129212	3504300.000000
2017-05-26	-0.009971	0.009399	0.011468	-0.000042	-1.541931	4269300.000000
2017-05-25	0.009419	0.019559	0.022758	0.014011	1.443085	3110800.000000
2017-05-24	0.001098	0.010877	0.015647	0.001664	0.168030	4558700.000000
2017-05-23	-0.007246	0.011402	0.014776	0.003423	-1.116913	4640900.000000
2017-05-22	-0.002175	0.012957	0.016258	0.008490	-0.336060	3802100.000000
2017-05-19	0.003854	0.013936	0.018485	0.009257	0.593048	4781800.000000
2017-05-18	-0.002499	0.007773	0.015486	0.006217	-0.385482	4858600.000000
2017-05-17	-0.013712	0.011727	0.011727	-0.003424	-2.144837	5937000.000000
2017-05-16	0.005911	0.029604	0.034427	0.016357	0.919205	10120900.000000
2017-05-15	0.002613	0.014048	0.017658	0.010050	0.405258	6068900.000000
2017-05-12	0.004610	0.012957	0.018204	0.008812	0.711670	2926400.000000
2017-05-11	-0.012205	0.006736	0.008975	-0.006188	-1.907654	3929100.000000
2017-05-10	0.002854	0.010700	0.014742	0.009288	0.444794	2617600.000000
2017-05-09	0.005035	0.012694	0.017208	0.007857	0.780838	3004400.000000
2017-05-08	0.007449	0.012506	0.021017	0.010168	1.146576	3184600.000000
2017-05-05	0.005618	0.014863	0.017541	0.006696	0.859894	2500600.000000
2017-05-04	-0.000903	0.014729	0.015904	0.006896	-0.138367	3793100.000000
2017-05-03	0.000323	0.013098	0.014600	0.009376	0.049423	2445500.000000
2017-05-02	0.004799	0.013564	0.017959	0.008774	0.731400	3295100.000000
2017-05-01	-0.012108	0.012504	0.012828	-0.000523	-1.868088	3152900.000000
2017-04-28	-0.000128	0.011014	0.012569	-0.001364	-0.019760	4983000.000000
2017-04-27	0.012320	0.014810	0.025175	0.009562	1.877975	5881400.000000
2017-04-26	0.007776	0.012256	0.023495	0.007561	1.176209	5120200.000000
2017-04-25	0.007506	0.017722	0.030111	0.017722	1.126800	5496500.000000
2017-04-24	0.012600	0.019011	0.025621	0.017460	1.868088	5077200.000000
2017-04-21	0.008607	0.010162	0.021455	0.009550	1.265152	5019900.000000
2017-04-20	0.010189	0.014750	0.024303	0.013239	1.482620	3700500.000000
2017-04-19	-0.003655	0.012891	0.016109	0.006660	-0.533737	3461000.000000
2017-04-18	0.003055	0.010010	0.017702	0.008018	0.444778	2969400.000000
2017-04-17	0.009595	0.011657	0.021434	0.010687	1.383774	3467700.000000
2017-04-13	-0.004299	0.010898	0.014972	0.007101	-0.622696	2346900.000000
2017-04-12	-0.011201	0.006402	0.007426	-0.000766	-1.640762	4445600.000000
2017-04-11	-0.000067	0.009679	0.014730	0.004149	-0.009888	2844800.000000
2017-04-10	0.007340	0.010558	0.024585	0.009114	1.067475	5044500.000000
2017-04-07	-0.000747	0.010765	0.015575	0.009390	-0.108719	2869100.000000
2017-04-06	0.004092	0.014486	0.020834	0.014210	0.593048	2699100.000000
2017-04-05	0.002050	0.013732	0.026245	0.013386	0.296539	3390400.000000
2017-04-04	-0.001910	0.010899	0.013659	0.007794	-0.276764	3124200.000000
2017-04-03	-0.001430	0.012485	0.014276	0.006628	-0.207580	3775300.000000
2017-03-31	-0.000816	0.011176	0.013310	0.009661	-0.118592	3248700.000000
2017-03-30	-0.000612	0.009525	0.014066	0.007529	-0.088958	2450800.000000
2017-03-29	-0.001087	0.006022	0.013239	0.003204	-0.158142	3730000.000000
2017-03-28	0.002247	0.014620	0.015033	0.005320	0.326171	4635600.000000
2017-03-27	-0.005687	0.007343	0.011521	0.001795	-0.830276	2943000.000000
2017-03-24	-0.001892	0.010770	0.026493	0.005027	-0.276749	4735400.000000
2017-03-23	0.004275	0.011177	0.018936	0.009461	0.622696	3219400.000000
2017-03-22	0.005116	0.012555	0.020836	0.007931	0.741318	3169000.000000
2017-03-21	-0.008051	0.015355	0.017887	0.001185	-1.176209	4530000.000000
2017-03-20	-0.012032	0.010239	0.011659	-0.001123	-1.779159	5906100.000000
2017-03-17	0.005850	0.016284	0.020298	0.007645	0.859939	9002000.000000
2017-03-16	0.005272	0.014804	0.020206	0.012137	0.770951	3544500.000000
2017-03-15	0.005368	0.013033	0.020114	0.008977	0.780853	3670500.000000
2017-03-14	-0.001831	0.010629	0.012825	0.005070	-0.266876	3272500.000000
2017-03-13	0.003950	0.015034	0.017376	0.009315	0.573273	2933300.000000
2017-03-10	0.001569	0.016005	0.017523	0.010554	0.227340	3123200.000000
2017-03-09	-0.002042	0.012828	0.013379	0.009041	-0.296524	3594000.000000
2017-03-08	0.006163	0.013112	0.019348	0.011034	0.889557	3614500.000000
2017-03-07	-0.001504	0.012349	0.016639	0.008890	-0.217453	3996300.000000
2017-03-06	-0.004600	0.013201	0.015818	0.009414	-0.668030	3998000.000000
2017-03-03	-0.000946	0.017884	0.020017	0.010110	-0.137558	3412300.000000
2017-03-02	0.008658	0.020660	0.028640	0.015872	1.247712	4053400.000000
2017-03-01	0.012214	0.030598	0.037481	0.024768	1.738876	6213500.000000
2017-02-28	-0.002684	0.015642	0.020196	0.012069	-0.383148	4211900.000000
2017-02-27	-0.004453	0.017326	0.018302	0.009864	-0.638565	4388400.000000
2017-02-24	0.008569	0.017462	0.027520	0.017462	1.218200	3516900.000000
2017-02-23	-0.003718	0.023911	0.025452	0.012698	-0.530502	4184000.000000
2017-02-22	0.001586	0.018095	0.021043	0.010514	0.225967	5037800.000000
2017-02-21	0.014126	0.036391	0.036747	0.019663	1.984497	9275900.000000
2017-02-17	0.010315	0.016590	0.029246	0.014001	1.434357	5108400.000000
2017-02-16	-0.004571	0.019316	0.023611	0.008649	-0.638595	4295800.000000
2017-02-15	0.005872	0.017236	0.027245	0.014932	0.815429	4343500.000000
2017-02-14	0.010653	0.018466	0.028800	0.014027	1.463822	4775800.000000
2017-02-13	0.000143	0.022469	0.023707	0.012061	0.019638	2753000.000000
2017-02-10	0.008219	0.017077	0.031533	0.014508	1.119964	3297000.000000
2017-02-09	0.006020	0.017884	0.027259	0.014414	0.815415	2931900.000000
2017-02-08	0.009001	0.019672	0.027270	0.019150	1.208420	2882700.000000
2017-02-07	0.001172	0.022880	0.026907	0.016691	0.157165	3242000.000000
2017-02-06	-0.010799	0.013827	0.017294	0.006597	-1.463806	3864100.000000
2017-02-03	0.007521	0.020188	0.029181	0.018033	1.011902	2654700.000000
2017-02-02	-0.003565	0.018106	0.018699	0.011367	-0.481385	2197600.000000
2017-02-01	-0.001018	0.018476	0.020695	0.010115	-0.137558	2968800.000000
2017-01-31	-0.006427	0.011709	0.018987	0.005975	-0.874359	3227000.000000
2017-01-30	0.001012	0.015382	0.019061	0.007067	0.137558	2705000.000000
2017-01-27	-0.000939	0.020383	0.020604	0.012297	-0.127746	3149500.000000
2017-01-26	0.007129	0.021808	0.030471	0.019587	0.962814	2931200.000000
2017-01-25	-0.004201	0.020759	0.027542	0.013239	-0.569809	3631700.000000
2017-01-24	-0.000073	0.016483	0.020169	0.012207	-0.009842	4055100.000000
2017-01-23	0.018215	0.015707	0.037926	0.013380	2.426590	7056200.000000
2017-01-20	0.001551	0.016906	0.022470	0.011945	0.206314	4853900.000000
2017-01-19	-0.005655	0.016688	0.022519	0.008689	-0.756485	5078700.000000
2017-01-18	0.001692	0.017659	0.020580	0.010321	0.225983	3869700.000000
2017-01-17	0.006591	0.018261	0.028738	0.015773	0.874359	3976900.000000
2017-01-13	-0.000222	0.016753	0.023008	0.015548	-0.029480	3117600.000000
2017-01-12	-0.004643	0.016459	0.016609	0.004682	-0.618927	3600000.000000
2017-01-11	-0.002939	0.017884	0.020053	0.007713	-0.392959	4643700.000000
2017-01-10	0.013327	0.015535	0.033572	0.013792	1.758544	5928300.000000
2017-01-09	0.005841	0.015521	0.027260	0.014911	0.766297	4310200.000000
2017-01-06	-0.002763	0.018416	0.021153	0.011422	-0.363495	3827500.000000
2017-01-05	-0.011808	0.013978	0.017583	0.004963	-1.571899	3821100.000000
2017-01-04	0.008860	0.018111	0.030237	0.017126	1.169097	4055300.000000
2017-01-03	0.001715	0.025627	0.028740	0.014164	0.225953	5299700.000000
2016-12-30	-0.007550	0.021952	0.023309	0.008315	-1.002076	4149100.000000
2016-12-29	0.000222	0.017507	0.023762	0.014568	0.029465	2777900.000000
2016-12-28	-0.001404	0.020217	0.022399	0.013369	-0.186630	3369400.000000
2016-12-27	0.001555	0.015698	0.022934	0.015321	0.206283	2254900.000000
2016-12-23	-0.002806	0.019537	0.022093	0.013074	-0.373321	2337300.000000
2016-12-22	-0.010232	0.013569	0.019149	0.005609	-1.375397	4094800.000000
2016-12-21	-0.002042	0.016548	0.018849	0.013801	-0.275085	2704700.000000
2016-12-20	0.012330	0.019462	0.031412	0.017809	1.640655	4301500.000000
2016-12-19	0.002443	0.017507	0.028356	0.015473	0.324219	3463600.000000
2016-12-16	-0.005374	0.019907	0.023654	0.011964	-0.717163	9429300.000000
2016-12-15	-0.001030	0.021851	0.027915	0.016312	-0.137558	5839800.000000
2016-12-14	-0.004101	0.014231	0.020419	0.011995	-0.550156	7036300.000000
2016-12-13	0.014564	0.017657	0.035355	0.017657	1.925553	6886300.000000
2016-12-12	0.008921	0.015900	0.027575	0.015900	1.169098	6276500.000000
2016-12-09	0.006489	0.017730	0.024566	0.006901	0.844879	5174600.000000
2016-12-08	0.000529	0.015963	0.023033	0.011122	0.068786	4975400.000000
2016-12-07	0.028895	0.017963	0.052040	0.017963	3.654633	6987300.000000
2016-12-06	-0.007249	0.021416	0.021495	0.010035	-0.923477	4292600.000000
2016-12-05	-0.001463	0.021411	0.022508	0.015454	-0.186669	4065400.000000
2016-12-02	0.003089	0.014503	0.026925	0.013481	0.392968	3738300.000000
2016-12-01	0.000541	0.017412	0.025357	0.014738	0.068786	5398700.000000
2016-11-30	-0.001697	0.015685	0.023381	0.011523	-0.216133	6973800.000000
2016-11-29	-0.002540	0.021017	0.024385	0.012401	-0.324211	4127100.000000
2016-11-28	-0.007069	0.020800	0.023911	0.012400	-0.908844	4859000.000000
2016-11-25	0.002744	0.028358	0.030541	0.022197	0.351791	2545800.000000
2016-11-23	0.001756	0.026257	0.031179	0.022351	0.224793	3582700.000000
2016-11-22	0.021525	0.024566	0.047869	0.024566	2.697174	5535800.000000
2016-11-21	-0.000857	0.022890	0.027834	0.015953	-0.107498	4072100.000000
2016-11-18	-0.004654	0.023289	0.026701	0.013685	-0.586335	4428900.000000
2016-11-17	0.028724	0.027698	0.054396	0.026310	3.518067	6801200.000000
2016-11-16	0.007476	0.016708	0.033982	0.014076	0.908829	9793400.000000
2016-11-15	-0.025613	0.018480	0.023289	-0.014783	-3.195572	13445400.000000
2016-11-14	-0.016789	0.028411	0.029514	0.000356	-2.130402	11438500.000000
2016-11-11	0.006355	0.023527	0.032012	0.020830	0.801354	5490000.000000
2016-11-10	0.023885	0.028973	0.056418	0.027267	2.941490	8737000.000000
2016-11-09	0.014246	-0.003889	0.039842	-0.009078	1.729721	8052500.000000
2016-11-08	0.004040	0.024942	0.037098	0.022048	0.488617	6094500.000000
2016-11-07	0.023489	0.036745	0.049271	0.035137	2.775367	5510400.000000
2016-11-04	0.006074	0.026354	0.037934	0.022267	0.713387	4607600.000000
2016-11-03	-0.000914	0.023714	0.028733	0.021502	-0.107498	5113500.000000
2016-11-02	0.003336	0.023630	0.035238	0.022691	0.390899	4846000.000000
2016-11-01	-0.017376	0.020605	0.025301	-0.000279	-2.071754	7492600.000000
2016-10-31	-0.012704	0.021384	0.022626	0.007059	-1.534271	5671500.000000
2016-10-28	0.010797	0.026971	0.038605	0.022870	1.289955	4497700.000000
2016-10-27	-0.003667	0.023289	0.029543	0.016117	-0.439751	4261600.000000
2016-10-26	-0.005108	0.019057	0.026690	0.015490	-0.615661	5456100.000000
2016-10-25	-0.034747	0.011196	0.011196	-0.012668	-4.338951	8731900.000000
2016-10-24	0.009321	0.028381	0.035736	0.028381	1.153144	3824800.000000
2016-10-21	0.002772	0.015670	0.027747	0.015183	0.342041	3234100.000000
2016-10-20	0.002860	0.023776	0.032961	0.020688	0.351799	3543200.000000
2016-10-19	0.001193	0.023451	0.026137	0.013279	0.146584	4094800.000000
2016-10-18	0.004795	0.031548	0.032365	0.023370	0.586342	3563300.000000
2016-10-17	-0.010125	0.021346	0.026364	0.010823	-1.250870	3753000.000000
2016-10-14	0.001029	0.028231	0.033579	0.024342	0.127045	4462100.000000
2016-10-13	-0.003157	0.019735	0.023046	0.011011	-0.390900	3655700.000000
2016-10-12	0.006675	0.023289	0.033940	0.022150	0.820892	3545900.000000
2016-10-11	-0.011002	0.020072	0.021922	0.008894	-1.368148	5113900.000000
2016-10-10	-0.008261	0.024405	0.028313	0.014835	-1.035866	4349700.000000
2016-10-07	-0.014441	0.020459	0.025018	0.005132	-1.837227	5511900.000000
2016-10-06	0.020458	0.017594	0.046308	0.014065	2.550606	7472400.000000
2016-10-05	-0.004836	0.024247	0.029914	0.017861	-0.605881	4115400.000000
2016-10-04	-0.002335	0.023527	0.034597	0.018909	-0.293182	4848600.000000
2016-10-03	-0.001399	0.019472	0.024402	0.017643	-0.175904	3652700.000000
2016-09-30	0.005863	0.022809	0.033767	0.020889	0.732941	6044600.000000
2016-09-29	-0.002651	0.025123	0.042993	0.020417	-0.332268	5987500.000000
2016-09-28	0.011433	0.026435	0.037086	0.025225	1.416992	5751100.000000
2016-09-27	0.010921	0.026144	0.035850	0.022555	1.338837	4433600.000000
2016-09-26	-0.018311	0.017763	0.018804	0.003750	-2.286758	5338500.000000
2016-09-23	-0.007456	0.022335	0.026865	0.015659	-0.938149	4464700.000000
2016-09-22	0.004996	0.028960	0.035589	0.028161	0.625443	4099700.000000
2016-09-21	0.010092	0.028856	0.037489	0.021030	1.250862	5367400.000000
2016-09-20	0.004276	0.027907	0.031715	0.023613	0.527710	3627100.000000
2016-09-19	0.001427	0.027914	0.033513	0.023776	0.175911	4525400.000000
2016-09-16	-0.006695	0.023772	0.023772	0.013133	-0.830658	6941200.000000
2016-09-15	0.005544	0.020938	0.034473	0.018831	0.684059	5100700.000000
2016-09-14	0.004295	0.022393	0.033300	0.022068	0.527717	4313900.000000
2016-09-13	-0.022319	0.016524	0.018594	-0.001858	-2.804687	6376300.000000
2016-09-12	0.006654	0.013355	0.032181	0.009350	0.830658	7882600.000000
2016-09-09	-0.026817	0.018455	0.020404	-0.004231	-3.439888	6315000.000000
2016-09-08	-0.011522	0.013733	0.024445	0.010419	-1.495178	5019600.000000
2016-09-07	-0.009769	0.017184	0.021533	0.008485	-1.280213	4676000.000000
2016-09-06	-0.007769	0.021850	0.027604	0.013673	-1.026077	4220400.000000
2016-09-02	0.006854	0.027405	0.035867	0.025728	0.899063	3402600.000000
2016-09-01	0.000820	0.026035	0.030461	0.019779	0.107498	3851800.000000
2016-08-31	0.000149	0.021686	0.027714	0.019473	0.019516	4650600.000000
2016-08-30	-0.003344	0.025190	0.027091	0.016292	-0.439743	3440600.000000
2016-08-29	0.006550	0.032364	0.035732	0.030220	0.855591	3227700.000000
2016-08-26	-0.007901	0.028536	0.034232	0.017068	-1.040314	4193400.000000
2016-08-25	0.002740	0.026023	0.036913	0.023282	0.359742	3168900.000000
2016-08-24	-0.008516	0.025139	0.028763	0.017890	-1.127823	4113000.000000
2016-08-23	0.006502	0.033020	0.037732	0.033020	0.855606	2961100.000000
2016-08-22	-0.000886	0.029599	0.031497	0.025195	-0.116699	2752500.000000
2016-08-19	0.004896	0.025637	0.035861	0.024874	0.641708	3959000.000000
2016-08-18	-0.009916	0.027630	0.028536	0.015618	-1.312546	4430800.000000
2016-08-17	-0.000587	0.023025	0.030348	0.017362	-0.077774	5222200.000000
2016-08-16	-0.006056	0.032964	0.040468	0.018030	-0.806991	7286100.000000
2016-08-15	0.003588	0.032603	0.039080	0.031247	0.476409	6327400.000000
2016-08-12	-0.003429	0.020731	0.031163	0.017954	-0.456939	4090000.000000
2016-08-11	0.010619	0.033922	0.042948	0.025275	1.400024	4183300.000000
2016-08-10	-0.003747	0.029972	0.034431	0.020602	-0.495834	3438000.000000
2016-08-09	-0.000734	0.028989	0.035181	0.021967	-0.097260	3180400.000000
2016-08-08	-0.005113	0.028536	0.032217	0.022902	-0.680572	3182800.000000
2016-08-05	0.006321	0.035718	0.041313	0.032694	0.836151	3022100.000000
2016-08-04	-0.007369	0.019006	0.029587	0.016529	-0.981979	3802900.000000
2016-08-03	-0.001166	0.027862	0.028536	0.017143	-0.155564	3642600.000000
2016-08-02	-0.011170	0.029574	0.030241	0.014083	-1.507004	3898100.000000
2016-08-01	0.003834	0.027197	0.033744	0.025634	0.515290	3157800.000000
2016-07-29	0.002030	0.024809	0.034202	0.024659	0.272247	3662600.000000
2016-07-28	0.012105	0.027631	0.042194	0.026952	1.604233	3230000.000000
2016-07-27	-0.003218	0.030492	0.035606	0.022595	-0.427796	3030800.000000
2016-07-26	0.001832	0.028536	0.036147	0.025221	0.243073	2575600.000000
2016-07-25	-0.000147	0.028762	0.031023	0.025749	-0.019455	3352600.000000
2016-07-22	0.003307	0.031106	0.032845	0.027705	0.437500	2627200.000000
2016-07-21	-0.009752	0.023671	0.026515	0.014015	-1.302795	4938100.000000
2016-07-20	0.003139	0.031690	0.032065	0.026959	0.418060	3092000.000000
2016-07-19	0.004694	0.026499	0.033892	0.022652	0.622238	3831500.000000
2016-07-18	0.011575	0.033726	0.041509	0.028765	1.516739	3730900.000000
2016-07-15	0.001784	0.032970	0.036563	0.029377	0.233337	5323000.000000
2016-07-14	0.007337	0.035005	0.038008	0.030616	0.952805	3122300.000000
2016-07-13	-0.009493	0.028536	0.031282	0.015264	-1.244507	4235500.000000
2016-07-12	-0.002294	0.029221	0.034929	0.022068	-0.301376	3615800.000000
2016-07-11	0.006029	0.032288	0.040327	0.029378	0.787521	4577000.000000
2016-07-08	0.024245	0.037711	0.053630	0.037084	3.091774	4806200.000000
2016-07-07	-0.003116	0.026035	0.033305	0.020641	-0.398628	3973600.000000
2016-07-06	0.017163	0.027343	0.046507	0.025992	2.158394	4933200.000000
2016-07-05	-0.002083	0.028378	0.035360	0.019649	-0.262490	4096600.000000
2016-07-01	0.015115	0.033369	0.048996	0.032000	1.876442	5645200.000000
2016-06-30	0.002512	0.027729	0.032493	0.018281	0.311127	6642000.000000
2016-06-29	-0.001255	0.031520	0.036117	0.023455	-0.155571	5782100.000000
2016-06-28	0.022941	0.038601	0.052131	0.036209	2.780655	5385000.000000
2016-06-27	-0.013687	0.019911	0.023247	0.005915	-1.682007	5656900.000000
2016-06-24	-0.014732	0.010978	0.024608	0.006168	-1.837555	8979800.000000
2016-06-23	0.005407	0.039660	0.040627	0.027327	0.670853	4784500.000000
2016-06-22	-0.001096	0.028134	0.038440	0.025799	-0.136109	3723700.000000
2016-06-21	0.000940	0.031276	0.034097	0.025877	0.116661	3600900.000000
2016-06-20	0.003775	0.036545	0.042370	0.030801	0.466691	3880300.000000
2016-06-17	-0.001727	0.029828	0.031928	0.023448	-0.213906	7541900.000000
2016-06-16	0.006560	0.024634	0.036746	0.021464	0.806977	4431800.000000
2016-06-15	0.010300	0.032643	0.049150	0.030589	1.254211	5140000.000000
2016-06-14	-0.020261	0.024352	0.025398	0.003432	-2.518143	7303500.000000
2016-06-13	-0.007762	0.029415	0.033486	0.020233	-0.972252	4830900.000000
2016-06-10	-0.003635	0.021775	0.027979	0.019866	-0.456962	3926000.000000
2016-06-09	-0.002238	0.025997	0.030521	0.024171	-0.281937	3450500.000000
2016-06-08	-0.002540	0.029249	0.031465	0.023232	-0.320862	3742400.000000
2016-06-07	0.005651	0.030049	0.041354	0.029571	0.709748	4434000.000000
2016-06-06	-0.019356	0.021354	0.021744	0.003006	-2.479248	8051700.000000
2016-06-03	-0.005060	0.029469	0.031022	0.016962	-0.651398	4149600.000000
2016-06-02	0.004400	0.028692	0.035324	0.024635	0.563904	3858500.000000
2016-06-01	-0.002195	0.028536	0.028536	0.020985	-0.281967	4744300.000000
2016-05-31	-0.008480	0.031006	0.032782	0.016726	-1.098649	6366900.000000
2016-05-27	-0.000821	0.034017	0.040418	0.028695	-0.106399	4004600.000000
2016-05-26	0.006381	0.033319	0.042866	0.031223	0.822159	3996800.000000
2016-05-25	-0.001200	0.034637	0.042855	0.031459	-0.154770	5017500.000000
2016-05-24	0.014762	0.039841	0.053136	0.038818	1.876480	5181500.000000
2016-05-23	-0.003261	0.033784	0.038802	0.029550	-0.415932	3854500.000000
2016-05-20	0.000911	0.035118	0.044301	0.034019	0.116074	5089800.000000
2016-05-19	-0.000304	0.031351	0.036687	0.026095	-0.038696	4577200.000000
2016-05-18	-0.001742	0.026265	0.039893	0.018354	-0.222466	8258900.000000
2016-05-17	-0.024678	0.017133	0.027369	0.001473	-3.230576	15989600.000000
2016-05-16	0.016600	0.039376	0.060421	0.033474	2.137574	8394800.000000
2016-05-13	-0.007899	0.030935	0.042645	0.024925	-1.025254	5295800.000000
2016-05-12	-0.000819	0.039251	0.039251	0.024624	-0.106414	5355600.000000
2016-05-11	-0.023344	0.028524	0.030404	0.007773	-3.104859	6058400.000000
2016-05-10	0.009322	0.034469	0.045852	0.034317	1.228394	3662800.000000
2016-05-09	0.003980	0.033024	0.039729	0.030358	0.522339	3552300.000000
2016-05-06	0.007648	0.032404	0.042614	0.031099	0.996261	3350900.000000
2016-05-05	-0.003625	0.031644	0.035468	0.023077	-0.473968	3474900.000000
2016-05-04	0.004608	0.026562	0.040471	0.023027	0.599701	3192100.000000
2016-05-03	-0.011099	0.029303	0.032266	0.018588	-1.460556	3388200.000000
2016-05-02	0.016133	0.037569	0.052085	0.037105	2.089264	4284400.000000
2016-04-29	0.008739	0.033706	0.046091	0.026229	1.121994	4610100.000000
2016-04-28	-0.022247	0.026703	0.031501	0.009035	-2.921051	5553600.000000
2016-04-27	0.003029	0.034092	0.041043	0.029432	0.396575	3488100.000000
2016-04-26	-0.002285	0.029594	0.038359	0.027994	-0.299865	3507200.000000
2016-04-25	-0.000074	0.030204	0.034396	0.023345	-0.009659	2835400.000000
2016-04-22	0.007875	0.035782	0.042158	0.024722	1.025253	4180900.000000
2016-04-21	-0.004364	0.034168	0.036157	0.027744	-0.570663	3542200.000000
2016-04-20	-0.001846	0.036229	0.038748	0.026534	-0.241822	4760200.000000
2016-04-19	-0.009941	0.033862	0.035374	0.019125	-1.315444	4649500.000000
2016-04-18	0.013258	0.032331	0.047569	0.031795	1.731353	3964300.000000
2016-04-15	0.004763	0.034170	0.040864	0.030785	0.619049	3508900.000000
2016-04-14	0.003960	0.031236	0.040583	0.026447	0.512665	4183300.000000
2016-04-13	-0.004019	0.037555	0.037555	0.024938	-0.522339	4324800.000000
2016-04-12	0.010300	0.036116	0.047154	0.034640	1.325135	4251400.000000
2016-04-11	-0.004565	0.033553	0.045159	0.028756	-0.590012	3472700.000000
2016-04-08	-0.001868	0.039654	0.039654	0.027607	-0.241821	2924400.000000
2016-04-07	-0.011592	0.028442	0.032336	0.016153	-1.518586	3953700.000000
2016-04-06	0.006390	0.031327	0.042774	0.028024	0.831833	3364800.000000
2016-04-05	-0.002002	0.028879	0.040379	0.026579	-0.261154	4068600.000000
2016-04-04	0.000000	0.043216	0.044442	0.030029	0.000000	3547600.000000
2016-04-01	0.010643	0.031306	0.047577	0.031306	1.373520	4259400.000000
2016-03-31	0.000075	0.034947	0.040604	0.030608	0.009644	3685900.000000
2016-03-30	0.007171	0.038857	0.045257	0.036750	0.918884	3138300.000000
2016-03-29	0.010604	0.033231	0.048217	0.030944	1.344467	3405400.000000
2016-03-28	0.004753	0.034972	0.044561	0.034100	0.599709	2621100.000000
2016-03-24	0.001843	0.028463	0.038149	0.027828	0.232124	3448700.000000
2016-03-23	-0.002833	0.033862	0.038533	0.028795	-0.357872	3625300.000000
2016-03-22	-0.003206	0.030706	0.035520	0.025261	-0.406235	3946500.000000
2016-03-21	-0.002588	0.035279	0.040002	0.025362	-0.328857	3817000.000000
2016-03-18	0.003591	0.035916	0.043420	0.033467	0.454605	8069200.000000
2016-03-17	0.003296	0.031088	0.039727	0.024907	0.415909	4130900.000000
2016-03-16	0.005705	0.033225	0.045021	0.026689	0.715744	3609600.000000
2016-03-15	0.006753	0.033381	0.047022	0.032097	0.841514	4033900.000000
2016-03-14	0.002958	0.033621	0.043520	0.030965	0.367562	3653200.000000
2016-03-11	0.020415	0.042732	0.057432	0.040761	2.485817	4626600.000000
2016-03-10	-0.001111	0.035257	0.041819	0.019753	-0.135407	4503700.000000
2016-03-09	-0.005445	0.036391	0.040389	0.022522	-0.667404	4047000.000000
2016-03-08	0.009882	0.031720	0.056273	0.029907	1.199379	5280900.000000
2016-03-07	0.004858	0.034994	0.047661	0.034994	0.586807	4161200.000000
2016-03-04	-0.009779	0.044220	0.045286	0.026102	-1.192848	6448200.000000
2016-03-03	0.009635	0.036319	0.053370	0.032843	1.163986	5009700.000000
2016-03-02	-0.000875	0.037728	0.040953	0.029292	-0.105820	3967500.000000
2016-03-01	0.012730	0.045075	0.055042	0.038375	1.519890	4916900.000000
2016-02-29	-0.016949	0.039547	0.045558	0.021352	-2.058593	5575300.000000
2016-02-26	-0.004730	0.045529	0.046840	0.031927	-0.577164	4608200.000000
2016-02-25	0.009951	0.040789	0.049892	0.033589	1.202438	4738800.000000
2016-02-24	0.008673	0.035540	0.049982	0.026107	1.038918	7935500.000000
2016-02-23	0.013675	0.074664	0.076272	0.043778	1.616096	11168700.000000
2016-02-22	0.009532	0.050738	0.063296	0.043306	1.115853	7796900.000000
2016-02-19	0.014337	0.038248	0.054538	0.028976	1.654579	5435500.000000
2016-02-18	-0.010230	0.037146	0.038690	0.025396	-1.192818	4460700.000000
2016-02-17	0.014904	0.048426	0.059132	0.043377	1.712273	5970700.000000
2016-02-16	0.026737	0.055634	0.072435	0.051880	2.991684	6966400.000000
2016-02-12	0.026927	0.054323	0.068549	0.041842	2.933975	5361600.000000
2016-02-11	-0.009271	0.028182	0.038274	0.020362	-1.019684	6447100.000000
2016-02-10	0.004128	0.045391	0.060546	0.041282	0.452126	5307600.000000
2016-02-09	0.017971	0.031090	0.071519	0.028673	1.933540	7572900.000000
2016-02-08	-0.039337	0.026155	0.035440	-0.021256	-4.405762	11286600.000000
2016-02-05	-0.038643	0.037659	0.038603	-0.006975	-4.501968	8117700.000000
2016-02-04	-0.021650	0.038372	0.040471	0.003101	-2.578041	9171800.000000
2016-02-03	-0.011815	0.045771	0.046933	0.008594	-1.423699	7485700.000000
2016-02-02	-0.009802	0.030508	0.038890	0.024756	-1.192833	5832200.000000
2016-02-01	0.005964	0.032604	0.050541	0.024916	0.721466	4674100.000000
2016-01-29	0.028459	0.047114	0.069132	0.043543	3.347619	7616200.000000
2016-01-28	0.005840	0.042968	0.049124	0.028773	0.682983	4871600.000000
2016-01-27	-0.005155	0.041759	0.057582	0.028148	-0.606026	5431000.000000
2016-01-26	0.004026	0.039718	0.045868	0.030408	0.471360	4475600.000000
2016-01-25	-0.008553	0.044798	0.048778	0.029386	-1.010056	4854700.000000
2016-01-22	0.021128	0.051826	0.078027	0.051307	2.443367	6554500.000000
2016-01-21	0.032286	0.047759	0.088463	0.045617	3.616959	8993900.000000
2016-01-20	-0.027555	0.023315	0.029999	-0.014010	-3.174454	11331400.000000
2016-01-19	0.004445	0.050969	0.062740	0.035798	0.509842	6350700.000000
2016-01-15	-0.003260	0.017821	0.052844	0.008957	-0.375168	10465900.000000
2016-01-14	-0.014662	0.038605	0.040575	0.012146	-1.712288	13389100.000000
2016-01-13	-0.047768	0.039384	0.039384	-0.013616	-5.858314	8932200.000000
2016-01-12	0.013595	0.047812	0.064507	0.039961	1.644950	5695700.000000
2016-01-11	0.015173	0.047686	0.057838	0.041141	1.808472	6811600.000000
2016-01-08	-0.011962	0.048169	0.048915	0.023797	-1.442940	7104500.000000
2016-01-07	-0.028509	0.022232	0.029883	0.004273	-3.539985	12551000.000000
2016-01-06	-0.010350	0.028150	0.035323	0.024643	-1.298645	8199600.000000
2016-01-05	-0.004883	0.040182	0.046447	0.031457	-0.615677	5320900.000000
2016-01-04	-0.008922	0.022726	0.030272	0.017538	-1.135086	8050900.000000
2015-12-31	-0.008249	0.037443	0.041263	0.030894	-1.058152	3172200.000000
2015-12-30	-0.002618	0.038614	0.042346	0.036282	-0.336700	2484700.000000
2015-12-29	0.007688	0.044954	0.052475	0.044249	0.981224	3037400.000000
2015-12-28	-0.001655	0.034463	0.039547	0.031647	-0.211639	2607200.000000
2015-12-24	-0.001578	0.037126	0.042437	0.036033	-0.202019	1517100.000000
2015-12-23	0.009327	0.044356	0.051056	0.039547	1.183189	3244800.000000
2015-12-22	0.004341	0.040022	0.047227	0.032818	0.548348	3401900.000000
2015-12-21	0.007829	0.045212	0.050079	0.038670	0.981178	3414800.000000
2015-12-18	-0.008070	0.034640	0.039231	0.028942	-1.019684	9840600.000000
2015-12-17	-0.011663	0.040799	0.044553	0.024686	-1.491012	4345800.000000
2015-12-16	0.012263	0.046515	0.055304	0.032184	1.548752	4711700.000000
2015-12-15	-0.005454	0.044351	0.051202	0.033090	-0.692612	4921800.000000
2015-12-14	0.012036	0.044727	0.053016	0.041699	1.510254	5960100.000000
2015-12-11	-0.015844	0.039547	0.039547	0.022057	-2.020081	5300800.000000
2015-12-10	0.004852	0.040020	0.052867	0.038759	0.615647	4185600.000000
2015-12-09	-0.014495	0.034654	0.046848	0.021450	-1.866204	5055600.000000
2015-12-08	-0.000672	0.030078	0.044437	0.027749	-0.086578	4731400.000000
2015-12-07	-0.004460	0.035452	0.041556	0.029193	-0.577179	5444300.000000
2015-12-04	0.027496	0.044470	0.070512	0.042882	3.463058	5387100.000000
2015-12-03	-0.021523	0.037294	0.041956	0.016163	-2.770446	6688000.000000
2015-12-02	-0.004612	0.040553	0.041249	0.032897	-0.596405	5022700.000000
2015-12-01	0.008552	0.041341	0.049998	0.039313	1.096588	5267600.000000
2015-11-30	-0.006382	0.047714	0.048644	0.030742	-0.823609	8057900.000000
2015-11-27	0.000669	0.045390	0.050508	0.043218	0.086212	3337700.000000
2015-11-25	0.007859	0.044852	0.056966	0.043758	1.005600	5300900.000000
2015-11-24	0.008302	0.039657	0.055418	0.038160	1.053467	6672700.000000
2015-11-23	0.017587	0.044149	0.063635	0.044149	2.193176	6329700.000000
2015-11-20	0.026407	0.048264	0.071722	0.046042	3.208359	8191900.000000
2015-11-19	0.002529	0.044066	0.053060	0.039280	0.306465	4662200.000000
2015-11-18	0.002853	0.046300	0.048700	0.031571	0.344788	6502000.000000
2015-11-17	0.044191	0.078885	0.091673	0.063677	5.114220	10517100.000000
2015-11-16	0.007000	0.044584	0.053111	0.032054	0.804474	7785700.000000
2015-11-13	-0.030773	0.038161	0.039426	0.011174	-3.648903	8728800.000000
2015-11-12	-0.007217	0.039711	0.046326	0.030334	-0.861939	4285700.000000
2015-11-11	-0.004391	0.045566	0.045566	0.037980	-0.526764	3240200.000000
2015-11-10	0.006105	0.044065	0.051781	0.040291	0.727883	3872900.000000
2015-11-09	-0.011748	0.042657	0.045309	0.025335	-1.417435	4988800.000000
2015-11-06	0.002068	0.040411	0.047388	0.036674	0.249016	3752000.000000
2015-11-05	0.002712	0.044815	0.049395	0.040568	0.325622	3059400.000000
2015-11-04	-0.002228	0.042653	0.045894	0.035507	-0.268165	4101200.000000
2015-11-03	0.010047	0.042638	0.057829	0.039113	1.197136	4313700.000000
2015-11-02	0.006228	0.049216	0.052594	0.041953	0.737465	3715600.000000
2015-10-30	0.000081	0.041108	0.053608	0.041108	0.009567	4991500.000000
2015-10-29	-0.001534	0.040776	0.046257	0.035126	-0.181954	4635300.000000
2015-10-28	-0.005222	0.043394	0.045155	0.025274	-0.622528	6821500.000000
2015-10-27	-0.004320	0.039973	0.044817	0.034209	-0.517173	3674800.000000
2015-10-26	0.003210	0.043646	0.052947	0.039205	0.383094	4550200.000000
2015-10-23	0.002010	0.049606	0.055819	0.032478	0.239426	5281600.000000
2015-10-22	0.008597	0.049230	0.054141	0.040592	1.015175	5855300.000000
2015-10-21	0.003663	0.047889	0.054093	0.043299	0.430984	3491800.000000
2015-10-20	-0.002031	0.042368	0.044743	0.037787	-0.239425	3279100.000000
2015-10-19	0.002933	0.043043	0.048062	0.039555	0.344787	3097700.000000
2015-10-16	0.007635	0.042606	0.052806	0.042606	0.890663	4068800.000000
2015-10-15	0.012804	0.047187	0.059429	0.045277	1.474877	3448900.000000
2015-10-14	-0.011019	0.041745	0.046467	0.026547	-1.283341	5200400.000000
2015-10-13	-0.002379	0.043035	0.047489	0.037639	-0.277740	2971400.000000
2015-10-12	0.004698	0.045526	0.053787	0.041309	0.545906	2861900.000000
2015-10-09	0.002230	0.045960	0.047944	0.039060	0.258583	3893500.000000
2015-10-08	0.011784	0.041182	0.057937	0.039786	1.350395	4958200.000000
2015-10-07	0.008173	0.048724	0.054355	0.042477	0.928986	4680100.000000
2015-10-06	-0.004363	0.043273	0.044149	0.033374	-0.498024	5275400.000000
2015-10-05	0.011799	0.052480	0.057266	0.045035	1.331238	4528700.000000
2015-10-02	0.006665	0.031033	0.051911	0.023450	0.747009	4359800.000000
2015-10-01	0.013335	0.050839	0.058976	0.037368	1.474892	5215200.000000
2015-09-30	0.022850	0.057650	0.069302	0.054229	2.470909	5395600.000000
2015-09-29	-0.010429	0.045156	0.051744	0.023101	-1.139679	7908800.000000
2015-09-28	-0.022614	0.042271	0.049873	0.018300	-2.528382	5994600.000000
2015-09-25	0.003438	0.052137	0.060573	0.041456	0.383095	5478900.000000
2015-09-24	0.001463	0.036689	0.048463	0.032195	0.162796	5172300.000000
2015-09-23	0.003195	0.044600	0.050911	0.042886	0.354363	4084900.000000
2015-09-22	-0.006691	0.033580	0.042447	0.029012	-0.747017	4631600.000000
2015-09-21	0.012682	0.051768	0.062198	0.045509	1.398262	5201100.000000
2015-09-18	-0.023662	0.031751	0.037861	0.018202	-2.672035	11366700.000000
2015-09-17	0.000764	0.048669	0.061873	0.039275	0.086196	6607100.000000
2015-09-16	0.014116	0.043250	0.060775	0.042261	1.570656	5285100.000000
2015-09-15	0.012638	0.044604	0.061441	0.036595	1.388703	4994000.000000
2015-09-14	-0.006151	0.044691	0.046320	0.034923	-0.679993	4248700.000000
2015-09-11	0.008298	0.039406	0.052995	0.036944	0.909836	4472800.000000
2015-09-10	0.004563	0.044424	0.057342	0.041584	0.498009	5259100.000000
2015-09-09	-0.021129	0.050247	0.053476	0.019666	-2.355980	5316400.000000
2015-09-08	0.017567	0.055738	0.064407	0.046978	1.925003	5775800.000000
2015-09-04	-0.018696	0.026955	0.036000	0.016299	-2.087807	5752000.000000
2015-09-03	0.001030	0.049079	0.058492	0.041460	0.114922	5302900.000000
2015-09-02	0.030158	0.060402	0.075639	0.055692	3.265808	6487400.000000
2015-09-01	-0.024165	0.027207	0.034056	0.014321	-2.681603	7392900.000000
2015-08-31	-0.009020	0.044911	0.049198	0.035267	-1.010025	5444500.000000
2015-08-28	-0.001190	0.047414	0.056601	0.042865	-0.133423	5016000.000000
2015-08-27	0.014923	0.063678	0.069019	0.044034	1.648461	7579100.000000
2015-08-26	0.044697	0.078688	0.097319	0.059963	4.726227	9313200.000000
2015-08-25	-0.013951	0.091056	0.091056	0.034079	-1.496010	10221100.000000
2015-08-24	-0.031164	-0.005736	0.046936	-0.167276	-3.449372	13983100.000000
2015-08-21	-0.036336	0.040759	0.047898	0.011245	-4.173553	10190700.000000
2015-08-20	-0.018084	0.042797	0.047499	0.030487	-2.115364	5555500.000000
2015-08-19	-0.000326	0.048354	0.057926	0.043740	-0.038117	6481700.000000
2015-08-18	0.025898	0.068140	0.085412	0.062178	2.953896	11021900.000000
2015-08-17	-0.000418	0.043769	0.058229	0.040527	-0.047646	7255600.000000
2015-08-14	0.006133	0.051934	0.057137	0.044528	0.695588	5135500.000000
2015-08-13	0.011301	0.052230	0.071312	0.050357	1.267295	6255500.000000
2015-08-12	0.000000	0.044472	0.051160	0.031720	0.000000	4575800.000000
2015-08-11	0.000766	0.044290	0.054285	0.041969	0.085785	4080000.000000
2015-08-10	0.005730	0.054851	0.062120	0.053325	0.638413	3408900.000000
2015-08-07	0.003174	0.050726	0.054868	0.042443	0.352569	3986100.000000
2015-08-06	-0.012203	0.052934	0.053912	0.032301	-1.372139	4768900.000000
2015-08-05	0.003999	0.057055	0.058395	0.045626	0.447838	4299100.000000
2015-08-04	0.005475	0.047131	0.057815	0.043719	0.609841	3008200.000000
2015-08-03	-0.001196	0.054756	0.055474	0.041664	-0.133393	3645000.000000
2015-07-31	0.004894	0.054151	0.064515	0.048655	0.543129	4301200.000000
2015-07-30	0.000773	0.045588	0.052802	0.040267	0.085747	3291100.000000
2015-07-29	0.013323	0.052390	0.067011	0.051933	1.457893	5104000.000000
2015-07-28	0.015654	0.055870	0.067657	0.050487	1.686577	4176800.000000
2015-07-27	-0.004578	0.047433	0.052237	0.041335	-0.495483	4468200.000000
2015-07-24	-0.008727	0.050839	0.055327	0.038842	-0.952866	4427800.000000
2015-07-23	-0.002698	0.052297	0.060517	0.045173	-0.295402	4308900.000000
2015-07-22	0.009134	0.050387	0.060710	0.048912	0.990982	5485200.000000
2015-07-21	0.003968	0.049466	0.054648	0.042710	0.428795	4660600.000000
2015-07-20	-0.009260	0.029112	0.046165	0.028379	-1.010041	6107500.000000
2015-07-17	-0.002266	0.047270	0.051935	0.042788	-0.247757	5497600.000000
2015-07-16	-0.007354	0.052099	0.052462	0.033576	-0.809921	5234800.000000
2015-07-15	0.001907	0.050011	0.056652	0.046827	0.209633	3364600.000000
2015-07-14	0.004003	0.045812	0.055220	0.044807	0.438309	3688900.000000
2015-07-13	0.015915	0.059765	0.067281	0.058466	1.715164	4171900.000000
2015-07-10	0.015443	0.061620	0.069253	0.056155	1.638931	4631400.000000
2015-07-09	0.003423	0.061946	0.064498	0.051356	0.362091	3516000.000000
2015-07-08	-0.012456	0.043116	0.050026	0.034526	-1.334022	3794100.000000
2015-07-07	0.009702	0.053237	0.061910	0.043621	1.029106	5515900.000000
2015-07-06	-0.001525	0.037982	0.053607	0.037040	-0.161995	3864700.000000
2015-07-02	-0.005175	0.054241	0.055833	0.040382	-0.552666	3845000.000000
2015-07-01	0.008459	0.061931	0.065331	0.052676	0.895699	4216200.000000
2015-06-30	0.005337	0.055257	0.061048	0.049940	0.562187	5938800.000000
2015-06-29	-0.018295	0.039772	0.046856	0.029520	-1.962898	5187400.000000
2015-06-26	0.003207	0.054421	0.059751	0.049372	0.343040	4208500.000000
2015-06-25	-0.000979	0.057779	0.062169	0.048438	-0.104828	4466300.000000
2015-06-24	-0.007334	0.047240	0.054102	0.041769	-0.790886	3716100.000000
2015-06-23	0.000973	0.051043	0.054292	0.048166	0.104828	3075900.000000
2015-06-22	0.005692	0.054133	0.060573	0.052733	0.609833	3190200.000000
2015-06-19	0.005185	0.047495	0.063070	0.045618	0.552650	9255100.000000
2015-06-18	0.012492	0.055071	0.066851	0.052221	1.314972	7222600.000000
2015-06-17	0.002177	0.054226	0.059557	0.046895	0.228684	5722200.000000
2015-06-16	0.002000	0.048416	0.053663	0.046985	0.209625	3466600.000000
2015-06-15	-0.005334	0.045955	0.048137	0.039502	-0.562180	3965200.000000
2015-06-12	-0.006200	0.045693	0.052294	0.041261	-0.657493	4301900.000000
2015-06-11	0.002793	0.049655	0.062232	0.049655	0.295387	3642800.000000
2015-06-10	0.013238	0.053011	0.065371	0.048124	1.381661	3967900.000000
2015-06-09	-0.003639	0.048129	0.052521	0.040874	-0.381134	3659000.000000
2015-06-08	-0.003987	0.047278	0.053649	0.044331	-0.419281	3449000.000000
2015-06-05	-0.009779	0.048336	0.048524	0.038261	-1.038605	4505400.000000
2015-06-04	-0.015023	0.043530	0.049466	0.031010	-1.619873	4328600.000000
2015-06-03	0.014069	0.050688	0.067240	0.048149	1.496002	6337500.000000
2015-06-02	0.004591	0.046348	0.059858	0.045308	0.485954	6088200.000000
2015-06-01	0.002244	0.060248	0.063751	0.053430	0.236969	5114500.000000
2015-05-29	-0.006864	0.051748	0.058801	0.047328	-0.729850	5310600.000000
2015-05-28	0.000267	0.052688	0.060119	0.052218	0.028434	2806100.000000
2015-05-27	0.011088	0.056086	0.070257	0.053898	1.165848	4147800.000000
2015-05-26	-0.010967	0.053535	0.055228	0.041212	-1.165848	4612600.000000
2015-05-22	0.001339	0.053721	0.059938	0.049859	0.142174	3694000.000000
2015-05-21	-0.000803	0.053910	0.057204	0.050522	-0.085297	4238600.000000
2015-05-20	-0.002136	0.053631	0.060205	0.044521	-0.227493	7004500.000000
2015-05-19	-0.017406	0.071558	0.074880	0.036676	-1.886177	11133200.000000
2015-05-18	0.008646	0.059880	0.066675	0.053271	0.928886	6878200.000000
2015-05-15	0.012596	0.054851	0.068800	0.053909	1.336441	4575800.000000
2015-05-14	0.006745	0.063200	0.064813	0.051624	0.710869	3815700.000000
2015-05-13	-0.011820	0.058790	0.059072	0.041725	-1.260612	4340700.000000
2015-05-12	0.005541	0.047686	0.063714	0.044951	0.587662	4053800.000000
2015-05-11	-0.005068	0.052882	0.059167	0.048848	-0.540284	3725200.000000
2015-05-08	0.022083	0.077667	0.088022	0.074886	2.303238	6435300.000000
2015-05-07	0.015973	0.055916	0.078515	0.054455	1.639756	5400200.000000
2015-05-06	0.002313	0.056407	0.063339	0.047034	0.236953	3996600.000000
2015-05-05	-0.018172	0.046796	0.053314	0.035101	-1.895668	4164800.000000
2015-05-04	0.004655	0.058796	0.063707	0.052825	0.483399	3366800.000000
2015-05-01	0.024023	0.055040	0.082752	0.053758	2.435920	6696900.000000
2015-04-30	-0.015914	0.053584	0.059892	0.034756	-1.639732	9041600.000000
2015-04-29	-0.016911	0.051128	0.052464	0.031092	-1.772453	7238900.000000
2015-04-28	-0.007272	0.050399	0.058639	0.042348	-0.767754	5743300.000000
2015-04-27	-0.020316	0.058288	0.058844	0.032584	-2.189476	5618000.000000
2015-04-24	-0.002282	0.054299	0.055780	0.045226	-0.246437	2878300.000000
2015-04-23	0.008585	0.052705	0.069233	0.051025	0.919388	3945300.000000
2015-04-22	-0.001590	0.055320	0.056345	0.045904	-0.170593	4065500.000000
2015-04-21	0.002747	0.061023	0.065510	0.051674	0.293815	3899500.000000
2015-04-20	0.006780	0.063510	0.070004	0.060498	0.720352	4396300.000000
2015-04-17	-0.011202	0.050759	0.052620	0.040150	-1.203743	6245200.000000
2015-04-16	-0.000705	0.054017	0.060062	0.051041	-0.075828	4013000.000000
2015-04-15	-0.005261	0.059943	0.065771	0.048842	-0.568695	4210800.000000
2015-04-14	-0.003408	0.052827	0.060018	0.042778	-0.369667	4072500.000000
2015-04-13	-0.006942	0.052476	0.056779	0.046892	-0.758248	2982000.000000
2015-04-10	0.005848	0.054119	0.064985	0.053658	0.635041	3658100.000000
2015-04-09	-0.008824	0.053853	0.061064	0.041805	-0.966790	4674000.000000
2015-04-08	0.011286	0.051994	0.068978	0.050701	1.222695	3753500.000000
2015-04-07	-0.005655	0.053938	0.062750	0.048431	-0.616081	3188300.000000
2015-04-06	0.003580	0.045000	0.064343	0.044631	0.388610	3248900.000000
2015-04-02	0.012463	0.050190	0.071733	0.049351	1.336434	4064800.000000
2015-04-01	-0.004225	0.057547	0.058661	0.044082	-0.454964	4737700.000000
2015-03-31	-0.008898	0.046480	0.061851	0.045100	-0.966766	4128800.000000
2015-03-30	0.006763	0.065232	0.075332	0.061248	0.729812	3968400.000000
2015-03-27	0.013260	0.052317	0.072503	0.051566	1.412278	3879300.000000
2015-03-26	-0.011524	0.052070	0.052720	0.035550	-1.241661	5409600.000000
2015-03-25	-0.021266	0.053314	0.059218	0.032240	-2.341141	4725800.000000
2015-03-24	0.000689	0.056221	0.071038	0.054767	0.075821	4026900.000000
2015-03-23	-0.012086	0.050999	0.057375	0.042288	-1.345909	4095200.000000
2015-03-20	0.020233	0.058613	0.080967	0.056597	2.208435	8446000.000000
2015-03-19	-0.007925	0.056221	0.058221	0.045860	-0.871994	3545600.000000
2015-03-18	0.004326	0.053488	0.062707	0.034319	0.473907	4773600.000000
2015-03-17	-0.007897	0.045531	0.051236	0.042723	-0.871994	3715900.000000
2015-03-16	0.014631	0.059726	0.071487	0.059634	1.592339	4820300.000000
2015-03-13	-0.011025	0.054040	0.056948	0.035956	-1.213211	4626900.000000
2015-03-12	0.026798	0.062318	0.086671	0.061571	2.871925	5742000.000000
2015-03-11	0.004531	0.056165	0.066662	0.053634	0.483398	4356500.000000
2015-03-10	-0.018315	0.047587	0.052095	0.035717	-1.990440	5685000.000000
2015-03-09	0.006990	0.059820	0.070013	0.059728	0.754387	5351200.000000
2015-03-06	-0.012596	0.060926	0.060926	0.042994	-1.376762	5169200.000000
2015-03-05	0.010021	0.064812	0.072851	0.063241	1.084434	4088700.000000
2015-03-04	-0.011286	0.054256	0.054987	0.043840	-1.235306	3799000.000000
2015-03-03	-0.000431	0.060377	0.060469	0.048414	-0.047157	3784800.000000
2015-03-02	0.011939	0.061485	0.081817	0.061485	1.291878	5971900.000000
2015-02-27	-0.005460	0.058722	0.063134	0.052932	-0.594071	5732600.000000
2015-02-26	-0.007996	0.057642	0.061471	0.050348	-0.876976	5649900.000000
2015-02-25	-0.003769	0.065918	0.065918	0.052294	-0.414917	7328200.000000
2015-02-24	0.039811	0.109771	0.113738	0.087386	4.215134	12775500.000000
2015-02-23	0.000356	0.067555	0.069161	0.056311	0.037720	5638000.000000
2015-02-20	0.011718	0.059226	0.072991	0.051961	1.225860	7276100.000000
2015-02-19	-0.009376	0.060658	0.064824	0.047685	-0.990127	5910600.000000
2015-02-18	-0.000089	0.056681	0.062078	0.051000	-0.009430	3731600.000000
2015-02-17	0.000983	0.058573	0.063691	0.048432	0.103744	6028600.000000
2015-02-13	-0.002407	0.059050	0.062643	0.052337	-0.254623	5098600.000000
2015-02-12	0.016771	0.065275	0.078638	0.059507	1.744507	4592200.000000
2015-02-11	-0.003253	0.059798	0.061714	0.052228	-0.339463	4552900.000000
2015-02-10	0.021506	0.064873	0.085037	0.063601	2.197152	5414400.000000
2015-02-09	-0.006420	0.058912	0.064553	0.050743	-0.660096	4243800.000000
2015-02-06	0.000459	0.063290	0.067766	0.055312	0.047150	4223700.000000
2015-02-05	0.005350	0.066044	0.069566	0.057925	0.546921	4471800.000000
2015-02-04	0.010910	0.058985	0.077873	0.055623	1.103302	6765200.000000
2015-02-03	0.026908	0.065140	0.089816	0.064327	2.649757	5969200.000000
2015-02-02	0.000096	0.064125	0.066359	0.031525	0.009445	5012800.000000
2015-01-30	-0.029734	0.048053	0.052980	0.028542	-3.017540	7000000.000000
2015-01-29	0.027497	0.064519	0.090843	0.058140	2.715783	6529300.000000
2015-01-28	-0.003994	0.061981	0.083360	0.054821	-0.396065	4917300.000000
2015-01-27	-0.011282	0.044715	0.054985	0.040926	-1.131561	4606500.000000
2015-01-26	0.009395	0.060368	0.071841	0.057349	0.933548	4192300.000000
2015-01-23	-0.006600	0.061868	0.064568	0.052870	-0.660096	4072300.000000
2015-01-22	0.024534	0.069175	0.088944	0.060571	2.395172	5804100.000000
2015-01-21	0.002712	0.058414	0.068788	0.052765	0.264039	5899200.000000
2015-01-20	-0.008356	0.067802	0.068922	0.042441	-0.820389	5331300.000000
2015-01-16	0.030789	0.058894	0.095114	0.052385	2.932663	6403800.000000
2015-01-15	-0.015881	0.067494	0.070904	0.041664	-1.537064	6895000.000000
2015-01-14	-0.010508	0.047076	0.057197	0.041555	-1.027847	5384400.000000
2015-01-13	-0.006608	0.070523	0.076921	0.047571	-0.650643	5395200.000000
2015-01-12	-0.004481	0.063299	0.064513	0.052077	-0.443206	4992900.000000
2015-01-09	-0.017148	0.062058	0.062058	0.041588	-1.725670	5717600.000000
2015-01-08	0.022124	0.070219	0.086673	0.066664	2.178299	6464600.000000
2015-01-07	0.034275	0.074545	0.097446	0.071499	3.262726	5091000.000000
2015-01-06	-0.003062	0.068951	0.068951	0.050834	-0.292351	4910100.000000
2015-01-05	-0.020981	0.053804	0.053804	0.033400	-2.046280	5878100.000000
2015-01-02	-0.014671	0.062388	0.067439	0.037233	-1.452171	4323700.000000
2014-12-31	0.006713	0.065350	0.078267	0.063418	0.660079	5821600.000000
2014-12-30	-0.002487	0.059556	0.062599	0.053570	-0.245162	2927800.000000
2014-12-29	0.007518	0.058731	0.071201	0.055460	0.735519	3492700.000000
2014-12-26	0.001835	0.064770	0.068251	0.059649	0.179176	2594900.000000
2014-12-24	-0.001928	0.063433	0.066805	0.058425	-0.188598	1819000.000000
2014-12-23	0.002512	0.062108	0.067641	0.058624	0.245178	4067700.000000
2014-12-22	0.015403	0.063798	0.077531	0.063590	1.480476	5418900.000000
2014-12-19	0.012516	0.063102	0.074479	0.061944	1.188164	12500600.000000
2014-12-18	0.017485	0.075474	0.079226	0.064327	1.631348	6594000.000000
2014-12-17	0.019369	0.066259	0.083195	0.060796	1.772796	6096400.000000
2014-12-16	-0.029885	0.053367	0.062376	0.028034	-2.819519	7829300.000000
2014-12-15	0.002706	0.062913	0.075986	0.055261	0.254616	5488300.000000
2014-12-12	-0.004887	0.054334	0.070833	0.051162	-0.462067	5983300.000000
2014-12-11	0.013443	0.064113	0.086836	0.062720	1.254174	6864000.000000
2014-12-10	-0.007025	0.057489	0.066748	0.051741	-0.660096	5357000.000000
2014-12-09	-0.007866	0.052655	0.055717	0.041040	-0.744941	5280500.000000
2014-12-08	0.007928	0.061214	0.074411	0.060681	0.744941	6624300.000000
2014-12-05	0.006973	0.058540	0.068292	0.057361	0.650666	4649100.000000
2014-12-04	0.003652	0.055736	0.066062	0.051756	0.339477	5220000.000000
2014-12-03	0.004380	0.059820	0.066735	0.059172	0.405464	4357200.000000
2014-12-02	-0.002540	0.062732	0.066827	0.055943	-0.235725	4677700.000000
2014-12-01	-0.005231	0.066498	0.067785	0.053849	-0.488022	4393700.000000
2014-11-28	0.017400	0.069460	0.088436	0.068805	1.595444	3305800.000000
2014-11-26	0.007113	0.066082	0.073222	0.065533	0.647552	4337900.000000
2014-11-25	-0.014126	0.068132	0.070623	0.043985	-1.304504	7992000.000000
2014-11-24	0.001221	0.069870	0.072255	0.064883	0.112617	5043600.000000
2014-11-21	0.007277	0.080932	0.082242	0.068264	0.666344	6806800.000000
2014-11-20	0.008997	0.058702	0.079528	0.058041	0.816490	4958800.000000
2014-11-19	0.007501	0.071861	0.080298	0.065755	0.675705	6831100.000000
2014-11-18	-0.020912	0.055968	0.062055	0.043251	-1.923912	10384400.000000
2014-11-17	-0.002138	0.064774	0.073234	0.060761	-0.197082	8581600.000000
2014-11-14	-0.007677	0.064457	0.065533	0.054986	-0.713257	4085500.000000
2014-11-13	0.005178	0.069969	0.074946	0.063911	0.478630	3182800.000000
2014-11-12	0.003566	0.067271	0.071613	0.059779	0.328468	4629400.000000
2014-11-11	-0.000204	0.068790	0.071938	0.062494	-0.018768	3818400.000000
2014-11-10	0.005223	0.065424	0.071207	0.058441	0.478630	3662300.000000
2014-11-07	0.003700	0.064219	0.070571	0.058962	0.337868	3429600.000000
2014-11-06	0.015765	0.071874	0.084779	0.068092	1.417122	4016900.000000
2014-11-05	-0.001876	0.072529	0.075416	0.056539	-0.168915	5002700.000000
2014-11-04	-0.001353	0.065201	0.066532	0.055554	-0.121994	5349600.000000
2014-11-03	-0.014664	0.057776	0.057994	0.048707	-1.342072	7614200.000000
2014-10-31	0.000000	0.079300	0.084545	0.063457	0.000000	6335900.000000
2014-10-30	0.011409	0.062218	0.080784	0.061224	1.032357	4115800.000000
2014-10-29	-0.001760	0.065864	0.072814	0.056819	-0.159554	4275400.000000
2014-10-28	0.011731	0.070444	0.078145	0.065868	1.051109	5260100.000000
2014-10-27	0.005053	0.065197	0.073273	0.062392	0.450470	4465100.000000
2014-10-24	0.002004	0.063285	0.069917	0.058003	0.178322	4825200.000000
2014-10-23	0.015642	0.078775	0.090419	0.078090	1.370201	5923100.000000
2014-10-22	-0.009129	0.066664	0.074469	0.054674	-0.807098	5908900.000000
2014-10-21	0.025585	0.073422	0.094767	0.068666	2.205467	6604700.000000
2014-10-20	0.017841	0.061164	0.087142	0.059984	1.510979	5609400.000000
2014-10-17	0.015302	0.070569	0.092388	0.067571	1.276367	7007300.000000
2014-10-16	0.011725	0.047340	0.088215	0.047340	0.966660	7147600.000000
2014-10-15	-0.024972	0.041763	0.054535	0.024379	-2.111626	12987500.000000
2014-10-14	-0.005519	0.062828	0.064710	0.041071	-0.469254	9711300.000000
2014-10-13	-0.021070	0.069332	0.070023	0.041125	-1.830085	7372200.000000
2014-10-10	-0.005587	0.067365	0.074578	0.059465	-0.488007	6349800.000000
2014-10-09	-0.010841	0.063495	0.073461	0.053416	-0.957268	6674700.000000
2014-10-08	0.017519	0.066685	0.085007	0.062883	1.520355	6618900.000000
2014-10-07	-0.008471	0.063020	0.068961	0.056164	-0.741409	5030300.000000
2014-10-06	-0.002993	0.067584	0.073621	0.060066	-0.262771	4951700.000000
2014-10-03	0.014094	0.068768	0.082168	0.066689	1.220062	6200100.000000
2014-10-02	0.013403	0.068928	0.082391	0.066119	1.144951	5991200.000000
2014-10-01	-0.007848	0.070179	0.072502	0.056009	-0.675713	5970700.000000
2014-09-30	-0.012274	0.067254	0.069319	0.048555	-1.069893	6773000.000000
2014-09-29	0.000431	0.060139	0.069321	0.055319	0.037552	3894600.000000
2014-09-26	0.010228	0.070055	0.078287	0.064374	0.882179	4571400.000000
2014-09-25	-0.012040	0.063013	0.065304	0.048695	-1.051117	4972100.000000
2014-09-24	0.016723	0.067746	0.084401	0.063903	1.435898	6381400.000000
2014-09-23	-0.004353	0.064374	0.069360	0.060431	-0.375397	6330000.000000
2014-09-22	-0.004873	0.061379	0.066456	0.057917	-0.422325	5208800.000000
2014-09-19	0.002715	0.074327	0.084741	0.066806	0.234635	12498800.000000
2014-09-18	0.009537	0.072659	0.079784	0.065299	0.816467	6025100.000000
2014-09-17	0.010524	0.069783	0.080524	0.061638	0.891602	7068800.000000
2014-09-16	0.009957	0.064222	0.081746	0.055400	0.835250	5045100.000000
2014-09-15	0.006078	0.069611	0.073929	0.062655	0.506791	3935000.000000
2014-09-12	-0.004259	0.067444	0.068877	0.056457	-0.356636	4593700.000000
2014-09-11	-0.000336	0.063384	0.067563	0.058012	-0.028153	4537800.000000
2014-09-10	0.003598	0.062298	0.071165	0.058344	0.300324	6245400.000000
2014-09-09	-0.020810	0.058377	0.059784	0.041599	-1.773766	8103000.000000
2014-09-08	-0.008623	0.062858	0.067511	0.053437	-0.741409	4885900.000000
2014-09-05	0.018681	0.062334	0.085794	0.057832	1.576675	7746400.000000
2014-09-04	0.010449	0.065533	0.086485	0.065533	0.872803	8452200.000000
2014-09-03	-0.023587	0.065066	0.067404	0.040166	-2.017769	15410400.000000
2014-09-02	-0.020209	0.065648	0.068740	0.029111	-1.764374	20753200.000000
2014-08-29	0.010701	0.073579	0.082608	0.072074	0.924431	7672200.000000
2014-08-28	0.006966	0.065438	0.080941	0.063922	0.597626	7575700.000000
2014-08-27	0.002619	0.071501	0.074774	0.067177	0.224121	4320200.000000
2014-08-26	0.004715	0.068333	0.078314	0.067394	0.401520	5396400.000000
2014-08-25	0.001867	0.073505	0.080210	0.069975	0.158737	7328700.000000
2014-08-22	-0.001317	0.066099	0.073031	0.065042	-0.112061	6939200.000000
2014-08-21	0.004408	0.070090	0.083425	0.069972	0.373513	8315900.000000
2014-08-20	0.028562	0.070188	0.105388	0.069096	2.353118	13394200.000000
2014-08-19	0.055509	0.113323	0.140099	0.109095	4.332764	18244600.000000
2014-08-18	-0.001195	0.077571	0.082817	0.065798	-0.093399	9475300.000000
2014-08-15	-0.002027	0.073215	0.073854	0.058019	-0.158737	5383500.000000
2014-08-14	0.008903	0.070530	0.081868	0.066021	0.690994	4923000.000000
2014-08-13	0.002412	0.071691	0.076987	0.068592	0.186753	4498700.000000
2014-08-12	0.000483	0.069237	0.073630	0.068332	0.037368	3657100.000000
2014-08-11	0.005459	0.073255	0.079231	0.071826	0.420182	3952000.000000
2014-08-08	0.024357	0.078902	0.097400	0.076373	1.830215	7226500.000000
2014-08-07	-0.000621	0.073976	0.078232	0.067858	-0.046684	4045900.000000
2014-08-06	0.006123	0.069712	0.084164	0.068508	0.457550	4228200.000000
2014-08-05	0.000000	0.067571	0.082023	0.067571	0.000000	5895500.000000
2014-08-04	0.003511	0.070245	0.077631	0.069708	0.261467	7025000.000000
2014-08-01	-0.013605	0.067075	0.073963	0.056214	-1.027161	8708000.000000
2014-07-31	-0.011130	0.062141	0.068559	0.058997	-0.849739	5748900.000000
2014-07-30	0.009632	0.077793	0.082422	0.072107	0.728348	5807300.000000
2014-07-29	-0.001110	0.072766	0.080692	0.068539	-0.084046	4536500.000000
2014-07-28	0.000494	0.073163	0.075014	0.066027	0.037346	3441600.000000
2014-07-25	-0.002093	0.069598	0.072236	0.066828	-0.158729	4680100.000000
2014-07-24	0.002222	0.073164	0.077790	0.069198	0.168068	4359600.000000
2014-07-23	0.005960	0.069853	0.078230	0.066529	0.448211	3669200.000000
2014-07-22	0.010413	0.079650	0.084889	0.077500	0.775048	6336100.000000
2014-07-21	-0.004620	0.069980	0.070248	0.063561	-0.345505	4112800.000000
2014-07-18	0.006663	0.074282	0.080744	0.069570	0.494911	5323200.000000
2014-07-17	-0.001381	0.068093	0.073874	0.065136	-0.102730	7697300.000000
2014-07-16	-0.002504	0.073330	0.076012	0.064480	-0.186744	9033700.000000
2014-07-15	0.005034	0.071456	0.079003	0.070377	0.373504	6051900.000000
2014-07-14	-0.001884	0.075086	0.076970	0.065266	-0.140083	7657200.000000
2014-07-11	0.002645	0.073479	0.077660	0.068354	0.196114	4746400.000000
2014-07-10	-0.016475	0.048630	0.055661	0.034038	-1.241944	11530900.000000
2014-07-09	-0.000371	0.075558	0.077149	0.063225	-0.028007	6980600.000000
2014-07-08	-0.008106	0.070917	0.072364	0.059474	-0.616272	7322900.000000
2014-07-07	-0.007679	0.066740	0.071438	0.059039	-0.588311	6071000.000000
2014-07-03	0.000854	0.072092	0.075750	0.068565	0.065369	2764000.000000
2014-07-02	0.001956	0.071178	0.075629	0.068299	0.149422	4185700.000000
2014-07-01	0.010623	0.075679	0.084277	0.074356	0.803055	5234600.000000
2014-06-30	-0.002095	0.069465	0.072237	0.062337	-0.158745	5045300.000000
2014-06-27	0.004706	0.069590	0.080465	0.069325	0.354835	5011000.000000
2014-06-26	0.002732	0.069853	0.076768	0.065464	0.205429	5165200.000000
2014-06-25	0.001243	0.069985	0.073313	0.066789	0.093384	4486300.000000
2014-06-24	-0.002604	0.067464	0.073440	0.060160	-0.196098	5579300.000000
2014-06-23	0.005862	0.070783	0.079332	0.068245	0.438873	4920400.000000
2014-06-20	-0.003357	0.074245	0.075709	0.063195	-0.252128	13661000.000000
2014-06-19	-0.003345	0.070917	0.072774	0.060833	-0.252099	5095400.000000
2014-06-18	0.008623	0.071051	0.080820	0.067839	0.644303	8071500.000000
2014-06-17	0.014195	0.070102	0.092091	0.068609	1.045822	9587300.000000
2014-06-16	0.010632	0.069408	0.084908	0.069408	0.775047	7164400.000000
2014-06-13	-0.004590	0.071736	0.073101	0.061631	-0.336174	7971800.000000
2014-06-12	-0.017291	0.069843	0.070514	0.049313	-1.288612	7643300.000000
2014-06-11	-0.011518	0.067203	0.070784	0.057918	-0.868416	4918100.000000
2014-06-10	0.001613	0.066267	0.074105	0.065735	0.121399	4249500.000000
2014-06-09	-0.000372	0.070784	0.079947	0.067995	-0.028015	3718600.000000
2014-06-06	0.003235	0.073581	0.082774	0.072649	0.242798	4460300.000000
2014-06-05	-0.001987	0.072645	0.075171	0.067459	-0.149430	5666400.000000
2014-06-04	-0.001611	0.066270	0.073837	0.062819	-0.121383	4961600.000000
2014-06-03	0.003733	0.068518	0.077712	0.067985	0.280128	5477700.000000
2014-06-02	0.007603	0.077448	0.088323	0.076374	0.566300	6817700.000000
2014-05-30	0.004130	0.075427	0.082167	0.072865	0.306350	4528000.000000
2014-05-29	0.002761	0.079883	0.081370	0.073935	0.204239	4408900.000000
2014-05-28	-0.000125	0.077990	0.081370	0.071502	-0.009277	4002200.000000
2014-05-27	0.006441	0.079900	0.088335	0.078812	0.473457	4760600.000000
2014-05-23	0.005077	0.077042	0.085657	0.073487	0.371338	5003100.000000
2014-05-22	0.008965	0.072765	0.090561	0.072765	0.649849	5265900.000000
2014-05-21	0.001539	0.081186	0.084779	0.074278	0.111397	6693900.000000
2014-05-20	0.019085	0.097174	0.109847	0.089852	1.355392	15432200.000000
2014-05-19	-0.011117	0.066318	0.073141	0.063394	-0.798385	7733800.000000
2014-05-16	0.014690	0.084950	0.093145	0.083113	1.039756	7039400.000000
2014-05-15	-0.000917	0.073509	0.076897	0.063205	-0.064979	6304700.000000
2014-05-14	-0.012424	0.078016	0.078573	0.061845	-0.891213	6870000.000000
2014-05-13	-0.012776	0.078418	0.082822	0.060252	-0.928360	5455500.000000
2014-05-12	0.007206	0.078704	0.087298	0.077734	0.519890	4324200.000000
2014-05-09	0.008566	0.077319	0.086965	0.073824	0.612702	4345800.000000
2014-05-08	-0.000389	0.075223	0.086263	0.071310	-0.027863	5485100.000000
2014-05-07	-0.004391	0.083162	0.084693	0.064657	-0.315628	5378600.000000
2014-05-06	-0.016139	0.076495	0.078137	0.058836	-1.179016	6475800.000000
2014-05-05	-0.008942	0.072295	0.074195	0.065783	-0.659119	3521000.000000
2014-05-02	0.000883	0.077044	0.088450	0.074871	0.064995	3738400.000000
2014-05-01	-0.002264	0.077179	0.079076	0.069592	-0.167114	3936700.000000
2014-04-30	-0.000126	0.080159	0.080159	0.066478	-0.009277	8524700.000000
2014-04-29	-0.008108	0.079195	0.079195	0.068446	-0.603440	5146500.000000
2014-04-28	0.009952	0.079215	0.101198	0.076501	0.733399	14562400.000000
2014-04-25	-0.004889	0.072318	0.076234	0.067186	-0.362061	6381400.000000
2014-04-24	0.015920	0.083353	0.094876	0.079923	1.160446	7271600.000000
2014-04-23	-0.014434	0.079883	0.082317	0.060549	-1.067596	7497000.000000
2014-04-22	0.021934	0.087957	0.108544	0.086437	1.587471	11188400.000000
2014-04-21	0.011286	0.094785	0.094785	0.085284	0.807678	6253300.000000
2014-04-17	0.006660	0.072678	0.092652	0.067755	0.473450	6875000.000000
2014-04-16	0.009092	0.084702	0.086973	0.075902	0.640556	6104700.000000
2014-04-15	-0.001053	0.081717	0.083276	0.057896	-0.074264	7022900.000000
2014-04-14	0.003567	0.085717	0.093685	0.074475	0.250640	8677200.000000
2014-04-11	-0.014066	0.074935	0.081108	0.061326	-1.002601	8399100.000000
2014-04-10	-0.012603	0.075240	0.083552	0.062496	-0.909775	6201500.000000
2014-04-09	0.008429	0.078995	0.088634	0.077598	0.603409	8027600.000000
2014-04-08	-0.000259	0.074107	0.081509	0.067264	-0.018555	7371000.000000
2014-04-07	-0.020198	0.076769	0.076769	0.054054	-1.476082	11121300.000000
2014-04-04	-0.008564	0.080435	0.081249	0.064834	-0.631279	6422000.000000
2014-04-03	-0.006879	0.077179	0.078122	0.064110	-0.510597	5505400.000000
2014-04-02	0.007181	0.079350	0.095906	0.078672	0.529160	6611700.000000
2014-04-01	0.003159	0.078677	0.092970	0.078677	0.232093	6697600.000000
2014-03-31	0.005208	0.083884	0.085526	0.078821	0.380623	5736200.000000
2014-03-28	0.000508	0.080465	0.088406	0.074578	0.037133	5132700.000000
2014-03-27	-0.002409	0.073901	0.079228	0.070351	-0.176384	5803300.000000
2014-03-26	-0.007550	0.077450	0.081381	0.066742	-0.557022	6364600.000000
2014-03-25	-0.002385	0.082453	0.082994	0.070418	-0.176377	5375500.000000
2014-03-24	-0.009450	0.077045	0.077715	0.060838	-0.705543	7574200.000000
2014-03-21	0.004120	0.086459	0.101523	0.079331	0.306343	10086100.000000
2014-03-20	0.004263	0.076639	0.083797	0.073397	0.315628	5097800.000000
2014-03-19	-0.000877	0.079203	0.086221	0.071511	-0.064972	6568400.000000
2014-03-18	0.003016	0.078127	0.090444	0.077721	0.222824	5032600.000000
2014-03-17	0.002519	0.079757	0.088171	0.075415	0.185654	5547600.000000
2014-03-14	0.007361	0.077453	0.091943	0.077043	0.538459	6739000.000000
2014-03-13	-0.021847	0.083865	0.083865	0.052576	-1.633911	7665800.000000
2014-03-12	-0.008980	0.069759	0.071349	0.063265	-0.677704	7048700.000000
2014-03-11	-0.005140	0.076915	0.079025	0.068478	-0.389907	4667900.000000
2014-03-10	-0.004482	0.081931	0.083244	0.072614	-0.341530	4139000.000000
2014-03-07	0.001699	0.086004	0.086793	0.078511	0.129234	5287700.000000
2014-03-06	-0.006031	0.081676	0.083114	0.074490	-0.461517	6168400.000000
2014-03-05	0.000483	0.083898	0.087689	0.079584	0.036926	5069900.000000
2014-03-04	0.010610	0.095134	0.099230	0.092756	0.803047	6367600.000000
2014-03-03	-0.000366	0.066206	0.083375	0.064753	-0.027702	8359500.000000
2014-02-28	0.000732	0.082318	0.098310	0.075710	0.055389	7239600.000000
2014-02-27	0.003305	0.082845	0.090005	0.068921	0.249222	6040900.000000
2014-02-26	0.008891	0.083509	0.106520	0.080833	0.664597	9737800.000000
2014-02-25	0.039938	0.108557	0.126921	0.103687	2.870636	13421700.000000
2014-02-24	0.001672	0.084769	0.090483	0.079473	0.120010	11739500.000000
2014-02-21	0.003356	0.081697	0.091206	0.081697	0.239990	7764500.000000
2014-02-20	0.013473	0.085359	0.099105	0.084651	0.950737	5852200.000000
2014-02-19	-0.014439	0.078906	0.082677	0.067035	-1.033806	7767800.000000
2014-02-18	-0.004619	0.083236	0.085461	0.071420	-0.332290	4954700.000000
2014-02-14	0.004382	0.085609	0.090915	0.079605	0.313835	4752300.000000
2014-02-13	0.004011	0.084216	0.091646	0.078609	0.286140	6586900.000000
2014-02-12	0.007562	0.086342	0.092274	0.082952	0.535370	7345900.000000
2014-02-11	0.003795	0.083800	0.091598	0.079972	0.267655	6292900.000000
2014-02-10	-0.000523	0.084934	0.085359	0.075298	-0.036904	6343600.000000
2014-02-07	0.003807	0.083517	0.089634	0.078965	0.267662	6194200.000000
2014-02-06	0.011959	0.082367	0.096906	0.082079	0.830742	6107100.000000
2014-02-05	0.003868	0.079907	0.091757	0.068780	0.267693	10080300.000000
2014-02-04	-0.001598	0.089435	0.094340	0.070102	-0.110771	9573400.000000
2014-02-03	-0.022902	0.080415	0.081684	0.056308	-1.624550	9527000.000000
2014-01-31	-0.001040	0.073095	0.090980	0.068166	-0.073845	10592200.000000
2014-01-30	0.003260	0.091146	0.098634	0.082952	0.230774	6820900.000000
2014-01-29	-0.023682	0.079789	0.086272	0.057029	-1.716874	9195300.000000
2014-01-28	-0.005067	0.076239	0.083238	0.068004	-0.369209	10586500.000000
2014-01-27	-0.002779	0.079269	0.083512	0.074616	-0.203071	6591200.000000
2014-01-24	-0.013460	0.074869	0.080135	0.068793	-0.996880	7118300.000000
2014-01-23	0.000499	0.075540	0.084726	0.069732	0.036926	6387000.000000
2014-01-22	-0.003231	0.086068	0.088088	0.076104	-0.239982	5821600.000000
2014-01-21	-0.006667	0.087388	0.090063	0.067459	-0.498452	6932800.000000
2014-01-17	-0.003200	0.084175	0.084575	0.075243	-0.239997	6178000.000000
2014-01-16	0.002344	0.081103	0.087518	0.079500	0.175376	4871200.000000
2014-01-15	0.000740	0.081235	0.088992	0.079764	0.055359	5196800.000000
2014-01-14	0.000494	0.087523	0.090333	0.078559	0.036957	5217300.000000
2014-01-13	-0.012682	0.078091	0.084960	0.069504	-0.959976	6952400.000000
2014-01-10	0.005394	0.085367	0.089617	0.081383	0.406128	4981000.000000
2014-01-09	-0.004394	0.082979	0.083507	0.070681	-0.332283	4966000.000000
2014-01-08	0.005276	0.083907	0.089224	0.077128	0.396912	4662300.000000
2014-01-07	0.004932	0.086180	0.094329	0.083108	0.369209	4630900.000000
2014-01-06	-0.009647	0.080200	0.084566	0.072924	-0.729202	11188800.000000
2014-01-03	-0.001585	0.081922	0.089451	0.080866	-0.119980	3897900.000000
2014-01-02	-0.003887	0.080349	0.086401	0.076270	-0.295388	4253400.000000
2013-12-31	0.004882	0.084036	0.090383	0.080466	0.369210	4493600.000000
2013-12-30	0.003675	0.083773	0.087887	0.080987	0.276924	3526400.000000
2013-12-27	0.001104	0.084704	0.092542	0.078991	0.083076	3961900.000000
2013-12-26	0.011285	0.086062	0.098153	0.085659	0.839966	3848800.000000
2013-12-24	0.000993	0.083375	0.088754	0.083375	0.073837	1819800.000000
2013-12-23	0.006497	0.083781	0.095286	0.083375	0.479973	3941300.000000
2013-12-20	0.001126	0.086492	0.095300	0.084595	0.083092	11232900.000000
2013-12-19	-0.001249	0.083781	0.089059	0.077826	-0.092308	6620800.000000
2013-12-18	0.018189	0.085856	0.103218	0.079103	1.319939	8170300.000000
2013-12-17	-0.006068	0.086251	0.087073	0.076664	-0.443055	6226000.000000
2013-12-16	0.001139	0.086118	0.093659	0.082278	0.083077	7099700.000000
2013-12-13	0.006112	0.091101	0.097723	0.083237	0.443046	6027100.000000
2013-12-12	-0.005949	0.083238	0.086118	0.073501	-0.433815	8535200.000000
2013-12-11	0.004961	0.080205	0.099913	0.080205	0.359978	7834500.000000
2013-12-10	-0.012437	0.079564	0.087867	0.067043	-0.913795	7448400.000000
2013-12-09	-0.003006	0.084325	0.093688	0.079169	-0.221543	5799800.000000
2013-12-06	0.016552	0.090824	0.104204	0.087099	1.199951	5094600.000000
2013-12-05	0.001786	0.082270	0.099128	0.081579	0.129235	6264900.000000
2013-12-04	-0.003938	0.075667	0.083926	0.069473	-0.286141	7148800.000000
2013-12-03	-0.008440	0.077643	0.084740	0.068772	-0.618438	7276900.000000
2013-12-02	-0.011157	0.085729	0.089778	0.073178	-0.826683	5915600.000000
2013-11-29	0.000124	0.091667	0.098551	0.088293	0.009193	3372600.000000
2013-11-27	0.003858	0.088563	0.094118	0.085582	0.284752	5450000.000000
2013-11-26	0.007523	0.094977	0.104397	0.093339	0.551094	9360700.000000
2013-11-25	0.007199	0.090348	0.100523	0.090348	0.523582	5496100.000000
2013-11-22	-0.008142	0.085561	0.088562	0.074378	-0.597053	7786200.000000
2013-11-21	0.001003	0.092930	0.092930	0.083374	0.073471	5618600.000000
2013-11-20	-0.007838	0.093439	0.093439	0.075154	-0.578659	7236900.000000
2013-11-19	0.008912	0.123544	0.124227	0.096760	0.652153	12236700.000000
2013-11-18	-0.004498	0.088290	0.094684	0.077271	-0.330658	8613000.000000
2013-11-15	0.013808	0.087319	0.104558	0.083457	1.001175	10414800.000000
2013-11-14	0.017268	0.096274	0.113109	0.095151	1.230827	6843800.000000
2013-11-13	0.018640	0.081695	0.110278	0.081695	1.304322	7064700.000000
2013-11-12	0.010747	0.095487	0.106320	0.093754	0.744010	6629200.000000
2013-11-11	-0.001457	0.085669	0.091438	0.080765	-0.101043	5774000.000000
2013-11-08	-0.002774	0.082801	0.088986	0.075609	-0.192887	9229700.000000
2013-11-07	-0.009552	0.094396	0.099668	0.078013	-0.670524	5424600.000000
2013-11-06	-0.003001	0.089692	0.090686	0.078187	-0.211273	5059600.000000
2013-11-05	-0.004545	0.085587	0.085870	0.075549	-0.321488	6035300.000000
2013-11-04	0.000130	0.091385	0.094779	0.083325	0.009201	3906500.000000
2013-11-01	-0.011555	0.089956	0.090655	0.074021	-0.826690	7178300.000000
2013-10-31	0.000129	0.090236	0.096666	0.083665	0.009201	7577600.000000
2013-10-30	0.004903	0.091226	0.104150	0.088979	0.349014	7251900.000000
2013-10-29	0.018933	0.094280	0.110025	0.093422	1.322708	7248000.000000
2013-10-28	-0.002492	0.087270	0.090840	0.082273	-0.174522	7728100.000000
2013-10-25	-0.006903	0.085437	0.086287	0.077780	-0.486824	5944200.000000
2013-10-24	0.022642	0.093628	0.114219	0.093483	1.561492	7927400.000000
2013-10-23	0.002939	0.084044	0.096697	0.083608	0.202073	5526100.000000
2013-10-22	0.003216	0.094826	0.096139	0.088260	0.220451	6867000.000000
2013-10-21	-0.000937	0.087386	0.090301	0.080827	-0.064308	7578700.000000
2013-10-18	-0.013863	0.081799	0.085248	0.059950	-0.964424	14334800.000000
2013-10-17	0.010675	0.082451	0.101337	0.082451	0.734817	7176400.000000
2013-10-16	-0.003192	0.092463	0.094635	0.079865	-0.220444	12877900.000000
2013-10-15	-0.015324	0.085703	0.087129	0.070731	-1.074699	6645400.000000
2013-10-14	0.000393	0.080424	0.091551	0.078285	0.027565	4119000.000000
2013-10-11	0.010727	0.087833	0.104846	0.087400	0.744003	6936700.000000
2013-10-10	0.018479	0.101914	0.108816	0.097509	1.258400	6092800.000000
2013-10-09	-0.001750	0.089871	0.094122	0.083274	-0.119415	6817600.000000
2013-10-08	-0.011447	0.087104	0.090727	0.074787	-0.789932	8997900.000000
2013-10-07	-0.008578	0.083238	0.089703	0.078785	-0.597069	5087000.000000
2013-10-04	-0.001318	0.087550	0.094007	0.082959	-0.091835	4855800.000000
2013-10-03	-0.005765	0.089839	0.095973	0.077143	-0.404152	6979700.000000
2013-10-02	0.000787	0.082988	0.090411	0.076992	0.055122	5118400.000000
2013-10-01	0.005405	0.089129	0.096879	0.085684	0.376587	4411700.000000
2013-09-30	-0.001448	0.077519	0.090418	0.074366	-0.101020	6276200.000000
2013-09-27	-0.001446	0.082687	0.088984	0.078823	-0.101059	4058700.000000
2013-09-26	0.007283	0.090140	0.101672	0.090140	0.505195	3798200.000000
2013-09-25	-0.006839	0.086407	0.092564	0.077530	-0.477638	6785600.000000
2013-09-24	0.001713	0.087120	0.101319	0.083965	0.119415	5412700.000000
2013-09-23	-0.014156	0.081063	0.085304	0.071307	-1.001213	6248800.000000
2013-09-20	-0.019233	0.092858	0.092858	0.067759	-1.386963	14158300.000000
2013-09-19	0.014734	0.095311	0.107694	0.092497	1.047112	7693700.000000
2013-09-18	0.020712	0.088267	0.120009	0.082234	1.442085	10594300.000000
2013-09-17	0.003442	0.090139	0.097490	0.089130	0.238838	6825600.000000
2013-09-16	0.005725	0.102323	0.105802	0.090002	0.394959	8054400.000000
2013-09-13	-0.003846	0.087687	0.088843	0.080612	-0.266365	4888400.000000
2013-09-12	0.004797	0.090729	0.098854	0.087682	0.330665	6872200.000000
2013-09-11	0.005898	0.089574	0.096141	0.082277	0.404152	6441500.000000
2013-09-10	0.013862	0.094320	0.104530	0.091065	0.936890	6438700.000000
2013-09-09	0.012105	0.092891	0.105021	0.091693	0.808319	5781800.000000
2013-09-06	-0.003973	0.097051	0.097200	0.077064	-0.266388	9968400.000000
2013-09-05	-0.015511	0.087670	0.089726	0.069608	-1.056290	11039000.000000
2013-09-04	0.003247	0.089877	0.097685	0.086341	0.220436	8271600.000000
2013-09-03	-0.002699	0.099423	0.105594	0.082527	-0.183708	7802800.000000
2013-08-30	-0.007462	0.095449	0.095595	0.081741	-0.511673	6331300.000000
2013-08-29	0.000267	0.093553	0.103618	0.091073	0.018280	5704200.000000
2013-08-28	0.012277	0.094280	0.112146	0.092804	0.831459	7076000.000000
2013-08-27	-0.017367	0.086013	0.091526	0.072954	-1.196960	8264200.000000
2013-08-26	0.020842	0.093539	0.127902	0.093391	1.407127	10362900.000000
2013-08-23	-0.001486	0.096646	0.097386	0.081265	-0.100502	7730800.000000
2013-08-22	0.003662	0.097100	0.101404	0.088787	0.246697	6668700.000000
2013-08-21	-0.007538	0.098995	0.109749	0.081759	-0.511673	10788400.000000
2013-08-20	-0.012233	0.121057	0.127751	0.071727	-0.840645	17038100.000000
2013-08-19	-0.002255	0.096025	0.109818	0.091524	-0.155319	9184100.000000
2013-08-16	0.003194	0.095156	0.112052	0.091369	0.219284	9138200.000000
2013-08-15	-0.029700	0.080861	0.082557	0.057966	-2.101532	13702000.000000
2013-08-14	-0.025176	0.090433	0.091535	0.063292	-1.827454	8648100.000000
2013-08-13	0.003030	0.093599	0.100508	0.078951	0.219284	6956400.000000
2013-08-12	0.002913	0.089578	0.102328	0.089023	0.210175	3844400.000000
2013-08-09	-0.013368	0.089505	0.090189	0.073781	-0.977692	5299300.000000
2013-08-08	0.015349	0.102758	0.113726	0.098037	1.105583	4467900.000000
2013-08-07	-0.015240	0.087729	0.087865	0.074604	-1.114715	5322200.000000
2013-08-06	0.004896	0.093878	0.103633	0.081788	0.356331	6311100.000000
2013-08-05	-0.007105	0.090608	0.090608	0.082696	-0.520821	3578500.000000
2013-08-02	0.020219	0.094428	0.120313	0.092479	1.452827	5964400.000000
2013-08-01	-0.004935	0.101214	0.107446	0.088612	-0.356330	6727400.000000
2013-07-31	0.005471	0.095681	0.110162	0.095681	0.392891	5915000.000000
2013-07-30	-0.000890	0.101384	0.102775	0.092341	-0.063958	4813400.000000
2013-07-29	-0.000889	0.093038	0.097764	0.089285	-0.063957	5179000.000000
2013-07-26	-0.003165	0.086530	0.099693	0.084175	-0.228447	5577600.000000
2013-07-25	-0.015946	0.091974	0.092110	0.061978	-1.169563	9967600.000000
2013-07-24	0.000998	0.097976	0.098249	0.086103	0.073105	4813300.000000
2013-07-23	0.002375	0.096343	0.100858	0.092513	0.173607	4985800.000000
2013-07-22	0.001377	0.095661	0.096757	0.085660	0.100502	5957900.000000
2013-07-19	-0.001624	0.093471	0.095796	0.086222	-0.118775	5886200.000000
2013-07-18	-0.005221	0.092931	0.094564	0.087897	-0.383774	5297800.000000
2013-07-17	0.002743	0.101795	0.108207	0.096747	0.201027	5700200.000000
2013-07-16	-0.002239	0.094564	0.098375	0.086805	-0.164474	5031500.000000
2013-07-15	-0.001739	0.095651	0.102717	0.089400	-0.127938	5041400.000000
2013-07-12	0.008515	0.095250	0.106625	0.095250	0.621346	5178300.000000
2013-07-11	0.005793	0.106420	0.112071	0.096909	0.420311	6845700.000000
2013-07-10	-0.003764	0.094016	0.094428	0.079460	-0.274117	5459400.000000
2013-07-09	0.006059	0.098849	0.107276	0.095948	0.438591	4986400.000000
2013-07-08	0.011879	0.098202	0.111902	0.097923	0.849770	6051200.000000
2013-07-05	0.007204	0.096962	0.106114	0.089781	0.511658	4991500.000000
2013-07-03	0.005433	0.089898	0.104054	0.088907	0.383774	3025600.000000
2013-07-02	0.005724	0.100408	0.112225	0.095709	0.402031	6886300.000000
2013-07-01	-0.007745	0.096688	0.099231	0.082561	-0.548226	7471000.000000
2013-06-28	0.015734	0.092850	0.116239	0.089406	1.096474	12475000.000000
2013-06-27	0.007929	0.099056	0.111060	0.096308	0.548218	6674500.000000
2013-06-26	0.020637	0.104023	0.119966	0.100923	1.397995	7390100.000000
2013-06-25	0.008570	0.102765	0.112443	0.098746	0.575653	8520800.000000
2013-06-24	-0.004200	0.080788	0.097393	0.073524	-0.283265	10214400.000000
2013-06-21	-0.000677	0.103614	0.106577	0.081835	-0.045684	15552500.000000
2013-06-20	-0.027130	0.087221	0.087221	0.063727	-1.882256	12373500.000000
2013-06-19	-0.016323	0.092727	0.095562	0.076421	-1.151283	8027600.000000
2013-06-18	0.013790	0.094141	0.112108	0.094141	0.959411	6421500.000000
2013-06-17	-0.005876	0.101430	0.107146	0.081567	-0.411186	9315500.000000
2013-06-14	0.000784	0.089995	0.100434	0.087849	0.054810	8613100.000000
2013-06-13	0.001702	0.093711	0.100587	0.089844	0.118782	9194600.000000
2013-06-12	-0.015591	0.100492	0.104158	0.076801	-1.105583	7360200.000000
2013-06-11	-0.001544	0.087388	0.105692	0.083586	-0.109665	5979700.000000
2013-06-10	-0.012827	0.097208	0.107493	0.077610	-0.922829	7627800.000000
2013-06-07	0.019156	0.101086	0.118651	0.099103	1.352303	6555900.000000
2013-06-06	0.028762	0.093262	0.127509	0.093117	1.973632	11515700.000000
2013-06-05	-0.019966	0.087001	0.097570	0.069720	-1.398002	8761500.000000
2013-06-04	-0.026179	0.091785	0.096236	0.058128	-1.882271	8791700.000000
2013-06-03	0.005340	0.099712	0.105725	0.091323	0.381882	6191400.000000
2013-05-31	-0.009819	0.101236	0.112866	0.089053	-0.709198	6905600.000000
2013-05-30	-0.000629	0.100682	0.108292	0.094871	-0.045456	5449100.000000
2013-05-29	-0.004134	0.093789	0.100541	0.089793	-0.300049	7127000.000000
2013-05-28	0.010508	0.113080	0.122687	0.106814	0.754662	7715800.000000
2013-05-24	0.001014	0.094137	0.106542	0.091489	0.072723	6188200.000000
2013-05-23	-0.009788	0.088811	0.093779	0.073629	-0.709175	9634900.000000
2013-05-22	0.012451	0.107537	0.139676	0.106419	0.891014	14832400.000000
2013-05-21	0.025404	0.136676	0.138682	0.118479	1.772987	14108500.000000
2013-05-20	-0.001301	0.098564	0.101855	0.094701	-0.090927	8867700.000000
2013-05-17	0.001433	0.093976	0.105584	0.091970	0.099991	8735000.000000
2013-05-16	-0.014509	0.094486	0.109173	0.083047	-1.027374	8299200.000000
2013-05-15	0.007242	0.103835	0.113081	0.101559	0.509147	6706200.000000
2013-05-14	0.008478	0.101430	0.110611	0.101000	0.590981	6071700.000000
2013-05-13	0.008683	0.099852	0.112007	0.098984	0.600082	4466100.000000
2013-05-10	0.001845	0.103766	0.104636	0.093184	0.127289	5169700.000000
2013-05-09	0.005967	0.098977	0.110935	0.098977	0.409157	6338300.000000
2013-05-08	0.004662	0.101610	0.106152	0.097655	0.318230	6536600.000000
2013-05-07	-0.002525	0.099560	0.100144	0.090207	-0.172753	5582300.000000
2013-05-06	0.017577	0.098662	0.120820	0.098662	1.181954	5731200.000000
2013-05-03	0.008592	0.105702	0.116051	0.105702	0.572837	4953100.000000
2013-05-02	0.007834	0.100003	0.110736	0.096375	0.518242	3722900.000000
2013-05-01	-0.008044	0.097303	0.103451	0.089206	-0.536445	5554700.000000
2013-04-30	-0.004344	0.097314	0.104928	0.093134	-0.290962	6601900.000000
2013-04-29	0.004363	0.101202	0.109898	0.100452	0.290962	4518700.000000
2013-04-26	-0.000273	0.097903	0.104649	0.096254	-0.018204	4983000.000000
2013-04-25	0.001228	0.100302	0.107507	0.098651	0.081848	5645200.000000
2013-04-24	-0.001363	0.102400	0.106897	0.098053	-0.090919	6248300.000000
2013-04-23	-0.006499	0.104022	0.110723	0.081536	-0.436417	7898800.000000
2013-04-22	-0.001892	0.098663	0.103122	0.088556	-0.127281	7223500.000000
2013-04-19	0.020971	0.106529	0.127167	0.103494	1.382004	9579900.000000
2013-04-18	-0.004396	0.097888	0.101363	0.092147	-0.290978	7549200.000000
2013-04-17	0.004693	0.096210	0.107594	0.091960	0.309174	8838600.000000
2013-04-16	0.003184	0.104725	0.108532	0.096807	0.209091	8119700.000000
2013-04-15	-0.018881	0.095818	0.108368	0.078787	-1.263809	8360600.000000
2013-04-12	0.023922	0.107654	0.126775	0.103676	1.563850	10493000.000000
2013-04-11	0.002929	0.102000	0.113813	0.100466	0.190941	7627800.000000
2013-04-10	0.006882	0.102942	0.108966	0.096299	0.445518	5423200.000000
2013-04-09	-0.000281	0.100006	0.105257	0.095682	-0.018196	5994800.000000
2013-04-08	0.016557	0.095456	0.118533	0.095456	1.054688	6097200.000000
2013-04-05	-0.008912	0.089117	0.093006	0.083049	-0.572792	6986100.000000
2013-04-04	0.004690	0.099852	0.106730	0.095475	0.300022	6613700.000000
2013-04-03	-0.009293	0.097219	0.098613	0.084366	-0.600071	7796000.000000
2013-04-02	0.019377	0.103483	0.121638	0.102378	1.227444	7291600.000000
2013-04-01	-0.001576	0.095597	0.115456	0.095597	-0.100014	5357700.000000
2013-03-28	0.001866	0.096536	0.104747	0.094799	0.118187	6752100.000000
2013-03-27	-0.005710	0.086663	0.094356	0.083366	-0.363697	4156300.000000
2013-03-26	0.008349	0.102860	0.114576	0.101118	0.527347	4661200.000000
2013-03-25	-0.001294	0.103647	0.112501	0.095267	-0.081817	7027100.000000
2013-03-22	0.008847	0.104319	0.109742	0.097460	0.554634	5291800.000000
2013-03-21	0.001016	0.096179	0.106718	0.092507	0.063625	8045600.000000
2013-03-20	0.001308	0.109445	0.112003	0.100651	0.081833	6112000.000000
2013-03-19	-0.008075	0.103024	0.106037	0.087323	-0.509155	7657600.000000
2013-03-18	0.004345	0.090295	0.113550	0.090295	0.272758	6011200.000000
2013-03-15	-0.016942	0.096564	0.099069	0.081219	-1.081955	11275100.000000
2013-03-14	-0.007349	0.101562	0.102961	0.090837	-0.472793	6308900.000000
2013-03-13	0.000141	0.100473	0.102805	0.093633	0.009063	5826700.000000
2013-03-12	-0.002537	0.099387	0.103108	0.092564	-0.163635	4450400.000000
2013-03-11	-0.000701	0.105125	0.106054	0.100166	-0.045212	4902500.000000
2013-03-08	0.015943	0.111251	0.124790	0.108103	1.012734	6470300.000000
2013-03-07	-0.003263	0.104644	0.106213	0.097426	-0.207966	4998300.000000
2013-03-06	0.000142	0.105900	0.113589	0.102918	0.009064	5276600.000000
2013-03-05	0.002561	0.110462	0.116441	0.103225	0.162746	8323800.000000
2013-03-04	0.018253	0.104618	0.126246	0.104297	1.139343	8375900.000000
2013-03-01	0.007737	0.103962	0.115748	0.099280	0.479256	6241800.000000
2013-02-28	0.006465	0.103462	0.124261	0.102650	0.397869	8705100.000000
2013-02-27	0.007401	0.106227	0.117685	0.102789	0.452122	14180400.000000
2013-02-26	0.056946	0.134273	0.176489	0.133062	3.291428	22792900.000000
2013-02-25	-0.025313	0.112307	0.122257	0.076220	-1.501042	10268800.000000
2013-02-22	0.018640	0.113114	0.129261	0.107961	1.085102	7500700.000000
2013-02-21	-0.031006	0.096245	0.097244	0.070112	-1.862747	10622400.000000
2013-02-20	-0.016432	0.104099	0.106718	0.086581	-1.003700	5598400.000000
2013-02-19	0.000444	0.107701	0.112451	0.096563	0.027122	5455500.000000
2013-02-15	0.002673	0.108856	0.116575	0.097032	0.162785	8131200.000000
2013-02-14	-0.001631	0.100653	0.106228	0.097866	-0.099480	5439700.000000
2013-02-13	0.001931	0.109185	0.111649	0.103600	0.117554	3668900.000000
2013-02-12	0.014161	0.111231	0.123393	0.108232	0.849976	4932500.000000
2013-02-11	-0.009402	0.103589	0.105404	0.092862	-0.569676	3953500.000000
2013-02-08	0.010557	0.109902	0.117741	0.107567	0.632973	4459000.000000
2013-02-07	-0.005400	0.105568	0.106397	0.091966	-0.325535	5743500.000000
2013-02-06	0.004218	0.100069	0.111396	0.099403	0.253189	5187000.000000
2013-02-05	0.000452	0.110399	0.115399	0.105066	0.027134	7112000.000000
2013-02-04	-0.013967	0.098669	0.104585	0.089796	-0.849987	4741000.000000
2013-02-01	0.005679	0.117468	0.119451	0.110692	0.343624	4983300.000000
2013-01-31	-0.004759	0.105735	0.111163	0.100637	-0.289356	5615900.000000
2013-01-30	0.000595	0.106228	0.112153	0.102773	0.036148	5102200.000000
2013-01-29	-0.005623	0.104590	0.109499	0.095917	-0.343617	6504300.000000
2013-01-28	-0.003538	0.111281	0.111281	0.096768	-0.216999	6561200.000000
2013-01-25	0.006978	0.110169	0.118707	0.104914	0.424988	7494700.000000
2013-01-24	0.013391	0.107563	0.126367	0.107563	0.804772	8484600.000000
2013-01-23	0.010799	0.101190	0.118178	0.098499	0.642013	6795500.000000
2013-01-22	0.004277	0.104548	0.114683	0.101676	0.253185	6574000.000000
2013-01-18	0.006457	0.107600	0.113210	0.104369	0.379788	6534400.000000
2013-01-17	0.018634	0.111614	0.130664	0.109017	1.076042	7796000.000000
2013-01-16	-0.001407	0.100539	0.106764	0.098982	-0.081379	3915400.000000
2013-01-15	0.007404	0.106248	0.115133	0.105377	0.424996	5119400.000000
2013-01-14	-0.003454	0.105205	0.109372	0.100517	-0.198941	4532200.000000
2013-01-11	0.001258	0.103292	0.108333	0.101032	0.072346	4567100.000000
2013-01-10	0.007124	0.109576	0.113778	0.099072	0.406914	6714100.000000
2013-01-09	-0.000791	0.110972	0.113072	0.102226	-0.045220	4712400.000000
2013-01-08	0.006047	0.104316	0.116811	0.103964	0.343621	5433000.000000
2013-01-07	-0.005382	0.095747	0.102749	0.091896	-0.307450	5466500.000000
2013-01-04	-0.001896	0.104327	0.107123	0.100658	-0.108501	4779100.000000
2013-01-03	-0.002836	0.111126	0.113739	0.098931	-0.162769	6056800.000000
2013-01-02	0.026354	0.136654	0.139157	0.119489	1.473915	9067200.000000
2012-12-31	0.019786	0.101523	0.128145	0.100065	1.085086	7880800.000000
2012-12-28	-0.006877	0.097569	0.114048	0.091412	-0.379787	6508700.000000
2012-12-27	-0.001145	0.103910	0.110964	0.089078	-0.063293	7184600.000000
2012-12-26	-0.006984	0.105001	0.108234	0.095661	-0.388829	4453800.000000
2012-12-24	0.004077	0.100309	0.117622	0.100128	0.226067	3022600.000000
2012-12-21	-0.010489	0.094300	0.101438	0.080558	-0.587769	15929900.000000
2012-12-20	0.003238	0.100170	0.109659	0.096232	0.180863	8436700.000000
2012-12-19	-0.019524	0.108181	0.108357	0.083957	-1.112221	7597900.000000
2012-12-18	-0.004896	0.107297	0.107297	0.095244	-0.280308	7751400.000000
2012-12-17	0.020142	0.107503	0.128709	0.104652	1.130291	8188700.000000
2012-12-14	-0.005608	0.104482	0.106077	0.094913	-0.316479	5783500.000000
2012-12-13	-0.008263	0.107833	0.112050	0.095707	-0.470203	5875900.000000
2012-12-12	0.000636	0.111175	0.112054	0.101679	0.036171	7216500.000000
2012-12-11	-0.002379	0.109934	0.113969	0.100812	-0.135639	6880200.000000
2012-12-10	-0.021877	0.104012	0.104012	0.081534	-1.274983	8150000.000000
2012-12-07	0.001710	0.110368	0.112947	0.100743	0.099465	6092800.000000
2012-12-06	0.004998	0.106590	0.113327	0.099335	0.289360	5837400.000000
2012-12-05	-0.003425	0.104694	0.110031	0.092300	-0.198933	6050500.000000
2012-12-04	-0.011388	0.105049	0.106070	0.093135	-0.669136	7787600.000000
2012-12-03	-0.001383	0.104710	0.120346	0.103010	-0.081379	6696200.000000
2012-11-30	0.012920	0.108654	0.122942	0.102456	0.750515	9271800.000000
2012-11-29	-0.009101	0.101293	0.109140	0.093447	-0.533512	7629200.000000
2012-11-28	0.010443	0.100901	0.117793	0.092282	0.605843	7759600.000000
2012-11-27	-0.003417	0.099544	0.107274	0.091642	-0.198918	8234300.000000
2012-11-26	-0.002314	0.107111	0.112081	0.099570	-0.135032	6719200.000000
2012-11-23	0.011390	0.114174	0.123708	0.111401	0.657138	3721900.000000
2012-11-21	0.004231	0.108096	0.117147	0.105311	0.243046	5574000.000000
2012-11-20	0.007737	0.108951	0.120353	0.107724	0.441090	8560400.000000
2012-11-19	0.019478	0.117498	0.132698	0.114100	1.089222	10036100.000000
2012-11-16	0.014204	0.106891	0.129562	0.106891	0.783172	9059100.000000
2012-11-15	-0.003579	0.107266	0.118290	0.103110	-0.198055	8204600.000000
2012-11-14	-0.030136	0.108427	0.112984	0.074775	-1.719349	13379700.000000
2012-11-13	0.036298	0.132495	0.170457	0.128863	1.998413	21441300.000000
2012-11-12	0.003281	0.115983	0.119446	0.102498	0.180031	8353500.000000
2012-11-09	0.001643	0.107230	0.119825	0.100842	0.090027	6562300.000000
2012-11-08	-0.018229	0.107476	0.110881	0.090272	-1.017220	7251300.000000
2012-11-07	-0.010061	0.105914	0.106446	0.089770	-0.567108	8778000.000000
2012-11-06	0.003847	0.114621	0.120141	0.109991	0.216050	7017900.000000
2012-11-05	0.005804	0.110881	0.120016	0.109269	0.324062	4904200.000000
2012-11-02	-0.003855	0.116055	0.122479	0.105885	-0.216046	8905700.000000
2012-11-01	0.014337	0.121197	0.129160	0.117034	0.792161	6879900.000000
2012-10-31	0.022318	0.161207	0.165648	0.126608	1.206249	13817800.000000
2012-10-26	-0.007275	0.109044	0.110514	0.091779	-0.396076	10458600.000000
2012-10-25	-0.013055	0.118495	0.121939	0.093297	-0.720147	9604000.000000
2012-10-24	-0.007611	0.114479	0.119516	0.101526	-0.423088	7187200.000000
2012-10-23	-0.004675	0.102107	0.106225	0.093333	-0.261066	8273900.000000
2012-10-22	0.002424	0.108368	0.113753	0.102625	0.135048	7785800.000000
2012-10-19	0.001456	0.110162	0.115015	0.105668	0.081005	10798800.000000
2012-10-18	0.006679	0.110881	0.120110	0.110157	0.369076	9420000.000000
2012-10-17	0.008709	0.118730	0.133880	0.116174	0.477100	11372700.000000
2012-10-16	0.003462	0.114727	0.117292	0.106851	0.189037	7162400.000000
2012-10-15	0.018301	0.116849	0.133076	0.114424	0.981190	8072200.000000
2012-10-12	0.009321	0.115399	0.126129	0.113705	0.495117	6554400.000000
2012-10-11	-0.012220	0.114786	0.115530	0.092472	-0.657139	10431000.000000
2012-10-10	-0.019852	0.102861	0.112886	0.086458	-1.089225	15262700.000000
2012-10-09	-0.015029	0.105675	0.107111	0.094185	-0.837170	9707700.000000
2012-10-08	-0.020886	0.107014	0.109123	0.085218	-1.188244	9770300.000000
2012-10-05	0.023647	0.115019	0.137151	0.113760	1.314266	9672400.000000
2012-10-04	-0.000486	0.112140	0.122571	0.106385	-0.027000	8722300.000000
2012-10-03	0.023869	0.113091	0.137580	0.111802	1.296265	8468300.000000
2012-10-02	-0.003962	0.116383	0.116750	0.103178	-0.216042	6573100.000000
2012-10-01	0.003313	0.118241	0.119714	0.110329	0.180038	8537400.000000
2012-09-28	0.008183	0.107171	0.120899	0.101976	0.441086	7740800.000000
2012-09-27	0.011999	0.115574	0.130219	0.112195	0.639134	5824200.000000
2012-09-26	-0.009210	0.108277	0.115159	0.099906	-0.495102	8583300.000000
2012-09-25	0.005557	0.119111	0.133140	0.115183	0.297066	9723100.000000
2012-09-24	-0.000505	0.109572	0.112751	0.100785	-0.027009	5589200.000000
2012-09-21	0.002362	0.116503	0.123062	0.111443	0.126027	9011000.000000
2012-09-20	-0.003195	0.105651	0.107705	0.097618	-0.171036	6362100.000000
2012-09-19	0.010364	0.116921	0.132397	0.113523	0.549118	6648700.000000
2012-09-18	-0.000849	0.112013	0.113521	0.103338	-0.045010	5216500.000000
2012-09-17	-0.009250	0.106023	0.111068	0.096122	-0.495105	7985900.000000
2012-09-14	0.019897	0.118884	0.137748	0.117741	1.044212	12476500.000000
2012-09-13	0.021911	0.111271	0.136974	0.106208	1.125248	10772200.000000
2012-09-12	0.005818	0.113427	0.118323	0.105201	0.297047	7774400.000000
2012-09-11	-0.010122	0.109524	0.110881	0.097504	-0.522103	7490100.000000
2012-09-10	0.000699	0.115149	0.122909	0.110105	0.036007	6903700.000000
2012-09-07	-0.006765	0.113000	0.115505	0.099126	-0.351086	6808700.000000
2012-09-06	0.019632	0.110095	0.133083	0.110095	0.999222	7706900.000000
2012-09-05	-0.004402	0.114402	0.121248	0.102665	-0.225048	6068500.000000
