2017-09-01	-0.004629	0.000145	0.001880	-0.004629	-0.639999	1755800.000000
2017-08-31	0.001666	0.002680	0.003767	-0.003260	0.230011	2985300.000000
2017-08-30	0.002979	0.000000	0.003633	-0.003996	0.409988	1784100.000000
2017-08-29	0.005553	-0.004676	0.006210	-0.006210	0.760010	1699400.000000
2017-08-28	0.000365	0.002339	0.004751	-0.001754	0.049988	1516000.000000
2017-08-25	0.002051	0.005713	0.008276	0.001904	0.280014	1996500.000000
2017-08-24	0.000953	0.001613	0.004692	-0.001613	0.129989	1920400.000000
2017-08-23	-0.003579	-0.003287	0.000877	-0.005405	-0.489990	1249200.000000
2017-08-22	0.009810	0.003245	0.011728	0.002360	1.329987	1675900.000000
2017-08-21	0.004594	-0.000074	0.006076	-0.003335	0.620010	1512600.000000
2017-08-18	-0.006625	-0.000883	0.000368	-0.007435	-0.900009	2977600.000000
2017-08-17	-0.016150	-0.003187	-0.001448	-0.016150	-2.229996	3072400.000000
2017-08-16	0.009689	0.004058	0.013126	0.003108	1.324997	2001800.000000
2017-08-15	-0.006147	0.005953	0.007552	-0.002405	-0.845886	1731500.000000
2017-08-14	0.012300	0.008982	0.020238	0.007879	1.671875	2304600.000000
2017-08-11	-0.004736	0.001861	0.007279	-0.000043	-0.646866	2346900.000000
2017-08-10	-0.012662	0.000019	0.001176	-0.009307	-1.751465	3064100.000000
2017-08-09	0.002380	0.006457	0.009500	0.001457	0.328400	1957600.000000
2017-08-08	-0.002087	0.003995	0.009780	0.001536	-0.288605	2067800.000000
2017-08-07	-0.007712	0.006083	0.006083	-0.010206	-1.074768	3542100.000000
2017-08-04	0.003439	0.004863	0.008535	0.001695	0.477676	3494700.000000
2017-08-03	0.006055	0.003849	0.010948	-0.000280	0.835938	2555300.000000
2017-08-02	0.012481	0.007430	0.018651	0.003763	1.701721	4827300.000000
2017-08-01	0.006538	0.006561	0.011802	0.002648	0.885697	2870000.000000
2017-07-31	-0.004898	0.009491	0.014486	-0.000794	-0.666748	3858900.000000
2017-07-28	-0.001387	0.004863	0.007064	-0.000933	-0.189087	1846800.000000
2017-07-27	-0.010903	0.003847	0.006386	-0.010665	-1.502701	3670400.000000
2017-07-26	0.009035	0.005375	0.015406	0.002007	1.234009	2680200.000000
2017-07-25	-0.003341	0.006979	0.006979	-0.003821	-0.457795	3073900.000000
2017-07-24	0.009974	0.008179	0.016507	0.007737	1.353424	3879900.000000
2017-07-21	0.010374	-0.004445	0.023255	-0.004445	1.393235	3548100.000000
2017-07-20	-0.008814	0.005084	0.006782	-0.004658	-1.194184	2943800.000000
2017-07-19	0.007101	0.007167	0.012147	0.005680	0.955338	2204500.000000
2017-07-18	-0.000517	0.003674	0.005457	0.001148	-0.069656	1700800.000000
2017-07-17	-0.004196	0.005528	0.005528	-0.001278	-0.567246	1428400.000000
2017-07-14	0.003695	0.006199	0.009318	0.003378	0.497589	1794600.000000
2017-07-13	0.004155	0.005385	0.010604	0.003968	0.557282	2445500.000000
2017-07-12	0.004098	0.010103	0.012499	0.006959	0.547348	1692400.000000
2017-07-11	-0.003490	0.006429	0.006429	-0.004090	-0.467728	1942200.000000
2017-07-10	0.004250	0.004563	0.015427	0.002615	0.567245	2051400.000000
2017-07-07	0.005623	0.007349	0.014431	0.005918	0.746369	1730500.000000
2017-07-06	-0.003214	0.001258	0.007191	0.000357	-0.427933	1430600.000000
2017-07-05	0.000673	0.004036	0.007117	0.001406	0.089569	1871200.000000
2017-07-03	0.003151	0.009688	0.013533	0.006672	0.417984	904000.000000
2017-06-30	0.007331	0.013216	0.016634	0.007673	0.965286	1745700.000000
2017-06-29	-0.012316	0.004863	0.006213	-0.014264	-1.642013	1833800.000000
2017-06-28	0.007824	0.014539	0.015824	0.009172	1.034988	2410000.000000
2017-06-27	-0.009906	0.005761	0.006659	-0.005616	-1.323578	1944300.000000
2017-06-26	0.002015	0.007937	0.012512	0.005388	0.268692	1255500.000000
2017-06-23	-0.000597	0.004638	0.006287	0.001715	-0.079620	6316500.000000
2017-06-22	-0.001341	0.007557	0.007557	0.000746	-0.179123	1879400.000000
2017-06-21	-0.004892	0.005831	0.006874	-0.002586	-0.656814	2532600.000000
2017-06-20	-0.006846	0.000424	0.001904	-0.003274	-0.925492	1930100.000000
2017-06-19	0.008988	0.009490	0.014342	0.007699	1.204148	2825600.000000
2017-06-16	0.001190	0.006283	0.011289	0.003144	0.159225	3480100.000000
2017-06-15	0.001713	-0.001799	0.007632	-0.001799	0.228882	2818100.000000
2017-06-14	-0.001116	0.005386	0.008302	0.000676	-0.149262	2089500.000000
2017-06-13	0.008480	0.008633	0.013610	0.005617	1.124527	2694700.000000
2017-06-12	-0.003961	0.001408	0.008243	-0.004075	-0.527435	2230800.000000
2017-06-09	0.001797	0.005088	0.008851	0.000348	0.238831	2322100.000000
2017-06-08	0.006254	0.004863	0.011450	0.000547	0.825988	2578100.000000
2017-06-07	-0.000151	0.005771	0.009405	0.003349	-0.019912	2075500.000000
2017-06-06	-0.005618	0.004486	0.006218	-0.001159	-0.746369	1979700.000000
2017-06-05	-0.004029	0.004113	0.005762	0.000664	-0.537384	2484600.000000
2017-06-02	0.004346	0.006218	0.013522	0.004411	0.577195	2632500.000000
2017-06-01	0.003459	0.009170	0.011436	0.003578	0.457778	2296900.000000
2017-05-31	0.000451	0.008945	0.009020	0.005090	0.059723	2177500.000000
2017-05-30	-0.002402	0.000715	0.004636	0.000187	-0.318466	2698600.000000
2017-05-26	-0.003738	0.004487	0.007643	-0.001974	-0.497574	2690700.000000
2017-05-25	0.012184	0.010566	0.018475	0.005015	1.602204	2502300.000000
2017-05-24	0.002199	0.007987	0.011112	0.004024	0.288589	2167100.000000
2017-05-23	0.000076	0.004024	0.008979	0.001128	0.009964	2291000.000000
2017-05-22	0.003349	0.011745	0.012357	0.005398	0.437866	2186100.000000
2017-05-19	0.007514	0.012182	0.017113	0.007020	0.975251	2498300.000000
2017-05-18	0.003694	0.003780	0.014452	-0.002407	0.477676	2417400.000000
2017-05-17	-0.010697	0.004901	0.004901	-0.006498	-1.398193	3136800.000000
2017-05-16	0.000227	0.009950	0.012016	0.005512	0.029693	1881400.000000
2017-05-15	0.003727	0.010642	0.014405	0.008952	0.485184	2310500.000000
2017-05-12	-0.003108	0.008496	0.009032	0.005127	-0.405960	2167400.000000
2017-05-11	0.001214	0.011024	0.015777	0.002591	0.158417	2079200.000000
2017-05-10	-0.001289	0.008496	0.011099	0.004591	-0.168335	2426300.000000
2017-05-09	0.005948	0.010566	0.017498	0.008872	0.772323	2917000.000000
2017-05-08	-0.002131	0.010411	0.010411	0.005416	-0.277237	2340200.000000
2017-05-05	0.001601	0.010566	0.014184	0.006486	0.207932	4433600.000000
2017-05-04	0.000992	0.011645	0.012647	0.006714	0.128708	2827300.000000
2017-05-03	-0.000915	0.004715	0.012568	0.001790	-0.118805	4496900.000000
2017-05-02	0.002216	0.008639	0.015120	0.008485	0.287155	3948800.000000
2017-05-01	-0.001830	0.009103	0.015726	0.005021	-0.237656	3163700.000000
2017-04-28	0.009701	0.047820	0.049764	0.018193	1.247589	5979500.000000
2017-04-27	-0.001691	0.011813	0.013133	0.004749	-0.217834	3435300.000000
2017-04-26	0.006187	0.010341	0.021901	0.008701	0.792129	4690900.000000
2017-04-25	-0.003775	0.011273	0.022011	0.001391	-0.485183	6467800.000000
2017-04-24	0.021325	0.020044	0.039038	0.020044	2.683304	5641000.000000
2017-04-21	0.026743	0.036960	0.046915	0.028963	3.277397	6281900.000000
2017-04-20	0.008392	0.015792	0.025255	0.012337	1.019851	3977900.000000
2017-04-19	-0.002763	0.015858	0.015858	0.006340	-0.336662	1839800.000000
2017-04-18	-0.002836	0.008068	0.012078	0.003895	-0.346542	1666100.000000
2017-04-17	0.007592	0.014073	0.017618	0.009126	0.920830	1857200.000000
2017-04-13	-0.005278	0.008146	0.012657	0.004538	-0.643593	1677700.000000
2017-04-12	-0.011161	0.010923	0.011734	-0.002782	-1.376313	2720500.000000
2017-04-11	0.000643	0.009707	0.012628	0.003053	0.079224	1907200.000000
2017-04-10	0.001529	0.009869	0.017265	0.009625	0.188126	2268100.000000
2017-04-07	0.003553	0.011092	0.015170	0.007993	0.435661	1863700.000000
2017-04-06	0.002104	0.011340	0.016162	0.008070	0.257439	2076700.000000
2017-04-05	-0.004912	0.012797	0.017595	0.004420	-0.603989	2585600.000000
2017-04-04	-0.001206	0.011088	0.013281	0.006051	-0.148521	1769100.000000
2017-04-03	-0.004325	0.008818	0.012862	-0.002829	-0.534684	2905300.000000
2017-03-31	-0.004306	0.007534	0.011078	0.004233	-0.534675	2667800.000000
2017-03-30	0.000878	0.008580	0.013336	0.007452	0.108909	1781100.000000
2017-03-29	0.000160	0.007371	0.011563	0.005839	0.019806	1541300.000000
2017-03-28	0.006265	0.007598	0.020496	0.002163	0.772316	1973800.000000
2017-03-27	-0.002164	0.001856	0.010436	-0.003972	-0.267334	3328300.000000
2017-03-24	-0.005975	0.010514	0.014054	-0.000027	-0.742607	2222300.000000
2017-03-23	0.000159	0.010836	0.013813	0.006973	0.019791	1770300.000000
2017-03-22	-0.001273	0.011638	0.012201	0.000868	-0.158425	2101600.000000
2017-03-21	-0.006640	0.014421	0.016337	0.001248	-0.831718	2364200.000000
2017-03-20	-0.005190	0.008680	0.010030	0.003199	-0.653503	2030800.000000
2017-03-17	0.006331	0.013867	0.017623	0.009471	0.792121	3839800.000000
2017-03-16	-0.004804	0.014007	0.014007	0.003985	-0.603988	2742700.000000
2017-03-15	0.010023	0.014931	0.024492	0.012280	1.247589	3601300.000000
2017-03-14	-0.008049	-0.003518	0.008835	-0.010850	-1.009956	1978000.000000
2017-03-13	-0.002440	0.010586	0.012415	0.005578	-0.306946	3118100.000000
2017-03-10	0.006736	0.017394	0.019314	0.012351	0.841629	2685800.000000
2017-03-09	-0.003160	0.009551	0.015056	0.003169	-0.396057	2479300.000000
2017-03-08	0.002614	0.011150	0.017549	0.008031	0.326744	3119800.000000
2017-03-07	0.001428	0.009069	0.012594	0.005945	0.178222	2052800.000000
2017-03-06	-0.001030	0.001148	0.012751	0.000428	-0.128715	3023000.000000
2017-03-03	-0.000950	0.009631	0.012349	0.004994	-0.118820	1953400.000000
2017-03-02	-0.007230	0.006061	0.010744	-0.001399	-0.910927	3015200.000000
2017-03-01	0.022088	0.016927	0.033556	0.016927	2.722900	3969900.000000
2017-02-28	-0.003123	0.010840	0.016662	0.004775	-0.386154	2902900.000000
2017-02-27	-0.001120	0.006477	0.010516	0.003569	-0.138618	4086300.000000
2017-02-24	0.001682	0.005257	0.011649	0.000241	0.207924	2524100.000000
2017-02-23	-0.001759	0.009627	0.013020	0.001954	-0.217827	2992200.000000
2017-02-22	0.008021	0.009665	0.018296	0.005676	0.985199	3201000.000000
2017-02-21	0.001204	0.017321	0.018951	0.012430	0.147728	2369200.000000
2017-02-17	0.003222	0.013402	0.018636	0.008495	0.393936	2718300.000000
2017-02-16	-0.000966	0.015528	0.016672	0.007358	-0.118180	4308800.000000
2017-02-15	0.005339	0.013229	0.022346	0.011668	0.650017	3220500.000000
2017-02-14	0.000000	0.014379	0.018157	0.011422	0.000000	3111300.000000
2017-02-13	0.014526	0.018531	0.031697	0.017448	1.743218	4425000.000000
2017-02-10	0.009862	0.016459	0.026641	0.016038	1.171989	3590300.000000
2017-02-09	0.007767	0.015365	0.025880	0.014601	0.915924	2184800.000000
2017-02-08	0.000084	0.014516	0.017739	0.011887	0.009850	1824100.000000
2017-02-07	0.003184	0.018257	0.022341	0.016045	0.374252	2548900.000000
2017-02-06	0.001258	0.014001	0.018772	0.012553	0.147720	3006000.000000
2017-02-03	0.010170	0.019926	0.027154	0.014676	1.181855	2860400.000000
2017-02-02	-0.000085	0.011751	0.016483	0.007878	-0.009850	2213800.000000
2017-02-01	-0.002705	0.018711	0.020599	0.007813	-0.315163	2399600.000000
2017-01-31	-0.006632	0.014256	0.016388	0.000532	-0.778038	4243800.000000
2017-01-30	0.005827	0.012535	0.021367	0.009706	0.679558	3160000.000000
2017-01-27	0.003814	0.021217	0.025177	0.008049	0.443184	3873800.000000
2017-01-26	0.000764	0.016226	0.017346	0.010197	0.088646	6179200.000000
2017-01-25	-0.000678	0.018033	0.021390	0.013299	-0.078789	4294200.000000
2017-01-24	0.004684	0.017354	0.021159	0.014154	0.541664	2554000.000000
2017-01-23	-0.003480	0.015968	0.019070	0.008126	-0.403785	2273100.000000
2017-01-20	-0.000763	0.019929	0.019929	0.008562	-0.088639	2943100.000000
2017-01-19	-0.001271	0.017687	0.021299	0.008914	-0.147728	2413200.000000
2017-01-18	0.007080	0.017876	0.024632	0.015191	0.817437	2305600.000000
2017-01-17	-0.007114	0.009775	0.015451	0.006249	-0.827286	3360900.000000
2017-01-13	0.003741	0.015710	0.021234	0.015192	0.433342	2988300.000000
2017-01-12	-0.003220	0.015365	0.015365	0.003749	-0.374260	3161500.000000
2017-01-11	0.001358	0.012694	0.017691	0.009161	0.157585	2887100.000000
2017-01-10	0.002552	0.013464	0.023052	0.009577	0.295456	3751900.000000
2017-01-09	-0.008268	0.013137	0.014165	0.006970	-0.965164	3863100.000000
2017-01-06	0.015159	0.016930	0.032322	0.013191	1.743210	3613700.000000
2017-01-05	0.002232	0.015626	0.023732	0.012924	0.256065	2651100.000000
2017-01-04	0.002754	0.019385	0.022269	0.014054	0.315170	2941600.000000
2017-01-03	0.002848	0.022201	0.024567	0.012823	0.324997	3024800.000000
2016-12-30	-0.001293	0.017115	0.017115	0.010288	-0.147728	2285400.000000
2016-12-29	0.002160	0.018610	0.022645	0.015803	0.246216	1667000.000000
2016-12-28	-0.010937	0.016666	0.018315	0.003825	-1.260628	2599400.000000
2016-12-27	0.000342	0.015538	0.020225	0.013716	0.039391	1146900.000000
2016-12-23	0.000599	0.018751	0.019967	0.013628	0.068947	1426100.000000
2016-12-22	-0.002389	0.016577	0.017964	0.010253	-0.275765	3241300.000000
2016-12-21	-0.004333	0.014243	0.017004	0.008636	-0.502288	2750900.000000
2016-12-20	0.003581	0.016750	0.022290	0.015451	0.413650	2720000.000000
2016-12-19	0.007819	0.020774	0.030022	0.019029	0.896233	3596000.000000
2016-12-16	0.000344	-0.008200	0.026187	-0.008549	0.039398	7634300.000000
2016-12-15	-0.001459	0.013622	0.023905	0.012227	-0.167443	3984400.000000
2016-12-14	-0.013379	0.013215	0.019922	-0.000198	-1.556076	4154800.000000
2016-12-13	0.005792	0.017267	0.023926	0.014413	0.669693	4255200.000000
2016-12-12	0.010152	0.016850	0.025673	0.010560	1.162148	5700200.000000
2016-12-09	0.005015	0.011063	0.022213	0.009921	0.571220	2915300.000000
2016-12-08	-0.007381	0.013883	0.020855	0.000724	-0.846985	5212000.000000
2016-12-07	0.030424	0.018059	0.048950	0.013030	3.387948	7456800.000000
2016-12-06	0.001683	0.019502	0.022381	0.013386	0.187126	2545600.000000
2016-12-05	0.003824	0.019428	0.027554	0.017712	0.423500	3026300.000000
2016-12-02	-0.010733	0.017955	0.018312	0.001966	-1.201546	3536500.000000
2016-12-01	-0.002370	0.009127	0.016345	0.005295	-0.265915	3807300.000000
2016-11-30	0.005294	0.018859	0.027907	0.014827	0.590927	5896800.000000
2016-11-29	-0.004480	0.011886	0.021072	0.010370	-0.502289	3334600.000000
2016-11-28	-0.002803	0.015276	0.015542	0.007983	-0.315155	2617400.000000
2016-11-25	0.002987	0.016167	0.020092	0.012599	0.334847	831300.000000
2016-11-23	0.011643	0.017621	0.028359	0.017621	1.290192	2626800.000000
2016-11-22	0.002763	0.018260	0.020341	0.014369	0.305305	2152600.000000
2016-11-21	0.001071	0.016723	0.018897	0.012556	0.118179	2523300.000000
2016-11-18	-0.008930	0.014287	0.014467	0.004502	-0.994712	2879100.000000
2016-11-17	0.007393	0.018259	0.025494	0.016902	0.817443	2195000.000000
2016-11-16	-0.001645	0.015500	0.018750	0.010082	-0.182220	2472500.000000
2016-11-15	0.000708	0.021550	0.024983	0.012785	0.078339	2794000.000000
2016-11-14	-0.001854	0.024706	0.031380	0.017671	-0.205605	2677100.000000
2016-11-11	0.000530	0.020647	0.024256	0.017308	0.058739	3292000.000000
2016-11-10	0.007387	0.028187	0.040822	0.025550	0.812637	6553600.000000
2016-11-09	0.015729	0.025339	0.044636	0.013151	1.703590	4567500.000000
2016-11-08	-0.005663	0.019074	0.023756	0.014575	-0.616813	3281000.000000
2016-11-07	0.027714	0.036277	0.050524	0.032691	2.937240	4672500.000000
2016-11-04	-0.000923	0.022594	0.029382	0.018164	-0.097908	3140300.000000
2016-11-03	-0.001014	0.024100	0.024759	0.017131	-0.107704	3741800.000000
2016-11-02	-0.006322	0.023615	0.023615	0.010701	-0.675567	4639500.000000
2016-11-01	-0.004832	0.023138	0.026118	0.013454	-0.518906	2931500.000000
2016-10-31	-0.001366	0.022578	0.024531	0.018579	-0.146874	2542400.000000
2016-10-28	0.009189	0.026718	0.040608	0.022307	0.979088	2878700.000000
2016-10-27	-0.005483	0.024449	0.025662	0.011942	-0.587448	2912100.000000
2016-10-26	0.003301	0.019402	0.027737	0.016406	0.352471	2133700.000000
2016-10-25	-0.001739	0.023612	0.023706	0.015293	-0.186028	3533000.000000
2016-10-24	0.002753	0.025775	0.032243	0.019963	0.293724	3455700.000000
2016-10-21	0.007583	0.019669	0.035158	0.015419	0.802849	3373400.000000
2016-10-20	-0.001201	0.019577	0.024293	0.016180	-0.127281	4080700.000000
2016-10-19	0.003708	0.022694	0.028849	0.017013	0.391617	3126200.000000
2016-10-18	-0.001573	0.031957	0.032051	0.018249	-0.166436	3258800.000000
2016-10-17	-0.008807	0.020057	0.025117	0.011624	-0.939911	3621600.000000
2016-10-14	0.006835	0.037690	0.038445	0.024105	0.724518	5307100.000000
2016-10-13	0.007726	0.015665	0.033253	0.013003	0.812638	5118400.000000
2016-10-12	0.015598	0.021852	0.040390	0.020886	1.615478	7245100.000000
2016-10-11	-0.009551	0.017830	0.017830	0.006641	-0.998665	8347200.000000
2016-10-10	-0.001309	0.024521	0.031111	0.014397	-0.137069	8423100.000000
2016-10-07	-0.074994	-0.054520	-0.049750	-0.070158	-8.488610	20446300.000000
2016-10-06	0.003037	0.021901	0.026952	0.019065	0.342674	3271300.000000
2016-10-05	0.003308	0.023325	0.029726	0.023325	0.372063	2122900.000000
2016-10-04	-0.010082	0.020665	0.020753	0.008431	-1.145531	2522200.000000
2016-10-03	0.000672	0.019941	0.024169	0.016595	0.076294	2481300.000000
2016-09-30	0.003443	0.025325	0.028489	0.020138	0.389557	3858100.000000
2016-09-29	-0.008279	0.026251	0.026251	0.012477	-0.944671	1887000.000000
2016-09-28	0.008175	0.023654	0.030597	0.018293	0.925193	3348900.000000
2016-09-27	0.002329	0.018990	0.025862	0.015026	0.262963	3708800.000000
2016-09-26	-0.000345	0.019255	0.029031	0.016173	-0.038964	2620300.000000
2016-09-23	-0.007276	0.008081	0.017610	0.007731	-0.827804	2360800.000000
2016-09-22	0.007763	0.025510	0.033175	0.023748	0.876495	2911700.000000
2016-09-21	0.009228	0.022169	0.030972	0.017990	1.032318	2451500.000000
2016-09-20	0.002881	0.028592	0.032515	0.023063	0.321396	2874400.000000
2016-09-19	0.002451	0.026822	0.034062	0.023157	0.272690	2971500.000000
2016-09-16	-0.008848	0.016850	0.017648	0.005510	-0.993370	3937900.000000
2016-09-15	0.010962	0.019130	0.034446	0.018055	1.217361	3283800.000000
2016-09-14	0.021774	0.022833	0.045896	0.022833	2.366555	4401800.000000
2016-09-13	-0.016654	0.015429	0.016689	0.001570	-1.840660	3897400.000000
2016-09-12	0.013213	0.014621	0.039606	0.012159	1.441368	3829200.000000
2016-09-09	-0.015902	0.012754	0.017151	0.002883	-1.762749	4561900.000000
2016-09-08	-0.003676	0.019223	0.023962	0.015021	-0.409035	2718500.000000
2016-09-07	-0.012704	0.019692	0.021545	0.003892	-1.431610	3434400.000000
2016-09-06	-0.005842	0.021895	0.023124	0.009259	-0.662247	2205800.000000
2016-09-02	0.002239	0.022512	0.028493	0.018555	0.253212	2487400.000000
2016-09-01	-0.004970	0.018656	0.021981	0.007629	-0.564857	2883300.000000
2016-08-31	-0.002649	0.020845	0.022329	0.016045	-0.301910	2063600.000000
2016-08-30	-0.001280	0.021631	0.023461	0.018580	-0.146073	1957200.000000
2016-08-29	0.003597	0.021369	0.026880	0.019269	0.409020	2415900.000000
2016-08-26	-0.000171	0.024518	0.029941	0.017870	-0.019471	1712800.000000
2016-08-25	0.000086	0.020319	0.025480	0.017957	0.009736	1833300.000000
2016-08-24	-0.002137	0.019536	0.021980	0.017266	-0.243470	1737900.000000
2016-08-23	0.003688	0.024348	0.028115	0.023734	0.418770	1821100.000000
2016-08-22	0.004048	0.019610	0.028670	0.018114	0.457726	2231000.000000
2016-08-19	0.002158	0.017931	0.024807	0.017931	0.243477	1601900.000000
2016-08-18	0.000691	0.019869	0.023133	0.018370	0.077903	1786100.000000
2016-08-17	0.001254	0.021060	0.023445	0.016467	0.141220	1701100.000000
2016-08-16	-0.005221	0.023022	0.031984	0.020649	-0.591034	1948100.000000
2016-08-15	0.006374	0.030161	0.034760	0.026005	0.716996	1857900.000000
2016-08-12	-0.002320	0.024684	0.026183	0.021860	-0.261605	1371400.000000
2016-08-11	0.002930	0.030341	0.031933	0.027067	0.329438	1574600.000000
2016-08-10	-0.001978	0.027154	0.028744	0.020531	-0.222855	1777500.000000
2016-08-09	0.001896	0.028305	0.031402	0.025563	0.213150	1672500.000000
2016-08-08	-0.002836	0.028653	0.030153	0.020802	-0.319733	2020100.000000
2016-08-05	0.003622	0.029723	0.035036	0.026182	0.406937	2953300.000000
2016-08-04	-0.000517	0.026890	0.031757	0.025651	-0.058136	1297100.000000
2016-08-03	0.004851	0.026713	0.032582	0.023779	0.542603	2000200.000000
2016-08-02	-0.003711	0.023258	0.025384	0.019183	-0.416642	2103800.000000
2016-08-01	-0.003868	0.023271	0.026713	0.017623	-0.435997	2282500.000000
2016-07-29	0.004924	0.025205	0.033187	0.020328	0.552269	2955500.000000
2016-07-28	0.006959	0.026982	0.035198	0.020195	0.775124	2993300.000000
2016-07-27	-0.008538	0.027775	0.030697	0.014671	-0.959221	3464800.000000
2016-07-26	0.003983	0.024846	0.030802	0.018713	0.445694	3066000.000000
2016-07-25	-0.001038	0.021829	0.034084	0.021829	-0.116272	5429700.000000
2016-07-22	-0.025704	-0.016721	0.003611	-0.024940	-2.955147	9216200.000000
2016-07-21	-0.010177	0.026025	0.027652	0.013094	-1.182068	4129300.000000
2016-07-20	0.004441	0.027399	0.032216	0.025248	0.513527	2185900.000000
2016-07-19	0.003869	0.024034	0.031287	0.021875	0.445702	2194500.000000
2016-07-18	-0.002852	0.026624	0.026797	0.021889	-0.329437	1254600.000000
2016-07-15	0.001176	0.031624	0.032142	0.025331	0.135650	2266000.000000
2016-07-14	0.000336	0.031971	0.034989	0.025331	0.038750	2428800.000000
2016-07-13	0.000252	0.031714	0.033352	0.024382	0.029076	1911400.000000
2016-07-12	0.003795	0.030434	0.036495	0.028443	0.435997	2310500.000000
2016-07-11	-0.002272	0.027661	0.028352	0.020404	-0.261605	2983200.000000
2016-07-08	0.023512	0.035113	0.052089	0.033875	2.645111	2538300.000000
2016-07-07	-0.006078	0.026273	0.029612	0.015464	-0.687912	2151900.000000
2016-07-06	0.013799	0.028852	0.041147	0.019319	1.540558	3114700.000000
2016-07-05	-0.010901	0.021073	0.026272	0.010498	-1.230522	2429500.000000
2016-07-01	0.001548	0.029537	0.038098	0.026095	0.174408	2244800.000000
2016-06-30	0.016250	0.031468	0.043487	0.027970	1.802155	3395500.000000
2016-06-29	0.003507	0.029325	0.034725	0.018704	0.387565	4038100.000000
2016-06-28	0.023327	0.043756	0.050941	0.035098	2.519158	3663400.000000
2016-06-27	-0.013454	0.018355	0.018355	0.001363	-1.472741	3913500.000000
2016-06-24	-0.036993	-0.006803	0.009298	-0.014329	-4.205047	3682900.000000
2016-06-23	0.006434	0.034903	0.036576	0.027241	0.726684	2018100.000000
2016-06-22	-0.006223	0.027937	0.031088	0.019098	-0.707298	2207100.000000
2016-06-21	0.002050	0.030308	0.031536	0.025747	0.232536	2331700.000000
2016-06-20	0.009834	0.038846	0.049739	0.032912	1.104554	2912700.000000
2016-06-17	0.001123	0.027777	0.029905	0.021127	0.125961	3276300.000000
2016-06-16	0.002337	0.021737	0.030979	0.013116	0.261597	2155900.000000
2016-06-15	0.000087	0.030713	0.035601	0.026002	0.009697	2900200.000000
2016-06-14	0.003301	0.026000	0.030726	0.021542	0.368171	2064800.000000
2016-06-13	-0.013284	0.026008	0.026272	0.012371	-1.501800	2412300.000000
2016-06-10	-0.004522	0.029252	0.029252	0.017953	-0.513512	3262500.000000
2016-06-09	0.009822	0.022202	0.037504	0.021052	1.104553	2671700.000000
2016-06-08	0.006242	0.028048	0.035880	0.026179	0.697602	2462300.000000
2016-06-07	-0.001644	0.026624	0.029645	0.024758	-0.184090	2013100.000000
2016-06-06	0.006534	0.028324	0.035389	0.026356	0.726685	1881800.000000
2016-06-03	0.002270	0.028597	0.030658	0.019453	0.251922	2156900.000000
2016-06-02	0.005178	0.027615	0.031940	0.023020	0.571633	2152800.000000
2016-06-01	0.000966	0.027166	0.029420	0.014268	0.106582	2240400.000000
2016-05-31	-0.004373	0.026175	0.028959	0.018094	-0.484459	2996300.000000
2016-05-27	0.001226	0.029142	0.030311	0.024017	0.135666	1769400.000000
2016-05-26	-0.004620	0.026624	0.031636	0.018391	-0.513527	2033400.000000
2016-05-25	0.003060	0.028599	0.034524	0.027163	0.339119	1598700.000000
2016-05-24	0.013918	0.029355	0.044008	0.028536	1.521172	2098700.000000
2016-05-23	-0.003710	0.025446	0.028166	0.020912	-0.406937	1708800.000000
2016-05-20	0.008013	0.030281	0.042803	0.030281	0.872025	4006800.000000
2016-05-19	-0.003283	0.020429	0.025440	0.008677	-0.358506	3042200.000000
2016-05-18	-0.008272	0.022378	0.028160	0.012892	-0.910766	2481500.000000
2016-05-17	-0.005383	0.025321	0.028826	0.015796	-0.595871	2509500.000000
2016-05-16	0.014488	0.035800	0.049566	0.030057	1.580757	2410300.000000
2016-05-13	-0.008670	0.031339	0.034773	0.019952	-0.954239	2526300.000000
2016-05-12	0.000701	0.035860	0.038121	0.026545	0.077118	2377800.000000
2016-05-11	-0.007221	0.032510	0.035293	0.023172	-0.800034	1727700.000000
2016-05-10	0.015730	0.039085	0.053311	0.032792	1.715722	2885800.000000
2016-05-09	-0.005449	0.030974	0.033967	0.024715	-0.597611	2687000.000000
2016-05-06	0.001408	0.031608	0.035423	0.025522	0.154213	3353600.000000
2016-05-05	0.006110	0.035170	0.042206	0.033068	0.665085	3015300.000000
2016-05-04	-0.013798	0.024221	0.027195	0.015209	-1.522942	3255900.000000
2016-05-03	-0.001395	0.024142	0.034401	0.023062	-0.154213	2635200.000000
2016-05-02	0.003500	0.033687	0.037390	0.027998	0.385552	3070300.000000
2016-04-29	-0.003054	0.030080	0.035483	0.023598	-0.337357	2733500.000000
2016-04-28	-0.007103	0.029111	0.041626	0.021065	-0.790390	3004700.000000
2016-04-27	0.005575	0.032511	0.042309	0.028555	0.616898	3282600.000000
2016-04-26	0.013686	0.035343	0.047462	0.035343	1.494011	2981200.000000
2016-04-25	-0.008058	0.030435	0.039474	0.017871	-0.886772	3681900.000000
2016-04-22	-0.006526	0.023710	0.037988	0.008803	-0.722908	4926400.000000
2016-04-21	-0.002257	0.033136	0.041020	0.027760	-0.250626	2880800.000000
2016-04-20	-0.005354	0.033219	0.033664	0.023951	-0.597588	2576500.000000
2016-04-19	0.002945	0.035814	0.041803	0.030809	0.327706	2218400.000000
2016-04-18	0.007241	0.031701	0.039984	0.027380	0.800026	2599900.000000
2016-04-15	0.000961	0.031070	0.035396	0.027736	0.106033	2104500.000000
2016-04-14	-0.001917	0.034220	0.034220	0.027024	-0.212059	1775900.000000
2016-04-13	0.015129	0.040188	0.049501	0.035715	1.648254	3476200.000000
2016-04-12	0.009737	0.033354	0.044970	0.032524	1.050621	2151700.000000
2016-04-11	-0.001606	0.034640	0.038874	0.029946	-0.173515	2166000.000000
2016-04-08	0.004030	0.035760	0.044170	0.032156	0.433769	2083300.000000
2016-04-07	-0.012295	0.027499	0.027864	0.016545	-1.339821	2765700.000000
2016-04-06	0.011451	0.032248	0.045081	0.027263	1.233796	2523300.000000
2016-04-05	-0.006841	0.026562	0.031238	0.020785	-0.742188	3339300.000000
2016-04-04	-0.006006	0.033703	0.033703	0.022675	-0.655456	2337300.000000
2016-04-01	0.010531	0.026906	0.044865	0.020735	1.137382	2375700.000000
2016-03-31	-0.001070	0.031419	0.035191	0.022495	-0.115662	2512200.000000
2016-03-30	0.002413	0.042300	0.042300	0.032156	0.260247	2231800.000000
2016-03-29	0.002688	0.028272	0.037427	0.020690	0.289169	2482700.000000
2016-03-28	0.002515	0.033825	0.037070	0.029746	0.269882	2144800.000000
2016-03-24	-0.007932	0.024614	0.029856	0.020843	-0.857857	2380100.000000
2016-03-23	-0.006815	0.027313	0.029688	0.022380	-0.742179	2213100.000000
2016-03-22	0.002662	0.025560	0.039206	0.024187	0.289169	3135800.000000
2016-03-21	0.005174	0.028657	0.038231	0.027000	0.559044	2908400.000000
2016-03-18	0.009728	0.037270	0.042382	0.031599	1.040993	5431900.000000
2016-03-17	0.016387	0.036128	0.052000	0.025830	1.725357	4233800.000000
2016-03-16	0.005061	0.031117	0.041277	0.026464	0.530128	2667100.000000
2016-03-15	0.001567	0.025029	0.034539	0.023127	0.163864	2031900.000000
2016-03-14	-0.004769	0.028942	0.036325	0.026955	-0.501220	2799500.000000
2016-03-11	0.006183	0.043876	0.046542	0.034638	0.645797	2813100.000000
2016-03-10	-0.005233	0.033108	0.035761	0.016245	-0.549415	3155700.000000
2016-03-09	0.012549	0.033890	0.045113	0.033698	1.301246	3581200.000000
2016-03-08	0.001024	0.022657	0.034852	0.018720	0.106034	3126200.000000
2016-03-07	-0.006288	0.028822	0.032830	0.017277	-0.655442	3903500.000000
2016-03-04	0.001574	0.030729	0.041146	0.028913	0.163857	2965900.000000
2016-03-03	0.013992	0.033037	0.048639	0.029161	1.436172	5335900.000000
2016-03-02	0.005856	0.031289	0.049419	0.027195	0.597618	4225200.000000
2016-03-01	0.044598	0.054983	0.077995	0.051827	4.356751	8266200.000000
2016-02-29	-0.016306	0.027564	0.036579	0.014443	-1.619316	5601200.000000
2016-02-26	-0.011133	0.030981	0.035339	0.017312	-1.118103	7950500.000000
2016-02-25	0.008616	0.035168	0.041562	0.029374	0.857849	4866400.000000
2016-02-24	-0.003280	0.018927	0.032867	0.008173	-0.327705	6798000.000000
2016-02-23	-0.008941	0.029356	0.044060	0.018106	-0.901238	7879100.000000
2016-02-22	-0.019577	0.044906	0.082251	0.012494	-2.012703	15198600.000000
2016-02-19	0.007514	0.034626	0.048078	0.027413	0.766739	4448500.000000
2016-02-18	0.003204	0.035887	0.046937	0.033931	0.325859	4117200.000000
2016-02-17	0.011244	0.042194	0.054160	0.041007	1.130959	6070400.000000
2016-02-16	0.014206	0.047772	0.063117	0.044663	1.408897	5309900.000000
2016-02-12	0.019106	0.049495	0.060738	0.041522	1.859352	4467400.000000
2016-02-11	-0.010332	0.015690	0.034909	0.010834	-1.015953	5078200.000000
2016-02-10	-0.001168	0.042086	0.056535	0.035317	-0.114990	4062300.000000
2016-02-09	0.011721	0.024656	0.058491	0.024656	1.140526	3727200.000000
2016-02-08	-0.005875	0.026360	0.032864	0.014979	-0.575051	3468200.000000
2016-02-05	-0.004096	0.038956	0.039968	0.024383	-0.402542	3689200.000000
2016-02-04	0.003817	0.033068	0.053691	0.032357	0.373779	5066700.000000
2016-02-03	0.014902	0.045988	0.054546	0.025058	1.437638	3778700.000000
2016-02-02	-0.021578	0.026948	0.026948	0.009698	-2.127709	3836600.000000
2016-02-01	-0.003101	0.027786	0.037843	0.012500	-0.306694	5423000.000000
2016-01-29	0.053384	0.069835	0.095683	0.058076	5.012589	6675200.000000
2016-01-28	0.010417	0.048118	0.054862	0.039341	0.968002	4523300.000000
2016-01-27	-0.015734	0.030047	0.040687	0.014770	-1.485550	5087100.000000
2016-01-26	0.021041	0.040747	0.061078	0.036875	1.945610	3275100.000000
2016-01-25	-0.013699	0.035297	0.036782	0.022459	-1.284294	2444700.000000
2016-01-22	0.012839	0.054607	0.058797	0.039885	1.188454	3207200.000000
2016-01-21	0.003533	0.044098	0.052940	0.034069	0.325867	3058400.000000
2016-01-20	-0.011199	0.018223	0.033151	-0.000758	-1.044686	4991900.000000
2016-01-19	0.000720	0.050221	0.051608	0.026638	0.067078	3755800.000000
2016-01-15	-0.014989	0.012301	0.025755	0.007992	-1.418472	4813800.000000
2016-01-14	0.016890	0.040408	0.063281	0.031644	1.571838	5483000.000000
2016-01-13	-0.020873	0.043913	0.045482	0.012203	-1.983971	2999100.000000
2016-01-12	0.007620	0.046490	0.050180	0.031621	0.718819	3163400.000000
2016-01-11	-0.000101	0.041955	0.048282	0.027404	-0.009560	3147200.000000
2016-01-08	-0.008062	0.045060	0.049452	0.026861	-0.766754	4048600.000000
2016-01-07	-0.029441	0.020586	0.026372	0.002010	-2.884872	3438700.000000
2016-01-06	-0.011314	0.025097	0.028710	0.018473	-1.121369	2333900.000000
2016-01-05	0.008189	0.038551	0.048164	0.034807	0.805077	2567300.000000
2016-01-04	-0.009655	0.018302	0.028524	0.011989	-0.958428	3358800.000000
2015-12-31	-0.008520	0.033968	0.039035	0.028106	-0.852996	2053500.000000
2015-12-30	-0.008354	0.038434	0.038828	0.026513	-0.843422	2236900.000000
2015-12-29	0.009681	0.046497	0.051670	0.036948	0.968010	2024400.000000
2015-12-28	-0.003058	0.033678	0.037545	0.029711	-0.306687	1442700.000000
2015-12-24	-0.002954	0.036953	0.038140	0.033097	-0.297119	798100.000000
2015-12-23	0.007680	0.043124	0.049401	0.038540	0.766739	3669700.000000
2015-12-22	0.015205	0.041181	0.056759	0.036932	1.495140	2565700.000000
2015-12-21	0.007562	0.046914	0.057411	0.038862	0.738014	3078900.000000
2015-12-18	-0.004692	0.035611	0.044741	0.029119	-0.460045	5518200.000000
2015-12-17	-0.017006	0.039040	0.042330	0.019695	-1.696426	3767000.000000
2015-12-16	0.056971	0.072202	0.100343	0.067670	5.376770	7400400.000000
2015-12-15	-0.005152	0.042561	0.048014	0.031552	-0.488785	5113100.000000
2015-12-14	0.007635	0.039005	0.046612	0.031821	0.718827	5791800.000000
2015-12-11	-0.034690	0.022646	0.029990	-0.001423	-3.383263	5583200.000000
2015-12-10	-0.001276	0.040593	0.042427	0.031833	-0.124580	2827200.000000
2015-12-09	-0.007501	0.032182	0.046840	0.025206	-0.737999	2477700.000000
2015-12-08	-0.014590	0.026387	0.031666	0.020011	-1.456818	2726300.000000
2015-12-07	-0.003539	0.037843	0.040821	0.028512	-0.354622	2310600.000000
2015-12-04	0.020996	0.041694	0.061255	0.037944	2.060623	3570900.000000
2015-12-03	-0.006789	0.040963	0.043681	0.025361	-0.670898	2717200.000000
2015-12-02	-0.010082	0.035451	0.039238	0.025586	-1.006348	2496100.000000
2015-12-01	0.001924	0.037344	0.051022	0.036046	0.191689	3281900.000000
2015-11-30	-0.001057	0.040236	0.042630	0.035449	-0.105439	2909900.000000
2015-11-27	0.004149	0.038143	0.045554	0.035840	0.412125	1150700.000000
2015-11-25	0.004459	0.040961	0.045287	0.035227	0.440880	3744900.000000
2015-11-24	-0.013577	0.025042	0.030004	0.013035	-1.360970	5779800.000000
2015-11-23	-0.009846	0.037155	0.040790	0.020256	-0.996765	3151300.000000
2015-11-20	0.005617	0.041301	0.048711	0.040906	0.565468	2575600.000000
2015-11-19	0.009418	0.039837	0.049013	0.037943	0.939262	3426800.000000
2015-11-18	0.017304	0.041191	0.056715	0.039162	1.696427	2549300.000000
2015-11-17	-0.000733	0.046106	0.046106	0.033534	-0.071869	2436700.000000
2015-11-16	0.018599	0.043875	0.063600	0.042636	1.791420	2309900.000000
2015-11-13	-0.008728	0.041623	0.049403	0.031796	-0.848068	2459200.000000
2015-11-12	-0.012493	0.035788	0.037608	0.027397	-1.229233	3496700.000000
2015-11-11	0.008399	0.048769	0.061511	0.044385	0.819496	2315800.000000
2015-11-10	-0.003018	0.039404	0.045400	0.029647	-0.295387	2772000.000000
2015-11-09	-0.012404	0.037351	0.040061	0.024002	-1.229248	3291900.000000
2015-11-06	0.003861	0.036520	0.047906	0.033900	0.381149	2468100.000000
2015-11-05	0.002225	0.043976	0.049430	0.038725	0.219177	2235900.000000
2015-11-04	-0.002701	0.044278	0.049616	0.039444	-0.266815	1950900.000000
2015-11-03	-0.005087	0.041771	0.044176	0.035960	-0.505020	2479500.000000
2015-11-02	0.008714	0.043774	0.054690	0.041045	0.857597	2463500.000000
2015-10-30	0.003303	0.047425	0.054624	0.043875	0.323983	2938800.000000
2015-10-29	-0.006179	0.040449	0.046496	0.031278	-0.609848	3145700.000000
2015-10-28	0.011030	0.044487	0.056102	0.041430	1.076774	2529300.000000
2015-10-27	-0.003211	0.041844	0.046008	0.036258	-0.314476	2465500.000000
2015-10-26	-0.003394	0.046811	0.046811	0.038005	-0.333496	1911900.000000
2015-10-23	0.005362	0.051304	0.056290	0.038889	0.524086	4130600.000000
2015-10-22	0.038574	0.049160	0.087524	0.049160	3.630508	4439700.000000
2015-10-21	0.004986	0.050142	0.061188	0.043344	0.466919	3652300.000000
2015-10-20	0.011319	0.044090	0.061706	0.044090	1.048180	4619100.000000
2015-10-19	0.001546	0.041293	0.049255	0.038174	0.142944	5979600.000000
2015-10-16	-0.014924	0.059772	0.068780	0.010281	-1.400764	12712500.000000
2015-10-15	0.002443	0.049931	0.049931	0.034845	0.228699	6050200.000000
2015-10-14	-0.015628	0.044294	0.045758	0.027352	-1.486504	3570000.000000
2015-10-13	-0.016552	0.035442	0.039659	0.025569	-1.600868	3679700.000000
2015-10-12	0.003361	0.045217	0.049241	0.040573	0.323990	1771400.000000
2015-10-09	0.000890	0.044392	0.054617	0.043256	0.085762	3329100.000000
2015-10-08	0.015881	0.039469	0.063916	0.039049	1.505561	3100900.000000
2015-10-07	0.013033	0.052591	0.066622	0.049721	1.219719	2997200.000000
2015-10-06	-0.001728	0.043875	0.051303	0.041435	-0.162017	2619600.000000
2015-10-05	0.019060	0.049714	0.069718	0.047768	1.753341	3726200.000000
2015-10-02	0.019322	0.029106	0.064817	0.025138	1.743782	3837800.000000
2015-10-01	0.000211	0.044427	0.059199	0.031859	0.019059	3332400.000000
2015-09-30	0.023455	0.056625	0.070051	0.054707	2.067787	4421600.000000
2015-09-29	0.010154	0.048206	0.061085	0.045243	0.886177	3470300.000000
2015-09-28	-0.020637	0.036173	0.042424	0.022109	-1.839089	4386100.000000
2015-09-25	-0.001068	0.056587	0.056921	0.037408	-0.095276	3919200.000000
2015-09-24	-0.010255	0.033502	0.036812	0.012423	-0.924316	5605100.000000
2015-09-23	-0.015098	0.045832	0.048332	0.023115	-1.381683	5746300.000000
2015-09-22	-0.017393	0.028282	0.029564	0.016961	-1.619919	4605900.000000
2015-09-21	-0.003060	0.045366	0.049731	0.034931	-0.285866	2697600.000000
2015-09-18	-0.024769	0.031000	0.031726	0.015009	-2.372696	4926800.000000
2015-09-17	-0.004259	0.043565	0.057627	0.037155	-0.409752	2715700.000000
2015-09-16	0.006380	0.047725	0.052304	0.044500	0.609848	3260800.000000
2015-09-15	0.011086	0.048294	0.059867	0.044506	1.048172	3013800.000000
2015-09-14	-0.004015	0.047962	0.047962	0.036645	-0.381149	2518400.000000
2015-09-11	0.000703	0.043037	0.044819	0.032131	0.066711	2570600.000000
2015-09-10	0.006980	0.042397	0.057497	0.037540	0.657502	3542700.000000
2015-09-09	-0.009518	0.050464	0.056530	0.031639	-0.905259	3311000.000000
2015-09-08	0.033337	0.067868	0.078783	0.063329	3.068322	3734700.000000
2015-09-04	-0.020087	0.030532	0.034662	0.017294	-1.886727	3673100.000000
2015-09-03	0.005714	0.049307	0.061449	0.047710	0.533608	3140900.000000
2015-09-02	0.021363	0.055515	0.066176	0.049859	1.953445	3839400.000000
2015-09-01	-0.033343	0.019795	0.024632	0.003391	-3.154075	4298600.000000
2015-08-31	-0.007499	0.039596	0.047633	0.034274	-0.714676	4264400.000000
2015-08-28	0.001302	0.040009	0.047638	0.035724	0.123886	3474700.000000
2015-08-27	0.021057	0.057853	0.072365	0.049637	1.962951	5062000.000000
2015-08-26	0.041520	0.069880	0.087773	0.056878	3.716256	5292300.000000
2015-08-25	-0.014169	0.077510	0.079592	0.027770	-1.286385	6117800.000000
2015-08-24	-0.036408	-0.025273	0.039758	-0.081542	-3.430405	7730600.000000
2015-08-21	-0.036633	0.036044	0.037875	0.005330	-3.582885	7395200.000000
2015-08-20	-0.022848	0.034434	0.036621	0.019627	-2.286927	4019200.000000
2015-08-19	-0.011016	0.036897	0.041713	0.030017	-1.114883	2494100.000000
2015-08-18	0.004236	0.043954	0.052837	0.041980	0.426888	3445200.000000
2015-08-17	0.001885	0.043846	0.051658	0.035441	0.189651	2294200.000000
2015-08-14	0.005307	0.050380	0.055847	0.048193	0.531013	1585400.000000
2015-08-13	-0.000190	0.043422	0.052566	0.039844	-0.018966	2083300.000000
2015-08-12	0.001614	0.048192	0.053070	0.031666	0.161217	3675100.000000
2015-08-11	-0.017987	0.037354	0.040776	0.021712	-1.830132	3251600.000000
2015-08-10	0.017447	0.058835	0.068384	0.057642	1.744782	2227600.000000
2015-08-07	-0.003120	0.047699	0.050475	0.041055	-0.312935	1831500.000000
2015-08-06	0.000568	0.049683	0.054643	0.045714	0.056907	2135900.000000
2015-08-05	0.010610	0.057811	0.065532	0.055305	1.052552	1966400.000000
2015-08-04	-0.000764	0.049188	0.056001	0.042876	-0.075860	2891300.000000
2015-08-03	-0.003332	0.048688	0.048688	0.037505	-0.331886	2360600.000000
2015-07-31	-0.003131	0.052771	0.054363	0.044509	-0.312919	1989500.000000
2015-07-30	-0.001516	0.043820	0.051274	0.039844	-0.151726	2224100.000000
2015-07-29	0.012860	0.048988	0.065498	0.046471	1.270645	2586600.000000
2015-07-28	0.025187	0.059928	0.078711	0.055800	2.427513	3949700.000000
2015-07-27	-0.010995	0.041128	0.041639	0.034596	-1.071525	3308800.000000
2015-07-24	-0.014858	0.047480	0.050999	0.028676	-1.469773	2818200.000000
2015-07-23	-0.004010	0.049389	0.056299	0.043680	-0.398262	2381900.000000
2015-07-22	-0.006262	0.048590	0.050182	0.040130	-0.625831	3144300.000000
2015-07-21	-0.009119	0.045536	0.049284	0.037351	-0.919808	3744200.000000
2015-07-20	0.007864	0.050578	0.061412	0.048889	0.787041	4546600.000000
2015-07-17	0.019021	0.062661	0.079879	0.056078	1.868057	5471400.000000
2015-07-16	-0.002600	0.059595	0.059595	0.040805	-0.256050	4653000.000000
2015-07-15	-0.002306	0.048988	0.052818	0.043747	-0.227562	2749800.000000
2015-07-14	0.002987	0.048483	0.055458	0.045248	0.293953	1450800.000000
2015-07-13	0.013280	0.058514	0.063943	0.056261	1.289619	1617100.000000
2015-07-10	0.012156	0.057386	0.064436	0.053135	1.166336	2588000.000000
2015-07-09	0.002080	0.063013	0.067169	0.050754	0.199151	2659000.000000
2015-07-08	-0.018184	0.040420	0.044398	0.027670	-1.773232	2358700.000000
2015-07-07	0.004493	0.049398	0.055136	0.035361	0.436195	2377000.000000
2015-07-06	-0.001268	0.038652	0.053593	0.037220	-0.123291	2274500.000000
2015-07-02	-0.003209	0.052048	0.053782	0.042358	-0.312904	1802600.000000
2015-07-01	0.008532	0.059378	0.064522	0.054235	0.824982	2182600.000000
2015-06-30	0.001178	0.057433	0.062068	0.046104	0.113777	2207100.000000
2015-06-29	-0.016322	0.042808	0.045037	0.031461	-1.602524	2150600.000000
2015-06-26	0.001741	0.052743	0.052946	0.047161	0.170670	2125700.000000
2015-06-25	-0.007109	0.058762	0.058762	0.040120	-0.701706	1457300.000000
2015-06-24	-0.006300	0.048888	0.053995	0.042379	-0.625832	2311100.000000
2015-06-23	-0.005789	0.048092	0.048789	0.040526	-0.578422	1818600.000000
2015-06-22	0.000285	0.054564	0.057651	0.041121	0.028427	2200500.000000
2015-06-19	-0.001800	0.045907	0.052567	0.044714	-0.180153	2797600.000000
2015-06-18	0.012764	0.050095	0.066303	0.050095	1.261154	2239500.000000
2015-06-17	0.000961	0.051809	0.055034	0.040120	0.094826	2683400.000000
2015-06-16	0.006380	0.046351	0.058013	0.045439	0.625839	1825800.000000
2015-06-15	-0.005862	0.040217	0.045056	0.031648	-0.578415	2884600.000000
2015-06-12	-0.008103	0.044388	0.047988	0.036888	-0.806015	1256300.000000
2015-06-11	0.001241	0.053594	0.053594	0.046685	0.123260	1640400.000000
2015-06-10	0.011684	0.056484	0.063675	0.050001	1.147385	2114300.000000
2015-06-09	0.002905	0.049699	0.056404	0.048683	0.284485	1532300.000000
2015-06-08	-0.004627	0.049291	0.050808	0.044033	-0.455162	1480800.000000
2015-06-05	0.000193	0.048584	0.052427	0.045448	0.018982	1602300.000000
2015-06-04	-0.012002	0.042193	0.047789	0.033500	-1.194809	2482700.000000
2015-06-03	0.004017	0.053402	0.057315	0.046380	0.398270	1524800.000000
2015-06-02	0.004805	0.048081	0.059774	0.039915	0.474121	1964800.000000
2015-06-01	-0.001344	0.049290	0.054122	0.042142	-0.132767	2163200.000000
2015-05-29	-0.014098	0.046705	0.047598	0.032215	-1.412880	2388400.000000
2015-05-28	0.002942	0.048689	0.052870	0.043414	0.293961	2420000.000000
2015-05-27	0.005151	0.052090	0.056392	0.048388	0.512046	2102800.000000
2015-05-26	-0.010196	0.044928	0.046512	0.034628	-1.024101	2193800.000000
2015-05-22	-0.004137	0.048100	0.050369	0.043859	-0.417236	1465700.000000
2015-05-21	0.001224	0.049482	0.054617	0.047507	0.123283	2673800.000000
2015-05-20	0.003969	0.050079	0.056622	0.046906	0.398255	3394800.000000
2015-05-19	-0.004160	0.050548	0.052720	0.042847	-0.419114	2515400.000000
2015-05-18	-0.000749	0.052129	0.056569	0.051537	-0.075485	3054600.000000
2015-05-15	0.003852	0.056380	0.058856	0.050537	0.386872	5497300.000000
2015-05-14	0.019150	0.058341	0.075701	0.054708	1.887290	4972700.000000
2015-05-13	0.020819	0.062242	0.084187	0.061520	2.009987	4636500.000000
2015-05-12	-0.003701	0.045787	0.051638	0.041374	-0.358596	2494800.000000
2015-05-11	0.005582	0.062979	0.067211	0.058644	0.537887	3398900.000000
2015-05-08	0.010989	0.066729	0.069338	0.063703	1.047440	3976200.000000
2015-05-07	0.000198	0.050553	0.055876	0.045334	0.018875	4511000.000000
2015-05-06	-0.005417	0.060434	0.061473	0.041333	-0.519013	3855100.000000
2015-05-05	-0.010138	0.053486	0.057185	0.040743	-0.981376	2225600.000000
2015-05-04	0.000780	0.053896	0.062740	0.052354	0.075477	2395400.000000
2015-05-01	0.015656	0.060787	0.070814	0.059324	1.490960	2110400.000000
2015-04-30	-0.008060	0.052237	0.056381	0.043223	-0.773789	3145400.000000
2015-04-29	-0.011561	0.047138	0.053180	0.039867	-1.122925	2730300.000000
2015-04-28	0.003803	0.058317	0.062120	0.047934	0.368012	2117100.000000
2015-04-27	0.000390	0.058010	0.062021	0.053074	0.037742	1875900.000000
2015-04-24	-0.004951	0.053693	0.054511	0.047451	-0.481247	2714300.000000
2015-04-23	0.008024	0.051936	0.066996	0.049254	0.773781	3247700.000000
2015-04-22	0.008487	0.053062	0.064713	0.050877	0.811539	3347100.000000
2015-04-21	-0.012186	0.055232	0.058110	0.038072	-1.179550	3175400.000000
2015-04-20	0.008653	0.058766	0.065918	0.058144	0.830391	3060500.000000
2015-04-17	-0.021363	0.044871	0.048219	0.023063	-2.094895	6752000.000000
2015-04-16	0.001253	0.048415	0.057961	0.046586	0.122673	3378200.000000
2015-04-15	0.005230	0.059207	0.064209	0.056552	0.509583	2234600.000000
2015-04-14	-0.000291	0.050938	0.056858	0.045937	-0.028313	2198500.000000
2015-04-13	-0.013563	0.050176	0.053599	0.039806	-1.339981	2816800.000000
2015-04-10	0.002970	0.057939	0.059252	0.049861	0.292534	2118100.000000
2015-04-09	0.005200	0.054203	0.062019	0.050042	0.509560	1966800.000000
2015-04-08	-0.002689	0.052685	0.060277	0.047623	-0.264214	2096700.000000
2015-04-07	-0.003445	0.052791	0.057734	0.050470	-0.339714	1838700.000000
2015-04-06	0.009468	0.047075	0.069887	0.046261	0.924774	2209700.000000
2015-04-02	0.002615	0.055429	0.061964	0.049712	0.254784	2047400.000000
2015-04-01	-0.010258	0.051475	0.051980	0.037024	-1.009705	2663800.000000
2015-03-31	-0.005719	0.047471	0.053198	0.042849	-0.566177	2765600.000000
2015-03-30	0.018939	0.061781	0.076011	0.060450	1.840103	2599300.000000
2015-03-27	0.007732	0.053483	0.063181	0.052451	0.745476	3206300.000000
2015-03-26	0.002355	0.048414	0.061134	0.043244	0.226486	2792000.000000
2015-03-25	-0.020469	0.057647	0.057647	0.032424	-2.009979	2481900.000000
2015-03-24	-0.002301	0.052081	0.059458	0.048240	-0.226471	2411800.000000
2015-03-23	-0.010436	0.054002	0.054002	0.039301	-1.038010	4042600.000000
2015-03-20	0.023102	0.061162	0.086128	0.060037	2.245873	10015900.000000
2015-03-19	-0.007897	0.048316	0.051564	0.040195	-0.773797	2250000.000000
2015-03-18	0.015948	0.051730	0.075244	0.043583	1.538163	2974500.000000
2015-03-17	-0.005546	0.046410	0.051333	0.044461	-0.537888	1859700.000000
2015-03-16	0.015914	0.057540	0.071606	0.056394	1.519287	2248400.000000
2015-03-13	-0.012590	0.053176	0.053999	0.031880	-1.217323	2604300.000000
2015-03-12	0.017983	0.057663	0.074210	0.057663	1.708008	2618500.000000
2015-03-11	-0.005140	0.055144	0.057228	0.047955	-0.490685	2482000.000000
2015-03-10	-0.019100	0.043882	0.046539	0.033968	-1.858993	3019300.000000
2015-03-09	0.012467	0.056999	0.070969	0.055447	1.198433	2496100.000000
2015-03-06	-0.012218	0.045721	0.050422	0.038464	-1.189003	2480400.000000
2015-03-05	0.000776	0.060955	0.062183	0.053693	0.075493	2254800.000000
2015-03-04	-0.009516	0.057344	0.057344	0.037689	-0.934205	2519600.000000
2015-03-03	-0.005164	0.047046	0.052288	0.044224	-0.509582	2498400.000000
2015-03-02	0.017513	0.054102	0.073075	0.051538	1.698570	3207300.000000
2015-02-27	-0.008298	0.051152	0.056441	0.044847	-0.811539	3011000.000000
2015-02-26	-0.007184	0.052184	0.053799	0.044408	-0.707725	1914800.000000
2015-02-25	0.000863	0.052081	0.059357	0.051778	0.084923	2154700.000000
2015-02-24	0.004217	0.053777	0.060983	0.051240	0.413315	2364700.000000
2015-02-23	-0.009301	0.058756	0.058756	0.046791	-0.920189	3092100.000000
2015-02-20	0.006304	0.058246	0.066341	0.048027	0.619705	3392600.000000
2015-02-19	0.000765	0.055815	0.063106	0.053284	0.075126	1972100.000000
2015-02-18	0.005962	0.061702	0.069036	0.059970	0.582161	2279000.000000
2015-02-17	-0.003641	0.056213	0.059765	0.052052	-0.356803	2310600.000000
2015-02-13	0.008502	0.056800	0.069083	0.056800	0.826293	1980600.000000
2015-02-12	0.010446	0.061738	0.072597	0.061635	1.004693	1952400.000000
2015-02-11	-0.000098	0.056774	0.063185	0.053465	-0.009400	1934800.000000
2015-02-10	0.008367	0.063635	0.070308	0.058108	0.798126	1711600.000000
2015-02-09	-0.001573	0.056236	0.061754	0.052904	-0.150245	2265500.000000
2015-02-06	-0.005765	0.058428	0.064742	0.050043	-0.553978	2417500.000000
2015-02-05	0.015781	0.061988	0.077760	0.060200	1.492935	2569100.000000
2015-02-04	-0.005135	0.055384	0.061765	0.050363	-0.488258	2477600.000000
2015-02-03	0.015035	0.061801	0.075711	0.061377	1.408447	2779000.000000
2015-02-02	0.020561	0.068137	0.082224	0.050473	1.887329	3581600.000000
2015-01-30	-0.024059	0.049735	0.054918	0.031545	-2.262901	4120500.000000
2015-01-29	0.003506	0.056494	0.064559	0.040681	0.328628	4554500.000000
2015-01-28	-0.010704	0.065974	0.076158	0.047390	-1.014076	3833400.000000
2015-01-27	-0.009716	0.048338	0.058423	0.039397	-0.929581	2529600.000000
2015-01-26	-0.005951	0.058532	0.059256	0.046543	-0.572777	3317400.000000
2015-01-23	0.031291	0.076519	0.107643	0.071190	2.920182	5913700.000000
2015-01-22	0.001411	0.064696	0.066831	0.047405	0.131462	4450000.000000
2015-01-21	0.002728	0.054008	0.065032	0.050476	0.253525	2518600.000000
2015-01-20	0.007738	0.070792	0.075861	0.056339	0.713615	3822200.000000
2015-01-16	0.011430	0.056741	0.072559	0.052705	1.042259	4855500.000000
2015-01-15	-0.016010	0.065478	0.066873	0.042292	-1.483581	3513400.000000
2015-01-14	-0.004639	0.043653	0.057329	0.043653	-0.431916	3111500.000000
2015-01-13	0.007110	0.066784	0.078513	0.054517	0.657280	3441000.000000
2015-01-12	-0.004852	0.062250	0.064071	0.041262	-0.450721	2774500.000000
2015-01-09	-0.016600	0.060307	0.061255	0.040615	-1.568047	2665700.000000
2015-01-08	0.018218	0.068366	0.080804	0.068366	1.690109	2574700.000000
2015-01-07	0.007238	0.069943	0.078367	0.063679	0.666672	2624300.000000
2015-01-06	-0.002339	0.059144	0.071965	0.050847	-0.215958	4253900.000000
2015-01-05	-0.019056	0.055871	0.055871	0.035790	-1.793426	3172500.000000
2015-01-02	0.003103	0.062328	0.069219	0.050665	0.291084	2140000.000000
2014-12-31	-0.007943	0.061988	0.065985	0.050419	-0.751182	1752300.000000
2014-12-30	-0.009344	0.054462	0.056858	0.047898	-0.892006	1493400.000000
2014-12-29	0.000394	0.057170	0.062486	0.054669	0.037567	989300.000000
2014-12-26	-0.003237	0.060294	0.061749	0.055827	-0.309853	1031300.000000
2014-12-24	-0.000196	0.063099	0.063618	0.059047	-0.018799	609700.000000
2014-12-23	0.007608	0.063546	0.071605	0.062813	0.723000	1525200.000000
2014-12-22	0.000494	0.057370	0.067946	0.055903	0.046967	2565500.000000
2014-12-19	0.005267	0.059675	0.071150	0.057359	0.497634	4439200.000000
2014-12-18	0.030412	0.073461	0.091576	0.070315	2.788735	3676500.000000
2014-12-17	0.013281	0.059579	0.075297	0.050676	1.201874	4938700.000000
2014-12-16	0.005949	0.060465	0.084237	0.059359	0.535225	4059900.000000
2014-12-15	-0.000730	0.072065	0.075380	0.053724	-0.065735	3340300.000000
2014-12-12	-0.020533	0.050810	0.055030	0.037174	-1.887329	2376200.000000
2014-12-11	0.004000	0.061532	0.070224	0.060120	0.366188	2225200.000000
2014-12-10	-0.018325	0.057973	0.058613	0.038880	-1.708908	2400800.000000
2014-12-09	0.005772	0.045842	0.066439	0.045413	0.535209	1724200.000000
2014-12-08	-0.009429	0.055959	0.060316	0.047457	-0.882622	1577400.000000
2014-12-05	0.004332	0.063201	0.068964	0.060640	0.403748	1480200.000000
2014-12-04	-0.007102	0.058087	0.058087	0.046537	-0.666672	1916900.000000
2014-12-03	0.021562	0.062390	0.083175	0.062390	1.981240	2700400.000000
2014-12-02	0.004723	0.060120	0.064362	0.057510	0.431907	1694500.000000
2014-12-01	-0.016857	0.054334	0.057648	0.040646	-1.568062	3058700.000000
2014-11-28	-0.000101	0.061177	0.062246	0.057862	-0.009407	1557300.000000
2014-11-26	0.002023	0.062145	0.063002	0.059252	0.187806	2194600.000000
2014-11-25	0.006207	0.059251	0.069492	0.058065	0.572761	2803800.000000
2014-11-24	0.000407	0.062702	0.066153	0.056447	0.037552	1965300.000000
2014-11-21	0.015507	0.070420	0.077758	0.068997	1.408462	3349000.000000
2014-11-20	0.001657	0.054642	0.062760	0.051461	0.150239	1746700.000000
2014-11-19	-0.002685	0.056515	0.057937	0.050279	-0.244133	1356900.000000
2014-11-18	0.008520	0.061985	0.072908	0.060220	0.768066	2239600.000000
2014-11-17	-0.002686	0.058362	0.063534	0.058362	-0.242821	1750700.000000
2014-11-14	-0.002782	0.065952	0.067818	0.059807	-0.252174	1355200.000000
2014-11-13	0.000515	0.065404	0.073748	0.062110	0.046699	2431200.000000
2014-11-12	0.000309	0.058265	0.067271	0.057936	0.028023	1820400.000000
2014-11-11	-0.002981	0.064308	0.068688	0.059271	-0.270836	1241500.000000
2014-11-10	0.005167	0.066175	0.071788	0.060892	0.466973	1837800.000000
2014-11-07	0.000620	0.064964	0.068048	0.058687	0.056015	2377600.000000
2014-11-06	0.000000	0.067057	0.067938	0.058687	0.000000	3034200.000000
2014-11-05	0.014902	0.076587	0.082958	0.069657	1.326179	2791600.000000
2014-11-04	-0.003868	0.065520	0.067301	0.056390	-0.345558	2705600.000000
2014-11-03	-0.004786	0.066515	0.066515	0.057429	-0.429604	3107300.000000
2014-10-31	0.005544	0.080005	0.080562	0.068306	0.494973	4017000.000000
2014-10-30	0.005681	0.057791	0.075944	0.054990	0.504333	2304600.000000
2014-10-29	-0.001261	0.065858	0.071453	0.056122	-0.112068	2618400.000000
2014-10-28	0.015688	0.073031	0.084284	0.070190	1.372871	3201800.000000
2014-10-27	-0.010560	0.059339	0.061813	0.048766	-0.933937	4143500.000000
2014-10-24	0.011969	0.064619	0.079529	0.060863	1.046013	2677800.000000
2014-10-23	0.026547	0.084236	0.104098	0.081899	2.260094	4102000.000000
2014-10-22	-0.018941	0.072411	0.074932	0.044557	-1.643692	5281700.000000
2014-10-21	0.032444	0.072175	0.099985	0.072175	2.727035	4563800.000000
2014-10-20	-0.000666	0.056678	0.064602	0.052184	-0.056015	4537400.000000
2014-10-17	0.042482	0.100088	0.119197	0.095896	3.427498	7877600.000000
2014-10-16	0.015039	0.047805	0.086223	0.044676	1.195412	6043000.000000
2014-10-15	-0.012530	0.052470	0.059267	0.024296	-1.008621	7953400.000000
2014-10-14	0.006187	0.069302	0.081238	0.065696	0.494972	5651700.000000
2014-10-13	-0.025483	0.066529	0.072345	0.036721	-2.091988	4143900.000000
2014-10-10	-0.020831	0.062464	0.065312	0.042769	-1.746444	4674900.000000
2014-10-09	-0.018371	0.064259	0.066589	0.042364	-1.569001	2705600.000000
2014-10-08	0.018488	0.066142	0.085596	0.059025	1.550324	3474400.000000
2014-10-07	-0.023491	0.056040	0.058240	0.039476	-2.017281	2604200.000000
2014-10-06	0.002617	0.069371	0.077036	0.064494	0.224129	2405500.000000
2014-10-03	0.006475	0.074192	0.076647	0.065425	0.551041	2556700.000000
2014-10-02	-0.005892	0.064261	0.067515	0.049271	-0.504342	2739100.000000
2014-10-01	-0.015679	0.060843	0.061986	0.044258	-1.363525	4482100.000000
2014-09-30	-0.004384	0.063936	0.067238	0.055281	-0.382912	2576300.000000
2014-09-29	0.002465	0.055143	0.071125	0.054344	0.214806	3071100.000000
2014-09-26	0.009740	0.065420	0.076025	0.063345	0.840530	2405400.000000
2014-09-25	-0.015240	0.061669	0.062918	0.048048	-1.335502	2276200.000000
2014-09-24	0.004711	0.064162	0.072259	0.063364	0.410927	2361600.000000
2014-09-23	-0.013833	0.061138	0.062038	0.049554	-1.223458	3357200.000000
2014-09-22	-0.018653	0.057569	0.063198	0.043663	-1.681061	2242800.000000
2014-09-19	0.001141	0.068721	0.071041	0.063417	0.102723	5417600.000000
2014-09-18	0.008897	0.070203	0.075777	0.066524	0.793853	2650200.000000
2014-09-17	0.007168	0.068443	0.077650	0.065524	0.635071	3150300.000000
2014-09-16	0.002218	0.063049	0.069238	0.056522	0.196106	2249600.000000
2014-09-15	0.001587	0.062933	0.068794	0.056847	0.140099	2726000.000000
2014-09-12	-0.002533	0.065299	0.067773	0.059791	-0.224144	3040600.000000
2014-09-11	0.004027	0.062478	0.069928	0.060334	0.354896	1538000.000000
2014-09-10	-0.001059	0.063609	0.066766	0.057633	-0.093399	2510400.000000
2014-09-09	-0.008190	0.062838	0.065522	0.054898	-0.728470	2252400.000000
2014-09-08	-0.003870	0.064295	0.065297	0.058056	-0.345550	2032700.000000
2014-09-05	0.006527	0.065074	0.074269	0.059580	0.579048	1933600.000000
2014-09-04	-0.004923	0.065298	0.071323	0.057934	-0.438942	2534900.000000
2014-09-03	-0.000419	0.069089	0.070093	0.062398	-0.037369	1349100.000000
2014-09-02	0.002835	0.064515	0.071338	0.063173	0.252182	1681700.000000
2014-08-29	-0.000735	0.065633	0.068092	0.059822	-0.065384	1176800.000000
2014-08-28	-0.002825	0.060282	0.063180	0.055379	-0.252159	950800.000000
2014-08-27	0.000628	0.067751	0.069312	0.062510	0.056023	1310800.000000
2014-08-26	-0.003131	0.065964	0.067631	0.061184	-0.280174	1530600.000000
2014-08-25	0.002616	0.070424	0.071873	0.066746	0.233474	1192000.000000
2014-08-22	-0.003961	0.062854	0.064520	0.057415	-0.354873	1457200.000000
2014-08-21	0.001775	0.067410	0.071302	0.062516	0.158745	1519900.000000
2014-08-20	0.011086	0.068673	0.079243	0.063613	0.980644	2585900.000000
2014-08-19	-0.000950	0.067995	0.068894	0.063502	-0.084076	2406500.000000
2014-08-18	0.010931	0.074559	0.083417	0.074218	0.957428	2846300.000000
2014-08-15	-0.001695	0.071263	0.074551	0.060039	-0.148735	3476300.000000
2014-08-14	0.001273	0.072400	0.075806	0.070130	0.111541	1967800.000000
2014-08-13	0.014638	0.074391	0.086716	0.072088	1.264138	2248400.000000
2014-08-12	-0.002684	0.066224	0.074495	0.063123	-0.232376	2209000.000000
2014-08-11	0.004854	0.073477	0.083173	0.073015	0.418281	2826900.000000
2014-08-08	0.019239	0.071894	0.091659	0.069188	1.626641	2939300.000000
2014-08-07	0.004417	0.075211	0.080056	0.070484	0.371818	3607800.000000
2014-08-06	-0.007453	0.059808	0.067432	0.057697	-0.632088	3907400.000000
2014-08-05	-0.001313	0.064273	0.080906	0.061110	-0.111534	4311000.000000
2014-08-04	-0.002293	0.085205	0.085205	0.060547	-0.195183	3342400.000000
2014-08-01	-0.002831	0.069198	0.075607	0.059758	-0.241668	4657900.000000
2014-07-31	-0.023812	0.061484	0.062963	0.044648	-2.082123	4130300.000000
2014-07-30	0.003092	0.082111	0.082111	0.065109	0.269569	2650800.000000
2014-07-29	-0.014606	0.069343	0.072379	0.053488	-1.292030	3505500.000000
2014-07-28	-0.006161	0.070912	0.072812	0.054485	-0.548409	3325200.000000
2014-07-25	-0.002604	0.068012	0.072582	0.066117	-0.232376	2257700.000000
2014-07-24	-0.006108	0.070019	0.072345	0.062597	-0.548423	2205200.000000
2014-07-23	-0.006071	0.076296	0.076846	0.063523	-0.548417	3186800.000000
2014-07-22	-0.001541	0.076616	0.078375	0.063863	-0.139419	3857300.000000
2014-07-21	0.005371	0.068803	0.077646	0.064272	0.483337	3761300.000000
2014-07-18	0.017338	0.082836	0.093856	0.075527	1.533707	4511900.000000
2014-07-17	-0.012657	0.059028	0.069686	0.056474	-1.134018	3796700.000000
2014-07-16	0.004481	0.075594	0.079051	0.072695	0.399712	3182800.000000
2014-07-15	0.002298	0.068118	0.076054	0.066106	0.204483	4047300.000000
2014-07-14	0.008852	0.075430	0.080955	0.072272	0.780800	3135500.000000
2014-07-11	0.006576	0.069562	0.078075	0.067860	0.576286	2550400.000000
2014-07-10	-0.002750	0.058244	0.070130	0.055754	-0.241684	2795600.000000
2014-07-09	0.003503	0.074787	0.077627	0.067176	0.306755	1893400.000000
2014-07-08	-0.001801	0.069336	0.071717	0.064234	-0.158020	2431700.000000
2014-07-07	-0.005270	0.068325	0.068776	0.060994	-0.464760	2929600.000000
2014-07-03	0.006364	0.075805	0.080459	0.074670	0.557709	1529500.000000
2014-07-02	-0.003277	0.066170	0.070243	0.063115	-0.288155	2272800.000000
2014-07-01	0.017644	0.074044	0.091659	0.071626	1.524399	4402800.000000
2014-06-30	-0.003324	0.069212	0.069671	0.062557	-0.288132	2366700.000000
2014-06-27	0.002149	0.064610	0.073350	0.063805	0.185891	2031800.000000
2014-06-26	-0.001609	0.072426	0.073344	0.063126	-0.139435	1722700.000000
2014-06-25	0.002043	0.066333	0.075537	0.065183	0.176628	2272900.000000
2014-06-24	-0.013260	0.068768	0.069222	0.054918	-1.161904	2869200.000000
2014-06-23	-0.005800	0.067647	0.070355	0.060311	-0.511230	2249300.000000
2014-06-20	0.004024	0.073529	0.075682	0.069903	0.353210	3118100.000000
2014-06-19	0.002654	0.072856	0.073538	0.066948	0.232377	2363100.000000
2014-06-18	-0.001166	0.069108	0.070357	0.059236	-0.102234	2990400.000000
2014-06-17	0.005331	0.067848	0.077888	0.066593	0.464760	1864800.000000
2014-06-16	0.000320	0.068189	0.073667	0.065907	0.027862	1894000.000000
2014-06-13	0.001175	0.070587	0.076642	0.067502	0.102264	1885000.000000
2014-06-12	-0.013170	0.069453	0.069904	0.053668	-1.161903	2489200.000000
2014-06-11	-0.004510	0.065303	0.067436	0.060701	-0.399681	2072100.000000
2014-06-10	-0.004905	0.067226	0.068454	0.060636	-0.436867	2649500.000000
2014-06-09	0.006407	0.072603	0.084630	0.068781	0.566994	2690900.000000
2014-06-06	0.002633	0.072609	0.077005	0.070806	0.232391	2790400.000000
2014-06-05	0.011721	0.071840	0.087006	0.069560	1.022461	3362000.000000
2014-06-04	0.006326	0.069556	0.078506	0.065999	0.548416	2306900.000000
2014-06-03	-0.001606	0.067724	0.070130	0.061194	-0.139419	2792500.000000
2014-06-02	0.002791	0.071853	0.074955	0.065190	0.241653	1665500.000000
2014-05-30	0.003447	0.067363	0.074510	0.066326	0.297447	2425100.000000
2014-05-29	0.003459	0.070708	0.074178	0.068741	0.297432	1584700.000000
2014-05-28	0.001624	0.069203	0.076271	0.069087	0.139443	2059000.000000
2014-05-27	0.004240	0.075715	0.076297	0.071991	0.362503	1810000.000000
2014-05-23	0.005686	0.067906	0.077619	0.067906	0.483345	1873600.000000
2014-05-22	0.002082	0.071302	0.075641	0.067081	0.176620	2392600.000000
2014-05-21	0.009960	0.075341	0.082565	0.074275	0.836564	2724600.000000
2014-05-20	-0.011811	0.067789	0.070481	0.054097	-1.003869	2777200.000000
2014-05-19	0.007566	0.073156	0.084122	0.072330	0.638215	2861400.000000
2014-05-16	0.000439	0.074098	0.077284	0.069852	0.036994	3562200.000000
2014-05-15	-0.017037	0.072033	0.074005	0.055219	-1.461441	5009400.000000
2014-05-14	-0.015708	0.075853	0.079163	0.057134	-1.368934	2650900.000000
2014-05-13	-0.001801	0.076649	0.079725	0.071522	-0.157250	2530400.000000
2014-05-12	0.017134	0.080031	0.094285	0.080031	1.470681	2395700.000000
2014-05-09	-0.001721	0.073082	0.075743	0.067761	-0.147988	1841700.000000
2014-05-08	0.000430	0.072618	0.083729	0.071345	0.036995	2231100.000000
2014-05-07	0.014632	0.079506	0.091719	0.074809	1.239464	2537100.000000
2014-05-06	-0.011122	0.072841	0.074467	0.063320	-0.952721	2585700.000000
2014-05-05	0.002598	0.073068	0.081450	0.068993	0.221993	3232300.000000
2014-05-02	0.001409	0.075280	0.082391	0.073414	0.120247	2844800.000000
2014-05-01	-0.007104	0.074586	0.078522	0.064746	-0.610474	2515800.000000
2014-04-30	0.004650	0.072954	0.084351	0.068767	0.397728	3443100.000000
2014-04-29	0.000108	0.077722	0.080630	0.069813	0.009262	2616700.000000
2014-04-28	-0.002051	0.077834	0.083637	0.060887	-0.175743	2821900.000000
2014-04-25	-0.010467	0.075511	0.077234	0.061958	-0.906471	2986200.000000
2014-04-24	-0.004254	0.081229	0.081572	0.068305	-0.369988	2847500.000000
2014-04-23	0.007392	0.069405	0.084844	0.069405	0.638230	3472500.000000
2014-04-22	0.001717	0.076089	0.084744	0.073203	0.147987	2878100.000000
2014-04-21	0.000859	0.079670	0.079670	0.068119	0.073998	2661800.000000
2014-04-17	-0.002144	0.078969	0.082773	0.062948	-0.184998	3952400.000000
2014-04-16	0.017338	0.084777	0.094275	0.079735	1.470711	3481300.000000
2014-04-15	0.008689	0.077289	0.085450	0.064041	0.730705	3591300.000000
2014-04-14	0.005752	0.084675	0.086221	0.070876	0.480972	1950300.000000
2014-04-11	-0.010291	0.064682	0.076574	0.062092	-0.869453	2765200.000000
2014-04-10	-0.020062	0.075281	0.077588	0.053821	-1.729675	2551500.000000
2014-04-09	0.013483	0.077735	0.090597	0.074227	1.146949	2760200.000000
2014-04-08	0.000762	0.093417	0.093417	0.066854	0.064743	2086200.000000
2014-04-07	-0.015322	0.074820	0.076894	0.055117	-1.322685	2841900.000000
2014-04-04	-0.010076	0.078476	0.085434	0.064104	-0.878723	3344500.000000
2014-04-03	0.004261	0.077916	0.080665	0.071845	0.369972	2333700.000000
2014-04-02	0.006648	0.077356	0.086120	0.074012	0.573487	2897700.000000
2014-04-01	0.005390	0.079918	0.082352	0.073657	0.462486	2252200.000000
2014-03-31	0.020574	0.084507	0.099415	0.081667	1.729675	3348100.000000
2014-03-28	0.006534	0.077778	0.090163	0.077540	0.545723	2487400.000000
2014-03-27	-0.005944	0.076817	0.079540	0.066044	-0.499474	3335400.000000
2014-03-26	-0.017309	0.080282	0.082725	0.056666	-1.479942	3244400.000000
2014-03-25	0.005110	0.082646	0.086504	0.073175	0.434738	2379900.000000
2014-03-24	-0.010969	0.080253	0.083144	0.058280	-0.943466	3714600.000000
2014-03-21	0.000430	0.088123	0.096569	0.075512	0.037003	4825000.000000
2014-03-20	0.000646	0.075396	0.081185	0.070765	0.055504	2401800.000000
2014-03-19	-0.009173	0.075855	0.078493	0.057731	-0.795479	2392000.000000
2014-03-18	0.003748	0.079081	0.080693	0.074936	0.323753	2332800.000000
2014-03-17	0.015107	0.081240	0.096551	0.080773	1.285683	3133000.000000
2014-03-14	-0.009047	0.072617	0.078060	0.064162	-0.776955	3302200.000000
2014-03-13	-0.010656	0.081011	0.082730	0.061416	-0.924980	3551700.000000
2014-03-12	-0.002763	0.065797	0.072539	0.058256	-0.240479	2663400.000000
2014-03-11	-0.011969	0.074041	0.075622	0.060493	-1.054458	2460000.000000
2014-03-10	-0.001991	0.071002	0.075171	0.066945	-0.175743	2540000.000000
2014-03-07	0.007282	0.083682	0.088562	0.080731	0.638237	4835800.000000
2014-03-06	0.000951	0.079827	0.084939	0.075851	0.083244	3762400.000000
2014-03-05	0.000634	0.084263	0.089606	0.074941	0.055489	4241500.000000
2014-03-04	0.010792	0.087691	0.098262	0.086082	0.934211	3924000.000000
2014-03-03	-0.009001	0.055696	0.071183	0.054102	-0.786224	2711500.000000
2014-02-28	0.000742	0.074599	0.084968	0.069243	0.064758	3228800.000000
2014-02-27	0.005434	0.072647	0.082729	0.070584	0.471733	2074800.000000
2014-02-26	-0.000107	0.071730	0.083072	0.071157	-0.009262	2634600.000000
2014-02-25	0.006002	0.079084	0.086691	0.074474	0.517983	3263400.000000
2014-02-24	-0.001810	0.085529	0.095308	0.078512	-0.156479	2975000.000000
2014-02-21	0.003955	0.083816	0.090746	0.082315	0.340584	3235700.000000
2014-02-20	0.006563	0.083838	0.093138	0.077909	0.561531	2309900.000000
2014-02-19	-0.014838	0.076345	0.088829	0.063174	-1.288727	4288200.000000
2014-02-18	-0.002748	0.078298	0.081839	0.072131	-0.239357	2353000.000000
2014-02-14	0.000847	0.080125	0.083898	0.073267	0.073662	2571200.000000
2014-02-13	0.002545	0.071300	0.084135	0.068779	0.220916	2351800.000000
2014-02-12	0.001381	0.085173	0.088731	0.077714	0.119690	2491000.000000
2014-02-11	0.014109	0.083492	0.100367	0.081630	1.205864	2994300.000000
2014-02-10	-0.003328	0.079887	0.088006	0.072927	-0.285354	3298800.000000
2014-02-07	0.022164	0.087104	0.106074	0.084495	1.859451	4218000.000000
2014-02-06	0.017301	0.084442	0.099881	0.082754	1.426796	2196700.000000
2014-02-05	-0.001894	0.073841	0.082870	0.065534	-0.156486	4295900.000000
2014-02-04	0.011380	0.083139	0.095680	0.074738	0.929733	3956100.000000
2014-02-03	-0.027184	0.080582	0.089229	0.050142	-2.282906	4258900.000000
2014-01-31	-0.005125	0.067620	0.085885	0.063614	-0.432647	3726100.000000
2014-01-30	0.021841	0.092022	0.106230	0.089132	1.804222	3167100.000000
2014-01-29	-0.007850	0.070308	0.081658	0.066366	-0.653565	3985700.000000
2014-01-28	0.001772	0.080223	0.091354	0.078787	0.147286	2943600.000000
2014-01-27	0.020572	0.089865	0.111118	0.089865	1.675346	6622200.000000
2014-01-24	-0.014811	0.077574	0.093939	0.064097	-1.224289	5049200.000000
2014-01-23	-0.014162	0.071922	0.076075	0.058518	-1.187485	4200800.000000
2014-01-22	0.005520	0.084400	0.088455	0.076169	0.460282	2750500.000000
2014-01-21	0.007115	0.088511	0.093556	0.079381	0.589111	2516100.000000
2014-01-17	-0.001110	0.082623	0.085383	0.075903	-0.092026	2614400.000000
2014-01-16	0.001557	0.079981	0.084789	0.078539	0.128853	1647400.000000
2014-01-15	0.005818	0.085902	0.089891	0.083121	0.478699	2484200.000000
2014-01-14	0.005851	0.085446	0.088121	0.071463	0.478653	2916800.000000
2014-01-13	-0.014308	0.077107	0.084058	0.063563	-1.187477	2490800.000000
2014-01-10	-0.003426	0.082971	0.084644	0.072102	-0.285355	3014700.000000
2014-01-09	0.000332	0.085959	0.092531	0.078312	0.027618	1822200.000000
2014-01-08	-0.003965	0.071895	0.080582	0.070110	-0.331398	2659300.000000
2014-01-07	0.004092	0.082256	0.089067	0.081061	0.340607	1582000.000000
2014-01-06	-0.000994	0.085716	0.089416	0.079150	-0.082855	1966200.000000
2014-01-03	0.002214	0.082617	0.088240	0.080702	0.184112	1480300.000000
2014-01-02	-0.011492	0.075734	0.077863	0.064972	-0.966552	1753400.000000
2013-12-31	0.004066	0.079039	0.087232	0.077377	0.340599	1464200.000000
2013-12-30	-0.001536	0.082717	0.084139	0.076433	-0.128876	1458000.000000
2013-12-27	0.000439	0.083311	0.084497	0.080227	0.036812	1071500.000000
2013-12-26	0.007186	0.082136	0.089781	0.081777	0.598335	2184800.000000
2013-12-24	0.008136	0.083473	0.091302	0.080462	0.671982	858800.000000
2013-12-23	0.001898	0.086013	0.088547	0.078290	0.156486	2310700.000000
2013-12-20	0.010266	0.082777	0.097162	0.080217	0.837685	3860100.000000
2013-12-19	0.002148	0.075940	0.083881	0.074718	0.174896	2571600.000000
2013-12-18	0.022780	0.084331	0.105573	0.073335	1.813431	3602500.000000
2013-12-17	-0.010187	0.083180	0.088127	0.069080	-0.819260	3675900.000000
2013-12-16	0.008775	0.084700	0.094556	0.078711	0.699585	3148000.000000
2013-12-13	0.003709	0.083964	0.094232	0.074071	0.294579	4214000.000000
2013-12-12	-0.001851	0.077708	0.083707	0.073958	-0.147293	2942200.000000
2013-12-11	-0.015824	0.079844	0.080091	0.061269	-1.279518	2903100.000000
2013-12-10	-0.000342	0.078000	0.085624	0.075049	-0.027626	1779800.000000
2013-12-09	-0.005095	0.081317	0.083029	0.073364	-0.414231	1814600.000000
2013-12-06	0.016809	0.095760	0.100736	0.091281	1.343964	1662700.000000
2013-12-05	0.000345	0.078965	0.086432	0.076476	0.027611	1802900.000000
2013-12-04	-0.002756	0.077728	0.083313	0.069661	-0.220925	2436500.000000
2013-12-03	-0.012140	0.078253	0.078253	0.062683	-0.984954	2329800.000000
2013-12-02	-0.004180	0.080216	0.086443	0.074356	-0.340592	2063400.000000
2013-11-29	-0.004051	0.080096	0.084109	0.074746	-0.331390	1162300.000000
2013-11-27	0.003840	0.086197	0.091324	0.082535	0.312973	1177200.000000
2013-11-26	-0.000677	0.081314	0.086803	0.078509	-0.055237	1843700.000000
2013-11-25	-0.002365	0.083016	0.086302	0.076689	-0.193298	1673700.000000
2013-11-22	0.009779	0.079722	0.092010	0.077388	0.791641	1924800.000000
2013-11-21	0.008255	0.082936	0.090865	0.082317	0.662765	1626800.000000
2013-11-20	-0.007284	0.084149	0.084149	0.071235	-0.589119	1806100.000000
2013-11-19	-0.004194	0.078010	0.083399	0.074091	-0.340599	1787100.000000
2013-11-18	0.000677	0.089281	0.097124	0.085114	0.054985	2429400.000000
2013-11-15	-0.000564	0.081317	0.087319	0.080459	-0.045814	2586000.000000
2013-11-14	0.013256	0.089073	0.102353	0.084729	1.062401	2814100.000000
2013-11-13	0.010625	0.083209	0.097633	0.080324	0.842575	2673300.000000
2013-11-12	-0.009494	0.083733	0.085846	0.074167	-0.760147	2451000.000000
2013-11-11	-0.000229	0.085224	0.088951	0.081622	-0.018326	2053500.000000
2013-11-08	0.023169	0.086856	0.111512	0.084950	1.813385	2756100.000000
2013-11-07	-0.014530	0.086219	0.089475	0.068685	-1.153992	2404800.000000
2013-11-06	0.004401	0.092132	0.096786	0.086723	0.348023	1803400.000000
2013-11-05	0.000348	0.082822	0.090876	0.074895	0.027496	1985800.000000
2013-11-04	-0.006904	0.087219	0.087219	0.073472	-0.549515	3257600.000000
2013-11-01	0.002076	0.086595	0.099118	0.083715	0.164864	3108900.000000
2013-10-31	0.000115	0.087722	0.097741	0.083338	0.009132	2302200.000000
2013-10-30	-0.008461	0.086839	0.092055	0.075042	-0.677711	1837500.000000
2013-10-29	0.001489	0.083358	0.088457	0.081119	0.119072	1951100.000000
2013-10-28	-0.001943	0.081625	0.086714	0.078771	-0.155709	1951800.000000
2013-10-25	0.002520	0.085098	0.089329	0.078254	0.201477	2762300.000000
2013-10-24	0.006806	0.088098	0.095365	0.086470	0.540352	2267900.000000
2013-10-23	0.006151	0.085716	0.092775	0.078278	0.485405	2713100.000000
2013-10-22	0.017838	0.090199	0.109573	0.089301	1.382927	3352000.000000
2013-10-21	0.000828	0.086094	0.089433	0.079416	0.064118	3531200.000000
2013-10-18	-0.024902	0.073197	0.076077	0.048029	-1.978234	7077700.000000
2013-10-17	0.011545	0.081534	0.099140	0.079001	0.906708	2693600.000000
2013-10-16	0.007164	0.094385	0.099233	0.084435	0.558640	2431900.000000
2013-10-15	-0.009770	0.083315	0.086346	0.073336	-0.769310	1984800.000000
2013-10-14	-0.005552	0.076296	0.082074	0.071899	-0.439599	2865800.000000
2013-10-11	0.016101	0.085073	0.104219	0.083669	1.254723	3408900.000000
2013-10-10	0.038950	0.098692	0.128397	0.098029	2.921562	3621700.000000
2013-10-09	0.000978	0.088483	0.095121	0.081183	0.073273	2648400.000000
2013-10-08	-0.013147	0.084653	0.091858	0.071422	-0.998276	3063500.000000
2013-10-07	0.008147	0.075661	0.101413	0.071039	0.613610	3594700.000000
2013-10-04	0.009699	0.089028	0.099962	0.084227	0.723533	2550100.000000
2013-10-03	-0.016780	0.083341	0.085569	0.062495	-1.273048	2647200.000000
2013-10-02	-0.004566	0.078655	0.081657	0.071216	-0.348023	2946400.000000
2013-10-01	0.002168	0.087271	0.092372	0.083740	0.164849	2460400.000000
2013-09-30	-0.006461	0.075958	0.084145	0.070370	-0.494553	2502700.000000
2013-09-27	-0.005592	0.079633	0.082993	0.074464	-0.430450	1713500.000000
2013-09-26	0.002505	0.088426	0.093737	0.084539	0.192329	1394800.000000
2013-09-25	-0.004866	0.087125	0.091508	0.080808	-0.375496	2260400.000000
2013-09-24	0.001426	0.085706	0.096809	0.081059	0.109894	2291100.000000
2013-09-23	-0.015793	0.082663	0.086094	0.067035	-1.236389	3284300.000000
2013-09-20	-0.015094	0.083841	0.085093	0.069700	-1.199768	3479100.000000
2013-09-19	0.001616	0.089478	0.097375	0.086344	0.128212	2297400.000000
2013-09-18	0.014043	0.085713	0.104269	0.079103	1.099022	2288600.000000
2013-09-17	0.004113	0.086605	0.093369	0.084945	0.320564	1997000.000000
2013-09-16	0.012492	0.099791	0.102634	0.091133	0.961632	2146500.000000
2013-09-13	0.003223	0.089205	0.090112	0.080130	0.247268	1667600.000000
2013-09-12	-0.002975	0.086740	0.091135	0.082733	-0.228943	2026800.000000
2013-09-11	-0.001189	0.086997	0.089579	0.079897	-0.091598	2526000.000000
2013-09-10	0.020624	0.093341	0.110469	0.090969	1.556953	2375200.000000
2013-09-09	0.009429	0.088488	0.100325	0.087557	0.705208	2282100.000000
2013-09-06	0.003317	0.088363	0.097303	0.070882	0.247284	2071000.000000
2013-09-05	0.005311	0.085289	0.098838	0.082472	0.393799	1825400.000000
2013-09-04	-0.000247	0.078315	0.087569	0.076035	-0.018311	3356000.000000
2013-09-03	0.017720	0.097969	0.106022	0.096195	1.291359	4049300.000000
2013-08-30	-0.006121	0.090164	0.090164	0.075241	-0.448776	1978700.000000
2013-08-29	0.007678	0.083360	0.100311	0.081172	0.558655	1822700.000000
2013-08-28	0.002524	0.085957	0.092809	0.081023	0.183182	3063100.000000
2013-08-27	-0.022208	0.074302	0.078724	0.059829	-1.648522	3059200.000000
2013-08-26	-0.004300	0.087562	0.089697	0.080090	-0.320549	2058400.000000
2013-08-23	0.007800	0.086901	0.096986	0.081253	0.576973	1815200.000000
2013-08-22	0.002358	0.085959	0.092833	0.083399	0.174042	2651000.000000
2013-08-21	-0.013950	0.084499	0.085695	0.070145	-1.044090	2919500.000000
2013-08-20	0.003192	0.086494	0.095827	0.085294	0.238128	1774400.000000
2013-08-19	-0.006101	0.082516	0.086756	0.078673	-0.457946	2324600.000000
2013-08-16	0.004412	0.086759	0.093414	0.085029	0.329719	3596600.000000
2013-08-15	-0.016077	0.081729	0.083039	0.070990	-1.221107	2307500.000000
2013-08-14	-0.004063	0.092855	0.094551	0.085421	-0.309830	1732600.000000
2013-08-13	0.003116	0.092205	0.098223	0.088018	0.236915	1461100.000000
2013-08-12	0.001321	0.086835	0.094564	0.082381	0.100274	2126400.000000
2013-08-09	-0.002275	0.091812	0.093904	0.086323	-0.173157	2277000.000000
2013-08-08	-0.001674	0.097423	0.101207	0.089594	-0.127571	2119600.000000
2013-08-07	-0.006060	0.089346	0.089476	0.080916	-0.464760	2451300.000000
2013-08-06	-0.004377	0.090647	0.093746	0.083545	-0.337181	2085300.000000
2013-08-05	-0.001771	0.086395	0.091938	0.082914	-0.136681	1512000.000000
2013-08-02	0.001419	0.089486	0.094391	0.084968	0.109368	2405200.000000
2013-08-01	0.019041	0.102338	0.114308	0.100101	1.439804	2250500.000000
2013-07-31	-0.000241	0.095496	0.102072	0.090630	-0.018227	3034300.000000
2013-07-30	0.002900	0.097882	0.104477	0.091287	0.218697	2451700.000000
2013-07-29	-0.001448	0.088258	0.094712	0.086283	-0.109352	2277800.000000
2013-07-26	0.000362	0.087599	0.092869	0.084305	0.027359	2547700.000000
2013-07-25	-0.001928	0.088658	0.091420	0.085634	-0.145813	2587000.000000
2013-07-24	-0.003122	0.093386	0.095746	0.085914	-0.236939	2002100.000000
2013-07-23	0.002770	0.096809	0.098781	0.090105	0.209587	2038500.000000
2013-07-22	-0.006342	0.084759	0.087894	0.080841	-0.482963	2606900.000000
2013-07-19	0.007231	0.110101	0.116284	0.090630	0.546760	3199700.000000
2013-07-18	0.006429	0.091551	0.102805	0.085858	0.482971	3740900.000000
2013-07-17	0.004998	0.096076	0.103794	0.094213	0.373642	2261100.000000
2013-07-16	-0.003281	0.092214	0.096060	0.085715	-0.246063	1900500.000000
2013-07-15	-0.000850	0.093274	0.095659	0.082805	-0.063797	3404300.000000
2013-07-12	-0.002422	0.091419	0.093931	0.082297	-0.182228	2690100.000000
2013-07-11	0.016746	0.104454	0.111175	0.101901	1.239304	2502400.000000
2013-07-10	-0.002212	0.089673	0.096379	0.085382	-0.164032	2446400.000000
2013-07-09	0.008925	0.100346	0.104811	0.097911	0.656120	2944300.000000
2013-07-08	0.007619	0.097277	0.104913	0.091415	0.555885	3879800.000000
2013-07-05	0.019743	0.098920	0.113379	0.098920	1.412468	2112200.000000
2013-07-03	0.008090	0.084263	0.106829	0.083702	0.574127	2595400.000000
2013-07-02	-0.030379	0.076874	0.085028	0.054994	-2.223526	9030500.000000
2013-07-01	0.012352	0.098705	0.115627	0.098705	0.893044	2158000.000000
2013-06-28	-0.010723	0.088829	0.091551	0.079302	-0.783692	3493800.000000
2013-06-27	0.005643	0.097026	0.108660	0.097026	0.410073	3369800.000000
2013-06-26	0.027044	0.103500	0.122618	0.102656	1.913666	3653500.000000
2013-06-25	0.013046	0.103086	0.110633	0.098956	0.911254	2437300.000000
2013-06-24	-0.020447	0.080949	0.081647	0.062257	-1.458015	3600400.000000
2013-06-21	0.007468	0.100546	0.103216	0.086211	0.528549	4431100.000000
2013-06-20	-0.025226	0.082373	0.086208	0.061550	-1.831665	3416400.000000
2013-06-19	-0.014471	0.091281	0.092631	0.075755	-1.066177	3073100.000000
2013-06-18	0.014302	0.093742	0.110449	0.091551	1.038826	3240300.000000
2013-06-17	0.019570	0.100626	0.116543	0.099090	1.394249	3806600.000000
2013-06-14	-0.001660	0.089460	0.096290	0.085278	-0.118462	2650900.000000
2013-06-13	0.012804	0.091833	0.108351	0.089574	0.902161	2400900.000000
2013-06-12	-0.010747	0.099930	0.102444	0.078982	-0.765473	2118600.000000
2013-06-11	-0.006609	0.081007	0.094603	0.077678	-0.473854	1577900.000000
2013-06-10	-0.005058	0.093760	0.094726	0.080647	-0.364509	2363600.000000
2013-06-07	0.018285	0.101811	0.113477	0.094643	1.293998	3273100.000000
2013-06-06	0.012516	0.092405	0.105213	0.085858	0.874825	2877500.000000
2013-06-05	-0.013378	0.088041	0.089305	0.074281	-0.947708	2725200.000000
2013-06-04	-0.014078	0.089474	0.096811	0.071201	-1.011528	3473800.000000
2013-06-03	0.004971	0.092803	0.101707	0.085430	0.355415	2816500.000000
2013-05-31	-0.012336	0.088391	0.101170	0.078085	-0.893051	3301000.000000
2013-05-30	0.008121	0.094460	0.106095	0.090165	0.583176	2797900.000000
2013-05-29	-0.012160	0.083478	0.090319	0.074720	-0.883904	3303400.000000
2013-05-28	0.006054	0.105180	0.113440	0.097884	0.437416	3332200.000000
2013-05-24	0.000631	0.088382	0.094030	0.081357	0.045540	2435800.000000
2013-05-23	-0.004397	0.079345	0.091825	0.077288	-0.318939	3945300.000000
2013-05-22	-0.006987	0.091687	0.100948	0.080111	-0.510315	4156300.000000
2013-05-21	-0.004718	0.091144	0.096160	0.083147	-0.346260	3195300.000000
2013-05-20	-0.002725	0.085738	0.098175	0.084522	-0.200485	2541800.000000
2013-05-17	0.025657	0.098483	0.120805	0.095987	1.840744	4086000.000000
2013-05-16	-0.009436	0.088942	0.088942	0.078779	-0.683434	3483400.000000
2013-05-15	0.009222	0.093301	0.107300	0.088450	0.661812	3338600.000000
2013-05-14	0.016697	0.096900	0.115501	0.096900	1.178581	3064000.000000
2013-05-13	0.001543	0.096476	0.101133	0.093371	0.108780	2003700.000000
2013-05-10	-0.000514	0.096759	0.101414	0.089423	-0.036262	2324100.000000
2013-05-09	0.003872	0.096615	0.104687	0.095199	0.271988	4065600.000000
2013-05-08	0.007542	0.094328	0.106456	0.092616	0.525833	3034400.000000
2013-05-07	0.010778	0.098913	0.111171	0.097903	0.743415	2936900.000000
2013-05-06	0.011164	0.097765	0.110744	0.097328	0.761544	3627500.000000
2013-05-03	0.017169	0.108158	0.122843	0.108158	1.151367	3232100.000000
2013-05-02	0.019854	0.101720	0.121386	0.101418	1.305489	3147200.000000
2013-05-01	-0.013734	0.092109	0.094944	0.081218	-0.915658	3188000.000000
2013-04-30	-0.003523	0.099709	0.099858	0.085288	-0.235710	2933600.000000
2013-04-29	-0.001353	0.098963	0.100300	0.090501	-0.090675	3016400.000000
2013-04-26	-0.008453	0.097329	0.099390	0.084669	-0.571144	3348500.000000
2013-04-25	-0.004009	0.098648	0.100261	0.091317	-0.271988	5258400.000000
2013-04-24	0.000936	0.100264	0.103199	0.095274	0.063461	3781500.000000
2013-04-23	0.002279	0.103213	0.103213	0.084826	0.154137	2927200.000000
2013-04-22	0.005527	0.098809	0.107684	0.095111	0.371712	3787400.000000
2013-04-19	0.037918	0.131723	0.142777	0.115451	2.456871	6598300.000000
2013-04-18	-0.005842	0.096571	0.097182	0.082378	-0.380776	5365500.000000
2013-04-17	-0.017628	0.090585	0.090585	0.070794	-1.169525	3983800.000000
2013-04-16	0.013574	0.105236	0.112834	0.101437	0.888489	2486200.000000
2013-04-15	-0.027610	0.091566	0.092305	0.066593	-1.858559	3395100.000000
2013-04-12	-0.006024	0.092482	0.094685	0.083816	-0.407951	2155200.000000
2013-04-11	0.003898	0.097624	0.103817	0.094086	0.262932	3194800.000000
2013-04-10	0.011830	0.097033	0.110610	0.093601	0.788726	4413400.000000
2013-04-09	-0.000136	0.098525	0.099718	0.091662	-0.009063	2942300.000000
2013-04-08	0.007810	0.096731	0.106653	0.094175	0.516754	3326300.000000
2013-04-05	-0.010441	0.081412	0.088404	0.077544	-0.698082	4354500.000000
2013-04-04	0.005728	0.099875	0.103915	0.097331	0.380768	4272000.000000
2013-04-03	-0.011858	0.101174	0.102504	0.081953	-0.797806	4889200.000000
2013-04-02	-0.001614	0.103086	0.104563	0.092163	-0.108772	3582800.000000
2013-04-01	-0.013537	0.094998	0.096163	0.078980	-0.924736	3972200.000000
2013-03-28	0.002395	0.096890	0.102437	0.094701	0.163192	3509000.000000
2013-03-27	-0.004107	0.090641	0.093112	0.084099	-0.281059	2830600.000000
2013-03-26	0.008282	0.100846	0.108467	0.098061	0.562103	3451200.000000
2013-03-25	-0.004389	0.100976	0.105353	0.085216	-0.299202	4367200.000000
2013-03-22	0.008044	0.100859	0.106596	0.098506	0.543984	3624600.000000
2013-03-21	-0.001473	0.095566	0.101588	0.093363	-0.099739	4110700.000000
2013-03-20	0.009050	0.102221	0.109631	0.102221	0.607414	3655000.000000
2013-03-19	0.001895	0.099854	0.104309	0.090351	0.126923	4279200.000000
2013-03-18	0.005854	0.086129	0.109280	0.083590	0.389839	4281800.000000
2013-03-15	-0.004742	0.093614	0.097925	0.090047	-0.317299	6002500.000000
2013-03-14	-0.001893	0.100594	0.102078	0.089318	-0.126930	4613900.000000
2013-03-13	0.004892	0.099269	0.103593	0.096436	0.326370	3411800.000000
2013-03-12	-0.003656	0.097330	0.097776	0.085446	-0.244781	3004000.000000
2013-03-11	0.002171	0.092120	0.100606	0.086016	0.145065	3411200.000000
2013-03-08	0.021200	0.104783	0.121658	0.104783	1.387077	4953700.000000
2013-03-07	0.012628	0.102724	0.113962	0.099953	0.815956	4239700.000000
2013-03-06	0.008347	0.099355	0.108513	0.099044	0.534859	3540700.000000
2013-03-05	0.014061	0.101904	0.115599	0.101432	0.888485	3772500.000000
2013-03-04	-0.004996	0.089977	0.094049	0.079170	-0.317295	3589900.000000
2013-03-01	-0.000714	0.091077	0.099686	0.083565	-0.045353	2995800.000000
2013-02-28	-0.003553	0.097806	0.105292	0.093283	-0.226631	3703800.000000
2013-02-27	0.017795	0.096865	0.119246	0.095595	1.115120	2725300.000000
2013-02-26	0.002465	0.099091	0.106729	0.095431	0.154102	3806200.000000
2013-02-25	-0.013450	0.097182	0.100950	0.082425	-0.852192	5331700.000000
2013-02-22	0.001289	0.100326	0.104098	0.093095	0.081600	3634400.000000
2013-02-21	-0.002002	0.092476	0.097810	0.087770	-0.126915	4166400.000000
2013-02-20	-0.008178	0.101746	0.111393	0.094434	-0.522789	4231300.000000
2013-02-19	0.011696	0.105503	0.116836	0.102355	0.739090	3196700.000000
2013-02-15	0.000285	0.108180	0.109125	0.098575	0.018025	3074900.000000
2013-02-14	-0.001283	0.100783	0.106759	0.097323	-0.081124	2899000.000000
2013-02-13	-0.003408	0.103614	0.109256	0.095308	-0.216312	2597700.000000
2013-02-12	0.004708	0.103299	0.111172	0.101567	0.297436	2055400.000000
2013-02-11	-0.006239	0.101892	0.102518	0.094069	-0.396580	2335000.000000
2013-02-08	0.002274	0.102202	0.110200	0.100634	0.144207	3298200.000000
2013-02-07	0.006436	0.103614	0.111821	0.098247	0.405590	4130200.000000
2013-02-06	0.000573	0.098086	0.105509	0.094612	0.036068	3441800.000000
2013-02-05	0.019253	0.110375	0.129530	0.110053	1.189732	4601900.000000
2013-02-04	-0.008532	0.097070	0.100262	0.091484	-0.531788	3046900.000000
2013-02-01	0.013335	0.115420	0.124961	0.109759	0.820190	3700000.000000
2013-01-31	-0.006262	0.099275	0.103935	0.093971	-0.387554	3545000.000000
2013-01-30	-0.006079	0.100738	0.105530	0.096106	-0.378563	2490200.000000
2013-01-29	0.002467	0.103614	0.108097	0.098490	0.153240	3638400.000000
2013-01-28	0.008634	0.117827	0.117827	0.107490	0.531754	4451300.000000
2013-01-25	0.001319	0.118492	0.119948	0.098924	0.081123	5666400.000000
2013-01-24	-0.000439	0.105068	0.118809	0.100057	-0.027042	4140700.000000
2013-01-23	-0.001901	0.102000	0.103614	0.097966	-0.117172	3301900.000000
2013-01-22	0.008701	0.102637	0.113216	0.100684	0.531787	3662400.000000
2013-01-18	0.007428	0.106401	0.111812	0.100826	0.450646	3416000.000000
2013-01-17	0.008692	0.108079	0.116348	0.103779	0.522770	2281700.000000
2013-01-16	-0.002243	0.098003	0.101138	0.095363	-0.135205	2096900.000000
2013-01-15	0.001798	0.095513	0.107085	0.094026	0.108162	2285500.000000
2013-01-14	0.006786	0.105112	0.111103	0.100451	0.405587	1849400.000000
2013-01-11	-0.001656	0.102451	0.104943	0.098297	-0.099133	2358900.000000
2013-01-10	-0.001803	0.109087	0.109087	0.096150	-0.108158	4444500.000000
2013-01-09	0.012169	0.108818	0.117044	0.105796	0.721050	3235200.000000
2013-01-08	-0.009343	0.101784	0.101951	0.089976	-0.558819	2993200.000000
2013-01-07	0.000452	0.099288	0.111434	0.098123	0.027035	4287300.000000
2013-01-04	0.020462	0.107858	0.128233	0.107858	1.198750	4161300.000000
2013-01-03	0.003861	0.101057	0.116397	0.100034	0.225330	2990000.000000
2013-01-02	0.020167	0.124479	0.131782	0.115611	1.153664	5236300.000000
2012-12-31	0.008741	0.100106	0.114313	0.091160	0.495727	4011500.000000
2012-12-28	-0.012865	0.094957	0.101882	0.088204	-0.739071	2101900.000000
2012-12-27	-0.001097	0.102230	0.105689	0.089259	-0.063083	2854600.000000
2012-12-26	0.002199	0.105520	0.114187	0.103267	0.126167	2796600.000000
2012-12-24	-0.008410	0.095020	0.108426	0.089692	-0.486694	2249500.000000
2012-12-21	-0.001245	0.088336	0.103957	0.088336	-0.072113	5780400.000000
2012-12-20	0.008154	0.104998	0.116074	0.103787	0.468685	4435100.000000
2012-12-19	-0.002971	0.104304	0.110343	0.100163	-0.171253	5249900.000000
2012-12-18	0.025164	0.105560	0.132977	0.103614	1.415065	5384200.000000
2012-12-17	0.013647	0.106124	0.120110	0.103972	0.757103	3950300.000000
2012-12-14	-0.003077	0.101648	0.106474	0.098251	-0.171241	3259200.000000
2012-12-13	0.010474	0.104697	0.119870	0.101988	0.576828	4378700.000000
2012-12-12	-0.008921	0.108984	0.109879	0.092873	-0.495717	3760300.000000
2012-12-11	-0.003395	0.106111	0.111107	0.097370	-0.189277	4587100.000000
2012-12-10	-0.001775	0.100942	0.104148	0.095243	-0.099159	2962300.000000
2012-12-07	0.007315	0.108099	0.112224	0.100564	0.405605	2261600.000000
2012-12-06	-0.000812	0.100746	0.103076	0.092321	-0.045071	2288100.000000
2012-12-05	0.017350	0.108172	0.125314	0.101061	0.946373	3212900.000000
2012-12-04	-0.001155	0.102703	0.110171	0.097239	-0.063083	2308500.000000
2012-12-03	-0.012066	0.107752	0.110272	0.089578	-0.666977	2612600.000000
2012-11-30	-0.000163	0.105053	0.106492	0.098576	-0.009007	3543800.000000
2012-11-29	0.001633	0.107398	0.112084	0.097126	0.090134	2254800.000000
2012-11-28	0.010227	0.096878	0.115811	0.089595	0.558800	3048000.000000
2012-11-27	-0.000659	0.103432	0.113074	0.101431	-0.036042	3085500.000000
2012-11-26	-0.009794	0.091724	0.096768	0.084878	-0.540790	2395200.000000
2012-11-23	0.011058	0.106892	0.115817	0.105617	0.603882	915400.000000
2012-11-21	-0.000330	0.103432	0.107438	0.099062	-0.018025	1760400.000000
2012-11-20	0.002813	0.101057	0.110370	0.097771	0.153217	3036200.000000
2012-11-19	0.021809	0.116115	0.128615	0.114249	1.162697	3681400.000000
2012-11-16	0.003904	0.106611	0.110731	0.091813	0.207302	4799800.000000
2012-11-15	-0.010507	0.110367	0.117966	0.094428	-0.563896	5469400.000000
2012-11-14	-0.020902	0.112382	0.115830	0.085707	-1.145717	3866400.000000
2012-11-13	-0.003255	0.103516	0.121241	0.103335	-0.179017	2556600.000000
2012-11-12	0.010028	0.113303	0.126456	0.110745	0.546002	2954500.000000
2012-11-09	-0.007667	0.104404	0.115463	0.099147	-0.420681	4931500.000000
2012-11-08	-0.013201	0.110041	0.117912	0.096445	-0.733982	3180800.000000
2012-11-07	-0.022194	0.097474	0.100448	0.079632	-1.262055	3440200.000000
2012-11-06	0.011624	0.110232	0.130582	0.110232	0.653408	4054300.000000
2012-11-05	0.005927	0.110047	0.120906	0.106843	0.331185	2361100.000000
2012-11-02	-0.003193	0.118746	0.121052	0.104728	-0.179020	3768500.000000
2012-11-01	0.022697	0.111656	0.143776	0.111656	1.244160	5648100.000000
2012-10-31	-0.004066	0.115631	0.119245	0.099908	-0.223763	3598300.000000
2012-10-26	0.000977	0.110570	0.118710	0.104057	0.053703	3244200.000000
2012-10-25	0.006719	0.133876	0.134058	0.112386	0.366982	3043100.000000
2012-10-24	-0.008611	0.109849	0.115085	0.098474	-0.474392	3540800.000000
2012-10-23	-0.011721	0.097197	0.100766	0.088097	-0.653408	3401600.000000
2012-10-22	-0.003361	0.105069	0.128899	0.095822	-0.187969	5504600.000000
2012-10-19	0.017421	0.100075	0.148566	0.100075	0.957733	9899300.000000
2012-10-18	-0.007594	0.109677	0.110934	0.093876	-0.420681	5691500.000000
2012-10-17	0.006014	0.104971	0.119061	0.104971	0.331180	3024700.000000
2012-10-16	0.011011	0.117685	0.124990	0.114581	0.599698	2155600.000000
2012-10-15	0.010797	0.114431	0.124584	0.110739	0.581806	2247700.000000
2012-10-12	-0.001493	0.116639	0.125486	0.106870	-0.080555	2529300.000000
2012-10-11	0.000830	0.119779	0.124945	0.112216	0.044746	2749900.000000
2012-10-10	-0.007251	0.109645	0.112942	0.101953	-0.393829	3388400.000000
2012-10-09	-0.009791	0.111837	0.112744	0.097330	-0.537052	3131000.000000
2012-10-08	-0.002442	0.104238	0.111112	0.097002	-0.134259	2737100.000000
2012-10-05	0.002611	0.119093	0.123264	0.110386	0.143212	3563300.000000
2012-10-04	0.005085	0.119497	0.124237	0.114575	0.277481	2859400.000000
2012-10-03	-0.007974	0.111655	0.116357	0.101166	-0.438595	4738500.000000
2012-10-02	0.010691	0.118787	0.125184	0.112938	0.581802	4441900.000000
2012-10-01	0.017573	0.122825	0.140122	0.117803	0.939839	4571100.000000
2012-09-28	-0.008134	0.103914	0.109633	0.094321	-0.438599	3066900.000000
2012-09-27	0.013459	0.119894	0.130924	0.115967	0.716076	3018100.000000
2012-09-26	0.002192	0.113167	0.117851	0.098739	0.116356	3861800.000000
2012-09-25	-0.013637	0.113326	0.118132	0.095769	-0.733963	2931000.000000
2012-09-24	-0.006444	0.104499	0.107805	0.094400	-0.349083	2298900.000000
2012-09-21	-0.000496	0.118635	0.122489	0.110376	-0.026856	5240100.000000
2012-09-20	-0.011913	0.101682	0.105309	0.092615	-0.653411	3439500.000000
2012-09-19	-0.001792	0.109664	0.113647	0.102966	-0.098462	3120700.000000
2012-09-18	-0.005347	0.109673	0.112734	0.097069	-0.295372	3283400.000000
2012-09-17	0.011472	0.106740	0.124770	0.105830	0.626557	3667400.000000
2012-09-14	-0.001636	0.110566	0.126385	0.103657	-0.089508	4495100.000000
2012-09-13	0.016972	0.106671	0.132558	0.098905	0.912987	3874700.000000
2012-09-12	0.005185	0.113152	0.120401	0.108505	0.277473	2592900.000000
2012-09-11	0.003862	0.114279	0.122675	0.109801	0.205872	3093300.000000
2012-09-10	-0.005676	0.108881	0.110551	0.103316	-0.304337	3059500.000000
2012-09-07	0.014910	0.115248	0.128240	0.114118	0.787685	2957800.000000
2012-09-06	0.028761	0.120979	0.147904	0.120979	1.476887	3527400.000000
2012-09-05	-0.002608	0.110907	0.116703	0.105690	-0.134270	2294200.000000
