2017-09-01	0.002066	0.005165	0.007025	0.002066	0.099998	713700.000000
2017-08-31	0.000827	0.003929	0.004549	-0.003309	0.040001	1273900.000000
2017-08-30	0.005824	0.008319	0.009567	0.005200	0.279999	1335200.000000
2017-08-29	0.004177	0.000209	0.005848	-0.001253	0.200001	1370500.000000
2017-08-28	0.002303	0.006908	0.007327	0.001047	0.110001	1037500.000000
2017-08-25	0.007593	0.010968	0.013710	0.003586	0.360000	1312000.000000
2017-08-24	-0.000632	0.005481	0.007167	-0.000632	-0.029999	881300.000000
2017-08-23	-0.001894	-0.003997	0.000000	-0.004418	-0.090000	1064900.000000
2017-08-22	0.004438	0.001902	0.006551	0.001902	0.209999	1052200.000000
2017-08-21	-0.000211	-0.000634	0.001479	-0.003592	-0.010002	1075700.000000
2017-08-18	0.002542	-0.002330	0.006778	-0.003389	0.120003	1264900.000000
2017-08-17	-0.017073	-0.011243	-0.006871	-0.017281	-0.820000	1395700.000000
2017-08-16	0.002505	0.004592	0.006262	0.001461	0.119999	756900.000000
2017-08-15	-0.005398	-0.003944	-0.002699	-0.007058	-0.259998	920000.000000
2017-08-14	0.008373	0.010467	0.012770	0.008164	0.399998	1082900.000000
2017-08-11	-0.008715	-0.006433	-0.004150	-0.010583	-0.419999	1403600.000000
2017-08-10	-0.030187	-0.019118	-0.018917	-0.030590	-1.500000	1670800.000000
2017-08-09	-0.001808	-0.005424	-0.000201	-0.006227	-0.090000	1406400.000000
2017-08-08	-0.002804	-0.005409	0.000801	-0.006010	-0.139999	1180400.000000
2017-08-07	-0.002797	0.000000	0.000200	-0.004195	-0.140003	622500.000000
2017-08-04	0.000000	0.000999	0.006193	-0.000999	0.000000	1029800.000000
2017-08-03	-0.002789	-0.002590	-0.000598	-0.005976	-0.140000	1187600.000000
2017-08-02	-0.001988	-0.003976	-0.001789	-0.006362	-0.099998	1305600.000000
2017-08-01	0.014174	0.023852	0.025465	0.018207	0.703010	1913300.000000
2017-07-31	0.024335	0.029148	0.036376	0.027082	1.178288	1966700.000000
2017-07-28	-0.003464	0.001090	0.008500	-0.000145	-0.168328	2270600.000000
2017-07-27	-0.005875	0.012396	0.013623	0.000938	-0.287143	1264500.000000
2017-07-26	0.002844	0.008299	0.013428	0.006452	0.138618	1657200.000000
2017-07-25	0.020738	0.034655	0.036749	0.030047	0.990158	2062700.000000
2017-07-24	0.007522	0.013739	0.019436	0.010784	0.356457	1320200.000000
2017-07-21	-0.005196	0.006372	0.007211	-0.000136	-0.247539	1425400.000000
2017-07-20	0.000000	0.009730	0.011410	0.008471	0.000000	1490400.000000
2017-07-19	0.001040	0.010991	0.012882	0.008890	0.049507	1607000.000000
2017-07-18	-0.001869	0.003438	0.008053	0.001970	-0.089112	997700.000000
2017-07-17	-0.001245	0.012454	0.013083	0.008264	-0.059410	722400.000000
2017-07-14	-0.003102	-0.001755	0.008687	-0.002590	-0.148525	1358800.000000
2017-07-13	0.003736	0.007215	0.014342	0.007006	0.178230	1156700.000000
2017-07-12	0.005845	0.011627	0.016266	0.010151	0.277241	1406300.000000
2017-07-11	0.005247	0.012272	0.015239	0.010152	0.247540	2066900.000000
2017-07-10	0.014909	0.022202	0.026074	0.021126	0.693111	1573500.000000
2017-07-07	-0.001276	0.007148	0.009940	0.004355	-0.059406	1381400.000000
2017-07-06	-0.002969	0.007584	0.014010	0.006941	-0.138626	1427200.000000
2017-07-05	-0.001905	0.002030	0.008230	0.000106	-0.089112	1625000.000000
2017-07-03	0.018323	0.021696	0.029098	0.020608	0.841633	1371500.000000
2017-06-30	-0.003009	0.007553	0.009072	0.001475	-0.138618	1750900.000000
2017-06-29	0.042105	0.056536	0.058797	0.048845	1.861492	5372800.000000
2017-06-28	0.012242	0.012917	0.022991	0.012459	0.534687	2781300.000000
2017-06-27	0.004555	0.010860	0.016840	0.009020	0.198032	1716600.000000
2017-06-26	0.012684	0.025546	0.028574	0.022285	0.544586	1571600.000000
2017-06-23	0.001154	0.013905	0.014138	0.009474	0.049508	1158100.000000
2017-06-22	-0.003681	0.006688	0.007385	0.004597	-0.158429	1214900.000000
2017-06-21	-0.000690	0.011333	0.012726	0.008315	-0.029701	1368200.000000
2017-06-20	-0.015392	-0.001032	0.000111	-0.007890	-0.673309	1492200.000000
2017-06-19	0.004091	0.012006	0.014990	0.010629	0.178230	1172400.000000
2017-06-16	0.004337	0.011093	0.015243	0.009018	0.188130	1551200.000000
2017-06-15	0.002976	0.010634	0.015258	0.009709	0.128719	1510200.000000
2017-06-14	-0.004104	0.008559	0.008559	0.002572	-0.178227	1414100.000000
2017-06-13	0.002056	0.011325	0.013171	0.007402	0.089112	1145300.000000
2017-06-12	-0.009952	0.001488	0.004001	-0.000568	-0.435665	1323500.000000
2017-06-09	-0.001355	0.009712	0.012450	0.004009	-0.059410	2017600.000000
2017-06-08	0.000000	0.008800	0.011994	0.007887	0.000000	1286500.000000
2017-06-07	0.000226	0.008343	0.010625	0.005149	0.009902	1285600.000000
2017-06-06	0.007971	0.016150	0.018910	0.015460	0.346554	1466400.000000
2017-06-05	0.002740	0.014784	0.016398	0.012708	0.118817	952600.000000
2017-06-02	-0.000456	0.009940	0.011093	0.006482	-0.019802	1055800.000000
2017-06-01	0.007358	0.015514	0.017604	0.011101	0.316848	1440000.000000
2017-05-31	0.001843	0.022504	0.023667	0.010173	0.079216	2077200.000000
2017-05-30	0.006025	0.018366	0.019302	0.014855	0.257439	1244500.000000
2017-05-26	-0.005302	0.008078	0.009009	0.003887	-0.227737	1442900.000000
2017-05-25	0.002542	0.014375	0.014608	0.010641	0.108917	1337400.000000
2017-05-24	-0.003913	0.008778	0.010405	0.002966	-0.168324	1350100.000000
2017-05-23	0.000922	0.013198	0.014594	0.008311	0.039604	1535800.000000
2017-05-22	0.001153	0.012270	0.013435	0.009241	0.049511	1622900.000000
2017-05-19	0.005334	0.011580	0.017670	0.011346	0.227734	1857000.000000
2017-05-18	0.000464	0.008534	0.014393	0.007363	0.019806	1963100.000000
2017-05-17	-0.018447	0.001430	0.001430	-0.010070	-0.802029	2555900.000000
2017-05-16	0.004070	0.024905	0.026290	0.023750	0.176220	1803300.000000
2017-05-15	0.011434	0.027747	0.033820	0.027514	0.489506	1882900.000000
2017-05-12	0.003672	0.024019	0.025660	0.021675	0.156643	1615400.000000
2017-05-11	0.003224	0.025204	0.026380	0.022381	0.137062	2781900.000000
2017-05-10	0.012118	0.035009	0.035485	0.031438	0.509083	2127200.000000
2017-05-09	0.005154	0.031011	0.032447	0.025508	0.215385	2309500.000000
2017-05-08	0.000234	0.025988	0.025988	0.019765	0.009785	1478100.000000
2017-05-05	-0.002804	0.018577	0.019293	0.014758	-0.117481	1682500.000000
2017-05-04	0.028352	0.056045	0.056290	0.045737	1.155235	4575400.000000
2017-05-03	0.005071	0.021440	0.029087	0.020454	0.205589	1751700.000000
2017-05-02	0.003149	0.024410	0.025894	0.021441	0.127274	3087500.000000
2017-05-01	0.002672	0.023425	0.027395	0.022433	0.107689	1027900.000000
2017-04-28	-0.006276	0.017003	0.020454	0.014537	-0.254544	1864200.000000
2017-04-27	0.006071	0.029378	0.029378	0.023177	0.244755	1520600.000000
2017-04-26	-0.001455	0.021441	0.025651	0.019707	-0.058742	1759400.000000
2017-04-25	0.010042	0.030697	0.035450	0.029446	0.401394	2075500.000000
2017-04-24	0.022283	0.044202	0.047015	0.042411	0.871318	2764200.000000
2017-04-21	-0.002248	0.023482	0.024247	0.017868	-0.088108	1405400.000000
2017-04-20	0.007551	0.028382	0.030439	0.027354	0.293698	2083300.000000
2017-04-19	-0.010707	0.015845	0.018643	0.007960	-0.420975	2413400.000000
2017-04-18	-0.010594	0.011123	0.012633	0.003070	-0.420971	2775200.000000
2017-04-17	0.010707	0.023729	0.033649	0.023221	0.420971	1544000.000000
2017-04-13	-0.019770	0.003739	0.008975	0.000747	-0.792995	2842600.000000
2017-04-12	-0.003648	0.020944	0.021689	0.015727	-0.146847	1292600.000000
2017-04-11	0.007349	0.027946	0.029698	0.021190	0.293697	1882700.000000
2017-04-10	0.006162	0.030252	0.032267	0.025217	0.244755	1422200.000000
2017-04-07	-0.001968	0.021943	0.023451	0.017671	-0.078323	1330700.000000
2017-04-06	-0.000737	0.019683	0.025207	0.017925	-0.029370	1807400.000000
2017-04-05	0.004445	0.032538	0.038338	0.025224	0.176224	2678500.000000
2017-04-04	-0.001479	0.019678	0.021440	0.016656	-0.058743	1522600.000000
2017-04-03	-0.006369	0.018187	0.019188	0.007177	-0.254543	2209600.000000
2017-03-31	-0.005603	0.018455	0.019699	0.014722	-0.225170	1625900.000000
2017-03-30	0.004650	0.021690	0.028690	0.021190	0.186008	1692600.000000
2017-03-29	-0.004628	0.013229	0.019450	0.012980	-0.186008	1623100.000000
2017-03-28	0.008847	0.022947	0.033239	0.022696	0.352447	1819000.000000
2017-03-27	0.003205	0.019929	0.026981	0.017663	0.127266	2366500.000000
2017-03-24	0.000247	0.021692	0.024463	0.016403	0.009793	1741100.000000
2017-03-23	0.001235	0.020179	0.024719	0.019675	0.048950	2164600.000000
2017-03-22	-0.003445	0.012895	0.020435	0.012141	-0.137062	2633900.000000
2017-03-21	-0.000492	0.033750	0.035257	0.019682	-0.019581	2746100.000000
2017-03-20	-0.006111	0.019942	0.019942	0.014949	-0.244751	2041500.000000
2017-03-17	-0.012074	0.014534	0.016261	0.005901	-0.489506	2367000.000000
2017-03-16	0.006318	0.028391	0.030873	0.023674	0.254540	2324800.000000
2017-03-15	0.009816	0.024198	0.031968	0.023947	0.391609	1917300.000000
2017-03-14	-0.009961	0.009529	0.012507	0.007295	-0.401394	1501500.000000
2017-03-13	0.014293	0.033271	0.038808	0.032264	0.567822	2070200.000000
2017-03-10	0.000247	0.019426	0.021944	0.016153	0.009792	1989200.000000
2017-03-09	0.001481	0.026231	0.026231	0.021440	0.058739	1883800.000000
2017-03-08	-0.001479	0.026979	0.028994	0.019930	-0.058739	1446100.000000
2017-03-07	-0.004906	0.016430	0.018434	0.014426	-0.195801	1260400.000000
2017-03-06	-0.005852	0.017455	0.018203	0.011727	-0.234962	1552500.000000
2017-03-03	0.005887	0.025700	0.029458	0.023695	0.234962	1643700.000000
2017-03-02	-0.001714	0.021440	0.023691	0.018939	-0.068535	2198400.000000
2017-03-01	0.013400	0.031325	0.039183	0.031325	0.528672	2652400.000000
2017-02-28	-0.001487	0.016885	0.020934	0.016126	-0.058743	2004000.000000
2017-02-27	-0.007622	0.011897	0.016418	0.010390	-0.303490	2040200.000000
2017-02-24	-0.008533	0.010484	0.014468	0.008741	-0.342659	2402300.000000
2017-02-23	-0.003885	0.022681	0.023921	0.013751	-0.156639	2682700.000000
2017-02-22	0.016037	0.029505	0.042106	0.029505	0.636353	3839000.000000
2017-02-21	-0.053063	-0.013668	-0.005555	-0.014146	-2.223488	7484000.000000
2017-02-17	-0.004534	0.038400	0.044814	0.037450	-0.190857	1892100.000000
2017-02-16	0.000454	0.047665	0.049329	0.043149	0.019085	1954700.000000
2017-02-15	0.013330	0.054646	0.064039	0.053201	0.553490	2236900.000000
2017-02-14	0.005314	0.048629	0.054924	0.048145	0.219486	1664100.000000
2017-02-13	0.007214	0.047171	0.056926	0.046683	0.295826	2528800.000000
2017-02-10	-0.002090	0.041332	0.048146	0.040845	-0.085888	1484600.000000
2017-02-09	0.011273	0.047903	0.062915	0.047903	0.458057	1744100.000000
2017-02-08	-0.005837	0.039584	0.042765	0.032489	-0.238567	1868800.000000
2017-02-07	0.001637	0.045942	0.051089	0.045452	0.066803	2162100.000000
2017-02-06	-0.000468	0.043493	0.050107	0.043493	-0.019089	4395200.000000
2017-02-03	0.007537	0.054319	0.059996	0.052839	0.305374	6750700.000000
2017-02-02	-0.007480	0.043739	0.044963	0.036880	-0.305374	2379200.000000
2017-02-01	0.004225	0.060202	0.060940	0.049625	0.171772	2221200.000000
2017-01-31	0.002353	0.059984	0.061217	0.046916	0.095425	1681000.000000
2017-01-30	-0.010708	0.039853	0.040585	0.034487	-0.438969	1412400.000000
2017-01-27	-0.000698	0.050584	0.051559	0.045953	-0.028629	1353900.000000
2017-01-26	0.003736	0.049615	0.052796	0.047658	0.152687	1626300.000000
2017-01-25	0.017340	0.061593	0.066571	0.059850	0.696625	1415700.000000
2017-01-24	0.005253	0.052657	0.057161	0.050655	0.209945	1331000.000000
2017-01-23	0.003354	0.044137	0.052673	0.043384	0.133599	1394100.000000
2017-01-20	0.001680	0.047651	0.051423	0.047148	0.066803	1206200.000000
2017-01-19	-0.005727	0.045902	0.048153	0.037401	-0.229027	2159500.000000
2017-01-18	0.017727	0.063425	0.068260	0.057573	0.696628	3071400.000000
2017-01-17	0.000486	0.061651	0.062160	0.047648	0.019085	1989000.000000
2017-01-13	-0.000486	0.045358	0.051974	0.045358	-0.019085	1592900.000000
2017-01-12	-0.004111	0.045622	0.047649	0.040047	-0.162227	1318300.000000
2017-01-11	0.014724	0.054074	0.063332	0.049703	0.572571	1917700.000000
2017-01-10	0.002214	0.051253	0.058469	0.049191	0.085888	1764200.000000
2017-01-09	-0.011908	0.037971	0.038735	0.034406	-0.467606	1896500.000000
2017-01-06	-0.000243	0.045102	0.050703	0.044848	-0.009541	2313300.000000
2017-01-05	-0.002907	0.042064	0.046126	0.038764	-0.114517	1573900.000000
2017-01-04	0.009538	0.050978	0.058410	0.046621	0.372173	1398700.000000
2017-01-03	0.017670	0.071114	0.071375	0.062508	0.677544	2353000.000000
2016-12-30	0.010309	0.061341	0.064502	0.057125	0.391255	1742900.000000
2016-12-29	0.000000	0.049747	0.050537	0.044477	0.000000	1405500.000000
2016-12-28	-0.002508	0.051582	0.053422	0.045011	-0.095425	1167000.000000
2016-12-27	0.000000	0.049480	0.050794	0.047903	0.000000	748100.000000
2016-12-23	-0.011651	0.031018	0.036992	0.028160	-0.448513	1474500.000000
2016-12-22	-0.004442	0.043248	0.046610	0.040920	-0.171776	1382400.000000
2016-12-21	-0.001232	0.048161	0.049194	0.044287	-0.047710	1393100.000000
2016-12-20	-0.007826	0.034064	0.042521	0.032526	-0.305375	2867800.000000
2016-12-19	-0.011364	0.033461	0.038782	0.030421	-0.448513	2041200.000000
2016-12-16	-0.000725	0.047396	0.052460	0.045877	-0.028629	1919400.000000
2016-12-15	-0.002891	0.048408	0.052447	0.044116	-0.114513	2618300.000000
2016-12-14	-0.013077	0.048899	0.051640	0.033203	-0.524861	2701200.000000
2016-12-13	0.015452	0.059034	0.066877	0.054227	0.610745	4343200.000000
2016-12-12	-0.028612	0.017183	0.023573	0.012514	-1.164231	3793900.000000
2016-12-09	0.002351	0.045932	0.050612	0.043222	0.095429	2326100.000000
2016-12-08	-0.009776	0.037170	0.041073	0.033267	-0.400799	2276900.000000
2016-12-07	0.032196	0.067542	0.084411	0.066534	1.278748	3757500.000000
2016-12-06	0.044154	0.088389	0.096538	0.082868	1.679538	4701800.000000
2016-12-05	0.004283	0.050015	0.055823	0.049223	0.162236	1990800.000000
2016-12-02	0.003794	0.049758	0.056648	0.047373	0.143142	1821300.000000
2016-12-01	0.000000	0.044192	0.052938	0.042867	0.000000	2059600.000000
2016-11-30	0.005851	0.053234	0.058566	0.050302	0.219483	2535000.000000
2016-11-29	0.004600	0.050313	0.057276	0.048170	0.171772	1198300.000000
2016-11-28	-0.017575	0.035274	0.036590	0.028171	-0.667999	2464100.000000
2016-11-25	-0.002005	0.044489	0.047640	0.042651	-0.076344	698800.000000
2016-11-23	0.004531	0.035506	0.055552	0.035242	0.171772	1922200.000000
2016-11-22	0.006587	0.053212	0.056398	0.049495	0.248108	1492100.000000
2016-11-21	0.011533	0.058645	0.060525	0.053542	0.429432	2003100.000000
2016-11-18	-0.006872	0.041235	0.043635	0.038835	-0.257656	1374400.000000
2016-11-17	0.005888	0.053268	0.057829	0.049512	0.219486	1694500.000000
2016-11-16	-0.022278	0.027968	0.030853	0.023246	-0.849316	2345300.000000
2016-11-15	0.007820	0.044466	0.057155	0.042616	0.295830	2129000.000000
2016-11-14	0.010451	0.055649	0.061259	0.053245	0.391262	2270000.000000
2016-11-11	0.002299	0.042013	0.051115	0.039335	0.085884	3070100.000000
2016-11-10	0.011369	0.068482	0.073626	0.054672	0.419884	4515100.000000
2016-11-09	0.008338	0.042715	0.063738	0.042442	0.305370	3672400.000000
2016-11-08	-0.002858	0.032384	0.049808	0.030478	-0.104969	1732100.000000
2016-11-07	0.039428	0.088370	0.093464	0.085823	1.393261	3019600.000000
2016-11-04	-0.001618	0.044795	0.052423	0.043382	-0.057262	1875500.000000
2016-11-03	-0.000269	0.051857	0.055529	0.045360	-0.009541	1342700.000000
2016-11-02	-0.010667	0.044270	0.044829	0.033651	-0.381714	2143200.000000
2016-11-01	-0.003455	0.050966	0.051523	0.036207	-0.124057	2193400.000000
2016-10-31	-0.005812	0.042089	0.046518	0.038490	-0.209942	1660100.000000
2016-10-28	-0.004733	0.038534	0.046801	0.037983	-0.171768	2064800.000000
2016-10-27	-0.002361	0.049002	0.051201	0.043229	-0.085892	1809500.000000
2016-10-26	0.000000	0.040755	0.049552	0.040206	0.000000	1961700.000000
2016-10-25	0.001050	0.047903	0.051480	0.044876	0.038170	1686900.000000
2016-10-24	-0.003924	0.051192	0.051740	0.041324	-0.143139	1361000.000000
2016-10-21	0.004995	0.047903	0.056442	0.046801	0.181312	2043900.000000
2016-10-20	0.005817	0.047348	0.060094	0.046794	0.209942	2402100.000000
2016-10-19	-0.000264	0.046518	0.051781	0.045410	-0.009544	1321800.000000
2016-10-18	0.025415	0.088169	0.093282	0.082772	0.894749	3085300.000000
2016-10-17	-0.007698	0.055834	0.058934	0.051042	-0.273133	1405900.000000
2016-10-14	0.007488	0.075667	0.078223	0.069136	0.263710	1356200.000000
2016-10-13	-0.007696	0.043437	0.055835	0.036674	-0.273128	1971900.000000
2016-10-12	0.001861	0.065140	0.066270	0.058365	0.065929	1410600.000000
2016-10-11	-0.024131	0.052386	0.053212	0.032550	-0.875912	3158400.000000
2016-10-10	-0.000259	0.063681	0.067537	0.060926	-0.009418	1494200.000000
2016-10-07	0.008898	0.066754	0.072590	0.060363	0.320225	1939900.000000
2016-10-06	-0.002610	0.058704	0.060644	0.054547	-0.094189	1436400.000000
2016-10-05	0.009221	0.067906	0.074340	0.063151	0.329655	1996400.000000
2016-10-04	0.009038	0.078969	0.082920	0.068244	0.320221	3671800.000000
2016-10-03	0.000266	0.063164	0.067964	0.058365	0.009418	2585500.000000
2016-09-30	0.012110	0.061753	0.079182	0.061753	0.423828	2363000.000000
2016-09-29	-0.007214	0.066291	0.071681	0.046719	-0.254299	2729400.000000
2016-09-28	-0.004257	0.058928	0.060058	0.045935	-0.150696	1579200.000000
2016-09-27	0.020358	0.069823	0.083656	0.065500	0.706383	2403400.000000
2016-09-26	-0.009944	0.055475	0.057758	0.049769	-0.348480	2931700.000000
2016-09-23	-0.015869	0.046027	0.048555	0.042938	-0.565102	1992200.000000
2016-09-22	-0.016133	0.053464	0.055951	0.043242	-0.583942	2787000.000000
2016-09-21	0.016667	0.074393	0.079449	0.067370	0.593357	2290100.000000
2016-09-20	0.001590	0.065410	0.066817	0.058658	0.056507	1896000.000000
2016-09-19	0.015335	0.080891	0.084319	0.073750	0.536854	2221200.000000
2016-09-16	-0.017706	0.045479	0.046601	0.040147	-0.631031	3115000.000000
2016-09-15	0.019946	0.074059	0.084076	0.070339	0.696964	2220100.000000
2016-09-14	0.003788	0.066062	0.076404	0.063476	0.131851	2553200.000000
2016-09-13	-0.027368	0.036885	0.038562	0.028224	-0.979515	3756800.000000
2016-09-12	-0.004714	0.040618	0.058416	0.038671	-0.169529	2540700.000000
2016-09-09	-0.000262	0.068147	0.068703	0.059529	-0.009414	3216600.000000
2016-09-08	0.008983	0.065960	0.072693	0.063716	0.320220	2098400.000000
2016-09-07	-0.012523	0.055105	0.058706	0.046518	-0.452083	3343800.000000
2016-09-06	-0.008279	0.060105	0.060654	0.048292	-0.301384	2456700.000000
2016-09-02	0.020327	0.079411	0.088941	0.076328	0.725216	5074800.000000
2016-09-01	0.018280	0.088582	0.090009	0.074026	0.640449	3845900.000000
2016-08-31	0.017227	0.079753	0.080625	0.072785	0.593357	2816900.000000
2016-08-30	0.012178	0.073801	0.075859	0.071157	0.414410	1764400.000000
2016-08-29	0.007248	0.061457	0.070337	0.060865	0.244881	996800.000000
2016-08-26	0.000279	0.068267	0.075965	0.057015	0.009414	2167800.000000
2016-08-25	0.002516	0.061753	0.064721	0.060862	0.084763	1411900.000000
2016-08-24	0.002242	0.071570	0.071868	0.062943	0.075352	1546600.000000
2016-08-23	0.002528	0.068911	0.071893	0.064139	0.084766	2186000.000000
2016-08-22	-0.000281	0.059368	0.062647	0.056088	-0.009418	1560600.000000
2016-08-19	-0.006972	0.050502	0.054943	0.046652	-0.235463	1236700.000000
2016-08-18	0.007870	0.069511	0.071302	0.062946	0.263714	3547100.000000
2016-08-17	0.006507	0.065357	0.070163	0.061453	0.216629	6275300.000000
2016-08-16	-0.001130	0.059653	0.063853	0.057253	-0.037674	5832100.000000
2016-08-15	0.003972	0.061753	0.066572	0.061753	0.131855	1499100.000000
2016-08-12	-0.001416	0.060249	0.062054	0.056940	-0.047088	1402800.000000
2016-08-11	0.011172	0.070269	0.075135	0.068140	0.367317	1712000.000000
2016-08-10	0.006052	0.072768	0.073380	0.065425	0.197781	1949100.000000
2016-08-09	0.003421	0.075517	0.084113	0.075210	0.111415	2057700.000000
2016-08-08	0.008046	0.082004	0.086337	0.081694	0.259972	1864200.000000
2016-08-05	0.016058	0.085228	0.094348	0.084914	0.510651	2282500.000000
2016-08-04	0.016320	0.084083	0.094949	0.082805	0.510654	3225500.000000
2016-08-03	0.047886	0.131976	0.133651	0.121259	1.429831	4894700.000000
2016-08-02	-0.003100	0.078387	0.078721	0.069373	-0.092846	2489100.000000
2016-08-01	-0.014962	0.060937	0.067515	0.057320	-0.454947	2305800.000000
2016-07-29	0.011427	0.092020	0.097009	0.083704	0.343527	2064700.000000
2016-07-28	-0.010089	0.065527	0.067174	0.060918	-0.306389	3564800.000000
2016-07-27	0.005533	0.084336	0.085991	0.077714	0.167124	1914000.000000
2016-07-26	0.011505	0.096141	0.097481	0.082076	0.343531	2288900.000000
2016-07-25	-0.006794	0.070066	0.073393	0.067406	-0.204266	1706700.000000
2016-07-22	-0.003079	0.072741	0.074399	0.069425	-0.092844	1307800.000000
2016-07-21	-0.002763	0.076390	0.082012	0.072753	-0.083561	1598100.000000
2016-07-20	0.018768	0.099287	0.101645	0.093560	0.557078	2157400.000000
2016-07-19	-0.004980	0.073700	0.077722	0.069342	-0.148554	2079200.000000
2016-07-18	0.008474	0.081108	0.092602	0.078066	0.250681	2021400.000000
2016-07-15	-0.000941	0.076376	0.077727	0.068946	-0.027852	2603300.000000
2016-07-14	0.014959	0.093849	0.099333	0.089392	0.436377	3296600.000000
2016-07-13	-0.003805	0.077052	0.079442	0.069881	-0.111416	4596900.000000
2016-07-12	0.014801	0.086062	0.097498	0.083983	0.427094	3499100.000000
2016-07-11	0.018682	0.098939	0.102469	0.094350	0.529222	2991400.000000
2016-07-08	0.016322	0.100014	0.100372	0.090685	0.454943	2607300.000000
2016-07-07	-0.005631	0.086328	0.088111	0.065992	-0.157837	3543000.000000
2016-07-06	-0.003630	0.063544	0.073142	0.054658	-0.102129	4908000.000000
2016-07-05	-0.032876	0.050581	0.052300	0.038549	-0.956318	4670600.000000
2016-07-01	0.000639	0.083244	0.084276	0.073956	0.018570	4244000.000000
2016-06-30	0.021200	0.079160	0.103047	0.075998	0.603502	7365000.000000
2016-06-29	0.017253	0.086343	0.098493	0.080268	0.482800	3814300.000000
2016-06-28	0.025868	0.107479	0.109679	0.085850	0.705627	5415500.000000
2016-06-27	-0.042373	0.027552	0.034925	0.004734	-1.206995	11380900.000000
2016-06-24	-0.090424	-0.032474	0.014147	-0.033112	-2.831808	12283700.000000
2016-06-23	0.033078	0.105091	0.113338	0.093546	1.002739	3843200.000000
2016-06-22	0.006784	0.087347	0.097643	0.081037	0.204258	3905100.000000
2016-06-21	0.013438	0.086476	0.099266	0.080081	0.399241	5571200.000000
2016-06-20	0.027287	0.119581	0.119927	0.104713	0.789194	4604700.000000
2016-06-17	0.020977	0.090466	0.099645	0.083406	0.594213	3633500.000000
2016-06-16	0.009262	0.063157	0.088809	0.055318	0.259968	2934300.000000
2016-06-15	0.002654	0.084554	0.091698	0.077409	0.074280	3106600.000000
2016-06-14	-0.018555	0.068287	0.072494	0.048653	-0.529225	5259800.000000
2016-06-13	-0.009352	0.066632	0.081220	0.064548	-0.269256	3611700.000000
2016-06-10	-0.037853	0.043300	0.044303	0.031604	-1.132717	4574400.000000
2016-06-09	-0.008003	0.072742	0.072742	0.064455	-0.241404	2142100.000000
2016-06-08	-0.001230	0.074072	0.081025	0.073741	-0.037136	1234900.000000
2016-06-07	0.000923	0.079703	0.086331	0.076389	0.027851	1702100.000000
2016-06-06	-0.001229	0.069439	0.083341	0.069108	-0.037138	2380300.000000
2016-06-03	0.000923	0.081690	0.081690	0.062475	0.027857	2365800.000000
2016-06-02	0.006813	0.078386	0.084724	0.076051	0.204258	1813800.000000
2016-06-01	-0.004624	0.061447	0.075392	0.060451	-0.139265	2713800.000000
2016-05-31	-0.010070	0.080010	0.082639	0.062919	-0.306391	2665000.000000
2016-05-27	0.004906	0.082667	0.087951	0.079694	0.148550	1572800.000000
2016-05-26	-0.006701	0.070490	0.076067	0.064913	-0.204265	2015800.000000
2016-05-25	0.029154	0.106426	0.115542	0.105075	0.863472	2930700.000000
2016-05-24	0.030362	0.107666	0.112884	0.103491	0.872753	3600300.000000
2016-05-23	-0.004822	0.076013	0.080168	0.071859	-0.139269	1915100.000000
2016-05-20	-0.007656	0.069493	0.078082	0.066745	-0.222834	3125300.000000
2016-05-19	-0.003180	0.090750	0.091093	0.067805	-0.092846	2748100.000000
2016-05-18	0.017799	0.082977	0.097966	0.080886	0.510657	2508700.000000
2016-05-17	0.007056	0.104308	0.112382	0.096937	0.201007	3197600.000000
2016-05-16	0.012009	0.101229	0.110110	0.101229	0.338063	2184800.000000
2016-05-13	-0.005808	0.096599	0.103309	0.087416	-0.164463	3205500.000000
2016-05-12	-0.008637	0.099031	0.103583	0.081175	-0.246695	2422000.000000
2016-05-11	-0.010133	0.080270	0.093787	0.076805	-0.292375	2629600.000000
2016-05-10	0.011531	0.099037	0.108853	0.097986	0.328926	1975000.000000
2016-05-09	-0.010146	0.091010	0.094133	0.078517	-0.292380	2544400.000000
2016-05-06	-0.005047	0.075145	0.092754	0.074109	-0.146187	3681200.000000
2016-05-05	-0.005022	0.090014	0.097915	0.086922	-0.146190	2842200.000000
2016-05-04	-0.022999	0.073000	0.079712	0.065952	-0.685253	2694000.000000
2016-05-03	-0.018953	0.082626	0.083614	0.069127	-0.575615	1887200.000000
2016-05-02	-0.002700	0.100062	0.100062	0.085942	-0.082236	1543200.000000
2016-04-29	-0.013614	0.083143	0.088325	0.074721	-0.420292	2474100.000000
2016-04-28	-0.008800	0.077464	0.097690	0.076501	-0.274099	1599100.000000
2016-04-27	-0.007569	0.072176	0.089382	0.072176	-0.237556	2120300.000000
2016-04-26	0.028751	0.131192	0.132175	0.121686	0.877132	3393800.000000
2016-04-25	-0.008021	0.082774	0.089928	0.078872	-0.246693	2274600.000000
2016-04-22	-0.001483	0.087662	0.096753	0.085714	-0.045686	2214400.000000
2016-04-21	0.004469	0.109155	0.111112	0.097415	0.137045	3139800.000000
2016-04-20	0.021614	0.117802	0.122134	0.111139	0.648719	3553800.000000
2016-04-19	0.024641	0.119060	0.123839	0.110866	0.721800	2526100.000000
2016-04-18	0.004386	0.088308	0.101680	0.086594	0.127915	1822000.000000
2016-04-15	-0.000626	0.104075	0.104075	0.093452	-0.018275	2629500.000000
2016-04-14	0.000000	0.097564	0.098592	0.088654	0.000000	2515000.000000
2016-04-13	0.056566	0.149512	0.157115	0.141909	1.562388	3883600.000000
2016-04-12	0.012391	0.091914	0.110241	0.084950	0.338060	2842100.000000
2016-04-11	0.008784	0.110010	0.114447	0.103724	0.237555	2178300.000000
2016-04-08	0.011620	0.110564	0.115801	0.104205	0.310652	2519100.000000
2016-04-07	-0.018121	0.080156	0.086033	0.070240	-0.493386	2644400.000000
2016-04-06	0.005398	0.087464	0.101865	0.083033	0.146187	2776800.000000
2016-04-05	-0.037350	0.060000	0.060000	0.051824	-1.050730	4306000.000000
2016-04-04	-0.004204	0.092710	0.097312	0.088108	-0.118774	1799700.000000
2016-04-01	-0.006427	0.073378	0.087798	0.073026	-0.182737	2396700.000000
2016-03-31	-0.011750	0.087876	0.093090	0.080925	-0.338059	2136000.000000
2016-03-30	0.007358	0.104633	0.113386	0.099031	0.210144	2673700.000000
2016-03-29	-0.000959	0.082237	0.094130	0.075591	-0.027410	3181100.000000
2016-03-28	0.002563	0.098688	0.100442	0.093428	0.073099	2315600.000000
2016-03-24	-0.012342	0.078201	0.082704	0.074391	-0.356337	2781100.000000
2016-03-23	-0.012500	0.087981	0.088665	0.078405	-0.365471	1937700.000000
2016-03-22	-0.016897	0.071951	0.081030	0.069598	-0.502523	2416200.000000
2016-03-21	-0.002452	0.092467	0.096157	0.086094	-0.073095	2221400.000000
2016-03-18	0.003074	0.103901	0.106592	0.093134	0.091371	2161900.000000
2016-03-17	-0.001535	0.085074	0.099855	0.083730	-0.045685	3143300.000000
2016-03-16	0.007110	0.086022	0.104291	0.085684	0.210148	2692100.000000
2016-03-15	-0.004002	0.085719	0.091110	0.081338	-0.118778	2063900.000000
2016-03-14	-0.007941	0.086122	0.090803	0.082111	-0.237560	2060200.000000
2016-03-11	0.020892	0.106083	0.117346	0.105742	0.612163	4363200.000000
2016-03-10	-0.001246	0.099934	0.108455	0.082550	-0.036545	2399600.000000
2016-03-09	0.007530	0.112681	0.114398	0.098257	0.219279	2663000.000000
2016-03-08	-0.009325	0.097202	0.098222	0.084273	-0.274098	3223100.000000
2016-03-07	-0.004025	0.074149	0.094480	0.073471	-0.118778	4086100.000000
2016-03-04	0.004353	0.090736	0.105711	0.090396	0.127913	3548700.000000
2016-03-03	0.004372	0.094480	0.099265	0.090036	0.127916	3015000.000000
2016-03-02	0.023657	0.117223	0.125621	0.111975	0.676121	4706200.000000
2016-03-01	0.016053	0.138002	0.151867	0.133736	0.451536	4455500.000000
2016-02-29	-0.012741	0.120344	0.128417	0.113324	-0.363003	3074500.000000
2016-02-26	0.022561	0.164283	0.165719	0.152439	0.628614	4557100.000000
2016-02-25	0.020097	0.143748	0.152535	0.134961	0.548930	3664100.000000
2016-02-24	-0.007719	0.101860	0.121114	0.094594	-0.212487	4904000.000000
2016-02-23	-0.016139	0.133044	0.133401	0.110883	-0.451542	3298600.000000
2016-02-22	-0.018024	0.103848	0.116834	0.103848	-0.513515	4041200.000000
2016-02-19	-0.003098	0.119323	0.130869	0.113724	-0.088533	2952400.000000
2016-02-18	-0.013448	0.123256	0.124982	0.110484	-0.389567	2846000.000000
2016-02-17	0.014574	0.142428	0.150833	0.138926	0.416125	2613100.000000
2016-02-16	0.010338	0.133716	0.145393	0.131593	0.292173	3546400.000000
2016-02-12	0.039401	0.156686	0.175443	0.147123	1.071299	3999000.000000
2016-02-11	-0.035793	0.087979	0.101454	0.077695	-1.009322	6385200.000000
2016-02-10	0.006955	0.135897	0.154823	0.132326	0.194779	4346500.000000
2016-02-09	-0.007531	0.102535	0.129470	0.100409	-0.212488	5588000.000000
2016-02-08	-0.043804	0.088127	0.088466	0.067455	-1.292643	7661200.000000
2016-02-05	-0.009804	0.121752	0.129470	0.113699	-0.292170	3211600.000000
2016-02-04	0.009295	0.120326	0.145049	0.120326	0.274464	3719300.000000
2016-02-03	-0.005961	0.119033	0.123073	0.090418	-0.177074	5310100.000000
2016-02-02	-0.040057	0.095537	0.095537	0.080671	-1.239523	3530200.000000
2016-02-01	-0.012712	0.097563	0.117983	0.095011	-0.398421	3167600.000000
2016-01-29	0.027278	0.140614	0.160279	0.135697	0.832257	3303600.000000
2016-01-28	0.013529	0.158703	0.159367	0.134453	0.407268	4345900.000000
2016-01-27	-0.002640	0.115554	0.148686	0.115223	-0.079683	3974500.000000
2016-01-26	0.016701	0.136880	0.151365	0.131491	0.495809	3474000.000000
2016-01-25	-0.029522	0.106259	0.109528	0.095471	-0.903078	3418400.000000
2016-01-22	0.031036	0.166209	0.172950	0.154749	0.920790	3098000.000000
2016-01-21	0.000298	0.119355	0.138910	0.108903	0.008848	3851900.000000
2016-01-20	-0.032351	0.090973	0.098803	0.066830	-0.991609	6271700.000000
2016-01-19	-0.000289	0.138276	0.139254	0.121316	-0.008858	2862800.000000
2016-01-15	-0.049149	0.075818	0.084502	0.065894	-1.584812	5174400.000000
2016-01-14	0.012510	0.131353	0.148310	0.121305	0.398409	3039800.000000
2016-01-13	-0.017481	0.129161	0.132555	0.104480	-0.566634	4412800.000000
2016-01-12	0.004941	0.134430	0.136601	0.125129	0.159371	2430900.000000
2016-01-11	0.007745	0.145716	0.146341	0.129782	0.247902	2019200.000000
2016-01-08	-0.006595	0.143747	0.144058	0.122021	-0.212486	3396200.000000
2016-01-07	-0.020985	0.110630	0.120354	0.102729	-0.690594	3062900.000000
2016-01-06	-0.034545	0.089865	0.095146	0.085171	-1.177540	2970400.000000
2016-01-05	-0.002332	0.126543	0.130055	0.115421	-0.079685	1776500.000000
2016-01-04	-0.022296	0.095989	0.104860	0.089121	-0.779137	3553100.000000
2015-12-31	-0.005793	0.127763	0.128901	0.120366	-0.203628	1872500.000000
2015-12-30	-0.014399	0.116010	0.122459	0.111524	-0.513516	2014400.000000
2015-12-29	0.006245	0.133702	0.139627	0.132009	0.221344	1426900.000000
2015-12-28	-0.008176	0.119395	0.124152	0.113518	-0.292175	1397800.000000
2015-12-24	0.000496	0.125270	0.133670	0.125270	0.017711	673500.000000
2015-12-23	0.019459	0.141743	0.152875	0.141743	0.681733	1860200.000000
2015-12-22	0.002788	0.126607	0.134336	0.120883	0.097393	1789800.000000
2015-12-21	0.004582	0.140971	0.145285	0.127169	0.159366	2067500.000000
2015-12-18	-0.007830	0.130040	0.130325	0.117773	-0.274467	2472600.000000
2015-12-17	0.002279	0.136618	0.140336	0.130328	0.079689	2259300.000000
2015-12-16	0.027575	0.160615	0.162084	0.147981	0.938492	2406300.000000
2015-12-15	0.013980	0.145856	0.151517	0.141685	0.469242	2110000.000000
2015-12-14	0.001056	0.132750	0.136329	0.111873	0.035415	3843400.000000
2015-12-11	-0.021952	0.115468	0.116051	0.099716	-0.752563	3195100.000000
2015-12-10	0.002330	0.131224	0.139411	0.128885	0.079681	2910300.000000
2015-12-09	0.006776	0.140950	0.154196	0.129470	0.230198	2607300.000000
2015-12-08	-0.026389	0.100810	0.103676	0.095651	-0.920784	3859200.000000
2015-12-07	-0.011289	0.121252	0.121252	0.111051	-0.398414	2271400.000000
2015-12-04	0.005043	0.121780	0.136874	0.119217	0.177070	2664300.000000
2015-12-03	-0.011712	0.134536	0.135943	0.112582	-0.416122	2949000.000000
2015-12-02	-0.012792	0.123079	0.126413	0.112243	-0.460396	1623500.000000
2015-12-01	0.018797	0.150700	0.153248	0.144755	0.664024	1896800.000000
2015-11-30	-0.005483	0.125810	0.127217	0.120461	-0.194778	1650100.000000
2015-11-27	-0.000996	0.132001	0.132563	0.127220	-0.035416	917300.000000
2015-11-25	0.003248	0.135395	0.137652	0.129470	0.115101	1412200.000000
2015-11-24	-0.007930	0.112955	0.123591	0.112115	-0.283314	1632600.000000
2015-11-23	0.000992	0.136474	0.141518	0.128068	0.035405	1739300.000000
2015-11-20	0.002736	0.135932	0.139303	0.130313	0.097396	1571100.000000
2015-11-19	0.009289	0.135708	0.144215	0.134857	0.327584	1664200.000000
2015-11-18	0.010657	0.132622	0.141507	0.132336	0.371860	2064700.000000
2015-11-17	0.004844	0.136381	0.141277	0.131486	0.168221	1512000.000000
2015-11-16	0.007708	0.123375	0.138466	0.121634	0.265606	1322900.000000
2015-11-13	-0.016427	0.115198	0.118338	0.108918	-0.575489	1922600.000000
2015-11-12	-0.004278	0.129754	0.132880	0.123501	-0.150513	2039000.000000
2015-11-11	0.002017	0.136874	0.137728	0.126622	0.070831	1059400.000000
2015-11-10	-0.008252	0.117042	0.120432	0.112523	-0.292171	1693000.000000
2015-11-09	0.003261	0.143354	0.144204	0.127486	0.115101	2129200.000000
2015-11-06	0.008858	0.139189	0.144621	0.131471	0.309879	2306700.000000
2015-11-05	-0.013237	0.117622	0.119596	0.110288	-0.469257	1452900.000000
2015-11-04	0.026141	0.166231	0.166520	0.154942	0.903083	2256600.000000
2015-11-03	-0.000512	0.113847	0.131205	0.113847	-0.017711	1555600.000000
2015-11-02	-0.000768	0.125711	0.130915	0.121375	-0.026554	1159800.000000
2015-10-30	-0.004079	0.130045	0.132061	0.123135	-0.141663	1501800.000000
2015-10-29	-0.009343	0.117490	0.122624	0.111786	-0.327583	1454600.000000
2015-10-28	0.009689	0.127742	0.142717	0.127454	0.336441	1327500.000000
2015-10-27	-0.008344	0.122901	0.126328	0.118332	-0.292172	1196300.000000
2015-10-26	-0.009020	0.124093	0.126640	0.117301	-0.318733	1087700.000000
2015-10-23	0.016297	0.148740	0.151616	0.142700	0.566631	1318900.000000
2015-10-22	0.008734	0.131211	0.141655	0.131211	0.301033	1968100.000000
2015-10-21	-0.011176	0.124879	0.127461	0.116847	-0.389564	1931800.000000
2015-10-20	-0.006231	0.133835	0.139822	0.133265	-0.218571	1681900.000000
2015-10-19	-0.006193	0.135314	0.137581	0.131347	-0.218563	1247600.000000
2015-10-16	-0.000990	0.141550	0.144663	0.133341	-0.034969	1531500.000000
2015-10-15	0.015582	0.149851	0.162499	0.147263	0.542042	1218900.000000
2015-10-14	0.006323	0.153360	0.160013	0.147574	0.218566	1335700.000000
2015-10-13	-0.028023	0.105856	0.116821	0.105574	-0.996662	2186000.000000
2015-10-12	0.002711	0.144096	0.150298	0.140995	0.096169	1163200.000000
2015-10-09	-0.005394	0.144936	0.148581	0.135121	-0.192341	1527400.000000
2015-10-08	0.005423	0.134792	0.151708	0.133664	0.192341	1902100.000000
2015-10-07	0.026309	0.174485	0.182877	0.167830	0.909237	2665600.000000
2015-10-06	-0.000253	0.141789	0.150178	0.141210	-0.008744	1860200.000000
2015-10-05	0.015409	0.148514	0.164082	0.148514	0.524567	1920300.000000
2015-10-02	0.020173	0.143814	0.167188	0.139019	0.673184	2371300.000000
2015-10-01	0.007656	0.162535	0.165253	0.143512	0.253532	2006400.000000
2015-09-30	0.022678	0.167283	0.169753	0.158945	0.734383	1981200.000000
2015-09-29	-0.002961	0.139811	0.142274	0.132422	-0.096169	2203100.000000
2015-09-28	-0.023909	0.122777	0.123077	0.113761	-0.795578	2273900.000000
2015-09-25	0.012503	0.159028	0.165723	0.154768	0.410908	1747300.000000
2015-09-24	-0.010269	0.123034	0.134478	0.115806	-0.340965	2605400.000000
2015-09-23	0.005028	0.160158	0.161066	0.144419	0.166107	2330800.000000
2015-09-22	-0.017421	0.122996	0.125078	0.114073	-0.585759	2349500.000000
2015-09-21	0.008655	0.154613	0.156713	0.148014	0.288510	1537200.000000
2015-09-18	-0.022809	0.122415	0.129744	0.115380	-0.778095	2182200.000000
2015-09-17	-0.020828	0.122287	0.133768	0.116546	-0.725647	2448300.000000
2015-09-16	0.016582	0.159571	0.165115	0.156361	0.568275	1595600.000000
2015-09-15	0.010570	0.149416	0.157968	0.147352	0.358448	2216600.000000
2015-09-14	-0.008436	0.124516	0.134457	0.119253	-0.288509	1753200.000000
2015-09-11	0.001536	0.140593	0.146742	0.138543	0.052452	1749300.000000
2015-09-10	-0.006865	0.132472	0.141487	0.127819	-0.236046	1981400.000000
2015-09-09	0.006655	0.175725	0.176310	0.150840	0.227306	2717500.000000
2015-09-08	0.036890	0.186009	0.189348	0.176598	1.215233	2241600.000000
2015-09-04	-0.022822	0.118007	0.122456	0.111481	-0.769363	2994100.000000
2015-09-03	0.000260	0.143221	0.150638	0.140550	0.008755	1712100.000000
2015-09-02	0.010220	0.163597	0.164796	0.144713	0.340961	2181800.000000
2015-09-01	-0.038064	0.105754	0.110656	0.094797	-1.320145	3068300.000000
2015-08-31	-0.005764	0.136074	0.140374	0.132920	-0.201080	1478200.000000
2015-08-28	-0.006474	0.127579	0.139257	0.127010	-0.227314	2604600.000000
2015-08-27	0.026323	0.160768	0.175384	0.159891	0.900501	2477700.000000
2015-08-26	-0.002295	0.146730	0.148480	0.118149	-0.078689	4004700.000000
2015-08-25	0.021354	0.192664	0.192664	0.166452	0.716903	4754500.000000
2015-08-24	-0.052320	0.093003	0.104294	0.074372	-1.853447	5488600.000000
2015-08-21	-0.029694	0.134501	0.138884	0.109850	-1.084098	4091200.000000
2015-08-20	-0.014397	0.136255	0.136795	0.125727	-0.533299	2668000.000000
2015-08-19	-0.027988	0.118886	0.120198	0.108652	-1.066608	2041400.000000
2015-08-18	0.002761	0.148024	0.150655	0.143814	0.104912	1255200.000000
2015-08-17	-0.006627	0.132313	0.140939	0.130745	-0.253533	1766200.000000
2015-08-14	-0.000457	0.136237	0.144598	0.135976	-0.017490	1220300.000000
2015-08-13	-0.000228	0.144598	0.147993	0.141202	-0.008740	1487800.000000
2015-08-12	-0.019919	0.118470	0.122310	0.107974	-0.778099	2428200.000000
2015-08-11	-0.006159	0.144656	0.150253	0.140331	-0.242084	2769400.000000
2015-08-10	-0.000660	0.143138	0.156868	0.142630	-0.025940	1011000.000000
2015-08-07	-0.005248	0.149532	0.153326	0.147003	-0.207501	1132600.000000
2015-08-06	-0.009744	0.149351	0.149351	0.141587	-0.389065	1119700.000000
2015-08-05	0.019426	0.180614	0.184189	0.176784	0.760838	1840300.000000
2015-08-04	0.002878	0.161735	0.163527	0.157638	0.112392	1307900.000000
2015-08-03	0.002219	0.161490	0.166109	0.154818	0.086464	1312200.000000
2015-07-31	0.001333	0.165351	0.166636	0.156871	0.051876	1302600.000000
2015-07-30	-0.001553	0.163285	0.163285	0.151226	-0.060520	1279500.000000
2015-07-29	0.006250	0.158938	0.167457	0.158938	0.242089	1380100.000000
2015-07-28	0.020733	0.175324	0.181649	0.171371	0.786769	1662100.000000
2015-07-27	-0.004084	0.153202	0.154777	0.148478	-0.155624	1064700.000000
2015-07-24	-0.017172	0.142427	0.147586	0.132109	-0.665733	1549700.000000
2015-07-23	-0.007525	0.158150	0.158150	0.145862	-0.293961	1411700.000000
2015-07-22	-0.007687	0.142134	0.148739	0.142134	-0.302604	1026900.000000
2015-07-21	-0.001754	0.155853	0.158642	0.152049	-0.069180	1190000.000000
2015-07-20	0.006621	0.162740	0.168867	0.160953	0.259380	1418700.000000
2015-07-17	0.001547	0.156870	0.159682	0.154057	0.060528	927700.000000
2015-07-16	0.012307	0.170849	0.174989	0.169554	0.475529	1362700.000000
2015-07-15	0.003368	0.160509	0.163366	0.156354	0.129684	1361400.000000
2015-07-14	0.002702	0.164165	0.164425	0.158176	0.103752	1144800.000000
2015-07-13	0.012537	0.176387	0.177706	0.168742	0.475525	1590300.000000
2015-07-10	0.019758	0.184844	0.185113	0.175165	0.734909	1884000.000000
2015-07-09	0.011046	0.185971	0.186786	0.169390	0.406353	1636200.000000
2015-07-08	-0.026761	0.131482	0.137831	0.124603	-1.011570	2405800.000000
2015-07-07	-0.012201	0.145116	0.145377	0.125517	-0.466877	3642200.000000
2015-07-06	-0.020363	0.130246	0.139462	0.128454	-0.795429	1855300.000000
2015-07-02	0.010964	0.170331	0.173437	0.167484	0.423653	1438900.000000
2015-07-01	-0.002678	0.149387	0.153516	0.146805	-0.103760	2269300.000000
2015-06-30	-0.007970	0.164039	0.164808	0.142275	-0.311253	2659300.000000
2015-06-29	-0.028602	0.138456	0.143182	0.123284	-1.149902	2229200.000000
2015-06-26	-0.003002	0.151902	0.158102	0.148678	-0.121044	1530000.000000
2015-06-25	-0.011026	0.154652	0.155388	0.143616	-0.449589	1068800.000000
2015-06-24	-0.003171	0.155391	0.159059	0.152947	-0.129692	792900.000000
2015-06-23	-0.000422	0.156370	0.158813	0.155392	-0.017284	1165700.000000
2015-06-22	0.011973	0.172688	0.177387	0.170215	0.484169	1500400.000000
2015-06-19	0.001499	0.160824	0.166768	0.157852	0.060516	1597900.000000
2015-06-18	-0.000214	0.154633	0.160328	0.151414	-0.008640	1378000.000000
2015-06-17	0.001286	0.155870	0.161573	0.150168	0.051876	2014900.000000
2015-06-16	-0.001926	0.149685	0.156119	0.147211	-0.077812	2513400.000000
2015-06-15	-0.014963	0.137845	0.141501	0.133945	-0.613865	1908500.000000
2015-06-12	-0.000421	0.150766	0.158563	0.146624	-0.017292	1640300.000000
2015-06-11	-0.002102	0.151508	0.156128	0.145430	-0.086457	1549600.000000
2015-06-10	0.012128	0.166211	0.173594	0.165473	0.492814	2004700.000000
2015-06-09	-0.007811	0.148068	0.151242	0.142941	-0.319893	1817700.000000
2015-06-08	0.004027	0.164459	0.166420	0.159311	0.164272	1239400.000000
2015-06-05	-0.005900	0.140773	0.153689	0.138824	-0.242092	1312000.000000
2015-06-04	-0.009186	0.151302	0.157580	0.143575	-0.380417	1358100.000000
2015-06-03	0.002511	0.156130	0.167749	0.155888	0.103748	1205400.000000
2015-06-02	0.006530	0.162949	0.168797	0.161000	0.268025	1930800.000000
2015-06-01	-0.000631	0.157345	0.158562	0.149796	-0.025933	1868500.000000
2015-05-29	-0.003984	0.166315	0.167285	0.147641	-0.164272	1765200.000000
2015-05-28	-0.002510	0.154195	0.155646	0.148147	-0.103752	1506300.000000
2015-05-27	0.008650	0.161006	0.175891	0.159054	0.354477	2437400.000000
2015-05-26	-0.014758	0.148921	0.149642	0.136900	-0.613857	2555000.000000
2015-05-22	0.003128	0.162161	0.164814	0.159267	0.129692	1570000.000000
2015-05-21	0.003137	0.163872	0.165565	0.159759	0.129688	3228800.000000
2015-05-20	0.009715	0.168583	0.174202	0.166629	0.397717	2084900.000000
2015-05-19	-0.012384	0.150734	0.156283	0.149287	-0.513344	3006900.000000
2015-05-18	-0.007375	0.161165	0.165954	0.159010	-0.307995	1436200.000000
2015-05-15	0.002877	0.167147	0.172190	0.164265	0.119789	1465300.000000
2015-05-14	0.007243	0.176810	0.178745	0.169795	0.299435	1807100.000000
2015-05-13	-0.003506	0.162319	0.166658	0.157016	-0.145455	1752900.000000
2015-05-12	-0.012222	0.153589	0.159065	0.150732	-0.513332	1872300.000000
2015-05-11	-0.007882	0.161032	0.166465	0.158198	-0.333660	1823900.000000
2015-05-08	0.026982	0.196483	0.202791	0.190904	1.112221	2105900.000000
2015-05-07	-0.001451	0.164951	0.168585	0.154050	-0.059891	1678800.000000
2015-05-06	0.014295	0.183570	0.188238	0.179884	0.581779	2533800.000000
2015-05-05	-0.031161	0.146689	0.147879	0.131215	-1.309005	3675800.000000
2015-05-04	-0.002641	0.165029	0.168115	0.162180	-0.111218	2028400.000000
2015-05-01	-0.008060	0.157052	0.159878	0.150458	-0.342220	2339300.000000
2015-04-30	-0.010764	0.156946	0.163702	0.152985	-0.462010	3540900.000000
2015-04-29	0.012104	0.182268	0.185097	0.174015	0.513340	4139500.000000
2015-04-28	0.001819	0.162213	0.171426	0.158434	0.077004	2511900.000000
2015-04-27	0.037099	0.207535	0.213170	0.204106	1.514335	4058700.000000
2015-04-24	0.034700	0.210146	0.212681	0.203048	1.368889	3276600.000000
2015-04-23	0.010963	0.173696	0.183435	0.172415	0.427780	2009600.000000
2015-04-22	0.000219	0.169340	0.170109	0.160112	0.008557	1820800.000000
2015-04-21	0.001978	0.173451	0.179614	0.170369	0.077007	2424900.000000
2015-04-20	0.014489	0.186805	0.192538	0.184460	0.556107	2092800.000000
2015-04-17	-0.012547	0.154162	0.157507	0.151332	-0.487675	1772400.000000
2015-04-16	-0.010024	0.157366	0.159403	0.151508	-0.393551	2202300.000000
2015-04-15	0.005478	0.166010	0.175998	0.164730	0.213894	1623300.000000
2015-04-14	0.008173	0.174766	0.179671	0.172184	0.316551	2965300.000000
2015-04-13	0.012978	0.185043	0.187659	0.178766	0.496231	3990200.000000
2015-04-10	0.003368	0.172764	0.175650	0.169090	0.128330	2179900.000000
2015-04-09	0.017592	0.185918	0.191793	0.184316	0.658780	2915200.000000
2015-04-08	0.006438	0.184684	0.186297	0.169365	0.239551	2843100.000000
2015-04-07	-0.000689	0.169902	0.174467	0.167216	-0.025665	3491300.000000
2015-04-06	0.008575	0.170723	0.186163	0.169369	0.316555	1205100.000000
2015-04-02	0.005359	0.173185	0.177270	0.172096	0.196785	1316900.000000
2015-04-01	0.007748	0.177060	0.180079	0.171846	0.282326	2098600.000000
2015-03-31	-0.013892	0.150425	0.158544	0.150155	-0.513325	2073300.000000
2015-03-30	0.001623	0.169370	0.175062	0.168014	0.059887	1937600.000000
2015-03-27	-0.000232	0.168014	0.170995	0.162052	-0.008560	1982900.000000
2015-03-26	-0.002544	0.167205	0.168287	0.157204	-0.094117	1982800.000000
2015-03-25	0.005114	0.182956	0.184586	0.173718	0.188233	2176700.000000
2015-03-24	-0.004397	0.166663	0.168557	0.162606	-0.162560	1780600.000000
2015-03-23	-0.008035	0.159704	0.161046	0.153264	-0.299450	1855900.000000
2015-03-20	0.023256	0.187772	0.200402	0.183928	0.847004	3535800.000000
2015-03-19	-0.012068	0.159876	0.160419	0.150925	-0.444881	2259100.000000
2015-03-18	0.019882	0.169934	0.195939	0.167998	0.718670	3266700.000000
2015-03-17	0.011976	0.176386	0.185345	0.175266	0.427768	2411500.000000
2015-03-16	0.004814	0.169953	0.177267	0.167984	0.171116	1503400.000000
2015-03-13	-0.010007	0.154624	0.158802	0.147384	-0.359333	2318900.000000
2015-03-12	-0.001902	0.168828	0.169662	0.158821	-0.068439	3466300.000000
2015-03-11	-0.007084	0.161100	0.164412	0.156684	-0.256672	1868800.000000
2015-03-10	-0.013970	0.166106	0.166378	0.150322	-0.513336	2652000.000000
2015-03-09	0.003270	0.176745	0.177837	0.169919	0.119774	1882700.000000
2015-03-06	-0.017894	0.158102	0.159711	0.146304	-0.667332	2860700.000000
2015-03-05	-0.003885	0.162417	0.166691	0.160815	-0.145443	2063100.000000
2015-03-04	-0.001141	0.168294	0.168827	0.161090	-0.042782	1490600.000000
2015-03-03	-0.001337	0.195507	0.197905	0.189645	-0.050186	1554700.000000
2015-03-02	0.005603	0.194971	0.202205	0.193631	0.209118	1229500.000000
2015-02-27	-0.005128	0.191509	0.193641	0.188576	-0.192387	1527100.000000
2015-02-26	0.001787	0.190700	0.198177	0.190166	0.066918	1497400.000000
2015-02-25	-0.005995	0.188340	0.189137	0.181439	-0.225846	2392300.000000
2015-02-24	0.008057	0.192831	0.206477	0.192831	0.301129	3624100.000000
2015-02-23	-0.042845	0.136090	0.145054	0.131224	-1.672936	3921100.000000
2015-02-20	0.009297	0.199384	0.209982	0.195507	0.359677	1339300.000000
2015-02-19	-0.008999	0.189615	0.192945	0.183724	-0.351307	1288500.000000
2015-02-18	0.008863	0.206620	0.209462	0.203518	0.342949	1820300.000000
2015-02-17	0.002818	0.196803	0.201986	0.191360	0.108738	1813100.000000
2015-02-13	-0.000217	0.192138	0.197062	0.189547	-0.008366	1847300.000000
2015-02-12	0.015852	0.206299	0.214458	0.204983	0.602260	1955100.000000
2015-02-11	-0.004384	0.184501	0.190266	0.180570	-0.167293	2363000.000000
2015-02-10	-0.016174	0.182874	0.184163	0.171272	-0.627350	3488000.000000
2015-02-09	-0.015081	0.173161	0.181033	0.172907	-0.593891	2097600.000000
2015-02-06	0.000212	0.206682	0.208460	0.193729	0.008366	1475700.000000
2015-02-05	0.007923	0.197811	0.206259	0.196019	0.309486	1742500.000000
2015-02-04	-0.003202	0.189383	0.197548	0.187086	-0.125469	1502600.000000
2015-02-03	0.016490	0.200435	0.215220	0.200176	0.635719	2197900.000000
2015-02-02	0.008093	0.195507	0.207012	0.194984	0.309490	1701700.000000
2015-01-30	-0.020566	0.181165	0.181933	0.170921	-0.803009	2044800.000000
2015-01-29	0.003655	0.195507	0.200648	0.188824	0.142204	1774800.000000
2015-01-28	-0.009794	0.194743	0.194743	0.182017	-0.384780	1783400.000000
2015-01-27	-0.007187	0.185652	0.190706	0.177060	-0.284398	1935200.000000
2015-01-26	0.010250	0.201123	0.209548	0.196783	0.401505	1847200.000000
2015-01-23	-0.000214	0.192444	0.200101	0.191678	-0.008366	1994200.000000
2015-01-22	0.023602	0.211444	0.225813	0.211444	0.903389	1682600.000000
2015-01-21	0.008818	0.196561	0.207103	0.193925	0.334580	1860100.000000
2015-01-20	0.002652	0.197621	0.202377	0.192071	0.100372	3186200.000000
2015-01-16	-0.000442	0.185998	0.194979	0.181244	-0.016716	2908800.000000
2015-01-15	0.000442	0.191543	0.200263	0.188107	0.016716	2449700.000000
2015-01-14	-0.010282	0.177199	0.186614	0.173014	-0.393135	2726500.000000
2015-01-13	0.001973	0.204679	0.207038	0.191052	0.075287	1884300.000000
2015-01-12	0.000878	0.198917	0.200228	0.189999	0.033459	1603100.000000
2015-01-09	-0.005238	0.187679	0.192898	0.182983	-0.200756	1401900.000000
2015-01-08	0.003284	0.194460	0.204407	0.194460	0.125469	1601600.000000
2015-01-07	0.007723	0.199200	0.206059	0.193133	0.292766	2122400.000000
2015-01-06	-0.014568	0.181210	0.187449	0.170032	-0.560432	3408100.000000
2015-01-05	-0.022945	0.174934	0.176966	0.163251	-0.903381	2599600.000000
2015-01-02	-0.003388	0.197279	0.198038	0.185888	-0.133835	1446500.000000
2014-12-31	-0.003587	0.197777	0.199290	0.189958	-0.142201	1178400.000000
2014-12-30	-0.011882	0.179058	0.183295	0.176068	-0.476784	1575700.000000
2014-12-29	-0.001041	0.191026	0.197498	0.190528	-0.041828	1110900.000000
2014-12-26	0.006498	0.199767	0.206031	0.197010	0.259304	892800.000000
2014-12-24	0.003787	0.199280	0.203304	0.192740	0.150566	1009100.000000
2014-12-23	-0.005232	0.188001	0.191253	0.185498	-0.209117	2555300.000000
2014-12-22	0.005048	0.203554	0.204057	0.197016	0.200756	1898000.000000
2014-12-19	0.009771	0.204648	0.211505	0.199316	0.384773	2793200.000000
2014-12-18	0.008137	0.189363	0.205491	0.188851	0.317852	3278100.000000
2014-12-17	-0.004477	0.185313	0.194487	0.179961	-0.175655	3279200.000000
2014-12-16	0.009686	0.197308	0.223298	0.192419	0.376415	3158700.000000
2014-12-15	-0.019418	0.184657	0.191217	0.162705	-0.769554	3837400.000000
2014-12-12	-0.018641	0.189316	0.193278	0.171983	-0.752816	2783400.000000
2014-12-11	-0.007809	0.188628	0.193050	0.182977	-0.317859	1812900.000000
2014-12-10	-0.007749	0.195751	0.196238	0.184293	-0.317860	1819700.000000
2014-12-09	-0.015656	0.175830	0.180869	0.171030	-0.652439	1456700.000000
2014-12-08	-0.005192	0.193836	0.197178	0.188345	-0.217480	1359400.000000
2014-12-05	0.014176	0.213423	0.218991	0.211486	0.585526	1337800.000000
2014-12-04	-0.005838	0.189008	0.191656	0.184676	-0.242573	985400.000000
2014-12-03	-0.000805	0.197912	0.199115	0.192621	-0.033455	729200.000000
2014-12-02	0.013249	0.210859	0.212808	0.206716	0.543698	1507700.000000
2014-12-01	-0.013869	0.189019	0.189019	0.177004	-0.577160	1619600.000000
2014-11-28	-0.006590	0.191926	0.194075	0.185958	-0.276036	673200.000000
2014-11-26	0.003205	0.199099	0.201015	0.196225	0.133835	2025800.000000
2014-11-25	0.009096	0.203482	0.210490	0.202273	0.376408	1441900.000000
2014-11-24	-0.000606	0.195265	0.197680	0.188744	-0.025097	1616600.000000
2014-11-21	0.007531	0.207187	0.209620	0.201590	0.309498	1492100.000000
2014-11-20	-0.012264	0.179884	0.183489	0.177481	-0.510250	2115600.000000
2014-11-19	-0.004005	0.190480	0.191198	0.185932	-0.167286	1206100.000000
2014-11-18	-0.002198	0.195746	0.198612	0.192641	-0.092015	850500.000000
2014-11-17	-0.004376	0.180762	0.192178	0.180524	-0.184021	1071500.000000
2014-11-14	0.002393	0.189786	0.199321	0.189547	0.100377	1379300.000000
2014-11-13	-0.001394	0.193364	0.196697	0.190508	-0.058556	1090800.000000
2014-11-12	-0.006921	0.181086	0.188651	0.180613	-0.292759	731100.000000
2014-11-11	0.003971	0.199542	0.201678	0.196219	0.167297	791800.000000
2014-11-10	0.005590	0.199803	0.204099	0.195268	0.234200	758800.000000
2014-11-07	-0.005361	0.186249	0.189097	0.182688	-0.225842	1308800.000000
2014-11-06	-0.002772	0.196927	0.199531	0.187931	-0.117107	723000.000000
2014-11-05	0.006778	0.199559	0.205517	0.196699	0.284397	1087900.000000
2014-11-04	0.001198	0.191450	0.196939	0.189303	0.050190	1526200.000000
2014-11-03	-0.018032	0.178167	0.179339	0.170200	-0.769550	1675700.000000
2014-10-31	0.011298	0.207355	0.213280	0.204038	0.476787	1437400.000000
2014-10-30	-0.004735	0.178998	0.192677	0.178762	-0.200748	1414800.000000
2014-10-29	-0.000394	0.194328	0.198807	0.187963	-0.016731	1396900.000000
2014-10-28	0.008954	0.202881	0.206211	0.200740	0.376415	1261200.000000
2014-10-27	-0.007896	0.179224	0.188663	0.178988	-0.334591	1010600.000000
2014-10-24	0.004162	0.199535	0.201194	0.195507	0.175655	1238500.000000
2014-10-23	0.013052	0.216152	0.217353	0.209911	0.543709	2005600.000000
2014-10-22	-0.002803	0.197183	0.201492	0.190959	-0.117107	1220000.000000
2014-10-21	0.008397	0.213270	0.219064	0.212063	0.347831	1079200.000000
2014-10-20	-0.003387	0.196891	0.203387	0.194004	-0.140785	1293600.000000
2014-10-17	0.012712	0.215029	0.224044	0.211131	0.521748	2097800.000000
2014-10-16	-0.001612	0.188746	0.211368	0.187287	-0.066258	2811700.000000
2014-10-15	-0.013905	0.199321	0.201000	0.170537	-0.579723	3897900.000000
2014-10-14	-0.001982	0.207955	0.212504	0.202449	-0.082813	1933300.000000
2014-10-13	0.013666	0.232228	0.236110	0.223249	0.563156	1782900.000000
2014-10-10	-0.008962	0.203388	0.206274	0.195452	-0.372681	4375600.000000
2014-10-09	-0.023722	0.192216	0.194798	0.177424	-1.010372	2568700.000000
2014-10-08	0.019425	0.218725	0.230932	0.215135	0.811607	3777000.000000
2014-10-07	-0.006498	0.209617	0.211281	0.199154	-0.273288	1259800.000000
2014-10-06	0.007340	0.218255	0.221369	0.211549	0.306423	3992500.000000
2014-10-03	0.012656	0.223971	0.227852	0.220575	0.521747	3443800.000000
2014-10-02	-0.007773	0.206033	0.206995	0.188944	-0.322982	5464500.000000
2014-10-01	-0.013954	0.202730	0.205103	0.189915	-0.588005	2226100.000000
2014-09-30	-0.013189	0.190849	0.194127	0.185462	-0.563172	2014400.000000
2014-09-29	-0.028453	0.174713	0.177216	0.170162	-1.250526	1621500.000000
2014-09-26	0.006257	0.213429	0.216634	0.207705	0.273292	877400.000000
2014-09-25	-0.010692	0.202267	0.202720	0.187997	-0.472057	1627500.000000
2014-09-24	0.000000	0.202720	0.209515	0.200908	0.000000	1240000.000000
2014-09-23	-0.006708	0.199827	0.202302	0.196452	-0.298142	1548100.000000
2014-09-22	-0.005190	0.204343	0.206581	0.199419	-0.231895	997100.000000
2014-09-19	-0.003509	0.205915	0.207699	0.203239	-0.157356	1343900.000000
2014-09-18	0.010263	0.217390	0.222347	0.216264	0.455501	1376700.000000
2014-09-17	-0.000559	0.208377	0.212431	0.204999	-0.024845	1592100.000000
2014-09-16	0.005249	0.202949	0.216758	0.202949	0.231888	1215200.000000
2014-09-15	-0.000562	0.204535	0.208834	0.201820	-0.024841	834300.000000
2014-09-12	0.005463	0.213163	0.217031	0.209296	0.240165	847300.000000
2014-09-11	-0.008777	0.198908	0.198908	0.189889	-0.389236	922400.000000
2014-09-10	0.007526	0.212701	0.217245	0.207703	0.331261	1194700.000000
2014-09-09	-0.000188	0.210883	0.210883	0.204069	-0.008278	765700.000000
2014-09-08	-0.015738	0.188697	0.195851	0.187579	-0.703942	892200.000000
2014-09-05	0.001669	0.205013	0.209716	0.201654	0.074532	887500.000000
2014-09-04	-0.002959	0.205467	0.210379	0.201671	-0.132507	1200000.000000
2014-09-03	0.014063	0.225816	0.227854	0.220609	0.621132	1377400.000000
2014-09-02	-0.013504	0.194522	0.196309	0.188714	-0.604569	1239000.000000
2014-08-29	0.002968	0.210613	0.213077	0.205460	0.132504	1206500.000000
2014-08-28	0.002418	0.205006	0.212866	0.201413	0.107669	1807500.000000
2014-08-27	0.003546	0.213336	0.215364	0.209504	0.157345	2361300.000000
2014-08-26	-0.006674	0.200089	0.205462	0.199418	-0.298137	958600.000000
2014-08-25	0.011818	0.220840	0.226503	0.218575	0.521751	957500.000000
2014-08-22	0.002633	0.218150	0.220194	0.209747	0.115944	791400.000000
2014-08-21	-0.002439	0.203399	0.207250	0.202719	-0.107666	1135300.000000
2014-08-20	-0.001124	0.206119	0.209513	0.201819	-0.049690	1018000.000000
2014-08-19	-0.001483	0.216305	0.219695	0.214724	-0.065640	901300.000000
2014-08-18	0.002230	0.220602	0.222867	0.217885	0.098457	929400.000000
2014-08-15	-0.008657	0.217668	0.218791	0.200607	-0.385623	1465900.000000
2014-08-14	0.019914	0.241917	0.246038	0.240772	0.869712	1834200.000000
2014-08-13	0.004150	0.224309	0.227528	0.218101	0.180516	1152900.000000
2014-08-12	0.008945	0.221807	0.231781	0.219951	0.385624	1071200.000000
2014-08-11	-0.008492	0.206830	0.210971	0.205220	-0.369229	1316700.000000
2014-08-08	0.003599	0.218560	0.223407	0.210943	0.155899	1331500.000000
2014-08-07	-0.006398	0.222690	0.224984	0.207553	-0.278957	1294200.000000
2014-08-06	-0.003002	0.211931	0.217419	0.210788	-0.131279	1232900.000000
2014-08-05	-0.007449	0.214478	0.215386	0.205400	-0.328209	1621100.000000
2014-08-04	0.015507	0.239534	0.239534	0.227319	0.672802	1712800.000000
2014-08-01	-0.009552	0.210572	0.215138	0.202583	-0.418453	2385300.000000
2014-07-31	-0.015671	0.207780	0.210477	0.199241	-0.697411	1864800.000000
2014-07-30	0.006495	0.225123	0.230325	0.220148	0.287171	2039000.000000
2014-07-29	0.004286	0.229466	0.230374	0.223788	0.188716	1960000.000000
2014-07-28	0.015903	0.237943	0.240019	0.230790	0.689213	2070300.000000
2014-07-25	0.003419	0.225505	0.226663	0.219022	0.147682	994900.000000
2014-07-24	0.016020	0.239257	0.240904	0.234552	0.681008	1399500.000000
2014-07-23	0.003875	0.226112	0.226820	0.220916	0.164097	683000.000000
2014-07-22	0.009980	0.232386	0.233817	0.230001	0.418445	868200.000000
2014-07-21	-0.000196	0.214498	0.219745	0.210206	-0.008209	889300.000000
2014-07-18	0.001568	0.219507	0.222851	0.213775	0.065639	2739400.000000
2014-07-17	-0.014484	0.208434	0.211729	0.198313	-0.615364	1127200.000000
2014-07-16	0.008374	0.232794	0.233981	0.227573	0.352810	790700.000000
2014-07-15	0.005286	0.226426	0.229528	0.219506	0.221527	1016400.000000
2014-07-14	0.009486	0.236133	0.238060	0.229870	0.393830	910300.000000
2014-07-11	0.000000	0.219031	0.222885	0.214937	0.000000	1192200.000000
2014-07-10	-0.012297	0.194286	0.204516	0.193335	-0.516903	1423000.000000
2014-07-09	0.005101	0.219747	0.225247	0.217356	0.213333	908600.000000
2014-07-08	-0.015072	0.204895	0.205837	0.196417	-0.639980	1660900.000000
2014-07-07	-0.006146	0.210598	0.212003	0.207322	-0.262555	914700.000000
2014-07-03	0.006573	0.221618	0.227508	0.221383	0.278969	637100.000000
2014-07-02	0.009563	0.229019	0.231873	0.227591	0.402027	1102000.000000
2014-07-01	0.008662	0.226948	0.233666	0.226948	0.361027	1066500.000000
2014-06-30	-0.002944	0.209701	0.217834	0.208744	-0.123081	1068200.000000
2014-06-27	0.001769	0.219270	0.221666	0.214717	0.073841	807400.000000
2014-06-26	-0.007222	0.201186	0.211178	0.199996	-0.303581	1884600.000000
2014-06-25	-0.001948	0.212142	0.217366	0.211430	-0.082043	1273100.000000
2014-06-24	-0.006195	0.214780	0.216195	0.209824	-0.262546	1532100.000000
2014-06-23	-0.002704	0.214555	0.216202	0.211025	-0.114884	1101400.000000
2014-06-20	-0.005186	0.213406	0.215513	0.210129	-0.221523	1139500.000000
2014-06-19	-0.001534	0.225570	0.226037	0.216219	-0.065640	1147600.000000
2014-06-18	0.002692	0.216681	0.222072	0.210588	0.114872	1857900.000000
2014-06-17	-0.000192	0.213636	0.219025	0.211995	-0.008205	761400.000000
2014-06-16	-0.004593	0.215759	0.216458	0.210860	-0.196915	1117400.000000
2014-06-13	0.000766	0.218091	0.223693	0.216690	0.032818	1094500.000000
2014-06-12	0.003459	0.229566	0.229800	0.220430	0.147679	1143500.000000
2014-06-11	-0.008386	0.208338	0.211590	0.207409	-0.361004	872600.000000
2014-06-10	-0.005120	0.213013	0.213707	0.207236	-0.221543	1046700.000000
2014-06-09	0.005338	0.222740	0.226690	0.221579	0.229744	677500.000000
2014-06-06	0.003443	0.221355	0.226251	0.219024	0.147694	893200.000000
2014-06-05	0.001341	0.218558	0.222059	0.212488	0.057430	910700.000000
2014-06-04	-0.002484	0.217394	0.218092	0.211106	-0.106666	3063200.000000
2014-06-03	-0.006077	0.206524	0.211848	0.205830	-0.262555	1341100.000000
2014-06-02	-0.001138	0.221102	0.221565	0.212318	-0.049236	1135000.000000
2014-05-30	0.003999	0.219255	0.225058	0.218327	0.172306	1003500.000000
2014-05-29	-0.002090	0.216012	0.218328	0.213464	-0.090244	737900.000000
2014-05-28	0.008239	0.229533	0.229767	0.225797	0.352798	1026400.000000
2014-05-27	0.005394	0.228652	0.230530	0.222782	0.229737	1055000.000000
2014-05-23	-0.001155	0.213866	0.218556	0.213397	-0.049229	1534700.000000
2014-05-22	-0.003260	0.214116	0.217388	0.212246	-0.139481	1127300.000000
2014-05-21	-0.001532	0.220891	0.222292	0.215523	-0.065643	1361000.000000
2014-05-20	-0.009581	0.220752	0.224219	0.215666	-0.414474	1663700.000000
2014-05-19	0.000376	0.232079	0.234392	0.227686	0.016254	1779100.000000
2014-05-16	0.015846	0.249723	0.251368	0.245730	0.674545	2750800.000000
2014-05-15	0.014723	0.252152	0.253106	0.245716	0.617653	2438400.000000
2014-05-14	0.004867	0.236688	0.241958	0.235730	0.203175	1239000.000000
2014-05-13	0.001169	0.232859	0.235017	0.229022	0.048763	1411900.000000
2014-05-12	0.019471	0.251975	0.255886	0.249041	0.796448	1472800.000000
2014-05-09	0.000795	0.230216	0.233641	0.226546	0.032505	1363600.000000
2014-05-08	-0.010234	0.215930	0.223680	0.215204	-0.422604	2439700.000000
2014-05-07	-0.008585	0.214375	0.219897	0.212454	-0.357589	1680300.000000
2014-05-06	0.007866	0.246673	0.249093	0.238930	0.325084	2093900.000000
2014-05-05	-0.004308	0.221787	0.225401	0.216245	-0.178795	1049600.000000
2014-05-02	-0.003901	0.225900	0.232380	0.224220	-0.162548	1210100.000000
2014-05-01	-0.000974	0.235735	0.235975	0.228542	-0.040630	1376100.000000
2014-04-30	-0.003689	0.221144	0.227355	0.220428	-0.154411	1631000.000000
2014-04-29	0.015576	0.244774	0.251809	0.241620	0.642028	1571900.000000
2014-04-28	-0.002556	0.231428	0.233606	0.220781	-0.105644	2560900.000000
2014-04-25	-0.015870	0.206647	0.212600	0.200931	-0.666416	4379100.000000
2014-04-24	0.006232	0.237649	0.240764	0.232857	0.260059	1554900.000000
2014-04-23	-0.009452	0.217643	0.223815	0.217169	-0.398220	3962700.000000
2014-04-22	-0.004800	0.230697	0.233295	0.224319	-0.203182	3398000.000000
2014-04-21	-0.001342	0.230461	0.232348	0.225979	-0.056881	1329800.000000
2014-04-17	0.003849	0.229513	0.236381	0.228329	0.162537	1210500.000000
2014-04-16	-0.000577	0.234721	0.234721	0.223834	-0.024376	2072900.000000
2014-04-15	-0.000385	0.232353	0.232826	0.217922	-0.016258	1861700.000000
2014-04-14	0.006970	0.232366	0.242134	0.231413	0.292572	1587300.000000
2014-04-11	0.001940	0.233325	0.239054	0.229983	0.081276	2712100.000000
2014-04-10	-0.005594	0.240192	0.240904	0.222865	-0.235688	2261200.000000
2014-04-09	0.018268	0.246171	0.252938	0.239403	0.755814	1917100.000000
2014-04-08	0.011926	0.243912	0.246602	0.238287	0.487617	1394700.000000
2014-04-07	-0.010035	0.227797	0.228766	0.217144	-0.414474	1445100.000000
2014-04-04	-0.004115	0.234560	0.235283	0.223950	-0.170666	1705700.000000
2014-04-03	-0.001370	0.230942	0.231905	0.221551	-0.056888	977500.000000
2014-04-02	-0.002927	0.226859	0.228780	0.224698	-0.121910	1039500.000000
2014-04-01	0.008263	0.242080	0.244259	0.235786	0.341339	1308500.000000
2014-03-31	-0.000786	0.226590	0.234331	0.223204	-0.032513	1858200.000000
2014-03-28	0.002562	0.236038	0.239676	0.231916	0.105656	859700.000000
2014-03-27	0.004554	0.233871	0.236794	0.229730	0.186920	1385800.000000
2014-03-26	-0.004337	0.237009	0.237980	0.225124	-0.178799	1115900.000000
2014-03-25	0.008749	0.241715	0.246609	0.236577	0.357590	1980700.000000
2014-03-24	0.009029	0.244780	0.246508	0.236139	0.365723	1320400.000000
2014-03-21	0.008703	0.239675	0.248640	0.236686	0.349460	1405100.000000
2014-03-20	0.003656	0.225462	0.235959	0.221213	0.146282	3758400.000000
2014-03-19	-0.012041	0.225522	0.226016	0.207002	-0.487617	2744900.000000
2014-03-18	-0.002203	0.225533	0.232185	0.224793	-0.089405	1498200.000000
2014-03-17	0.001203	0.229474	0.238601	0.229227	0.048767	1321600.000000
2014-03-14	0.000602	0.235644	0.242062	0.228980	0.024387	2169300.000000
2014-03-13	-0.007170	0.238548	0.238793	0.218943	-0.292576	2023900.000000
2014-03-12	-0.005939	0.220716	0.227050	0.217062	-0.243812	2207900.000000
2014-03-11	-0.002906	0.252875	0.254575	0.246802	-0.119648	1722700.000000
2014-03-10	-0.012249	0.238728	0.242327	0.231290	-0.510533	2396000.000000
2014-03-07	-0.007597	0.247175	0.247889	0.236698	-0.319080	2144500.000000
2014-03-06	0.006115	0.255999	0.262467	0.254082	0.255257	2097600.000000
2014-03-05	-0.009652	0.242216	0.246486	0.239606	-0.406819	1733900.000000
2014-03-04	0.011485	0.267521	0.274241	0.263682	0.478615	1004000.000000
2014-03-03	-0.010419	0.236980	0.242442	0.235080	-0.438740	1282700.000000
2014-02-28	-0.009011	0.246308	0.251250	0.238542	-0.382892	1514600.000000
2014-02-27	0.018742	0.264391	0.278057	0.262713	0.781742	1194000.000000
2014-02-26	-0.001909	0.252646	0.256953	0.247382	-0.079762	1531000.000000
2014-02-25	-0.012255	0.241786	0.245331	0.234223	-0.518501	1942400.000000
2014-02-24	-0.023744	0.211147	0.226838	0.208378	-1.029037	2308800.000000
2014-02-21	0.000000	0.263987	0.267909	0.253142	0.000000	1855300.000000
2014-02-20	-0.001837	0.251530	0.256367	0.246003	-0.079773	1346500.000000
2014-02-19	-0.002748	0.259575	0.266925	0.246942	-0.119656	2542100.000000
2014-02-18	0.021141	0.274477	0.288080	0.273773	0.901398	2655500.000000
2014-02-14	0.003191	0.255956	0.259486	0.253603	0.135620	925700.000000
2014-02-13	0.007183	0.252181	0.263556	0.250759	0.303120	1403300.000000
2014-02-12	0.009542	0.267239	0.267718	0.261259	0.398841	2224500.000000
2014-02-11	0.019852	0.275318	0.282150	0.273610	0.813668	1513500.000000
2014-02-10	-0.007342	0.243431	0.247064	0.241009	-0.303128	1902800.000000
2014-02-07	0.003879	0.254333	0.261870	0.248254	0.159539	1551200.000000
2014-02-06	0.008607	0.256301	0.269053	0.255320	0.350986	1498000.000000
2014-02-05	-0.003315	0.248226	0.253847	0.247004	-0.135612	1107300.000000
2014-02-04	0.013637	0.266982	0.272432	0.264009	0.550426	1414100.000000
2014-02-03	-0.017285	0.252873	0.254090	0.229744	-0.709957	2066700.000000
2014-01-31	-0.014923	0.230819	0.245689	0.229620	-0.622208	1170300.000000
2014-01-30	0.010243	0.267898	0.269594	0.262326	0.422779	1366000.000000
2014-01-29	-0.020632	0.226552	0.237942	0.224416	-0.869499	1873200.000000
2014-01-28	0.004182	0.261467	0.265041	0.255509	0.175499	935200.000000
2014-01-27	-0.011090	0.248419	0.253603	0.235694	-0.470649	1461000.000000
2014-01-24	-0.030965	0.230997	0.231454	0.214328	-1.356095	1922900.000000
2014-01-23	-0.015246	0.245059	0.245508	0.231117	-0.678028	2294000.000000
2014-01-22	0.000359	0.256077	0.256302	0.249779	0.015942	1160500.000000
2014-01-21	0.001438	0.261037	0.261713	0.250449	0.063820	1554500.000000
2014-01-17	0.004331	0.263784	0.265368	0.257902	0.191440	3629300.000000
2014-01-16	-0.008765	0.252258	0.252258	0.235438	-0.390861	1473500.000000
2014-01-15	0.005396	0.258113	0.263750	0.256986	0.239315	1328600.000000
2014-01-14	0.006152	0.261770	0.263131	0.257460	0.271206	897400.000000
2014-01-13	-0.012509	0.243970	0.249571	0.237922	-0.558388	1422900.000000
2014-01-10	0.011204	0.273991	0.274670	0.263571	0.494579	1484400.000000
2014-01-09	-0.004497	0.249544	0.250446	0.244132	-0.199432	1424000.000000
2014-01-08	0.000540	0.259921	0.262403	0.252701	0.023941	1691800.000000
2014-01-07	0.022075	0.279662	0.288426	0.276203	0.957233	1844900.000000
2014-01-06	0.004992	0.265655	0.270290	0.259397	0.215374	1012200.000000
2014-01-03	-0.008796	0.241428	0.250157	0.241198	-0.382885	1021100.000000
2014-01-02	-0.010158	0.243598	0.244962	0.236094	-0.446716	1551300.000000
2013-12-31	0.006941	0.258183	0.262762	0.257954	0.303123	787900.000000
2013-12-30	-0.000183	0.248567	0.255435	0.247880	-0.007976	678000.000000
2013-12-27	0.003114	0.261411	0.262559	0.256818	0.135612	1172400.000000
2013-12-26	0.000917	0.255902	0.260729	0.252684	0.039891	751500.000000
2013-12-24	0.007016	0.259158	0.263556	0.256381	0.303115	420600.000000
2013-12-23	0.011769	0.266015	0.272338	0.264610	0.502553	955700.000000
2013-12-20	-0.000933	0.252433	0.260388	0.251030	-0.039887	1529400.000000
2013-12-19	-0.008145	0.224827	0.248730	0.223667	-0.350983	4017000.000000
2013-12-18	0.019053	0.266610	0.278434	0.254549	0.805672	934900.000000
2013-12-17	-0.007675	0.245155	0.247971	0.238350	-0.327053	928100.000000
2013-12-16	0.006785	0.261636	0.268960	0.259746	0.287170	756000.000000
2013-12-13	-0.000753	0.252895	0.255020	0.247937	-0.031910	691100.000000
2013-12-12	-0.006176	0.248911	0.250553	0.242341	-0.263240	1067200.000000
2013-12-11	-0.010739	0.250122	0.251514	0.238516	-0.462662	989200.000000
2013-12-10	-0.005890	0.245297	0.248527	0.242066	-0.255264	1128700.000000
2013-12-09	0.001844	0.251523	0.257764	0.250136	0.079776	933700.000000
2013-12-06	0.006496	0.256628	0.265237	0.256628	0.279190	784100.000000
2013-12-05	-0.009012	0.248070	0.249684	0.239078	-0.390872	829400.000000
2013-12-04	-0.013070	0.230165	0.240633	0.226524	-0.574349	1505900.000000
2013-12-03	-0.008281	0.248413	0.249767	0.239386	-0.366939	925500.000000
2013-12-02	-0.009804	0.246006	0.248464	0.241313	-0.438740	681900.000000
2013-11-29	0.001965	0.260992	0.263903	0.254723	0.087749	631700.000000
2013-11-27	0.001789	0.254949	0.259211	0.253155	0.079769	721600.000000
2013-11-26	0.000716	0.250236	0.258092	0.249787	0.031910	627800.000000
2013-11-25	-0.003213	0.248234	0.252932	0.247339	-0.143585	813500.000000
2013-11-22	-0.005326	0.246037	0.247149	0.240028	-0.239311	1409200.000000
2013-11-21	0.005354	0.252485	0.262329	0.250247	0.239311	842600.000000
2013-11-20	0.000536	0.258528	0.264125	0.251589	0.023930	575100.000000
2013-11-19	-0.001605	0.248016	0.255391	0.245334	-0.071793	1361700.000000
2013-11-18	0.008813	0.266681	0.270063	0.261495	0.390881	886500.000000
2013-11-15	0.007064	0.257917	0.265637	0.256555	0.311088	709700.000000
2013-11-14	-0.000362	0.248610	0.256327	0.247475	-0.015949	1517200.000000
2013-11-13	-0.006297	0.235108	0.246386	0.234206	-0.279194	988900.000000
2013-11-12	-0.007500	0.245097	0.250022	0.239276	-0.335033	988600.000000
2013-11-11	0.001073	0.252483	0.254948	0.250690	0.047859	739300.000000
2013-11-08	0.012122	0.251108	0.269027	0.250882	0.534462	1343000.000000
2013-11-07	-0.014268	0.250473	0.252932	0.233705	-0.638168	982100.000000
2013-11-06	-0.000891	0.250699	0.255167	0.244445	-0.039879	1343700.000000
2013-11-05	-0.006901	0.245617	0.247614	0.237187	-0.311097	1273900.000000
2013-11-04	0.023546	0.289252	0.289479	0.277672	1.036999	1684900.000000
2013-11-01	0.003089	0.253376	0.258159	0.248137	0.135620	994100.000000
2013-10-31	0.000909	0.254515	0.259302	0.251323	0.039875	1318800.000000
2013-10-30	-0.007401	0.252698	0.254735	0.242063	-0.327057	1068500.000000
2013-10-29	0.002715	0.261318	0.262906	0.253603	0.119660	1129500.000000
2013-10-28	-0.000904	0.249069	0.256323	0.247029	-0.039890	1615300.000000
2013-10-25	-0.001264	0.247943	0.254509	0.245679	-0.055828	1393000.000000
2013-10-24	0.005265	0.258155	0.261569	0.255879	0.231319	1015200.000000
2013-10-23	-0.007925	0.238701	0.246378	0.236895	-0.350979	1101800.000000
2013-10-22	0.007735	0.268989	0.279000	0.267396	0.339951	1231800.000000
2013-10-21	0.006883	0.268559	0.277265	0.268100	0.300419	1270100.000000
2013-10-18	0.000906	0.258472	0.268103	0.256638	0.039531	1166900.000000
2013-10-17	0.005652	0.260511	0.273656	0.259127	0.245072	1397800.000000
2013-10-16	0.002742	0.266280	0.273680	0.264430	0.118583	1621200.000000
2013-10-15	-0.016187	0.254200	0.254883	0.243281	-0.711513	1779300.000000
2013-10-14	0.004517	0.260094	0.273577	0.259865	0.197643	911600.000000
2013-10-11	0.014666	0.280197	0.284834	0.263270	0.632469	1455700.000000
2013-10-10	0.014884	0.275483	0.283719	0.274777	0.632458	1088900.000000
2013-10-09	0.004861	0.269149	0.273643	0.261582	0.205559	807100.000000
2013-10-08	-0.012189	0.259987	0.261389	0.249242	-0.521790	1080100.000000
2013-10-07	-0.011140	0.250803	0.256577	0.250110	-0.482254	623200.000000
2013-10-04	0.006803	0.265823	0.275126	0.265126	0.292523	496400.000000
2013-10-03	-0.003299	0.263734	0.264893	0.254231	-0.142308	713200.000000
2013-10-02	-0.001647	0.255174	0.262810	0.251240	-0.071155	878500.000000
2013-10-01	0.007372	0.270488	0.274917	0.268856	0.316234	1067900.000000
2013-09-30	-0.009673	0.251272	0.257274	0.249887	-0.419014	975700.000000
2013-09-27	-0.003274	0.260751	0.264433	0.257990	-0.142299	903300.000000
2013-09-26	0.000364	0.257987	0.267655	0.257527	0.015800	844400.000000
2013-09-25	-0.001816	0.262595	0.268569	0.258459	-0.079052	777100.000000
2013-09-24	-0.004160	0.261461	0.265351	0.254367	-0.181827	892500.000000
2013-09-23	0.002539	0.267875	0.270399	0.259617	0.110683	713800.000000
2013-09-20	-0.017463	0.251595	0.260836	0.242579	-0.774769	1363900.000000
2013-09-19	-0.012667	0.262890	0.262890	0.247535	-0.569214	881700.000000
2013-09-18	0.026919	0.273348	0.301686	0.264664	1.177956	1415800.000000
2013-09-17	-0.011960	0.253603	0.258345	0.247055	-0.529686	894500.000000
2013-09-16	0.002326	0.273041	0.274399	0.266930	0.102783	1018300.000000
2013-09-13	0.006120	0.262388	0.274684	0.262388	0.268784	652800.000000
2013-09-12	0.001081	0.264209	0.272871	0.263753	0.047443	745600.000000
2013-09-11	-0.002517	0.253751	0.262392	0.246020	-0.110691	955100.000000
2013-09-10	0.001801	0.264665	0.270132	0.262843	0.079064	1005200.000000
2013-09-09	0.003796	0.261463	0.270838	0.261006	0.166023	746600.000000
2013-09-06	-0.001985	0.270826	0.271282	0.260785	-0.086971	1035300.000000
2013-09-05	0.020247	0.280724	0.291900	0.280259	0.869648	1132100.000000
2013-09-04	0.011920	0.266306	0.281856	0.264657	0.505970	692300.000000
2013-09-03	0.024227	0.302777	0.304466	0.287816	1.004032	1048500.000000
2013-08-30	-0.015771	0.257531	0.258718	0.237581	-0.664078	1410300.000000
2013-08-29	0.003391	0.268705	0.276808	0.266799	0.142292	986500.000000
2013-08-28	0.000189	0.251546	0.267515	0.251069	0.007912	2674800.000000
2013-08-27	-0.021390	0.240635	0.248799	0.235037	-0.917076	1068000.000000
2013-08-26	-0.003857	0.260943	0.265822	0.258387	-0.166016	526500.000000
2013-08-23	0.006285	0.272375	0.275648	0.265594	0.268795	826700.000000
2013-08-22	0.011404	0.278845	0.284993	0.274115	0.482258	3267700.000000
2013-08-21	-0.022835	0.246638	0.248949	0.233236	-0.988232	1115300.000000
2013-08-20	0.007294	0.278308	0.289015	0.272490	0.313370	862300.000000
2013-08-19	-0.009214	0.269759	0.273679	0.263763	-0.399540	692700.000000
2013-08-16	-0.002703	0.271157	0.276216	0.268627	-0.117523	696100.000000
2013-08-15	-0.005198	0.264092	0.273701	0.256999	-0.227192	970200.000000
2013-08-14	0.003417	0.281956	0.284482	0.277595	0.148857	523000.000000
2013-08-13	0.009257	0.277837	0.290580	0.271812	0.399540	1149400.000000
2013-08-12	-0.002896	0.272981	0.278064	0.269053	-0.125351	854700.000000
2013-08-09	0.012832	0.290720	0.296570	0.287678	0.548401	760100.000000
2013-08-08	0.005901	0.283037	0.287038	0.273151	0.250698	982300.000000
2013-08-07	-0.014896	0.268331	0.269954	0.256042	-0.642410	861300.000000
2013-08-06	-0.005779	0.276447	0.278521	0.261923	-0.250691	882800.000000
2013-08-05	-0.044851	0.211710	0.227124	0.207527	-2.036915	2599700.000000
2013-08-02	0.011693	0.282684	0.291372	0.277560	0.524895	1112800.000000
2013-08-01	0.009692	0.285218	0.289717	0.280045	0.430885	773200.000000
2013-07-31	0.008889	0.289381	0.295962	0.284616	0.391720	1100200.000000
2013-07-30	0.002674	0.281452	0.283955	0.272123	0.117504	672200.000000
2013-07-29	-0.009534	0.262699	0.266756	0.255037	-0.423046	709800.000000
2013-07-26	-0.001410	0.269020	0.277121	0.262044	-0.062675	660800.000000
2013-07-25	0.007460	0.272592	0.286196	0.270779	0.329052	608500.000000
2013-07-24	-0.002481	0.282779	0.283005	0.268531	-0.109684	674100.000000
2013-07-23	-0.001415	0.280737	0.285029	0.270349	-0.062676	886300.000000
2013-07-22	0.002661	0.275541	0.281881	0.274862	0.117516	808400.000000
2013-07-19	-0.000709	0.269206	0.276446	0.262191	-0.031342	1066500.000000
2013-07-18	0.013657	0.291814	0.300072	0.290668	0.595406	1100100.000000
2013-07-17	0.009799	0.291270	0.296134	0.287333	0.423054	1524500.000000
2013-07-16	-0.002715	0.276677	0.276908	0.269055	-0.117520	627300.000000
2013-07-15	0.007108	0.283193	0.288543	0.279005	0.305535	518200.000000
2013-07-12	-0.003270	0.269954	0.273664	0.265780	-0.141018	705900.000000
2013-07-11	0.018313	0.296280	0.302892	0.286127	0.775592	894900.000000
2013-07-10	-0.000370	0.273850	0.284944	0.269366	-0.015667	874100.000000
2013-07-09	0.007451	0.279775	0.286909	0.272166	0.313366	771500.000000
2013-07-08	0.000932	0.280017	0.285253	0.272876	0.039174	840900.000000
2013-07-05	0.027395	0.310436	0.312392	0.296253	1.120300	1270700.000000
2013-07-03	-0.007227	0.256055	0.271106	0.254598	-0.297699	609400.000000
2013-07-02	-0.003223	0.267735	0.280076	0.265073	-0.133187	883000.000000
2013-07-01	0.016378	0.299073	0.310141	0.293909	0.665913	941100.000000
2013-06-28	-0.005366	0.270086	0.280605	0.266417	-0.219360	877300.000000
2013-06-27	0.000000	0.273022	0.282317	0.269842	0.000000	1076900.000000
2013-06-26	0.002690	0.283314	0.284541	0.274730	0.109680	1100900.000000
2013-06-25	0.026835	0.310448	0.313722	0.294077	1.065460	1414000.000000
2013-06-24	-0.013624	0.254336	0.266758	0.251603	-0.548401	2998700.000000
2013-06-21	-0.000584	0.282902	0.284392	0.262046	-0.023506	1811600.000000
2013-06-20	-0.035279	0.246266	0.248182	0.229738	-1.472835	2470300.000000
2013-06-19	-0.022740	0.266147	0.272467	0.246250	-0.971447	1568300.000000
2013-06-18	0.013757	0.296617	0.301363	0.290685	0.579734	920100.000000
2013-06-17	0.009004	0.287700	0.297517	0.279559	0.376042	1162400.000000
2013-06-14	-0.022194	0.248586	0.257248	0.243201	-0.947941	1502000.000000
2013-06-13	0.010753	0.276210	0.292065	0.271950	0.454388	1186500.000000
2013-06-12	0.000371	0.296805	0.298699	0.275500	0.015670	1537500.000000
2013-06-11	-0.011730	0.253987	0.268726	0.249542	-0.501388	1678100.000000
2013-06-10	-0.007459	0.269248	0.270409	0.262514	-0.321209	1164100.000000
2013-06-07	0.003102	0.267828	0.283435	0.262937	0.133186	1006900.000000
2013-06-06	-0.000183	0.268994	0.276213	0.262240	-0.007847	1486200.000000
2013-06-05	-0.017214	0.265003	0.266834	0.253330	-0.752086	1235700.000000
2013-06-04	0.001257	0.280113	0.287446	0.273926	0.054847	1537900.000000
2013-06-03	0.015312	0.287847	0.297154	0.281565	0.658074	2144000.000000
2013-05-31	-0.022104	0.260974	0.268255	0.248233	-0.971455	1760300.000000
2013-05-30	0.013550	0.289130	0.296971	0.287747	0.587582	1066400.000000
2013-05-29	-0.009839	0.264344	0.267313	0.254297	-0.430889	1160000.000000
2013-05-28	0.009937	0.304120	0.308733	0.284057	0.430889	1037600.000000
2013-05-24	-0.016175	0.251716	0.255800	0.247405	-0.712921	1110200.000000
2013-05-23	-0.017464	0.250811	0.258836	0.240556	-0.783417	1426000.000000
2013-05-22	-0.007110	0.283529	0.291719	0.265158	-0.321213	1539400.000000
2013-05-21	-0.007507	0.271038	0.280264	0.268841	-0.341743	1368600.000000
2013-05-20	0.014540	0.292639	0.308463	0.291971	0.652416	1936200.000000
2013-05-17	0.011026	0.289767	0.302836	0.286612	0.489319	1182000.000000
2013-05-16	-0.004356	0.284821	0.292000	0.280559	-0.194172	1072200.000000
2013-05-15	0.005783	0.296765	0.298796	0.288642	0.256309	2032200.000000
2013-05-14	0.007415	0.288195	0.297515	0.288195	0.326207	895800.000000
2013-05-13	-0.009963	0.276711	0.278736	0.270410	-0.442711	1122300.000000
2013-05-10	0.012208	0.297081	0.303231	0.294803	0.535915	2185900.000000
2013-05-09	-0.009464	0.278036	0.283226	0.271042	-0.419411	1080100.000000
2013-05-08	0.001052	0.291805	0.296322	0.286609	0.046589	2064200.000000
2013-05-07	0.021506	0.314279	0.316586	0.307357	0.932045	1593200.000000
2013-05-06	0.001436	0.285434	0.291904	0.283816	0.062127	783000.000000
2013-05-03	0.007595	0.297525	0.302181	0.292636	0.326217	821800.000000
2013-05-02	0.009124	0.285869	0.299731	0.283754	0.388348	793500.000000
2013-05-01	-0.001094	0.299717	0.299952	0.285166	-0.046612	873900.000000
2013-04-30	0.004578	0.295057	0.299301	0.286570	0.194164	1119900.000000
2013-04-29	0.006451	0.290124	0.298666	0.284903	0.271862	831400.000000
2013-04-26	0.017438	0.299584	0.310931	0.295963	0.722309	1297100.000000
2013-04-25	0.003387	0.291147	0.296476	0.289936	0.139809	1132100.000000
2013-04-24	0.011803	0.297808	0.306876	0.297562	0.481548	1118800.000000
2013-04-23	0.006322	0.294173	0.300832	0.289733	0.256306	918400.000000
2013-04-22	0.005587	0.293466	0.299915	0.281065	0.225247	1043400.000000
2013-04-19	0.020243	0.309022	0.314842	0.305733	0.799983	1159100.000000
2013-04-18	-0.007607	0.282240	0.282240	0.270186	-0.302906	1282200.000000
2013-04-17	-0.018944	0.267558	0.268297	0.255486	-0.768917	1750600.000000
2013-04-16	0.012594	0.300735	0.304477	0.291006	0.504841	1207600.000000
2013-04-15	-0.027511	0.266407	0.271016	0.251608	-1.133964	1703600.000000
2013-04-12	-0.003380	0.275666	0.284612	0.272523	-0.139805	821600.000000
2013-04-11	0.003392	0.293336	0.298673	0.289697	0.139805	942800.000000
2013-04-10	0.008169	0.292650	0.302678	0.292650	0.333973	1257000.000000
2013-04-09	0.006501	0.287021	0.301545	0.286036	0.264076	1333300.000000
2013-04-08	-0.004378	0.272072	0.281876	0.269866	-0.178639	1588200.000000
2013-04-05	-0.007182	0.267073	0.279726	0.260989	-0.295143	1519700.000000
2013-04-04	0.000000	0.284106	0.292137	0.280213	0.000000	1258600.000000
2013-04-03	-0.014344	0.285115	0.286554	0.267126	-0.598053	1042800.000000
2013-04-02	0.011113	0.299396	0.306187	0.295759	0.458245	1428600.000000
2013-04-01	-0.004687	0.287755	0.292341	0.278341	-0.194168	832200.000000
2013-03-28	0.008127	0.302114	0.304790	0.295300	0.333976	1402900.000000
2013-03-27	-0.005638	0.269850	0.280738	0.268640	-0.233005	1571000.000000
2013-03-26	0.007193	0.295555	0.300430	0.289950	0.295135	1898300.000000
2013-03-25	-0.011784	0.291608	0.293293	0.265597	-0.489307	1926500.000000
2013-03-22	0.003002	0.292827	0.300799	0.286305	0.124264	1622400.000000
2013-03-21	-0.010765	0.273176	0.286319	0.269830	-0.450474	1636400.000000
2013-03-20	0.011071	0.316506	0.317231	0.295969	0.458240	2143700.000000
2013-03-19	-0.004226	0.318159	0.319844	0.297469	-0.175663	2482700.000000
2013-03-18	-0.002201	0.305177	0.312858	0.303496	-0.091667	1551100.000000
2013-03-15	-0.021001	0.293042	0.294687	0.277061	-0.893619	2232800.000000
2013-03-14	0.027480	0.333888	0.349100	0.330507	1.138038	2132300.000000
2013-03-13	-0.002025	0.301064	0.309740	0.297931	-0.084018	1164700.000000
2013-03-12	-0.008938	0.306631	0.307347	0.293734	-0.374257	1593100.000000
2013-03-11	-0.000911	0.300906	0.308780	0.300906	-0.038192	1164200.000000
2013-03-08	0.014046	0.332728	0.333938	0.324017	0.580486	1570000.000000
2013-03-07	0.002594	0.318234	0.319204	0.311441	0.106930	1068600.000000
2013-03-06	-0.002034	0.309016	0.310952	0.299816	-0.084019	2511800.000000
2013-03-05	0.002410	0.311685	0.315810	0.307559	0.099297	2491100.000000
2013-03-04	-0.016050	0.282514	0.288245	0.276305	-0.672142	1877300.000000
2013-03-01	-0.011003	0.282100	0.298158	0.278557	-0.465908	1447500.000000
2013-02-28	0.004348	0.322303	0.325386	0.314950	0.183307	1846700.000000
2013-02-27	0.016762	0.318181	0.334097	0.315769	0.695053	1577300.000000
2013-02-26	-0.002022	0.309258	0.317441	0.297224	-0.084011	1460200.000000
2013-02-25	-0.013957	0.314953	0.321123	0.290273	-0.588123	2072600.000000
2013-02-22	0.008224	0.320982	0.323374	0.313804	0.343700	1525300.000000
2013-02-21	-0.017594	0.293979	0.294449	0.282931	-0.748516	1459100.000000
2013-02-20	-0.010657	0.308095	0.309258	0.294840	-0.458271	1163500.000000
2013-02-19	-0.004773	0.301389	0.310415	0.300926	-0.206215	1004000.000000
2013-02-15	0.004439	0.317394	0.322276	0.311350	0.190937	1026700.000000
2013-02-14	-0.009497	0.295903	0.300738	0.291758	-0.412445	906800.000000
2013-02-13	-0.002106	0.310407	0.315232	0.302594	-0.091652	827800.000000
2013-02-12	0.013158	0.320199	0.331606	0.320199	0.565205	1327000.000000
2013-02-11	-0.009161	0.302338	0.302799	0.294495	-0.397175	796300.000000
2013-02-08	0.025845	0.333157	0.344515	0.331737	1.092224	1150100.000000
2013-02-07	-0.011611	0.300136	0.301072	0.284700	-0.496467	1161700.000000
2013-02-06	0.005749	0.302436	0.317726	0.300790	0.244419	764000.000000
2013-02-05	-0.001077	0.310432	0.314662	0.304793	-0.045838	1274700.000000
2013-02-04	-0.019532	0.286911	0.292440	0.278156	-0.847805	1533300.000000
2013-02-01	-0.000528	0.306725	0.308797	0.301659	-0.022911	1306700.000000
2013-01-31	-0.004552	0.305361	0.311321	0.301694	-0.198585	1912900.000000
2013-01-30	0.004749	0.315936	0.321233	0.312942	0.206218	1952600.000000
2013-01-29	0.011206	0.315546	0.326258	0.312984	0.481194	1704800.000000
2013-01-28	-0.001953	0.319252	0.319252	0.306236	-0.084015	1144800.000000
2013-01-25	0.015321	0.321765	0.329788	0.318933	0.649216	1835300.000000
2013-01-24	0.004345	0.309021	0.322530	0.309021	0.183311	1317900.000000
2013-01-23	0.002359	0.308070	0.315197	0.307832	0.099297	1057600.000000
2013-01-22	-0.003436	0.302155	0.308548	0.299551	-0.145119	1270600.000000
2013-01-18	-0.001084	0.309731	0.311386	0.304291	-0.045830	1010500.000000
2013-01-17	0.010588	0.320013	0.325749	0.312126	0.443005	1481900.000000
2013-01-16	0.000182	0.306150	0.313082	0.302325	0.007633	2837800.000000
2013-01-15	0.005139	0.308537	0.317667	0.307335	0.213860	1904700.000000
2013-01-14	-0.002197	0.309737	0.311176	0.299428	-0.091656	1065800.000000
2013-01-11	0.002754	0.313104	0.319355	0.306132	0.114567	1636600.000000
2013-01-10	0.014153	0.324374	0.330713	0.321936	0.580482	1375900.000000
2013-01-09	0.009778	0.320582	0.327968	0.319105	0.397171	1459500.000000
2013-01-08	-0.010789	0.293428	0.297324	0.288800	-0.443001	1892900.000000
2013-01-07	0.001490	0.311940	0.314379	0.306331	0.061104	1432900.000000
2013-01-04	0.006186	0.312203	0.320792	0.311467	0.252060	1457200.000000
2013-01-03	-0.017315	0.292377	0.294065	0.283695	-0.717968	1339800.000000
2013-01-02	0.022989	0.341083	0.343550	0.332448	0.931832	1603200.000000
2012-12-31	0.010088	0.308261	0.324459	0.303776	0.404808	1489400.000000
2012-12-28	-0.004736	0.297849	0.308266	0.297849	-0.190953	886800.000000
2012-12-27	-0.000379	0.314216	0.315208	0.299589	-0.015278	1045200.000000
2012-12-26	0.002277	0.312488	0.315221	0.307518	0.091656	836300.000000
2012-12-24	0.000570	0.311992	0.313981	0.308014	0.022911	508700.000000
2012-12-21	-0.007351	0.292969	0.302347	0.290995	-0.297874	1274700.000000
2012-12-20	0.004354	0.315207	0.315455	0.310497	0.175674	1342600.000000
2012-12-19	0.010715	0.333058	0.335312	0.322786	0.427716	2411900.000000
2012-12-18	0.002494	0.304486	0.315285	0.303732	0.099300	1514000.000000
2012-12-17	0.001922	0.300702	0.312277	0.300199	0.076374	1416000.000000
2012-12-14	0.005994	0.311536	0.318877	0.307739	0.236782	1576400.000000
2012-12-13	-0.001352	0.315325	0.316842	0.306224	-0.053467	1695100.000000
2012-12-12	-0.000964	0.308753	0.319360	0.306985	-0.038189	1153600.000000
2012-12-11	0.005821	0.317641	0.322467	0.314339	0.229142	1226700.000000
2012-12-10	-0.002709	0.304191	0.309764	0.303938	-0.106938	1116200.000000
2012-12-07	-0.001353	0.299644	0.308752	0.297114	-0.053467	1921400.000000
2012-12-06	-0.002313	0.309762	0.310520	0.302947	-0.091655	1517600.000000
2012-12-05	0.012690	0.321271	0.332774	0.318460	0.496460	2920700.000000
2012-12-04	0.003724	0.315672	0.318751	0.311824	0.145130	1671300.000000
2012-12-03	-0.001956	0.313099	0.315403	0.306697	-0.076378	1325800.000000
2012-11-30	0.008481	0.322169	0.325268	0.317779	0.328419	2171500.000000
2012-11-29	0.014000	0.327325	0.331515	0.321827	0.534660	1617100.000000
2012-11-28	0.004621	0.300577	0.316887	0.295052	0.175674	1405200.000000
2012-11-27	-0.001805	0.306895	0.312409	0.300592	-0.068740	1148400.000000
2012-11-26	-0.007366	0.294400	0.299613	0.291794	-0.282612	1303200.000000
2012-11-23	0.017214	0.326492	0.332590	0.324901	0.649227	850400.000000
2012-11-21	0.007139	0.315132	0.319939	0.310326	0.267330	1478400.000000
2012-11-20	-0.005477	0.290137	0.303415	0.288278	-0.206222	2027300.000000
2012-11-19	0.032461	0.340515	0.351757	0.339419	1.183876	3292100.000000
2012-11-16	-0.001255	0.303233	0.309532	0.292827	-0.045826	1621500.000000
2012-11-15	0.006315	0.320832	0.327446	0.311187	0.229141	1508200.000000
2012-11-14	-0.010002	0.318533	0.320170	0.295071	-0.366631	2168600.000000
2012-11-13	-0.002079	0.301635	0.318514	0.300001	-0.076370	1041900.000000
2012-11-12	0.003757	0.314176	0.318002	0.307345	0.137470	822900.000000
2012-11-09	-0.002498	0.293993	0.311166	0.293993	-0.091644	1667600.000000
2012-11-08	-0.015981	0.299601	0.307112	0.288335	-0.595764	1793900.000000
2012-11-07	-0.022627	0.288547	0.289071	0.273865	-0.863083	1974300.000000
2012-11-06	0.008482	0.307407	0.321684	0.306878	0.320797	1266200.000000
2012-11-05	-0.007615	0.295352	0.302436	0.293515	-0.290234	1309700.000000
2012-11-02	-0.008938	0.307958	0.308218	0.292616	-0.343715	1590500.000000
2012-11-01	0.020057	0.321724	0.338435	0.320398	0.756157	2371500.000000
2012-10-31	0.001623	0.317228	0.317494	0.303679	0.061107	1303900.000000
2012-10-26	-0.006652	0.298965	0.306619	0.293951	-0.252052	1686800.000000
2012-10-25	0.015350	0.336322	0.337930	0.321852	0.572838	1465900.000000
2012-10-24	0.006178	0.320312	0.324356	0.313302	0.229141	1321900.000000
2012-10-23	-0.015072	0.297491	0.304926	0.292976	-0.567585	1874800.000000
2012-10-22	0.013442	0.334039	0.339960	0.326504	0.499466	1523400.000000
2012-10-19	-0.008681	0.321124	0.321924	0.306717	-0.325405	1377200.000000
2012-10-18	-0.002216	0.323254	0.329376	0.312606	-0.083252	1463500.000000
2012-10-17	0.007305	0.324340	0.332920	0.323267	0.272442	1086500.000000
2012-10-16	0.015873	0.340731	0.346179	0.338824	0.582725	2092000.000000
2012-10-15	0.012312	0.329939	0.340142	0.326078	0.446499	1474700.000000
2012-10-12	0.002930	0.326369	0.333006	0.319178	0.105946	1347900.000000
2012-10-11	0.012074	0.345182	0.348260	0.336505	0.431358	1124600.000000
2012-10-10	-0.001902	0.327537	0.328375	0.315245	-0.068100	870200.000000
2012-10-09	-0.011494	0.314210	0.317524	0.303441	-0.416237	1020900.000000
2012-10-08	-0.008701	0.309345	0.312630	0.305787	-0.317848	937900.000000
2012-10-05	0.004997	0.338998	0.346702	0.324417	0.181637	1437200.000000
2012-10-04	0.015863	0.335365	0.343470	0.329495	0.567577	1249200.000000
2012-10-03	0.006171	0.334045	0.334326	0.326171	0.219460	923700.000000
2012-10-02	-0.005502	0.329780	0.330060	0.309645	-0.196751	920700.000000
2012-10-01	0.017004	0.345850	0.361208	0.341015	0.597843	1442700.000000
2012-09-28	-0.016095	0.310477	0.311876	0.295645	-0.575149	1446400.000000
2012-09-27	0.016358	0.341584	0.344997	0.330776	0.575149	1558400.000000
2012-09-26	-0.007689	0.311512	0.314052	0.301917	-0.272438	1606000.000000
2012-09-25	-0.014938	0.318888	0.326951	0.300818	-0.537308	1210900.000000
2012-09-24	-0.001680	0.308901	0.324721	0.307236	-0.060543	1433200.000000
2012-09-21	-0.000839	0.323332	0.324164	0.315845	-0.030262	1363300.000000
2012-09-20	0.000000	0.309189	0.321668	0.304197	0.000000	1290000.000000
2012-09-19	0.012322	0.334865	0.341884	0.326724	0.438919	1717600.000000
2012-09-18	-0.005073	0.302118	0.315246	0.300443	-0.181625	1259000.000000
2012-09-17	-0.002320	0.326406	0.327521	0.315260	-0.083240	1124500.000000
2012-09-14	0.019566	0.342130	0.353495	0.341562	0.688663	1966600.000000
2012-09-13	0.015502	0.310427	0.346491	0.304657	0.537312	2620900.000000
2012-09-12	0.009033	0.338567	0.347009	0.330706	0.310287	1993600.000000
2012-09-11	0.011138	0.331987	0.340818	0.331987	0.378376	1778100.000000
2012-09-10	-0.004656	0.319925	0.326371	0.314651	-0.158920	1269500.000000
2012-09-07	0.018979	0.344379	0.351544	0.340498	0.635700	2167300.000000
2012-09-06	0.027391	0.333966	0.363412	0.333659	0.892990	2412400.000000
2012-09-05	-0.005540	0.312544	0.317730	0.307054	-0.181625	1502700.000000
