2017-09-01	0.005049	0.001976	0.005488	-0.000219	0.230000	7374300.000000
2017-08-31	0.003525	0.000220	0.005728	-0.001102	0.160000	14264600.000000
2017-08-30	-0.001320	-0.001980	0.001980	-0.003520	-0.060002	7134900.000000
2017-08-29	0.000661	-0.000440	0.003303	-0.003743	0.030003	7762200.000000
2017-08-28	-0.003292	0.001317	0.002633	-0.004169	-0.150002	8024000.000000
2017-08-25	0.003523	0.004184	0.007708	0.003303	0.160000	8807100.000000
2017-08-24	-0.002855	0.000000	0.001537	-0.005051	-0.130001	7534400.000000
2017-08-23	-0.001316	0.000658	0.001316	-0.003509	-0.059997	6528400.000000
2017-08-22	-0.001751	0.000438	0.001532	-0.003065	-0.080002	10536700.000000
2017-08-21	0.000219	0.000000	0.002847	-0.002409	0.010002	9429700.000000
2017-08-18	-0.004143	-0.001308	0.000872	-0.005015	-0.190003	10879800.000000
2017-08-17	-0.007359	-0.001732	0.002814	-0.007576	-0.340000	8477000.000000
2017-08-16	0.000217	-0.000866	0.003247	-0.001515	0.010002	8087300.000000
2017-08-15	0.008515	0.000000	0.009825	0.000000	0.390000	9638100.000000
2017-08-14	0.004606	0.001755	0.007677	0.000658	0.209999	8350900.000000
2017-08-11	-0.003279	0.002624	0.003498	-0.003717	-0.150002	8357600.000000
2017-08-10	0.003290	-0.000658	0.005484	-0.002852	0.150002	8901600.000000
2017-08-09	-0.000219	-0.000877	0.001316	-0.005921	-0.009998	9635300.000000
2017-08-08	-0.000876	0.000000	0.003944	-0.001972	-0.040001	5747900.000000
2017-08-07	0.003077	0.000440	0.005714	0.000000	0.139999	6226300.000000
2017-08-04	-0.003722	0.000000	0.001971	-0.004379	-0.169998	9523600.000000
2017-08-03	0.001755	0.001316	0.007896	0.000877	0.079998	14261400.000000
2017-08-02	-0.002407	-0.002188	0.006565	-0.007002	-0.110001	10187900.000000
2017-08-01	-0.003054	0.002836	0.004799	-0.004145	-0.139999	10306800.000000
2017-07-31	-0.003695	-0.000217	0.001521	-0.004782	-0.169998	13622900.000000
2017-07-28	-0.002385	-0.002602	0.000000	-0.008456	-0.110001	11945300.000000
2017-07-27	0.008308	0.001312	0.015085	-0.000875	0.379997	15195200.000000
2017-07-26	0.011052	-0.015252	0.012157	-0.020557	0.500000	13608900.000000
2017-07-25	0.008921	0.004014	0.010036	0.002230	0.400002	14096300.000000
2017-07-24	-0.004219	0.000222	0.000444	-0.004441	-0.189999	9103600.000000
2017-07-21	0.004685	-0.000892	0.005578	-0.003347	0.209999	8545600.000000
2017-07-20	-0.000223	0.001561	0.003346	-0.001785	-0.010002	7430300.000000
2017-07-19	0.003582	0.000000	0.003806	-0.002686	0.160004	6986900.000000
2017-07-18	-0.001341	0.001118	0.002683	-0.002459	-0.060002	9037200.000000
2017-07-17	0.001119	-0.000448	0.002462	-0.001567	0.050000	7189200.000000
2017-07-14	0.005627	0.002026	0.006527	0.001576	0.250000	8558700.000000
2017-07-13	-0.001797	-0.000449	0.000449	-0.003145	-0.079998	6371900.000000
2017-07-12	0.004060	0.005865	0.009926	0.002481	0.179996	7737400.000000
2017-07-11	-0.001127	-0.001352	0.002253	-0.005182	-0.049999	10300700.000000
2017-07-10	-0.000225	0.001352	0.004280	-0.003604	-0.009998	9672000.000000
2017-07-07	-0.000225	0.001577	0.002703	-0.003604	-0.010003	9566000.000000
2017-07-06	-0.009371	-0.002231	0.000669	-0.011825	-0.419998	13113000.000000
2017-07-05	0.001341	0.000670	0.005139	-0.000670	0.060002	6853600.000000
2017-07-03	-0.002007	0.005797	0.009365	-0.002007	-0.090000	6434500.000000
2017-06-30	0.000446	0.001338	0.006469	0.000446	0.019996	9270000.000000
2017-06-29	-0.010812	-0.004192	-0.001765	-0.014784	-0.489998	9283500.000000
2017-06-28	0.005993	0.004440	0.009989	0.003996	0.270001	9218800.000000
2017-06-27	-0.008365	-0.001981	-0.000660	-0.009465	-0.380001	11432200.000000
2017-06-26	0.003978	0.001547	0.005746	0.001105	0.180000	7747100.000000
2017-06-23	0.003994	-0.000444	0.006878	-0.000888	0.180000	9544800.000000
2017-06-22	-0.003317	-0.001106	0.001327	-0.004202	-0.150001	7446300.000000
2017-06-21	-0.008551	0.000219	0.001535	-0.009647	-0.390000	9515800.000000
2017-06-20	0.005068	-0.000661	0.010798	-0.001322	0.230000	14920900.000000
2017-06-19	0.001545	0.000883	0.001545	-0.004635	0.070000	7624700.000000
2017-06-16	0.001326	0.001326	0.002210	-0.005304	0.060001	27025300.000000
2017-06-15	-0.001104	-0.002649	0.000883	-0.005739	-0.049999	9908700.000000
2017-06-14	0.005996	0.003331	0.009771	0.002887	0.270000	11497500.000000
2017-06-13	0.001557	0.000890	0.003336	-0.003559	0.069996	10023400.000000
2017-06-12	0.000221	0.008230	0.011789	0.005560	0.009922	11228500.000000
2017-06-09	0.004210	0.006666	0.013144	0.004655	0.188450	9358800.000000
2017-06-08	-0.008350	0.008230	0.008230	-0.002404	-0.376896	12879000.000000
2017-06-07	-0.010222	-0.002296	0.002090	-0.005585	-0.466167	12776300.000000
2017-06-06	-0.000217	0.006257	0.009764	0.003626	-0.009919	9836700.000000
2017-06-05	0.002179	0.005813	0.010427	0.003835	0.099186	10015200.000000
2017-06-02	0.002184	0.009110	0.010431	0.004266	0.099182	9923700.000000
2017-06-01	0.007038	0.007786	0.015325	0.002908	0.317387	11049300.000000
2017-05-31	0.000880	0.008230	0.014222	0.006898	0.039673	14148000.000000
2017-05-30	0.000881	0.003121	0.009784	0.002010	0.039677	13093500.000000
2017-05-26	-0.000440	0.006897	0.011560	0.006453	-0.019837	11323600.000000
2017-05-25	0.008439	0.007558	0.018305	0.006886	0.376900	16704200.000000
2017-05-24	0.014418	0.010955	0.024129	0.010955	0.634773	12738300.000000
2017-05-23	0.004753	0.009827	0.017814	0.008914	0.208286	11996100.000000
2017-05-22	0.006378	0.008000	0.015579	0.006163	0.277714	12857900.000000
2017-05-19	0.002283	0.009380	0.012833	0.007309	0.099186	11796800.000000
2017-05-18	-0.002959	0.006852	0.008918	0.001574	-0.128940	13832200.000000
2017-05-17	0.001824	0.008230	0.015587	0.005011	0.079349	14538800.000000
2017-05-16	0.002744	0.011457	0.016991	0.009152	0.119019	10454100.000000
2017-05-15	0.003212	0.005223	0.012162	0.005223	0.138855	8493000.000000
2017-05-12	-0.001832	0.007537	0.008461	0.003381	-0.079342	7275800.000000
2017-05-11	0.002295	0.006378	0.010775	0.004990	0.099182	6860100.000000
2017-05-10	0.001379	0.007534	0.010779	0.004754	0.059509	7597700.000000
2017-05-09	-0.008658	0.008230	0.008230	-0.003486	-0.376900	8694400.000000
2017-05-08	0.004578	0.005922	0.013306	0.004768	0.198369	14284300.000000
2017-05-05	0.000687	0.011232	0.012386	0.005920	0.029754	8133000.000000
2017-05-04	0.007849	0.010557	0.019634	0.010092	0.337227	10193100.000000
2017-05-03	-0.001613	0.006835	0.010553	0.002653	-0.069431	10389000.000000
2017-05-02	0.003933	0.008230	0.013362	0.006830	0.168613	11823900.000000
2017-05-01	0.001622	0.008230	0.016408	0.007061	0.069428	13208200.000000
2017-04-28	0.003255	0.007057	0.012684	0.004479	0.138858	10337800.000000
2017-04-27	-0.005319	0.006597	0.009162	0.000768	-0.228126	10386200.000000
2017-04-26	0.003016	0.007060	0.015713	0.005189	0.128941	13626600.000000
2017-04-25	-0.003928	-0.001788	0.011724	-0.002486	-0.168610	18745100.000000
2017-04-24	0.004876	0.012209	0.016657	0.010102	0.208286	16703800.000000
2017-04-21	-0.000464	0.005656	0.008463	0.003550	-0.019840	13833800.000000
2017-04-20	-0.003238	0.007530	0.009862	0.004031	-0.138855	10838300.000000
2017-04-19	-0.005750	0.014259	0.015418	0.001505	-0.247959	13893100.000000
2017-04-18	0.009519	0.009166	0.020402	0.008698	0.406654	13181600.000000
2017-04-17	0.006544	0.008230	0.014827	0.007994	0.277714	11318100.000000
2017-04-13	-0.003493	0.006586	0.011517	0.004473	-0.148773	9891900.000000
2017-04-12	0.006563	0.005393	0.016029	0.004684	0.277710	13417200.000000
2017-04-11	-0.000703	0.007993	0.009647	0.004215	-0.029751	8909400.000000
2017-04-10	0.001877	0.011069	0.012725	0.007046	0.079342	9426900.000000
2017-04-07	-0.001406	0.007521	0.009884	0.004449	-0.059506	11028800.000000
2017-04-06	0.002349	0.008466	0.012729	0.005861	0.099182	14597800.000000
2017-04-05	-0.002577	0.007521	0.012482	0.004686	-0.109104	10142800.000000
2017-04-04	0.006366	0.010607	0.014886	0.007279	0.267796	10946200.000000
2017-04-03	-0.000707	0.011556	0.012743	0.004191	-0.029751	11240000.000000
2017-03-31	-0.003756	0.007046	0.009413	0.004206	-0.158695	11551800.000000
2017-03-30	0.004243	0.006566	0.012983	0.004427	0.178531	11999900.000000
2017-03-29	-0.000236	0.010130	0.010606	0.004903	-0.009922	9580100.000000
2017-03-28	0.002599	0.006324	0.013947	0.006324	0.109105	14123800.000000
2017-03-27	0.004748	0.007990	0.013496	0.006554	0.198368	12387400.000000
2017-03-24	-0.001186	0.009664	0.010142	0.002013	-0.049591	13804400.000000
2017-03-23	-0.004955	0.004185	0.008467	0.000617	-0.208291	11503300.000000
2017-03-22	-0.002823	0.009653	0.012974	0.002299	-0.119018	11605500.000000
2017-03-21	0.007587	0.011337	0.018986	0.008947	0.317387	17187300.000000
2017-03-20	0.003569	0.009909	0.015666	0.009189	0.148777	11484200.000000
2017-03-17	-0.005207	0.008945	0.010616	0.002502	-0.218205	37526500.000000
2017-03-16	0.003086	0.006075	0.014693	0.002963	0.128941	16004200.000000
2017-03-15	0.003574	0.008470	0.015677	0.008230	0.148773	22757800.000000
2017-03-14	-0.001428	0.007030	0.009909	0.003432	-0.059509	9844500.000000
2017-03-13	0.002624	0.008229	0.013040	0.006305	0.109100	12831500.000000
2017-03-10	0.006186	0.021969	0.026083	0.020033	0.255627	16369700.000000
2017-03-09	0.000952	0.019551	0.020035	0.015433	0.039321	14496400.000000
2017-03-08	0.000000	0.017371	0.018097	0.011073	0.000000	14636000.000000
2017-03-07	-0.004504	0.012788	0.018575	0.011582	-0.186798	11273700.000000
2017-03-06	-0.007062	0.013776	0.015931	0.008509	-0.294948	16307800.000000
2017-03-03	0.000235	0.017129	0.017608	0.011860	0.009830	11740000.000000
2017-03-02	0.007353	0.015198	0.026779	0.014957	0.304779	15507600.000000
2017-03-01	0.004767	0.018341	0.026582	0.015189	0.196637	14662000.000000
2017-02-28	0.006959	0.017373	0.026892	0.016396	0.285114	15946800.000000
2017-02-27	-0.002633	0.016398	0.016398	0.012503	-0.108147	12186400.000000
2017-02-24	0.002881	0.018105	0.023232	0.015664	0.117981	13215300.000000
2017-02-23	0.001442	0.018840	0.026909	0.017618	0.058991	12856800.000000
2017-02-22	0.003377	0.018355	0.022526	0.015657	0.137642	11186800.000000
2017-02-21	0.005578	0.016388	0.023789	0.016388	0.226123	17072600.000000
2017-02-17	0.000728	0.015400	0.021079	0.013425	0.029492	15065100.000000
2017-02-16	0.018793	0.019895	0.038256	0.018638	0.747204	22214800.000000
2017-02-15	-0.002221	0.014368	0.019638	0.013866	-0.088482	26600800.000000
2017-02-14	-0.002216	0.011119	0.016628	0.007113	-0.088486	32177800.000000
2017-02-13	0.000986	0.021891	0.023395	0.015123	0.039326	23617100.000000
2017-02-10	-0.016242	0.011457	0.015896	-0.000132	-0.658718	28847300.000000
2017-02-09	-0.018325	0.017128	0.017128	-0.014339	-0.757035	27240300.000000
2017-02-08	0.002864	0.017371	0.023197	0.015672	0.117981	14219700.000000
2017-02-07	0.008181	0.020555	0.027408	0.019821	0.334275	13315200.000000
2017-02-06	0.000481	0.016884	0.020312	0.013701	0.019660	15742800.000000
2017-02-03	0.003382	0.021551	0.026710	0.018603	0.137642	11882400.000000
2017-02-02	0.003393	0.020826	0.022798	0.016882	0.137646	9459700.000000
2017-02-01	-0.007457	0.015905	0.019331	0.009299	-0.304779	11136100.000000
2017-01-31	0.004592	0.017374	0.024748	0.016637	0.186798	12678000.000000
2017-01-30	-0.001689	0.013448	0.017865	0.011239	-0.068821	11626200.000000
2017-01-27	-0.008610	0.019561	0.020534	0.007641	-0.353935	12967400.000000
2017-01-26	-0.007360	0.014955	0.016887	0.009160	-0.304779	8976800.000000
2017-01-25	0.005251	0.018099	0.025625	0.017129	0.216293	12538200.000000
2017-01-24	0.011344	0.018111	0.030386	0.018111	0.462086	17040100.000000
2017-01-23	0.002662	0.016882	0.021559	0.014421	0.108150	11628900.000000
2017-01-20	0.004375	0.020343	0.024546	0.016881	0.176968	14695400.000000
2017-01-19	-0.003633	0.013433	0.017129	0.010724	-0.147476	10987100.000000
2017-01-18	0.001698	0.017869	0.021077	0.015154	0.068821	10390500.000000
2017-01-17	0.008317	0.016133	0.027578	0.015138	0.334274	12469400.000000
2017-01-13	-0.001709	0.018370	0.019364	0.010671	-0.068821	8123500.000000
2017-01-12	-0.002436	0.016137	0.016881	0.010934	-0.098316	8541200.000000
2017-01-11	0.000244	0.012420	0.019111	0.011924	0.009834	9266200.000000
2017-01-10	-0.006776	0.020082	0.020082	0.005805	-0.275284	19706800.000000
2017-01-09	-0.010062	0.004701	0.013230	0.004213	-0.412933	14822500.000000
2017-01-06	-0.000239	0.015910	0.018590	0.012012	-0.009827	10246600.000000
2017-01-05	0.002401	0.017373	0.022257	0.014198	0.098317	8968300.000000
2017-01-04	-0.003588	0.019075	0.021265	0.012019	-0.147473	9959400.000000
2017-01-03	0.008201	0.018110	0.025715	0.012713	0.334275	14711000.000000
2016-12-30	-0.003365	0.019329	0.022997	0.011016	-0.137642	11470200.000000
2016-12-29	0.005074	0.016883	0.024501	0.016883	0.206459	6875300.000000
2016-12-28	-0.005287	0.014195	0.018595	0.011751	-0.216294	8988000.000000
2016-12-27	0.000240	0.016151	0.021041	0.015662	0.009835	6999200.000000
2016-12-23	0.001203	0.018842	0.020556	0.012233	0.049152	6410600.000000
2016-12-22	-0.000481	0.017129	0.018352	0.005139	-0.019661	11894100.000000
2016-12-21	-0.002160	0.015664	0.021279	0.013711	-0.088482	9693600.000000
2016-12-20	-0.000240	0.017861	0.018349	0.011514	-0.009834	10603500.000000
2016-12-19	-0.001677	0.015910	0.018591	0.013230	-0.068825	8687300.000000
2016-12-16	0.004573	0.018597	0.022269	0.015415	0.186802	19675200.000000
2016-12-15	0.008250	0.014413	0.031937	0.014413	0.334274	14265300.000000
2016-12-14	-0.013170	0.020295	0.022731	0.000079	-0.540733	17937900.000000
2016-12-13	-0.003341	0.012759	0.018585	0.008389	-0.137646	18986000.000000
2016-12-12	-0.002381	0.017129	0.017371	0.010348	-0.098316	17561900.000000
2016-12-09	0.024890	0.030035	0.047905	0.024823	1.002823	28125800.000000
2016-12-08	-0.007508	0.011709	0.015158	0.006290	-0.304779	13077100.000000
2016-12-07	0.017747	0.016376	0.035180	0.015624	0.707878	13726500.000000
2016-12-06	-0.001231	0.020384	0.020885	0.012120	-0.049160	11303500.000000
2016-12-05	0.006442	0.016624	0.025445	0.015868	0.255619	15977800.000000
2016-12-02	0.004730	0.020420	0.025231	0.017635	0.186802	11176300.000000
2016-12-01	-0.004461	0.016120	0.018137	0.005281	-0.176968	20409900.000000
2016-11-30	-0.019441	0.013421	0.018364	-0.002646	-0.786529	22410400.000000
2016-11-29	-0.006039	0.020077	0.020077	0.010741	-0.245793	11421900.000000
2016-11-28	0.005298	0.025234	0.032149	0.019306	0.214489	19424400.000000
2016-11-25	0.009971	0.032462	0.037202	0.028721	0.399712	7402300.000000
2016-11-23	-0.006043	0.022008	0.024240	0.017297	-0.243729	9281300.000000
2016-11-22	0.000242	0.027959	0.034159	0.022751	0.009747	12743500.000000
2016-11-21	0.011000	0.025727	0.037010	0.021214	0.438717	12307000.000000
2016-11-18	-0.005107	0.023482	0.027723	0.020240	-0.204735	16345300.000000
2016-11-17	-0.003393	0.026225	0.026722	0.019264	-0.136486	12398800.000000
2016-11-16	-0.004344	0.024737	0.030925	0.018797	-0.175488	12681400.000000
2016-11-15	0.006558	0.025977	0.034448	0.025727	0.263230	16554000.000000
2016-11-14	0.003412	0.028227	0.035477	0.021228	0.136490	19514200.000000
2016-11-11	0.002198	0.025978	0.030488	0.017961	0.087741	13329700.000000
2016-11-10	-0.031464	0.015778	0.025485	-0.008730	-1.296642	33245500.000000
2016-11-09	-0.014226	-0.001064	0.012332	-0.002499	-0.594704	21351000.000000
2016-11-08	0.009892	0.023553	0.038289	0.023553	0.409470	12012700.000000
2016-11-07	0.018470	0.034339	0.045656	0.034339	0.750687	14038500.000000
2016-11-04	-0.008089	0.021335	0.025972	0.017430	-0.331471	14464200.000000
2016-11-03	-0.000476	0.029874	0.029874	0.023532	-0.019504	11258000.000000
2016-11-02	-0.001662	0.025240	0.031085	0.023049	-0.068238	12034300.000000
2016-11-01	-0.006604	0.025727	0.026453	0.013873	-0.272983	12223400.000000
2016-10-31	0.004026	0.023056	0.030100	0.023056	0.165741	13327500.000000
2016-10-28	0.002612	0.029137	0.034251	0.025240	0.107242	13398400.000000
2016-10-27	-0.007540	0.030320	0.030803	0.012676	-0.311973	14537000.000000
2016-10-26	-0.002351	0.036819	0.037542	0.022593	-0.097496	16886200.000000
2016-10-25	-0.000470	0.027655	0.033440	0.022594	-0.019501	16484700.000000
2016-10-24	0.010207	0.030353	0.041309	0.028649	0.419216	13439200.000000
2016-10-21	0.004770	0.023770	0.031599	0.019612	0.194988	14401500.000000
2016-10-20	-0.002854	0.023776	0.027191	0.021824	-0.116996	10620500.000000
2016-10-19	0.001906	0.024750	0.029393	0.021817	0.077999	16367400.000000
2016-10-18	0.008894	0.030905	0.035590	0.028933	0.360721	11297300.000000
2016-10-17	-0.001680	0.027204	0.030404	0.023266	-0.068248	10792500.000000
2016-10-14	-0.002155	0.027938	0.029412	0.022289	-0.087742	9893800.000000
2016-10-13	-0.000479	0.022536	0.028428	0.019099	-0.019501	17655600.000000
2016-10-12	0.005778	0.027950	0.033135	0.024740	0.233986	12216300.000000
2016-10-11	-0.004553	0.024007	0.024990	0.017616	-0.185238	12249100.000000
2016-10-10	0.000000	0.030398	0.032118	0.022532	0.000000	8983600.000000
2016-10-07	0.000479	0.028678	0.031383	0.022285	0.019497	8122800.000000
2016-10-06	-0.002392	0.022538	0.028917	0.020085	-0.097488	9722900.000000
2016-10-05	-0.000717	0.027934	0.031366	0.021560	-0.029248	9607300.000000
2016-10-04	-0.004521	0.033293	0.033293	0.019626	-0.185234	13682700.000000
2016-10-03	-0.006853	0.025485	0.025485	0.015305	-0.282726	11152800.000000
2016-09-30	0.006900	0.030120	0.037198	0.026460	0.282726	14375700.000000
2016-09-29	-0.002847	0.022564	0.031568	0.018427	-0.116993	12671700.000000
2016-09-28	-0.010331	0.026691	0.029822	0.012241	-0.428962	15523800.000000
2016-09-27	0.012842	0.029142	0.039875	0.024508	0.526451	11920400.000000
2016-09-26	-0.016144	0.025007	0.025248	0.008208	-0.672688	15036000.000000
2016-09-23	-0.005121	0.022146	0.025250	0.018326	-0.214485	8852700.000000
2016-09-22	0.010111	0.030069	0.037304	0.029586	0.419216	9288300.000000
2016-09-21	0.004487	0.024274	0.032268	0.019913	0.185234	13654700.000000
2016-09-20	0.005701	0.030844	0.036204	0.029138	0.233979	8407200.000000
2016-09-19	-0.000949	0.026214	0.031326	0.024267	-0.038994	7659900.000000
2016-09-16	-0.005194	0.021127	0.023306	0.016284	-0.214482	16354000.000000
2016-09-15	0.005937	0.023291	0.032548	0.020125	0.243725	10158500.000000
2016-09-14	-0.004021	0.025485	0.028881	0.018692	-0.165729	9823900.000000
2016-09-13	-0.013072	0.024051	0.024051	0.010643	-0.545956	12962700.000000
2016-09-12	0.021765	0.036309	0.057593	0.035820	0.889656	15932300.000000
2016-09-09	-0.031171	0.029367	0.029367	0.001873	-1.315144	23624200.000000
2016-09-08	-0.000229	0.034818	0.036240	0.029605	-0.009674	10020400.000000
2016-09-07	-0.003425	0.032455	0.034344	0.027968	-0.145050	8656600.000000
2016-09-06	0.002978	0.036002	0.037423	0.027949	0.125710	8600400.000000
2016-09-02	0.007151	0.038163	0.045558	0.036970	0.299778	9026000.000000
2016-09-01	-0.001842	0.028869	0.033631	0.028631	-0.077358	8457800.000000
2016-08-31	0.004394	0.038652	0.039369	0.030281	0.183731	10217900.000000
2016-08-30	-0.006890	0.032208	0.033870	0.024132	-0.290104	9720100.000000
2016-08-29	0.005078	0.034585	0.041030	0.034346	0.212742	9544600.000000
2016-08-26	-0.008015	0.035292	0.040028	0.025583	-0.338456	11824900.000000
2016-08-25	-0.004105	0.034108	0.036230	0.028919	-0.174064	9815700.000000
2016-08-24	0.000000	0.033400	0.036230	0.029627	0.000000	11508900.000000
2016-08-23	0.002515	0.036708	0.039782	0.034108	0.106369	8421100.000000
2016-08-22	-0.004098	0.034579	0.034814	0.029634	-0.174057	8687500.000000
2016-08-19	-0.004082	0.032935	0.033170	0.025666	-0.174065	9385900.000000
2016-08-18	0.000908	0.032934	0.038802	0.032699	0.038681	9144300.000000
2016-08-17	0.005248	0.038354	0.039770	0.032928	0.222412	11208500.000000
2016-08-16	-0.009268	0.034341	0.034341	0.024524	-0.396480	9706100.000000
2016-08-15	0.004770	0.035752	0.041154	0.033638	0.203079	10390600.000000
2016-08-12	0.006400	0.037889	0.044508	0.035053	0.270760	10928900.000000
2016-08-11	0.003210	0.036716	0.040273	0.034345	0.135387	11303300.000000
2016-08-10	0.003221	0.038152	0.039341	0.034821	0.135380	8412100.000000
2016-08-09	0.000691	0.035536	0.038869	0.032679	0.029011	7281300.000000
2016-08-08	-0.000920	0.032918	0.035059	0.027924	-0.038682	8680300.000000
2016-08-05	-0.000689	0.037435	0.039812	0.031731	-0.029010	10398200.000000
2016-08-04	-0.002979	0.032212	0.037899	0.028420	-0.125714	11244100.000000
2016-08-03	0.002527	0.037196	0.038146	0.030307	0.106377	12119100.000000
2016-08-02	0.001841	0.031727	0.037202	0.030776	0.077358	12825200.000000
2016-08-01	-0.004126	0.035530	0.038848	0.029367	-0.174061	12349700.000000
2016-07-29	-0.000458	0.035766	0.036477	0.030080	-0.019344	16530500.000000
2016-07-28	0.005760	0.031010	0.041017	0.029819	0.241757	13077800.000000
2016-07-27	-0.032977	0.011527	0.015213	-0.006907	-1.431187	37461100.000000
2016-07-26	-0.015141	0.033200	0.035923	0.017315	-0.667240	15819900.000000
2016-07-25	-0.005673	0.033656	0.034108	0.025985	-0.251427	9134300.000000
2016-07-22	0.008361	0.035245	0.042981	0.034335	0.367466	8836100.000000
2016-07-21	-0.001318	0.030245	0.034108	0.028427	-0.058014	8045100.000000
2016-07-20	-0.002630	0.036827	0.037280	0.028668	-0.116047	8478200.000000
2016-07-19	0.000000	0.030255	0.035921	0.029575	0.000000	7761100.000000
2016-07-18	0.000000	0.035467	0.035694	0.030708	0.000000	7958300.000000
2016-07-15	-0.001313	0.038408	0.038861	0.028449	-0.058021	10621000.000000
2016-07-14	-0.001093	0.033881	0.038629	0.030490	-0.048352	7621200.000000
2016-07-13	0.003510	0.034788	0.038191	0.030704	0.154724	8028400.000000
2016-07-12	0.000219	0.035696	0.037285	0.025257	0.009671	9739000.000000
2016-07-11	0.004187	0.033424	0.042995	0.027955	0.183735	10937800.000000
2016-07-08	0.006432	0.038924	0.043969	0.033649	0.280433	11127100.000000
2016-07-07	-0.003976	0.037534	0.039818	0.027255	-0.174064	9741100.000000
2016-07-06	-0.003522	0.035701	0.036839	0.022499	-0.154724	10902600.000000
2016-07-05	0.006871	0.035024	0.046713	0.034795	0.299778	12339100.000000
2016-07-01	-0.004633	0.034108	0.035933	0.028176	-0.203076	11799700.000000
2016-06-30	0.020027	0.035969	0.054818	0.035271	0.860649	16056500.000000
2016-06-29	0.005885	0.039023	0.046513	0.035512	0.251423	12250900.000000
2016-06-28	0.009137	0.040721	0.043792	0.031509	0.386810	16509800.000000
2016-06-27	-0.003415	0.027987	0.033166	0.019748	-0.145053	15779500.000000
2016-06-24	-0.025510	0.013921	0.022179	0.005204	-1.112076	26003700.000000
2016-06-23	0.004904	0.038026	0.041254	0.033646	0.212745	9655300.000000
2016-06-22	-0.005983	0.036857	0.038690	0.026775	-0.261093	10738900.000000
2016-06-21	0.003335	0.038246	0.041005	0.034567	0.145050	7919400.000000
2016-06-20	0.004242	0.041034	0.046113	0.038032	0.183735	10712400.000000
2016-06-17	-0.011476	0.030912	0.032054	0.012882	-0.502846	20805400.000000
2016-06-16	0.006665	0.030891	0.041689	0.027445	0.290108	11305400.000000
2016-06-15	-0.000666	0.035944	0.040995	0.030434	-0.029018	8360400.000000
2016-06-14	-0.001773	0.027919	0.034337	0.018523	-0.077358	11298200.000000
2016-06-13	-0.011394	0.030482	0.034787	0.021646	-0.502854	10613500.000000
2016-06-10	0.005026	0.038850	0.047731	0.037484	0.220726	12357000.000000
2016-06-09	0.004610	0.037005	0.047757	0.036547	0.201523	8042900.000000
2016-06-08	0.005075	0.040198	0.049855	0.039049	0.220726	7915400.000000
2016-06-07	-0.001102	0.041578	0.044564	0.038133	-0.047985	9812600.000000
2016-06-06	0.007327	0.043195	0.052217	0.042963	0.316685	10310600.000000
2016-06-03	0.007156	0.042737	0.049727	0.041106	0.307094	13425700.000000
2016-06-02	0.000447	0.042038	0.042504	0.037376	0.019196	6693900.000000
2016-06-01	0.002242	0.042038	0.046243	0.039468	0.095962	8916000.000000
2016-05-31	-0.004020	0.046692	0.046692	0.029937	-0.172737	18935200.000000
2016-05-27	0.002014	0.042504	0.048333	0.041105	0.086373	7802200.000000
2016-05-26	0.006985	0.045560	0.051195	0.043447	0.297489	8695800.000000
2016-05-25	0.000225	0.045326	0.048144	0.039220	0.009597	9218100.000000
2016-05-24	0.009097	0.045119	0.052702	0.042749	0.383862	12634200.000000
2016-05-23	0.000455	0.044883	0.047017	0.041801	0.019192	13554700.000000
2016-05-20	-0.008348	0.046505	0.047210	0.033103	-0.355072	12914100.000000
2016-05-19	-0.003597	0.036650	0.039929	0.031730	-0.153538	10659500.000000
2016-05-18	-0.006034	0.037614	0.043901	0.029929	-0.259113	12524300.000000
2016-05-17	-0.019071	0.038155	0.040667	0.021252	-0.834900	17457000.000000
2016-05-16	0.005954	0.037672	0.050769	0.037212	0.259105	9413600.000000
2016-05-13	-0.010473	0.040219	0.042038	0.028396	-0.460636	10341200.000000
2016-05-12	0.008139	0.044101	0.052124	0.042726	0.355080	10463400.000000
2016-05-11	-0.006339	0.041582	0.044999	0.035205	-0.278309	8833100.000000
2016-05-10	0.011273	0.046644	0.055858	0.046184	0.489426	8933500.000000
2016-05-09	-0.001765	0.042038	0.046177	0.038589	-0.076771	8110600.000000
2016-05-06	0.005770	0.042038	0.050132	0.038800	0.249508	8524300.000000
2016-05-05	0.001779	0.040879	0.053853	0.039489	0.076774	8801100.000000
2016-05-04	0.003122	0.039249	0.048312	0.034369	0.134354	9350500.000000
2016-05-03	-0.003113	0.039489	0.044123	0.034393	-0.134354	10330700.000000
2016-05-02	0.004018	0.036688	0.051109	0.036688	0.172738	12577500.000000
2016-04-29	0.003809	0.039703	0.047408	0.039002	0.163139	11716000.000000
2016-04-28	-0.001119	0.037840	0.047169	0.036907	-0.047981	10932500.000000
2016-04-27	0.003369	0.044612	0.049760	0.035486	0.143951	11335500.000000
2016-04-26	-0.004026	0.046932	0.047864	0.035512	-0.172737	13935500.000000
2016-04-25	0.003817	0.041102	0.046249	0.038294	0.163135	11173800.000000
2016-04-22	0.020156	0.045141	0.065905	0.045141	0.844506	25134200.000000
2016-04-21	-0.016002	0.039454	0.039924	0.006810	-0.681359	37206900.000000
2016-04-20	-0.047854	0.013863	0.014757	-0.014760	-2.140033	40360300.000000
2016-04-19	0.008221	0.044067	0.051056	0.040460	0.364666	14418300.000000
2016-04-18	0.002603	0.042038	0.046106	0.035709	0.115158	11482300.000000
2016-04-15	0.005891	0.041810	0.049541	0.038627	0.259109	13647800.000000
2016-04-14	-0.004561	0.042490	0.046112	0.035474	-0.201534	12982200.000000
2016-04-13	-0.013076	0.044718	0.044942	0.023498	-0.585388	13234100.000000
2016-04-12	0.004522	0.041365	0.049218	0.040018	0.201534	11219100.000000
2016-04-11	-0.009174	0.042705	0.047818	0.031811	-0.412655	11880100.000000
2016-04-08	0.011001	0.043836	0.055973	0.043836	0.489418	11959300.000000
2016-04-07	-0.007493	0.037353	0.039138	0.029768	-0.335872	9292000.000000
2016-04-06	0.003868	0.042934	0.046517	0.038679	0.172733	9122700.000000
2016-04-05	-0.007677	0.036038	0.040260	0.032037	-0.345474	10696700.000000
2016-04-04	0.001281	0.042260	0.044263	0.034695	0.057579	10629800.000000
2016-04-01	0.009485	0.036422	0.052820	0.035748	0.422249	14922900.000000
2016-03-31	-0.004079	0.041367	0.048749	0.036221	-0.182339	15544500.000000
2016-03-30	0.002152	0.045401	0.047643	0.038675	0.095970	14312200.000000
2016-03-29	0.014847	0.043403	0.058192	0.042265	0.652569	25010400.000000
2016-03-28	0.004827	0.041581	0.050039	0.040437	0.211120	13306600.000000
2016-03-24	0.002640	0.041809	0.045247	0.035849	0.115170	10890200.000000
2016-03-23	-0.000879	0.039748	0.046847	0.038602	-0.038395	9292100.000000
2016-03-22	-0.003722	0.039300	0.043407	0.035649	-0.163139	13788300.000000
2016-03-21	0.001535	0.037925	0.048208	0.036553	0.067177	9740400.000000
2016-03-18	-0.003714	0.043631	0.044314	0.033386	-0.163147	23853400.000000
2016-03-17	0.015982	0.042038	0.061930	0.040187	0.690959	24080000.000000
2016-03-16	-0.004200	0.037661	0.040425	0.026145	-0.182338	15386100.000000
2016-03-15	-0.001104	0.037206	0.048250	0.036976	-0.047982	13686300.000000
2016-03-14	0.001991	0.038349	0.047110	0.038349	0.086369	13206700.000000
2016-03-11	0.007130	0.044824	0.050629	0.043199	0.307091	16129300.000000
2016-03-10	0.009373	0.050867	0.060710	0.047117	0.399929	28908600.000000
2016-03-09	0.011056	0.051823	0.062249	0.049453	0.466606	18466600.000000
2016-03-08	0.007044	0.048017	0.061141	0.045392	0.295193	18900200.000000
2016-03-07	-0.002267	0.045403	0.050878	0.044212	-0.095230	10695300.000000
2016-03-04	0.003412	0.045864	0.054703	0.043475	0.142837	13691500.000000
2016-03-03	0.004341	0.046325	0.055203	0.044646	0.180924	13134800.000000
2016-03-02	0.001831	0.044876	0.052087	0.043674	0.076175	12856300.000000
2016-03-01	0.012984	0.056251	0.063800	0.051138	0.533253	12358300.000000
2016-02-29	-0.000232	0.050894	0.061605	0.044809	-0.009525	15049800.000000
2016-02-26	-0.023098	0.047310	0.047786	0.025194	-0.971276	18421000.000000
2016-02-25	0.005694	0.051360	0.056622	0.049208	0.238064	10903300.000000
2016-02-24	0.005035	0.047039	0.056173	0.042472	0.209484	10844200.000000
2016-02-23	-0.005689	0.045384	0.052793	0.043472	-0.238052	11166400.000000
2016-02-22	0.003884	0.050164	0.059521	0.046805	0.161877	20716100.000000
2016-02-19	0.003669	0.049442	0.054017	0.042217	0.152355	12850000.000000
2016-02-18	0.002759	0.053545	0.055959	0.045576	0.114265	11170300.000000
2016-02-17	0.002998	0.051617	0.056461	0.048227	0.123791	12332500.000000
2016-02-16	0.005799	0.055280	0.058690	0.047972	0.238060	12675900.000000
2016-02-12	0.016506	0.057841	0.068241	0.053879	0.666565	15222400.000000
2016-02-11	-0.003290	0.037330	0.051645	0.036096	-0.133316	16825300.000000
2016-02-10	-0.017321	0.051134	0.052347	0.031004	-0.714172	16729600.000000
2016-02-09	0.015240	0.040561	0.070847	0.040561	0.618949	24853800.000000
2016-02-08	0.004948	0.043483	0.056598	0.036802	0.199971	17254400.000000
2016-02-05	-0.002116	0.060041	0.061523	0.043497	-0.085705	17315700.000000
2016-02-04	-0.004448	0.045248	0.054343	0.042298	-0.180924	14413700.000000
2016-02-03	0.006598	0.059072	0.062537	0.046205	0.266629	15958300.000000
2016-02-02	-0.013023	0.042837	0.045035	0.035755	-0.533253	12332900.000000
2016-02-01	0.001864	0.042335	0.055792	0.041601	0.076191	17097800.000000
2016-01-29	0.008222	0.057318	0.067186	0.052138	0.333275	20457000.000000
2016-01-28	0.011404	0.052410	0.065883	0.049416	0.457069	16622800.000000
2016-01-27	0.000238	0.052660	0.059648	0.043426	0.009525	14167000.000000
2016-01-26	-0.001898	0.050164	0.058633	0.044435	-0.076187	13018500.000000
2016-01-25	0.002378	0.054659	0.061150	0.046918	0.095227	12505200.000000
2016-01-22	0.016187	0.056507	0.071731	0.051687	0.637996	15209200.000000
2016-01-21	0.000242	0.051941	0.053463	0.042804	0.009522	15568900.000000
2016-01-20	-0.012882	0.038390	0.042649	0.020854	-0.514206	19923500.000000
2016-01-19	0.010120	0.056997	0.065853	0.053960	0.399936	15462200.000000
2016-01-15	-0.009074	0.026844	0.042892	0.026342	-0.361850	20875700.000000
2016-01-14	0.000717	0.053677	0.058194	0.044895	0.028572	16028000.000000
2016-01-13	-0.006410	0.051411	0.061384	0.041936	-0.257103	16854300.000000
2016-01-12	0.012987	0.068349	0.072137	0.057488	0.514202	21814800.000000
2016-01-11	0.001686	0.051935	0.059019	0.044599	0.066662	15815200.000000
2016-01-08	-0.002643	0.050921	0.062780	0.044865	-0.104752	14645900.000000
2016-01-07	-0.016541	0.033538	0.044953	0.028575	-0.666557	20563600.000000
2016-01-06	-0.005405	0.041526	0.049177	0.037577	-0.219017	16245100.000000
2016-01-05	0.003538	0.047935	0.055861	0.044467	0.142834	15781900.000000
2016-01-04	-0.013035	0.035008	0.038919	0.025964	-0.533246	16084100.000000
2015-12-31	-0.014000	0.043656	0.044621	0.033292	-0.580860	9551800.000000
2015-12-30	-0.003203	0.051125	0.051606	0.043918	-0.133316	5112500.000000
2015-12-29	0.005059	0.051371	0.057167	0.050406	0.209488	7739800.000000
2015-12-28	-0.001148	0.047752	0.049682	0.044617	-0.047611	6326100.000000
2015-12-24	-0.002977	0.045836	0.051367	0.044152	-0.123787	3036600.000000
2015-12-23	0.008778	0.052590	0.060838	0.051620	0.361851	9092300.000000
2015-12-22	0.011922	0.052128	0.065139	0.048446	0.485641	12280800.000000
2015-12-21	0.006588	0.058071	0.061037	0.049176	0.266621	10444400.000000
2015-12-18	-0.022764	0.047025	0.048474	0.026258	-0.942715	24583700.000000
2015-12-17	-0.007984	0.049445	0.051362	0.040103	-0.333282	14697000.000000
2015-12-16	0.017878	0.054553	0.070646	0.054553	0.733230	21868600.000000
2015-12-15	0.014605	0.059812	0.069708	0.057833	0.590378	17916400.000000
2015-12-14	0.004258	0.051158	0.062338	0.042711	0.171398	20092900.000000
2015-12-11	-0.011459	0.046971	0.051883	0.034937	-0.466591	17313400.000000
2015-12-10	0.002344	0.051887	0.060257	0.046964	0.095223	15481000.000000
2015-12-09	-0.008138	0.044548	0.056513	0.037712	-0.333279	12945500.000000
2015-12-08	-0.004398	0.046518	0.051380	0.040441	-0.180923	10736200.000000
2015-12-07	-0.002079	0.050649	0.053803	0.043129	-0.085701	12030700.000000
2015-12-04	0.019548	0.053132	0.075392	0.053132	0.790352	16488000.000000
2015-12-03	-0.007248	0.049182	0.053111	0.039115	-0.295193	15004400.000000
2015-12-02	-0.002798	0.048695	0.051144	0.042819	-0.114269	12598500.000000
2015-12-01	0.006335	0.052875	0.061991	0.052875	0.257103	11153000.000000
2015-11-30	-0.012283	0.049434	0.050164	0.037022	-0.504685	16063000.000000
2015-11-27	0.002789	0.050408	0.055289	0.044551	0.114273	7236700.000000
2015-11-25	0.000000	0.057242	0.061635	0.055289	0.000000	10344900.000000
2015-11-24	0.009311	0.051814	0.073983	0.050828	0.377991	15767200.000000
2015-11-23	0.012491	0.061211	0.076923	0.060712	0.500847	13338100.000000
2015-11-20	-0.015774	0.063127	0.069755	0.040790	-0.642601	19780800.000000
2015-11-19	0.019631	0.059219	0.083747	0.059219	0.784347	24090700.000000
2015-11-18	0.014639	0.060758	0.075487	0.058472	0.576443	12966300.000000
2015-11-17	-0.006912	0.055444	0.063010	0.046869	-0.274052	12739400.000000
2015-11-16	0.014016	0.059497	0.074073	0.058474	0.548092	11244900.000000
2015-11-13	-0.004810	0.055164	0.063308	0.052619	-0.188999	11619500.000000
2015-11-12	-0.010942	0.057463	0.058470	0.046387	-0.434692	10725000.000000
2015-11-11	0.006464	0.062525	0.069112	0.062018	0.255146	9101200.000000
2015-11-10	0.005537	0.055670	0.065096	0.055416	0.217346	8283100.000000
2015-11-09	-0.010010	0.051661	0.053931	0.042582	-0.396893	10842700.000000
2015-11-06	-0.008741	0.049218	0.055468	0.040218	-0.349647	11926700.000000
2015-11-05	0.008578	0.058974	0.067799	0.058470	0.340198	9625100.000000
2015-11-04	-0.004507	0.060979	0.063991	0.051441	-0.179546	10488500.000000
2015-11-03	-0.001894	0.056715	0.060222	0.047445	-0.075603	9693100.000000
2015-11-02	-0.002597	0.057468	0.058468	0.046974	-0.103951	16252200.000000
2015-10-30	-0.010283	0.058465	0.059949	0.047337	-0.415787	15356200.000000
2015-10-29	0.001404	0.056484	0.062428	0.048559	0.056694	9427400.000000
2015-10-28	0.002816	0.061695	0.063930	0.048284	0.113404	13667300.000000
2015-10-27	0.000470	0.055982	0.062690	0.055485	0.018898	30166600.000000
2015-10-26	-0.004674	0.057476	0.060691	0.050057	-0.188996	14788600.000000
2015-10-23	-0.010407	0.059931	0.059931	0.046226	-0.425243	18796100.000000
2015-10-22	0.024887	0.064488	0.099854	0.063736	0.992229	35920200.000000
2015-10-21	-0.002364	0.049460	0.063973	0.043705	-0.094493	19254900.000000
2015-10-20	0.007144	0.058470	0.068551	0.058470	0.283493	16120100.000000
2015-10-19	-0.000714	0.055196	0.059225	0.052677	-0.028351	15553800.000000
2015-10-16	0.002386	0.064277	0.065539	0.057208	0.094505	20384200.000000
2015-10-15	0.005758	0.063042	0.067104	0.056187	0.226795	11801600.000000
2015-10-14	0.000720	0.055931	0.066094	0.055931	0.028340	14180000.000000
2015-10-13	-0.008333	0.053179	0.055950	0.046628	-0.330735	12903600.000000
2015-10-12	-0.000476	0.053433	0.065018	0.052929	-0.018905	12299100.000000
2015-10-09	0.000953	0.054185	0.061747	0.053176	0.037803	13931200.000000
2015-10-08	0.011079	0.051591	0.070197	0.051591	0.434689	11960200.000000
2015-10-07	0.013672	0.062868	0.075011	0.061835	0.529194	14329700.000000
2015-10-06	-0.001219	0.058992	0.066733	0.056154	-0.047245	14579400.000000
2015-10-05	0.015350	0.059790	0.075510	0.059266	0.585888	15664000.000000
2015-10-02	0.014824	0.051837	0.073905	0.046519	0.557541	15537300.000000
2015-10-01	-0.007976	0.060856	0.067450	0.044502	-0.302395	19606600.000000
2015-09-30	0.011599	0.064088	0.073427	0.061953	0.434692	19752600.000000
2015-09-29	0.003289	0.057950	0.063037	0.052864	0.122853	14166900.000000
2015-09-28	-0.002272	0.055547	0.063560	0.050472	-0.085053	19323100.000000
2015-09-25	0.012005	0.065786	0.083356	0.063083	0.444141	22511300.000000
2015-09-24	0.010062	0.051666	0.070231	0.051393	0.368546	19385700.000000
2015-09-23	-0.000773	0.058218	0.060673	0.051671	-0.028347	8910800.000000
2015-09-22	-0.010207	0.044447	0.052818	0.041747	-0.377998	15021300.000000
2015-09-21	0.005387	0.060118	0.067177	0.057132	0.198444	12935800.000000
2015-09-18	-0.010157	0.044245	0.056068	0.040214	-0.377987	27527300.000000
2015-09-17	0.005875	0.058218	0.070652	0.055245	0.217342	21232500.000000
2015-09-16	0.016883	0.062891	0.077183	0.057393	0.614239	22233400.000000
2015-09-15	0.010499	0.057385	0.072939	0.053218	0.377995	13019800.000000
2015-09-14	-0.000787	0.060716	0.060716	0.050447	-0.028351	8950000.000000
2015-09-11	0.001050	0.055995	0.060996	0.051273	0.037803	11802300.000000
2015-09-10	0.003133	0.067665	0.077140	0.065993	0.112420	14952500.000000
2015-09-09	-0.015424	0.073423	0.075892	0.048179	-0.562111	13764600.000000
2015-09-08	0.009865	0.077084	0.081518	0.069603	0.355999	15273900.000000
2015-09-04	-0.016343	0.054303	0.057301	0.046126	-0.599587	15450500.000000
2015-09-03	0.006684	0.067386	0.079460	0.065740	0.243588	13311600.000000
2015-09-02	0.003871	0.075099	0.076201	0.062152	0.140522	14054800.000000
2015-09-01	-0.014496	0.049741	0.059514	0.046212	-0.534012	23703200.000000
2015-08-31	-0.003295	0.059269	0.067386	0.056834	-0.121792	12673300.000000
2015-08-28	0.004583	0.063037	0.072822	0.061406	0.168629	14503900.000000
2015-08-27	0.013943	0.076481	0.085300	0.063803	0.505909	18871600.000000
2015-08-26	0.019479	0.088739	0.090987	0.064576	0.693290	23523300.000000
2015-08-25	-0.010162	0.088244	0.092416	0.054871	-0.365387	31363700.000000
2015-08-24	-0.029092	0.025803	0.051455	-0.012810	-1.077392	44065300.000000
2015-08-21	-0.025154	0.057120	0.065280	0.040010	-0.955608	28036200.000000
2015-08-20	-0.005640	0.060581	0.068433	0.057963	-0.215477	14218000.000000
2015-08-19	-0.012591	0.063251	0.065836	0.053947	-0.487168	15704800.000000
2015-08-18	-0.001209	0.065579	0.072033	0.063256	-0.046844	11199400.000000
2015-08-17	0.002424	0.061693	0.072561	0.060141	0.093685	8272800.000000
2015-08-14	0.003650	0.065049	0.071282	0.063750	0.140529	9904800.000000
2015-08-13	-0.003878	0.067903	0.070491	0.060919	-0.149898	10270900.000000
2015-08-12	-0.005304	0.058380	0.061725	0.051174	-0.206116	9602200.000000
2015-08-11	-0.004798	0.060215	0.064569	0.054325	-0.187374	11254900.000000
2015-08-10	-0.002155	0.070452	0.073008	0.062531	-0.084316	9501900.000000
2015-08-07	-0.003578	0.064585	0.068659	0.057456	-0.140530	10886700.000000
2015-08-06	-0.004748	0.064345	0.070681	0.060797	-0.187370	11378900.000000
2015-08-05	0.006452	0.069171	0.076823	0.066621	0.252952	15329200.000000
2015-08-04	0.007463	0.066615	0.075866	0.062247	0.290429	17559900.000000
2015-08-03	0.011198	0.061410	0.079598	0.061150	0.430954	14672600.000000
2015-07-31	0.012821	0.075807	0.084755	0.072912	0.487178	15309500.000000
2015-07-30	-0.000739	0.066334	0.071594	0.062127	-0.028106	9095500.000000
2015-07-29	0.000986	0.066860	0.071598	0.065807	0.037472	8479900.000000
2015-07-28	0.000247	0.070282	0.072389	0.064753	0.009372	11021800.000000
2015-07-27	0.002473	0.063163	0.071081	0.059996	0.093689	10945700.000000
2015-07-24	-0.009794	0.065295	0.067125	0.056148	-0.374752	10912500.000000
2015-07-23	-0.001467	0.069735	0.070518	0.056425	-0.056217	13522200.000000
2015-07-22	-0.007040	0.057539	0.077752	0.051838	-0.271687	15528600.000000
2015-07-21	-0.004592	0.067386	0.070997	0.060163	-0.178005	13653800.000000
2015-07-20	0.003152	0.069974	0.074890	0.066610	0.121796	10024200.000000
2015-07-17	-0.005545	0.063011	0.063269	0.056321	-0.215485	9608300.000000
2015-07-16	0.008510	0.074912	0.079583	0.073095	0.327900	10483700.000000
2015-07-15	-0.000971	0.066868	0.072312	0.065571	-0.037468	11252100.000000
2015-07-14	0.012543	0.073686	0.083137	0.072111	0.477799	19531000.000000
2015-07-13	0.006685	0.071879	0.077428	0.070029	0.252956	9854200.000000
2015-07-10	0.011774	0.076745	0.083429	0.073803	0.440334	13360400.000000
2015-07-09	0.001505	0.083453	0.086666	0.068457	0.056206	13305200.000000
2015-07-08	-0.009689	0.060491	0.066856	0.056513	-0.365372	11383700.000000
2015-07-07	0.021055	0.069282	0.093380	0.066845	0.777600	20335000.000000
2015-07-06	-0.001773	0.062791	0.070359	0.060088	-0.065583	10252600.000000
2015-07-02	-0.000253	0.070899	0.075763	0.063333	-0.009372	8975900.000000
2015-07-01	0.006882	0.071467	0.077453	0.068746	0.252952	11177400.000000
2015-06-30	-0.004315	0.073075	0.073075	0.059801	-0.159263	14621300.000000
2015-06-29	-0.015000	0.062049	0.066852	0.051375	-0.562123	15500800.000000
2015-06-26	-0.000500	0.069520	0.076188	0.066853	-0.018734	16215600.000000
2015-06-25	-0.004230	0.069776	0.071370	0.062871	-0.159267	10607600.000000
2015-06-24	-0.004705	0.067122	0.069236	0.062364	-0.178009	10385100.000000
2015-06-23	-0.002470	0.066068	0.068441	0.062903	-0.093685	11094900.000000
2015-06-22	0.001980	0.070292	0.078218	0.068971	0.074947	8775900.000000
2015-06-19	-0.006150	0.065810	0.067386	0.060822	-0.234218	23550600.000000
2015-06-18	0.009436	0.064470	0.079844	0.064470	0.356014	16314600.000000
2015-06-17	0.004741	0.067386	0.073778	0.065522	0.178005	13898400.000000
2015-06-16	0.012377	0.068465	0.082754	0.067656	0.459068	12517400.000000
2015-06-15	-0.009259	0.063913	0.064715	0.056968	-0.346649	11364800.000000
2015-06-12	-0.003491	0.065789	0.067918	0.060465	-0.131157	15568600.000000
2015-06-11	0.002500	0.070321	0.074057	0.068186	0.093682	11944900.000000
2015-06-10	0.003234	0.079404	0.085294	0.078334	0.120800	11979900.000000
2015-06-09	0.000996	0.076460	0.083159	0.074852	0.037170	10772700.000000
2015-06-08	0.001496	0.076192	0.080486	0.074045	0.055752	14339300.000000
2015-06-05	-0.012072	0.073275	0.074336	0.062670	-0.455315	15975600.000000
2015-06-04	-0.006851	0.071979	0.079089	0.067239	-0.260166	10145800.000000
2015-06-03	-0.002928	0.079080	0.081968	0.070678	-0.111511	8148600.000000
2015-06-02	0.001221	0.073563	0.081975	0.069357	0.046463	11878600.000000
2015-06-01	-0.000488	0.086702	0.088015	0.074090	-0.018589	12684100.000000
2015-05-29	-0.004375	0.077238	0.077238	0.066513	-0.167256	19628600.000000
2015-05-28	0.000486	0.078286	0.080903	0.069911	0.018586	9395200.000000
2015-05-27	0.003171	0.074879	0.081706	0.071991	0.120796	9863100.000000
2015-05-26	-0.005338	0.073842	0.075409	0.063918	-0.204422	15194300.000000
2015-05-22	-0.000485	0.073321	0.076453	0.071233	-0.018582	11909500.000000
2015-05-21	-0.002902	0.073850	0.075411	0.068905	-0.111507	9270900.000000
2015-05-20	0.000968	0.077755	0.083486	0.076192	0.037167	10965200.000000
2015-05-19	-0.000242	0.073848	0.078015	0.071243	-0.009293	9072000.000000
2015-05-18	-0.004817	0.075415	0.075415	0.069194	-0.185833	11511700.000000
2015-05-15	0.000482	0.074895	0.081119	0.074377	0.018581	8479000.000000
2015-05-14	0.010962	0.082746	0.090611	0.081698	0.418141	9961000.000000
2015-05-13	0.008847	0.077779	0.093913	0.076985	0.334511	13183700.000000
2015-05-12	-0.006106	0.071723	0.076718	0.065151	-0.232300	12384500.000000
2015-05-11	-0.000976	0.076192	0.086959	0.073566	-0.037171	10113500.000000
2015-05-08	0.006880	0.084125	0.088620	0.080158	0.260178	11144400.000000
2015-05-07	0.000984	0.072751	0.082809	0.072222	0.037167	13834700.000000
2015-05-06	-0.002209	0.083851	0.085171	0.066684	-0.083634	11906900.000000
2015-05-05	-0.005127	0.080921	0.080921	0.068835	-0.195129	11721300.000000
2015-05-04	0.001222	0.075403	0.081190	0.072509	0.046455	10204800.000000
2015-05-01	0.008629	0.076723	0.086009	0.074600	0.325226	10848300.000000
2015-04-30	0.001729	0.073800	0.078584	0.070610	0.065041	12700800.000000
2015-04-29	-0.006868	0.073288	0.075664	0.066425	-0.260174	11371400.000000
2015-04-28	-0.001469	0.079355	0.079882	0.070130	-0.055748	12174800.000000
2015-04-27	-0.001467	0.079087	0.083035	0.073297	-0.055744	10044600.000000
2015-04-24	-0.001465	0.078557	0.080660	0.072513	-0.055760	11623300.000000
2015-04-23	-0.008715	0.074108	0.078797	0.066032	-0.334514	17408800.000000
2015-04-22	0.012996	0.096776	0.097040	0.083845	0.492473	26887200.000000
2015-04-21	0.002951	0.076457	0.084926	0.073016	0.111508	19673100.000000
2015-04-20	0.008933	0.079396	0.092215	0.079129	0.334514	13023700.000000
2015-04-17	-0.007389	0.072746	0.077782	0.062938	-0.278759	15330300.000000
2015-04-16	0.004950	0.076458	0.088446	0.073528	0.185833	13121000.000000
2015-04-15	-0.002715	0.078317	0.084162	0.071144	-0.102207	11189100.000000
2015-04-14	-0.004668	0.073283	0.074870	0.066144	-0.176548	11209700.000000
2015-04-13	-0.004403	0.078561	0.078561	0.071453	-0.167259	9616300.000000
2015-04-10	-0.004141	0.077241	0.079076	0.070949	-0.157959	8720000.000000
2015-04-09	0.003913	0.073823	0.081193	0.069349	0.148678	12710900.000000
2015-04-08	-0.002926	0.075405	0.078291	0.069107	-0.111512	8954700.000000
2015-04-07	-0.003886	0.073055	0.081420	0.070964	-0.148674	9773400.000000
2015-04-06	0.012045	0.078573	0.100795	0.073811	0.455311	19843400.000000
2015-04-02	0.000000	0.077515	0.081218	0.070901	0.000000	14343100.000000
2015-04-01	0.003206	0.082562	0.083092	0.067699	0.120796	14300700.000000
2015-03-31	0.000987	0.076192	0.086553	0.071941	0.037167	16604800.000000
2015-03-30	0.010728	0.076997	0.090423	0.072433	0.399555	12561400.000000
2015-03-27	-0.006691	0.079659	0.079659	0.066057	-0.250881	14384400.000000
2015-03-26	-0.002472	0.073265	0.079119	0.070339	-0.092918	17359600.000000
2015-03-25	-0.000494	0.079383	0.082308	0.070076	-0.018589	22811300.000000
2015-03-24	-0.003693	0.083875	0.085995	0.072218	-0.139382	13485700.000000
2015-03-23	-0.000738	0.075927	0.083870	0.072221	-0.027870	17060500.000000
2015-03-20	0.015742	0.077536	0.093402	0.075923	0.585392	31608500.000000
2015-03-19	-0.014286	0.073011	0.074071	0.059227	-0.538933	16057600.000000
2015-03-18	0.002222	0.075395	0.083631	0.057330	0.083626	26247500.000000
2015-03-17	0.005460	0.086342	0.087945	0.076993	0.204426	21661800.000000
2015-03-16	0.009521	0.078619	0.088057	0.078349	0.353092	15238800.000000
2015-03-13	-0.016268	0.072743	0.076192	0.050726	-0.613274	17438400.000000
2015-03-12	0.020116	0.085122	0.097840	0.082957	0.743370	17728700.000000
2015-03-11	-0.014500	0.086189	0.086189	0.068854	-0.543724	18549700.000000
2015-03-10	-0.016912	0.077519	0.078830	0.066508	-0.645084	14599100.000000
2015-03-09	-0.003131	0.085383	0.085906	0.079895	-0.119808	10123300.000000
2015-03-06	-0.020755	0.077956	0.080003	0.057738	-0.810971	18180500.000000
2015-03-05	-0.002353	0.086654	0.087930	0.078739	-0.092155	9223000.000000
2015-03-04	-0.010477	0.084364	0.085880	0.072995	-0.414692	16263000.000000
2015-03-03	-0.005787	0.082861	0.084117	0.076079	-0.230400	10036300.000000
2015-03-02	-0.002309	0.085122	0.085122	0.079609	-0.092144	13514600.000000
2015-02-27	0.019783	0.086655	0.115789	0.085377	0.774101	28312800.000000
2015-02-26	0.009750	0.084864	0.098025	0.083057	0.377835	14346500.000000
2015-02-25	-0.001899	0.086152	0.087955	0.075077	-0.073719	10323300.000000
2015-02-24	0.006691	0.085122	0.097568	0.083048	0.258037	12782700.000000
2015-02-23	-0.002859	0.078400	0.090293	0.077882	-0.110592	11830300.000000
2015-02-20	-0.003325	0.083318	0.085122	0.073011	-0.129013	15982400.000000
2015-02-19	0.009106	0.083822	0.098384	0.079921	0.350193	16578300.000000
2015-02-18	-0.001913	0.083565	0.084862	0.076298	-0.073726	9789800.000000
2015-02-17	-0.004287	0.080470	0.082279	0.076077	-0.165883	12804200.000000
2015-02-13	-0.004268	0.081262	0.086666	0.074572	-0.165878	10792100.000000
2015-02-12	-0.004720	0.085890	0.092549	0.077439	-0.184311	13818200.000000
2015-02-11	-0.000708	0.077444	0.087425	0.067207	-0.027653	20496300.000000
2015-02-10	0.028377	0.129337	0.132496	0.110651	1.078221	32184200.000000
2015-02-09	-0.005308	0.083289	0.085122	0.074388	-0.202744	13371100.000000
2015-02-06	-0.008136	0.080967	0.084343	0.072918	-0.313327	12366400.000000
2015-02-05	0.002639	0.088246	0.088767	0.080696	0.101371	11078500.000000
2015-02-04	0.001201	0.088771	0.097112	0.084861	0.046078	16400000.000000
2015-02-03	0.000962	0.089297	0.091906	0.079382	0.036869	13193100.000000
2015-02-02	0.010202	0.086176	0.097246	0.078006	0.387051	15197500.000000
2015-01-30	-0.022090	0.078163	0.080740	0.059605	-0.857048	19193700.000000
2015-01-29	0.004294	0.081239	0.091076	0.073473	0.165882	13657900.000000
2015-01-28	-0.011088	0.090242	0.095617	0.072579	-0.433136	14278500.000000
2015-01-27	-0.014186	0.073514	0.076037	0.063672	-0.562149	15274000.000000
2015-01-26	-0.007158	0.081865	0.083118	0.073096	-0.285679	11151900.000000
2015-01-23	-0.010736	0.080660	0.084378	0.070250	-0.433132	12357700.000000
2015-01-22	0.009686	0.085372	0.096884	0.077864	0.387054	14709100.000000
2015-01-21	0.004634	0.078333	0.091910	0.075065	0.184307	10720600.000000
2015-01-20	0.014813	0.089459	0.105534	0.087163	0.580590	17047300.000000
2015-01-16	0.003539	0.084610	0.090499	0.081537	0.138225	15114900.000000
2015-01-15	-0.004229	0.092006	0.092771	0.075178	-0.165878	11193100.000000
2015-01-14	-0.001642	0.071122	0.084358	0.070867	-0.064511	13443900.000000
2015-01-13	-0.000235	0.089957	0.100391	0.080287	-0.009216	12529500.000000
2015-01-12	-0.009063	0.086131	0.089409	0.070748	-0.359405	11415800.000000
2015-01-09	-0.011032	0.084124	0.086369	0.071156	-0.442345	12733500.000000
2015-01-08	0.012096	0.089918	0.099762	0.087898	0.479206	21743600.000000
2015-01-07	0.012482	0.093811	0.101733	0.088189	0.488426	13412300.000000
2015-01-06	0.007594	0.092074	0.105722	0.087697	0.294892	16897500.000000
2015-01-05	0.000000	0.099284	0.106495	0.083577	0.000000	26292600.000000
2015-01-02	-0.001895	0.086150	0.089748	0.074327	-0.073719	9921100.000000
2014-12-31	-0.012629	0.089182	0.089690	0.071418	-0.497639	9369500.000000
2014-12-30	-0.002333	0.082084	0.088413	0.079805	-0.092156	9222000.000000
2014-12-29	-0.002328	0.081080	0.087648	0.073250	-0.092159	8694500.000000
2014-12-26	0.000466	0.085880	0.094219	0.084869	0.018437	6466900.000000
2014-12-24	-0.000698	0.088405	0.091688	0.083859	-0.027646	6405900.000000
2014-12-23	0.014640	0.089990	0.105364	0.088197	0.571370	13411300.000000
2014-12-22	0.009535	0.090037	0.097797	0.088743	0.368618	11190900.000000
2014-12-19	-0.010380	0.086402	0.095361	0.072323	-0.405491	24009500.000000
2014-12-18	0.020217	0.093218	0.107059	0.090345	0.774112	18030700.000000
2014-12-17	0.028720	0.086465	0.121928	0.084853	1.069001	20223900.000000
2014-12-16	-0.004437	0.075226	0.104915	0.064527	-0.165879	23475400.000000
2014-12-15	-0.008311	0.090957	0.092283	0.075838	-0.313331	23378500.000000
2014-12-12	-0.014929	0.081464	0.087212	0.067877	-0.571358	18432400.000000
2014-12-11	-0.001683	0.085644	0.095817	0.082514	-0.064510	16201500.000000
2014-12-10	-0.010466	0.085122	0.090284	0.072732	-0.405487	18324100.000000
2014-12-09	-0.025498	0.060220	0.069778	0.048146	-1.013710	25714600.000000
2014-12-08	-0.008959	0.084623	0.087615	0.074153	-0.359410	12802300.000000
2014-12-05	0.000690	0.085122	0.087866	0.077638	0.027649	12536900.000000
2014-12-04	-0.006849	0.080663	0.086113	0.074469	-0.276462	13779700.000000
2014-12-03	-0.016615	0.082198	0.082685	0.066119	-0.681961	15246500.000000
2014-12-02	-0.000224	0.080738	0.088045	0.077328	-0.009209	9878100.000000
2014-12-01	-0.006246	0.069388	0.083669	0.068178	-0.258041	10065700.000000
2014-11-28	0.012193	0.081692	0.102517	0.081692	0.497646	10502000.000000
2014-11-26	0.003739	0.081802	0.091147	0.081310	0.152058	9199200.000000
2014-11-25	0.003614	0.092622	0.100520	0.088920	0.146434	10741700.000000
2014-11-24	-0.005169	0.092868	0.099497	0.085256	-0.210506	12890800.000000
2014-11-21	0.005650	0.100771	0.104721	0.093363	0.228805	14382700.000000
2014-11-20	0.000679	0.086198	0.097564	0.083480	0.027462	13465400.000000
2014-11-19	0.015851	0.096136	0.115213	0.093375	0.631505	25402300.000000
2014-11-18	0.014213	0.093386	0.116552	0.088295	0.558296	26143000.000000
2014-11-17	0.004447	0.093134	0.099271	0.092623	0.173893	10664000.000000
2014-11-14	-0.001402	0.090324	0.097219	0.085218	-0.054913	10939500.000000
2014-11-13	0.001873	0.091088	0.102088	0.090576	0.073219	12007700.000000
2014-11-12	0.004705	0.092622	0.102390	0.087482	0.183045	12768800.000000
2014-11-11	0.002831	0.092365	0.100871	0.091849	0.109825	8563700.000000
2014-11-10	0.001654	0.090815	0.099077	0.086684	0.064072	9088900.000000
2014-11-07	0.000709	0.096756	0.097015	0.088747	0.027450	11803800.000000
2014-11-06	-0.000473	0.095721	0.100628	0.087458	-0.018307	11528800.000000
2014-11-05	0.011717	0.105163	0.111434	0.097064	0.448460	20676800.000000
2014-11-04	0.000239	0.091577	0.098894	0.088702	0.009152	10105300.000000
2014-11-03	-0.001671	0.090274	0.103058	0.085056	-0.064064	13230600.000000
2014-10-31	0.011594	0.103971	0.105554	0.092622	0.439312	18477700.000000
2014-10-30	0.010742	0.093689	0.109428	0.089154	0.402694	18295600.000000
2014-10-29	0.009862	0.095047	0.105284	0.091545	0.366101	25761800.000000
2014-10-28	-0.004907	0.092622	0.095303	0.085921	-0.183045	18658700.000000
2014-10-27	-0.006581	0.083834	0.089427	0.080106	-0.247120	17222500.000000
2014-10-24	0.004161	0.095831	0.103586	0.094227	0.155594	13396000.000000
2014-10-23	0.005909	0.101230	0.113066	0.095851	0.219662	23346800.000000
2014-10-22	-0.001475	0.079462	0.104172	0.077044	-0.054920	27728200.000000
2014-10-21	-0.060291	0.029776	0.039619	0.016146	-2.388749	55953500.000000
2014-10-20	0.009561	0.089310	0.107656	0.088291	0.375241	17647800.000000
2014-10-17	0.007519	0.095960	0.104689	0.086204	0.292877	23236000.000000
2014-10-16	-0.015499	0.077963	0.085293	0.071139	-0.613205	22519200.000000
2014-10-15	-0.009395	0.069087	0.089868	0.069087	-0.375248	22988600.000000
2014-10-14	-0.009757	0.091878	0.093862	0.077747	-0.393551	21027400.000000
2014-10-13	-0.008995	0.087954	0.096553	0.081811	-0.366093	20175200.000000
2014-10-10	0.013677	0.092872	0.117528	0.092124	0.549149	25920800.000000
2014-10-09	-0.015264	0.089925	0.097528	0.075945	-0.622356	25029300.000000
2014-10-08	0.014344	0.084164	0.108544	0.082423	0.576591	26115600.000000
2014-10-07	0.007339	0.089615	0.106155	0.089615	0.292873	24936600.000000
2014-10-06	0.013954	0.093385	0.109901	0.091860	0.549141	20328100.000000
2014-10-03	0.007970	0.097745	0.103124	0.092623	0.311181	14046300.000000
2014-10-02	-0.001872	0.089043	0.093645	0.084442	-0.073224	16643200.000000
2014-10-01	0.001875	0.089805	0.097489	0.085195	0.073224	30409700.000000
2014-09-30	0.009704	0.088743	0.107104	0.088226	0.375236	22613700.000000
2014-09-29	0.001185	0.084855	0.094176	0.084337	0.045765	12441100.000000
2014-09-26	0.010053	0.098376	0.104914	0.090792	0.384396	9939600.000000
2014-09-25	-0.011592	0.087194	0.090038	0.079698	-0.448460	11076300.000000
2014-09-24	0.009071	0.091579	0.104360	0.091579	0.347790	13540900.000000
2014-09-23	-0.007816	0.086929	0.091070	0.083823	-0.302037	10251300.000000
2014-09-22	0.004043	0.087426	0.097819	0.084308	0.155598	11518100.000000
2014-09-19	0.006221	0.097590	0.107264	0.091577	0.237953	47559700.000000
2014-09-18	0.004326	0.096299	0.099712	0.091047	0.164746	12586400.000000
2014-09-17	-0.000721	0.096034	0.096296	0.084226	-0.027459	16693800.000000
2014-09-16	0.003373	0.087094	0.100521	0.084197	0.128132	15232800.000000
2014-09-15	0.000965	0.092359	0.095785	0.089197	0.036614	12259600.000000
2014-09-12	-0.011681	0.091320	0.091841	0.077255	-0.448467	12966800.000000
2014-09-11	0.002030	0.087794	0.097712	0.087272	0.077793	19614000.000000
2014-09-10	0.005484	0.099533	0.107143	0.097696	0.208984	17558000.000000
2014-09-09	0.003829	0.100319	0.107168	0.099792	0.145370	11892500.000000
2014-09-08	-0.001434	0.096111	0.103213	0.095058	-0.054515	9097700.000000
2014-09-05	-0.000716	0.100320	0.100320	0.093748	-0.027256	12768100.000000
2014-09-04	0.002154	0.101109	0.110856	0.099265	0.081771	16785300.000000
2014-09-03	0.003362	0.101904	0.106133	0.101111	0.127217	8635400.000000
2014-09-02	-0.001918	0.095306	0.103748	0.089766	-0.072701	9798100.000000
2014-08-29	0.002162	0.099789	0.103755	0.096353	0.081784	7666700.000000
2014-08-28	0.000721	0.098201	0.103228	0.096350	0.027256	9746400.000000
2014-08-27	0.000000	0.098731	0.103493	0.096350	0.000000	7693100.000000
2014-08-26	0.004588	0.100583	0.108290	0.100583	0.172634	8416500.000000
2014-08-25	0.007053	0.105936	0.109415	0.100583	0.263500	10229300.000000
2014-08-22	-0.007003	0.097393	0.103506	0.091015	-0.263500	11244600.000000
2014-08-21	0.003879	0.101650	0.112322	0.099782	0.145374	11951000.000000
2014-08-20	-0.000242	0.097648	0.102716	0.096048	-0.009083	6782500.000000
2014-08-19	-0.002177	0.100582	0.104043	0.095525	-0.081775	10260400.000000
2014-08-18	0.011497	0.098159	0.115120	0.098159	0.427044	14891500.000000
2014-08-15	0.017422	0.118935	0.127152	0.113730	0.636032	23221600.000000
2014-08-14	0.006009	0.100307	0.107472	0.100307	0.218071	6902000.000000
2014-08-13	0.006552	0.101137	0.112232	0.101137	0.236236	9638900.000000
2014-08-12	0.002780	0.100304	0.108092	0.099748	0.099941	13297500.000000
2014-08-11	0.003042	0.102536	0.112300	0.102536	0.109040	14102600.000000
2014-08-08	0.002541	0.100303	0.107016	0.098065	0.090858	13667000.000000
2014-08-07	-0.014279	0.101685	0.103064	0.084317	-0.517906	14367400.000000
2014-08-06	0.018887	0.099178	0.122493	0.099178	0.672371	17567500.000000
2014-08-05	-0.005584	0.098906	0.104214	0.092202	-0.199898	11639200.000000
2014-08-04	0.002800	0.103944	0.105345	0.095821	0.099949	11012900.000000
2014-08-01	0.000000	0.096101	0.106185	0.094140	0.000000	13566700.000000
2014-07-31	-0.008329	0.098082	0.103638	0.090304	-0.299843	15434700.000000
2014-07-30	-0.018092	0.103310	0.104674	0.080399	-0.663280	20346200.000000
2014-07-29	-0.008112	0.102476	0.103288	0.091654	-0.299847	10863600.000000
2014-07-28	-0.007805	0.100314	0.100582	0.090114	-0.290756	11709100.000000
2014-07-25	0.000732	0.099239	0.102463	0.096284	0.027260	10809900.000000
2014-07-24	0.003921	0.104897	0.108403	0.096537	0.145378	14856000.000000
2014-07-23	-0.009225	0.094971	0.096842	0.085620	-0.345268	17531700.000000
2014-07-22	-0.028538	0.066838	0.072808	0.054119	-1.099423	24706000.000000
2014-07-21	-0.000707	0.092542	0.104214	0.091763	-0.027252	17607200.000000
2014-07-18	0.009757	0.103725	0.112369	0.100582	0.372520	19272400.000000
2014-07-17	-0.002374	0.095618	0.101367	0.093005	-0.090851	9983500.000000
2014-07-16	0.000475	0.104765	0.108164	0.098491	0.018170	10331400.000000
2014-07-15	-0.006607	0.101362	0.101881	0.089416	-0.254414	10541900.000000
2014-07-14	0.009769	0.101107	0.111596	0.100845	0.372525	11857700.000000
2014-07-11	-0.006862	0.096937	0.100322	0.090686	-0.263489	9773000.000000
2014-07-10	0.007390	0.090351	0.109503	0.090088	0.281673	12564500.000000
2014-07-09	0.000238	0.100320	0.106356	0.096646	0.009083	9891600.000000
2014-07-08	-0.004746	0.096143	0.103455	0.094576	-0.181725	10090500.000000
2014-07-07	-0.002131	0.093546	0.099801	0.092764	-0.081771	8991900.000000
2014-07-03	-0.001419	0.099802	0.101363	0.093296	-0.054520	7537700.000000
2014-07-02	0.000000	0.101103	0.103705	0.096939	0.000000	6707000.000000
2014-07-01	-0.001653	0.101362	0.102921	0.095126	-0.063606	11497700.000000
2014-06-30	0.004030	0.095105	0.108409	0.090931	0.154476	14058700.000000
2014-06-27	0.003807	0.099535	0.107391	0.097440	0.145367	18674400.000000
2014-06-26	0.001668	0.099271	0.102943	0.095861	0.063610	16903300.000000
2014-06-25	0.002628	0.094008	0.104001	0.090326	0.099945	17621800.000000
2014-06-24	0.002876	0.095044	0.104802	0.093725	0.109031	14962800.000000
2014-06-23	0.000959	0.094511	0.101903	0.091079	0.036343	13099300.000000
2014-06-20	-0.002393	0.102689	0.102953	0.093735	-0.090866	23402600.000000
2014-06-19	0.005534	0.100053	0.108792	0.099788	0.208984	13275200.000000
2014-06-18	0.015640	0.097086	0.118065	0.096010	0.581517	18518200.000000
2014-06-17	0.006394	0.114658	0.115199	0.099229	0.236232	26926600.000000
2014-06-16	0.007184	0.095675	0.111487	0.094585	0.263497	12878200.000000
2014-06-13	-0.001237	0.099766	0.103578	0.095954	-0.045422	9194600.000000
2014-06-12	-0.003329	0.096647	0.103975	0.095562	-0.122673	11583600.000000
2014-06-11	-0.005113	0.106430	0.108590	0.101300	-0.189384	9648600.000000
2014-06-10	0.003911	0.106962	0.115365	0.106149	0.144294	9168600.000000
2014-06-09	-0.001952	0.105072	0.111565	0.105072	-0.072143	7316400.000000
2014-06-06	0.002445	0.110215	0.113470	0.107504	0.090179	8760600.000000
2014-06-05	0.002452	0.107228	0.114568	0.104510	0.090180	10131700.000000
2014-06-04	-0.002201	0.109673	0.109945	0.104248	-0.081158	7864700.000000
2014-06-03	0.000489	0.105060	0.112659	0.104789	0.018032	10493100.000000
2014-06-02	-0.001222	0.104523	0.108317	0.102625	-0.045090	7472100.000000
2014-05-30	0.006149	0.105587	0.115950	0.104224	0.225460	10446100.000000
2014-05-29	0.001971	0.111592	0.116784	0.109406	0.072132	9867100.000000
2014-05-28	-0.004660	0.106956	0.112123	0.102332	-0.171337	7536700.000000
2014-05-27	0.004682	0.108313	0.115417	0.106127	0.171337	11282900.000000
2014-05-23	0.000000	0.110226	0.112138	0.107493	0.000000	6255200.000000
2014-05-22	-0.007095	0.106147	0.108046	0.099635	-0.261512	8430400.000000
2014-05-21	0.007146	0.108039	0.117057	0.106673	0.261512	8607300.000000
2014-05-20	-0.003193	0.111311	0.114852	0.105046	-0.117225	9639500.000000
2014-05-19	-0.004402	0.100995	0.104521	0.096114	-0.162331	7559500.000000
2014-05-16	0.009131	0.108860	0.119532	0.106944	0.333676	13823900.000000
2014-05-15	-0.009049	0.101538	0.110758	0.096656	-0.333676	12379200.000000
2014-05-14	-0.005351	0.106432	0.110748	0.101307	-0.198402	10036100.000000
2014-05-13	0.007104	0.109131	0.119726	0.108860	0.261535	11579600.000000
2014-05-12	-0.001223	0.109131	0.111573	0.103976	-0.045089	8906000.000000
2014-05-09	0.003437	0.110221	0.114849	0.108315	0.126259	8516400.000000
2014-05-08	-0.004400	0.107233	0.110215	0.101812	-0.162339	8538700.000000
2014-05-07	0.010373	0.114611	0.122005	0.112694	0.378769	11115600.000000
2014-05-06	-0.006624	0.102330	0.106139	0.100426	-0.243496	9359900.000000
2014-05-05	-0.004640	0.100736	0.108318	0.098028	-0.171352	10163500.000000
2014-05-02	0.004169	0.109132	0.113754	0.104781	0.153320	14197000.000000
2014-05-01	-0.000245	0.108859	0.109131	0.094452	-0.009025	15385800.000000
2014-04-30	0.005423	0.112140	0.117333	0.109406	0.198410	12362000.000000
2014-04-29	-0.011211	0.107238	0.108860	0.095077	-0.414841	18928400.000000
2014-04-28	0.000488	0.103722	0.116160	0.101559	0.018036	20736700.000000
2014-04-25	0.007617	0.102321	0.117305	0.101776	0.279564	16811400.000000
2014-04-24	-0.000736	0.108043	0.113216	0.101509	-0.027046	11392600.000000
2014-04-23	0.000491	0.108587	0.111583	0.104774	0.018028	12072500.000000
2014-04-22	-0.000981	0.104234	0.109132	0.099880	-0.036068	17404900.000000
2014-04-21	0.000737	0.102052	0.109949	0.098784	0.027054	12630900.000000
2014-04-17	0.003203	0.104489	0.112411	0.099571	0.117229	18547100.000000
2014-04-16	0.010204	0.107204	0.120175	0.107204	0.369759	21919900.000000
2014-04-15	0.037438	0.140353	0.158677	0.130905	1.307640	47529200.000000
2014-04-14	0.002589	0.111156	0.113739	0.102258	0.090187	19389800.000000
2014-04-11	-0.006685	0.107149	0.118269	0.099736	-0.234470	18084200.000000
2014-04-10	-0.002565	0.108575	0.120520	0.104025	-0.090188	21025700.000000
2014-04-09	0.002314	0.107149	0.111425	0.103158	0.081162	12031400.000000
2014-04-08	0.007250	0.110295	0.116899	0.104840	0.252518	14769900.000000
2014-04-07	0.010466	0.110310	0.128298	0.110020	0.360729	17295700.000000
2014-04-04	0.003940	0.113811	0.120802	0.110899	0.135277	15453600.000000
2014-04-03	-0.006783	0.110595	0.113488	0.100470	-0.234482	18114000.000000
2014-04-02	-0.002083	0.111169	0.112613	0.105684	-0.072144	15709100.000000
2014-04-01	-0.006466	0.105131	0.115457	0.098821	-0.225452	20515700.000000
2014-03-31	-0.007445	0.109999	0.111137	0.094910	-0.261528	24489800.000000
2014-03-28	0.003348	0.110859	0.114858	0.108859	0.117226	11502100.000000
2014-03-27	0.005439	0.105988	0.120060	0.105126	0.189392	13031500.000000
2014-03-26	-0.000259	0.110870	0.118048	0.108573	-0.009018	15835500.000000
2014-03-25	0.005729	0.111459	0.120410	0.110592	0.198402	16898900.000000
2014-03-24	-0.001041	0.110014	0.111456	0.102225	-0.036076	15693000.000000
2014-03-21	-0.000260	0.118376	0.119818	0.103957	-0.009025	19189100.000000
2014-03-20	0.008128	0.107988	0.118454	0.103336	0.279579	13228000.000000
2014-03-19	-0.006771	0.107705	0.114346	0.100197	-0.234478	20882200.000000
2014-03-18	0.003397	0.108860	0.114365	0.105093	0.117233	16880400.000000
2014-03-17	0.002620	0.108860	0.114670	0.105374	0.090184	19203000.000000
2014-03-14	0.005267	0.108275	0.119081	0.106231	0.180362	14687200.000000
2014-03-13	-0.012997	0.108283	0.109436	0.093006	-0.450908	18302800.000000
2014-03-12	-0.000649	0.102379	0.109004	0.100650	-0.022545	15673700.000000
2014-03-11	0.003881	0.123139	0.123139	0.114464	0.134208	13812100.000000
2014-03-10	0.002594	0.117645	0.120544	0.114456	0.089470	14540800.000000
2014-03-07	0.002080	0.120260	0.121713	0.114450	0.071583	17047600.000000
2014-03-06	0.003129	0.119103	0.123474	0.115314	0.107376	14700000.000000
2014-03-05	0.001044	0.120854	0.121730	0.115895	0.035782	14367400.000000
2014-03-04	0.004984	0.124096	0.125561	0.120870	0.170002	20425200.000000
2014-03-03	-0.002094	0.108283	0.116475	0.107405	-0.071583	18683400.000000
2014-02-28	0.003415	0.117939	0.127040	0.116765	0.116318	15763200.000000
2014-02-27	0.005281	0.116760	0.124729	0.115580	0.178955	18423400.000000
2014-02-26	0.002647	0.121492	0.122676	0.116166	0.089470	18195100.000000
2014-02-25	0.007200	0.121520	0.130759	0.117645	0.241577	22845500.000000
2014-02-24	0.008607	0.121252	0.130270	0.118848	0.286312	24223500.000000
2014-02-21	-0.003217	0.126335	0.127234	0.112851	-0.107364	19419800.000000
2014-02-20	0.005391	0.116440	0.130298	0.111319	0.178943	22639900.000000
2014-02-19	-0.009875	0.118540	0.121523	0.105118	-0.331051	26645100.000000
2014-02-18	-0.037503	0.090372	0.094104	0.069701	-1.306316	46098500.000000
2014-02-14	0.007244	0.116199	0.128345	0.106657	0.250526	16030100.000000
2014-02-13	0.003636	0.106617	0.124901	0.106617	0.125268	10435600.000000
2014-02-12	-0.003365	0.123719	0.125744	0.110703	-0.116322	10633400.000000
2014-02-11	0.001815	0.120543	0.123731	0.115907	0.062641	15361300.000000
2014-02-10	0.016337	0.121179	0.137377	0.114406	0.554733	20877200.000000
2014-02-07	-0.002104	0.121759	0.127049	0.112943	-0.071586	20389000.000000
2014-02-06	0.011167	0.151820	0.157169	0.126857	0.375797	22661500.000000
2014-02-05	0.003468	0.117944	0.124802	0.114663	0.116314	13665200.000000
2014-02-04	0.007527	0.124856	0.128161	0.117946	0.250526	17759700.000000
2014-02-03	-0.016393	0.123556	0.123556	0.096368	-0.554737	23164900.000000
2014-01-31	-0.009169	0.111204	0.117353	0.104469	-0.313156	16185000.000000
2014-01-30	0.007124	0.120594	0.132685	0.120594	0.241574	13662000.000000
2014-01-29	-0.024955	0.109019	0.109019	0.087454	-0.867894	23776100.000000
2014-01-28	0.003615	0.118799	0.127745	0.114471	0.125256	8915500.000000
2014-01-27	-0.002832	0.117070	0.121674	0.113904	-0.098419	14601900.000000
2014-01-24	-0.010193	0.113088	0.117930	0.105683	-0.357884	16507500.000000
2014-01-23	-0.016541	0.109522	0.110363	0.095797	-0.590526	14828100.000000
2014-01-22	-0.000501	0.119605	0.122405	0.112886	-0.017899	9841700.000000
2014-01-21	0.016293	0.127889	0.135855	0.124759	0.572632	17579000.000000
2014-01-17	-0.010829	0.117927	0.118771	0.105543	-0.384747	13992700.000000
2014-01-16	-0.001257	0.118207	0.119332	0.112585	-0.044735	11063100.000000
2014-01-15	0.001764	0.121588	0.124685	0.114548	0.062634	12844900.000000
2014-01-14	0.004048	0.120755	0.128672	0.119059	0.143158	12801100.000000
2014-01-13	-0.014951	0.114025	0.117645	0.100099	-0.536842	14091900.000000
2014-01-10	0.010068	0.124115	0.133398	0.122427	0.357887	13290000.000000
2014-01-09	-0.005258	0.117925	0.119324	0.105892	-0.187882	14070200.000000
2014-01-08	-0.011141	0.119029	0.119029	0.102149	-0.402633	15339600.000000
2014-01-07	0.002980	0.123473	0.130134	0.118200	0.107361	11872300.000000
2014-01-06	-0.004696	0.118198	0.121236	0.109358	-0.169991	11036300.000000
2014-01-03	-0.004919	0.118195	0.119569	0.109124	-0.178955	10403400.000000
2014-01-02	-0.015735	0.112505	0.115481	0.096001	-0.581581	12698600.000000
2013-12-31	0.005354	0.118733	0.125805	0.114653	0.196850	11729200.000000
2013-12-30	0.010575	0.120669	0.130839	0.120394	0.384731	10927500.000000
2013-12-27	0.004199	0.123166	0.125926	0.118749	0.152107	6762200.000000
2013-12-26	0.007465	0.118479	0.127378	0.116255	0.268421	8588300.000000
2013-12-24	0.000747	0.117924	0.121820	0.115976	0.026852	4783800.000000
2013-12-23	0.002997	0.119320	0.123228	0.112900	0.107365	10943200.000000
2013-12-20	0.004516	0.119328	0.126898	0.117365	0.161049	22237200.000000
2013-12-19	-0.003998	0.116249	0.119879	0.104799	-0.143162	14791800.000000
2013-12-18	0.023530	0.122219	0.145658	0.114787	0.823169	23884500.000000
2013-12-17	-0.004329	0.113376	0.117076	0.106261	-0.152103	17655700.000000
2013-12-16	0.001019	0.124198	0.127332	0.116791	0.035778	14562100.000000
2013-12-13	0.000510	0.125056	0.129902	0.117645	0.017895	14037400.000000
2013-12-12	-0.022925	0.113746	0.119873	0.091187	-0.823158	19817700.000000
2013-12-11	0.007026	0.120450	0.131388	0.118767	0.250526	14963500.000000
2013-12-10	-0.013614	0.113772	0.114602	0.099663	-0.492100	15967800.000000
2013-12-09	-0.001483	0.115988	0.118750	0.110463	-0.053684	12237100.000000
2013-12-06	0.015817	0.123818	0.136446	0.123818	0.563679	12557100.000000
2013-12-05	-0.013376	0.115154	0.118476	0.101865	-0.483158	18171200.000000
2013-12-04	0.000496	0.113491	0.120969	0.106289	0.017898	13196100.000000
2013-12-03	0.006736	0.116809	0.126290	0.115693	0.241573	16592300.000000
2013-12-02	-0.002737	0.115142	0.117923	0.105409	-0.098419	16738800.000000
2013-11-29	0.000000	0.119870	0.125710	0.115420	0.000000	8641100.000000
2013-11-27	0.005504	0.121001	0.129110	0.109816	0.196846	9909100.000000
2013-11-26	-0.002972	0.128820	0.131887	0.121851	-0.106620	14240400.000000
2013-11-25	-0.001484	0.126866	0.138002	0.122691	-0.053315	14059100.000000
2013-11-22	0.000000	0.122969	0.126310	0.116010	0.000000	26396500.000000
2013-11-21	0.009236	0.129408	0.137555	0.126598	0.328751	26364300.000000
2013-11-20	-0.001993	0.122951	0.134167	0.119867	-0.071076	14422500.000000
2013-11-19	-0.000747	0.124634	0.127156	0.118470	-0.026660	11014800.000000
2013-11-18	-0.001243	0.126034	0.126034	0.119318	-0.044426	9553900.000000
2013-11-15	0.000249	0.124075	0.128553	0.118477	0.008884	12021500.000000
2013-11-14	0.002243	0.124633	0.134452	0.122950	0.079971	10887200.000000
2013-11-13	0.006018	0.123781	0.132248	0.118984	0.213238	11770500.000000
2013-11-12	0.000251	0.126604	0.128862	0.118417	0.008888	10509200.000000
2013-11-11	-0.004494	0.124350	0.125475	0.117606	-0.159935	9567800.000000
2013-11-08	0.005523	0.122932	0.131691	0.115867	0.195473	11903600.000000
2013-11-07	-0.005493	0.126318	0.131095	0.117325	-0.195473	16233200.000000
2013-11-06	0.013924	0.128894	0.145990	0.123195	0.488682	17198000.000000
2013-11-05	-0.000253	0.121202	0.129178	0.117214	-0.008880	10575000.000000
2013-11-04	-0.002525	0.128316	0.131157	0.116666	-0.088856	10252100.000000
2013-11-01	0.001011	0.125475	0.129741	0.118648	0.035541	12430400.000000
2013-10-31	-0.001262	0.122350	0.132292	0.122350	-0.044426	14853500.000000
2013-10-30	-0.004523	0.127737	0.128020	0.117274	-0.159935	12360000.000000
2013-10-29	0.004797	0.124338	0.135419	0.118087	0.168820	14199600.000000
2013-10-28	0.014860	0.125186	0.145948	0.124321	0.515339	16552100.000000
2013-10-25	0.005928	0.126635	0.135047	0.120543	0.204353	14383400.000000
2013-10-24	-0.007419	0.127202	0.133536	0.115973	-0.257671	17143800.000000
2013-10-23	0.000000	0.125187	0.130081	0.117125	0.000000	12591800.000000
2013-10-22	0.006955	0.126634	0.137941	0.121706	0.239906	17110200.000000
2013-10-21	0.001032	0.130408	0.130408	0.120251	0.035542	12977500.000000
2013-10-18	0.005966	0.126351	0.132189	0.121679	0.204357	18896600.000000
2013-10-17	0.014474	0.127252	0.142061	0.125771	0.488685	15900200.000000
2013-10-16	0.009028	0.135934	0.142808	0.129061	0.302094	17995100.000000
2013-10-15	-0.006594	0.133491	0.139131	0.116271	-0.222126	21676600.000000
2013-10-14	0.003707	0.119217	0.130838	0.117727	0.124389	14202900.000000
2013-10-11	-0.000265	0.129645	0.129645	0.117729	-0.008892	14266900.000000
2013-10-10	0.018878	0.146418	0.149149	0.136705	0.621960	17174400.000000
2013-10-09	-0.005365	0.128494	0.129701	0.117323	-0.177700	18998900.000000
2013-10-08	0.006208	0.126993	0.136410	0.120918	0.204361	20471300.000000
2013-10-07	-0.004032	0.121844	0.130920	0.114280	-0.133278	16708600.000000
2013-10-04	0.001076	0.128200	0.128806	0.117903	0.035542	17217500.000000
2013-10-03	-0.007214	0.126377	0.126377	0.116454	-0.239903	14437900.000000
2013-10-02	-0.013702	0.121323	0.121323	0.103528	-0.462028	25664200.000000
2013-10-01	0.001848	0.129040	0.131714	0.117749	0.062194	13196000.000000
2013-09-30	-0.013541	0.119320	0.122544	0.106424	-0.462020	18101500.000000
2013-09-27	-0.008776	0.120536	0.120826	0.108334	-0.302094	12609600.000000
2013-09-26	0.010696	0.130173	0.137513	0.127236	0.364285	10941100.000000
2013-09-25	-0.005191	0.128980	0.129856	0.118756	-0.177697	11446100.000000
2013-09-24	-0.002589	0.128097	0.132467	0.122270	-0.088852	15083300.000000
2013-09-23	-0.019543	0.118619	0.119476	0.098052	-0.684154	19016200.000000
2013-09-20	0.002290	0.126047	0.128052	0.110300	0.079967	30675300.000000
2013-09-19	-0.007073	0.126896	0.127749	0.112966	-0.248787	14251700.000000
2013-09-18	0.020624	0.126055	0.148976	0.119382	0.710812	18030500.000000
2013-09-17	-0.001802	0.124026	0.132136	0.123447	-0.062206	12881700.000000
2013-09-16	0.004394	0.135365	0.140310	0.126929	0.151050	13351500.000000
2013-09-13	0.006504	0.128988	0.134258	0.124889	0.222134	11623600.000000
2013-09-12	-0.001559	0.128105	0.128690	0.119043	-0.053314	12114100.000000
2013-09-11	0.003883	0.135127	0.138062	0.130725	0.132313	11996500.000000
2013-09-10	0.002856	0.141017	0.141312	0.133365	0.097030	11757300.000000
2013-09-09	0.004433	0.138685	0.139572	0.131295	0.149956	10605500.000000
2013-09-06	0.002877	0.137810	0.144925	0.129509	0.097034	13976900.000000
2013-09-05	-0.007784	0.136307	0.138072	0.119541	-0.264625	14290500.000000
2013-09-04	0.016887	0.133062	0.158487	0.130968	0.564548	19138600.000000
2013-09-03	-0.007334	0.136332	0.140193	0.122377	-0.246986	19068500.000000
2013-08-30	0.002100	0.135445	0.139016	0.130684	0.070560	14296600.000000
2013-08-29	-0.006519	0.137207	0.137207	0.126269	-0.220531	14215700.000000
2013-08-28	0.005243	0.130986	0.144952	0.130688	0.176430	19245200.000000
2013-08-27	0.000787	0.129496	0.137229	0.124143	0.026458	16742500.000000
2013-08-26	-0.010384	0.136014	0.136014	0.121593	-0.352844	12740600.000000
2013-08-23	0.005482	0.142538	0.142538	0.135435	0.185250	11302800.000000
2013-08-22	0.000784	0.134845	0.140768	0.128329	0.026466	10307900.000000
2013-08-21	-0.009573	0.133073	0.135127	0.121927	-0.326378	15799000.000000
2013-08-20	-0.003352	0.135706	0.144184	0.129860	-0.114681	10238200.000000
2013-08-19	-0.006914	0.133660	0.134821	0.123209	-0.238159	11913000.000000
2013-08-16	-0.001023	0.131920	0.136270	0.122639	-0.035290	20565200.000000
2013-08-15	-0.011131	0.127064	0.129932	0.119034	-0.388115	14227800.000000
2013-08-14	-0.003027	0.131944	0.134518	0.125082	-0.105862	13787100.000000
2013-08-13	-0.004519	0.136506	0.139922	0.124267	-0.158775	13548700.000000
2013-08-12	-0.008217	0.130273	0.131966	0.120957	-0.291088	13970000.000000
2013-08-09	-0.000995	0.135070	0.137044	0.129430	-0.035286	9021600.000000
2013-08-08	0.001245	0.137895	0.139589	0.129989	0.044098	9481100.000000
2013-08-07	-0.005449	0.131975	0.132537	0.124955	-0.194058	9301800.000000
2013-08-06	0.001986	0.131972	0.137599	0.127188	0.070572	8645600.000000
2013-08-05	0.001740	0.132533	0.140707	0.132533	0.061749	9933200.000000
2013-08-02	-0.008627	0.118571	0.129189	0.115217	-0.308735	25516600.000000
2013-08-01	0.012225	0.142711	0.152611	0.142711	0.432220	12001100.000000
2013-07-31	-0.005952	0.136190	0.140970	0.126350	-0.211700	13557100.000000
2013-07-30	0.000993	0.137600	0.146325	0.132815	0.035278	10769400.000000
2013-07-29	-0.008858	0.132823	0.134776	0.123060	-0.317543	10132000.000000
2013-07-26	-0.004897	0.128386	0.128386	0.110620	-0.176426	12279600.000000
2013-07-25	-0.000489	0.132273	0.134215	0.123117	-0.017635	9147300.000000
2013-07-24	-0.002442	0.138088	0.138365	0.127848	-0.088215	10511000.000000
2013-07-23	0.002938	0.136713	0.141710	0.132272	0.105850	9400900.000000
2013-07-22	-0.006084	0.133384	0.135039	0.124555	-0.220524	9425100.000000
2013-07-19	0.006861	0.135604	0.141716	0.133104	0.246983	11401100.000000
2013-07-18	-0.000734	0.134215	0.140044	0.130884	-0.026459	9708800.000000
2013-07-17	0.015163	0.142677	0.154794	0.135914	0.538075	18513100.000000
2013-07-16	-0.019019	0.099659	0.119562	0.091918	-0.688027	33575600.000000
2013-07-15	-0.000488	0.134212	0.139738	0.130897	-0.017654	11418400.000000
2013-07-12	0.000000	0.133660	0.136423	0.125371	0.000000	10686400.000000
2013-07-11	0.008604	0.142577	0.146758	0.135332	0.308735	13489600.000000
2013-07-10	-0.003673	0.136159	0.137269	0.125330	-0.132305	9539300.000000
2013-07-09	0.007154	0.142609	0.148481	0.138694	0.255813	8760500.000000
2013-07-08	0.000493	0.137297	0.140374	0.130862	0.017632	9936300.000000
2013-07-05	0.000741	0.140100	0.142339	0.124140	0.026466	10402200.000000
2013-07-03	0.002972	0.130009	0.138995	0.124112	0.105850	5264800.000000
2013-07-02	-0.002224	0.133940	0.141505	0.125815	-0.079387	12248300.000000
2013-07-01	0.008726	0.144683	0.156553	0.140726	0.308731	10754300.000000
2013-06-28	-0.003726	0.133378	0.138728	0.129154	-0.132313	16316000.000000
2013-06-27	-0.001736	0.142655	0.149120	0.131130	-0.061745	11459100.000000
2013-06-26	0.015358	0.143935	0.155351	0.143364	0.538082	13855600.000000
2013-06-25	0.004807	0.141977	0.145131	0.131079	0.167603	12942100.000000
2013-06-24	-0.005785	0.124821	0.140788	0.115697	-0.202889	16433700.000000
2013-06-21	0.016100	0.148146	0.157996	0.138585	0.555718	21938300.000000
2013-06-20	-0.031675	0.129732	0.131976	0.093262	-1.129086	24899700.000000
2013-06-19	-0.012704	0.135876	0.147786	0.119257	-0.458686	16936100.000000
2013-06-18	0.006145	0.134217	0.142299	0.130594	0.220516	9893100.000000
2013-06-17	0.008429	0.139280	0.149678	0.135346	0.299919	12409200.000000
2013-06-14	-0.001732	0.132818	0.144320	0.129452	-0.061749	13635100.000000
2013-06-13	0.000495	0.131415	0.136186	0.113732	0.017651	17861200.000000
2013-06-12	-0.002963	0.141495	0.145693	0.127223	-0.105862	11611100.000000
2013-06-11	-0.009471	0.133180	0.135951	0.119874	-0.341659	16491600.000000
2013-06-10	-0.005554	0.143976	0.144528	0.131296	-0.201485	11247400.000000
2013-06-07	0.015200	0.152969	0.167801	0.146813	0.543144	14459600.000000
2013-06-06	0.003444	0.138687	0.145427	0.131948	0.122647	11171600.000000
2013-06-05	-0.018590	0.140945	0.140945	0.118897	-0.674549	16429300.000000
2013-06-04	0.014947	0.163313	0.166949	0.145411	0.534381	19241000.000000
2013-06-03	0.020505	0.140354	0.165759	0.131220	0.718365	16577200.000000
2013-05-31	-0.019132	0.138136	0.141496	0.119657	-0.683319	26184400.000000
2013-05-30	-0.015218	0.143977	0.147010	0.123573	-0.551914	20874500.000000
2013-05-29	-0.027027	0.135862	0.138277	0.108230	-1.007435	16986600.000000
2013-05-28	0.007339	0.151224	0.163385	0.145820	0.271568	14412100.000000
2013-05-24	0.007393	0.130878	0.153474	0.129789	0.271572	11542100.000000
2013-05-23	-0.007574	0.132850	0.136632	0.122853	-0.280338	10934200.000000
2013-05-22	-0.002125	0.139878	0.155515	0.133408	-0.078838	13615600.000000
2013-05-21	-0.000944	0.144189	0.146344	0.133146	-0.035042	9148800.000000
2013-05-20	-0.013730	0.140964	0.140964	0.123697	-0.516865	9966000.000000
2013-05-17	-0.002785	0.140436	0.142555	0.127455	-0.105129	12611200.000000
2013-05-16	0.003961	0.141230	0.155060	0.138038	0.148930	12330000.000000
2013-05-15	0.009407	0.140959	0.157066	0.138006	0.350418	12306200.000000
2013-05-14	0.007822	0.141225	0.154482	0.136625	0.289089	13023900.000000
2013-05-13	0.000949	0.141225	0.149349	0.137433	0.035042	9291000.000000
2013-05-10	0.000713	0.141225	0.144748	0.134178	0.026291	9927000.000000
2013-05-09	-0.008008	0.142840	0.144184	0.129129	-0.297863	10113700.000000
2013-05-08	-0.005621	0.137218	0.140961	0.127060	-0.210255	12636300.000000
2013-05-07	0.014734	0.145022	0.158586	0.143395	0.543156	13785300.000000
2013-05-06	-0.003788	0.142847	0.142847	0.131497	-0.140168	9356100.000000
2013-05-03	0.006673	0.147209	0.154010	0.141496	0.245297	11757800.000000
2013-05-02	-0.005923	0.126622	0.140143	0.122024	-0.219021	18709600.000000
2013-05-01	-0.002835	0.136641	0.147698	0.136372	-0.105129	8710600.000000
2013-04-30	0.002131	0.139064	0.145549	0.131767	0.078853	13432200.000000
2013-04-29	0.003325	0.145292	0.146647	0.136615	0.122647	11311100.000000
2013-04-26	-0.005903	0.136913	0.143652	0.134488	-0.219014	15159800.000000
2013-04-25	0.004745	0.144474	0.152057	0.139600	0.175206	10197100.000000
2013-04-24	-0.012881	0.139891	0.146842	0.125456	-0.481827	11368200.000000
2013-04-23	-0.000468	0.143099	0.147908	0.129204	-0.017517	11216200.000000
2013-04-22	0.001406	0.137749	0.146580	0.134539	0.052562	10544100.000000
2013-04-19	0.013302	0.146376	0.159662	0.144207	0.490590	13875800.000000
2013-04-18	-0.010576	0.139618	0.144179	0.129155	-0.394215	16034200.000000
2013-04-17	0.004248	0.135299	0.150386	0.132336	0.157680	24208000.000000
2013-04-16	0.056872	0.178796	0.209547	0.174525	1.997384	32135700.000000
2013-04-15	-0.024100	0.135104	0.138995	0.112875	-0.867291	16050600.000000
2013-04-12	-0.002428	0.134011	0.139555	0.127636	-0.087608	10394700.000000
2013-04-11	0.002679	0.143163	0.150946	0.141218	0.096378	10962500.000000
2013-04-10	0.008843	0.143458	0.154394	0.141495	0.315365	9703700.000000
2013-04-09	-0.003671	0.140099	0.149038	0.131718	-0.131405	21056100.000000
2013-04-08	0.019461	0.140926	0.163995	0.132667	0.683315	22757900.000000
2013-04-05	-0.011347	0.132204	0.136427	0.126572	-0.402973	10729500.000000
2013-04-04	0.009211	0.144338	0.153431	0.142348	0.324139	11435900.000000
2013-04-03	-0.013507	0.143177	0.144299	0.123554	-0.481842	13639200.000000
2013-04-02	0.006676	0.140932	0.154195	0.140649	0.236553	13359200.000000
2013-04-01	0.000247	0.140084	0.142907	0.133874	0.008747	8200500.000000
2013-03-28	0.005470	0.146037	0.152281	0.135820	0.192738	14227200.000000
2013-03-27	-0.011551	0.134763	0.137288	0.123822	-0.411744	14559900.000000
2013-03-26	0.014207	0.141780	0.157998	0.141780	0.499348	13666500.000000
2013-03-25	0.001998	0.143491	0.147483	0.139215	0.070080	15718400.000000
2013-03-22	-0.000749	0.138932	0.147478	0.136368	-0.026283	16128500.000000
2013-03-21	0.005016	0.140923	0.157529	0.138346	0.175213	23063600.000000
2013-03-20	0.013730	0.143527	0.158619	0.142366	0.473053	19271900.000000
2013-03-19	0.014706	0.146207	0.160344	0.143263	0.499347	15192000.000000
2013-03-18	-0.001803	0.135028	0.144729	0.133852	-0.061325	11479900.000000
2013-03-15	-0.004869	0.135645	0.139155	0.130964	-0.166443	20781900.000000
2013-03-14	0.011143	0.148299	0.157173	0.143566	0.376694	14572500.000000
2013-03-13	-0.002327	0.145627	0.147102	0.137659	-0.078846	14358300.000000
2013-03-12	-0.008904	0.148881	0.149759	0.134842	-0.304409	11375900.000000
2013-03-11	0.002295	0.149172	0.154449	0.148586	0.078281	9200400.000000
2013-03-08	0.002556	0.151228	0.158576	0.147113	0.086972	11183600.000000
2013-03-07	0.002563	0.150348	0.154768	0.144455	0.086975	15094900.000000
2013-03-06	0.008790	0.153326	0.160460	0.150353	0.295711	11653900.000000
2013-03-05	-0.003607	0.154497	0.155090	0.142058	-0.121769	13240700.000000
2013-03-04	0.003101	0.146788	0.153324	0.142331	0.104382	9934300.000000
2013-03-01	-0.000516	0.142929	0.151838	0.142929	-0.017387	13724500.000000
2013-02-28	0.007022	0.150357	0.165308	0.148862	0.234828	19005500.000000
2013-02-27	0.008921	0.147345	0.162732	0.144027	0.295712	14271100.000000
2013-02-26	0.010339	0.156770	0.164085	0.151588	0.339199	15770000.000000
2013-02-25	-0.020769	0.150953	0.155728	0.125880	-0.695801	15874600.000000
2013-02-22	0.021480	0.151283	0.174455	0.149759	0.704502	20102800.000000
2013-02-21	-0.000530	0.146407	0.151587	0.140617	-0.017395	14135100.000000
2013-02-20	0.001593	0.150675	0.156169	0.141823	0.052189	12949300.000000
2013-02-19	0.006681	0.152524	0.160513	0.150988	0.217427	14850600.000000
2013-02-15	0.015744	0.152880	0.167860	0.140396	0.504459	25204300.000000
2013-02-14	-0.009944	0.150686	0.159029	0.134000	-0.321808	22748600.000000
2013-02-13	-0.009319	0.153126	0.161391	0.132922	-0.304417	19943800.000000
2013-02-12	-0.027195	0.134869	0.136358	0.110153	-0.913234	30700500.000000
2013-02-11	-0.004127	0.147979	0.151538	0.139082	-0.139164	12159900.000000
2013-02-08	-0.003598	0.147986	0.150645	0.140598	-0.121762	12308000.000000
2013-02-07	0.015662	0.153060	0.172267	0.150959	0.521843	18805300.000000
2013-02-06	0.004457	0.149457	0.158501	0.145538	0.147862	16823700.000000
2013-02-05	0.021151	0.156223	0.174693	0.156223	0.687103	17897300.000000
2013-02-04	-0.005061	0.147921	0.150984	0.142408	-0.165249	9456300.000000
2013-02-01	0.008056	0.159021	0.164270	0.153772	0.260926	11932600.000000
2013-01-31	-0.006934	0.150678	0.150678	0.137801	-0.226143	12969100.000000
2013-01-30	0.002138	0.149144	0.155597	0.146686	0.069584	13219400.000000
2013-01-29	0.011078	0.145720	0.167156	0.145099	0.356597	17705800.000000
2013-01-28	-0.001080	0.150380	0.151621	0.143863	-0.034786	13386500.000000
2013-01-25	-0.001617	0.151928	0.154097	0.143563	-0.052181	14040700.000000
2013-01-24	-0.000539	0.151926	0.153474	0.145733	-0.017407	13258900.000000
2013-01-23	0.000000	0.148210	0.153784	0.146972	0.000000	13570200.000000
2013-01-22	-0.015119	0.150979	0.150979	0.129935	-0.495754	21249400.000000
2013-01-18	0.005065	0.149146	0.155889	0.143628	0.165257	14056100.000000
2013-01-17	0.005091	0.153148	0.160234	0.150067	0.165252	12121800.000000
2013-01-16	0.000000	0.146370	0.152840	0.143597	0.000000	9168000.000000
2013-01-15	0.008921	0.149759	0.163435	0.143853	0.287011	12721600.000000
2013-01-14	0.002168	0.151005	0.155989	0.146332	0.069591	11001500.000000
2013-01-11	-0.001353	0.146026	0.149136	0.136071	-0.043499	15644800.000000
2013-01-10	-0.001890	0.152553	0.154106	0.141375	-0.060875	15603700.000000
2013-01-09	-0.000270	0.154725	0.154725	0.143240	-0.008701	10563700.000000
2013-01-08	-0.006971	0.146368	0.149142	0.137737	-0.226135	14324300.000000
2013-01-07	-0.009559	0.145485	0.145485	0.132662	-0.313107	14610200.000000
2013-01-04	0.001596	0.151288	0.158015	0.147313	0.052185	15311300.000000
2013-01-03	0.000000	0.145172	0.149759	0.134775	0.000000	16357900.000000
2013-01-02	0.037242	0.173230	0.192578	0.162763	1.174164	21872400.000000
2012-12-31	0.007784	0.146882	0.159668	0.137293	0.243521	15651400.000000
2012-12-28	-0.012356	0.143445	0.149759	0.134921	-0.391379	14053400.000000
2012-12-27	0.000000	0.147549	0.153863	0.142814	0.000000	11380600.000000
2012-12-26	-0.008440	0.148820	0.151950	0.134420	-0.269628	9982100.000000
2012-12-24	-0.004338	0.144460	0.146953	0.139785	-0.139170	4851800.000000
2012-12-21	-0.004318	0.148207	0.154103	0.133622	-0.139145	27942400.000000
2012-12-20	0.007341	0.146946	0.159762	0.145695	0.234835	16182700.000000
2012-12-19	-0.013412	0.148833	0.150067	0.134030	-0.434881	17991900.000000
2012-12-18	-0.005867	0.150678	0.155891	0.138414	-0.191349	17952100.000000
2012-12-17	-0.004248	0.153728	0.154644	0.141210	-0.139153	17588900.000000
2012-12-14	0.001596	0.147313	0.154957	0.146701	0.052185	11800900.000000
2012-12-13	-0.001063	0.151591	0.154340	0.146398	-0.034798	11442100.000000
2012-12-12	-0.005811	0.150670	0.151885	0.138826	-0.191337	14681700.000000
2012-12-11	0.005845	0.149453	0.160450	0.147926	0.191337	10671300.000000
2012-12-10	-0.001856	0.149454	0.151893	0.143661	-0.060871	8603200.000000
2012-12-07	0.008828	0.151604	0.160832	0.150066	0.287011	10654700.000000
2012-12-06	0.001876	0.150683	0.153765	0.149451	0.060886	8974700.000000
2012-12-05	0.004307	0.151306	0.160591	0.147592	0.139156	14561400.000000
2012-12-04	-0.006153	0.147606	0.153142	0.142377	-0.200042	11794200.000000
2012-12-03	-0.014240	0.149153	0.150365	0.131870	-0.469655	12864900.000000
2012-11-30	-0.001317	0.148850	0.150061	0.140372	-0.043499	13039500.000000
2012-11-29	0.010916	0.153432	0.162309	0.147922	0.356598	12433700.000000
2012-11-28	0.010629	0.146511	0.162288	0.138467	0.343560	14846300.000000
2012-11-27	0.001606	0.160126	0.170972	0.157028	0.051819	11873700.000000
2012-11-26	-0.015027	0.146966	0.153070	0.136283	-0.492371	13217000.000000
2012-11-23	0.014442	0.162602	0.174986	0.160744	0.466465	5365500.000000
2012-11-21	0.003758	0.160134	0.164485	0.156715	0.120926	8631300.000000
2012-11-20	0.000269	0.157337	0.158580	0.145524	0.008640	12278600.000000
2012-11-19	0.018600	0.166830	0.180763	0.165564	0.587401	14076200.000000
2012-11-16	0.003568	0.159554	0.164639	0.152563	0.112297	15624800.000000
2012-11-15	0.011663	0.154111	0.172757	0.152826	0.362806	17643600.000000
2012-11-14	-0.004148	0.158608	0.164051	0.148363	-0.129572	13508300.000000
2012-11-13	0.002217	0.156043	0.173049	0.154439	0.069098	12105200.000000
2012-11-12	-0.005787	0.157647	0.157647	0.148078	-0.181403	10169700.000000
2012-11-09	-0.001925	0.147778	0.162742	0.147778	-0.060463	11520300.000000
2012-11-08	-0.009804	0.155441	0.169943	0.146298	-0.310974	12921700.000000
2012-11-07	-0.018706	0.153317	0.156720	0.126093	-0.604669	16745000.000000
2012-11-06	0.017677	0.162370	0.180001	0.160481	0.561479	11448400.000000
2012-11-05	-0.008361	0.153589	0.154838	0.143598	-0.267793	12139600.000000
2012-11-02	-0.006697	0.165400	0.167571	0.147414	-0.215950	11237500.000000
2012-11-01	0.004034	0.156714	0.169479	0.156714	0.129573	10622300.000000
2012-10-31	0.003780	0.161398	0.169212	0.153897	0.120936	11643500.000000
2012-10-26	-0.001348	0.158584	0.162954	0.147972	-0.043192	11896500.000000
2012-10-25	0.005694	0.161414	0.167378	0.156706	0.181398	10457900.000000
2012-10-24	0.007375	0.157331	0.171245	0.157331	0.233235	13531400.000000
2012-10-23	-0.016653	0.149252	0.149874	0.136192	-0.535570	13287300.000000
2012-10-22	-0.004545	0.156719	0.160124	0.144028	-0.146843	13340500.000000
2012-10-19	-0.011628	0.160401	0.160707	0.144187	-0.380085	19864500.000000
2012-10-18	0.002650	0.158261	0.167770	0.149059	0.086380	23063300.000000
2012-10-17	-0.004222	0.162535	0.165284	0.151539	-0.138207	15449600.000000
2012-10-16	-0.006032	0.159165	0.160380	0.136699	-0.198685	25811800.000000
2012-10-15	-0.002616	0.153408	0.158253	0.150986	-0.086380	13785100.000000
2012-10-12	0.003149	0.162204	0.166153	0.157648	0.103665	12059700.000000
2012-10-11	0.000525	0.160991	0.163422	0.155520	0.017269	10843800.000000
2012-10-10	-0.012189	0.160350	0.162751	0.142336	-0.405994	13754500.000000
2012-10-09	-0.000518	0.155247	0.165150	0.154047	-0.017266	13078700.000000
2012-10-08	0.000000	0.156448	0.160649	0.153447	0.000000	9434600.000000
2012-10-05	0.006522	0.162480	0.165802	0.155231	0.215939	12287900.000000
2012-10-04	0.002354	0.164308	0.167033	0.156134	0.077759	9654500.000000
2012-10-03	-0.002609	0.157044	0.163082	0.151609	-0.086392	13637100.000000
2012-10-02	-0.001042	0.163077	0.166998	0.149504	-0.034550	10276000.000000
2012-10-01	0.011864	0.164667	0.178096	0.164362	0.388722	16671400.000000
2012-09-28	-0.009919	0.153417	0.154928	0.145258	-0.328259	22721200.000000
2012-09-27	0.014566	0.166845	0.175736	0.161940	0.475102	15176100.000000
2012-09-26	0.002123	0.160720	0.173316	0.159491	0.069099	16677400.000000
2012-09-25	-0.011542	0.160381	0.162203	0.143678	-0.380073	20299200.000000
2012-09-24	0.002367	0.150951	0.164040	0.150951	0.077743	21902000.000000
2012-09-21	-0.015787	0.160344	0.160644	0.134878	-0.526928	98967500.000000
2012-09-20	0.003115	0.153740	0.168166	0.153440	0.103653	26953000.000000
2012-09-19	-0.002589	0.158847	0.163343	0.151353	-0.086376	26276800.000000
2012-09-18	0.007040	0.158553	0.177269	0.156138	0.233227	24373700.000000
2012-09-17	0.006034	0.158862	0.165543	0.154914	0.198681	23594400.000000
2012-09-14	-0.005997	0.163685	0.163685	0.147384	-0.198681	25087400.000000
2012-09-13	0.021305	0.163197	0.186627	0.159497	0.691055	23803400.000000
2012-09-12	0.000933	0.166134	0.167368	0.157493	0.030239	14632200.000000
2012-09-11	0.002921	0.164588	0.170778	0.162422	0.094380	16505000.000000
2012-09-10	-0.006333	0.167361	0.167977	0.155983	-0.205921	18216900.000000
2012-09-07	-0.006553	0.172543	0.176209	0.152991	-0.214497	16391700.000000
2012-09-06	0.017062	0.173906	0.190063	0.171420	0.549114	19851400.000000
2012-09-05	0.006170	0.168018	0.176146	0.160202	0.197346	20839200.000000
