2017-09-01	-0.001000	-0.000625	0.001438	-0.002938	-0.160003	1863000.000000
2017-08-31	0.002758	0.001504	0.002946	-0.001128	0.440002	2717000.000000
2017-08-30	0.006880	-0.000253	0.007574	-0.000757	1.089997	2236500.000000
2017-08-29	-0.001816	0.002972	0.006500	0.000011	-0.288285	3283400.000000
2017-08-28	0.005352	0.007326	0.013153	0.004919	0.844986	2027300.000000
2017-08-25	0.002588	0.008981	0.011838	0.006695	0.407578	2019600.000000
2017-08-24	-0.002519	0.007833	0.011444	0.002893	-0.397629	1634800.000000
2017-08-23	-0.005199	0.003791	0.004232	-0.002007	-0.825104	2190700.000000
2017-08-22	0.008083	0.006822	0.015969	0.006123	1.272446	2122600.000000
2017-08-21	0.003803	0.008547	0.011544	0.004530	0.596466	2195100.000000
2017-08-18	-0.000823	0.006570	0.008418	0.000390	-0.129242	2595700.000000
2017-08-17	-0.006356	0.004983	0.009921	-0.000967	-1.004028	3071600.000000
2017-08-16	0.008121	0.007656	0.017165	0.005805	1.272445	2921800.000000
2017-08-15	0.002289	0.009643	0.014376	0.006445	0.357880	2160100.000000
2017-08-14	-0.000254	0.006892	0.009770	0.000561	-0.039780	2798000.000000
2017-08-11	0.004342	0.007603	0.017365	0.005997	0.675995	2925000.000000
2017-08-10	0.010973	0.002102	0.020737	0.001582	1.689972	3874500.000000
2017-08-09	0.000000	0.008400	0.010868	0.002232	0.000000	3006500.000000
2017-08-08	-0.000323	0.003986	0.007750	0.000286	-0.049698	4234300.000000
2017-08-07	0.007476	0.008026	0.016200	0.007110	1.143204	3252100.000000
2017-08-04	-0.005817	0.005218	0.006583	-0.003755	-0.894684	4435400.000000
2017-08-03	-0.011942	0.005740	0.007089	-0.008071	-1.858963	3666100.000000
2017-08-02	0.016554	0.004104	0.022977	0.003778	2.534958	3326000.000000
2017-08-01	-0.007090	0.004895	0.010861	-0.003339	-1.093521	4185100.000000
2017-07-31	-0.004556	0.006385	0.009612	-0.000522	-0.705811	4272400.000000
2017-07-28	-0.007009	0.002151	0.004074	-0.006116	-1.093506	3964500.000000
2017-07-27	0.002811	0.005354	0.011846	-0.000302	0.437409	4624100.000000
2017-07-26	-0.016094	0.003972	0.005490	-0.015505	-2.544922	4679000.000000
2017-07-25	0.047547	0.045018	0.059790	0.037002	7.177429	9511400.000000
2017-07-24	-0.013449	0.006456	0.007894	-0.008118	-2.057785	5307400.000000
2017-07-21	-0.001881	0.004954	0.009129	-0.000068	-0.288299	3522400.000000
2017-07-20	0.002079	0.006848	0.014627	0.003710	0.318115	2240200.000000
2017-07-19	-0.000455	0.007044	0.009200	0.002797	-0.069595	3072200.000000
2017-07-18	-0.008373	0.004248	0.005998	-0.006312	-1.292313	3890300.000000
2017-07-17	-0.000129	0.006905	0.006969	0.002175	-0.019898	2408700.000000
2017-07-14	0.001548	0.005609	0.008918	0.003922	0.238602	2440200.000000
2017-07-13	-0.009835	0.005355	0.005676	-0.008458	-1.530929	3169700.000000
2017-07-12	0.010780	0.009180	0.017881	0.008271	1.660141	2094900.000000
2017-07-11	-0.003922	0.003151	0.008261	-0.003834	-0.606400	2008800.000000
2017-07-10	-0.004799	0.005997	0.007606	-0.001212	-0.745575	2402200.000000
2017-07-07	0.020772	0.007773	0.028734	0.006327	3.161255	4117800.000000
2017-07-06	0.000131	0.003501	0.008496	0.001070	0.019867	2019800.000000
2017-07-05	0.003738	0.008044	0.012991	0.002569	0.566650	2497300.000000
2017-07-03	-0.004309	0.007772	0.010596	0.001467	-0.656112	1100700.000000
2017-06-30	0.000196	0.007050	0.010137	0.003239	0.029815	2467500.000000
2017-06-29	-0.007583	0.007758	0.007758	-0.008084	-1.163086	1975900.000000
2017-06-28	0.003773	0.008027	0.012215	0.006064	0.576569	1302800.000000
2017-06-27	-0.001559	0.006194	0.011552	0.002666	-0.238586	2139000.000000
2017-06-26	-0.004397	0.009446	0.011267	-0.001353	-0.675980	2360900.000000
2017-06-23	-0.001034	0.007233	0.010157	0.003528	-0.159058	2214700.000000
2017-06-22	0.006960	0.006260	0.013654	0.005606	1.063691	2003800.000000
2017-06-21	-0.002207	0.006651	0.008218	0.002929	-0.337998	2448500.000000
2017-06-20	0.006073	0.013356	0.019990	0.010531	0.924515	3614400.000000
2017-06-19	0.007566	0.008580	0.013809	0.004940	1.143219	3263800.000000
2017-06-16	0.005424	0.004669	0.017378	0.004269	0.815170	5443900.000000
2017-06-15	0.003252	0.000726	0.011541	-0.000943	0.487106	2517500.000000
2017-06-14	0.005740	0.009290	0.014393	0.006537	0.854920	2675500.000000
2017-06-13	0.009093	0.008575	0.017993	0.006949	1.342041	4267700.000000
2017-06-12	-0.019871	0.005933	0.005933	-0.016911	-2.992233	5902600.000000
2017-06-09	0.000330	0.008922	0.009719	0.002412	0.049698	4143100.000000
2017-06-08	-0.003357	0.005933	0.007323	-0.000224	-0.507004	3709900.000000
2017-06-07	0.004695	0.005933	0.011121	0.002607	0.705826	2922900.000000
2017-06-06	-0.010210	0.003168	0.004616	-0.004469	-1.550797	3661900.000000
2017-06-05	-0.006179	0.005213	0.005409	-0.000479	-0.944412	2633700.000000
2017-06-02	0.008859	0.006791	0.015900	0.004349	1.342041	4316700.000000
2017-06-01	0.016272	0.011568	0.022301	0.008616	2.425613	4349800.000000
2017-05-31	0.006403	0.013522	0.020476	0.010011	0.948395	6415700.000000
2017-05-30	0.000467	0.012847	0.015413	0.009942	0.069153	3113900.000000
2017-05-26	0.000534	0.012847	0.015348	0.008657	0.079040	3256900.000000
2017-05-25	0.001873	0.014338	0.015286	0.010681	0.276596	3408100.000000
2017-05-24	0.011365	0.013060	0.027098	0.006624	1.659684	3348900.000000
2017-05-23	-0.002497	0.012444	0.014561	0.008550	-0.365525	3262300.000000
2017-05-22	0.000270	0.013264	0.017227	0.010736	0.039536	3294500.000000
2017-05-19	0.007755	0.013891	0.024771	0.011068	1.126221	4071200.000000
2017-05-18	0.004098	0.012239	0.017977	0.008091	0.592727	2730900.000000
2017-05-17	-0.005975	0.012239	0.013407	0.005023	-0.869354	3875600.000000
2017-05-16	0.006905	0.014107	0.021857	0.012239	0.997787	3540900.000000
2017-05-15	0.006329	0.012726	0.019481	0.012726	0.908875	3332800.000000
2017-05-12	0.007974	0.014274	0.021294	0.013994	1.136093	2747900.000000
2017-05-11	-0.002145	0.009157	0.011468	0.004394	-0.306259	1941900.000000
2017-05-10	0.001108	0.008733	0.014202	0.007821	0.158081	2273300.000000
2017-05-09	0.000832	0.011186	0.017432	0.010555	0.118546	3053800.000000
2017-05-08	0.001945	0.012028	0.016036	0.010129	0.276596	2813000.000000
2017-05-05	0.003555	0.012027	0.015979	0.006100	0.503845	2452700.000000
2017-05-04	0.005820	0.012239	0.019691	0.009684	0.819977	4178800.000000
2017-05-03	0.009842	0.019191	0.022775	0.013457	1.373199	4278400.000000
2017-05-02	0.000567	0.011020	0.016972	0.009155	0.079025	3774100.000000
2017-05-01	0.008719	0.011732	0.023234	0.011588	1.205246	3747200.000000
2017-04-28	-0.006673	0.008790	0.011448	0.004406	-0.928634	4779900.000000
2017-04-27	0.000213	0.019714	0.026254	0.012311	0.029648	5183700.000000
2017-04-26	-0.006069	0.012239	0.014382	0.002524	-0.849610	7132200.000000
2017-04-25	0.055651	0.041724	0.070758	0.034485	7.379685	10893800.000000
2017-04-24	0.006146	0.018536	0.022482	0.011101	0.810073	5041000.000000
2017-04-21	0.001050	0.014365	0.016872	0.011327	0.138306	3466100.000000
2017-04-20	0.004750	0.012315	0.018344	0.012239	0.622391	2697300.000000
2017-04-19	0.002570	0.014840	0.017594	0.012545	0.335876	3132800.000000
2017-04-18	0.007233	0.017325	0.023413	0.015707	0.938523	3617400.000000
2017-04-17	0.004512	0.016032	0.020832	0.013400	0.582870	3236400.000000
2017-04-13	-0.003809	0.010234	0.011313	0.006918	-0.493957	2429200.000000
2017-04-12	0.000457	0.013088	0.015016	0.009693	0.059280	3195500.000000
2017-04-11	0.009386	0.017223	0.022051	0.010837	1.205246	3677600.000000
2017-04-10	0.000154	0.012161	0.017613	0.008812	0.019760	2709300.000000
2017-04-07	-0.001460	0.011228	0.014183	0.008117	-0.187698	2176600.000000
2017-04-06	-0.001994	0.011463	0.014179	0.008746	-0.256867	3856900.000000
2017-04-05	0.008663	0.016936	0.030168	0.015057	1.106469	4052200.000000
2017-04-04	-0.002469	0.008568	0.011614	0.004741	-0.316140	3414000.000000
2017-04-03	0.000000	0.011380	0.013020	0.006381	0.000000	3287100.000000
2017-03-31	0.002242	0.012787	0.019049	0.012082	0.286484	3041700.000000
2017-03-30	0.003726	0.011532	0.017660	0.010353	0.474205	2018000.000000
2017-03-29	-0.004712	0.008720	0.013959	0.005827	-0.602623	3197800.000000
2017-03-28	-0.000309	0.012004	0.014428	0.007939	-0.039520	3487400.000000
2017-03-27	0.001160	0.010204	0.015996	0.009735	0.148201	2540400.000000
2017-03-24	0.002636	0.015221	0.017575	0.013494	0.335884	3568200.000000
2017-03-23	-0.000775	0.012552	0.016081	0.009965	-0.098793	2774500.000000
2017-03-22	0.004513	0.012711	0.017201	0.011372	0.572983	3174200.000000
2017-03-21	-0.002019	0.015697	0.019863	0.007523	-0.256852	4062400.000000
2017-03-20	0.001088	0.014993	0.018849	0.010901	0.138306	3415500.000000
2017-03-17	0.005157	0.016905	0.028057	0.015719	0.652016	12532700.000000
2017-03-16	0.000782	0.015563	0.020313	0.012635	0.098793	3945700.000000
2017-03-15	0.000626	0.015486	0.016199	0.009625	0.079033	3529300.000000
2017-03-14	0.001489	0.012556	0.017157	0.011366	0.187706	2492700.000000
2017-03-13	-0.002891	0.012476	0.014533	0.007256	-0.365532	3130800.000000
2017-03-10	-0.001249	0.015557	0.015794	0.008921	-0.158066	3178900.000000
2017-03-09	0.000390	0.011132	0.017217	0.009078	0.049400	3265700.000000
2017-03-08	0.000156	0.012239	0.014531	0.007496	0.019745	3571700.000000
2017-03-07	0.000313	0.012476	0.014453	0.006783	0.039528	3332400.000000
2017-03-06	0.001016	0.012239	0.015721	0.008282	0.128426	3271500.000000
2017-03-03	-0.002573	0.012239	0.015633	0.006003	-0.326004	4067700.000000
2017-03-02	-0.006354	0.012239	0.018200	0.005179	-0.810097	6738100.000000
2017-03-01	0.010968	0.015173	0.030874	0.012001	1.383079	5471600.000000
2017-02-28	0.005197	0.012956	0.019732	0.008971	0.652024	4619300.000000
2017-02-27	-0.005638	0.012001	0.012556	0.004868	-0.711296	5184000.000000
2017-02-24	0.002962	0.020405	0.023426	0.015556	0.372657	3537200.000000
2017-02-23	0.003285	0.020327	0.028064	0.016419	0.411896	3178000.000000
2017-02-22	-0.001484	0.015548	0.020247	0.006629	-0.186325	3670700.000000
2017-02-21	0.001878	0.014583	0.023838	0.014583	0.235352	4495200.000000
2017-02-17	0.008682	0.020333	0.029186	0.019528	1.078773	3677400.000000
2017-02-16	0.001739	0.021866	0.030492	0.018319	0.215737	3006000.000000
2017-02-15	0.005326	0.018474	0.027632	0.016772	0.657074	2974900.000000
2017-02-14	0.002151	0.019364	0.023994	0.017496	0.264778	2663100.000000
2017-02-13	-0.002225	0.021310	0.026659	0.017015	-0.274590	2993800.000000
2017-02-10	0.010765	0.021328	0.033042	0.020017	1.314125	3681400.000000
2017-02-09	-0.001524	0.019689	0.022388	0.017154	-0.186325	2493600.000000
2017-02-08	0.000642	0.019608	0.025991	0.018871	0.078453	2835200.000000
2017-02-07	0.001125	0.023786	0.027637	0.020836	0.137299	2847200.000000
2017-02-06	0.001690	0.018458	0.025106	0.017309	0.205948	2760300.000000
2017-02-03	0.008278	0.020434	0.030365	0.020186	1.000297	3183000.000000
2017-02-02	0.006535	0.020689	0.032683	0.018357	0.784554	3236600.000000
2017-02-01	-0.001224	0.014115	0.019107	0.012452	-0.147103	3233400.000000
2017-01-31	-0.003658	0.019689	0.022342	0.012064	-0.441307	3733300.000000
2017-01-30	0.001302	0.019274	0.022594	0.015042	0.156899	3778000.000000
2017-01-27	0.008041	0.022952	0.028976	0.016343	0.961090	3592700.000000
2017-01-26	0.000739	0.020275	0.024629	0.019438	0.088257	2497300.000000
2017-01-25	0.006113	0.023396	0.027018	0.018847	0.725708	3968300.000000
2017-01-24	-0.002719	0.024646	0.025402	0.012465	-0.323624	3495200.000000
2017-01-23	-0.007198	0.014935	0.018188	-0.000661	-0.863006	7022600.000000
2017-01-20	0.000655	0.020357	0.026116	0.018354	0.078453	4887100.000000
2017-01-19	-0.004319	0.015784	0.022099	0.014122	-0.519768	3155200.000000
2017-01-18	-0.000326	0.020188	0.021766	0.011798	-0.039231	3395000.000000
2017-01-17	0.010288	0.013395	0.030600	0.012975	1.225869	4077600.000000
2017-01-13	-0.004914	0.020859	0.020859	0.011338	-0.588410	2877400.000000
2017-01-12	0.010093	0.014797	0.031752	0.013953	1.196434	3480700.000000
2017-01-11	0.005239	0.025456	0.030289	0.022827	0.617836	3565200.000000
2017-01-10	-0.001495	0.019943	0.023245	0.013762	-0.176529	3108400.000000
2017-01-09	-0.002733	0.019689	0.022222	0.016058	-0.323623	3021800.000000
2017-01-06	0.008855	0.013130	0.035023	0.009637	1.039535	4089200.000000
2017-01-05	0.001841	0.018494	0.025834	0.016446	0.215744	4261100.000000
2017-01-04	-0.001170	0.014404	0.020712	0.007414	-0.137291	3780800.000000
2017-01-03	-0.017253	0.020862	0.022035	-0.003432	-2.059448	5123800.000000
2016-12-30	-0.008714	0.019689	0.022762	0.008478	-1.049347	3574600.000000
2016-12-29	0.000897	0.020354	0.025341	0.020354	0.107880	1943300.000000
2016-12-28	-0.003169	0.018529	0.022009	0.015878	-0.382469	1980200.000000
2016-12-27	-0.000568	0.021014	0.023913	0.018282	-0.068642	1919300.000000
2016-12-23	-0.004688	0.016805	0.020596	0.014332	-0.568810	2164100.000000
2016-12-22	0.004384	0.019193	0.026477	0.018944	0.529572	3037100.000000
2016-12-21	-0.001216	0.018201	0.023245	0.017788	-0.147095	2762800.000000
2016-12-20	0.002764	0.021265	0.027234	0.017368	0.333428	2768800.000000
2016-12-19	-0.002029	0.019607	0.023164	0.015800	-0.245171	3545500.000000
2016-12-16	0.007192	0.024106	0.032023	0.021189	0.863014	10793800.000000
2016-12-15	-0.003908	0.020768	0.024006	0.010807	-0.470733	4402800.000000
2016-12-14	0.001304	0.021269	0.025674	0.017279	0.156906	4967400.000000
2016-12-13	0.007721	0.020024	0.029573	0.019857	0.921852	4308000.000000
2016-12-12	0.003958	0.022296	0.028014	0.019689	0.470726	4172000.000000
2016-12-09	0.006725	0.020705	0.026631	0.017658	0.794365	2623700.000000
2016-12-08	0.004420	0.020795	0.030148	0.016118	0.519768	3255100.000000
2016-12-07	0.005618	0.021057	0.027214	0.013020	0.657058	4059900.000000
2016-12-06	-0.000335	0.019689	0.022767	0.013791	-0.039230	3368000.000000
2016-12-05	0.008880	0.030124	0.037799	0.026502	1.029732	5191900.000000
2016-12-02	-0.001941	0.015644	0.019948	0.013148	-0.225563	3348700.000000
2016-12-01	-0.006707	0.017039	0.017039	0.007720	-0.784554	4445000.000000
2016-11-30	-0.011684	0.015803	0.018084	0.007775	-1.382767	5696100.000000
2016-11-29	-0.001655	0.015471	0.018930	0.003999	-0.196144	6370900.000000
2016-11-28	0.009614	0.025234	0.037924	0.023957	1.128815	5931700.000000
2016-11-25	0.004328	0.027106	0.034889	0.025737	0.506035	1709100.000000
2016-11-23	0.003760	0.027962	0.036805	0.027962	0.437897	2860200.000000
2016-11-22	0.001590	0.027619	0.034412	0.022287	0.184906	3699100.000000
2016-11-21	-0.004167	0.025906	0.031900	0.018713	-0.486565	3603300.000000
2016-11-18	0.004604	0.025984	0.034415	0.022973	0.535225	3655400.000000
2016-11-17	0.002013	0.024860	0.030119	0.019602	0.233543	2836600.000000
2016-11-16	0.007522	0.032309	0.038736	0.028922	0.866081	5371100.000000
2016-11-15	0.003903	0.025177	0.033025	0.020295	0.447632	4447900.000000
2016-11-14	0.031868	0.034546	0.068374	0.032117	3.542168	7093200.000000
2016-11-11	-0.002533	0.029054	0.031657	0.024567	-0.282211	4320100.000000
2016-11-10	-0.004088	0.028066	0.028155	0.016894	-0.457360	4437700.000000
2016-11-09	0.007624	0.009428	0.039416	0.006816	0.846619	5099500.000000
2016-11-08	0.011434	0.029349	0.040644	0.029258	1.255325	3239100.000000
2016-11-07	0.016030	0.036503	0.048349	0.035393	1.732170	3842400.000000
2016-11-04	-0.006087	0.030102	0.030194	0.019432	-0.661735	3457400.000000
2016-11-03	-0.005961	0.030819	0.031825	0.019664	-0.651993	3890700.000000
2016-11-02	0.001247	0.026246	0.032379	0.023682	0.136246	3512500.000000
2016-11-01	-0.002843	0.028349	0.029444	0.021959	-0.311409	3935600.000000
2016-10-31	0.004193	0.030919	0.033394	0.024777	0.457374	4181600.000000
2016-10-28	0.000178	0.029269	0.030094	0.022576	0.019463	3304700.000000
2016-10-27	-0.000268	0.028169	0.031102	0.024594	-0.029198	2960700.000000
2016-10-26	-0.005412	0.023516	0.027436	0.015585	-0.593605	3763100.000000
2016-10-25	-0.007484	0.026985	0.027347	0.019475	-0.827156	4879000.000000
2016-10-24	-0.003160	0.030505	0.032760	0.015983	-0.350319	6173500.000000
2016-10-21	0.030388	0.052712	0.064143	0.047879	3.269684	10108000.000000
2016-10-20	-0.006202	0.027988	0.027988	0.019029	-0.671455	7250700.000000
2016-10-19	0.000090	0.031868	0.032422	0.026418	0.009735	6433400.000000
2016-10-18	-0.010319	0.032007	0.033835	0.016831	-1.128830	6198400.000000
2016-10-17	-0.014725	0.025998	0.030411	0.009695	-1.634827	5655700.000000
2016-10-14	-0.011438	0.023078	0.024948	0.015687	-1.284530	5312500.000000
2016-10-13	0.006102	0.022512	0.036846	0.021885	0.681190	4464700.000000
2016-10-12	0.009060	0.026896	0.041630	0.026353	1.002312	3340200.000000
2016-10-11	-0.008979	0.027081	0.032277	0.017317	-1.002312	3943300.000000
2016-10-10	0.011106	0.034503	0.041568	0.034050	1.226128	3290300.000000
2016-10-07	-0.004126	0.028070	0.031407	0.021304	-0.457360	4153100.000000
2016-10-06	0.004497	0.026169	0.034958	0.018467	0.496285	3900000.000000
2016-10-05	-0.000793	0.031331	0.039660	0.026532	-0.087578	3720300.000000
2016-10-04	-0.009944	0.030756	0.035417	0.016683	-1.109360	4742900.000000
2016-10-03	-0.006241	0.024501	0.025748	0.019156	-0.700653	3085800.000000
2016-09-30	0.004966	0.026724	0.035855	0.026724	0.554688	4188700.000000
2016-09-29	-0.003386	0.027797	0.034667	0.023604	-0.379524	4924400.000000
2016-09-28	-0.014545	0.023223	0.024542	0.006342	-1.654305	5638900.000000
2016-09-27	0.003003	0.031322	0.033527	0.026208	0.340584	3745400.000000
2016-09-26	-0.005462	0.024374	0.025602	0.019813	-0.622795	3022400.000000
2016-09-23	-0.001619	0.020001	0.029020	0.018775	-0.184891	2776000.000000
2016-09-22	0.003677	0.032277	0.036583	0.030695	0.418442	3808800.000000
2016-09-21	0.004122	0.027972	0.032914	0.023295	0.467102	4528900.000000
2016-09-20	0.010763	0.032168	0.040284	0.030205	1.206672	3841800.000000
2016-09-19	-0.000607	0.032521	0.037692	0.024766	-0.068122	3741500.000000
2016-09-16	-0.007405	0.023549	0.028681	0.016028	-0.836884	9500500.000000
2016-09-15	0.008335	0.024942	0.037076	0.023961	0.934197	3671200.000000
2016-09-14	0.003922	0.030037	0.035949	0.028425	0.437904	4530700.000000
2016-09-13	-0.010522	0.024606	0.024606	0.014591	-1.187203	4162200.000000
2016-09-12	0.011957	0.026632	0.041968	0.023583	1.333168	5014000.000000
2016-09-09	-0.013687	0.022577	0.023992	0.013554	-1.547256	4961100.000000
2016-09-08	-0.006415	0.026740	0.029289	0.019884	-0.729843	3085600.000000
2016-09-07	-0.002815	0.027794	0.029722	0.020520	-0.321137	2647700.000000
2016-09-06	0.012259	0.038797	0.057871	0.037200	1.381829	6337900.000000
2016-09-02	0.003726	0.032338	0.033941	0.030290	0.418441	3410100.000000
2016-09-01	-0.002248	0.026286	0.028951	0.020511	-0.253013	3966600.000000
2016-08-31	0.002601	0.028955	0.033320	0.026193	0.291946	5394700.000000
2016-08-30	0.007335	0.035605	0.039733	0.028337	0.817421	5085300.000000
2016-08-29	0.008476	0.037053	0.046555	0.036148	0.936653	4983000.000000
2016-08-26	-0.008577	0.037399	0.038207	0.022416	-0.955963	5294500.000000
2016-08-25	0.004875	0.037679	0.043809	0.035695	0.540756	6694100.000000
2016-08-24	-0.002778	0.035245	0.037493	0.031469	-0.308998	4135400.000000
2016-08-23	-0.001993	0.040001	0.041886	0.032285	-0.222099	4305400.000000
2016-08-22	0.003565	0.035515	0.042088	0.032363	0.395905	4484700.000000
2016-08-19	-0.018099	0.032687	0.032687	0.016773	-2.047104	7065700.000000
2016-08-18	0.000256	0.036843	0.037993	0.032952	0.028961	3710500.000000
2016-08-17	-0.007122	0.035956	0.035956	0.023136	-0.811112	5184900.000000
2016-08-16	-0.004894	0.033770	0.035692	0.030362	-0.560058	3333900.000000
2016-08-15	-0.008367	0.031273	0.033266	0.026940	-0.965622	3391600.000000
2016-08-12	0.001173	0.037253	0.041157	0.034738	0.135185	3015700.000000
2016-08-11	0.004882	0.036215	0.043886	0.036041	0.560059	3490200.000000
2016-08-10	0.004142	0.032892	0.041120	0.029828	0.473160	2941700.000000
2016-08-09	0.000169	0.032891	0.042959	0.029564	0.019302	3491700.000000
2016-08-08	-0.007718	0.035257	0.036995	0.026831	-0.888374	3589300.000000
2016-08-05	0.007692	0.039807	0.045672	0.038231	0.878707	3883800.000000
2016-08-04	0.006637	0.038513	0.044682	0.036134	0.753197	4313200.000000
2016-08-03	-0.001529	0.036221	0.038421	0.030678	-0.173813	4120000.000000
2016-08-02	-0.002627	0.037097	0.041748	0.027707	-0.299347	4504200.000000
2016-08-01	0.003060	0.037629	0.042119	0.036397	0.347618	4208800.000000
2016-07-29	-0.014822	0.033177	0.037686	0.018348	-1.709144	7460900.000000
2016-07-28	-0.000502	0.036558	0.041672	0.025897	-0.057938	6239400.000000
2016-07-27	-0.018322	0.035435	0.036286	0.014588	-2.153320	9939200.000000
2016-07-26	-0.044663	0.003903	0.010812	-0.016663	-5.494377	14563700.000000
2016-07-25	-0.006705	0.033102	0.033102	0.024301	-0.830429	6210100.000000
2016-07-22	0.008492	0.036501	0.047168	0.036501	1.042862	4304200.000000
2016-07-21	0.008885	0.038562	0.045217	0.034537	1.081497	3572100.000000
2016-07-20	-0.003478	0.038388	0.038634	0.027910	-0.424866	3353300.000000
2016-07-19	0.021809	0.037947	0.059027	0.035187	2.607170	6277700.000000
2016-07-18	0.001537	0.038872	0.038872	0.033762	0.183457	5254700.000000
2016-07-15	-0.002582	0.039700	0.039867	0.031092	-0.308998	3688400.000000
2016-07-14	0.009038	0.043025	0.047325	0.037207	1.071838	6011900.000000
2016-07-13	0.004663	0.036537	0.042128	0.034843	0.550407	3464200.000000
2016-07-12	0.002049	0.035605	0.040613	0.035265	0.241402	3742000.000000
2016-07-11	0.005688	0.038849	0.042520	0.036885	0.666283	4266300.000000
2016-07-08	0.003225	0.038174	0.042200	0.036975	0.376594	3809600.000000
2016-07-07	0.002404	0.037837	0.040842	0.033716	0.280030	3621300.000000
2016-07-06	-0.001077	0.022999	0.037320	0.020512	-0.125542	5102800.000000
2016-07-05	0.002990	0.033197	0.039045	0.033024	0.347618	5191100.000000
2016-07-01	0.000499	0.030269	0.040080	0.029753	0.057945	3798100.000000
2016-06-30	0.007114	0.037252	0.043925	0.033958	0.820778	4808100.000000
2016-06-29	0.008355	0.041373	0.048364	0.039975	0.955971	5020400.000000
2016-06-28	0.018916	0.043619	0.056442	0.040324	2.124351	6173000.000000
2016-06-27	-0.026289	0.024507	0.024507	0.006472	-3.032043	14150500.000000
2016-06-24	-0.014603	0.014672	0.034751	0.010657	-1.709145	6985900.000000
2016-06-23	0.004891	0.042989	0.045307	0.035777	0.569710	3832800.000000
2016-06-22	-0.016391	0.024458	0.025640	0.013817	-1.940887	6578900.000000
2016-06-21	-0.006401	0.039800	0.040472	0.026291	-0.762841	4749000.000000
2016-06-20	0.009405	0.044498	0.050935	0.044075	1.110466	5951000.000000
2016-06-17	-0.001633	0.033575	0.037634	0.026726	-0.193138	8331400.000000
2016-06-16	0.001800	0.032132	0.038824	0.024592	0.212448	3931800.000000
2016-06-15	-0.002122	0.041015	0.042452	0.032393	-0.251068	4168100.000000
2016-06-14	-0.003903	0.031816	0.037289	0.026680	-0.463485	6351400.000000
2016-06-13	0.005149	0.032135	0.049231	0.031288	0.608329	5436700.000000
2016-06-10	-0.003502	0.027255	0.034509	0.025653	-0.415207	4347400.000000
2016-06-09	0.005569	0.035266	0.043916	0.035266	0.656617	4583400.000000
2016-06-08	0.001723	0.036285	0.040617	0.027024	0.202774	3925900.000000
2016-06-07	-0.000820	0.038491	0.047319	0.034756	-0.096558	4562100.000000
2016-06-06	0.005356	0.039360	0.042603	0.034410	0.627647	4901700.000000
2016-06-03	0.001486	0.034921	0.039878	0.028511	0.173821	4640200.000000
2016-06-02	0.000743	0.032355	0.039283	0.031072	0.086906	4740200.000000
2016-06-01	-0.000737	0.043217	0.049029	0.038431	-0.086273	5057200.000000
2016-05-31	-0.009655	0.043640	0.044572	0.029421	-1.140701	7995200.000000
2016-05-27	-0.004362	0.047262	0.050717	0.037571	-0.517639	3208900.000000
2016-05-26	0.004300	0.044233	0.049311	0.042963	0.508049	3716300.000000
2016-05-25	-0.005567	0.041534	0.043554	0.035474	-0.661408	5307400.000000
2016-05-24	0.009283	0.048144	0.059866	0.044916	1.092766	4494100.000000
2016-05-23	0.002040	0.044920	0.053176	0.042451	0.239639	7081600.000000
2016-05-20	-0.021789	0.038638	0.040802	0.016989	-2.616905	9735900.000000
2016-05-19	-0.007289	0.037183	0.038175	0.030571	-0.881882	6255100.000000
2016-05-18	-0.011591	0.037988	0.041420	0.027204	-1.418693	7303200.000000
2016-05-17	-0.015042	0.042895	0.045873	0.024387	-1.869202	5826200.000000
2016-05-16	0.006287	0.040626	0.050505	0.036901	0.776428	4343600.000000
2016-05-13	-0.009914	0.040171	0.043538	0.031913	-1.236549	6568700.000000
2016-05-12	0.007589	0.048064	0.054527	0.043379	0.939400	4286800.000000
2016-05-11	-0.018693	0.040363	0.043376	0.023716	-2.358109	6890200.000000
2016-05-10	0.005886	0.043377	0.052228	0.043377	0.738121	4082600.000000
2016-05-09	0.001914	0.043776	0.050567	0.041380	0.239624	5006800.000000
2016-05-06	0.010056	0.044024	0.053708	0.037649	1.246170	4417100.000000
2016-05-05	-0.000387	0.043056	0.048460	0.040555	-0.047943	4519700.000000
2016-05-04	0.007243	0.036474	0.059710	0.036474	0.891487	6613700.000000
2016-05-03	0.001560	0.036707	0.049646	0.036545	0.191719	4039100.000000
2016-05-02	0.013519	0.044537	0.057485	0.043300	1.639153	4830800.000000
2016-04-29	-0.011179	0.043299	0.043299	0.028375	-1.370766	6276900.000000
2016-04-28	-0.002962	0.039639	0.047689	0.036224	-0.364265	3385800.000000
2016-04-27	0.004620	0.045096	0.050161	0.043789	0.565567	4436200.000000
2016-04-26	0.001961	0.042890	0.050420	0.039698	0.239647	4082300.000000
2016-04-25	0.015617	0.039643	0.060092	0.039144	1.878799	6979900.000000
2016-04-22	-0.002305	0.062955	0.064863	0.039651	-0.277992	9311300.000000
2016-04-21	-0.021470	0.043217	0.044840	0.019277	-2.645660	7947600.000000
2016-04-20	-0.002406	0.046860	0.050827	0.040384	-0.297150	5006700.000000
2016-04-19	0.000078	0.043703	0.047265	0.037307	0.009575	4606300.000000
2016-04-18	0.008374	0.043217	0.052443	0.042401	1.025680	4524200.000000
2016-04-15	0.002117	0.039699	0.047553	0.038717	0.258805	3103800.000000
2016-04-14	0.004886	0.045272	0.053083	0.044450	0.594314	4834800.000000
2016-04-13	-0.005642	0.044035	0.045751	0.030709	-0.690162	4985200.000000
2016-04-12	0.000392	0.047470	0.049105	0.037738	0.047927	5211400.000000
2016-04-11	-0.003126	0.046397	0.049169	0.039059	-0.383422	6973700.000000
2016-04-08	-0.001405	0.044357	0.048102	0.036216	-0.172554	3625600.000000
2016-04-07	0.004862	0.041990	0.051398	0.039127	0.594322	4720800.000000
2016-04-06	0.001099	0.043954	0.045756	0.038795	0.134201	5619900.000000
2016-04-05	-0.001489	0.037247	0.044934	0.033568	-0.182129	6282200.000000
2016-04-04	0.004330	0.043464	0.050198	0.042067	0.527222	4239300.000000
2016-04-01	0.010662	0.039150	0.057411	0.036494	1.284477	5212400.000000
2016-03-31	-0.001192	0.045870	0.052586	0.041393	-0.143784	7685900.000000
2016-03-30	0.015004	0.051043	0.061141	0.048519	1.782944	4853700.000000
2016-03-29	0.006495	0.045419	0.055075	0.044657	0.766861	7188200.000000
2016-03-28	-0.000973	0.049225	0.050917	0.041779	-0.115028	4784400.000000
2016-03-24	-0.007247	0.039017	0.041621	0.030365	-0.862710	5796700.000000
2016-03-23	0.002988	0.045576	0.053159	0.043554	0.354668	4143600.000000
2016-03-22	0.000081	0.043049	0.048104	0.041111	0.009590	3494500.000000
2016-03-21	-0.002176	0.039686	0.046748	0.034557	-0.258812	4050100.000000
2016-03-18	0.007470	0.045504	0.051349	0.039744	0.881874	14783800.000000
2016-03-17	-0.002914	0.041106	0.046004	0.039754	-0.345077	6108700.000000
2016-03-16	0.000729	0.042372	0.048542	0.036794	0.086258	6716700.000000
2016-03-15	0.004312	0.038124	0.050517	0.037360	0.508049	5061400.000000
2016-03-14	0.011107	0.045449	0.059867	0.042359	1.294075	7912100.000000
2016-03-11	0.013086	0.047652	0.060868	0.046521	1.504959	7042300.000000
2016-03-10	0.002842	0.045572	0.053855	0.034672	0.325920	6171200.000000
2016-03-09	0.010302	0.050441	0.058898	0.043570	1.169457	6428200.000000
2016-03-08	0.010841	0.034847	0.060404	0.034847	1.217392	6236200.000000
2016-03-07	-0.000256	0.041882	0.046689	0.033780	-0.028756	5640700.000000
2016-03-04	0.004199	0.043485	0.050012	0.036155	0.469696	5857400.000000
2016-03-03	-0.015108	0.034412	0.034412	0.015393	-1.715843	9132000.000000
2016-03-02	-0.003113	0.040672	0.042164	0.032772	-0.354675	4267700.000000
2016-03-01	0.014165	0.049627	0.061021	0.048380	1.591232	4731500.000000
2016-02-29	0.001111	0.040900	0.054892	0.040098	0.124619	6467700.000000
2016-02-26	-0.003575	0.047657	0.050232	0.031584	-0.402603	5193700.000000
2016-02-25	0.011191	0.054443	0.064051	0.052018	1.246292	6034000.000000
2016-02-24	0.001369	0.045905	0.054987	0.041230	0.152206	5349800.000000
2016-02-23	-0.006544	0.048262	0.055408	0.043795	-0.732551	5276700.000000
2016-02-22	0.009783	0.051120	0.065823	0.051120	1.084556	6223300.000000
2016-02-19	-0.005462	0.049595	0.052735	0.038920	-0.608871	10793700.000000
2016-02-18	-0.012390	0.052627	0.058385	0.035970	-1.398499	9707100.000000
2016-02-17	-0.004531	0.051120	0.053061	0.029424	-0.513756	12729000.000000
2016-02-16	0.010600	0.055488	0.062262	0.048179	1.189217	10835800.000000
2016-02-12	0.010280	0.051030	0.065528	0.045447	1.141632	8552800.000000
2016-02-11	-0.006891	0.035024	0.050763	0.034576	-0.770592	7568600.000000
2016-02-10	0.004529	0.060193	0.064775	0.053366	0.504219	5726300.000000
2016-02-09	0.008272	0.046501	0.066971	0.044780	0.913300	7525700.000000
2016-02-08	0.005633	0.038824	0.059864	0.026618	0.618393	11311500.000000
2016-02-05	-0.043594	0.051033	0.051033	0.001465	-5.004189	13261700.000000
2016-02-04	-0.006668	0.047399	0.049130	0.027324	-0.770599	7595000.000000
2016-02-03	-0.020008	0.054597	0.056463	0.024747	-2.359383	9327000.000000
2016-02-02	-0.005297	0.046397	0.048843	0.038383	-0.627907	7653000.000000
2016-02-01	0.006706	0.045176	0.060037	0.044667	0.789643	6189900.000000
2016-01-29	0.011440	0.054470	0.068041	0.054298	1.331909	10549900.000000
2016-01-28	0.012493	0.053120	0.066165	0.045294	1.436554	7460500.000000
2016-01-27	0.003654	0.055048	0.061507	0.045883	0.418602	7409000.000000
2016-01-26	0.010319	0.054648	0.069638	0.049357	1.170189	8326100.000000
2016-01-25	0.006757	0.081748	0.082192	0.049345	0.761078	15141500.000000
2016-01-22	0.004752	0.056472	0.059237	0.046928	0.532776	9016600.000000
2016-01-21	0.017792	0.057748	0.075269	0.051211	1.959816	9839100.000000
2016-01-20	-0.014638	0.046379	0.055593	0.023210	-1.636361	11905200.000000
2016-01-19	0.020142	0.064353	0.074209	0.058238	2.207177	9195300.000000
2016-01-15	-0.012348	0.029849	0.049588	0.029398	-1.369980	10070500.000000
2016-01-14	0.013030	0.055412	0.069473	0.031763	1.427063	9204500.000000
2016-01-13	-0.019755	0.053358	0.054969	0.029998	-2.207169	6986000.000000
2016-01-12	0.006427	0.054183	0.060578	0.046436	0.713516	5639700.000000
2016-01-11	0.010478	0.052668	0.065502	0.052031	1.151162	6392400.000000
2016-01-08	-0.001556	0.051938	0.067570	0.047485	-0.171257	6103400.000000
2016-01-07	-0.023142	0.042598	0.047303	0.026174	-2.606743	7477900.000000
2016-01-06	-0.006711	0.040539	0.051738	0.038863	-0.761078	6543800.000000
2016-01-05	0.013778	0.049601	0.065871	0.048528	1.541199	6314000.000000
2016-01-04	-0.004740	0.043202	0.047472	0.030924	-0.532753	9995000.000000
2015-12-31	-0.010801	0.045752	0.048920	0.038007	-1.227265	3537000.000000
2015-12-30	-0.005330	0.047356	0.050420	0.043767	-0.608887	2400800.000000
2015-12-29	0.011116	0.053333	0.064221	0.051740	1.255814	3213900.000000
2015-12-28	0.001518	0.046954	0.054046	0.046510	0.171242	2777200.000000
2015-12-24	-0.001936	0.050678	0.052801	0.048466	-0.218811	1659300.000000
2015-12-23	0.009174	0.053799	0.061210	0.051388	1.027481	3641900.000000
2015-12-22	0.000255	0.053532	0.054246	0.041742	0.028534	4092000.000000
2015-12-21	0.008829	0.053823	0.060851	0.050670	0.979904	3344600.000000
2015-12-18	-0.007149	0.044321	0.049152	0.036718	-0.799149	11238900.000000
2015-12-17	-0.002885	0.055580	0.060575	0.047998	-0.323455	5275900.000000
2015-12-16	0.007782	0.056154	0.067481	0.047165	0.865745	6306300.000000
2015-12-15	0.005763	0.062331	0.069022	0.056364	0.637406	6118300.000000
2015-12-14	0.001551	0.051935	0.060085	0.038172	0.171257	7660700.000000
2015-12-11	-0.009556	0.039102	0.045829	0.036950	-1.065529	5736400.000000
2015-12-10	0.005318	0.051391	0.059506	0.047694	0.589843	5286800.000000
2015-12-09	0.000429	0.048234	0.058066	0.045438	0.047562	7604700.000000
2015-12-08	0.000945	0.046877	0.055093	0.040647	0.104653	4814200.000000
2015-12-07	0.001893	0.047592	0.053925	0.047050	0.209304	4810700.000000
2015-12-04	0.024782	0.054457	0.078930	0.051398	2.673333	7778200.000000
2015-12-03	-0.002902	0.050104	0.057775	0.043633	-0.313950	6558600.000000
2015-12-02	-0.006378	0.047906	0.049467	0.041936	-0.694489	5692200.000000
2015-12-01	0.002540	0.054435	0.058210	0.047714	0.275887	5321900.000000
2015-11-30	-0.000613	0.052500	0.053513	0.044955	-0.066597	7872000.000000
2015-11-27	0.006343	0.052972	0.059269	0.051305	0.684975	2763700.000000
2015-11-25	0.001050	0.059269	0.065295	0.056303	0.113289	7477200.000000
2015-11-24	-0.001660	0.054087	0.060195	0.049089	-0.179360	6047700.000000
2015-11-23	0.004916	0.060292	0.068569	0.059362	0.528626	4968400.000000
2015-11-20	0.005384	0.059923	0.067496	0.058333	0.575805	6659400.000000
2015-11-19	0.006843	0.059362	0.070470	0.057197	0.726868	5323500.000000
2015-11-18	0.014332	0.062799	0.075118	0.058407	1.500900	5194500.000000
2015-11-17	-0.001080	0.059171	0.066611	0.053639	-0.113273	6027600.000000
2015-11-16	0.009912	0.058206	0.069862	0.055798	1.028923	6731800.000000
2015-11-13	-0.019089	0.056905	0.061724	0.038573	-2.020104	8602400.000000
2015-11-12	-0.015283	0.056105	0.058338	0.042706	-1.642479	5893800.000000
2015-11-11	0.005564	0.063572	0.070683	0.062356	0.594689	8387800.000000
2015-11-10	0.002568	0.057861	0.078686	0.038912	0.273758	12716500.000000
2015-11-09	-0.003354	0.060671	0.060951	0.050854	-0.358704	8423800.000000
2015-11-06	0.004076	0.055137	0.064900	0.052885	0.434212	4615600.000000
2015-11-05	0.004004	0.061247	0.069258	0.057006	0.424789	5059100.000000
2015-11-04	0.002855	0.060402	0.063615	0.052084	0.302071	6797100.000000
2015-11-03	-0.000268	0.057566	0.061252	0.051424	-0.028336	4584900.000000
2015-11-02	-0.001247	0.061344	0.064930	0.049736	-0.132141	5663000.000000
2015-10-30	-0.003285	0.061808	0.065664	0.055881	-0.349258	6409500.000000
2015-10-29	-0.002833	0.056736	0.059456	0.049513	-0.302071	3752600.000000
2015-10-28	0.011644	0.059836	0.071792	0.057084	1.227142	4390300.000000
2015-10-27	-0.004814	0.060212	0.060967	0.044347	-0.509735	10013300.000000
2015-10-26	-0.003641	0.055975	0.072252	0.052117	-0.387016	11478600.000000
2015-10-23	0.015514	0.062324	0.078472	0.061559	1.623604	11677300.000000
2015-10-22	0.081237	0.140565	0.146764	0.119696	7.863220	25286600.000000
2015-10-21	-0.012519	0.060790	0.063545	0.041407	-1.227135	7979600.000000
2015-10-20	-0.006221	0.054901	0.057943	0.048514	-0.613571	4851800.000000
2015-10-19	-0.003149	0.053500	0.062697	0.052590	-0.311539	7064300.000000
2015-10-16	0.011190	0.070194	0.073158	0.056807	1.095002	7168300.000000
2015-10-15	0.008170	0.056786	0.083883	0.046792	0.792953	10168300.000000
2015-10-14	-0.005417	0.067252	0.075245	0.049627	-0.528625	9093000.000000
2015-10-13	0.001356	0.055360	0.062132	0.053102	0.132148	4697300.000000
2015-10-12	0.004671	0.058537	0.065032	0.056785	0.453102	3448200.000000
2015-10-09	-0.001846	0.059876	0.064404	0.052364	-0.179359	5756600.000000
2015-10-08	0.011595	0.060195	0.077058	0.059362	1.113892	8218900.000000
2015-10-07	-0.001276	0.047406	0.059362	0.043144	-0.122719	6497100.000000
2015-10-06	0.007216	0.060304	0.071194	0.059257	0.689094	7252400.000000
2015-10-05	0.013829	0.064457	0.079001	0.063714	1.302666	6501600.000000
2015-10-02	0.010225	0.043811	0.070408	0.041666	0.953407	4400800.000000
2015-10-01	0.002537	0.059039	0.064415	0.050115	0.235993	4456600.000000
2015-09-30	0.010771	0.067295	0.072620	0.062405	0.991157	5517600.000000
2015-09-29	0.015840	0.075921	0.079564	0.068746	1.434838	6944800.000000
2015-09-28	-0.016703	0.052957	0.060990	0.039714	-1.538666	6609800.000000
2015-09-25	0.003084	0.065895	0.074715	0.061213	0.283188	4825800.000000
2015-09-24	-0.000924	0.053379	0.059906	0.047613	-0.084946	4138800.000000
2015-09-23	0.001852	0.059798	0.066446	0.057291	0.169899	3035300.000000
2015-09-22	-0.007150	0.050921	0.061309	0.046485	-0.660782	6254500.000000
2015-09-21	0.008758	0.064055	0.071587	0.058925	0.802368	4543500.000000
2015-09-18	-0.008074	0.048318	0.057846	0.042146	-0.745727	10492700.000000
2015-09-17	-0.008613	0.058074	0.062367	0.045407	-0.802368	7955000.000000
2015-09-16	0.005092	0.064325	0.065296	0.052241	0.471992	5198700.000000
2015-09-15	0.012581	0.062858	0.077060	0.056849	1.151634	5142600.000000
2015-09-14	-0.004517	0.058818	0.062081	0.050879	-0.415359	4557200.000000
2015-09-11	0.022677	0.061809	0.083496	0.059473	2.038978	6656300.000000
2015-09-10	-0.001886	0.054144	0.064024	0.051813	-0.169914	6210800.000000
2015-09-09	-0.013949	0.064944	0.066039	0.042286	-1.274353	5129400.000000
2015-09-08	0.020348	0.075668	0.082035	0.066510	1.821854	5771100.000000
2015-09-04	-0.012082	0.048769	0.054617	0.040604	-1.094994	4429100.000000
2015-09-03	-0.000313	0.067745	0.074694	0.054288	-0.028335	6313900.000000
2015-09-02	0.027496	0.083843	0.089396	0.071602	2.425995	6908100.000000
2015-09-01	-0.016312	0.034277	0.051112	0.032382	-1.463143	7308400.000000
2015-08-31	-0.012779	0.054079	0.055289	0.043953	-1.161087	5086600.000000
2015-08-28	-0.002384	0.054640	0.061338	0.051785	-0.217110	5606000.000000
2015-08-27	0.022911	0.076894	0.093629	0.073412	2.039872	10187100.000000
2015-08-26	0.043197	0.088848	0.115445	0.071741	3.686752	16439800.000000
2015-08-25	-0.017874	0.098614	0.098729	0.047521	-1.553291	11468800.000000
2015-08-24	-0.043859	0.007630	0.054941	-0.037261	-3.986184	15074800.000000
2015-08-21	-0.026363	0.064624	0.064731	0.040520	-2.460952	10980000.000000
2015-08-20	-0.013254	0.064784	0.067638	0.054319	-1.253861	6668000.000000
2015-08-19	0.003374	0.065407	0.080574	0.062649	0.318146	5905700.000000
2015-08-18	0.000993	0.061688	0.076976	0.061688	0.093575	4257300.000000
2015-08-17	0.014002	0.065788	0.086351	0.064927	1.300666	5204100.000000
2015-08-14	-0.001007	0.065253	0.070738	0.061704	-0.093597	3185600.000000
2015-08-13	0.011091	0.066411	0.085441	0.065541	1.019936	4636400.000000
2015-08-12	-0.005364	0.062854	0.064585	0.051606	-0.495919	4167100.000000
2015-08-11	-0.005836	0.061168	0.066222	0.058050	-0.542717	3585000.000000
2015-08-10	0.004751	0.074853	0.079823	0.068155	0.439789	3994500.000000
2015-08-07	-0.004328	0.068050	0.069448	0.059014	-0.402359	3463700.000000
2015-08-06	-0.004509	0.067838	0.072764	0.062377	-0.421081	6740200.000000
2015-08-05	0.006657	0.076133	0.079475	0.069988	0.617576	3560600.000000
2015-08-04	-0.002816	0.069232	0.069770	0.061708	-0.261993	2842100.000000
2015-08-03	-0.004406	0.070193	0.072120	0.059705	-0.411721	4427300.000000
2015-07-31	0.006958	0.073868	0.089493	0.070096	0.645646	7647000.000000
2015-07-30	0.009775	0.061948	0.080991	0.061948	0.898277	5372500.000000
2015-07-29	0.009041	0.070342	0.080334	0.065071	0.823440	6006500.000000
2015-07-28	0.013432	0.073591	0.084051	0.071811	1.207085	4863000.000000
2015-07-27	-0.000624	0.067583	0.075923	0.064247	-0.056145	5818600.000000
2015-07-24	-0.010197	0.072217	0.072217	0.057688	-0.926361	5554600.000000
2015-07-23	-0.005021	0.083152	0.084247	0.053034	-0.458496	10380700.000000
2015-07-22	0.002672	0.072978	0.078907	0.069903	0.243279	5392600.000000
2015-07-21	-0.001744	0.069901	0.071216	0.062885	-0.159073	4206700.000000
2015-07-20	-0.000102	0.071764	0.076477	0.067599	-0.009346	4947000.000000
2015-07-17	-0.003679	0.066948	0.072626	0.059303	-0.336868	6429800.000000
2015-07-16	-0.012214	0.069126	0.069126	0.048631	-1.132218	7696200.000000
2015-07-15	0.002936	0.061879	0.077891	0.058633	0.271355	7572500.000000
2015-07-14	0.003556	0.065329	0.075427	0.063592	0.327507	5746100.000000
2015-07-13	0.007988	0.072525	0.078107	0.069242	0.729858	4578700.000000
2015-07-10	0.012022	0.077112	0.082983	0.073790	1.085434	5179200.000000
2015-07-09	0.006782	0.077616	0.084641	0.075385	0.608223	5247100.000000
2015-07-08	-0.008688	0.057309	0.067700	0.057309	-0.786003	4914300.000000
2015-07-07	0.010768	0.071823	0.081320	0.064114	0.963783	4794400.000000
2015-07-06	-0.005407	0.065583	0.069917	0.058471	-0.486572	3852500.000000
2015-07-02	0.004282	0.072824	0.078069	0.066686	0.383652	3250900.000000
2015-07-01	0.007258	0.069032	0.077126	0.064873	0.645645	4446200.000000
2015-06-30	-0.003877	0.074182	0.078325	0.058617	-0.346222	6656000.000000
2015-06-29	-0.019015	0.061335	0.068036	0.048154	-1.731079	8412800.000000
2015-06-26	0.015659	0.072488	0.086099	0.070257	1.403572	6039500.000000
2015-06-25	-0.008795	0.069358	0.071681	0.059185	-0.795349	4322300.000000
2015-06-24	-0.005557	0.063966	0.071664	0.062756	-0.505303	3927100.000000
2015-06-23	0.003200	0.076638	0.080720	0.071453	0.290078	4541700.000000
2015-06-22	0.008222	0.071253	0.079262	0.069362	0.739219	3893300.000000
2015-06-19	-0.000936	0.071140	0.079474	0.066584	-0.084213	8279300.000000
2015-06-18	0.009977	0.073970	0.084520	0.069368	0.888939	5101000.000000
2015-06-17	0.006235	0.067678	0.078746	0.067678	0.552071	3941000.000000
2015-06-16	0.003499	0.068128	0.072888	0.066428	0.308776	3094800.000000
2015-06-15	-0.007995	0.065097	0.068020	0.057003	-0.711135	5861800.000000
2015-06-12	-0.005544	0.066794	0.068248	0.062099	-0.495926	3702400.000000
2015-06-11	0.003043	0.070938	0.080245	0.070938	0.271347	4203900.000000
2015-06-10	0.006017	0.071967	0.078848	0.069597	0.533371	4828600.000000
2015-06-09	-0.006190	0.070937	0.071386	0.059389	-0.552094	7770900.000000
2015-06-08	-0.002303	0.073840	0.074288	0.065451	-0.205849	4594600.000000
2015-06-05	-0.007995	0.064478	0.066254	0.059374	-0.720497	3959300.000000
2015-06-04	-0.002176	0.066259	0.073677	0.063048	-0.196502	4702800.000000
2015-06-03	0.002389	0.069694	0.077352	0.065143	0.215217	4165700.000000
2015-06-02	0.000727	0.069583	0.077025	0.064141	0.065491	4430300.000000
2015-06-01	0.003023	0.067692	0.079613	0.067692	0.271370	4919200.000000
2015-05-29	-0.005701	0.080990	0.082984	0.061606	-0.514664	6439100.000000
2015-05-28	-0.013598	0.070771	0.073065	0.051104	-1.244499	10204000.000000
2015-05-27	0.002031	0.083566	0.086303	0.075136	0.185532	8129500.000000
2015-05-26	-0.005354	0.076458	0.080269	0.067637	-0.491646	7123100.000000
2015-05-22	-0.002921	0.076571	0.080154	0.073205	-0.269043	4559500.000000
2015-05-21	-0.008291	0.075613	0.076367	0.066676	-0.769959	4729500.000000
2015-05-20	-0.005661	0.080123	0.081194	0.064491	-0.528763	6185100.000000
2015-05-19	0.027138	0.078752	0.111635	0.073913	2.467591	10809200.000000
2015-05-18	-0.000204	0.077213	0.080291	0.073364	-0.018563	4100800.000000
2015-05-15	0.003377	0.078313	0.092655	0.076107	0.306122	7607200.000000
2015-05-14	0.003698	0.081415	0.083740	0.077207	0.333962	4744000.000000
2015-05-13	-0.006125	0.079303	0.083925	0.070609	-0.556587	6526900.000000
2015-05-12	0.004512	0.076656	0.087268	0.071460	0.408165	4848100.000000
2015-05-11	-0.007330	0.076226	0.079738	0.066130	-0.667931	4123700.000000
2015-05-08	0.014983	0.093687	0.104380	0.089232	1.345123	7543100.000000
2015-05-07	0.004046	0.076640	0.088495	0.074963	0.361779	5018900.000000
2015-05-06	0.002705	0.077646	0.083926	0.075179	0.241203	6614500.000000
2015-05-05	0.000000	0.080898	0.081795	0.071703	0.000000	7637000.000000
2015-05-04	-0.017076	0.064425	0.087131	0.058693	-1.549202	8426300.000000
2015-05-01	0.012947	0.079992	0.093836	0.079992	1.159576	6280300.000000
2015-04-30	-0.004844	0.073871	0.081871	0.071205	-0.435989	8300300.000000
2015-04-29	0.001962	0.075199	0.087334	0.069521	0.176247	5697200.000000
2015-04-28	0.004044	0.076082	0.083012	0.070605	0.361793	4357400.000000
2015-04-27	-0.023294	0.077982	0.080166	0.050907	-2.133629	7282700.000000
2015-04-24	0.017938	0.077871	0.101098	0.076204	1.614128	7741300.000000
2015-04-23	-0.008585	0.073575	0.074457	0.063879	-0.779220	6336500.000000
2015-04-22	0.031306	0.102185	0.128887	0.093549	2.755134	19254300.000000
2015-04-21	-0.013620	0.078094	0.082129	0.059601	-1.215233	5981700.000000
2015-04-20	0.013701	0.079345	0.093661	0.079345	1.205948	4382400.000000
2015-04-17	-0.007843	0.072346	0.074826	0.064793	-0.695732	6933600.000000
2015-04-16	-0.008399	0.077200	0.089160	0.067587	-0.751396	5071700.000000
2015-04-15	-0.011683	0.071575	0.077651	0.063621	-1.057533	6604400.000000
2015-04-14	0.001437	0.074885	0.081301	0.072783	0.129875	4961100.000000
2015-04-13	-0.003681	0.073683	0.077431	0.069936	-0.333969	5197900.000000
2015-04-10	0.012947	0.081890	0.093613	0.078094	1.159576	5937800.000000
2015-04-09	-0.003098	0.077982	0.084438	0.070859	-0.278297	4790000.000000
2015-04-08	0.005189	0.082234	0.090849	0.073843	0.463829	4445200.000000
2015-04-07	0.000727	0.077534	0.083692	0.075967	0.064941	4443700.000000
2015-04-06	0.004696	0.077082	0.089118	0.073707	0.417435	4501300.000000
2015-04-02	-0.004777	0.074288	0.077422	0.060294	-0.426712	6614300.000000
2015-04-01	-0.011802	0.071013	0.073336	0.062051	-1.066803	7484800.000000
2015-03-31	-0.004495	0.077322	0.084040	0.073136	-0.408165	5617000.000000
2015-03-30	0.009488	0.083208	0.093102	0.082541	0.853439	4074500.000000
2015-03-27	-0.006964	0.074891	0.080301	0.068377	-0.630813	4642400.000000
2015-03-26	-0.005095	0.072051	0.076115	0.056673	-0.463829	10445800.000000
2015-03-25	-0.012279	0.074402	0.080695	0.064421	-1.131737	6030500.000000
2015-03-24	0.007503	0.076233	0.091318	0.071970	0.686462	7549900.000000
2015-03-23	0.016177	0.075205	0.100975	0.075205	1.456421	9232000.000000
2015-03-20	0.011148	0.081801	0.097525	0.079555	0.992600	10014000.000000
2015-03-19	-0.010516	0.076426	0.078093	0.066647	-0.946221	3615400.000000
2015-03-18	0.008631	0.076189	0.089976	0.068566	0.769959	5831000.000000
2015-03-17	-0.010087	0.075208	0.077982	0.065111	-0.909096	4530700.000000
2015-03-16	0.008303	0.084471	0.090513	0.082346	0.742119	4772200.000000
2015-03-13	0.001039	0.077870	0.086942	0.072382	0.092773	5152800.000000
2015-03-12	0.013585	0.083204	0.094783	0.081615	1.196686	8765100.000000
2015-03-11	-0.013813	0.078094	0.083356	0.062869	-1.233795	9391100.000000
2015-03-10	-0.014533	0.069156	0.071473	0.060220	-1.317284	7838900.000000
2015-03-09	0.005971	0.074431	0.090412	0.074431	0.538048	8460300.000000
2015-03-06	-0.019978	0.068846	0.076677	0.054597	-1.836769	9677900.000000
2015-03-05	-0.011372	0.064648	0.074434	0.058734	-1.057533	9438800.000000
2015-03-04	0.005113	0.078739	0.085980	0.071930	0.473106	9179400.000000
2015-03-03	-0.002600	0.077659	0.082725	0.073131	-0.241180	8149700.000000
2015-03-02	0.011122	0.077982	0.101852	0.071551	1.020416	12363300.000000
2015-02-27	-0.006130	0.074299	0.075707	0.066932	-0.565880	7552500.000000
2015-02-26	0.017381	0.073794	0.100796	0.069055	1.577027	16098800.000000
2015-02-25	0.038745	0.086549	0.136921	0.085976	3.384368	16751600.000000
2015-02-24	0.007104	0.084698	0.099110	0.080202	0.616188	5643600.000000
2015-02-23	0.001274	0.086542	0.089890	0.084579	0.110352	5682000.000000
2015-02-20	0.000000	0.087004	0.090813	0.080077	0.000000	8155000.000000
2015-02-19	-0.004123	0.086431	0.087005	0.077693	-0.358650	6312200.000000
2015-02-18	0.002438	0.085967	0.092421	0.083317	0.211525	5617500.000000
2015-02-17	-0.013592	0.081325	0.084394	0.069616	-1.195603	5972000.000000
2015-02-13	0.005890	0.090895	0.096041	0.085521	0.515046	6762200.000000
2015-02-12	0.009341	0.085503	0.103393	0.082272	0.809288	7910100.000000
2015-02-11	0.002021	0.088969	0.090935	0.079023	0.174751	5153900.000000
2015-02-10	0.014021	0.094504	0.105058	0.090282	1.195556	4697600.000000
2015-02-09	-0.013512	0.079368	0.081103	0.070575	-1.167968	8203000.000000
2015-02-06	-0.003710	0.085160	0.088964	0.079397	-0.321877	4662700.000000
2015-02-05	0.003083	0.087928	0.096368	0.086772	0.266693	5564100.000000
2015-02-04	0.001384	0.082488	0.093255	0.082488	0.119561	6464800.000000
2015-02-03	0.015242	0.088878	0.104628	0.086645	1.296730	7373000.000000
2015-02-02	0.000757	0.082763	0.089938	0.075470	0.064376	6751400.000000
2015-01-30	-0.008899	0.080122	0.087700	0.076158	-0.763328	12385400.000000
2015-01-29	0.050574	0.120664	0.145159	0.117724	4.129303	19146900.000000
2015-01-28	-0.008820	0.089414	0.090385	0.077638	-0.726540	6921300.000000
2015-01-27	-0.012132	0.078835	0.083033	0.074039	-1.011635	6640800.000000
2015-01-26	0.012394	0.085286	0.101191	0.084072	1.020852	7753300.000000
2015-01-23	-0.014633	0.087709	0.096323	0.069884	-1.223160	11496000.000000
2015-01-22	0.006088	0.090721	0.094933	0.081332	0.505821	7536400.000000
2015-01-21	-0.005066	0.079686	0.083279	0.072261	-0.423058	8682200.000000
2015-01-20	-0.007542	0.089133	0.091985	0.072375	-0.634582	6967300.000000
2015-01-16	0.001204	0.083424	0.091039	0.079735	0.101181	6927000.000000
2015-01-15	-0.001748	0.092458	0.096972	0.080580	-0.147148	5737500.000000
2015-01-14	-0.013896	0.071186	0.078214	0.067320	-1.186371	7740600.000000
2015-01-13	-0.001935	0.098339	0.104068	0.080453	-0.165558	5971200.000000
2015-01-12	-0.002146	0.091083	0.094349	0.080234	-0.183929	3989600.000000
2015-01-09	-0.012187	0.082856	0.082856	0.069143	-1.057625	4283300.000000
2015-01-08	0.003723	0.089895	0.098570	0.087813	0.321899	5476700.000000
2015-01-07	0.017424	0.097471	0.106767	0.092763	1.480660	6400300.000000
2015-01-06	0.001843	0.092538	0.105978	0.083224	0.156341	6484100.000000
2015-01-05	-0.011044	0.087817	0.092247	0.075225	-0.947250	6211900.000000
2015-01-02	-0.004696	0.092340	0.102436	0.079807	-0.404648	6019700.000000
2014-12-31	-0.005836	0.081582	0.093695	0.079505	-0.505829	4589300.000000
2014-12-30	-0.008312	0.085176	0.086892	0.076252	-0.726539	3257700.000000
2014-12-29	0.002743	0.082073	0.095151	0.081499	0.239128	4183200.000000
2014-12-26	0.010125	0.090479	0.100098	0.088741	0.873672	3884300.000000
2014-12-24	-0.004139	0.087350	0.091043	0.081811	-0.358665	1729700.000000
2014-12-23	0.003515	0.092793	0.098121	0.088740	0.303497	3590000.000000
2014-12-22	0.007187	0.088050	0.096682	0.085134	0.616173	5342200.000000
2014-12-19	-0.004804	0.085493	0.094896	0.078992	-0.413857	10284300.000000
2014-12-18	0.022040	0.094825	0.112146	0.087350	1.857727	11277100.000000
2014-12-17	0.033025	0.089924	0.128162	0.084654	2.694611	14010000.000000
2014-12-16	0.002939	0.082556	0.115499	0.077025	0.239128	15106700.000000
2014-12-15	-0.023836	0.091430	0.093110	0.058912	-1.986488	10121600.000000
2014-12-12	-0.003847	0.083645	0.092370	0.080896	-0.321884	8691000.000000
2014-12-11	0.010778	0.088438	0.101244	0.087592	0.892089	8972700.000000
2014-12-10	-0.014886	0.083542	0.086517	0.065332	-1.250747	12020800.000000
2014-12-09	-0.013498	0.071969	0.080188	0.068564	-1.149590	10066800.000000
2014-12-08	-0.038418	0.054609	0.100785	0.041287	-3.402763	11792700.000000
2014-12-05	0.006795	0.088714	0.098149	0.087236	0.597778	6209300.000000
2014-12-04	0.001675	0.086098	0.092929	0.083251	0.147156	5149300.000000
2014-12-03	0.004100	0.083806	0.092609	0.083577	0.358658	5316700.000000
2014-12-02	-0.006995	0.080879	0.101200	0.075771	-0.616173	10389700.000000
2014-12-01	-0.010639	0.079937	0.088810	0.074209	-0.947266	5273700.000000
2014-11-28	0.006132	0.084638	0.100685	0.084525	0.542611	3442900.000000
2014-11-26	0.000728	0.089725	0.090064	0.084749	0.064392	3667800.000000
2014-11-25	-0.001750	0.097301	0.098882	0.093350	-0.154984	5369000.000000
2014-11-24	0.005068	0.098665	0.105359	0.095261	0.446686	5222900.000000
2014-11-21	0.000414	0.106384	0.106725	0.094466	0.036468	5483700.000000
2014-11-20	0.000829	0.096736	0.105370	0.096281	0.072930	4551900.000000
2014-11-19	0.001556	0.100717	0.107089	0.097190	0.136726	6631300.000000
2014-11-18	0.004585	0.097763	0.108164	0.090105	0.401123	6258600.000000
2014-11-17	-0.002494	0.095253	0.095481	0.090008	-0.218780	3596500.000000
2014-11-14	0.007645	0.095814	0.116494	0.094550	0.665443	7793400.000000
2014-11-13	0.001574	0.098919	0.107204	0.095237	0.136765	4099800.000000
2014-11-12	0.001997	0.094541	0.099730	0.093388	0.173202	2725700.000000
2014-11-11	0.000316	0.098232	0.100538	0.094887	0.027359	3429000.000000
2014-11-10	0.000105	0.102269	0.103768	0.095579	0.009110	5123900.000000
2014-11-07	0.004648	0.093950	0.102061	0.090009	0.401085	4674600.000000
2014-11-06	0.000212	0.098122	0.100324	0.094413	0.018257	3597300.000000
2014-11-05	0.001799	0.103117	0.103930	0.096034	0.154960	4123800.000000
2014-11-04	0.009187	0.100713	0.108915	0.098838	0.783982	5802200.000000
2014-11-03	-0.001280	0.097548	0.097548	0.088653	-0.109398	4064900.000000
2014-10-31	0.003748	0.103071	0.104363	0.090502	0.319069	6795900.000000
2014-10-30	0.007010	0.095070	0.104770	0.094124	0.592552	3965500.000000
2014-10-29	0.001404	0.097555	0.103123	0.089855	0.118523	5295900.000000
2014-10-28	0.006412	0.102566	0.103997	0.093148	0.537826	5083000.000000
2014-10-27	0.003709	0.095168	0.101989	0.094928	0.309959	4071100.000000
2014-10-24	0.007141	0.093106	0.106243	0.091298	0.592545	5256600.000000
2014-10-23	0.000880	0.107819	0.110955	0.096239	0.072922	5966700.000000
2014-10-22	-0.000769	0.093226	0.102989	0.092021	-0.063805	6455600.000000
2014-10-21	-0.006333	0.077321	0.095286	0.074326	-0.528732	11422200.000000
2014-10-20	0.006041	0.095999	0.103590	0.092986	0.501373	5403200.000000
2014-10-17	0.012568	0.103063	0.111969	0.093668	1.030113	7074500.000000
2014-10-16	-0.005860	0.084227	0.095144	0.083621	-0.483131	7526400.000000
2014-10-15	-0.007245	0.089617	0.095518	0.078539	-0.601685	10468500.000000
2014-10-14	0.004078	0.097930	0.109174	0.095754	0.337311	5539500.000000
2014-10-13	-0.017010	0.094942	0.098389	0.077472	-1.431228	6173800.000000
2014-10-10	-0.004530	0.097436	0.105599	0.091994	-0.382882	5844900.000000
2014-10-09	-0.011830	0.096261	0.098950	0.083869	-1.011879	5068600.000000
2014-10-08	0.010990	0.100154	0.110437	0.096963	0.929848	5586600.000000
2014-10-07	-0.010976	0.093105	0.093456	0.084806	-0.938957	6093800.000000
2014-10-06	-0.010753	0.091181	0.091990	0.083433	-0.929855	4278600.000000
2014-10-03	0.007862	0.110599	0.110599	0.101508	0.674591	3948600.000000
2014-10-02	-0.000743	0.095099	0.101738	0.094750	-0.063805	4116000.000000
2014-10-01	-0.006539	0.091872	0.100087	0.087707	-0.565193	5334600.000000
2014-09-30	-0.014654	0.097077	0.098559	0.075530	-1.285378	10036400.000000
2014-09-29	0.016051	0.091866	0.127080	0.088623	1.385666	16489100.000000
2014-09-26	0.005735	0.095681	0.105351	0.095332	0.492256	3454400.000000
2014-09-25	-0.008842	0.096270	0.100542	0.086109	-0.765754	4569100.000000
2014-09-24	0.015934	0.099192	0.118196	0.098722	1.358291	7817900.000000
2014-09-23	-0.004471	0.094277	0.099532	0.091240	-0.382866	4702700.000000
2014-09-22	-0.004557	0.094173	0.098242	0.090685	-0.391990	4875700.000000
2014-09-19	0.009414	0.102478	0.113978	0.100718	0.802215	9043100.000000
2014-09-18	-0.000535	0.095790	0.101302	0.093796	-0.045585	5488900.000000
2014-09-17	-0.002347	0.096144	0.097899	0.090293	-0.200554	5738600.000000
2014-09-16	0.002996	0.094615	0.104474	0.094381	0.255249	5826200.000000
2014-09-15	0.001393	0.096023	0.103662	0.095905	0.118515	6255000.000000
2014-09-12	0.004088	0.096727	0.107347	0.095311	0.346412	7791300.000000
2014-09-11	-0.000430	0.096255	0.100383	0.090121	-0.036476	5960100.000000
2014-09-10	0.020968	0.093952	0.120687	0.090219	1.741173	12031400.000000
2014-09-09	-0.015243	0.098149	0.099335	0.078700	-1.285354	9795200.000000
2014-09-08	-0.006125	0.093780	0.094016	0.086708	-0.519631	5251900.000000
2014-09-05	0.000645	0.098024	0.098260	0.094486	0.054703	4004600.000000
2014-09-04	-0.001396	0.095550	0.098023	0.092959	-0.118500	4849800.000000
2014-09-03	0.003664	0.102518	0.105119	0.099800	0.309937	4855300.000000
2014-09-02	-0.009816	0.091345	0.096729	0.084907	-0.838677	6727100.000000
2014-08-29	-0.004462	0.097662	0.097662	0.089622	-0.382881	4635100.000000
2014-08-28	0.003197	0.094742	0.107717	0.093105	0.273491	5492400.000000
2014-08-27	0.005738	0.107842	0.113133	0.100435	0.488052	9027300.000000
2014-08-26	-0.003494	0.105846	0.110532	0.101862	-0.298263	6392400.000000
2014-08-25	-0.000106	0.111117	0.117209	0.105963	-0.009033	4614300.000000
2014-08-22	-0.000846	0.106431	0.110294	0.103388	-0.072304	3586900.000000
2014-08-21	0.003610	0.107841	0.113127	0.107019	0.307281	5981600.000000
2014-08-20	-0.002753	0.106431	0.108892	0.101160	-0.234977	4150400.000000
2014-08-19	0.002122	0.110540	0.112301	0.106549	0.180763	3331700.000000
2014-08-18	0.004904	0.110678	0.117638	0.108083	0.415741	4398800.000000
2014-08-15	0.001388	0.111275	0.116000	0.103478	0.117492	4281300.000000
2014-08-14	-0.003193	0.102781	0.105607	0.098188	-0.271141	5644500.000000
2014-08-13	0.004276	0.108678	0.115419	0.106313	0.361542	3595800.000000
2014-08-12	0.000321	0.105248	0.107851	0.101936	0.027107	3235900.000000
2014-08-11	-0.000214	0.108560	0.110808	0.105367	-0.018066	4288400.000000
2014-08-08	0.002572	0.103586	0.112716	0.101807	0.216904	6505900.000000
2014-08-07	-0.001712	0.110575	0.112705	0.103709	-0.144608	3261100.000000
2014-08-06	0.000428	0.105958	0.112589	0.105602	0.036148	3728000.000000
2014-08-05	-0.009331	0.102795	0.106314	0.095169	-0.795349	5494800.000000
2014-08-04	0.000106	0.106431	0.107018	0.097279	0.009033	7652700.000000
2014-08-01	-0.002749	0.103389	0.108421	0.102219	-0.234977	4576400.000000
2014-07-31	-0.014487	0.098014	0.099628	0.090403	-1.256295	6826000.000000
2014-07-30	0.001357	0.110704	0.112436	0.103545	0.117493	6049800.000000
2014-07-29	0.000418	0.107702	0.113825	0.105623	0.036163	6712700.000000
2014-07-28	0.000627	0.103889	0.109321	0.102617	0.054222	4863100.000000
2014-07-25	0.003880	0.106548	0.112233	0.106083	0.334412	4992500.000000
2014-07-24	0.000000	0.107940	0.109565	0.105503	0.000000	7781700.000000
2014-07-23	-0.009557	0.097697	0.101260	0.089767	-0.831512	9483200.000000
2014-07-22	-0.013122	0.081932	0.098492	0.078643	-1.156884	12398100.000000
2014-07-21	-0.014547	0.101178	0.102408	0.090336	-1.301475	6510600.000000
2014-07-18	0.006303	0.109468	0.114530	0.103732	0.560364	4044900.000000
2014-07-17	-0.009066	0.102976	0.104425	0.096177	-0.813416	4099100.000000
2014-07-16	-0.010269	0.099261	0.100916	0.089444	-0.930916	7128700.000000
2014-07-15	-0.001692	0.104779	0.105330	0.099714	-0.153671	3787000.000000
2014-07-14	0.000996	0.109959	0.110400	0.105660	0.090393	4159900.000000
2014-07-11	-0.002088	0.107311	0.108961	0.100381	-0.189804	2812500.000000
2014-07-10	-0.004848	0.097126	0.106213	0.096470	-0.442856	3274900.000000
2014-07-09	0.009791	0.108753	0.119255	0.108311	0.885735	5604900.000000
2014-07-08	-0.000799	0.102234	0.110850	0.101571	-0.072319	3115100.000000
2014-07-07	-0.008021	0.103911	0.103911	0.093721	-0.732079	3951700.000000
2014-07-03	0.004476	0.115126	0.115126	0.108743	0.406723	2295800.000000
2014-07-02	-0.004653	0.106651	0.107308	0.099311	-0.424782	3216700.000000
2014-07-01	0.002581	0.103027	0.113241	0.100940	0.234978	3787700.000000
2014-06-30	-0.007096	0.104359	0.106650	0.095962	-0.650749	4265700.000000
2014-06-27	-0.000492	0.103598	0.108175	0.102508	-0.045181	2785500.000000
2014-06-26	-0.000984	0.106431	0.109480	0.100551	-0.090401	2783200.000000
2014-06-25	0.001380	0.102288	0.111120	0.101634	0.126556	3662000.000000
2014-06-24	-0.004318	0.105671	0.109363	0.101003	-0.397697	4586400.000000
2014-06-23	-0.000098	0.103392	0.107191	0.101980	-0.009033	2919000.000000
2014-06-20	0.000098	0.109580	0.110666	0.103717	0.009033	5418100.000000
2014-06-19	0.005526	0.103047	0.113855	0.103047	0.506141	3372200.000000
2014-06-18	0.000790	0.111566	0.112113	0.102498	0.072297	5441200.000000
2014-06-17	0.001681	0.104352	0.114530	0.103367	0.153640	6479700.000000
2014-06-16	0.006071	0.105661	0.113919	0.103679	0.551346	4038600.000000
2014-06-13	0.007318	0.102550	0.115637	0.102550	0.659775	4014600.000000
2014-06-12	-0.006572	0.106321	0.112932	0.096735	-0.596520	5609100.000000
2014-06-11	-0.004560	0.104896	0.107309	0.100399	-0.415748	6606100.000000
2014-06-10	-0.004932	0.108942	0.108942	0.098792	-0.451904	5961200.000000
2014-06-09	-0.005688	0.102416	0.106866	0.097967	-0.524201	3802600.000000
2014-06-06	-0.004783	0.106000	0.108267	0.099196	-0.442863	2955500.000000
2014-06-05	0.000098	0.105351	0.108160	0.098979	0.009033	2407800.000000
2014-06-04	0.009759	0.105450	0.117556	0.104468	0.894775	3589200.000000
2014-06-03	-0.005685	0.102202	0.106106	0.099708	-0.524200	3363500.000000
2014-06-02	0.005915	0.105995	0.118103	0.105232	0.542274	3001400.000000
2014-05-30	0.000888	0.105449	0.107742	0.099553	0.081353	4232800.000000
2014-05-29	0.008458	0.115019	0.117442	0.110615	0.768219	4123700.000000
2014-05-28	-0.010356	0.109684	0.111863	0.099114	-0.950387	8930700.000000
2014-05-27	0.003530	0.117537	0.125191	0.116115	0.322777	5093200.000000
2014-05-23	-0.004392	0.116112	0.119705	0.107947	-0.403442	4174300.000000
2014-05-22	-0.001073	0.116328	0.119917	0.111761	-0.098648	3376000.000000
2014-05-21	0.010145	0.117327	0.126885	0.115570	0.923485	2735600.000000
2014-05-20	-0.005485	0.114913	0.119174	0.108248	-0.502083	3123700.000000
2014-05-19	-0.010180	0.111781	0.111998	0.100210	-0.941406	3859800.000000
2014-05-16	0.006244	0.115894	0.125034	0.113718	0.573814	5081000.000000
2014-05-15	-0.005144	0.112643	0.115025	0.105823	-0.475189	3810800.000000
2014-05-14	-0.004830	0.117074	0.118043	0.104684	-0.448296	3826300.000000
2014-05-13	0.006514	0.120338	0.123591	0.111446	0.600708	3955400.000000
2014-05-12	-0.000680	0.115566	0.119684	0.113833	-0.062759	3817400.000000
2014-05-09	0.009612	0.114256	0.126290	0.113927	0.878639	3649400.000000
2014-05-08	-0.000098	0.115788	0.117757	0.109552	-0.008942	3384500.000000
2014-05-07	0.010005	0.118775	0.128166	0.115350	0.905533	4322600.000000
2014-05-06	-0.001879	0.114467	0.117114	0.111600	-0.170357	3075100.000000
2014-05-05	-0.002859	0.114800	0.114800	0.106113	-0.260002	3483500.000000
2014-05-02	0.004655	0.117007	0.129932	0.115681	0.421387	4934000.000000
2014-05-01	-0.004143	0.107649	0.111609	0.103798	-0.376556	3531400.000000
2014-04-30	-0.001182	0.115899	0.118207	0.110295	-0.107590	4519800.000000
2014-04-29	0.011863	0.114238	0.131695	0.109790	1.066933	6626100.000000
2014-04-28	-0.004170	0.118118	0.120333	0.103391	-0.376564	7444500.000000
2014-04-25	0.008914	0.115462	0.125516	0.110323	0.797966	5047100.000000
2014-04-24	0.007162	0.119738	0.126264	0.115350	0.636573	4764900.000000
2014-04-23	-0.001913	0.115687	0.122874	0.111869	-0.170372	4179100.000000
2014-04-22	-0.003511	0.119267	0.122064	0.106621	-0.313789	8934300.000000
2014-04-21	-0.005786	0.110343	0.116907	0.104224	-0.520020	6357000.000000
2014-04-17	-0.005752	0.114244	0.117230	0.108934	-0.520027	4545200.000000
2014-04-16	0.000000	0.117230	0.118558	0.111589	0.000000	3532700.000000
2014-04-15	0.007192	0.121923	0.124597	0.114904	0.645546	5882400.000000
2014-04-14	0.008259	0.119506	0.125123	0.115687	0.735192	6155900.000000
2014-04-11	-0.001408	0.112209	0.118715	0.111199	-0.125512	6553600.000000
2014-04-10	0.010981	0.117618	0.132361	0.113195	0.968300	8873000.000000
2014-04-09	0.002753	0.115350	0.120581	0.113303	0.242066	3669500.000000
2014-04-08	0.011030	0.115005	0.129262	0.109716	0.959350	5579500.000000
2014-04-07	-0.008787	0.112045	0.119566	0.100535	-0.771057	5994600.000000
2014-04-04	0.002150	0.116606	0.124030	0.112266	0.188278	5409000.000000
2014-04-03	0.000717	0.120379	0.121293	0.112607	0.062775	2575700.000000
2014-04-02	-0.003167	0.118198	0.119109	0.108970	-0.277954	3701200.000000
2014-04-01	-0.001326	0.116146	0.120925	0.110799	-0.116547	4494000.000000
2014-03-31	0.008124	0.117644	0.129229	0.116038	0.708298	4853300.000000
2014-03-28	0.011231	0.116626	0.130196	0.115930	0.968300	4344100.000000
2014-03-27	0.003339	0.114535	0.121401	0.111626	0.286911	3756000.000000
2014-03-26	-0.000730	0.116861	0.123025	0.114536	-0.062782	4127000.000000
2014-03-25	-0.002807	0.118365	0.118945	0.111291	-0.242066	4929800.000000
2014-03-24	0.007437	0.122593	0.130187	0.121425	0.636574	6393000.000000
2014-03-21	-0.011698	0.122508	0.124587	0.102303	-1.013130	12625800.000000
2014-03-20	0.005203	0.113493	0.125215	0.111984	0.448288	4242600.000000
2014-03-19	-0.012434	0.114891	0.115121	0.097813	-1.084862	5556900.000000
2014-03-18	-0.002971	0.117635	0.119807	0.111007	-0.260010	3269500.000000
2014-03-17	0.000205	0.121751	0.122436	0.113978	0.017937	5554300.000000
2014-03-14	0.002157	0.114891	0.121306	0.111226	0.188263	5510700.000000
2014-03-13	-0.013575	0.117497	0.117497	0.096141	-1.201409	5480200.000000
2014-03-12	-0.000709	0.111172	0.118624	0.108236	-0.062767	6701700.000000
2014-03-11	0.037605	0.124019	0.158933	0.121325	3.209763	16354400.000000
2014-03-10	-0.003141	0.112547	0.117452	0.109160	-0.268974	4388900.000000
2014-03-07	-0.000837	0.117217	0.117800	0.108232	-0.071724	3724000.000000
2014-03-06	0.005893	0.115819	0.122979	0.112180	0.502083	4362900.000000
2014-03-05	0.000421	0.119577	0.122748	0.114880	0.035858	3913300.000000
2014-03-04	0.006998	0.126347	0.126584	0.121735	0.591751	4655200.000000
2014-03-03	-0.008723	0.104683	0.111247	0.101869	-0.744171	5149300.000000
2014-02-28	0.000736	0.115702	0.119807	0.112769	0.062774	5104700.000000
2014-02-27	0.000000	0.117227	0.119221	0.110306	0.000000	4179600.000000
2014-02-26	-0.007555	0.124968	0.126249	0.114257	-0.648979	4265900.000000
2014-02-25	0.001243	0.124385	0.127416	0.117741	0.106667	4233600.000000
2014-02-24	0.000519	0.124618	0.130566	0.122402	0.044464	4472200.000000
2014-02-21	0.007311	0.128259	0.139536	0.128259	0.622314	5284300.000000
2014-02-20	0.002093	0.126147	0.131444	0.124145	0.177788	2975000.000000
2014-02-19	-0.004895	0.122040	0.132349	0.118291	-0.417831	4505500.000000
2014-02-18	0.002506	0.127788	0.134129	0.122033	0.213356	5454200.000000
2014-02-14	0.003352	0.122966	0.130861	0.120727	0.284492	3532900.000000
2014-02-13	0.006007	0.122481	0.133031	0.120228	0.506722	3617900.000000
2014-02-12	-0.004720	0.126032	0.128745	0.118363	-0.400040	4268900.000000
2014-02-11	0.005060	0.127223	0.136473	0.124496	0.426727	5343500.000000
2014-02-10	-0.011051	0.122858	0.124969	0.108434	-0.942367	6968200.000000
2014-02-07	0.010322	0.126629	0.136818	0.121060	0.871238	6591200.000000
2014-02-06	0.014533	0.128337	0.144204	0.126174	1.209038	5356900.000000
2014-02-05	0.005264	0.121348	0.133914	0.114339	0.435631	4958900.000000
2014-02-04	0.000752	0.122917	0.130293	0.119652	0.062218	6300400.000000
2014-02-03	-0.012212	0.129271	0.131660	0.109801	-1.022354	6904700.000000
2014-01-31	0.003945	0.115858	0.133846	0.114658	0.328933	5972500.000000
2014-01-30	0.006978	0.127750	0.135116	0.122195	0.577858	4987400.000000
2014-01-29	-0.010937	0.122224	0.126285	0.109205	-0.915680	8013500.000000
2014-01-28	0.001169	0.127961	0.131667	0.125210	0.097794	3682800.000000
2014-01-27	-0.003813	0.123184	0.127829	0.118776	-0.320061	6607600.000000
2014-01-24	-0.009337	0.117889	0.132404	0.113877	-0.791214	6944800.000000
2014-01-23	0.004638	0.120939	0.137537	0.120346	0.391175	7146000.000000
2014-01-22	-0.002104	0.124733	0.127691	0.120238	-0.177804	4976400.000000
2014-01-21	0.001580	0.129947	0.137056	0.125799	0.133339	6462700.000000
2014-01-17	-0.011763	0.124383	0.125671	0.109746	-1.004554	5975300.000000
2014-01-16	0.006285	0.124145	0.134750	0.121670	0.533401	5058000.000000
2014-01-15	0.002520	0.128041	0.130167	0.124025	0.213356	3560600.000000
2014-01-14	0.004113	0.124614	0.131613	0.124496	0.346710	3842200.000000
2014-01-13	-0.010125	0.125204	0.125204	0.110644	-0.862320	5753200.000000
2014-01-10	0.003562	0.129212	0.133807	0.126973	0.302254	5512200.000000
2014-01-09	0.000524	0.134637	0.135934	0.122965	0.044449	7709000.000000
2014-01-08	-0.010064	0.115165	0.117032	0.108746	-0.862335	7669800.000000
2014-01-07	0.005529	0.131071	0.139286	0.128137	0.471168	4881800.000000
2014-01-06	-0.007147	0.125784	0.125784	0.112967	-0.613395	5022700.000000
2014-01-03	0.001348	0.130569	0.132085	0.125902	0.115547	2965300.000000
2014-01-02	-0.006390	0.122301	0.124852	0.115925	-0.551171	2925800.000000
2013-12-31	0.000206	0.124156	0.125663	0.120445	0.017769	2560900.000000
2013-12-30	0.001032	0.124503	0.127637	0.123459	0.088898	2293000.000000
2013-12-27	0.000723	0.125200	0.129962	0.124387	0.062241	1987100.000000
2013-12-26	0.003108	0.127532	0.129163	0.125900	0.266716	1978300.000000
2013-12-24	0.002492	0.122983	0.130108	0.122983	0.213340	1155900.000000
2013-12-23	-0.002176	0.127299	0.129980	0.119490	-0.186691	3296300.000000
2013-12-20	0.014400	0.128635	0.141049	0.127216	1.217957	8039500.000000
2013-12-19	-0.008235	0.124265	0.129190	0.113126	-0.702332	5476500.000000
2013-12-18	0.016423	0.128189	0.143563	0.127116	1.377968	5526800.000000
2013-12-17	-0.011210	0.124734	0.126384	0.110946	-0.951241	4460300.000000
2013-12-16	0.010695	0.131164	0.140812	0.130330	0.897889	4868100.000000
2013-12-13	0.003613	0.125927	0.131068	0.124254	0.302269	3277500.000000
2013-12-12	-0.012177	0.126505	0.129811	0.110446	-1.031250	5719900.000000
2013-12-11	-0.001781	0.125795	0.128270	0.121787	-0.151116	5194500.000000
2013-12-10	-0.003030	0.124499	0.124616	0.117213	-0.257843	4190600.000000
2013-12-09	-0.011157	0.117066	0.121365	0.109164	-0.960113	5056100.000000
2013-12-06	0.014356	0.130863	0.142768	0.130392	1.217956	5811200.000000
2013-12-05	-0.002926	0.120856	0.126144	0.118858	-0.248932	5076500.000000
2013-12-04	-0.006952	0.116449	0.121934	0.112947	-0.595634	4951300.000000
2013-12-03	-0.001347	0.127649	0.127649	0.119723	-0.115578	4851900.000000
2013-12-02	-0.008832	0.123928	0.123928	0.112837	-0.764534	4810000.000000
2013-11-29	0.003194	0.127054	0.131110	0.125084	0.275597	2920300.000000
2013-11-27	-0.003389	0.127508	0.127970	0.119770	-0.293389	3501500.000000
2013-11-26	-0.007279	0.132831	0.136156	0.125378	-0.634796	5517400.000000
2013-11-25	0.006615	0.139747	0.145749	0.138593	0.573097	20420800.000000
2013-11-22	0.005834	0.135832	0.143610	0.130376	0.502541	16495500.000000
2013-11-21	0.001640	0.137230	0.140602	0.134788	0.141060	12884800.000000
2013-11-20	-0.004491	0.129461	0.135017	0.124946	-0.387932	3815100.000000
2013-11-19	0.003379	0.132697	0.141641	0.130839	0.290947	3836600.000000
2013-11-18	0.007532	0.133973	0.144388	0.133973	0.643631	4966700.000000
2013-11-15	-0.006560	0.132928	0.135951	0.120721	-0.564270	7096800.000000
2013-11-14	-0.005606	0.135016	0.141028	0.123456	-0.484909	6594200.000000
2013-11-13	0.004608	0.132000	0.139549	0.130142	0.396736	4164800.000000
2013-11-12	0.005871	0.133974	0.142034	0.131403	0.502564	3845000.000000
2013-11-11	0.000824	0.132102	0.139819	0.131752	0.070518	2573800.000000
2013-11-08	-0.001954	0.133857	0.135374	0.123939	-0.167496	5052400.000000
2013-11-07	-0.007150	0.134902	0.136408	0.121232	-0.617172	4921000.000000
2013-11-06	0.005030	0.137118	0.143289	0.134906	0.432015	4365900.000000
2013-11-05	0.001028	0.135023	0.139335	0.130827	0.088157	4338200.000000
2013-11-04	0.000720	0.134441	0.137240	0.129425	0.061730	5023900.000000
2013-11-01	0.007459	0.134207	0.145723	0.134207	0.634796	5127300.000000
2013-10-31	0.005103	0.136215	0.142120	0.135152	0.432014	4271300.000000
2013-10-30	-0.000208	0.135624	0.138930	0.130428	-0.017631	3404300.000000
2013-10-29	0.007130	0.137180	0.142889	0.133375	0.599540	3975100.000000
2013-10-28	0.006225	0.133130	0.145456	0.133011	0.520195	3836400.000000
2013-10-25	0.001056	0.135405	0.137441	0.130374	0.088158	3055900.000000
2013-10-24	0.004989	0.136615	0.141431	0.134568	0.414398	3640900.000000
2013-10-23	-0.009567	0.133730	0.135161	0.120018	-0.802330	4581200.000000
2013-10-22	0.005603	0.135286	0.144999	0.129651	0.467301	5144000.000000
2013-10-21	-0.006408	0.116336	0.130037	0.110856	-0.537834	9137700.000000
2013-10-18	-0.002828	0.136939	0.136939	0.122921	-0.238068	7286100.000000
2013-10-17	0.002626	0.133850	0.137780	0.127418	0.220428	3860500.000000
2013-10-16	0.015139	0.140253	0.151619	0.138318	1.251969	4708700.000000
2013-10-15	-0.009713	0.125466	0.127980	0.119000	-0.811127	5878900.000000
2013-10-14	-0.000211	0.130256	0.135883	0.127503	-0.017639	3429700.000000
2013-10-11	0.003177	0.137210	0.138531	0.132886	0.264519	4132600.000000
2013-10-10	0.012544	0.145759	0.148435	0.137126	1.031540	4531000.000000
2013-10-09	-0.007132	0.132758	0.134448	0.124548	-0.590729	5159400.000000
2013-10-08	-0.004451	0.133125	0.136851	0.129158	-0.370308	3643900.000000
2013-10-07	-0.003590	0.128937	0.135405	0.127500	-0.299751	3037100.000000
2013-10-04	0.000317	0.133488	0.135765	0.130972	0.026458	3047700.000000
2013-10-03	-0.006402	0.132660	0.133374	0.126232	-0.537819	4855700.000000
2013-10-02	-0.008842	0.127718	0.131257	0.109194	-0.749435	7250300.000000
2013-10-01	-0.000832	0.133853	0.136329	0.129963	-0.070534	3240700.000000
2013-09-30	-0.009370	0.126499	0.129185	0.110733	-0.802353	4404500.000000
2013-09-27	-0.010897	0.130742	0.131897	0.120461	-0.943351	3533100.000000
2013-09-26	0.005839	0.137344	0.142340	0.136182	0.502548	3604900.000000
2013-09-25	-0.001636	0.134439	0.136643	0.129915	-0.141068	4053200.000000
2013-09-24	0.005140	0.132575	0.149597	0.129310	0.440834	4810300.000000
2013-09-23	0.003922	0.135027	0.142167	0.133271	0.335045	3301600.000000
2013-09-20	-0.010417	0.131659	0.135713	0.122392	-0.899322	8077000.000000
2013-09-19	-0.007903	0.131909	0.132024	0.114672	-0.687699	6430800.000000
2013-09-18	0.007966	0.133628	0.146601	0.130964	0.687699	4279600.000000
2013-09-17	0.002149	0.132698	0.141752	0.131653	0.185157	3256900.000000
2013-09-16	0.003698	0.140382	0.143761	0.134790	0.317399	3490900.000000
2013-09-13	0.001749	0.136074	0.139693	0.133623	0.149887	2668700.000000
2013-09-12	-0.002873	0.134440	0.138746	0.129668	-0.246880	4277300.000000
2013-09-11	0.005883	0.131515	0.140880	0.128120	0.502579	3928600.000000
2013-09-10	0.004562	0.141851	0.144908	0.134795	0.387916	4984300.000000
2013-09-09	0.001974	0.133736	0.140452	0.133618	0.167527	3525200.000000
2013-09-06	0.006272	0.136697	0.147131	0.129346	0.528991	4485800.000000
2013-09-05	0.005254	0.136233	0.149702	0.133253	0.440842	4275300.000000
2013-09-04	0.006771	0.133967	0.144287	0.132047	0.564278	2898800.000000
2013-09-03	0.001695	0.143102	0.145265	0.131322	0.141052	3672100.000000
2013-08-30	-0.005271	0.135881	0.137435	0.125598	-0.440827	3993000.000000
2013-08-29	-0.004721	0.138253	0.142180	0.126948	-0.396743	4796600.000000
2013-08-28	0.013075	0.145299	0.161334	0.145299	1.084526	5482500.000000
2013-08-27	-0.004931	0.137972	0.141931	0.127775	-0.411072	4513100.000000
2013-08-26	0.001892	0.146135	0.153106	0.143010	0.157425	3060000.000000
2013-08-23	-0.003457	0.144688	0.146005	0.136783	-0.288620	12274200.000000
2013-08-22	0.003680	0.146496	0.150343	0.144572	0.306099	15364400.000000
2013-08-21	-0.004084	0.142293	0.147201	0.138701	-0.341095	3430600.000000
2013-08-20	0.000209	0.143729	0.148399	0.141933	0.017479	2827800.000000
2013-08-19	0.004735	0.144453	0.154920	0.143611	0.393585	3126200.000000
2013-08-16	-0.003774	0.141093	0.144689	0.138816	-0.314835	3324000.000000
2013-08-15	-0.007492	0.136708	0.140991	0.132425	-0.629737	4207500.000000
2013-08-14	-0.003525	0.140881	0.142422	0.133768	-0.297364	5448700.000000
2013-08-13	-0.006080	0.143134	0.144077	0.132412	-0.516021	5188300.000000
2013-08-12	-0.005941	0.141848	0.145479	0.136109	-0.507264	3256800.000000
2013-08-09	-0.004284	0.141737	0.147568	0.132058	-0.367355	4041800.000000
2013-08-08	-0.002949	0.146975	0.151045	0.133021	-0.253624	4862300.000000
2013-08-07	-0.003648	0.142328	0.146846	0.138504	-0.314850	3256400.000000
2013-08-06	-0.006243	0.143601	0.144407	0.132548	-0.542244	3507200.000000
2013-08-05	0.001109	0.141180	0.146136	0.139106	0.096192	3326400.000000
2013-08-02	0.002020	0.141176	0.145680	0.137018	0.174919	3224300.000000
2013-08-01	0.009380	0.149665	0.156893	0.146168	0.804634	3954600.000000
2013-07-31	-0.002948	0.142789	0.145346	0.134769	-0.253639	5343000.000000
2013-07-30	0.005109	0.144889	0.151197	0.143020	0.437301	4127400.000000
2013-07-29	-0.001632	0.142554	0.143370	0.135906	-0.139923	3592500.000000
2013-07-26	0.005539	0.140555	0.150290	0.136685	0.472275	4561600.000000
2013-07-25	0.008587	0.143489	0.154371	0.142187	0.725937	4208100.000000
2013-07-24	-0.001033	0.148688	0.150933	0.137935	-0.087456	5197900.000000
2013-07-23	-0.008403	0.143019	0.145011	0.132825	-0.717186	6989300.000000
2013-07-22	-0.026828	0.114635	0.116687	0.106767	-2.352699	13209600.000000
2013-07-19	0.000899	0.143599	0.145995	0.135952	0.078735	4508300.000000
2013-07-18	0.000799	0.147711	0.151023	0.142114	0.069939	3401600.000000
2013-07-17	-0.007732	0.133963	0.137363	0.125463	-0.682175	5377400.000000
2013-07-16	0.001290	0.136902	0.147569	0.128844	0.113693	4406200.000000
2013-07-15	-0.008171	0.143595	0.145059	0.133465	-0.725929	4480700.000000
2013-07-12	0.007838	0.141101	0.154941	0.140080	0.690941	4766800.000000
2013-07-11	0.008102	0.152176	0.154578	0.140854	0.708443	4064100.000000
2013-07-10	-0.000100	0.145200	0.147601	0.136624	-0.008744	3532400.000000
2013-07-09	0.001101	0.147491	0.148979	0.135586	0.096192	4120100.000000
2013-07-08	0.000200	0.148179	0.150698	0.139821	0.017494	4064300.000000
2013-07-05	-0.004883	0.147244	0.148953	0.130837	-0.428543	3933900.000000
2013-07-03	0.004203	0.143599	0.150578	0.140853	0.367317	1676300.000000
2013-07-02	0.001102	0.143370	0.151159	0.138445	0.096214	3850500.000000
2013-07-01	0.008283	0.147412	0.158384	0.146373	0.717179	4053500.000000
2013-06-28	-0.006523	0.141764	0.148648	0.135109	-0.568497	5386400.000000
2013-06-27	0.008195	0.150427	0.154707	0.146725	0.708435	4497100.000000
2013-06-26	0.013536	0.153219	0.162364	0.149467	1.154495	3585500.000000
2013-06-25	0.002364	0.150657	0.151597	0.141607	0.201142	3211300.000000
2013-06-24	0.000617	0.135256	0.149015	0.129141	0.052475	4244500.000000
2013-06-21	0.004546	0.150103	0.154711	0.144551	0.384826	7227000.000000
2013-06-20	-0.020443	0.138279	0.141866	0.118029	-1.766708	5550100.000000
2013-06-19	-0.009424	0.142912	0.147038	0.129386	-0.822136	3518200.000000
2013-06-18	0.010229	0.146149	0.158424	0.145802	0.883362	3340100.000000
2013-06-17	0.003251	0.153593	0.158124	0.141976	0.279877	4884800.000000
2013-06-14	-0.004652	0.142792	0.149614	0.135854	-0.402314	3351100.000000
2013-06-13	0.006514	0.141741	0.153030	0.139064	0.559731	2927800.000000
2013-06-12	0.000102	0.149306	0.153497	0.141508	0.008758	4485200.000000
2013-06-11	-0.013061	0.137511	0.142911	0.126598	-1.136985	4812800.000000
2013-06-10	0.012719	0.161054	0.165475	0.153143	1.093269	5718400.000000
2013-06-07	0.016549	0.147864	0.167141	0.147155	1.399361	5036800.000000
2013-06-06	0.002697	0.143015	0.148232	0.128429	0.227401	5817300.000000
2013-06-05	-0.019823	0.140581	0.140929	0.117218	-1.705497	5394800.000000
2013-06-04	0.004186	0.143954	0.151774	0.139635	0.358604	4902300.000000
2013-06-03	0.014394	0.145738	0.160183	0.143370	1.215691	4224000.000000
2013-05-31	-0.005151	0.141250	0.150908	0.137363	-0.437310	5443400.000000
2013-05-30	-0.012311	0.144999	0.146977	0.126036	-1.058250	8028900.000000
2013-05-29	-0.021632	0.145499	0.145499	0.118637	-1.900520	8770700.000000
2013-05-28	0.009473	0.161175	0.171287	0.159107	0.824417	14083800.000000
2013-05-24	-0.007325	0.148108	0.148108	0.137501	-0.642174	13161000.000000
2013-05-23	-0.006978	0.145533	0.149723	0.136585	-0.616127	13743100.000000
2013-05-22	-0.003916	0.152780	0.155262	0.144093	-0.347130	4648200.000000
2013-05-21	0.005909	0.153576	0.164585	0.150966	0.520668	4078600.000000
2013-05-20	0.000000	0.148924	0.156868	0.148924	0.000000	2233100.000000
2013-05-17	0.004154	0.152100	0.161217	0.148682	0.364487	4015300.000000
2013-05-16	-0.008141	0.148146	0.150407	0.139782	-0.720261	4251800.000000
2013-05-15	0.007411	0.153467	0.161779	0.153467	0.650841	3402600.000000
2013-05-14	0.008169	0.153476	0.165071	0.153017	0.711601	3810800.000000
2013-05-13	0.001797	0.150258	0.158079	0.147728	0.156220	3154100.000000
2013-05-10	0.005116	0.155334	0.158223	0.148976	0.442566	5036900.000000
2013-05-09	-0.012481	0.150388	0.155525	0.135320	-1.093430	10628500.000000
2013-05-08	-0.013100	0.152216	0.152216	0.135092	-1.162872	5228800.000000
2013-05-07	0.002155	0.152554	0.157408	0.149167	0.190918	4304200.000000
2013-05-06	-0.008259	0.150537	0.150985	0.142587	-0.737633	3314200.000000
2013-05-03	0.008427	0.162038	0.166780	0.157861	0.746323	4109400.000000
2013-05-02	0.006707	0.153237	0.163240	0.149373	0.590080	3821100.000000
2013-05-01	-0.007440	0.150523	0.155713	0.143190	-0.659508	2720100.000000
2013-04-30	-0.000391	0.153343	0.154358	0.145336	-0.034706	4205200.000000
2013-04-29	0.012786	0.159981	0.170945	0.155298	1.119461	3417700.000000
2013-04-26	-0.000495	0.151072	0.152899	0.146163	-0.043404	3113600.000000
2013-04-25	-0.000792	0.155180	0.159286	0.150389	-0.069427	3529400.000000
2013-04-24	0.012631	0.156140	0.169424	0.156140	1.093468	4593000.000000
2013-04-23	0.004430	0.151748	0.163002	0.151052	0.381820	5753500.000000
2013-04-22	-0.006005	0.145755	0.149330	0.134568	-0.520683	5620500.000000
2013-04-19	-0.019527	0.137289	0.147014	0.124512	-1.726944	8227700.000000
2013-04-18	-0.006144	0.147159	0.148845	0.124908	-0.546699	5696900.000000
2013-04-17	-0.004853	0.146960	0.153111	0.140697	-0.433930	4191500.000000
2013-04-16	0.008713	0.155148	0.162481	0.150862	0.772354	3199300.000000
2013-04-15	-0.013901	0.147323	0.150660	0.136087	-1.249633	5643600.000000
2013-04-12	0.015688	0.146792	0.171648	0.146792	1.388473	5714000.000000
2013-04-11	0.004927	0.150625	0.163455	0.150625	0.433914	4049400.000000
2013-04-10	0.004255	0.153012	0.160082	0.151758	0.373146	3159400.000000
2013-04-09	-0.004335	0.152328	0.152328	0.141770	-0.381820	3690400.000000
2013-04-08	0.000789	0.148465	0.153237	0.145852	0.069427	4163600.000000
2013-04-05	0.007851	0.147061	0.161947	0.142938	0.685570	5693000.000000
2013-04-04	0.013904	0.155695	0.170440	0.155579	1.197563	5860600.000000
2013-04-03	-0.010074	0.151754	0.155087	0.138536	-0.876480	4454400.000000
2013-04-02	0.012216	0.156400	0.168267	0.152096	1.050064	5136800.000000
2013-04-01	-0.006420	0.149092	0.152213	0.142619	-0.555412	3155800.000000
2013-03-28	0.007988	0.152095	0.162581	0.149648	0.685562	3954700.000000
2013-03-27	0.004061	0.148702	0.161570	0.148585	0.347122	4401700.000000
2013-03-26	0.002647	0.153618	0.157372	0.152563	0.225632	4434000.000000
2013-03-25	-0.010376	0.154534	0.156159	0.138979	-0.893837	4932500.000000
2013-03-22	0.007511	0.152211	0.165076	0.152211	0.642196	4160000.000000
2013-03-21	-0.002430	0.149178	0.153612	0.148245	-0.208282	3523400.000000
2013-03-20	0.003760	0.154553	0.158184	0.154553	0.321075	3534900.000000
2013-03-19	-0.001725	0.154783	0.157238	0.148003	-0.147514	4648500.000000
2013-03-18	-0.011037	0.144004	0.148513	0.135448	-0.954605	3934500.000000
2013-03-15	0.003625	0.148383	0.156854	0.146643	0.312424	6388000.000000
2013-03-14	-0.000704	0.152096	0.152328	0.146763	-0.060753	3649900.000000
2013-03-13	0.006278	0.152095	0.160612	0.149761	0.538040	3896600.000000
2013-03-12	-0.001315	0.151979	0.152095	0.148133	-0.112816	3856000.000000
2013-03-11	0.001824	0.149410	0.154430	0.147309	0.156220	4853400.000000
2013-03-08	0.016686	0.164672	0.174404	0.163485	1.405853	8838100.000000
2013-03-07	0.002892	0.150305	0.156494	0.150305	0.242973	4566400.000000
2013-03-06	0.010437	0.154012	0.164475	0.153771	0.867790	5052000.000000
2013-03-05	0.007784	0.158025	0.164813	0.155480	0.642197	5643000.000000
2013-03-04	-0.006375	0.151365	0.152208	0.142573	-0.529365	4636900.000000
2013-03-01	-0.002294	0.149685	0.151367	0.141033	-0.190934	3823200.000000
2013-02-28	0.001776	0.152087	0.158227	0.149680	0.147545	3967600.000000
2013-02-27	0.002934	0.151242	0.158365	0.148224	0.242989	4326800.000000
2013-02-26	0.000832	0.164162	0.166820	0.160537	0.068878	6451100.000000
2013-02-25	0.009344	0.163210	0.180283	0.161746	0.766167	9028000.000000
2013-02-22	0.011791	0.163228	0.175321	0.158046	0.955558	4421300.000000
2013-02-21	0.002449	0.155811	0.168304	0.154079	0.197998	4424600.000000
2013-02-20	0.000639	0.162614	0.169422	0.160386	0.051644	4023800.000000
2013-02-19	-0.000532	0.164593	0.168923	0.160016	-0.043038	4401900.000000
2013-02-15	0.003634	0.164728	0.170936	0.157279	0.292694	5094100.000000
2013-02-14	-0.004681	0.159894	0.160265	0.151615	-0.378761	5360900.000000
2013-02-13	-0.011567	0.156005	0.157349	0.141836	-0.946968	6663100.000000
2013-02-12	-0.000736	0.160159	0.163699	0.157230	-0.060280	4526900.000000
2013-02-11	0.003162	0.160155	0.167011	0.158318	0.258255	3557600.000000
2013-02-08	0.002537	0.158678	0.172058	0.158310	0.206635	5331600.000000
2013-02-07	-0.004628	0.161135	0.161502	0.149406	-0.378792	5619600.000000
2013-02-06	0.001686	0.156484	0.166765	0.155505	0.137749	4482700.000000
2013-02-05	0.003277	0.161501	0.173167	0.160519	0.266868	4952800.000000
2013-02-04	-0.014070	0.154966	0.159687	0.144070	-1.162170	5933300.000000
2013-02-01	0.006926	0.165159	0.174180	0.164184	0.568168	5481100.000000
2013-01-31	0.006549	0.160765	0.169232	0.159047	0.533738	5740500.000000
2013-01-30	-0.002634	0.161135	0.163827	0.155628	-0.215218	4657600.000000
2013-01-29	0.005935	0.159039	0.169380	0.157808	0.482079	4929700.000000
2013-01-28	0.006829	0.164351	0.172283	0.160633	0.550949	4564600.000000
2013-01-25	0.004394	0.161624	0.169467	0.161250	0.352943	5461600.000000
2013-01-24	-0.001818	0.162867	0.163115	0.155908	-0.146332	5157200.000000
2013-01-23	0.005702	0.167873	0.171622	0.152876	0.456261	9368000.000000
2013-01-22	0.007479	0.160239	0.175096	0.155958	0.593994	6967300.000000
2013-01-18	0.005449	0.165548	0.168460	0.162763	0.430420	5579900.000000
2013-01-17	0.007245	0.166087	0.174375	0.164302	0.568176	4044600.000000
2013-01-16	-0.004481	0.156800	0.159212	0.154007	-0.352974	2925800.000000
2013-01-15	-0.000218	0.156294	0.162893	0.153121	-0.017196	3910400.000000
2013-01-14	-0.002181	0.162004	0.166563	0.157825	-0.172188	3828100.000000
2013-01-11	0.003611	0.168487	0.168996	0.157176	0.284103	3692600.000000
2013-01-10	0.006497	0.168532	0.172241	0.164438	0.507912	4393300.000000
2013-01-09	-0.001430	0.159836	0.165456	0.154215	-0.111916	4822100.000000
2013-01-08	0.000330	0.156896	0.162263	0.149613	0.025803	6285200.000000
2013-01-07	0.011798	0.160590	0.177138	0.153867	0.912544	5820900.000000
2013-01-04	-0.008607	0.161496	0.163675	0.149319	-0.671493	5374100.000000
2013-01-03	0.005659	0.164073	0.169100	0.162140	0.439056	5473500.000000
2013-01-02	0.021653	0.177295	0.189805	0.176373	1.644249	7377200.000000
2012-12-31	0.007193	0.159502	0.170511	0.151411	0.542336	6236600.000000
2012-12-28	-0.012849	0.155339	0.159267	0.145258	-0.981377	3725600.000000
2012-12-27	-0.000225	0.163719	0.166729	0.148796	-0.017212	4576600.000000
2012-12-26	-0.006160	0.159413	0.162665	0.149916	-0.473480	3054000.000000
2012-12-24	-0.009869	0.154024	0.155312	0.147712	-0.766167	2375000.000000
2012-12-21	0.001555	0.156593	0.163559	0.149626	0.120522	10730000.000000
2012-12-20	0.003678	0.164991	0.166933	0.158257	0.284080	4298900.000000
2012-12-19	-0.008948	0.164319	0.165859	0.151101	-0.697288	5152900.000000
2012-12-18	0.006784	0.162658	0.173123	0.161753	0.525116	5340500.000000
2012-12-17	0.011589	0.165022	0.175347	0.163323	0.886680	5956500.000000
2012-12-14	-0.003252	0.157325	0.164490	0.152896	-0.249641	4364600.000000
2012-12-13	-0.001567	0.161104	0.167087	0.156682	-0.120506	4639700.000000
2012-12-12	-0.003459	0.164865	0.166420	0.156180	-0.266877	4219500.000000
2012-12-11	0.002349	0.166171	0.166821	0.156297	0.180779	7333000.000000
2012-12-10	0.010511	0.181186	0.183812	0.168583	0.800613	9276400.000000
2012-12-07	0.004427	0.174811	0.175470	0.163075	0.335732	8086500.000000
2012-12-06	0.012878	0.163494	0.180591	0.163361	0.964172	6580200.000000
2012-12-05	-0.002638	0.164688	0.171882	0.155363	-0.198013	5349700.000000
2012-12-04	0.001608	0.156020	0.165894	0.151083	0.120529	6109700.000000
2012-12-03	0.000230	0.166696	0.166829	0.157888	0.017235	6638100.000000
2012-11-30	0.006359	0.156118	0.172637	0.154372	0.473457	7369800.000000
2012-11-29	0.008630	0.170972	0.178287	0.166366	0.637055	4873900.000000
2012-11-28	0.006983	0.171919	0.182150	0.168918	0.511909	7155400.000000
2012-11-27	-0.003711	0.172055	0.175045	0.166347	-0.273033	4633200.000000
2012-11-26	-0.009305	0.165054	0.166939	0.155225	-0.691093	5619200.000000
2012-11-23	0.012092	0.182412	0.186500	0.179550	0.887336	2474400.000000
2012-11-21	0.003851	0.177253	0.179989	0.166720	0.281548	3900700.000000
2012-11-20	0.007526	0.173847	0.187629	0.172882	0.546066	5822800.000000
2012-11-19	0.010937	0.177907	0.185013	0.175538	0.784935	5559800.000000
2012-11-16	0.000833	0.173728	0.176796	0.161736	0.059715	6909300.000000
2012-11-15	-0.006736	0.168869	0.173717	0.158066	-0.486313	7639100.000000
2012-11-14	-0.000236	0.174963	0.185487	0.165685	-0.017051	8157000.000000
2012-11-13	-0.002828	0.170398	0.177579	0.167084	-0.204773	4842300.000000
2012-11-12	0.001652	0.174959	0.179800	0.170118	0.119415	4101900.000000
2012-11-09	-0.004581	0.162968	0.171642	0.157186	-0.332733	11030400.000000
2012-11-08	-0.019917	0.165713	0.173944	0.146417	-1.476059	11398400.000000
2012-11-07	-0.012618	0.169923	0.172188	0.155134	-0.947029	5971900.000000
2012-11-06	0.005831	0.175807	0.181034	0.174333	0.435120	5581600.000000
2012-11-05	0.006907	0.173539	0.182445	0.169896	0.511909	5039100.000000
2012-11-02	0.000691	0.179481	0.186908	0.171515	0.051201	7908400.000000
2012-11-01	0.000000	0.174755	0.176106	0.166654	0.000000	7374900.000000
2012-10-31	0.001038	0.182463	0.183274	0.167459	0.076797	6899300.000000
2012-10-26	-0.007099	0.173800	0.175142	0.162526	-0.528984	7684500.000000
2012-10-25	0.000573	0.178769	0.178903	0.167892	0.042649	4978800.000000
2012-10-24	-0.007731	0.178584	0.178584	0.160462	-0.580162	6498000.000000
2012-10-23	-0.005540	0.166357	0.171128	0.157082	-0.418061	7763800.000000
2012-10-22	-0.003043	0.173905	0.176811	0.160562	-0.230369	8142400.000000
2012-10-19	-0.044583	0.136841	0.139113	0.117656	-3.532242	19495400.000000
2012-10-18	-0.008753	0.171930	0.172931	0.158668	-0.699639	6817600.000000
2012-10-17	-0.004358	0.170436	0.172927	0.161591	-0.349815	5623700.000000
2012-10-16	0.006310	0.177947	0.179451	0.173810	0.503380	4678900.000000
2012-10-15	0.010702	0.175476	0.187639	0.173829	0.844681	5630700.000000
2012-10-12	0.001624	0.174720	0.176370	0.171928	0.127968	3411100.000000
2012-10-11	-0.000433	0.175353	0.179666	0.171547	-0.034142	4274400.000000
2012-10-10	0.003149	0.182616	0.188088	0.175236	0.247452	6712100.000000
2012-10-09	0.006227	0.171031	0.185627	0.170519	0.486320	7048900.000000
2012-10-08	0.005934	0.171669	0.180427	0.169608	0.460747	3894900.000000
2012-10-05	-0.000330	0.177978	0.178879	0.167806	-0.025619	4166200.000000
2012-10-04	0.007526	0.179190	0.182952	0.175168	0.580192	4478300.000000
2012-10-03	-0.006379	0.174246	0.176180	0.163548	-0.494865	6337400.000000
2012-10-02	-0.011523	0.174348	0.175113	0.155874	-0.904412	5979500.000000
2012-10-01	0.002616	0.176654	0.181636	0.173844	0.204789	4939800.000000
2012-09-28	-0.016297	0.156222	0.156222	0.135990	-1.296860	9523600.000000
2012-09-27	0.000751	0.174319	0.177463	0.171049	0.059715	3840400.000000
2012-09-26	0.003662	0.172434	0.178240	0.172308	0.290108	4392000.000000
2012-09-25	-0.009070	0.174557	0.175683	0.160924	-0.725212	4714600.000000
2012-09-24	0.000000	0.167303	0.174682	0.165177	0.000000	3722000.000000
2012-09-21	0.006011	0.178095	0.181618	0.175075	0.477760	7247700.000000
2012-09-20	0.003447	0.171424	0.176727	0.171045	0.273033	3981400.000000
2012-09-19	-0.002686	0.174070	0.176714	0.168025	-0.213318	3979900.000000
2012-09-18	0.010202	0.170783	0.184267	0.170274	0.802033	5272900.000000
2012-09-17	0.004798	0.172694	0.181386	0.172311	0.375404	5294600.000000
2012-09-14	0.001420	0.175895	0.179095	0.170775	0.110924	6395000.000000
2012-09-13	0.008258	0.168442	0.185864	0.168442	0.639885	5666500.000000
2012-09-12	-0.004167	0.175525	0.177838	0.164473	-0.324211	5363400.000000
2012-09-11	-0.001095	0.179373	0.182325	0.170386	-0.085312	5595500.000000
2012-09-10	0.003076	0.171154	0.178236	0.170510	0.238899	5008200.000000
2012-09-07	0.003860	0.177355	0.177355	0.168824	0.298630	4889600.000000
2012-09-06	0.018077	0.179030	0.194822	0.178635	1.373627	5925100.000000
2012-09-05	0.000112	0.175346	0.177451	0.169423	0.008544	3597800.000000
