2017-09-01	0.002208	0.001577	0.003470	-0.005836	0.139999	6100500.000000
2017-08-31	-0.010148	0.002810	0.002966	-0.010773	-0.650001	8028700.000000
2017-08-30	0.003761	0.001724	0.006112	-0.001881	0.240002	4378500.000000
2017-08-29	-0.001877	-0.004849	0.007195	-0.005005	-0.119999	4329300.000000
2017-08-28	-0.002341	-0.001248	0.002809	-0.004682	-0.150002	6742000.000000
2017-08-25	0.007547	0.004560	0.015094	0.003145	0.480004	4860600.000000
2017-08-24	-0.001727	0.001570	0.003453	-0.006278	-0.110001	5239000.000000
2017-08-23	-0.005464	-0.001717	0.002654	-0.006712	-0.349999	5198700.000000
2017-08-22	-0.005125	0.000000	0.003417	-0.006367	-0.330001	5031600.000000
2017-08-21	0.010991	-0.001413	0.013817	-0.005495	0.700000	5065700.000000
2017-08-18	-0.009487	-0.001089	0.004510	-0.009798	-0.610004	10210600.000000
2017-08-17	-0.017571	0.000000	0.001528	-0.017876	-1.149994	6678500.000000
2017-08-16	0.002297	-0.001838	0.004288	-0.004441	0.149994	4328300.000000
2017-08-15	0.007094	0.001234	0.012492	-0.001234	0.460007	4967300.000000
2017-08-14	0.008241	0.000933	0.012440	-0.001866	0.529998	6375500.000000
2017-08-11	-0.007102	0.004786	0.006639	-0.010035	-0.459999	7275600.000000
2017-08-10	-0.008268	-0.002450	0.001072	-0.009034	-0.540001	6279500.000000
2017-08-09	-0.001071	0.000765	0.006424	-0.002600	-0.069999	5600000.000000
2017-08-08	-0.009244	-0.001212	0.001819	-0.011820	-0.610001	7102400.000000
2017-08-07	0.007173	0.000000	0.008547	-0.002137	0.470001	5962300.000000
2017-08-04	-0.000305	0.004883	0.013579	-0.004120	-0.020004	9553700.000000
2017-08-03	-0.000153	0.004729	0.008543	-0.002594	-0.010002	13837100.000000
2017-08-02	0.000763	0.003359	0.006412	-0.007328	0.050003	19252100.000000
2017-08-01	0.008158	0.003540	0.025550	-0.001077	0.529999	16542700.000000
2017-07-31	-0.029429	-0.022259	-0.011652	-0.038990	-1.970001	26663600.000000
2017-07-28	-0.094916	0.000406	0.002839	-0.188615	-7.019997	54403900.000000
2017-07-27	0.031089	-0.009759	0.031368	-0.010177	2.229996	9693500.000000
2017-07-26	-0.007060	-0.000138	0.001523	-0.007613	-0.509995	10744300.000000
2017-07-25	-0.005507	0.004956	0.005920	-0.006470	-0.400001	7015100.000000
2017-07-24	-0.010624	-0.001226	-0.000136	-0.010624	-0.779999	6336700.000000
2017-07-21	-0.002310	-0.002038	0.000136	-0.005028	-0.169998	4203400.000000
2017-07-20	0.000544	-0.000680	0.004623	-0.003807	0.039993	4276500.000000
2017-07-19	0.003000	0.001227	0.003546	-0.002046	0.220001	4478800.000000
2017-07-18	-0.000545	-0.001772	0.003680	-0.002317	-0.040001	3725100.000000
2017-07-17	-0.007575	-0.002029	-0.000406	-0.009739	-0.559997	4916400.000000
2017-07-14	0.006124	0.002994	0.008982	0.002994	0.449997	3607300.000000
2017-07-13	-0.005549	-0.000406	0.001489	-0.006631	-0.409996	4004900.000000
2017-07-12	0.006264	0.003949	0.008716	0.003541	0.459999	3698400.000000
2017-07-11	-0.003528	0.002171	0.003664	-0.005564	-0.260002	5513200.000000
2017-07-10	-0.007542	0.001481	0.005657	-0.010774	-0.559998	4937400.000000
2017-07-07	-0.000942	0.003767	0.004037	-0.005382	-0.070000	3933100.000000
2017-07-06	-0.003887	-0.003485	-0.000804	-0.005897	-0.290001	3394200.000000
2017-07-05	0.001073	-0.000268	0.006038	-0.001610	0.080002	4015200.000000
2017-07-03	0.000806	0.003223	0.005908	-0.001074	0.059998	2452300.000000
2017-06-30	0.000941	0.003763	0.005780	-0.000538	0.069999	5069300.000000
2017-06-29	-0.018987	-0.003956	-0.001055	-0.022679	-1.439994	5467700.000000
2017-06-28	0.006102	0.004909	0.009021	0.001459	0.459999	3377900.000000
2017-06-27	-0.015027	-0.002091	-0.001176	-0.017509	-1.150002	5488100.000000
2017-06-26	0.000523	0.000654	0.006668	-0.000915	0.040001	3969200.000000
2017-06-23	0.000131	-0.001046	0.005884	-0.001046	0.009995	3876700.000000
2017-06-22	-0.007140	-0.000649	-0.000649	-0.008308	-0.549996	4232000.000000
2017-06-21	-0.003880	0.000905	0.003621	-0.006337	-0.300003	4395000.000000
2017-06-20	-0.004890	-0.001029	0.001029	-0.005405	-0.379997	3660800.000000
2017-06-19	0.005564	0.001294	0.006470	-0.001035	0.430000	4612300.000000
2017-06-16	0.011386	0.003403	0.011517	-0.001178	0.869995	9783900.000000
2017-06-15	0.008713	-0.001716	0.009637	-0.005545	0.660004	4746900.000000
2017-06-14	0.010674	0.005203	0.014009	0.001868	0.800003	6227000.000000
2017-06-13	0.002139	-0.000936	0.002674	-0.004279	0.159996	5196500.000000
2017-06-12	-0.000795	0.008156	0.009359	0.001877	-0.059509	5951500.000000
2017-06-09	0.003324	0.006146	0.012848	0.005341	0.247978	5637700.000000
2017-06-08	-0.005290	0.008156	0.008823	-0.002377	-0.396767	5453100.000000
2017-06-07	0.004517	0.007219	0.017398	0.006951	0.337250	5019600.000000
2017-06-06	0.002798	0.005739	0.011783	0.003455	0.208305	5779300.000000
2017-06-05	-0.000799	0.008425	0.010035	0.004533	-0.059524	6149400.000000
2017-06-02	-0.003714	0.007220	0.008424	0.000134	-0.277733	7908900.000000
2017-06-01	-0.000530	0.003345	0.007622	-0.003069	-0.039680	6831500.000000
2017-05-31	0.004929	0.010439	0.013125	0.000636	0.367012	18510100.000000
2017-05-30	0.008870	0.010188	0.018724	0.006937	0.654655	6075000.000000
2017-05-26	0.003642	0.007340	0.012644	0.004893	0.267822	5661100.000000
2017-05-25	0.017708	0.010647	0.032789	0.010232	1.279564	7525000.000000
2017-05-24	0.009982	0.012070	0.019897	0.007457	0.714180	4759400.000000
2017-05-23	0.001249	0.008856	0.017672	0.008156	0.089264	6492800.000000
2017-05-22	0.016079	0.009578	0.025504	0.009578	1.130776	7974600.000000
2017-05-19	0.005104	0.007156	0.016588	0.006727	0.357093	5460000.000000
2017-05-18	-0.000142	0.009299	0.012443	0.004155	-0.009925	5352300.000000
2017-05-17	-0.005638	0.008156	0.012135	0.002188	-0.396759	5313800.000000
2017-05-16	0.003962	0.010011	0.019426	0.010011	0.277732	4234200.000000
2017-05-15	0.000283	0.004303	0.010297	0.000451	0.019837	4951500.000000
2017-05-12	0.002412	0.007441	0.013878	0.007441	0.168625	3401400.000000
2017-05-11	0.002418	0.004858	0.011598	0.003568	0.168632	4073200.000000
2017-05-10	0.000284	0.007869	0.010738	0.004427	0.019829	5205800.000000
2017-05-09	-0.005940	0.010152	0.011293	-0.002680	-0.416595	5170800.000000
2017-05-08	-0.002961	0.006735	0.010431	0.004318	-0.208306	4455200.000000
2017-05-05	0.008676	0.011598	0.017333	0.010164	0.605072	4499600.000000
2017-05-04	0.001282	0.011745	0.017488	0.009161	0.089264	6309300.000000
2017-05-03	-0.008612	0.006306	0.009437	-0.001950	-0.605064	5869800.000000
2017-05-02	0.000424	-0.002523	0.019405	-0.006226	0.029754	8482100.000000
2017-05-01	-0.013653	0.007735	0.008437	-0.005608	-0.972068	6380700.000000
2017-04-28	0.003495	0.006324	0.011962	0.002941	0.247978	4089900.000000
2017-04-27	0.000280	0.008015	0.011258	0.005477	0.019836	4857300.000000
2017-04-26	-0.012702	0.007739	0.007739	-0.005206	-0.912552	7477900.000000
2017-04-25	-0.001654	0.008017	0.008851	0.004960	-0.119033	6748000.000000
2017-04-24	0.015111	0.014081	0.025366	0.012529	1.071266	5590200.000000
2017-04-21	0.000840	0.007309	0.016062	0.007309	0.059509	6814900.000000
2017-04-20	-0.009707	0.000467	0.002424	-0.004147	-0.694336	5736800.000000
2017-04-19	-0.003179	0.007320	0.009550	0.003836	-0.228134	3374300.000000
2017-04-18	0.000415	0.008017	0.014291	0.007320	0.029755	5010500.000000
2017-04-17	0.014165	0.008580	0.022720	0.008580	1.001823	4781800.000000
2017-04-13	-0.011918	0.005082	0.007178	-0.004139	-0.853043	5120600.000000
2017-04-12	0.001110	0.010534	0.011233	0.005779	0.079361	5131500.000000
2017-04-11	0.004459	0.008437	0.015743	0.008437	0.317406	4472800.000000
2017-04-10	0.000697	0.011952	0.012655	0.006750	0.049599	5576800.000000
2017-04-07	0.004061	0.009003	0.019167	0.009003	0.287658	4331100.000000
2017-04-06	-0.007090	0.007736	0.007736	-0.001795	-0.505882	6398900.000000
2017-04-05	-0.000278	0.012500	0.013341	0.005494	-0.019829	7092400.000000
2017-04-04	0.004608	0.009564	0.013083	0.006326	0.327324	5218500.000000
2017-04-03	0.002800	0.010697	0.016061	-0.000878	0.198387	7508300.000000
2017-03-31	-0.008744	0.007876	0.009975	-0.000659	-0.624908	9146000.000000
2017-03-30	-0.012473	0.007189	0.008018	-0.004418	-0.902634	7907900.000000
2017-03-29	-0.003143	0.007192	0.007881	0.002509	-0.228142	4211100.000000
2017-03-28	-0.000137	0.004989	0.009396	0.003198	-0.009918	5587300.000000
2017-03-27	0.000410	0.001956	0.012152	-0.001902	0.029755	6421300.000000
2017-03-24	-0.011483	0.003389	0.004070	-0.005328	-0.843117	11786000.000000
2017-03-23	-0.013987	-0.007288	0.003187	-0.012391	-1.041511	10714400.000000
2017-03-22	-0.011326	0.010015	0.014131	-0.003395	-0.853043	7680000.000000
2017-03-21	0.004631	0.010024	0.016426	0.008823	0.347168	6488000.000000
2017-03-20	0.005588	0.009498	0.017411	0.009498	0.416603	5793100.000000
2017-03-17	-0.001859	0.009763	0.015788	0.006148	-0.138870	9947000.000000
2017-03-16	-0.004890	0.010288	0.010421	0.001495	-0.367005	5706800.000000
2017-03-15	0.004380	0.011368	0.014579	0.005078	0.327332	8470800.000000
2017-03-14	-0.004098	0.008956	0.010155	0.001360	-0.307495	8255500.000000
2017-03-13	-0.002505	0.009486	0.012942	0.002174	-0.188454	6836200.000000
2017-03-10	0.003412	0.019333	0.021067	0.015465	0.255829	6877500.000000
2017-03-09	0.004615	0.018275	0.024305	0.017069	0.344406	5344900.000000
2017-03-08	-0.003417	0.012125	0.016532	0.009054	-0.255844	4860500.000000
2017-03-07	0.006880	0.012097	0.025946	0.012097	0.511673	6108300.000000
2017-03-06	0.000132	0.015996	0.016803	0.008062	0.009850	5762400.000000
2017-03-03	-0.001981	0.017339	0.017339	0.006065	-0.147599	6041500.000000
2017-03-02	0.001587	0.015190	0.022180	0.011829	0.118073	7491100.000000
2017-03-01	0.009076	0.017079	0.027524	0.012874	0.669121	6044100.000000
2017-02-28	0.004424	0.012586	0.023759	0.012314	0.324722	7160900.000000
2017-02-27	0.002150	0.016948	0.020771	0.016402	0.157440	6320000.000000
2017-02-24	-0.000403	0.014900	0.019677	0.013535	-0.029526	4960000.000000
2017-02-23	0.011685	0.019165	0.029383	0.017508	0.846245	4116800.000000
2017-02-22	-0.000679	0.014885	0.017783	0.011298	-0.049209	4401200.000000
2017-02-21	0.009319	0.013758	0.026850	0.013201	0.669120	5329300.000000
2017-02-17	0.003576	0.011932	0.020039	0.011653	0.255837	5568400.000000
2017-02-16	0.007482	0.016265	0.023869	0.014012	0.531357	5594000.000000
2017-02-15	0.004035	0.014003	0.021779	0.011317	0.285362	5222300.000000
2017-02-14	-0.002221	0.015701	0.018663	0.011187	-0.157440	5120200.000000
2017-02-13	-0.005247	0.016967	0.018651	0.010231	-0.373925	5175800.000000
2017-02-10	-0.000966	0.014863	0.017527	0.011779	-0.068870	4154900.000000
2017-02-09	0.004712	0.016265	0.021899	0.012885	0.334549	5183200.000000
2017-02-08	-0.000692	0.014998	0.021755	0.014013	-0.049194	4848500.000000
2017-02-07	0.012765	0.019686	0.030235	0.019116	0.895439	5239900.000000
2017-02-06	-0.002798	0.014986	0.020672	0.013422	-0.196801	5192500.000000
2017-02-03	0.000560	0.016834	0.023519	0.010860	0.039360	6817400.000000
2017-02-02	0.000840	0.020109	0.026088	0.015411	0.059037	8108500.000000
2017-02-01	0.002950	-0.001153	0.027973	-0.017715	0.206642	11416300.000000
2017-01-31	-0.001683	0.016693	0.018260	0.011561	-0.118088	11463000.000000
2017-01-30	0.003801	0.015550	0.021416	0.013261	0.265686	8574700.000000
2017-01-27	0.002541	0.016265	0.019134	0.012679	0.177117	5915600.000000
2017-01-26	-0.001550	0.017840	0.018270	0.011682	-0.108239	5969700.000000
2017-01-25	0.002826	0.020286	0.022872	0.016409	0.196793	6112700.000000
2017-01-24	0.002977	0.016265	0.019722	0.014104	0.206642	6510500.000000
2017-01-23	0.007713	0.019313	0.025265	0.016120	0.531357	6508800.000000
2017-01-20	0.006614	0.017872	0.024448	0.017726	0.452637	10188200.000000
2017-01-19	0.005639	0.015971	0.022731	0.014061	0.383758	7853600.000000
2017-01-18	0.009930	0.017452	0.026950	0.017304	0.669121	8063400.000000
2017-01-17	0.013318	0.019874	0.030401	0.015664	0.885597	9012500.000000
2017-01-13	0.001037	0.015813	0.018975	0.012803	0.068871	4073100.000000
2017-01-12	-0.002069	0.013561	0.016866	0.010707	-0.137749	5007000.000000
2017-01-11	-0.001034	0.017165	0.021668	0.013564	-0.068886	5618700.000000
2017-01-10	-0.003385	0.019107	0.019555	0.010283	-0.226311	5226800.000000
2017-01-09	-0.004104	0.016265	0.017755	0.010754	-0.275527	4815900.000000
2017-01-06	0.004416	0.016415	0.022100	0.014021	0.295204	4925900.000000
2017-01-05	0.001179	0.018062	0.022556	0.010873	0.078720	8173400.000000
2017-01-04	0.003253	0.024380	0.033696	0.018219	0.216484	7553000.000000
2017-01-03	0.000148	0.018068	0.022577	0.010704	0.009826	5799500.000000
2016-12-30	-0.003390	0.018062	0.018961	0.011023	-0.226310	5369200.000000
2016-12-29	0.005036	0.012652	0.023641	0.010394	0.334549	3662800.000000
2016-12-28	-0.004571	0.012519	0.015216	0.009822	-0.305031	5333300.000000
2016-12-27	0.001477	0.017466	0.020467	0.014614	0.098396	3346400.000000
2016-12-23	0.000591	0.017166	0.018067	0.013712	0.039360	3223600.000000
2016-12-22	0.006095	0.013697	0.023365	0.013395	0.403443	4858800.000000
2016-12-21	-0.001039	0.018227	0.024565	0.014756	-0.068879	4643400.000000
2016-12-20	0.002829	0.016265	0.019141	0.003855	0.186959	6976500.000000
2016-12-19	0.010740	0.030545	0.038040	0.028097	0.702102	6987600.000000
2016-12-16	0.011772	0.025342	0.040664	0.018687	0.760598	9694200.000000
2016-12-15	0.004853	0.021609	0.032340	0.019432	0.312050	6465200.000000
2016-12-14	-0.011246	0.028111	0.033186	0.012273	-0.731354	6359200.000000
2016-12-13	0.003008	0.025651	0.035831	0.025034	0.195038	6968000.000000
2016-12-12	0.003320	0.025961	0.033389	0.024414	0.214523	5590300.000000
2016-12-09	0.013923	0.027380	0.044482	0.026281	0.887363	7464500.000000
2016-12-08	-0.000764	0.019539	0.028946	0.014052	-0.048755	6695000.000000
2016-12-07	0.017263	0.028527	0.044316	0.025656	1.082405	8147500.000000
2016-12-06	0.012120	0.023399	0.038249	0.020977	0.750862	6749200.000000
2016-12-05	-0.007189	0.024375	0.029183	0.016362	-0.448570	8448800.000000
2016-12-02	0.017491	0.026638	0.043923	0.026638	1.072654	7635000.000000
2016-12-01	-0.016268	0.018760	0.020203	0.000954	-1.014141	8675100.000000
2016-11-30	-0.019178	0.018417	0.028801	0.004886	-1.218921	9381700.000000
2016-11-29	0.005399	0.023757	0.033881	0.022808	0.341293	7004400.000000
2016-11-28	0.005428	0.025338	0.035835	0.023270	0.341301	5887700.000000
2016-11-25	0.007185	0.029341	0.034307	0.027900	0.448566	3459400.000000
2016-11-23	-0.002959	0.021983	0.023580	0.016074	-0.185276	4788700.000000
2016-11-22	0.008165	0.030488	0.036929	0.027268	0.507069	6731300.000000
2016-11-21	0.014657	0.025497	0.041181	0.021086	0.897121	6933700.000000
2016-11-18	-0.000637	0.024517	0.033171	0.017987	-0.039001	6905000.000000
2016-11-17	0.002394	0.025497	0.030570	0.022224	0.146271	6550500.000000
2016-11-16	0.013752	0.025165	0.040429	0.024336	0.828865	7641500.000000
2016-11-15	0.010132	0.022648	0.036055	0.022648	0.604587	8604600.000000
2016-11-14	-0.009229	0.019353	0.025829	0.013376	-0.555824	8980100.000000
2016-11-11	0.000648	0.029152	0.034469	0.023503	0.038998	7434800.000000
2016-11-10	-0.036227	0.013967	0.015569	-0.024305	-2.262318	15240000.000000
2016-11-09	-0.027339	-0.000981	0.002134	-0.024501	-1.755238	11233200.000000
2016-11-08	0.008733	0.025811	0.040109	0.024240	0.555825	6376400.000000
2016-11-07	0.013824	0.029001	0.041744	0.029001	0.867874	7389200.000000
2016-11-04	-0.010604	0.022503	0.027073	0.013519	-0.672848	5908700.000000
2016-11-03	-0.000768	0.025024	0.028489	0.014001	-0.048759	7963200.000000
2016-11-02	-0.005498	0.022365	0.030665	0.019702	-0.351048	4758100.000000
2016-11-01	-0.009679	0.026583	0.027513	0.014330	-0.624092	6161100.000000
2016-10-31	0.003643	0.025341	0.030790	0.022073	0.234039	6012300.000000
2016-10-28	0.022505	0.032341	0.052077	0.031068	1.413945	9130900.000000
2016-10-27	-0.001395	0.018186	0.038530	0.017709	-0.087758	5680700.000000
2016-10-26	-0.002936	0.023120	0.025972	0.017890	-0.185279	4700600.000000
2016-10-25	-0.003695	0.026918	0.027865	0.019497	-0.234032	5101500.000000
2016-10-24	0.019623	0.028234	0.051255	0.026946	1.218918	10831600.000000
2016-10-21	0.029911	0.057995	0.066782	0.050533	1.804004	15060300.000000
2016-10-20	-0.000969	0.024503	0.027650	0.020528	-0.058506	5131400.000000
2016-10-19	-0.011969	0.018951	0.019605	0.005530	-0.731353	6374000.000000
2016-10-18	0.003684	0.031246	0.036503	0.027304	0.224281	3622500.000000
2016-10-17	-0.000160	0.025497	0.031410	0.023855	-0.009750	4040800.000000
2016-10-14	-0.003988	0.025006	0.026151	0.018954	-0.243786	4716600.000000
2016-10-13	0.002399	0.024185	0.032876	0.019102	0.146274	4911800.000000
2016-10-12	0.008872	0.028971	0.038070	0.023346	0.536320	5035600.000000
2016-10-11	0.003887	0.038285	0.038783	0.023006	0.234036	7261000.000000
2016-10-10	-0.002746	0.029803	0.033778	0.021025	-0.165776	5284100.000000
2016-10-07	0.002266	0.030477	0.034627	0.021015	0.136521	6315300.000000
2016-10-06	0.009147	0.021812	0.035213	0.019299	0.546074	6217000.000000
2016-10-05	-0.009064	0.022177	0.025165	0.009562	-0.546074	10026400.000000
2016-10-04	-0.017025	0.023050	0.024681	0.003633	-1.043396	7866100.000000
2016-10-03	-0.006010	0.022415	0.024686	0.014793	-0.370552	5113600.000000
2016-09-30	0.006527	0.029905	0.037414	0.026803	0.399807	6599900.000000
2016-09-29	-0.014897	0.021477	0.022602	0.010059	-0.926384	5211500.000000
2016-09-28	0.007107	0.028736	0.034890	0.026145	0.438812	7021000.000000
2016-09-27	0.004601	0.029564	0.032005	0.021592	0.282791	4487000.000000
2016-09-26	-0.013152	0.024855	0.025658	0.011207	-0.819115	4793900.000000
2016-09-23	-0.003899	0.029495	0.029815	0.018940	-0.243786	4428500.000000
2016-09-22	0.009764	0.029534	0.038740	0.028888	0.604584	4586700.000000
2016-09-21	0.008417	0.023217	0.036245	0.019471	0.516823	4967100.000000
2016-09-20	0.003986	0.026805	0.033672	0.025170	0.243786	4137500.000000
2016-09-19	-0.001274	0.025824	0.028763	0.022231	-0.078011	3543100.000000
2016-09-16	-0.007115	0.021768	0.022579	0.012688	-0.438812	7103300.000000
2016-09-15	0.002060	0.022248	0.029721	0.016886	0.126770	5748100.000000
2016-09-14	-0.006766	0.025981	0.029047	0.013717	-0.419308	6725400.000000
2016-09-13	-0.007961	0.027898	0.032221	0.016052	-0.497318	6437700.000000
2016-09-12	0.017464	0.034611	0.055622	0.034448	1.072186	8601900.000000
2016-09-09	-0.042771	0.029961	0.030273	-0.009017	-2.743267	10546400.000000
2016-09-08	-0.004796	0.037124	0.040848	0.026728	-0.309105	4721200.000000
2016-09-07	-0.007143	0.034030	0.036957	0.024478	-0.463639	4253500.000000
2016-09-06	0.004785	0.035417	0.042073	0.033250	0.309098	4722700.000000
2016-09-02	0.008444	0.039789	0.049467	0.037291	0.540924	4352000.000000
2016-09-01	0.003480	0.032443	0.039178	0.029623	0.222168	4515100.000000
2016-08-31	0.003188	0.032591	0.039191	0.032434	0.202850	4882000.000000
2016-08-30	-0.003328	0.035575	0.037455	0.029937	-0.212509	3865600.000000
2016-08-29	0.004101	0.035262	0.040137	0.033532	0.260799	3616800.000000
2016-08-26	-0.001365	0.036047	0.045627	0.032121	-0.086937	5136300.000000
2016-08-25	-0.003628	0.036670	0.037609	0.028064	-0.231823	4749100.000000
2016-08-24	-0.004514	0.032458	0.033860	0.025137	-0.289772	5184600.000000
2016-08-23	0.001809	0.039008	0.041036	0.035886	0.115914	3072800.000000
2016-08-22	0.000151	0.036199	0.037447	0.031516	0.009651	2963100.000000
2016-08-19	0.000302	0.036667	0.039321	0.029329	0.019318	3274800.000000
2016-08-18	-0.002257	0.035262	0.036976	0.029810	-0.144883	4432600.000000
2016-08-17	0.003018	0.037762	0.041824	0.029325	0.193177	4736700.000000
2016-08-16	0.000000	0.032450	0.039012	0.031356	0.000000	4876700.000000
2016-08-15	-0.007192	0.034176	0.034487	0.027661	-0.463646	4072500.000000
2016-08-12	0.000000	0.038520	0.041312	0.034331	0.000000	4174700.000000
2016-08-11	-0.001496	0.038670	0.040993	0.033404	-0.096588	4341000.000000
2016-08-10	0.003302	0.036039	0.042410	0.035573	0.212501	3161400.000000
2016-08-09	0.001955	0.036196	0.041957	0.030280	0.125580	3305200.000000
2016-08-08	-0.000601	0.031994	0.037129	0.022346	-0.038651	4947300.000000
2016-08-05	-0.001351	0.035573	0.039458	0.029668	-0.086929	4695200.000000
2016-08-04	0.003767	0.038070	0.044621	0.035106	0.241478	3512800.000000
2016-08-03	-0.014404	0.034032	0.034647	0.015584	-0.936951	5662900.000000
2016-08-02	-0.004582	0.038782	0.040618	0.028835	-0.299446	3974400.000000
2016-08-01	-0.000739	0.034651	0.039850	0.028075	-0.048294	5038200.000000
2016-07-29	0.008791	0.036650	0.049763	0.030634	0.569901	6147700.000000
2016-07-28	0.005393	0.036193	0.043017	0.028438	0.347732	5816400.000000
2016-07-27	-0.017371	0.046083	0.046083	0.007678	-1.139801	11250200.000000
2016-07-26	-0.012645	0.035112	0.037068	0.017356	-0.840370	7358700.000000
2016-07-25	-0.000871	0.034059	0.036465	0.028948	-0.057953	3916700.000000
2016-07-22	0.001891	0.038425	0.039781	0.034961	0.125565	5772400.000000
2016-07-21	-0.004057	0.034362	0.035112	0.023861	-0.270455	5259500.000000
2016-07-20	-0.003034	0.035561	0.037356	0.029878	-0.202858	4272300.000000
2016-07-19	0.000723	0.029874	0.036160	0.024486	0.048302	4725400.000000
2016-07-18	-0.003458	0.033770	0.035411	0.026462	-0.231827	4570000.000000
2016-07-15	0.007110	0.039017	0.043674	0.035713	0.473313	5714100.000000
2016-07-14	-0.002316	0.032265	0.038709	0.029567	-0.154549	5170500.000000
2016-07-13	0.003049	0.035713	0.042026	0.035412	0.202843	5661300.000000
2016-07-12	-0.014312	0.032002	0.035114	0.020001	-0.965935	7752900.000000
2016-07-11	0.000573	0.036300	0.038672	0.024884	0.038635	5101300.000000
2016-07-08	0.007648	0.037353	0.044076	0.029137	0.511948	5339500.000000
2016-07-07	-0.006024	0.037935	0.038677	0.028283	-0.405693	5330900.000000
2016-07-06	0.001580	0.034667	0.041062	0.029164	0.106254	6665600.000000
2016-07-05	0.008548	0.036762	0.052212	0.034962	0.569908	7905300.000000
2016-07-01	0.000870	0.040066	0.045320	0.033761	0.057953	7087400.000000
2016-06-30	0.016659	0.036331	0.057088	0.031752	1.091515	9858600.000000
2016-06-29	-0.001178	0.040293	0.043037	0.029317	-0.077286	7191100.000000
2016-06-28	-0.000294	0.031604	0.035110	0.020632	-0.019310	8631600.000000
2016-06-27	0.013578	0.036034	0.050091	0.034181	0.879006	11135200.000000
2016-06-24	0.010707	0.016995	0.061647	0.015903	0.685814	16923900.000000
2016-06-23	0.002419	0.040583	0.041835	0.032289	0.154556	5042000.000000
2016-06-22	-0.000453	0.038078	0.041832	0.033854	-0.028988	4919400.000000
2016-06-21	0.004554	0.041705	0.048934	0.039662	0.289791	4710400.000000
2016-06-20	0.007339	0.041119	0.047609	0.037953	0.463646	5787300.000000
2016-06-17	-0.008340	0.033692	0.034948	0.019407	-0.531273	7311700.000000
2016-06-16	0.009490	0.035262	0.045879	0.030983	0.598888	5778300.000000
2016-06-15	0.000459	0.037323	0.041921	0.027811	0.028981	5361500.000000
2016-06-14	0.007094	0.037338	0.044044	0.030153	0.444332	7870400.000000
2016-06-13	-0.011058	0.034236	0.040552	0.023341	-0.700310	7761100.000000
2016-06-10	0.004100	0.039427	0.049415	0.038793	0.258572	5208200.000000
2016-06-09	0.003658	0.042274	0.050230	0.038296	0.229850	4638100.000000
2016-06-08	0.007988	0.042900	0.053486	0.040494	0.497998	5437700.000000
2016-06-07	-0.001534	0.044504	0.048027	0.040500	-0.095772	4177200.000000
2016-06-06	-0.001531	0.046742	0.049780	0.037467	-0.095772	4813400.000000
2016-06-03	0.015394	0.047268	0.063505	0.045482	0.948120	6774700.000000
2016-06-02	-0.000622	0.042723	0.044346	0.037206	-0.038311	3673000.000000
2016-06-01	0.011157	0.044840	0.058294	0.044512	0.679959	5993500.000000
2016-05-31	-0.005003	0.046795	0.049571	0.032429	-0.306466	6922600.000000
2016-05-27	-0.000625	0.045162	0.048588	0.038799	-0.038303	3249300.000000
2016-05-26	0.001252	0.043040	0.046960	0.039773	0.076618	3732700.000000
2016-05-25	0.002038	0.044183	0.050076	0.041728	0.124493	4265900.000000
2016-05-24	0.008697	0.049962	0.058714	0.048641	0.526733	5209700.000000
2016-05-23	0.004447	0.044681	0.050651	0.041696	0.268151	3709800.000000
2016-05-20	-0.006156	0.048139	0.049952	0.034459	-0.373497	4815400.000000
2016-05-19	0.005715	0.042360	0.050648	0.037221	0.344764	4379800.000000
2016-05-18	-0.013932	0.041405	0.041895	0.024078	-0.852340	6277100.000000
2016-05-17	-0.013589	0.039185	0.039830	0.023867	-0.842762	6949500.000000
2016-05-16	0.002787	0.039656	0.049842	0.029308	0.172382	4811000.000000
2016-05-13	-0.006767	0.039044	0.052374	0.033745	-0.421379	5643500.000000
2016-05-12	0.006346	0.044992	0.054365	0.039981	0.392651	5652800.000000
2016-05-11	0.000155	0.043052	0.048548	0.039657	0.009571	4776400.000000
2016-05-10	0.014766	0.049432	0.060422	0.045004	0.900230	6489200.000000
2016-05-09	0.011600	0.048000	0.058287	0.044017	0.699112	6759300.000000
2016-05-06	0.001432	0.042189	0.050331	0.041192	0.086189	7225400.000000
2016-05-05	-0.006168	0.034935	0.049963	0.033614	-0.373501	8835500.000000
2016-05-04	0.000475	0.039888	0.050627	0.035757	0.028733	5468800.000000
2016-05-03	0.001267	0.043025	0.049808	0.038559	0.076618	5177800.000000
2016-05-02	0.006538	0.046181	0.056006	0.042352	0.392647	4740200.000000
2016-04-29	0.008362	0.045695	0.059966	0.045191	0.498001	6470300.000000
2016-04-28	0.010398	0.045032	0.061996	0.044353	0.612919	5545000.000000
2016-04-27	0.003260	0.045715	0.054906	0.037886	0.191536	6189400.000000
2016-04-26	0.002124	0.045036	0.049471	0.036849	0.124500	5619400.000000
2016-04-25	0.011566	0.043838	0.056433	0.038490	0.670380	4785800.000000
2016-04-22	0.005650	0.045224	0.050777	0.032038	0.325611	6978100.000000
2016-04-21	-0.021145	0.041975	0.043164	0.020576	-1.244988	6611700.000000
2016-04-20	-0.003727	0.041815	0.047737	0.035723	-0.220268	4636900.000000
2016-04-19	-0.007399	0.041160	0.042840	0.026716	-0.440537	4966500.000000
2016-04-18	0.007944	0.044183	0.056711	0.042490	0.469262	4318800.000000
2016-04-15	0.001461	0.046218	0.046896	0.031638	0.086193	6738700.000000
2016-04-14	-0.007733	0.046202	0.054109	0.034594	-0.459690	7386500.000000
2016-04-13	-0.027421	0.048928	0.048928	-0.001465	-1.675950	14748200.000000
2016-04-12	0.008056	0.048966	0.055234	0.044513	0.488419	4980600.000000
2016-04-11	-0.007680	0.049257	0.050075	0.034691	-0.469261	5929000.000000
2016-04-08	0.006151	0.044348	0.053240	0.044348	0.373501	5044800.000000
2016-04-07	-0.002360	0.038598	0.046648	0.032191	-0.143662	5600200.000000
2016-04-06	0.010011	0.045345	0.055964	0.044017	0.603348	5581300.000000
2016-04-05	-0.004745	0.041046	0.044844	0.036917	-0.287312	4729100.000000
2016-04-04	0.002696	0.043687	0.048157	0.037725	0.162808	5093000.000000
2016-04-01	0.006384	0.039017	0.052349	0.035018	0.383076	5833100.000000
2016-03-31	0.001278	0.044183	0.051191	0.040679	0.076614	6442800.000000
2016-03-30	0.008867	0.046372	0.057145	0.044183	0.526726	6623100.000000
2016-03-29	0.006490	0.048080	0.060279	0.041642	0.383075	8973300.000000
2016-03-28	0.012319	0.044012	0.060820	0.043669	0.718262	4468500.000000
2016-03-24	-0.008630	0.033981	0.042143	0.028880	-0.507572	5652700.000000
2016-03-23	0.006721	0.041787	0.057535	0.032715	0.392654	6229300.000000
2016-03-22	-0.011666	0.039615	0.043168	0.028111	-0.689540	5198500.000000
2016-03-21	0.002925	0.042656	0.051988	0.036039	0.172390	4124700.000000
2016-03-18	-0.012674	0.045188	0.046026	0.028436	-0.756573	16636600.000000
2016-03-17	0.004189	0.044183	0.054445	0.043174	0.248997	7225100.000000
2016-03-16	0.003395	0.043677	0.050260	0.034393	0.201114	5282300.000000
2016-03-15	-0.002419	0.038795	0.045025	0.038458	-0.143650	5815100.000000
2016-03-14	0.000000	0.046372	0.049067	0.036774	0.000000	4755100.000000
2016-03-11	-0.006807	0.050288	0.051291	0.032560	-0.407020	7469800.000000
2016-03-10	0.003025	0.055310	0.059336	0.047090	0.180332	6126100.000000
2016-03-09	0.008186	0.059383	0.063611	0.055324	0.484039	5932700.000000
2016-03-08	0.007928	0.052951	0.063519	0.047496	0.465057	5875100.000000
2016-03-07	-0.018577	0.051625	0.055306	0.030546	-1.110443	9973000.000000
2016-03-04	0.012052	0.052278	0.067855	0.047707	0.711823	5930900.000000
2016-03-03	0.011870	0.053633	0.067167	0.047808	0.692840	5119100.000000
2016-03-02	-0.003726	0.049366	0.052950	0.041685	-0.218292	5623100.000000
2016-03-01	0.002599	0.063216	0.065954	0.049354	0.151856	7102000.000000
2016-02-29	0.000487	0.053119	0.065617	0.049010	0.028469	6266400.000000
2016-02-26	-0.013466	0.056166	0.056166	0.035053	-0.797241	5543600.000000
2016-02-25	0.016623	0.056037	0.072349	0.053976	0.968078	5207200.000000
2016-02-24	-0.002601	0.048152	0.051920	0.038390	-0.151848	4186900.000000
2016-02-23	0.005064	0.053805	0.063272	0.050706	0.294216	4686100.000000
2016-02-22	0.010733	0.053633	0.067551	0.053633	0.616909	4590500.000000
2016-02-19	-0.000990	0.053633	0.059021	0.043378	-0.056941	4982300.000000
2016-02-18	0.003642	0.052237	0.058866	0.050667	0.208797	5524700.000000
2016-02-17	0.001658	0.056603	0.061495	0.045770	0.094910	5311700.000000
2016-02-16	0.005503	0.058728	0.063647	0.049416	0.313205	6590900.000000
2016-02-12	-0.000333	0.059604	0.065049	0.045202	-0.018985	6719700.000000
2016-02-11	-0.000999	0.045211	0.058019	0.038368	-0.056942	5865900.000000
2016-02-10	-0.006617	0.056421	0.064613	0.044395	-0.379639	6137500.000000
2016-02-09	0.005489	0.054158	0.071333	0.046798	0.313198	7670800.000000
2016-02-08	0.005351	0.041475	0.064557	0.039537	0.303719	7922900.000000
2016-02-05	0.005380	0.059301	0.062844	0.042296	0.303707	7506300.000000
2016-02-04	-0.006016	0.045005	0.055746	0.036553	-0.341671	6364700.000000
2016-02-03	-0.010746	0.053807	0.062864	0.030118	-0.616917	7979700.000000
2016-02-02	-0.007384	0.044988	0.051212	0.038245	-0.427097	6734700.000000
2016-02-01	-0.002782	0.047081	0.058288	0.046564	-0.161343	6017600.000000
2016-01-29	0.024820	0.064058	0.081020	0.060524	1.404663	10240000.000000
2016-01-28	0.011364	0.038443	0.070252	0.036835	0.635895	7445900.000000
2016-01-27	0.000000	0.054169	0.074362	0.045591	0.000000	8297200.000000
2016-01-26	0.009589	0.059225	0.077087	0.052730	0.531494	8360900.000000
2016-01-25	0.002059	0.057429	0.069180	0.053452	0.113892	6677800.000000
2016-01-22	0.014447	0.066471	0.071239	0.054916	0.787750	6449300.000000
2016-01-21	0.004019	0.058420	0.063208	0.045162	0.218288	6150900.000000
2016-01-20	-0.020205	0.038658	0.048942	0.013039	-1.119930	9562900.000000
2016-01-19	0.020979	0.064316	0.080342	0.062658	1.138916	7911500.000000
2016-01-15	-0.017520	0.032459	0.052366	0.028477	-0.968078	9413200.000000
2016-01-14	0.007615	0.052174	0.070409	0.048709	0.417606	6739100.000000
2016-01-13	-0.026945	0.053100	0.053100	0.023823	-1.518559	7714600.000000
2016-01-12	-0.001345	0.062493	0.064619	0.044064	-0.075924	5628400.000000
2016-01-11	0.020948	0.061593	0.080769	0.061593	1.157895	8228800.000000
2016-01-08	0.001720	0.056532	0.073386	0.051639	0.094913	7059500.000000
2016-01-07	-0.017407	0.031374	0.055948	0.029771	-0.977569	7314200.000000
2016-01-06	0.010589	0.044635	0.070188	0.043735	0.588439	7686600.000000
2016-01-05	0.020213	0.055285	0.078417	0.054183	1.100949	6407700.000000
2016-01-04	-0.014087	0.041505	0.042229	0.023767	-0.778256	6800600.000000
2015-12-31	-0.010034	0.048436	0.051841	0.041089	-0.559974	3622600.000000
2015-12-30	-0.002037	0.054706	0.057388	0.048268	-0.113884	3236800.000000
2015-12-29	0.011155	0.059419	0.066652	0.055079	0.616909	3813300.000000
2015-12-28	-0.000343	0.050379	0.056344	0.045318	-0.018982	3376900.000000
2015-12-24	-0.002396	0.051649	0.056337	0.050387	-0.132874	1785200.000000
2015-12-23	0.011425	0.056733	0.066764	0.051991	0.626400	4148700.000000
2015-12-22	0.015736	0.059098	0.072436	0.051317	0.849449	6713700.000000
2015-12-21	0.005426	0.069687	0.075089	0.054973	0.291317	7881700.000000
2015-12-18	-0.022249	0.058636	0.059729	0.040060	-1.221683	11698500.000000
2015-12-17	-0.008821	0.061211	0.064099	0.053088	-0.488678	5165700.000000
2015-12-16	0.028078	0.071151	0.097689	0.065213	1.513023	6865100.000000
2015-12-15	-0.003129	0.068909	0.077419	0.057440	-0.169155	6042900.000000
2015-12-14	0.018774	0.062780	0.085397	0.058634	0.996147	6497300.000000
2015-12-11	-0.012592	0.055539	0.062425	0.046606	-0.676635	5310900.000000
2015-12-10	-0.002616	0.066884	0.070225	0.054819	-0.140965	4694700.000000
2015-12-09	-0.015456	0.060262	0.068485	0.042536	-0.845779	5427900.000000
2015-12-08	-0.000687	0.062456	0.065743	0.054786	-0.037594	3227300.000000
2015-12-07	-0.004102	0.065554	0.071374	0.056097	-0.225544	4262000.000000
2015-12-04	0.024873	0.070996	0.091685	0.070437	1.334461	7450900.000000
2015-12-03	-0.012967	0.061524	0.067043	0.046070	-0.704823	5165000.000000
2015-12-02	-0.000864	0.064100	0.073474	0.061526	-0.046981	5269500.000000
2015-12-01	0.005035	0.065208	0.070750	0.058003	0.272525	4852100.000000
2015-11-30	-0.002597	0.067969	0.077919	0.059493	-0.140964	7878400.000000
2015-11-27	0.004348	0.065765	0.073908	0.064100	0.234947	1767900.000000
2015-11-25	-0.001216	0.064654	0.067057	0.056521	-0.065792	2980100.000000
2015-11-24	-0.000868	0.059852	0.067978	0.052834	-0.046986	3714300.000000
2015-11-23	0.008577	0.067638	0.077324	0.064286	0.460476	4521800.000000
2015-11-20	-0.005743	0.065766	0.081137	0.057062	-0.310112	6329000.000000
2015-11-19	0.007010	0.067083	0.082189	0.067083	0.375908	5583700.000000
2015-11-18	0.006704	0.068042	0.072923	0.059594	0.357106	6322200.000000
2015-11-17	-0.001585	0.065599	0.070285	0.059226	-0.084580	3883400.000000
2015-11-16	0.008706	0.064099	0.076200	0.063532	0.460484	5152000.000000
2015-11-13	-0.008457	0.064099	0.069349	0.054726	-0.451088	4651700.000000
2015-11-12	-0.007866	0.062984	0.067633	0.052568	-0.422890	5254100.000000
2015-11-11	0.007396	0.068034	0.081900	0.068034	0.394699	8123400.000000
2015-11-10	-0.005081	0.062794	0.068014	0.057202	-0.272530	4866800.000000
2015-11-09	-0.000175	0.058321	0.069505	0.054594	-0.009399	6247700.000000
2015-11-06	-0.016537	0.058600	0.059334	0.032937	-0.902168	7996300.000000
2015-11-05	0.000345	0.070884	0.071984	0.059332	0.018795	5382100.000000
2015-11-04	0.003112	0.064835	0.071089	0.062628	0.169163	9298800.000000
2015-11-03	-0.043802	0.054250	0.055305	0.015380	-2.490368	12133800.000000
2015-11-02	0.000496	0.070258	0.071490	0.055653	0.028186	5921200.000000
2015-10-30	-0.017227	0.058392	0.060122	0.045422	-0.996151	6882500.000000
2015-10-29	0.001465	0.064446	0.069295	0.048339	0.084584	6018100.000000
2015-10-28	0.006223	0.068805	0.070722	0.055560	0.357105	5143900.000000
2015-10-27	-0.005537	0.058207	0.062020	0.050408	-0.319515	4500900.000000
2015-10-26	0.005733	0.069503	0.073337	0.062182	0.328918	5101700.000000
2015-10-23	-0.005700	0.066006	0.067219	0.043649	-0.328918	8025000.000000
2015-10-22	0.026069	0.068723	0.094863	0.068545	1.466022	7372700.000000
2015-10-21	0.001674	0.064099	0.074609	0.057509	0.093975	5204700.000000
2015-10-20	0.001341	0.064278	0.069094	0.058927	0.075188	5305100.000000
2015-10-19	0.016008	0.063193	0.082221	0.058663	0.883373	6403700.000000
2015-10-16	0.014688	0.071455	0.087084	0.067409	0.798802	9116200.000000
2015-10-15	0.005560	0.071865	0.078337	0.067243	0.300716	7314500.000000
2015-10-14	-0.001215	0.060591	0.069824	0.060406	-0.065781	6087300.000000
2015-10-13	0.002785	0.065766	0.069840	0.058544	0.150364	6167600.000000
2015-10-12	0.011442	0.064849	0.080208	0.064099	0.610844	6053200.000000
2015-10-09	0.007806	0.068441	0.085431	0.066554	0.413498	8383100.000000
2015-10-08	0.008408	0.063528	0.073237	0.054391	0.441685	5587600.000000
2015-10-07	0.008843	0.064100	0.073510	0.062755	0.460487	5922100.000000
2015-10-06	-0.005742	0.061426	0.068491	0.054934	-0.300724	5639300.000000
2015-10-05	0.015859	0.071470	0.081363	0.067009	0.817593	8563500.000000
2015-10-02	0.011804	0.056249	0.076856	0.053502	0.601444	5000000.000000
2015-10-01	-0.003309	0.065273	0.066838	0.051385	-0.169155	7114600.000000
2015-09-30	0.003135	0.075676	0.078031	0.059979	0.159759	7766600.000000
2015-09-29	-0.007322	0.064294	0.067800	0.049296	-0.375908	7335900.000000
2015-09-28	-0.002920	0.055360	0.077889	0.054583	-0.150356	7882700.000000
2015-09-25	0.003296	0.067217	0.078714	0.063710	0.169151	5656800.000000
2015-09-24	0.003860	0.059014	0.071728	0.057058	0.197354	5602300.000000
2015-09-23	0.003690	0.061547	0.069793	0.060173	0.187950	3677100.000000
2015-09-22	-0.010768	0.052447	0.059438	0.046620	-0.554455	4949900.000000
2015-09-21	0.013691	0.072762	0.082015	0.068628	0.695419	4085100.000000
2015-09-18	-0.011702	0.050674	0.074801	0.048340	-0.601440	12866900.000000
2015-09-17	-0.012103	0.061408	0.064099	0.045647	-0.629650	9801600.000000
2015-09-16	0.023101	0.091434	0.094581	0.078062	1.174705	10713500.000000
2015-09-15	0.031649	0.068969	0.099603	0.060448	1.560006	10665600.000000
2015-09-14	-0.002662	0.066730	0.068349	0.055197	-0.131569	5568700.000000
2015-09-11	-0.002182	0.063797	0.072478	0.053904	-0.108075	5373400.000000
2015-09-10	0.004715	0.074695	0.084838	0.071450	0.232453	7974700.000000
2015-09-09	-0.008787	0.085359	0.088777	0.062840	-0.437000	6454000.000000
2015-09-08	0.021191	0.087416	0.098503	0.081051	1.032070	5792800.000000
2015-09-04	-0.022579	0.063666	0.065271	0.046406	-1.125054	7089600.000000
2015-09-03	0.008658	0.080972	0.091701	0.078948	0.427708	4961600.000000
2015-09-02	0.021142	0.086669	0.099692	0.084395	1.022774	6616100.000000
2015-09-01	-0.028929	0.058244	0.058244	0.037769	-1.441189	8717100.000000
2015-08-31	-0.010891	0.071536	0.074514	0.062204	-0.548569	5035700.000000
2015-08-28	0.008565	0.075307	0.087321	0.074105	0.427708	7450100.000000
2015-08-27	0.009397	0.084602	0.091070	0.064794	0.464897	7654000.000000
2015-08-26	0.026823	0.099997	0.106224	0.070941	1.292408	10016200.000000
2015-08-25	-0.006137	0.103766	0.110367	0.068906	-0.297535	9402700.000000
2015-08-24	-0.033370	-0.028774	0.039617	-0.054695	-1.673630	17160800.000000
2015-08-21	-0.014434	0.065485	0.080616	0.059196	-0.734531	10551300.000000
2015-08-20	-0.001460	0.066284	0.085907	0.063537	-0.074387	6020800.000000
2015-08-19	-0.007065	0.071610	0.077065	0.055438	-0.362625	8285100.000000
2015-08-18	-0.008443	0.073768	0.075700	0.064495	-0.437000	4944400.000000
2015-08-17	-0.001614	0.070492	0.075700	0.062777	-0.083679	3382600.000000
2015-08-14	0.003419	0.075507	0.079765	0.069700	0.176658	4105000.000000
2015-08-13	-0.003050	0.071069	0.074156	0.063544	-0.158065	6094100.000000
2015-08-12	0.000179	0.067401	0.075700	0.065279	0.009300	5880900.000000
2015-08-11	0.000359	0.070101	0.088634	0.066433	0.018596	8357800.000000
2015-08-10	0.003965	0.079577	0.085198	0.075894	0.204552	4658400.000000
2015-08-07	-0.001440	0.074152	0.077249	0.065830	-0.074383	5507700.000000
2015-08-06	0.001803	0.078997	0.081905	0.075701	0.092980	5965500.000000
2015-08-05	0.010015	0.079619	0.089411	0.076094	0.511387	6200800.000000
2015-08-04	0.004757	0.073342	0.083771	0.072358	0.241741	4901600.000000
2015-08-03	0.005149	0.076496	0.081440	0.069969	0.260349	4055000.000000
2015-07-31	0.003321	0.082452	0.083246	0.076697	0.167359	4843900.000000
2015-07-30	-0.003676	0.062260	0.074716	0.057713	-0.185959	7259100.000000
2015-07-29	-0.015385	0.080568	0.084656	0.052147	-0.790322	9425600.000000
2015-07-28	0.024096	0.078497	0.102419	0.076503	1.208733	9298900.000000
2015-07-27	0.002975	0.070308	0.082305	0.069908	0.148769	5979900.000000
2015-07-24	-0.000557	0.074507	0.078504	0.071310	-0.027897	5441200.000000
2015-07-23	-0.002594	0.075308	0.075706	0.065940	-0.130165	4768800.000000
2015-07-22	0.007656	0.077716	0.084946	0.077515	0.381214	7980000.000000
2015-07-21	-0.002979	0.074706	0.075307	0.069900	-0.148765	5658400.000000
2015-07-20	0.009207	0.075911	0.088036	0.075709	0.455589	6572600.000000
2015-07-17	0.005859	0.072661	0.084247	0.067579	0.288235	7806000.000000
2015-07-16	0.032793	0.082855	0.120223	0.081595	1.562061	12569300.000000
2015-07-15	-0.002337	0.075716	0.079067	0.070899	-0.111576	6862400.000000
2015-07-14	0.000390	0.075507	0.078230	0.072992	0.018593	7433200.000000
2015-07-13	0.000390	0.080747	0.085777	0.074459	0.018597	8124400.000000
2015-07-10	0.007066	0.086694	0.093027	0.081417	0.334728	7263100.000000
2015-07-09	-0.001568	0.088152	0.091735	0.073399	-0.074383	6550900.000000
2015-07-08	-0.012577	0.068015	0.071553	0.060315	-0.604366	8154600.000000
2015-07-07	0.036294	0.077663	0.117561	0.077016	1.682926	13341000.000000
2015-07-06	0.017963	0.073092	0.095265	0.070457	0.818218	7862700.000000
2015-07-02	-0.002240	0.079449	0.083173	0.066745	-0.102276	4575100.000000
2015-07-01	0.003885	0.079465	0.083203	0.071769	0.176663	4897100.000000
2015-06-30	0.004931	0.082136	0.088986	0.073297	0.223152	8247300.000000
2015-06-29	-0.016370	0.070507	0.076159	0.057248	-0.753136	7300100.000000
2015-06-26	0.006509	0.078351	0.086664	0.075725	0.297531	7631700.000000
2015-06-25	0.003880	0.077483	0.082095	0.075287	0.176663	5807800.000000
2015-06-24	-0.002241	0.076383	0.079232	0.072877	-0.102276	6505500.000000
2015-06-23	-0.014260	0.079827	0.079827	0.059306	-0.660156	5248100.000000
2015-06-22	0.009530	0.081177	0.087719	0.080304	0.437008	5805200.000000
2015-06-19	-0.002831	0.071810	0.079421	0.070505	-0.130177	8188700.000000
2015-06-18	0.018534	0.078164	0.099648	0.077721	0.836815	6494500.000000
2015-06-17	0.011245	0.075283	0.091408	0.074835	0.502087	5714500.000000
2015-06-16	0.010097	0.078221	0.089081	0.073923	0.446304	4561300.000000
2015-06-15	-0.010408	0.068119	0.077298	0.063865	-0.464893	6494900.000000
2015-06-12	-0.006001	0.073949	0.074839	0.052808	-0.269654	8740600.000000
2015-06-11	-0.007597	0.075507	0.077936	0.066010	-0.344017	7135100.000000
2015-06-10	0.013592	0.089677	0.111166	0.089677	0.607186	10217600.000000
2015-06-09	0.004967	0.087665	0.097114	0.082491	0.220794	6326300.000000
2015-06-08	0.002282	0.086089	0.093755	0.077295	0.101193	7983800.000000
2015-06-05	-0.033480	0.083286	0.083286	0.048201	-1.536351	10415100.000000
2015-06-04	-0.009335	0.085048	0.087854	0.074685	-0.432384	6077400.000000
2015-06-03	-0.005530	0.093002	0.093431	0.078832	-0.257595	5830500.000000
2015-06-02	-0.011133	0.083594	0.084231	0.072342	-0.524384	4778800.000000
2015-06-01	0.000000	0.088901	0.092935	0.079560	0.000000	3842200.000000
2015-05-29	-0.008136	0.083411	0.089307	0.076462	-0.386383	7490800.000000
2015-05-28	-0.004052	0.089297	0.090765	0.080070	-0.193199	4634400.000000
2015-05-27	0.010725	0.089534	0.102888	0.086143	0.505985	5564700.000000
2015-05-26	0.000976	0.086990	0.091658	0.081898	0.045998	5673300.000000
2015-05-22	-0.007940	0.084043	0.085517	0.077729	-0.377193	4141800.000000
2015-05-21	-0.003089	0.087830	0.087830	0.074820	-0.147187	6577600.000000
2015-05-20	0.000386	0.090349	0.097487	0.086991	0.018399	4430600.000000
2015-05-19	-0.003272	0.088664	0.088664	0.080295	-0.156399	4764700.000000
2015-05-18	-0.016471	0.082669	0.086579	0.068675	-0.800373	4937700.000000
2015-05-15	0.004182	0.086164	0.092777	0.086164	0.202389	5023000.000000
2015-05-14	0.031373	0.095729	0.121732	0.095090	1.471954	6822000.000000
2015-05-13	-0.002933	0.088690	0.094003	0.081465	-0.137997	5759100.000000
2015-05-12	-0.003701	0.075346	0.085932	0.073652	-0.174789	5850100.000000
2015-05-11	-0.015909	0.087616	0.089908	0.068655	-0.763573	5396500.000000
2015-05-08	0.018150	0.094840	0.112447	0.093142	0.855568	5545500.000000
2015-05-07	0.011050	0.082701	0.101575	0.081414	0.515190	5127300.000000
2015-05-06	0.006554	0.088718	0.096274	0.082241	0.303589	7011100.000000
2015-05-05	-0.006511	0.083130	0.084846	0.075623	-0.303589	4968700.000000
2015-05-04	0.000395	0.092140	0.092140	0.082485	0.018391	4963100.000000
2015-05-01	0.012188	0.088511	0.100456	0.088294	0.561188	5958300.000000
2015-04-30	-0.002988	0.085908	0.089156	0.078979	-0.137997	10130900.000000
2015-04-29	-0.029201	0.080264	0.083837	0.052306	-1.389153	11261300.000000
2015-04-28	0.006031	0.083818	0.093546	0.081915	0.285183	6596600.000000
2015-04-27	-0.012867	0.088452	0.088661	0.070916	-0.616379	6451800.000000
2015-04-24	-0.005349	0.090313	0.093012	0.080554	-0.257591	4911100.000000
2015-04-23	0.004413	0.085322	0.103675	0.080317	0.211598	8189800.000000
2015-04-22	0.000384	0.086573	0.087617	0.074681	0.018402	9813700.000000
2015-04-21	-0.010071	0.089882	0.094426	0.074392	-0.487595	6473900.000000
2015-04-20	0.017005	0.092242	0.109886	0.092242	0.809578	8742700.000000
2015-04-17	-0.005764	0.084485	0.087617	0.078637	-0.275986	7499300.000000
2015-04-16	0.008525	0.094783	0.103629	0.086990	0.404782	7569700.000000
2015-04-15	-0.009785	0.086782	0.096167	0.074894	-0.469181	5944500.000000
2015-04-14	0.006761	0.085101	0.097069	0.081951	0.321987	4956600.000000
2015-04-13	-0.014093	0.083678	0.086162	0.070223	-0.680782	6731100.000000
2015-04-10	0.012534	0.093069	0.110675	0.090134	0.597984	6442200.000000
2015-04-09	0.004649	0.087622	0.093518	0.084043	0.220798	4556400.000000
2015-04-08	-0.001547	0.083837	0.092878	0.079001	-0.073600	5883500.000000
2015-04-07	0.004078	0.089524	0.100501	0.087413	0.193195	7369200.000000
2015-04-06	0.005860	0.083381	0.102279	0.083168	0.275989	7575000.000000
2015-04-02	0.017694	0.089584	0.108385	0.088287	0.818776	9000900.000000
2015-04-01	0.005598	0.090033	0.095248	0.076777	0.257591	7768800.000000
2015-03-31	-0.010093	0.086775	0.086775	0.075804	-0.469185	7905600.000000
2015-03-30	0.003774	0.094980	0.096923	0.087206	0.174797	7215800.000000
2015-03-27	0.006800	0.085251	0.096339	0.084382	0.312786	8565700.000000
2015-03-26	-0.002991	0.076803	0.095444	0.062715	-0.138000	14549100.000000
2015-03-25	-0.018783	0.090393	0.090819	0.066361	-0.883168	10189300.000000
2015-03-24	-0.009880	0.084885	0.094992	0.076251	-0.469181	7223800.000000
2015-03-23	0.003889	0.084665	0.098617	0.084665	0.183991	8649500.000000
2015-03-20	0.002926	0.088899	0.095047	0.085506	0.137989	13743100.000000
2015-03-19	-0.001363	0.084662	0.091225	0.081062	-0.064392	6697400.000000
2015-03-18	-0.005424	0.081516	0.087833	0.056036	-0.257588	14050500.000000
2015-03-17	-0.009023	0.081356	0.084486	0.067375	-0.432392	6048600.000000
2015-03-16	0.013621	0.094817	0.101797	0.093548	0.643982	7626200.000000
2015-03-13	-0.011921	0.085319	0.085737	0.067554	-0.570377	7955500.000000
2015-03-12	0.005996	0.095190	0.101498	0.091826	0.285187	7941100.000000
2015-03-11	-0.018421	0.102464	0.103702	0.074397	-0.892594	9012400.000000
2015-03-10	-0.011704	0.090785	0.094048	0.083034	-0.573818	5563800.000000
2015-03-09	0.008619	0.105124	0.109855	0.098541	0.418983	6262500.000000
2015-03-06	-0.038378	0.093571	0.094363	0.052424	-1.940025	12205000.000000
2015-03-05	-0.005198	0.102843	0.103827	0.088674	-0.264145	5550800.000000
2015-03-04	-0.011867	0.094229	0.096562	0.082367	-0.610237	5460600.000000
2015-03-03	-0.000708	0.097924	0.101421	0.089568	-0.036430	4428800.000000
2015-03-02	0.003731	0.097924	0.105921	0.096948	0.191269	4931400.000000
2015-02-27	0.003566	0.097923	0.107906	0.095183	0.182159	4957900.000000
2015-02-26	0.008088	0.099699	0.108776	0.097134	0.409859	4479600.000000
2015-02-25	-0.001436	0.099697	0.103244	0.094574	-0.072857	5125100.000000
2015-02-24	0.003783	0.101088	0.105440	0.094759	0.191273	6443700.000000
2015-02-23	-0.001798	0.100490	0.103649	0.095159	-0.091088	5265700.000000
2015-02-20	0.002343	0.096934	0.102277	0.086644	0.118412	6881500.000000
2015-02-19	0.004345	0.101302	0.106867	0.094942	0.218590	6332900.000000
2015-02-18	0.001814	0.093145	0.099915	0.090755	0.091087	4638800.000000
2015-02-17	0.006939	0.091708	0.108951	0.084891	0.346108	7141300.000000
2015-02-13	-0.014044	0.096935	0.098714	0.077562	-0.710442	5962900.000000
2015-02-12	0.014244	0.098926	0.113562	0.094315	0.710442	7249000.000000
2015-02-11	0.018412	0.101395	0.119772	0.098332	0.901691	7889700.000000
2015-02-10	0.011475	0.104946	0.111968	0.102261	0.555603	4499800.000000
2015-02-09	-0.003188	0.094424	0.101217	0.089277	-0.154846	5816400.000000
2015-02-06	-0.006335	0.094855	0.097310	0.088718	-0.309669	7806700.000000
2015-02-05	-0.006663	0.104832	0.105442	0.089186	-0.327893	8452200.000000
2015-02-04	-0.004239	0.096305	0.105410	0.090235	-0.209480	8190500.000000
2015-02-03	0.008550	0.098536	0.109964	0.093434	0.418961	9729300.000000
2015-02-02	0.013183	0.101025	0.113224	0.095442	0.637569	9183600.000000
2015-01-30	-0.023717	0.091262	0.102768	0.069865	-1.174938	9952300.000000
2015-01-29	0.007036	0.096501	0.108901	0.089995	0.346104	6468800.000000
2015-01-28	-0.010081	0.101747	0.110400	0.085246	-0.500950	6298200.000000
2015-01-27	0.002204	0.089655	0.104579	0.089050	0.109298	5640200.000000
2015-01-26	0.004614	0.098329	0.103394	0.091035	0.227711	6149600.000000
2015-01-23	-0.008599	0.098325	0.098928	0.088282	-0.428089	6589200.000000
2015-01-22	0.007186	0.105611	0.106420	0.094080	0.355213	7169000.000000
2015-01-21	0.008174	0.096496	0.108325	0.092009	0.400757	5742700.000000
2015-01-20	0.014703	0.116757	0.127519	0.101028	0.710438	6484700.000000
2015-01-16	0.011054	0.095412	0.111524	0.094785	0.528263	10072200.000000
2015-01-15	0.014305	0.102805	0.121695	0.099834	0.674015	8102800.000000
2015-01-14	0.007989	0.091077	0.107123	0.085729	0.373421	6234200.000000
2015-01-13	0.007856	0.103098	0.116467	0.097708	0.364330	7461000.000000
2015-01-12	0.006324	0.102046	0.110942	0.100093	0.291454	6369600.000000
2015-01-09	-0.002366	0.103551	0.106366	0.092728	-0.109302	6488200.000000
2015-01-08	0.016841	0.106288	0.121035	0.104967	0.765087	4692600.000000
2015-01-07	0.018375	0.105769	0.121460	0.105545	0.819725	5492500.000000
2015-01-06	0.005956	0.104914	0.119571	0.102433	0.264141	7240000.000000
2015-01-05	-0.005718	0.090525	0.098372	0.087834	-0.255028	6900200.000000
2015-01-02	-0.006089	0.098592	0.106168	0.082548	-0.273250	6078100.000000
2014-12-31	-0.011238	0.099686	0.102110	0.083381	-0.510045	5109600.000000
2014-12-30	-0.007963	0.096175	0.102076	0.087869	-0.364326	3664200.000000
2014-12-29	-0.007312	0.092716	0.094886	0.084471	-0.337002	4029600.000000
2014-12-26	0.004766	0.097705	0.107952	0.097487	0.218598	2991600.000000
2014-12-24	-0.003364	0.100531	0.103138	0.093578	-0.154839	4081100.000000
2014-12-23	0.006574	0.101641	0.107547	0.097705	0.300564	4631300.000000
2014-12-22	0.003198	0.096607	0.103628	0.092877	0.145733	8944900.000000
2014-12-19	-0.013848	0.109549	0.117988	0.086614	-0.640026	16275500.000000
2014-12-18	0.026632	0.120217	0.138876	0.111776	1.198921	7566500.000000
2014-12-17	0.012365	0.114055	0.128897	0.105060	0.549869	7948100.000000
2014-12-16	-0.003635	0.102387	0.129274	0.095889	-0.162250	8658100.000000
2014-12-15	-0.002820	0.113801	0.119834	0.098161	-0.126202	8122000.000000
2014-12-12	-0.011153	0.101600	0.115740	0.096739	-0.504806	6031800.000000
2014-12-11	0.004401	0.108001	0.122647	0.105338	0.198311	5263400.000000
2014-12-10	-0.014004	0.112615	0.114146	0.092704	-0.640019	6387100.000000
2014-12-09	-0.004516	0.103670	0.108244	0.091690	-0.207329	5160600.000000
2014-12-08	-0.002741	0.110202	0.119759	0.103902	-0.126201	5871300.000000
2014-12-05	0.002552	0.108897	0.112599	0.103017	0.117180	4529600.000000
2014-12-04	-0.004884	0.105215	0.106732	0.095680	-0.225357	6962800.000000
2014-12-03	0.012460	0.108236	0.124472	0.105822	0.567909	9451300.000000
2014-12-02	0.005169	0.110435	0.115949	0.106025	0.234371	8365300.000000
2014-12-01	0.000796	0.106464	0.114630	0.106022	0.036064	6171800.000000
2014-11-28	0.010861	0.114911	0.125620	0.114911	0.486775	3083100.000000
2014-11-26	0.005257	0.109333	0.116510	0.108211	0.234378	4210300.000000
2014-11-25	0.004264	0.109333	0.116315	0.102801	0.189305	7133800.000000
2014-11-24	0.000203	0.115641	0.121048	0.108882	0.009014	5589100.000000
2014-11-21	0.008396	0.115239	0.119329	0.113195	0.369583	10017200.000000
2014-11-20	-0.006308	0.103915	0.106849	0.099625	-0.279446	8905500.000000
2014-11-19	-0.002638	0.108432	0.109783	0.103704	-0.117183	5979700.000000
2014-11-18	0.004485	0.112725	0.118153	0.110916	0.198314	6096000.000000
2014-11-17	0.005535	0.108423	0.117292	0.107513	0.243386	6026800.000000
2014-11-14	-0.013549	0.109333	0.109333	0.090040	-0.603962	6768800.000000
2014-11-13	0.002432	0.114730	0.123275	0.106859	0.108165	5253000.000000
2014-11-12	0.001015	0.107532	0.113160	0.095826	0.045082	7538500.000000
2014-11-11	-0.011831	0.108443	0.111335	0.093984	-0.531856	5412000.000000
2014-11-10	0.000000	0.110445	0.114226	0.103549	0.000000	8124600.000000
2014-11-07	0.006255	0.109333	0.116495	0.102841	0.279442	5876600.000000
2014-11-06	-0.003819	0.111340	0.112678	0.102197	-0.171265	4936500.000000
2014-11-05	0.006678	0.117189	0.121454	0.102599	0.297478	6709400.000000
2014-11-04	0.010221	0.111374	0.125433	0.111374	0.450722	5511500.000000
2014-11-03	0.011998	0.108185	0.126085	0.108185	0.522831	5325100.000000
2014-10-31	0.017684	0.119375	0.129417	0.115405	0.757213	7816900.000000
2014-10-30	-0.001471	0.108167	0.114230	0.098139	-0.063099	7670800.000000
2014-10-29	0.000842	0.112367	0.117968	0.104198	0.036057	7240000.000000
2014-10-28	-0.002309	0.114688	0.114921	0.095827	-0.099156	6468900.000000
2014-10-27	0.003159	0.110734	0.119844	0.109333	0.135216	4350100.000000
2014-10-24	0.007638	0.111687	0.118042	0.108156	0.324520	3669700.000000
2014-10-23	0.001487	0.121590	0.124183	0.109568	0.063091	4893500.000000
2014-10-22	0.000851	0.109097	0.123488	0.109097	0.036065	6445400.000000
2014-10-21	0.012926	0.112201	0.123910	0.104314	0.540870	5607300.000000
2014-10-20	0.016645	0.110791	0.129741	0.108118	0.685101	5280700.000000
2014-10-17	0.010848	0.115473	0.124805	0.106631	0.441704	9306300.000000
2014-10-16	-0.007907	0.093008	0.107627	0.087648	-0.324524	10720000.000000
2014-10-15	-0.014075	0.096361	0.105249	0.071138	-0.585938	14208400.000000
2014-10-14	0.002823	0.110537	0.119450	0.103310	0.117188	7133300.000000
2014-10-13	-0.014341	0.105534	0.114319	0.093424	-0.603966	8658100.000000
2014-10-10	0.007548	0.117228	0.134213	0.116510	0.315506	9347400.000000
2014-10-09	-0.009188	0.106725	0.116444	0.095111	-0.387623	7887200.000000
2014-10-08	0.016287	0.110055	0.127641	0.105960	0.676083	6551200.000000
2014-10-07	-0.009890	0.107663	0.110048	0.097407	-0.414665	6144600.000000
2014-10-06	0.006928	0.114136	0.119180	0.106211	0.288467	6741400.000000
2014-10-03	0.015834	0.114456	0.128118	0.111772	0.649029	7187900.000000
2014-10-02	-0.006554	0.109090	0.110545	0.095275	-0.270424	8062900.000000
2014-10-01	-0.003701	0.110299	0.113921	0.103054	-0.153248	7517300.000000
2014-09-30	-0.002172	0.111260	0.113188	0.105237	-0.090145	6343900.000000
2014-09-29	0.005021	0.104974	0.116113	0.101099	0.207332	7477200.000000
2014-09-26	0.015518	0.116956	0.130482	0.115481	0.631012	7870300.000000
2014-09-25	-0.012910	0.105449	0.106905	0.094040	-0.531856	5678100.000000
2014-09-24	0.019634	0.108590	0.131856	0.108590	0.793270	7610600.000000
2014-09-23	-0.011687	0.107376	0.111534	0.096368	-0.477768	6335500.000000
2014-09-22	0.008002	0.110319	0.120675	0.108840	0.324524	7470000.000000
2014-09-19	0.005588	0.114540	0.118259	0.111316	0.225361	8048800.000000
2014-09-18	0.002914	0.114057	0.114057	0.105603	0.117187	4925100.000000
2014-09-17	0.005636	0.110083	0.120336	0.104581	0.225361	6738100.000000
2014-09-16	0.002033	0.104321	0.115096	0.103319	0.081131	6636800.000000
2014-09-15	0.025718	0.120642	0.143775	0.114730	1.000603	11428100.000000
2014-09-12	-0.000695	0.109333	0.112158	0.103425	-0.027050	7312900.000000
2014-09-11	-0.003461	0.109077	0.112660	0.098582	-0.135212	6328700.000000
2014-09-10	0.004811	0.123929	0.132930	0.118528	0.187057	8282400.000000
2014-09-09	0.003679	0.125740	0.127031	0.121868	0.142521	8571300.000000
2014-09-08	0.002305	0.122384	0.128076	0.121866	0.089077	6454800.000000
2014-09-05	0.005795	0.122382	0.129669	0.121081	0.222687	4949600.000000
2014-09-04	-0.001851	0.122643	0.129396	0.118227	-0.071255	4583100.000000
2014-09-03	0.000694	0.127841	0.129661	0.120563	0.026715	3497000.000000
2014-09-02	0.002554	0.124727	0.138278	0.121861	0.097988	4573300.000000
2014-08-29	0.003962	0.124997	0.128137	0.123166	0.151432	3645300.000000
2014-08-28	0.002102	0.119497	0.127362	0.117924	0.080170	3195500.000000
2014-08-27	-0.000933	0.121071	0.122643	0.115309	-0.035634	3489300.000000
2014-08-26	0.002104	0.126317	0.128155	0.121068	0.080163	4468100.000000
2014-08-25	0.004226	0.126597	0.131605	0.124488	0.160335	3278700.000000
2014-08-22	0.000235	0.122906	0.125806	0.118688	0.008907	3796900.000000
2014-08-21	0.002827	0.122907	0.128460	0.119470	0.106903	4830000.000000
2014-08-20	-0.005621	0.122906	0.123169	0.112652	-0.213790	4538600.000000
2014-08-19	0.004706	0.125284	0.128190	0.117360	0.178150	4320700.000000
2014-08-18	0.007109	0.125303	0.133018	0.125303	0.267227	3987100.000000
2014-08-15	-0.001420	0.126096	0.128221	0.113876	-0.053444	4737300.000000
2014-08-14	0.004516	0.123710	0.127713	0.121042	0.169247	2976900.000000
2014-08-13	0.002622	0.125854	0.131205	0.120770	0.097988	3724800.000000
2014-08-12	-0.001190	0.119703	0.122643	0.114893	-0.044544	3843500.000000
2014-08-11	0.009128	0.127766	0.140980	0.122912	0.338485	6134700.000000
2014-08-08	0.011665	0.124007	0.136556	0.122097	0.427559	4407600.000000
2014-08-07	-0.006758	0.122914	0.125081	0.108552	-0.249412	7828400.000000
2014-08-06	0.021198	0.119875	0.149761	0.119875	0.766048	7964000.000000
2014-08-05	-0.003928	0.122367	0.128982	0.113822	-0.142517	4395800.000000
2014-08-04	0.005679	0.121811	0.131790	0.119871	0.204876	6302200.000000
2014-08-01	-0.002463	0.116283	0.128173	0.113241	-0.089073	6192600.000000
2014-07-31	-0.012646	0.117455	0.120459	0.108173	-0.463196	7194000.000000
2014-07-30	-0.010111	0.130480	0.132102	0.109670	-0.374119	7223700.000000
2014-07-29	-0.002641	0.121025	0.127225	0.117791	-0.097988	8603900.000000
2014-07-28	-0.002156	0.122374	0.125870	0.112691	-0.080158	4501800.000000
2014-07-25	-0.007136	0.118370	0.122108	0.108756	-0.267235	4829600.000000
2014-07-24	0.007670	0.126679	0.134214	0.124526	0.285046	6824500.000000
2014-07-23	-0.005008	0.124249	0.124517	0.115146	-0.187062	6523500.000000
2014-07-22	-0.001904	0.116496	0.129056	0.099661	-0.071254	8835500.000000
2014-07-21	-0.003794	0.105871	0.119448	0.103475	-0.142525	8636800.000000
2014-07-18	0.014189	0.128312	0.141002	0.123182	0.525543	6800500.000000
2014-07-17	-0.005739	0.119690	0.126938	0.115395	-0.213779	6506800.000000
2014-07-16	0.001437	0.131245	0.138773	0.121030	0.053444	7922300.000000
2014-07-15	-0.036678	0.113579	0.115651	0.081207	-1.416295	18024000.000000
2014-07-14	-0.001842	0.127296	0.129622	0.118248	-0.071266	8341300.000000
2014-07-11	0.011176	0.137803	0.139632	0.124472	0.427563	9915900.000000
2014-07-10	0.003505	0.117659	0.126577	0.117659	0.133614	7554700.000000
2014-07-09	0.002107	0.126323	0.131580	0.122906	0.080173	5904300.000000
2014-07-08	0.002112	0.123433	0.127648	0.119745	0.080170	5145000.000000
2014-07-07	0.005426	0.118935	0.132971	0.118935	0.204872	5212400.000000
2014-07-03	0.012419	0.126665	0.141680	0.125860	0.463188	5819600.000000
2014-07-02	0.000956	0.123179	0.126400	0.119690	0.035629	3579200.000000
2014-07-01	-0.002623	0.120769	0.124249	0.111400	-0.097976	5197700.000000
2014-06-30	0.002869	0.121032	0.134991	0.115663	0.106884	9322600.000000
2014-06-27	-0.001909	0.119695	0.121571	0.102012	-0.071263	12779900.000000
2014-06-26	-0.003093	0.121307	0.121841	0.109020	-0.115795	7161300.000000
2014-06-25	-0.007556	0.117076	0.118666	0.110714	-0.285038	6983900.000000
2014-06-24	-0.007964	0.117646	0.117646	0.105549	-0.302860	8291600.000000
2014-06-23	-0.009972	0.119779	0.120039	0.106501	-0.383022	5750500.000000
2014-06-20	0.001161	0.126813	0.130723	0.119515	0.044536	12356800.000000
2014-06-19	0.017001	0.124498	0.143850	0.123438	0.641346	10498500.000000
2014-06-18	0.016075	0.122912	0.141227	0.118333	0.596798	8340100.000000
2014-06-17	-0.003109	0.119421	0.122374	0.114856	-0.115791	4496200.000000
2014-06-16	0.008685	0.122372	0.136726	0.117496	0.320663	5133900.000000
2014-06-13	0.004118	0.124274	0.131889	0.120195	0.151436	5470100.000000
2014-06-12	-0.019710	0.121043	0.124775	0.099182	-0.739334	8391300.000000
2014-06-11	0.005667	0.131954	0.145091	0.130345	0.211372	12157300.000000
2014-06-10	0.017784	0.133529	0.156723	0.131892	0.651730	11193600.000000
2014-06-09	0.005315	0.133519	0.142297	0.132422	0.193764	5173900.000000
2014-06-06	0.002422	0.135439	0.139564	0.134614	0.088070	3964200.000000
2014-06-05	0.001455	0.135439	0.142324	0.133236	0.052845	4116300.000000
2014-06-04	-0.000243	0.134338	0.137642	0.131585	-0.008809	3349900.000000
2014-06-03	-0.000242	0.134063	0.138467	0.132687	-0.008808	4386400.000000
2014-06-02	-0.007459	0.137352	0.137625	0.126970	-0.273018	4501700.000000
2014-05-30	0.006052	0.132141	0.143960	0.129667	0.220173	7319600.000000
2014-05-29	0.013245	0.137389	0.152149	0.135439	0.475590	5591100.000000
2014-05-28	0.000000	0.136275	0.138781	0.132376	0.000000	3865800.000000
2014-05-27	0.002212	0.137393	0.140184	0.134044	0.079266	4079000.000000
2014-05-23	0.000000	0.136277	0.139626	0.132648	0.000000	4293500.000000
2014-05-22	0.000984	0.134042	0.145218	0.129572	0.035228	8387500.000000
2014-05-21	0.015239	0.137425	0.156429	0.134872	0.537239	7952700.000000
2014-05-20	-0.004477	0.134592	0.137416	0.128380	-0.158535	5959500.000000
2014-05-19	-0.011797	0.124277	0.128463	0.116185	-0.422744	10646700.000000
2014-05-16	0.015980	0.136006	0.153584	0.134305	0.563663	8203800.000000
2014-05-15	-0.006943	0.130935	0.134595	0.125304	-0.246601	7215000.000000
2014-05-14	-0.006895	0.133762	0.134321	0.124815	-0.246601	6105800.000000
2014-05-13	0.005945	0.137408	0.143034	0.133471	0.211380	9944300.000000
2014-05-12	0.004229	0.141936	0.145890	0.136287	0.149715	5028600.000000
2014-05-09	0.002244	0.132891	0.139119	0.132042	0.079258	4930000.000000
2014-05-08	0.001248	0.136573	0.139407	0.132888	0.044033	6997000.000000
2014-05-07	0.007546	0.140580	0.147433	0.138581	0.264225	7257300.000000
2014-05-06	-0.003259	0.134301	0.136293	0.130885	-0.114498	4302500.000000
2014-05-05	-0.002001	0.130894	0.135723	0.124929	-0.070453	5746500.000000
2014-05-02	0.003515	0.133159	0.142281	0.132589	0.123302	7622200.000000
2014-05-01	-0.006981	0.136855	0.141950	0.126664	-0.246609	11871300.000000
2014-04-30	-0.000249	0.122138	0.136571	0.120723	-0.008808	10221100.000000
2014-04-29	0.004758	0.137998	0.144254	0.134017	0.167340	8536300.000000
2014-04-28	0.020966	0.138633	0.165633	0.138633	0.722187	13563000.000000
2014-04-25	0.018489	0.135439	0.156433	0.129525	0.625305	8560700.000000
2014-04-24	0.002350	0.136329	0.149962	0.128326	0.079273	8667600.000000
2014-04-23	-0.008540	0.132501	0.133970	0.121041	-0.290638	9972300.000000
2014-04-22	0.005726	0.134257	0.142532	0.131006	0.193752	8907300.000000
2014-04-21	-0.000780	0.132782	0.135735	0.118607	-0.026416	4581700.000000
2014-04-17	0.002346	0.131591	0.138399	0.123007	0.079261	8498400.000000
2014-04-16	0.003926	0.139896	0.145840	0.136033	0.132103	6615500.000000
2014-04-15	-0.001046	0.135439	0.138111	0.129502	-0.035225	7911800.000000
2014-04-14	0.015936	0.142376	0.153836	0.138154	0.528435	6864400.000000
2014-04-11	-0.004495	0.132137	0.146548	0.127634	-0.149723	8729800.000000
2014-04-10	-0.008390	0.139310	0.147943	0.124425	-0.281822	12591800.000000
2014-04-09	0.006598	0.134840	0.144130	0.133342	0.220173	7739300.000000
2014-04-08	0.006375	0.133931	0.149613	0.132424	0.211372	8755600.000000
2014-04-07	0.002129	0.135439	0.147528	0.135439	0.070454	8815700.000000
2014-04-04	-0.000532	0.140272	0.144803	0.133023	-0.017617	6233900.000000
2014-04-03	0.000266	0.139065	0.140576	0.130605	0.008812	4667900.000000
2014-04-02	0.005081	0.136350	0.143031	0.132099	0.167332	7720400.000000
2014-04-01	-0.001068	0.136046	0.140293	0.126339	-0.035221	5613100.000000
2014-03-31	0.008351	0.139416	0.146757	0.136051	0.273018	5335800.000000
2014-03-28	-0.002954	0.137879	0.139404	0.127510	-0.096874	5252100.000000
2014-03-27	-0.000537	0.133001	0.141231	0.129953	-0.017620	8328400.000000
2014-03-26	0.009212	0.136670	0.148975	0.135439	0.299442	10929200.000000
2014-03-25	0.005996	0.139772	0.145033	0.135749	0.193764	6760900.000000
2014-03-24	0.006584	0.138554	0.144161	0.135128	0.211368	7088700.000000
2014-03-21	0.002751	0.141374	0.152932	0.137001	0.088078	11001500.000000
2014-03-20	0.009161	0.132918	0.146788	0.129765	0.290632	6574800.000000
2014-03-19	-0.015578	0.135439	0.139163	0.112786	-0.502016	7321800.000000
2014-03-18	0.005773	0.135127	0.144490	0.131382	0.184959	4939900.000000
2014-03-17	0.001100	0.138876	0.143563	0.132627	0.035221	5416000.000000
2014-03-14	0.010287	0.131967	0.154063	0.131967	0.325871	7843300.000000
2014-03-13	-0.004704	0.139838	0.142980	0.128213	-0.149725	7924200.000000
2014-03-12	-0.003859	0.133875	0.134500	0.126050	-0.123297	7220900.000000
2014-03-11	-0.002713	0.154831	0.159513	0.144219	-0.086929	7791500.000000
2014-03-10	0.001358	0.150461	0.154212	0.146086	0.043457	5162900.000000
2014-03-07	-0.002168	0.153892	0.154828	0.140794	-0.069531	6629300.000000
2014-03-06	-0.001624	0.152952	0.152952	0.140498	-0.052158	10801200.000000
2014-03-05	-0.003237	0.149841	0.157600	0.143634	-0.104301	7815700.000000
2014-03-04	0.017010	0.163718	0.178237	0.162140	0.538921	11932400.000000
2014-03-03	0.005240	0.144433	0.170768	0.142212	0.165142	12823800.000000
2014-02-28	0.010873	0.153669	0.167781	0.153669	0.339003	8773100.000000
2014-02-27	0.012133	0.152085	0.166693	0.151760	0.373762	5595500.000000
2014-02-26	-0.003655	0.152402	0.157901	0.144963	-0.112995	5787400.000000
2014-02-25	0.005370	0.150787	0.166395	0.150462	0.165146	7845200.000000
2014-02-24	0.000283	0.149486	0.161195	0.147534	0.008691	6287400.000000
2014-02-21	-0.004503	0.151109	0.152081	0.142043	-0.139066	7104400.000000
2014-02-20	0.010523	0.151116	0.165513	0.148825	0.321598	5979400.000000
2014-02-19	-0.008460	0.148515	0.151759	0.138782	-0.260765	6337400.000000
2014-02-18	-0.003092	0.149815	0.154667	0.143993	-0.095604	5701100.000000
2014-02-14	0.008220	0.147201	0.161549	0.142961	0.252065	6584300.000000
2014-02-13	0.010020	0.144533	0.161989	0.144204	0.304230	8231700.000000
2014-02-12	-0.005976	0.154063	0.154390	0.139658	-0.182537	10043700.000000
2014-02-11	-0.001421	0.147519	0.152423	0.137058	-0.043455	9588800.000000
2014-02-10	-0.003116	0.154047	0.156980	0.142314	-0.095619	7507800.000000
2014-02-07	0.016998	0.157422	0.171343	0.152782	0.512842	11611300.000000
2014-02-06	0.020882	0.153845	0.175501	0.152153	0.617138	18468900.000000
2014-02-05	-0.012489	0.141106	0.147120	0.129410	-0.373764	15802600.000000
2014-02-04	0.009381	0.156870	0.166314	0.151811	0.278148	9864000.000000
2014-02-03	-0.031516	0.148828	0.149155	0.113223	-0.964834	16108500.000000
2014-01-31	-0.003677	0.139071	0.156320	0.117266	-0.112991	15457100.000000
2014-01-30	-0.029646	0.144461	0.144461	0.110355	-0.938759	18659600.000000
2014-01-29	-0.011397	0.145154	0.145467	0.128920	-0.365063	14367300.000000
2014-01-28	0.000543	0.152023	0.152023	0.142340	0.017380	8115400.000000
2014-01-27	-0.012600	0.151079	0.151079	0.131956	-0.408527	10823100.000000
2014-01-24	-0.001873	0.143689	0.153848	0.139994	-0.060849	13593800.000000
2014-01-23	-0.003467	0.146166	0.147700	0.133588	-0.113002	8265500.000000
2014-01-22	0.003479	0.151385	0.158466	0.147691	0.113002	5495000.000000
2014-01-21	0.009182	0.155433	0.161025	0.149530	0.295540	10031900.000000
2014-01-17	-0.007239	0.150153	0.151387	0.138433	-0.234691	8391300.000000
2014-01-16	0.010840	0.148591	0.163868	0.147967	0.347675	6286200.000000
2014-01-15	-0.002163	0.148284	0.152951	0.143929	-0.069527	6057300.000000
2014-01-14	-0.002966	0.151392	0.155425	0.140226	-0.095611	9230900.000000
2014-01-13	-0.004563	0.150153	0.151696	0.142433	-0.147782	9797100.000000
2014-01-10	0.000269	0.161271	0.162816	0.147373	0.008705	7150200.000000
2014-01-09	0.003232	0.150771	0.158208	0.148293	0.104302	5976000.000000
2014-01-08	-0.004023	0.150153	0.154782	0.140587	-0.130371	13396900.000000
2014-01-07	0.000000	0.156017	0.163423	0.149845	0.000000	7042700.000000
2014-01-06	-0.011665	0.151987	0.153512	0.134296	-0.382469	10717600.000000
2014-01-03	-0.004749	0.152586	0.156836	0.142873	-0.156464	5361400.000000
2014-01-02	-0.012764	0.146865	0.150162	0.132181	-0.425911	6324600.000000
2013-12-31	0.000782	0.149262	0.155860	0.145663	0.026081	10342600.000000
2013-12-30	0.001305	0.151963	0.154366	0.145357	0.043465	7086900.000000
2013-12-27	0.001569	0.153770	0.156778	0.149259	0.052151	4269500.000000
2013-12-26	0.004464	0.150763	0.157108	0.150461	0.147754	5246000.000000
2013-12-24	-0.001573	0.152573	0.159511	0.147747	-0.052143	10126100.000000
2013-12-23	0.001313	0.154086	0.156804	0.143213	0.043457	13530200.000000
2013-12-20	0.009158	0.168312	0.175932	0.163131	0.300442	16852000.000000
2013-12-19	0.001572	0.161601	0.167707	0.157022	0.051506	8964200.000000
2013-12-18	0.018958	0.168381	0.187356	0.156871	0.609455	12910600.000000
2013-12-17	0.005639	0.164960	0.177160	0.162144	0.180271	9325400.000000
2013-12-16	0.003774	0.166216	0.172496	0.164018	0.120186	7481400.000000
2013-12-13	-0.002689	0.165586	0.167778	0.153686	-0.085852	12439700.000000
2013-12-12	-0.012477	0.162176	0.167124	0.147332	-0.403444	9241400.000000
2013-12-11	0.009379	0.166208	0.178382	0.164335	0.300446	9825300.000000
2013-12-10	-0.009817	0.161559	0.163105	0.146723	-0.317620	7750300.000000
2013-12-09	0.006140	0.166203	0.173667	0.160295	0.197438	6813600.000000
2013-12-06	0.013528	0.173154	0.180719	0.171893	0.429189	6717600.000000
2013-12-05	-0.007252	0.161517	0.164647	0.154634	-0.231758	7198300.000000
2013-12-04	0.001614	0.159632	0.169974	0.157124	0.051510	7975500.000000
2013-12-03	0.005954	0.162122	0.176309	0.162122	0.188837	7807400.000000
2013-12-02	-0.000811	0.165904	0.171890	0.161809	-0.025749	7143500.000000
2013-11-29	-0.004576	0.164019	0.165273	0.157747	-0.145928	4002100.000000
2013-11-27	0.004054	0.167478	0.172516	0.162126	0.128760	4064400.000000
2013-11-26	-0.003233	0.168726	0.169039	0.159624	-0.103005	7358600.000000
2013-11-25	-0.004025	0.168710	0.169961	0.158083	-0.128763	4369500.000000
2013-11-22	0.003500	0.164646	0.169351	0.154609	0.111597	6371500.000000
2013-11-21	-0.012497	0.165889	0.165889	0.136153	-0.403455	12595000.000000
2013-11-20	-0.005815	0.165575	0.170195	0.153258	-0.188843	6026500.000000
2013-11-19	-0.005259	0.160978	0.161590	0.154238	-0.171673	5761400.000000
2013-11-18	0.000789	0.167105	0.168025	0.159135	0.025745	5357200.000000
2013-11-15	0.007958	0.163105	0.174230	0.163105	0.257519	5334200.000000
2013-11-14	0.003193	0.164029	0.175809	0.164029	0.103005	6891500.000000
2013-11-13	0.007236	0.159651	0.173702	0.158714	0.231761	5805000.000000
2013-11-12	-0.003738	0.164648	0.165892	0.152827	-0.120174	7475700.000000
2013-11-11	-0.002663	0.163408	0.166511	0.158134	-0.085827	4232400.000000
2013-11-08	0.001333	0.161853	0.166513	0.150048	0.042912	13586400.000000
2013-11-07	-0.008461	0.165267	0.166499	0.147402	-0.274689	6410000.000000
2013-11-06	0.007459	0.169304	0.175821	0.165270	0.240360	4742800.000000
2013-11-05	0.002939	0.164648	0.170873	0.159668	0.094422	4860800.000000
2013-11-04	0.002679	0.171201	0.176194	0.163087	0.085834	5141800.000000
2013-11-01	0.002686	0.165585	0.179353	0.162456	0.085844	6620300.000000
2013-10-31	0.004587	0.164331	0.180362	0.159930	0.145920	10181100.000000
2013-10-30	-0.009885	0.167138	0.167138	0.152821	-0.317598	5630400.000000
2013-10-29	0.016843	0.167491	0.185530	0.166225	0.532196	9258100.000000
2013-10-28	0.015449	0.165602	0.187134	0.165602	0.480713	8074300.000000
2013-10-25	0.008065	0.169495	0.177594	0.163016	0.248939	12824300.000000
2013-10-24	-0.011545	0.174246	0.176807	0.149269	-0.360535	12125700.000000
2013-10-23	-0.000824	0.161120	0.169119	0.154721	-0.025741	6803100.000000
2013-10-22	0.010827	0.167547	0.179837	0.163342	0.334768	7994600.000000
2013-10-21	0.004462	0.167883	0.170157	0.162036	0.137341	5390300.000000
2013-10-18	0.006738	0.173790	0.177061	0.164959	0.206020	7009900.000000
2013-10-17	-0.001961	0.166265	0.173446	0.161369	-0.060085	8068000.000000
2013-10-16	0.010189	0.167268	0.177160	0.165289	0.309017	6209600.000000
2013-10-15	-0.011472	0.161374	0.162352	0.149313	-0.351948	6978200.000000
2013-10-14	0.005627	0.160698	0.173809	0.158076	0.171679	4291900.000000
2013-10-11	0.001691	0.166601	0.170541	0.160691	0.051511	6202400.000000
2013-10-10	0.029898	0.185587	0.199790	0.181529	0.884146	8819200.000000
2013-10-09	-0.006632	0.167983	0.172350	0.155890	-0.197422	7195800.000000
2013-10-08	-0.002015	0.166300	0.170658	0.160601	-0.060093	7015900.000000
2013-10-07	0.002886	0.158908	0.176391	0.157563	0.085840	6399200.000000
2013-10-04	-0.001441	0.164960	0.170331	0.158916	-0.042919	4019300.000000
2013-10-03	-0.001439	0.161272	0.169318	0.156578	-0.042921	5798500.000000
2013-10-02	0.001152	0.160932	0.166637	0.154555	0.034332	5794600.000000
2013-10-01	0.010481	0.162246	0.178864	0.160890	0.309031	6986900.000000
2013-09-30	-0.010372	0.157911	0.159254	0.150192	-0.309031	7525300.000000
2013-09-27	-0.008286	0.158968	0.161631	0.149316	-0.248935	7879800.000000
2013-09-26	0.006036	0.165294	0.171991	0.163955	0.180267	5099100.000000
2013-09-25	-0.008267	0.165624	0.167948	0.152672	-0.248934	10012400.000000
2013-09-24	-0.004823	0.164298	0.164959	0.156036	-0.145931	6366700.000000
2013-09-23	-0.008439	0.159716	0.161355	0.153490	-0.257519	6586400.000000
2013-09-20	-0.006983	0.166586	0.168539	0.155197	-0.214601	7789400.000000
2013-09-19	0.000279	0.165936	0.171795	0.162355	0.008585	5296700.000000
2013-09-18	0.012161	0.165289	0.181432	0.159029	0.369108	6623300.000000
2013-09-17	0.006547	0.166949	0.177561	0.164296	0.197433	9775000.000000
2013-09-16	0.008324	0.176663	0.183685	0.171313	0.248946	5652800.000000
2013-09-13	0.008685	0.168670	0.178788	0.167658	0.257513	5669100.000000
2013-09-12	-0.011165	0.166627	0.167961	0.149618	-0.334776	10309700.000000
2013-09-11	0.012293	0.181981	0.195823	0.179280	0.364109	12966100.000000
2013-09-10	0.011275	0.183700	0.194966	0.180968	0.330242	26034300.000000
2013-09-09	0.005523	0.182685	0.187491	0.179251	0.160879	22729400.000000
2013-09-06	0.004379	0.184761	0.191657	0.176830	0.127012	23039300.000000
2013-09-05	0.002342	0.183042	0.185807	0.179586	0.067751	7054100.000000
2013-09-04	0.010050	0.178874	0.195281	0.177128	0.287894	6396000.000000
2013-09-03	-0.001476	0.187591	0.193865	0.175391	-0.042342	7422100.000000
2013-08-30	-0.001768	0.182708	0.183404	0.173313	-0.050800	6365200.000000
2013-08-29	0.010119	0.180968	0.199948	0.178859	0.287897	6663000.000000
2013-08-28	-0.011474	0.177841	0.177841	0.166375	-0.330242	8993200.000000
2013-08-27	-0.001762	0.172644	0.187211	0.170910	-0.050798	9829300.000000
2013-08-26	-0.006710	0.184069	0.184758	0.171322	-0.194760	7718000.000000
2013-08-23	0.021454	0.179560	0.207360	0.179560	0.609669	11116400.000000
2013-08-22	0.002989	0.181321	0.187321	0.168968	0.084675	8182900.000000
2013-08-21	-0.009180	0.179919	0.180968	0.166979	-0.262499	8032700.000000
2013-08-20	-0.004715	0.182360	0.185145	0.174703	-0.135475	15309100.000000
2013-08-19	-0.010499	0.180623	0.181312	0.165814	-0.304840	7832300.000000
2013-08-16	-0.008099	0.178918	0.183018	0.170036	-0.237089	8364900.000000
2013-08-15	-0.013976	0.171536	0.176589	0.162105	-0.414917	15144400.000000
2013-08-14	-0.004543	0.181303	0.181974	0.167220	-0.135478	5871900.000000
2013-08-13	0.001707	0.181304	0.184663	0.175930	0.050807	5919700.000000
2013-08-12	-0.005937	0.176961	0.177963	0.170283	-0.177826	4884300.000000
2013-08-09	-0.005623	0.181300	0.181964	0.170675	-0.169356	5358300.000000
2013-08-08	0.010512	0.186001	0.197408	0.184323	0.313309	6804900.000000
2013-08-07	-0.005650	0.179634	0.179967	0.170293	-0.169350	6278600.000000
2013-08-06	-0.005897	0.178978	0.179973	0.166044	-0.177826	8078100.000000
2013-08-05	-0.001962	0.178651	0.180637	0.173024	-0.059276	3757700.000000
2013-08-02	0.003939	0.180303	0.185620	0.172328	0.118547	10508500.000000
2013-08-01	0.013691	0.188042	0.200168	0.180294	0.406449	8002100.000000
2013-07-31	-0.014061	0.180636	0.183293	0.162702	-0.423382	11318400.000000
2013-07-30	-0.003084	0.184279	0.186596	0.174677	-0.093142	5899700.000000
2013-07-29	-0.006407	0.178665	0.180310	0.168138	-0.194757	5308200.000000
2013-07-26	-0.000278	0.177350	0.180639	0.156303	-0.008465	10285200.000000
2013-07-25	0.009558	0.178976	0.194912	0.177316	0.287893	8869700.000000
2013-07-24	-0.011670	0.181953	0.181953	0.163249	-0.355633	10429400.000000
2013-07-23	-0.024132	0.185131	0.185131	0.144143	-0.753622	13156500.000000
2013-07-22	-0.007268	0.179061	0.180332	0.167934	-0.228628	7158200.000000
2013-07-19	0.004054	0.181926	0.192139	0.178095	0.127018	8942500.000000
2013-07-18	-0.000541	0.177140	0.190538	0.174907	-0.016945	5723500.000000
2013-07-17	-0.005640	0.185409	0.188898	0.173672	-0.177816	5656000.000000
2013-07-16	0.004859	0.178737	0.193718	0.177143	0.152426	6867100.000000
2013-07-15	0.003521	0.180329	0.185766	0.177130	0.110080	4944000.000000
2013-07-12	0.001628	0.183852	0.185454	0.175842	0.050803	4813000.000000
2013-07-11	0.009863	0.193587	0.200058	0.190675	0.304836	8344900.000000
2013-07-10	0.006341	0.182596	0.197900	0.180968	0.194755	9699600.000000
2013-07-09	0.006382	0.186866	0.194403	0.183262	0.194752	12222100.000000
2013-07-08	0.015497	0.187623	0.203596	0.186292	0.465716	5837100.000000
2013-07-05	0.000000	0.185627	0.189620	0.168323	0.000000	4465900.000000
2013-07-03	0.000846	0.177638	0.182300	0.171310	0.025407	5787800.000000
2013-07-02	0.002261	0.177964	0.190648	0.174960	0.067744	5418900.000000
2013-07-01	0.011146	0.188731	0.203919	0.185693	0.330234	7723000.000000
2013-06-28	-0.012976	0.179636	0.188630	0.164644	-0.389509	13324600.000000
2013-06-27	0.005103	0.189674	0.197710	0.184986	0.152412	6334000.000000
2013-06-26	0.009734	0.189420	0.199225	0.183673	0.287899	7389100.000000
2013-06-25	0.008663	0.188129	0.207909	0.185742	0.254031	21031800.000000
2013-06-24	-0.008589	0.169811	0.185025	0.163049	-0.254031	9759900.000000
2013-06-21	0.017181	0.191973	0.208137	0.190254	0.499598	11237500.000000
2013-06-20	-0.024155	0.178954	0.182310	0.149422	-0.719753	13214200.000000
2013-06-19	-0.026556	0.179988	0.184235	0.149606	-0.812897	8859200.000000
2013-06-18	0.010059	0.182618	0.194497	0.182618	0.304838	7505700.000000
2013-06-17	0.005902	0.184951	0.193581	0.182296	0.177820	8517500.000000
2013-06-14	-0.005033	0.180308	0.187243	0.173042	-0.152414	7642500.000000
2013-06-13	0.004494	0.179973	0.193906	0.176987	0.135485	7440500.000000
2013-06-12	-0.003360	0.192209	0.192870	0.176339	-0.101616	8821800.000000
2013-06-11	-0.001932	0.190896	0.204425	0.186936	-0.058548	27180200.000000
2013-06-10	0.002213	0.200807	0.206759	0.195515	0.066912	25361900.000000
2013-06-07	0.009494	0.201524	0.208201	0.190507	0.284393	26081400.000000
2013-06-06	0.002800	0.191833	0.198863	0.178776	0.083650	10976300.000000
2013-06-05	-0.013808	0.189572	0.195185	0.175706	-0.418230	8526400.000000
2013-06-04	-0.006857	0.195516	0.200106	0.184039	-0.209106	7378300.000000
2013-06-03	0.009972	0.194191	0.208762	0.179619	0.301121	9835400.000000
2013-05-31	-0.009059	0.190921	0.201094	0.183701	-0.276037	9800300.000000
2013-05-30	-0.000274	0.197484	0.202077	0.193219	-0.008362	5909000.000000
2013-05-29	-0.016995	0.189065	0.192935	0.169070	-0.526974	8873500.000000
2013-05-28	-0.000539	0.204218	0.209697	0.188102	-0.016731	6586000.000000
2013-05-24	0.006240	0.191299	0.203624	0.184487	0.192386	6630200.000000
2013-05-23	-0.001084	0.186443	0.198107	0.182880	-0.033456	8457700.000000
2013-05-22	-0.000542	0.194544	0.211706	0.191630	-0.016724	7392700.000000
2013-05-21	-0.011248	0.195835	0.197756	0.180147	-0.351315	9408300.000000
2013-05-20	-0.002671	0.194557	0.198389	0.188490	-0.083643	9080700.000000
2013-05-17	0.006993	0.192943	0.205483	0.192943	0.217476	7442000.000000
2013-05-16	-0.007475	0.192324	0.198069	0.185622	-0.234205	5635800.000000
2013-05-15	0.010793	0.193580	0.213258	0.193257	0.334583	8644400.000000
2013-05-14	0.003792	0.195515	0.202639	0.193249	0.117104	9437300.000000
2013-05-13	0.006543	0.193560	0.207901	0.190626	0.200745	7222100.000000
2013-05-10	0.009079	0.193871	0.208013	0.193871	0.276039	5890400.000000
2013-05-09	-0.004655	0.196170	0.199116	0.185367	-0.142207	7233800.000000
2013-05-08	0.001371	0.196826	0.200432	0.193548	0.041825	5625300.000000
2013-05-07	0.010810	0.199492	0.212414	0.197835	0.326225	12420800.000000
2013-05-06	-0.011778	0.194533	0.194860	0.179143	-0.359684	8160900.000000
2013-05-03	-0.003820	0.201713	0.202039	0.189644	-0.117100	7523200.000000
2013-05-02	0.009086	0.196832	0.212302	0.195515	0.276028	6632900.000000
2013-05-01	-0.005204	0.195515	0.208286	0.187984	-0.158928	8773700.000000
2013-04-30	-0.002731	0.193882	0.194862	0.184739	-0.083643	12343500.000000
2013-04-29	0.014971	0.196841	0.213414	0.193196	0.451698	8970900.000000
2013-04-26	0.003617	0.193852	0.201503	0.183540	0.108725	6614800.000000
2013-04-25	0.011540	0.200563	0.209984	0.196188	0.342957	9661400.000000
2013-04-24	0.000000	0.191814	0.204600	0.191478	0.000000	13139300.000000
2013-04-23	0.007086	0.200259	0.207376	0.186705	0.209112	9679100.000000
2013-04-22	0.007424	0.196881	0.206439	0.193126	0.217479	4586200.000000
2013-04-19	0.009804	0.199997	0.213786	0.196894	0.284394	9175300.000000
2013-04-18	-0.013091	0.192113	0.194154	0.172040	-0.384772	10084500.000000
2013-04-17	-0.006784	0.189771	0.192812	0.184364	-0.200754	8865900.000000
2013-04-16	0.016375	0.203071	0.226081	0.200323	0.476784	8473700.000000
2013-04-15	-0.030632	0.190521	0.190521	0.155565	-0.920099	12494700.000000
2013-04-12	0.008142	0.192159	0.206255	0.191488	0.242574	6294100.000000
2013-04-11	-0.001122	0.193839	0.200544	0.188810	-0.033460	8062800.000000
2013-04-10	0.005073	0.201580	0.203602	0.194841	0.150562	9745600.000000
2013-04-09	0.006239	0.198906	0.207382	0.195515	0.184023	8718500.000000
2013-04-08	0.012055	0.197231	0.209928	0.194143	0.351318	6196200.000000
2013-04-05	-0.009101	0.188375	0.191775	0.176814	-0.267669	6812600.000000
2013-04-04	0.009764	0.199292	0.207875	0.195515	0.284389	6199800.000000
2013-04-03	-0.010796	0.195855	0.197213	0.180231	-0.317858	9839200.000000
2013-04-02	0.026239	0.202138	0.226885	0.201092	0.752820	11025500.000000
2013-04-01	-0.002617	0.188562	0.197253	0.184739	-0.075284	6069000.000000
2013-03-28	-0.000581	0.193431	0.198990	0.188914	-0.016725	9147700.000000
2013-03-27	0.001455	0.189252	0.201778	0.188209	0.041820	5812800.000000
2013-03-26	0.014168	0.201161	0.212453	0.198338	0.401499	6924800.000000
2013-03-25	-0.000885	0.197278	0.202214	0.191990	-0.025093	5629000.000000
2013-03-22	0.001477	0.197634	0.202224	0.194103	0.041821	6318000.000000
2013-03-21	-0.005288	0.192003	0.193759	0.185330	-0.150563	6360300.000000
2013-03-20	0.010389	0.196935	0.212548	0.195870	0.292765	9647900.000000
2013-03-19	0.006573	0.196587	0.204802	0.196587	0.184015	8690400.000000
2013-03-18	-0.006235	0.188771	0.193385	0.183447	-0.175651	6149100.000000
2013-03-15	-0.003550	0.190210	0.193393	0.185612	-0.100374	12641600.000000
2013-03-14	-0.003831	0.195163	0.198334	0.185297	-0.108740	9324100.000000
2013-03-13	0.006227	0.202960	0.202960	0.194451	0.175649	9436600.000000
2013-03-12	-0.002919	0.211469	0.215711	0.206873	-0.082563	44736100.000000
2013-03-11	0.007647	0.211828	0.221802	0.211115	0.214682	37694000.000000
2013-03-08	0.001178	0.211472	0.215395	0.205053	0.033027	28971400.000000
2013-03-07	-0.004981	0.213954	0.214664	0.200470	-0.140367	7735300.000000
2013-03-06	-0.003213	0.213591	0.214652	0.202980	-0.090830	6422700.000000
2013-03-05	0.009137	0.217183	0.224322	0.214328	0.255968	16322600.000000
2013-03-04	0.013138	0.211838	0.232813	0.211838	0.363296	12799700.000000
2013-03-01	-0.001788	0.210393	0.217252	0.206784	-0.049531	15542000.000000
2013-02-28	-0.015263	0.210404	0.211115	0.192630	-0.429362	18623900.000000
2013-02-27	-0.006706	0.207584	0.208643	0.184280	-0.189911	18470700.000000
2013-02-26	-0.010101	0.207620	0.212513	0.196435	-0.288992	11001900.000000
2013-02-25	-0.018969	0.215230	0.216259	0.187455	-0.553207	9896400.000000
2013-02-22	0.003409	0.209051	0.215244	0.201481	0.099085	9012500.000000
2013-02-21	0.008885	0.212504	0.223265	0.201743	0.255962	9672300.000000
2013-02-20	0.003451	0.209722	0.222610	0.209025	0.099081	7371000.000000
2013-02-19	0.011344	0.215342	0.225206	0.213229	0.322020	7193100.000000
2013-02-15	0.007915	0.212535	0.225673	0.212535	0.222933	8895800.000000
2013-02-14	-0.019264	0.211115	0.211811	0.186043	-0.553210	11858900.000000
2013-02-13	0.003462	0.211115	0.215658	0.209368	0.099085	6081100.000000
2013-02-12	-0.002590	0.209373	0.214252	0.203796	-0.074314	8774500.000000
2013-02-11	0.001730	0.212861	0.214956	0.210068	0.049543	4621500.000000
2013-02-08	0.002311	0.211465	0.220563	0.209365	0.066052	8585200.000000
2013-02-07	0.014361	0.211470	0.229928	0.209695	0.404589	10037100.000000
2013-02-06	-0.001756	0.207217	0.211824	0.205091	-0.049544	6563100.000000
2013-02-05	0.008557	0.213617	0.223623	0.213617	0.239449	6927800.000000
2013-02-04	-0.009065	0.205803	0.206865	0.193054	-0.255968	8392200.000000
2013-02-01	0.015440	0.220105	0.231612	0.219386	0.429361	8007000.000000
2013-01-31	-0.000593	0.215787	0.219021	0.208959	-0.016514	9388400.000000
2013-01-30	0.000000	0.209678	0.217584	0.207521	0.000000	8032600.000000
2013-01-29	0.000000	0.210037	0.216146	0.209318	0.000000	9526500.000000
2013-01-28	0.007474	0.212564	0.223426	0.206046	0.206425	8044300.000000
2013-01-25	0.001197	0.212928	0.215828	0.206403	0.033026	7096500.000000
2013-01-24	0.012117	0.217352	0.229459	0.216985	0.330269	7550700.000000
2013-01-23	-0.004223	0.208923	0.208923	0.198328	-0.115595	8699500.000000
2013-01-22	-0.003607	0.210023	0.211115	0.199830	-0.099076	9987900.000000
2013-01-18	0.008487	0.209647	0.223230	0.209280	0.231190	11702700.000000
2013-01-17	0.006406	0.216657	0.222938	0.209637	0.173391	7290300.000000
2013-01-16	0.000000	0.208898	0.214440	0.206312	0.000000	6604100.000000
2013-01-15	-0.006365	0.206343	0.211115	0.203406	-0.173391	7462300.000000
2013-01-14	0.001822	0.212954	0.221045	0.211851	0.049542	11788800.000000
2013-01-11	0.007034	0.212967	0.223337	0.211115	0.189907	7403500.000000
2013-01-10	0.025078	0.237312	0.245284	0.227440	0.660545	14451500.000000
2013-01-09	-0.007467	0.214883	0.215637	0.200187	-0.198162	10680600.000000
2013-01-08	-0.009858	0.208876	0.211115	0.195071	-0.264221	8112400.000000
2013-01-07	-0.002459	0.209254	0.220048	0.205532	-0.066057	7399000.000000
2013-01-04	-0.000614	0.211487	0.215579	0.207395	-0.016510	7117400.000000
2013-01-03	0.000614	0.212976	0.217070	0.206276	0.016510	11243400.000000
2013-01-02	0.034987	0.237310	0.253489	0.231917	0.908256	13536600.000000
2012-12-31	0.011258	0.208388	0.224749	0.205272	0.288988	9623600.000000
2012-12-28	-0.009872	0.202630	0.211887	0.198773	-0.255958	9574700.000000
2012-12-27	0.002554	0.210729	0.217689	0.200675	0.066057	9481400.000000
2012-12-26	-0.010739	0.210350	0.211880	0.193901	-0.280733	8007000.000000
2012-12-24	-0.005966	0.209594	0.211115	0.197806	-0.156882	4567200.000000
2012-12-21	-0.011484	0.206980	0.210363	0.180292	-0.305507	20445200.000000
2012-12-20	0.008336	0.227275	0.238267	0.224622	0.219936	9498700.000000
2012-12-19	-0.006137	0.237071	0.238955	0.218613	-0.162918	12820100.000000
2012-12-18	-0.012125	0.226910	0.228026	0.200117	-0.325823	22935400.000000
2012-12-17	-0.005127	0.231356	0.233948	0.218029	-0.138473	10635000.000000
2012-12-14	-0.003007	0.225809	0.228762	0.219165	-0.081457	6854600.000000
2012-12-13	0.000301	0.228023	0.232085	0.221747	0.008142	10812600.000000
2012-12-12	0.008799	0.232496	0.246650	0.224674	0.236225	12580400.000000
2012-12-11	-0.013764	0.230593	0.233899	0.206348	-0.374699	12593400.000000
2012-12-10	-0.001494	0.228021	0.232056	0.223253	-0.040729	9390100.000000
2012-12-07	0.008740	0.228024	0.238754	0.226174	0.236227	8021800.000000
2012-12-06	-0.003604	0.228760	0.234290	0.220281	-0.097746	9304000.000000
2012-12-05	-0.005673	0.228021	0.230954	0.218123	-0.154766	11246000.000000
2012-12-04	-0.005051	0.224736	0.229842	0.212336	-0.138483	8491900.000000
2012-12-03	-0.004436	0.232012	0.233464	0.220755	-0.122179	7043700.000000
2012-11-30	0.007149	0.231677	0.240819	0.224729	0.195494	18757700.000000
2012-11-29	0.004789	0.233166	0.240148	0.229859	0.130329	8887100.000000
2012-11-28	0.007843	0.223581	0.238394	0.221359	0.211788	8028400.000000
2012-11-27	-0.001807	0.229872	0.235048	0.223588	-0.048870	7092200.000000
2012-11-26	-0.008065	0.219587	0.223254	0.214087	-0.219938	6806500.000000
2012-11-23	0.018868	0.232511	0.250818	0.229149	0.505031	4862900.000000
2012-11-21	0.000304	0.229896	0.230270	0.222422	0.008141	7119800.000000
2012-11-20	0.008907	0.229916	0.239720	0.220868	0.236227	10176200.000000
2012-11-19	0.042254	0.241015	0.279920	0.239836	1.075222	17136500.000000
2012-11-16	0.024598	0.226849	0.260671	0.225238	0.610916	13026900.000000
2012-11-15	-0.009743	0.208516	0.219680	0.196554	-0.244368	15418000.000000
2012-11-14	-0.012508	0.230017	0.235529	0.208362	-0.317674	11443400.000000
2012-11-13	0.002572	0.224101	0.246207	0.224101	0.065160	8661900.000000
2012-11-12	-0.012071	0.225704	0.231164	0.209715	-0.309530	8411300.000000
2012-11-09	0.006394	0.222159	0.242176	0.209600	0.162909	13024700.000000
2012-11-08	-0.003822	0.226090	0.235474	0.216707	-0.097746	9260300.000000
2012-11-07	-0.016907	0.223042	0.226885	0.204592	-0.439863	12907700.000000
2012-11-06	0.001882	0.230350	0.242673	0.228424	0.048875	9980300.000000
2012-11-05	0.005678	0.227654	0.236949	0.220296	0.146622	8290700.000000
2012-11-02	-0.008445	0.234950	0.238023	0.216902	-0.219929	8234400.000000
2012-11-01	0.005346	0.229585	0.243096	0.229585	0.138472	7846100.000000
2012-10-31	0.001259	0.228814	0.242343	0.227654	0.032579	9793500.000000
2012-10-26	-0.010592	0.229949	0.229949	0.207767	-0.276947	11329900.000000
2012-10-25	-0.000934	0.237589	0.241410	0.223069	-0.024437	9462200.000000
2012-10-24	-0.006801	0.227275	0.231449	0.207921	-0.179203	11844200.000000
2012-10-23	-0.017315	0.219823	0.223179	0.195956	-0.464302	10755600.000000
2012-10-22	0.008887	0.228407	0.239694	0.225397	0.236222	7498900.000000
2012-10-19	-0.013901	0.228396	0.229880	0.209475	-0.374697	10267000.000000
2012-10-18	-0.012239	0.221424	0.224356	0.211163	-0.333971	7456900.000000
2012-10-17	0.007216	0.233191	0.239835	0.228392	0.195496	7578000.000000
2012-10-16	0.002713	0.231355	0.234316	0.222843	0.073308	6753700.000000
2012-10-15	0.001510	0.227284	0.230249	0.217276	0.040732	7105600.000000
2012-10-12	0.012534	0.228405	0.246795	0.228029	0.333967	12592500.000000
2012-10-11	-0.018896	0.232441	0.233546	0.196724	-0.513172	27567600.000000
2012-10-10	-0.005370	0.231317	0.236078	0.218864	-0.146618	9448900.000000
2012-10-09	-0.013537	0.225486	0.228738	0.205616	-0.374700	14303500.000000
2012-10-08	-0.000588	0.226210	0.228376	0.221155	-0.016295	5366200.000000
2012-10-05	0.000000	0.231987	0.234515	0.223682	0.000000	9632400.000000
2012-10-04	-0.001468	0.228375	0.234865	0.223328	-0.040726	11831500.000000
2012-10-03	0.009487	0.231294	0.242577	0.228018	0.260662	9163000.000000
2012-10-02	0.002675	0.232763	0.239697	0.222910	0.073307	8232700.000000
2012-10-01	0.007487	0.227287	0.246773	0.226919	0.203642	9837300.000000
2012-09-28	-0.015044	0.224033	0.226568	0.203391	-0.415428	20100600.000000
2012-09-27	-0.007902	0.229810	0.230169	0.211487	-0.219929	10793700.000000
2012-09-26	0.004704	0.228737	0.237400	0.227654	0.130328	8041900.000000
2012-09-25	-0.005846	0.231602	0.239497	0.220477	-0.162909	10089000.000000
2012-09-24	0.004404	0.226573	0.237026	0.225491	0.122179	9459200.000000
2012-09-21	0.013389	0.237516	0.247378	0.229480	0.366552	18029800.000000
2012-09-20	0.013876	0.227654	0.246541	0.226173	0.374703	9116400.000000
2012-09-19	-0.004206	0.228392	0.229129	0.220647	-0.114042	9643600.000000
2012-09-18	0.002409	0.227285	0.235417	0.223958	0.065172	7578300.000000
2012-09-17	0.008197	0.222809	0.239953	0.222809	0.219929	16074600.000000
2012-09-14	-0.025732	0.230196	0.230196	0.188076	-0.708670	21398900.000000
2012-09-13	0.015315	0.227654	0.247194	0.227286	0.415428	10700900.000000
2012-09-12	-0.019146	0.234163	0.234163	0.203427	-0.529467	12511800.000000
2012-09-11	-0.001742	0.243926	0.248619	0.239955	-0.048246	10200500.000000
2012-09-10	0.005252	0.242839	0.253362	0.242476	0.144739	9983400.000000
2012-09-07	-0.009251	0.243565	0.245362	0.228825	-0.257324	10625700.000000
2012-09-06	0.009927	0.249374	0.258089	0.246107	0.273415	9295900.000000
2012-09-05	-0.004361	0.241757	0.248265	0.237058	-0.120623	9460900.000000
