2017-09-01	-0.011101	-0.000802	-0.000401	-0.015113	-0.829995	21706200.000000
2017-08-31	0.010269	0.000270	0.012836	-0.002837	0.759995	27652800.000000
2017-08-30	0.013142	-0.000548	0.015879	-0.003012	0.959999	16897800.000000
2017-08-29	0.003021	-0.007964	0.004531	-0.010710	0.220001	11478400.000000
2017-08-28	0.000137	0.003296	0.003708	-0.003708	0.010002	14569700.000000
2017-08-25	0.001788	0.002339	0.009080	-0.002889	0.129998	12794300.000000
2017-08-24	-0.000413	0.000275	0.001925	-0.008938	-0.029999	17098300.000000
2017-08-23	-0.006014	-0.002734	-0.000137	-0.008611	-0.440003	13766500.000000
2017-08-22	0.013999	0.002772	0.015107	0.002772	1.010002	14343700.000000
2017-08-21	-0.004690	-0.000276	-0.000138	-0.010898	-0.339996	17734800.000000
2017-08-18	0.001243	-0.001796	0.006077	-0.006492	0.089996	18761500.000000
2017-08-17	-0.016972	-0.000950	0.002987	-0.016972	-1.250000	22977500.000000
2017-08-16	0.005873	0.001639	0.012019	-0.000683	0.430001	18150400.000000
2017-08-15	0.000273	0.005328	0.005328	-0.002186	0.020004	19181400.000000
2017-08-14	0.015034	0.013093	0.022245	0.011568	1.084221	20067300.000000
2017-08-11	0.015264	0.008144	0.023489	0.003498	1.084221	21443700.000000
2017-08-10	-0.014627	-0.002579	0.001444	-0.010209	-1.054383	24734500.000000
2017-08-09	-0.004396	-0.002130	0.001461	-0.004893	-0.318305	22213400.000000
2017-08-08	0.005387	0.001023	0.015464	-0.003698	0.387931	22044600.000000
2017-08-07	-0.003852	0.006988	0.008371	-0.000482	-0.278511	18705700.000000
2017-08-04	0.007346	0.008811	0.017729	0.006582	0.527191	22579000.000000
2017-08-03	-0.001522	0.004354	0.007832	-0.000376	-0.109420	18214400.000000
2017-08-02	-0.004409	0.004912	0.005051	-0.010463	-0.318306	26499200.000000
2017-08-01	-0.001650	0.010859	0.015284	0.002424	-0.119355	22132300.000000
2017-07-31	-0.004655	0.008907	0.010834	-0.003343	-0.338203	23600100.000000
2017-07-28	-0.001640	-0.001406	0.007389	-0.003192	-0.119369	18306700.000000
2017-07-27	-0.012019	0.001391	0.010351	-0.018159	-0.885277	36844200.000000
2017-07-26	-0.001887	0.007360	0.007902	0.000179	-0.139260	16252200.000000
2017-07-25	0.008016	0.008060	0.015026	0.003962	0.586876	22018700.000000
2017-07-24	-0.002575	0.001786	0.004783	-0.003664	-0.188995	21394800.000000
2017-07-21	-0.005794	-0.005102	0.006276	-0.008895	-0.427719	46717100.000000
2017-07-20	0.004874	0.009684	0.011317	-0.002567	0.358093	42361000.000000
2017-07-19	0.007640	0.008071	0.015477	0.007385	0.557030	22416200.000000
2017-07-18	-0.000682	0.001764	0.005876	-0.004129	-0.049736	26435300.000000
2017-07-17	0.007832	0.005604	0.014583	0.004499	0.566978	21803900.000000
2017-07-14	0.014073	0.011911	0.026339	0.007989	1.004654	25868100.000000
2017-07-13	0.008714	0.010273	0.017903	0.007589	0.616707	20269800.000000
2017-07-12	0.016574	0.015383	0.023857	0.013372	1.153854	17750900.000000
2017-07-11	0.000143	0.005615	0.015384	0.002024	0.009942	17460000.000000
2017-07-10	0.007486	0.005328	0.016762	0.001565	0.517250	15014500.000000
2017-07-07	0.012979	0.007234	0.023948	0.007234	0.885284	16878300.000000
2017-07-06	-0.007383	-0.006460	0.000962	-0.008643	-0.507301	21117600.000000
2017-07-05	0.013349	0.006655	0.024057	0.006065	0.905182	21176300.000000
2017-07-03	-0.011026	0.011162	0.015100	-0.007944	-0.755974	16165500.000000
2017-06-30	0.006424	0.009585	0.018392	0.008997	0.437668	23963300.000000
2017-06-29	-0.018768	-0.000722	0.000863	-0.019301	-1.303063	28918700.000000
2017-06-28	0.008525	0.005328	0.014479	-0.000773	0.586884	25806200.000000
2017-06-27	-0.018716	-0.000659	0.000339	-0.013915	-1.313011	25215100.000000
2017-06-26	-0.009549	0.008010	0.012387	-0.005543	-0.676392	19607000.000000
2017-06-23	0.013521	0.002895	0.019493	0.000463	0.944961	27617300.000000
2017-06-22	-0.000142	0.009191	0.009906	-0.002684	-0.009941	22965700.000000
2017-06-21	0.005149	0.009642	0.015538	0.005759	0.358086	19891100.000000
2017-06-20	-0.013546	0.004619	0.005328	-0.008858	-0.954910	21512200.000000
2017-06-19	0.012429	0.012509	0.018828	0.010354	0.865387	23798300.000000
2017-06-16	0.001431	0.002883	0.007198	-0.004452	0.099472	48345100.000000
2017-06-15	-0.005265	-0.008979	0.004470	-0.015703	-0.368035	26068700.000000
2017-06-14	-0.005379	0.009028	0.011731	-0.012032	-0.377990	25510700.000000
2017-06-13	0.012468	0.008785	0.020311	0.007921	0.865387	25258600.000000
2017-06-12	-0.007679	-0.009969	-0.000105	-0.025981	-0.537133	47761700.000000
2017-06-09	-0.022655	0.006585	0.007144	-0.041620	-1.621360	49187400.000000
2017-06-08	-0.006078	0.006994	0.007133	-0.007032	-0.437676	24588300.000000
2017-06-07	-0.001792	0.006991	0.008794	-0.002574	-0.129303	22301800.000000
2017-06-06	0.003320	0.005606	0.010057	0.005189	0.238724	31511100.000000
2017-06-05	0.007246	0.008270	0.021159	0.006028	0.517242	33316800.000000
2017-06-02	0.023681	0.010204	0.030569	0.007336	1.651207	34770300.000000
2017-06-01	0.003723	0.011086	0.016412	-0.000286	0.258621	21603600.000000
2017-05-31	-0.008096	0.007041	0.010040	-0.003239	-0.566986	30436400.000000
2017-05-30	0.006432	0.002885	0.011795	0.002598	0.447625	17072800.000000
2017-05-26	0.004884	0.007927	0.013992	0.003884	0.338188	19684700.000000
2017-05-25	0.012360	0.008252	0.021555	0.007375	0.845505	21854100.000000
2017-05-24	0.001310	0.008109	0.008255	0.001961	0.089515	14593900.000000
2017-05-23	0.003360	0.009293	0.009734	0.004300	0.228791	15425800.000000
2017-05-22	0.011228	0.008298	0.017358	0.002506	0.755966	16237600.000000
2017-05-19	-0.000295	0.002210	0.011118	0.001171	-0.019890	26961100.000000
2017-05-18	0.003408	0.004136	0.015012	0.000262	0.228775	25201300.000000
2017-05-17	-0.027806	-0.002204	0.000838	-0.023350	-1.919777	30548800.000000
2017-05-16	0.020135	0.008135	0.026014	0.007101	1.362747	34956000.000000
2017-05-15	0.000731	0.007542	0.012569	-0.000887	0.049454	31530300.000000
2017-05-12	-0.001168	0.013306	0.013306	0.004887	-0.079117	18714100.000000
2017-05-11	-0.012264	-0.002768	0.002630	-0.006269	-0.840675	28789400.000000
2017-05-10	0.003911	0.010358	0.018706	0.009333	0.267029	17977800.000000
2017-05-09	0.001450	0.009917	0.016077	0.007277	0.098899	22858400.000000
2017-05-08	-0.000869	0.010651	0.011823	0.002591	-0.059333	18566100.000000
2017-05-05	0.002761	0.012413	0.014323	0.006388	0.187912	19128800.000000
2017-05-04	-0.003908	0.010359	0.011090	0.004650	-0.267037	21749400.000000
2017-05-03	-0.003175	0.012257	0.012257	0.002482	-0.217590	28928000.000000
2017-05-02	-0.001585	0.015460	0.015460	0.007012	-0.108795	23906100.000000
2017-05-01	0.013877	0.014340	0.027189	0.011681	0.939590	31954400.000000
2017-04-28	0.002783	0.020569	0.023975	0.002501	0.187912	39548800.000000
2017-04-27	0.006487	0.015860	0.019289	0.007364	0.435165	34971000.000000
2017-04-26	-0.001325	0.013472	0.016896	0.006624	-0.089004	26190800.000000
2017-04-25	0.005775	0.016630	0.018726	0.012138	0.385719	30242700.000000
2017-04-24	0.017018	0.027536	0.030277	0.021749	1.117607	29770000.000000
2017-04-21	0.013740	0.013715	0.029614	0.010319	0.890129	32522600.000000
2017-04-20	0.007072	0.017619	0.022128	0.012645	0.454949	22299500.000000
2017-04-19	-0.005353	0.015111	0.016657	0.003359	-0.346161	26992800.000000
2017-04-18	-0.001374	0.008774	0.014642	0.006149	-0.089012	15155600.000000
2017-04-17	0.008160	0.012491	0.019497	0.012024	0.524193	16689300.000000
2017-04-13	-0.004293	0.012020	0.020856	0.006750	-0.276932	17896500.000000
2017-04-12	-0.003818	0.010164	0.011554	0.005377	-0.247261	17108500.000000
2017-04-11	-0.000763	0.012170	0.012325	0.000598	-0.049446	18791500.000000
2017-04-10	-0.002284	0.010013	0.013245	0.006164	-0.148361	17952700.000000
2017-04-07	-0.000761	0.012936	0.014628	0.006629	-0.049454	14108500.000000
2017-04-06	0.002593	0.011707	0.018802	0.009857	0.168144	18103500.000000
2017-04-05	-0.002586	0.019858	0.020627	0.006629	-0.168144	21448600.000000
2017-04-04	0.002746	0.008622	0.015101	0.006926	0.178032	12997400.000000
2017-04-03	-0.004707	0.010323	0.012319	0.000804	-0.306603	20400900.000000
2017-03-31	0.002283	0.010167	0.018476	0.007090	0.148354	21040300.000000
2017-03-30	0.003666	0.010318	0.018967	0.009391	0.237366	15122800.000000
2017-03-29	0.002757	0.008458	0.014342	0.005825	0.178031	13618400.000000
2017-03-28	0.002919	0.008916	0.016837	0.004101	0.187920	20080400.000000
2017-03-27	0.001847	0.005644	0.014825	0.001287	0.118675	18614700.000000
2017-03-24	0.001696	0.018728	0.020130	0.009376	0.108795	22617100.000000
2017-03-23	-0.002460	0.009691	0.014355	0.007048	-0.158241	19269200.000000
2017-03-22	0.012771	0.009673	0.025735	0.009673	0.811005	20680000.000000
2017-03-21	-0.011089	0.015139	0.019966	-0.001367	-0.712105	26640500.000000
2017-03-20	0.000925	0.011714	0.015922	0.008752	0.059341	14598100.000000
2017-03-17	0.003558	0.015314	0.020475	0.011716	0.227479	49219700.000000
2017-03-16	-0.001699	0.011090	0.011246	0.004063	-0.108796	20674300.000000
2017-03-15	0.005279	0.013288	0.019096	0.008579	0.336270	24833800.000000
2017-03-14	-0.004636	0.008278	0.008590	0.002340	-0.296704	14280200.000000
2017-03-13	-0.003388	0.012336	0.015139	0.005484	-0.217590	20100000.000000
2017-03-10	0.003090	0.017026	0.019369	0.011403	0.197800	19538200.000000
2017-03-09	-0.004000	0.014202	0.014357	0.003156	-0.257134	19846800.000000
2017-03-08	0.009161	0.008892	0.021766	0.008735	0.583523	21510900.000000
2017-03-07	0.002023	0.009832	0.019114	0.009832	0.128574	18521000.000000
2017-03-06	0.000311	0.006684	0.015969	0.004166	0.019783	18750300.000000
2017-03-03	0.003749	0.010774	0.015355	0.004930	0.237362	18135900.000000
2017-03-02	-0.014321	0.007198	0.008132	-0.005414	-0.919803	24539600.000000
2017-03-01	0.015005	0.013461	0.027052	0.011722	0.949478	26937500.000000
2017-02-28	-0.003892	0.008729	0.010618	0.003692	-0.247261	23239800.000000
2017-02-27	-0.006035	0.009839	0.009839	0.002172	-0.385723	15871500.000000
2017-02-24	0.000000	0.009682	0.013907	0.003580	0.000000	21796800.000000
2017-02-23	0.004040	0.012033	0.016903	0.008420	0.257152	20273100.000000
2017-02-22	-0.002016	0.008582	0.009523	0.004192	-0.128574	19292700.000000
2017-02-21	-0.002012	0.010934	0.016254	0.008430	-0.128578	20655900.000000
2017-02-17	0.001550	0.010307	0.013754	0.007643	0.098907	21248800.000000
2017-02-16	-0.000155	0.014381	0.022215	0.009680	-0.009891	20546300.000000
2017-02-15	-0.000619	0.009994	0.011090	0.004670	-0.039559	17005200.000000
2017-02-14	0.003731	0.012348	0.017220	0.006218	0.237362	23108400.000000
2017-02-13	0.011250	0.021035	0.030889	0.019286	0.707817	22920100.000000
2017-02-10	-0.000937	0.020237	0.021031	0.015950	-0.058983	18170700.000000
2017-02-09	0.011367	0.020111	0.034886	0.016899	0.707806	22644400.000000
2017-02-08	-0.001419	0.019465	0.023314	0.013852	-0.088474	18096400.000000
2017-02-07	-0.003300	0.018818	0.019458	0.010667	-0.206448	20277200.000000
2017-02-06	-0.000628	0.014345	0.016741	0.008594	-0.039318	19796400.000000
2017-02-03	0.008073	0.022534	0.025755	0.015610	0.501366	30301800.000000
2017-02-02	-0.006449	0.011940	0.014500	0.003941	-0.403061	45827000.000000
2017-02-01	-0.016551	0.012657	0.016748	-0.001346	-1.051888	39671500.000000
2017-01-31	-0.007370	0.013003	0.017533	0.003632	-0.471866	25270500.000000
2017-01-30	-0.009881	0.015828	0.017375	0.002065	-0.639000	31651400.000000
2017-01-27	0.023495	0.034947	0.043177	0.027033	1.484440	44818000.000000
2017-01-26	0.009265	0.024249	0.030958	0.015143	0.580009	43554600.000000
2017-01-25	0.002519	0.024106	0.026508	0.016099	0.157288	23672700.000000
2017-01-24	0.008895	0.021098	0.029822	0.016897	0.550522	24672900.000000
2017-01-23	0.003507	0.016572	0.023381	0.014464	0.216278	23097600.000000
2017-01-20	0.007063	0.023261	0.025711	0.018363	0.432548	30213500.000000
2017-01-19	-0.003200	0.012988	0.025032	0.012337	-0.196617	18451700.000000
2017-01-18	-0.000480	0.019498	0.019986	0.010550	-0.029488	19670100.000000
2017-01-17	-0.002711	0.016896	0.017220	0.006350	-0.167125	20664000.000000
2017-01-13	0.001437	0.017383	0.021444	0.012996	0.088478	19422300.000000
2017-01-12	-0.009179	0.015127	0.020601	-0.002741	-0.570183	20968200.000000
2017-01-11	0.009103	0.017058	0.027129	0.014134	0.560352	21517300.000000
2017-01-10	-0.000319	0.018682	0.024203	0.011374	-0.019661	18593000.000000
2017-01-09	-0.003183	0.015925	0.021105	0.012364	-0.196613	20382700.000000
2017-01-06	0.008668	0.017220	0.031099	0.012975	0.530857	19922900.000000
2017-01-05	0.000000	0.015424	0.023098	0.012812	0.000000	24876000.000000
2017-01-04	-0.004474	0.015595	0.019983	0.009743	-0.275261	21340000.000000
2017-01-03	0.007081	0.027861	0.028679	0.017056	0.432556	20694100.000000
2016-12-30	-0.012083	0.018190	0.018676	0.003150	-0.747142	25579900.000000
2016-12-29	-0.001429	0.015121	0.020611	0.013021	-0.088471	10250600.000000
2016-12-28	-0.004583	0.019149	0.019149	0.009986	-0.285087	14653300.000000
2016-12-27	0.000632	0.016737	0.030571	0.016737	0.039314	11763200.000000
2016-12-23	-0.004878	0.015619	0.017060	0.005215	-0.304745	12398000.000000
2016-12-22	0.000157	0.022023	0.026185	0.015139	0.009827	22176600.000000
2016-12-21	0.000000	0.015459	0.019782	0.010496	0.000000	17096300.000000
2016-12-20	-0.001257	0.018339	0.020098	0.007787	-0.078644	26028400.000000
2016-12-19	0.021188	0.021465	0.041222	0.019179	1.297653	34338200.000000
2016-12-16	-0.004474	0.023234	0.023234	0.009743	-0.275261	42453100.000000
2016-12-15	-0.001595	0.017545	0.024848	0.011053	-0.098305	27669900.000000
2016-12-14	-0.004763	0.017543	0.024811	0.009952	-0.294921	30352700.000000
2016-12-13	0.013029	0.022620	0.037672	0.018365	0.796287	35718900.000000
2016-12-12	0.003227	0.014758	0.022637	0.013116	0.196610	20198100.000000
2016-12-09	0.015735	0.020055	0.033560	0.019221	0.943756	27349400.000000
2016-12-08	-0.005866	0.016060	0.020701	0.008435	-0.353913	21220800.000000
2016-12-07	0.023686	0.018238	0.041484	0.014675	1.395962	30809000.000000
2016-12-06	-0.004484	0.020767	0.021274	0.010125	-0.265430	19907000.000000
2016-12-05	0.016371	0.024946	0.040226	0.022542	0.953586	23552700.000000
2016-12-02	0.000845	0.015158	0.021859	0.010347	0.049153	25515700.000000
2016-12-01	-0.017590	0.014688	0.015363	-0.005062	-1.042057	34542100.000000
2016-11-30	-0.013587	0.013390	0.018719	0.002734	-0.815953	34655400.000000
2016-11-29	0.007920	0.017891	0.030647	0.015710	0.471878	22366700.000000
2016-11-28	0.001322	0.014027	0.025455	0.011842	0.078648	20732600.000000
2016-11-25	0.002152	0.015536	0.019409	0.012673	0.127796	8409600.000000
2016-11-23	-0.011780	0.015389	0.016887	0.002741	-0.707809	21848900.000000
2016-11-22	0.004272	0.019226	0.023906	0.016384	0.255596	23206700.000000
2016-11-21	0.008451	0.019748	0.027670	0.018400	0.501365	19652600.000000
2016-11-18	-0.004782	0.019569	0.025607	0.011517	-0.285091	27686300.000000
2016-11-17	0.016597	0.030180	0.039389	0.022677	0.973240	32132700.000000
2016-11-16	0.013250	0.018430	0.030871	0.016183	0.766800	27332500.000000
2016-11-15	0.019747	0.027792	0.048232	0.027616	1.120701	35904100.000000
2016-11-14	-0.015249	0.024092	0.025133	-0.006100	-0.878830	41328400.000000
2016-11-11	0.005451	0.015892	0.031419	0.012054	0.312473	35553100.000000
2016-11-10	-0.024431	0.029368	0.029538	-0.019139	-1.435417	57822400.000000
2016-11-09	-0.004961	0.016132	0.026124	0.002584	-0.292942	49632500.000000
2016-11-08	0.000827	0.026295	0.030194	0.019516	0.048820	22862000.000000
2016-11-07	0.029126	0.042756	0.055664	0.042756	1.669773	31664800.000000
2016-11-04	-0.008444	0.014406	0.025303	0.012158	-0.488235	28697000.000000
2016-11-03	-0.003702	0.025815	0.027711	0.018578	-0.214828	21600400.000000
2016-11-02	-0.006187	0.024434	0.026318	0.015529	-0.361294	22147000.000000
2016-11-01	-0.002003	0.024947	0.025801	0.012641	-0.117173	24533000.000000
2016-10-31	0.000835	0.029052	0.033500	0.024947	0.048817	26434700.000000
2016-10-28	-0.003827	0.022558	0.031249	0.015231	-0.224586	33574700.000000
2016-10-27	-0.008742	0.023754	0.027470	0.014971	-0.517533	28479900.000000
2016-10-26	-0.005903	0.021070	0.027618	0.015361	-0.351532	29911600.000000
2016-10-25	-0.000164	0.021574	0.030304	0.020734	-0.009765	35137200.000000
2016-10-24	0.022461	0.028898	0.047094	0.028727	1.308479	54067000.000000
2016-10-21	0.042096	0.078293	0.081334	0.064161	2.353298	80032200.000000
2016-10-20	-0.004867	0.023558	0.023914	0.008605	-0.273407	49455600.000000
2016-10-19	-0.002255	0.020717	0.027289	0.019474	-0.126941	22878400.000000
2016-10-18	0.007690	0.029640	0.037157	0.027492	0.429645	19149500.000000
2016-10-17	-0.003483	0.023022	0.024805	0.014283	-0.195293	23830000.000000
2016-10-14	0.008784	0.027690	0.038845	0.027690	0.488243	27402500.000000
2016-10-13	-0.003327	0.016740	0.027499	0.009926	-0.185536	25313700.000000
2016-10-12	-0.001399	0.022659	0.025525	0.009946	-0.078117	22177500.000000
2016-10-11	-0.014645	0.021445	0.023739	0.003801	-0.830002	26497400.000000
2016-10-10	0.004152	0.026041	0.034545	0.025332	0.234352	18196500.000000
2016-10-07	0.001039	0.026043	0.028349	0.018416	0.058583	20089000.000000
2016-10-06	0.001735	0.025869	0.028001	0.017696	0.097652	16212600.000000
2016-10-05	0.006988	0.024987	0.036974	0.024450	0.390594	16726400.000000
2016-10-04	-0.003135	0.021417	0.027302	0.016066	-0.175769	20085900.000000
2016-10-03	-0.003125	0.020714	0.023203	0.014491	-0.175763	19189500.000000
2016-09-30	0.003484	0.027125	0.030693	0.023022	0.195294	29910800.000000
2016-09-29	-0.010856	0.020210	0.026563	0.009621	-0.615181	25463500.000000
2016-09-28	0.001381	0.022855	0.026036	0.019144	0.078121	20536400.000000
2016-09-27	0.018453	0.024632	0.044970	0.020132	1.025295	28065100.000000
2016-09-26	-0.009229	0.017851	0.018921	0.013393	-0.517528	21688700.000000
2016-09-23	-0.006745	0.024978	0.025686	0.016299	-0.380825	19955300.000000
2016-09-22	0.001039	0.026929	0.028347	0.021787	0.058594	19822200.000000
2016-09-21	0.016722	0.036710	0.042840	0.028959	0.927639	33707300.000000
2016-09-20	-0.002108	0.031647	0.031647	0.020854	-0.117173	17384000.000000
2016-09-19	-0.005590	0.024450	0.033036	0.016937	-0.312477	20937100.000000
2016-09-16	0.001049	0.031971	0.031971	0.016213	0.058594	44607000.000000
2016-09-15	0.016530	0.022090	0.043933	0.018995	0.908123	26847000.000000
2016-09-14	-0.004776	0.021556	0.025904	0.015034	-0.263649	24062500.000000
2016-09-13	-0.009115	0.014219	0.016912	0.006141	-0.507767	30130200.000000
2016-09-12	0.014944	0.020266	0.042311	0.013161	0.820240	29303000.000000
2016-09-09	-0.021243	0.012680	0.025697	0.002337	-1.191299	35113900.000000
2016-09-08	-0.003989	0.023559	0.026401	0.015567	-0.224590	20146100.000000
2016-09-07	0.000868	0.021603	0.028180	0.020537	0.048820	17493400.000000
2016-09-06	-0.001040	0.026045	0.026400	0.015923	-0.058586	16278400.000000
2016-09-02	0.001389	0.025515	0.034761	0.021069	0.078121	18900500.000000
2016-09-01	0.002262	0.016072	0.030508	0.016072	0.126942	26075400.000000
2016-08-31	-0.007428	0.019846	0.022500	0.013655	-0.419888	20860300.000000
2016-08-30	-0.003614	0.021977	0.025678	0.015455	-0.205059	16930200.000000
2016-08-29	0.001206	0.026739	0.034151	0.025327	0.068352	16417200.000000
2016-08-26	-0.002407	0.026029	0.033423	0.015642	-0.136704	20971200.000000
2016-08-25	0.003796	0.022855	0.030101	0.021088	0.214825	18552600.000000
2016-08-24	0.001036	0.022500	0.026746	0.021085	0.058586	18151500.000000
2016-08-23	0.003815	0.028176	0.033148	0.027288	0.214825	18732400.000000
2016-08-22	0.000868	0.023736	0.026403	0.017694	0.048824	15221900.000000
2016-08-19	0.000347	0.021070	0.026403	0.016980	0.019531	17271000.000000
2016-08-18	0.000695	0.021601	0.026583	0.018932	0.039059	14214300.000000
2016-08-17	0.002089	0.025875	0.028371	0.020348	0.117176	18856400.000000
2016-08-16	-0.005540	0.021433	0.021610	0.015404	-0.312469	20523500.000000
2016-08-15	0.003107	0.031720	0.040435	0.030831	0.174675	19283900.000000
2016-08-12	-0.006175	0.025702	0.028531	0.018456	-0.349354	21655200.000000
2016-08-11	0.004826	0.030652	0.038112	0.030652	0.271717	18162300.000000
2016-08-10	-0.003093	0.029766	0.032599	0.023747	-0.174683	15756900.000000
2016-08-09	0.002411	0.032427	0.038284	0.029765	0.135865	16920700.000000
2016-08-08	0.001725	0.032253	0.032786	0.027275	0.097046	19473500.000000
2016-08-05	0.009932	0.035143	0.045198	0.031552	0.553138	29335200.000000
2016-08-04	0.007372	0.027400	0.040423	0.025048	0.407578	26587700.000000
2016-08-03	0.006893	0.032296	0.040127	0.028836	0.378464	22075600.000000
2016-08-02	0.000000	0.035392	0.036303	0.025557	0.000000	35122000.000000
2016-08-01	-0.001764	0.029020	0.031747	0.020657	-0.097039	26003400.000000
2016-07-29	0.008362	0.031391	0.040558	0.027542	0.456105	30558700.000000
2016-07-28	0.000356	0.026990	0.033776	0.021855	0.019409	37550400.000000
2016-07-27	-0.010042	0.027752	0.031201	0.018674	-0.553147	32327500.000000
2016-07-26	0.000529	0.026660	0.040647	0.026479	0.029114	28079000.000000
2016-07-25	0.002828	0.028653	0.033572	0.024828	0.155270	25610600.000000
2016-07-22	0.013799	0.035646	0.045803	0.030105	0.747226	32157200.000000
2016-07-21	-0.001968	0.031765	0.036373	0.027710	-0.106750	32776700.000000
2016-07-20	0.053117	0.089869	0.103262	0.077835	2.736603	89893300.000000
2016-07-19	-0.016123	0.025701	0.029329	0.010805	-0.844269	53336500.000000
2016-07-18	0.004842	0.030475	0.042756	0.027596	0.252312	31433900.000000
2016-07-15	-0.000744	0.034502	0.035460	0.020312	-0.038819	32024400.000000
2016-07-14	0.004298	0.036830	0.039719	0.031823	0.223202	24545500.000000
2016-07-13	0.005638	0.037253	0.043063	0.029894	0.291126	25356800.000000
2016-07-12	0.011789	0.037333	0.046346	0.034394	0.601662	27317600.000000
2016-07-11	0.005545	0.034415	0.040917	0.033824	0.281422	22269200.000000
2016-07-08	0.017906	0.037494	0.050130	0.033884	0.892795	28391000.000000
2016-07-07	0.000000	0.031277	0.035088	0.024257	0.000000	19585200.000000
2016-07-06	0.004104	0.022621	0.037926	0.014767	0.203789	28167500.000000
2016-07-05	0.000195	0.023828	0.032892	0.022015	0.009705	24806400.000000
2016-07-01	-0.000195	0.029669	0.041551	0.028461	-0.009705	21400400.000000
2016-06-30	0.012465	0.034145	0.045971	0.029659	0.611374	28527800.000000
2016-06-29	0.022249	0.040271	0.057154	0.037978	1.067463	31304000.000000
2016-06-28	0.020855	0.040901	0.052603	0.035581	0.980129	38140700.000000
2016-06-27	-0.028095	0.015378	0.016413	-0.006542	-1.358593	50216300.000000
2016-06-24	-0.040069	-0.011213	0.011219	-0.016970	-2.018486	133503000.000000
2016-06-23	0.018043	0.036335	0.052099	0.033708	0.892788	29028800.000000
2016-06-22	-0.003907	0.028261	0.035910	0.025644	-0.194080	28816800.000000
2016-06-21	0.022369	0.033150	0.058465	0.032327	1.086876	34097800.000000
2016-06-20	-0.001197	0.040958	0.044864	0.028419	-0.058228	35607900.000000
2016-06-17	-0.005160	0.030884	0.031293	0.018818	-0.252308	45710500.000000
2016-06-16	0.014087	0.026949	0.046651	0.026742	0.679298	31188600.000000
2016-06-15	-0.002810	0.029441	0.036472	0.027580	-0.135860	33757600.000000
2016-06-14	-0.006183	0.025542	0.029653	0.018760	-0.300831	42577100.000000
2016-06-13	-0.026030	-0.007557	0.015262	-0.017966	-1.300373	83217800.000000
2016-06-10	-0.002712	0.019096	0.039059	0.018897	-0.135856	25833200.000000
2016-06-09	-0.008071	0.029683	0.029683	0.019584	-0.407582	20305700.000000
2016-06-08	-0.001152	0.028893	0.037200	0.025926	-0.058224	21149400.000000
2016-06-07	-0.000576	0.032649	0.042335	0.029882	-0.029117	20866800.000000
2016-06-06	0.006565	0.034454	0.041617	0.032464	0.329944	18243300.000000
2016-06-03	-0.013148	0.028511	0.029297	0.013195	-0.669590	23081300.000000
2016-06-02	-0.007001	0.026380	0.028330	0.010782	-0.359058	22840800.000000
2016-06-01	-0.002830	0.019587	0.029503	0.019587	-0.145565	25324800.000000
2016-05-31	0.012997	0.029293	0.043868	0.025748	0.659889	37653100.000000
2016-05-27	0.008287	0.031071	0.039014	0.028092	0.417290	17653700.000000
2016-05-26	-0.004413	0.026718	0.027707	0.015449	-0.223202	24335200.000000
2016-05-25	0.010273	0.037066	0.048452	0.034470	0.514321	24040200.000000
2016-05-24	0.031181	0.044275	0.065078	0.038096	1.513866	34757900.000000
2016-05-23	-0.011656	0.030067	0.031696	0.017446	-0.572555	26118700.000000
2016-05-20	0.005962	0.033751	0.048905	0.032113	0.291133	23905800.000000
2016-05-19	-0.009644	0.023579	0.026621	0.010397	-0.475505	23842400.000000
2016-05-18	0.005939	0.029863	0.043328	0.026191	0.291126	24907500.000000
2016-05-17	-0.018652	0.035480	0.035680	0.008252	-0.931610	27803500.000000
2016-05-16	0.014683	0.031994	0.055559	0.030978	0.722759	20032000.000000
2016-05-13	-0.008348	0.036272	0.045539	0.028214	-0.414379	22592300.000000
2016-05-12	0.009011	0.040731	0.053131	0.035040	0.443298	24102800.000000
2016-05-11	0.000588	0.039920	0.053140	0.037276	0.028908	24039100.000000
2016-05-10	0.018973	0.043071	0.059029	0.040169	0.915501	22891000.000000
2016-05-09	-0.006350	0.039742	0.041801	0.029651	-0.308381	17951600.000000
2016-05-06	0.009011	0.037267	0.047033	0.031864	0.433663	24715600.000000
2016-05-05	0.001404	0.037682	0.046630	0.034769	0.067455	25390700.000000
2016-05-04	0.001808	0.038933	0.043519	0.031012	0.086731	24257600.000000
2016-05-03	-0.016400	0.032146	0.033582	0.016974	-0.799862	26460200.000000
2016-05-02	0.014839	0.040387	0.055993	0.035810	0.713131	33114500.000000
2016-04-29	-0.000601	0.026245	0.044961	0.026245	-0.028908	48411700.000000
2016-04-28	-0.020416	0.031164	0.034219	0.009571	-1.002231	43134800.000000
2016-04-27	-0.009720	0.038489	0.038893	0.019729	-0.481842	43369300.000000
2016-04-26	-0.012858	0.040669	0.042461	0.017371	-0.645680	33532600.000000
2016-04-25	0.006373	0.037682	0.044696	0.034676	0.318020	33226900.000000
2016-04-22	-0.071710	-0.034312	-0.024638	-0.055519	-3.854740	126834100.000000
2016-04-21	0.003418	0.041602	0.049629	0.034509	0.183094	38909100.000000
2016-04-20	-0.014187	0.035842	0.039707	0.021121	-0.770946	36195700.000000
2016-04-19	-0.001240	0.040807	0.043380	0.023347	-0.067460	29596800.000000
2016-04-18	0.014555	0.034699	0.055210	0.029478	0.780583	23150300.000000
2016-04-15	0.005238	0.036558	0.048179	0.032996	0.279472	28793800.000000
2016-04-14	0.000181	0.035245	0.041994	0.032433	0.009636	20877100.000000
2016-04-13	0.012809	0.046607	0.052683	0.042239	0.674584	20818000.000000
2016-04-12	0.006260	0.038829	0.046662	0.027174	0.327648	24944300.000000
2016-04-11	-0.002021	0.039017	0.051602	0.035394	-0.105992	21414200.000000
2016-04-08	-0.000735	0.041684	0.053307	0.035015	-0.038555	22167200.000000
2016-04-07	-0.011974	0.032976	0.033729	0.020927	-0.636028	19225100.000000
2016-04-06	0.010264	0.033879	0.049855	0.031026	0.539658	21188700.000000
2016-04-05	-0.015695	0.033189	0.035249	0.019523	-0.838406	19272300.000000
2016-04-04	-0.002519	0.035068	0.039363	0.027038	-0.134918	18928800.000000
2016-04-01	0.006156	0.034300	0.044822	0.025282	0.327659	24399200.000000
2016-03-31	0.003270	0.035797	0.047861	0.034101	0.173458	26360500.000000
2016-03-30	0.006215	0.041855	0.055322	0.041286	0.327656	23008300.000000
2016-03-29	0.021853	0.040008	0.063266	0.035938	1.127510	23924300.000000
2016-03-28	-0.012359	0.037682	0.039214	0.020837	-0.645672	17025100.000000
2016-03-24	0.004447	0.035183	0.044604	0.033068	0.231286	19950000.000000
2016-03-23	-0.001849	0.038450	0.040945	0.031349	-0.096367	20129000.000000
2016-03-22	0.003899	0.032866	0.045196	0.029976	0.202369	23124100.000000
2016-03-21	0.006917	0.033026	0.046218	0.026818	0.356564	23925700.000000
2016-03-18	-0.021405	0.042618	0.043568	0.014711	-1.127506	67625500.000000
2016-03-17	0.005704	0.035009	0.050092	0.031000	0.298740	28223900.000000
2016-03-16	0.014182	0.034971	0.057239	0.034003	0.732403	31691700.000000
2016-03-15	0.007899	0.029486	0.045879	0.029290	0.404751	21104800.000000
2016-03-14	0.001884	0.030643	0.047850	0.029079	0.096367	24083600.000000
2016-03-11	0.019597	0.056622	0.058017	0.044261	0.982959	32275700.000000
2016-03-10	-0.014951	0.039450	0.039646	0.004690	-0.761310	38387800.000000
2016-03-09	0.023040	0.042504	0.061791	0.041901	1.146778	28251600.000000
2016-03-08	0.012150	0.033005	0.060051	0.028938	0.597496	33835100.000000
2016-03-07	-0.019220	0.028309	0.033095	0.008764	-0.963688	38407800.000000
2016-03-04	-0.006113	0.038673	0.039665	0.024996	-0.308384	33034200.000000
2016-03-03	-0.011331	0.038074	0.038074	0.014753	-0.578209	24427800.000000
2016-03-02	0.007037	0.034327	0.045182	0.029393	0.356560	29289900.000000
2016-03-01	0.033412	0.039518	0.072557	0.038498	1.638267	33024500.000000
2016-02-29	-0.008187	0.038694	0.044762	0.024737	-0.404747	31654000.000000
2016-02-26	-0.015355	0.047641	0.049234	0.017765	-0.770946	35975900.000000
2016-02-25	0.014408	0.045158	0.052633	0.022529	0.713123	26939500.000000
2016-02-24	0.003517	0.027747	0.044170	0.017813	0.173466	33014500.000000
2016-02-23	-0.027920	0.031573	0.032164	0.004768	-1.416618	28895300.000000
2016-02-22	0.016017	0.046894	0.061312	0.046894	0.799858	25008300.000000
2016-02-19	-0.007090	0.033308	0.039472	0.024560	-0.356568	33559100.000000
2016-02-18	-0.004387	0.035901	0.048174	0.031348	-0.221637	27176000.000000
2016-02-17	0.026032	0.045807	0.071805	0.044994	1.281700	40789000.000000
2016-02-16	0.018947	0.053411	0.057343	0.037475	0.915500	37291200.000000
2016-02-12	0.016301	0.056911	0.065955	0.046395	0.775017	34243300.000000
2016-02-11	-0.000402	0.023477	0.053543	0.019903	-0.019131	48878600.000000
2016-02-10	0.008726	0.058070	0.068674	0.050223	0.411431	38237000.000000
2016-02-09	-0.002631	0.036883	0.062689	0.029480	-0.124386	46740500.000000
2016-02-08	-0.014952	0.032423	0.032840	0.004086	-0.717617	59290500.000000
2016-02-05	-0.035385	0.043927	0.045133	-0.003908	-1.760544	62009000.000000
2016-02-04	-0.003067	0.043930	0.058157	0.029303	-0.153088	46987100.000000
2016-02-03	-0.015849	0.050063	0.052823	0.010821	-0.803722	57559800.000000
2016-02-02	-0.031256	0.034817	0.036536	0.005780	-1.636154	56313800.000000
2016-02-01	-0.006898	0.041149	0.045133	0.033940	-0.363594	44208500.000000
2016-01-29	0.058202	0.098734	0.105962	0.084079	2.899151	83611700.000000
2016-01-28	0.016400	0.058192	0.065333	0.045745	0.803726	62513800.000000
2016-01-27	-0.018210	0.041927	0.045734	0.022095	-0.908970	36775200.000000
2016-01-26	0.007337	0.045133	0.058250	0.040290	0.363590	28900800.000000
2016-01-25	-0.009562	0.038137	0.052328	0.032341	-0.478412	34707700.000000
2016-01-22	0.035856	0.064387	0.083435	0.061282	1.731838	37555800.000000
2016-01-21	-0.006104	0.049454	0.061389	0.035050	-0.296616	40191200.000000
2016-01-20	0.004549	0.033144	0.062083	0.014953	0.220070	63273000.000000
2016-01-19	-0.008433	0.055176	0.059276	0.026071	-0.411430	43564500.000000
2016-01-15	-0.039917	0.009711	0.022699	-0.009377	-2.028454	70739100.000000
2016-01-14	0.028466	0.052419	0.081158	0.043716	1.406525	52381900.000000
2016-01-13	-0.021599	0.065331	0.070677	0.015826	-1.090771	66883600.000000
2016-01-12	0.009178	0.054325	0.061119	0.040337	0.459270	36095500.000000
2016-01-11	-0.000573	0.048728	0.055518	0.027757	-0.028709	36943800.000000
2016-01-08	0.003067	0.049139	0.067370	0.044732	0.153099	48754000.000000
2016-01-07	-0.034783	0.019029	0.034304	0.006847	-1.798817	56564900.000000
2016-01-06	-0.018165	0.031274	0.032792	0.018364	-0.956821	39518900.000000
2016-01-05	0.004562	0.047612	0.056385	0.040174	0.239204	34079700.000000
2016-01-04	-0.012257	0.023281	0.032323	0.005761	-0.650631	53778000.000000
2015-12-31	-0.014740	0.040121	0.042905	0.028614	-0.794159	26529600.000000
2015-12-30	-0.004244	0.043654	0.049384	0.040328	-0.229633	21704500.000000
2015-12-29	0.010724	0.051484	0.061944	0.047188	0.574085	27731400.000000
2015-12-28	0.005030	0.039125	0.050390	0.032179	0.267918	22458300.000000
2015-12-24	-0.002687	0.045882	0.047754	0.037831	-0.143532	9558500.000000
2015-12-23	0.008491	0.051742	0.055140	0.046832	0.449707	27279800.000000
2015-12-22	0.009484	0.048183	0.057523	0.038843	0.497544	28322200.000000
2015-12-21	0.012932	0.059614	0.068688	0.047064	0.669769	37246300.000000
2015-12-18	-0.028187	0.046446	0.050762	0.013797	-1.502201	84684200.000000
2015-12-17	-0.007661	0.049415	0.057422	0.033961	-0.411427	41280900.000000
2015-12-16	0.016848	0.051570	0.065013	0.036802	0.889836	37503300.000000
2015-12-15	0.001088	0.054989	0.059538	0.044185	0.057415	39843000.000000
2015-12-14	0.019978	0.050353	0.067366	0.037786	1.033359	46768900.000000
2015-12-11	-0.021893	0.034543	0.041918	0.021307	-1.157753	39549500.000000
2015-12-10	0.005275	0.052927	0.058059	0.045703	0.277481	31620700.000000
2015-12-09	-0.014519	0.037265	0.046631	0.021154	-0.775020	36373200.000000
2015-12-08	-0.000358	0.038766	0.050563	0.029777	-0.019139	32878000.000000
2015-12-07	-0.001789	0.042890	0.046254	0.033543	-0.095680	30709800.000000
2015-12-04	0.031550	0.043590	0.084277	0.043204	1.636154	43963700.000000
2015-12-03	-0.018294	0.050433	0.055734	0.020902	-0.966381	38627800.000000
2015-12-02	-0.000181	0.047025	0.059138	0.042104	-0.009575	47274900.000000
2015-12-01	0.016007	0.046287	0.062055	0.044171	0.832436	39952800.000000
2015-11-30	0.007788	0.056954	0.065094	0.046489	0.401867	56241400.000000
2015-11-27	0.004470	0.047274	0.052725	0.047079	0.229633	9009100.000000
2015-11-25	-0.010323	0.042050	0.044747	0.034344	-0.535824	21005100.000000
2015-11-24	0.001107	0.039925	0.049954	0.033368	0.057415	24600000.000000
2015-11-23	0.000000	0.046290	0.050340	0.036647	0.000000	28235900.000000
2015-11-20	0.004635	0.051139	0.052108	0.032151	0.239205	37147600.000000
2015-11-19	0.001671	0.047850	0.060853	0.043774	0.086113	28149200.000000
2015-11-18	0.016613	0.045725	0.065061	0.045330	0.841995	29710000.000000
2015-11-17	-0.008238	0.040436	0.047481	0.034175	-0.420998	31551300.000000
2015-11-16	0.017600	0.056956	0.073085	0.052376	0.883881	32165200.000000
2015-11-13	-0.009002	0.047244	0.051585	0.036588	-0.456196	36848200.000000
2015-11-12	-0.006151	0.048843	0.058649	0.043156	-0.313633	35361100.000000
2015-11-11	0.002616	0.055913	0.065745	0.051194	0.133061	36516300.000000
2015-11-10	-0.012002	0.050429	0.051595	0.034887	-0.617768	55283700.000000
2015-11-09	-0.013838	0.045089	0.051219	0.026122	-0.722313	32513100.000000
2015-11-06	0.009930	0.046566	0.063786	0.044051	0.513218	32851200.000000
2015-11-05	-0.000368	0.053918	0.057980	0.044441	-0.019008	31468500.000000
2015-11-04	0.004617	0.052760	0.066362	0.050429	0.237602	37087800.000000
2015-11-03	0.017092	0.046051	0.074905	0.045458	0.864876	36596900.000000
2015-11-02	0.011398	0.056375	0.066569	0.051778	0.570243	30285000.000000
2015-10-30	-0.013493	0.051388	0.064600	0.037586	-0.684299	46619800.000000
2015-10-29	-0.011486	0.043601	0.049254	0.037364	-0.589245	30202100.000000
2015-10-28	0.005401	0.049238	0.057860	0.035912	0.275612	47000800.000000
2015-10-27	-0.010323	0.047135	0.054505	0.039183	-0.532227	50999900.000000
2015-10-26	0.026102	0.045411	0.081034	0.044814	1.311566	64633300.000000
2015-10-23	0.100770	0.145719	0.184494	0.144623	4.599983	135227100.000000
2015-10-22	0.017585	0.059534	0.091188	0.049725	0.788841	56637100.000000
2015-10-21	-0.011932	0.055481	0.057023	0.037640	-0.541729	25144300.000000
2015-10-20	0.003150	0.048200	0.056375	0.038920	0.142559	30574000.000000
2015-10-19	0.002315	0.050184	0.060372	0.041326	0.104546	29387600.000000
2015-10-16	0.010636	0.052401	0.064040	0.049715	0.475204	26450300.000000
2015-10-15	0.007069	0.059616	0.060066	0.048796	0.313637	27189400.000000
2015-10-14	-0.004479	0.046792	0.056890	0.044099	-0.199589	24697800.000000
2015-10-13	-0.002341	0.042327	0.055088	0.042327	-0.104549	19987800.000000
2015-10-12	-0.002335	0.049274	0.051284	0.038553	-0.104546	19769100.000000
2015-10-09	-0.007165	0.052177	0.054173	0.040425	-0.323135	28600600.000000
2015-10-08	0.013889	0.046781	0.068365	0.045433	0.617764	33772700.000000
2015-10-07	0.001070	0.060055	0.065681	0.034172	0.047523	27711500.000000
2015-10-06	0.002573	0.045408	0.064588	0.042926	0.114048	27017200.000000
2015-10-05	0.023261	0.056333	0.082655	0.055179	1.007435	34369300.000000
2015-10-02	0.021520	0.044158	0.074820	0.035903	0.912395	41839000.000000
2015-10-01	0.007908	0.063826	0.063826	0.040053	0.332642	28657900.000000
2015-09-30	0.018877	0.062835	0.073008	0.057506	0.779339	34958900.000000
2015-09-29	0.003465	0.054122	0.058983	0.046344	0.142563	32763600.000000
2015-09-28	-0.014793	0.049543	0.055769	0.034697	-0.617768	27613800.000000
2015-09-25	0.000683	0.065836	0.071826	0.048583	0.028511	29384600.000000
2015-09-24	0.000912	0.042104	0.058413	0.037787	0.038021	27905600.000000
2015-09-23	-0.000683	0.052896	0.058649	0.042830	-0.028514	17145200.000000
2015-09-22	-0.004761	0.034764	0.050746	0.033095	-0.199589	28085900.000000
2015-09-21	0.014490	0.055565	0.076135	0.055081	0.598762	26177200.000000
2015-09-18	-0.017401	0.034344	0.045995	0.030302	-0.731819	63143700.000000
2015-09-17	-0.001129	0.051940	0.068803	0.046952	-0.047523	32768200.000000
2015-09-16	0.007276	0.051938	0.061747	0.048828	0.304134	23372200.000000
2015-09-15	0.021840	0.055844	0.082735	0.053155	0.893383	28882200.000000
2015-09-14	-0.010119	0.050967	0.051209	0.037174	-0.418175	23656000.000000
2015-09-11	0.004389	0.048532	0.059469	0.043670	0.180577	27132500.000000
2015-09-10	0.005108	0.053399	0.069767	0.044360	0.209087	31366600.000000
2015-09-09	-0.018683	0.059849	0.064404	0.028684	-0.779335	33469500.000000
2015-09-08	0.030040	0.069216	0.086501	0.066746	1.216522	32469800.000000
2015-09-04	-0.020460	0.035488	0.041051	0.020733	-0.845859	37138800.000000
2015-09-03	0.003229	0.053391	0.067222	0.050236	0.133053	28285200.000000
2015-09-02	0.036825	0.065764	0.091427	0.053687	1.463638	37671500.000000
2015-09-01	-0.039063	0.019538	0.029693	0.007208	-1.615711	49688900.000000
2015-08-31	-0.009333	0.043315	0.052177	0.032298	-0.389660	34441700.000000
2015-08-28	0.000683	0.040194	0.058169	0.039954	0.028515	28246700.000000
2015-08-27	0.027862	0.064988	0.082725	0.057597	1.130989	50943200.000000
2015-08-26	0.055349	0.092215	0.113795	0.067517	2.128910	63408000.000000
2015-08-25	-0.029031	0.074645	0.091558	0.019612	-1.149994	70616600.000000
2015-08-24	-0.032273	-0.011828	0.042894	-0.029661	-1.321068	88753700.000000
2015-08-21	-0.056724	0.043881	0.048029	-0.007506	-2.461567	70053100.000000
2015-08-20	-0.020382	0.039987	0.049017	0.030732	-0.902885	36238200.000000
2015-08-19	-0.013962	0.041270	0.047948	0.030586	-0.627270	31444000.000000
2015-08-18	0.005531	0.048372	0.061578	0.045239	0.247108	23574100.000000
2015-08-17	0.006809	0.054834	0.069256	0.049426	0.302140	21099700.000000
2015-08-14	0.005778	0.054583	0.067501	0.054356	0.254924	21473400.000000
2015-08-13	-0.000214	0.066367	0.067273	0.053451	-0.009437	22627200.000000
2015-08-12	0.007111	0.054095	0.070298	0.043141	0.311584	30181400.000000
2015-08-11	-0.019438	0.047703	0.050389	0.027116	-0.868656	29237400.000000
2015-08-10	0.012623	0.063874	0.076111	0.061382	0.557072	23079900.000000
2015-08-07	0.002574	0.053891	0.062751	0.050937	0.113300	19163000.000000
2015-08-06	-0.020177	0.062009	0.063345	0.031291	-0.906418	27368000.000000
2015-08-05	0.000842	0.068918	0.078498	0.059116	0.037774	26959700.000000
2015-08-04	0.015595	0.057758	0.079479	0.056174	0.689247	33403900.000000
2015-08-03	0.002356	0.065466	0.065919	0.053446	0.103862	24125900.000000
2015-07-31	-0.003840	0.068379	0.070186	0.050531	-0.169952	31201500.000000
2015-07-30	0.012746	0.058429	0.084513	0.050879	0.557068	39777900.000000
2015-07-29	0.020953	0.060517	0.092753	0.057247	0.896969	40945900.000000
2015-07-28	-0.000220	0.064487	0.065889	0.046038	-0.009430	34328900.000000
2015-07-27	-0.012843	0.059116	0.060730	0.043208	-0.557068	39701400.000000
2015-07-24	-0.003687	0.054522	0.063939	0.051995	-0.160519	32333200.000000
2015-07-23	0.012516	0.052836	0.075163	0.048883	0.538185	33934000.000000
2015-07-22	-0.036802	0.017898	0.051275	0.012522	-1.642879	59152400.000000
2015-07-21	0.007673	0.055955	0.068371	0.049184	0.339905	42781900.000000
2015-07-20	0.006435	0.059797	0.070702	0.055026	0.283256	30631900.000000
2015-07-17	-0.000857	0.056619	0.061840	0.050036	-0.037765	29467100.000000
2015-07-16	0.019668	0.064902	0.080641	0.063976	0.849769	26271700.000000
2015-07-15	0.003069	0.060509	0.065384	0.054705	0.132187	26629600.000000
2015-07-14	0.001757	0.057023	0.068884	0.053767	0.075527	22880300.000000
2015-07-13	0.020848	0.067900	0.083095	0.067188	0.878098	28178300.000000
2015-07-10	0.002021	0.070773	0.073865	0.060305	0.084968	25465800.000000
2015-07-09	0.006329	0.071325	0.082577	0.065340	0.264370	32099800.000000
2015-07-08	-0.001354	0.062463	0.073460	0.052661	-0.056648	39785900.000000
2015-07-07	-0.002027	0.057923	0.061502	0.033586	-0.084968	36435800.000000
2015-07-06	-0.000225	0.048620	0.061024	0.048381	-0.009453	23034000.000000
2015-07-02	-0.001125	0.059831	0.066264	0.049823	-0.047203	21752000.000000
2015-07-01	0.006795	0.066552	0.085024	0.057916	0.283249	28343900.000000
2015-06-30	-0.004958	0.067232	0.067470	0.048852	-0.207714	35945400.000000
2015-06-29	-0.019664	0.053968	0.058414	0.038055	-0.840317	34081700.000000
2015-06-26	-0.008544	0.059116	0.073732	0.044731	-0.368244	49835300.000000
2015-06-25	0.000219	0.068166	0.068862	0.055867	0.009445	20616000.000000
2015-06-24	-0.005881	0.053579	0.066959	0.050811	-0.254929	34890900.000000
2015-06-23	-0.006922	0.056825	0.060261	0.045141	-0.302139	25896500.000000
2015-06-22	0.002820	0.064400	0.073360	0.060494	0.122745	20318100.000000
2015-06-19	-0.013271	0.060703	0.061609	0.042567	-0.585399	63837000.000000
2015-06-18	0.016315	0.064875	0.078238	0.063723	0.708137	32658300.000000
2015-06-17	0.003055	0.056805	0.064662	0.048254	0.132191	28704100.000000
2015-06-16	0.007696	0.056088	0.076814	0.054924	0.330463	27070300.000000
2015-06-15	-0.010659	0.047135	0.051743	0.037228	-0.462654	33254500.000000
2015-06-12	-0.010120	0.054098	0.059800	0.046801	-0.443760	23931000.000000
2015-06-11	-0.003647	0.060252	0.066160	0.048209	-0.160514	27347800.000000
2015-06-10	0.021030	0.062364	0.086493	0.060044	0.906414	28417400.000000
2015-06-09	-0.001749	0.059811	0.063979	0.052862	-0.075531	24406100.000000
2015-06-08	-0.008886	0.062788	0.065772	0.048327	-0.387120	22121600.000000
2015-06-05	-0.004745	0.057974	0.062771	0.047236	-0.207714	25438100.000000
2015-06-04	-0.010459	0.057759	0.066124	0.044422	-0.462650	27745500.000000
2015-06-03	-0.001492	0.069273	0.077625	0.056858	-0.066097	27955200.000000
2015-06-02	-0.006564	0.052388	0.061807	0.045437	-0.292694	21498300.000000
2015-06-01	0.007896	0.063636	0.079683	0.053691	0.349350	28837300.000000
2015-05-29	-0.012434	0.058669	0.061794	0.039920	-0.557076	36519600.000000
2015-05-28	-0.003361	0.056669	0.068236	0.054222	-0.151066	19283700.000000
2015-05-27	0.021893	0.064344	0.085940	0.059798	0.963074	27335600.000000
2015-05-26	-0.006610	0.057535	0.058664	0.043082	-0.292706	29581900.000000
2015-05-22	-0.010966	0.056436	0.057552	0.045715	-0.490974	25720600.000000
2015-05-21	-0.003363	0.052438	0.059561	0.046428	-0.151070	22410700.000000
2015-05-20	0.000000	0.054886	0.066907	0.052215	0.000000	25047900.000000
2015-05-19	-0.002516	0.056007	0.061558	0.047570	-0.113296	28574800.000000
2015-05-18	-0.006004	0.058936	0.064233	0.050770	-0.272049	24136500.000000
2015-05-15	-0.008621	0.069281	0.070156	0.051339	-0.393997	28642700.000000
2015-05-14	0.022885	0.074951	0.092632	0.074951	1.022514	32980900.000000
2015-05-13	0.005914	0.084910	0.087837	0.070952	0.262672	34184600.000000
2015-05-12	-0.000422	0.054297	0.072975	0.044620	-0.018768	29928300.000000
2015-05-11	-0.007958	0.061534	0.069571	0.057516	-0.356472	24609400.000000
2015-05-08	0.022484	0.085401	0.095217	0.084717	0.984986	35364900.000000
2015-05-07	0.009075	0.065768	0.084656	0.063235	0.393997	32971700.000000
2015-05-06	-0.027731	0.065327	0.069806	0.030615	-1.238270	52433000.000000
2015-05-05	-0.013267	0.056718	0.064231	0.045448	-0.600372	50369200.000000
2015-05-04	-0.008632	0.059646	0.070599	0.055483	-0.394005	34039500.000000
2015-05-01	0.000411	0.064684	0.071259	0.060739	0.018768	38937300.000000
2015-04-30	-0.008561	0.058177	0.076428	0.056004	-0.394005	64725500.000000
2015-04-29	-0.002034	0.056458	0.069251	0.051687	-0.093807	47804600.000000
2015-04-28	0.023527	0.060450	0.092188	0.058675	1.060043	60730800.000000
2015-04-27	0.003342	0.051747	0.071789	0.051524	0.150090	59248200.000000
2015-04-24	0.104522	0.123062	0.184061	0.122816	4.249538	130933700.000000
2015-04-23	0.008141	0.063519	0.081373	0.061288	0.328331	46309500.000000
2015-04-22	0.008208	0.066749	0.078249	0.063749	0.328335	25064300.000000
2015-04-21	-0.006292	0.068235	0.071961	0.056559	-0.253288	26013800.000000
2015-04-20	0.030995	0.068816	0.105698	0.067536	1.210132	46057700.000000
2015-04-17	-0.012808	0.053609	0.055379	0.040714	-0.506569	42387600.000000
2015-04-16	-0.002366	0.058179	0.068017	0.054900	-0.093803	22509700.000000
2015-04-15	0.014646	0.068814	0.086730	0.066767	0.572235	27343600.000000
2015-04-14	-0.002634	0.067020	0.072891	0.056554	-0.103195	24244400.000000
2015-04-13	0.000959	0.057822	0.074686	0.057567	0.037521	30276700.000000
2015-04-10	0.005786	0.069854	0.078077	0.064200	0.225136	28022000.000000
2015-04-09	0.001449	0.061624	0.071146	0.061624	0.056293	25723900.000000
2015-04-08	-0.002649	0.064202	0.070106	0.053421	-0.103191	24753400.000000
2015-04-07	-0.000481	0.067538	0.075235	0.059841	-0.018761	28809400.000000
2015-04-06	0.031273	0.067322	0.105422	0.063089	1.181992	39223700.000000
2015-04-02	-0.010560	0.064428	0.066522	0.050292	-0.403381	37487500.000000
2015-04-01	0.001476	0.064426	0.068620	0.056823	0.056282	36865300.000000
2015-03-31	-0.007324	0.061314	0.067821	0.055068	-0.281418	34887200.000000
2015-03-30	-0.000244	0.069381	0.080830	0.064438	-0.009384	35049700.000000
2015-03-27	-0.005824	0.063671	0.071690	0.056169	-0.225140	34401400.000000
2015-03-26	-0.006030	0.059828	0.069856	0.052115	-0.234520	37495600.000000
2015-03-25	-0.033567	0.066496	0.066744	0.029720	-1.350853	43469900.000000
2015-03-24	0.000933	0.064009	0.073709	0.063263	0.037529	25513300.000000
2015-03-23	-0.000467	0.065999	0.072214	0.063513	-0.018768	26246100.000000
2015-03-20	0.013951	0.072805	0.083392	0.071040	0.553474	71904500.000000
2015-03-19	-0.004941	0.059979	0.068256	0.058976	-0.196995	33879100.000000
2015-03-18	0.019185	0.059097	0.094886	0.056540	0.750470	44194800.000000
2015-03-17	0.003369	0.061126	0.072924	0.055483	0.131336	31673400.000000
2015-03-16	0.004350	0.068317	0.072697	0.063423	0.168854	35273500.000000
2015-03-13	0.008776	0.057683	0.077693	0.055344	0.337707	58007700.000000
2015-03-12	-0.022868	0.049494	0.057619	0.037559	-0.900555	59992500.000000
2015-03-11	-0.001190	0.073101	0.074622	0.061180	-0.046909	32215300.000000
2015-03-10	-0.019136	0.053560	0.062516	0.045599	-0.769230	39159700.000000
2015-03-09	0.011567	0.061721	0.085376	0.061721	0.459656	32108000.000000
2015-03-06	-0.017397	0.063279	0.065999	0.042261	-0.703564	36248800.000000
2015-03-05	0.001161	0.066246	0.070455	0.060057	0.046902	23193500.000000
2015-03-04	-0.005083	0.059349	0.064275	0.056147	-0.206375	25748700.000000
2015-03-03	-0.013674	0.058225	0.064784	0.046807	-0.562855	31748600.000000
2015-03-02	0.000684	0.061623	0.074264	0.058706	0.028149	31924000.000000
2015-02-27	-0.004766	0.067692	0.069386	0.056321	-0.197006	33807700.000000
2015-02-26	0.001591	0.065999	0.071815	0.063575	0.065666	28957300.000000
2015-02-25	-0.002268	0.062614	0.065999	0.058987	-0.093807	29759800.000000
2015-02-24	-0.001359	0.065999	0.069621	0.060445	-0.056286	25271700.000000
2015-02-23	0.006612	0.062110	0.074019	0.060895	0.272049	32518800.000000
2015-02-20	0.008276	0.066244	0.075311	0.060853	0.337711	29721100.000000
2015-02-19	-0.000689	0.057428	0.065999	0.054244	-0.028145	27603400.000000
2015-02-18	-0.001147	0.067222	0.068934	0.061351	-0.046902	27111700.000000
2015-02-17	0.000459	0.076032	0.076766	0.056944	0.018757	33695700.000000
2015-02-13	0.018102	0.080810	0.093019	0.075080	0.726536	40264900.000000
2015-02-12	0.016753	0.080678	0.091571	0.076878	0.661343	33268800.000000
2015-02-11	-0.005164	0.074845	0.074845	0.063757	-0.204918	38262500.000000
2015-02-10	0.005665	0.083216	0.083976	0.069023	0.223541	29670700.000000
2015-02-09	-0.001179	0.069282	0.081939	0.068522	-0.046570	31381100.000000
2015-02-06	-0.000942	0.079402	0.082184	0.065998	-0.037254	34616600.000000
2015-02-05	0.014579	0.083335	0.094112	0.074098	0.568176	36548200.000000
2015-02-04	0.005770	0.082360	0.089328	0.067392	0.223564	41614800.000000
2015-02-03	0.007752	0.082688	0.090490	0.067604	0.298066	52082400.000000
2015-02-02	0.021782	0.078634	0.099362	0.069068	0.819683	50352500.000000
2015-01-30	-0.038324	0.061830	0.062596	0.031163	-1.499646	78004900.000000
2015-01-29	0.019908	0.066809	0.097825	0.063160	0.763798	63585300.000000
2015-01-28	-0.034459	0.075598	0.076857	0.035836	-1.369255	84507100.000000
2015-01-27	-0.092533	-0.019135	-0.013425	-0.038318	-4.051838	169164000.000000
2015-01-26	-0.003603	0.069489	0.072447	0.052195	-0.158352	42525500.000000
2015-01-23	0.001061	0.078824	0.079508	0.066068	0.046574	26211600.000000
2015-01-22	0.026350	0.084340	0.102108	0.077326	1.127075	35898000.000000
2015-01-21	-0.010132	0.063171	0.067800	0.052525	-0.437794	39081100.000000
2015-01-20	0.003244	0.074978	0.083105	0.058029	0.139721	36161900.000000
2015-01-16	0.016711	0.069572	0.092470	0.066267	0.707909	35695300.000000
2015-01-15	-0.010444	0.079659	0.083396	0.060738	-0.447102	32750800.000000
2015-01-14	-0.008628	0.064322	0.070806	0.056448	-0.372589	29675300.000000
2015-01-13	-0.005150	0.082109	0.103765	0.061145	-0.223541	35270600.000000
2015-01-12	-0.012503	0.078818	0.081548	0.054702	-0.549568	23651900.000000
2015-01-09	-0.008405	0.074036	0.078774	0.058020	-0.372578	23944200.000000
2015-01-08	0.029418	0.085661	0.108884	0.084964	1.266781	29645200.000000
2015-01-07	0.012705	0.081346	0.092635	0.069822	0.540249	29114100.000000
2015-01-06	-0.014677	0.074744	0.083318	0.055279	-0.633396	36447900.000000
2015-01-05	-0.009196	0.064631	0.072896	0.061876	-0.400528	39673900.000000
2015-01-02	0.006674	0.078439	0.096004	0.075665	0.288753	27913900.000000
2014-12-31	-0.012123	0.066964	0.083175	0.060571	-0.530933	21552500.000000
2014-12-30	-0.009062	0.073359	0.077431	0.059783	-0.400528	16384700.000000
2014-12-29	-0.008981	0.069549	0.071343	0.059683	-0.400528	14439500.000000
2014-12-26	-0.005401	0.079607	0.079607	0.066449	-0.242172	13197800.000000
2014-12-24	-0.006399	0.077795	0.077795	0.065386	-0.288761	11437800.000000
2014-12-23	0.009796	0.082312	0.091933	0.076941	0.437789	23648100.000000
2014-12-22	0.006714	0.076288	0.083947	0.074711	0.298069	26566000.000000
2014-12-19	0.002946	0.076070	0.086689	0.065678	0.130410	64551200.000000
2014-12-18	0.038915	0.093301	0.115364	0.087668	1.657989	40105600.000000
2014-12-17	0.012843	0.070970	0.092366	0.067404	0.540241	34970900.000000
2014-12-16	-0.032355	0.055872	0.065994	0.038160	-1.406490	47801400.000000
2014-12-15	-0.005964	0.079302	0.090049	0.064439	-0.260807	29247800.000000
2014-12-12	-0.004664	0.064709	0.086331	0.062205	-0.204929	34248400.000000
2014-12-11	0.005757	0.077706	0.092814	0.068549	0.251495	29060400.000000
2014-12-10	-0.014499	0.073360	0.075164	0.053508	-0.642704	30431800.000000
2014-12-09	-0.002306	0.060306	0.078537	0.058955	-0.102467	24330500.000000
2014-12-08	-0.014870	0.070038	0.072033	0.052078	-0.670646	26663100.000000
2014-12-05	-0.008599	0.073146	0.076443	0.063474	-0.391209	27313400.000000
2014-12-04	0.015807	0.080507	0.095468	0.076265	0.707901	30320400.000000
2014-12-03	-0.007841	0.073142	0.074471	0.059185	-0.353950	23534800.000000
2014-12-02	-0.003291	0.078443	0.083080	0.064311	-0.149033	25773500.000000
2014-12-01	0.016942	0.075157	0.095367	0.071340	0.754482	31191600.000000
2014-11-28	0.001257	0.078082	0.083703	0.070438	0.055886	21534400.000000
2014-11-26	0.005899	0.074038	0.085346	0.069288	0.260814	27163600.000000
2014-11-25	-0.002522	0.075164	0.082158	0.070427	-0.111778	28008000.000000
2014-11-24	-0.008129	0.073809	0.074033	0.060383	-0.363274	35434200.000000
2014-11-21	-0.014784	0.080639	0.081301	0.048674	-0.670654	42884800.000000
2014-11-20	0.009955	0.068687	0.084272	0.065793	0.447106	21510600.000000
2014-11-19	-0.010669	0.071823	0.073805	0.055743	-0.484360	26177500.000000
2014-11-18	-0.008342	0.073148	0.077517	0.063756	-0.381901	23995500.000000
2014-11-17	-0.002420	0.076652	0.083189	0.070769	-0.111073	30318600.000000
2014-11-14	-0.000605	0.083188	0.089938	0.075566	-0.027763	29081700.000000
2014-11-13	0.017015	0.081021	0.099625	0.078806	0.768261	26210400.000000
2014-11-12	-0.001842	0.073504	0.081462	0.072619	-0.083301	22722100.000000
2014-11-11	-0.000409	0.079473	0.081682	0.075053	-0.018517	23445200.000000
2014-11-10	0.004314	0.079691	0.090787	0.077471	0.194378	36370100.000000
2014-11-07	-0.000411	0.085237	0.085237	0.071261	-0.018513	28000600.000000
2014-11-06	0.017551	0.080357	0.102930	0.078776	0.777527	33037800.000000
2014-11-05	0.006096	0.085580	0.087851	0.073316	0.268429	22449600.000000
2014-11-04	0.002740	0.077168	0.086961	0.076030	0.120331	21530800.000000
2014-11-03	0.010436	0.078976	0.092092	0.075294	0.453548	23130400.000000
2014-10-31	0.019544	0.101236	0.101940	0.090445	0.833069	35849700.000000
2014-10-30	-0.012227	0.073404	0.073404	0.060659	-0.527607	30073900.000000
2014-10-29	0.002796	0.079195	0.085237	0.076871	0.120331	30276100.000000
2014-10-28	0.012633	0.079180	0.094240	0.077062	0.536854	29049800.000000
2014-10-27	-0.004769	0.070520	0.079654	0.070520	-0.203633	30371300.000000
2014-10-24	0.024656	0.123792	0.125471	0.084196	1.027436	61076700.000000
2014-10-23	0.014421	0.086199	0.106404	0.084008	0.592399	45451900.000000
2014-10-22	-0.011141	0.083245	0.084930	0.064710	-0.462807	33570900.000000
2014-10-21	0.018149	0.087219	0.102415	0.083053	0.740498	36433800.000000
2014-10-20	0.010314	0.066242	0.092985	0.060052	0.416515	34527900.000000
2014-10-17	0.020824	0.091984	0.110689	0.081620	0.823811	40683300.000000
2014-10-16	-0.011106	0.063109	0.076857	0.055360	-0.444302	49040400.000000
2014-10-15	-0.011663	0.062322	0.071957	0.040087	-0.472068	60218700.000000
2014-10-14	0.001833	0.085801	0.098424	0.078129	0.074050	38115700.000000
2014-10-13	-0.008630	0.075204	0.093361	0.067107	-0.351730	37100200.000000
2014-10-10	-0.039695	0.074466	0.086718	0.035587	-1.684627	51978100.000000
2014-10-09	-0.019880	0.073890	0.080818	0.056338	-0.860833	34422800.000000
2014-10-08	0.027454	0.079170	0.112627	0.075848	1.157021	33031000.000000
2014-10-07	-0.012150	0.074965	0.076606	0.064652	-0.518337	25723700.000000
2014-10-06	0.000000	0.081060	0.085279	0.076372	0.000000	20604000.000000
2014-10-03	0.007212	0.085551	0.093106	0.076815	0.305458	32453200.000000
2014-10-02	-0.003050	0.078709	0.085064	0.074237	-0.129601	25119400.000000
2014-10-01	-0.009922	0.078259	0.084318	0.068472	-0.425770	38088400.000000
2014-09-30	-0.001723	0.078728	0.081287	0.070353	-0.074058	33033100.000000
2014-09-29	0.000646	0.070347	0.083848	0.065225	0.027767	26091000.000000
2014-09-26	0.008037	0.077775	0.093967	0.073786	0.342484	27078800.000000
2014-09-25	-0.022090	0.075767	0.080586	0.056262	-0.962651	33077400.000000
2014-09-24	0.011168	0.081981	0.093118	0.075252	0.481324	26582700.000000
2014-09-23	-0.010625	0.075535	0.078520	0.066812	-0.462811	33430300.000000
2014-09-22	-0.009680	0.075355	0.077174	0.068080	-0.425781	38686100.000000
2014-09-19	0.017995	0.083365	0.100954	0.078505	0.777519	202522400.000000
2014-09-18	0.003439	0.081982	0.087556	0.078963	0.148102	35556600.000000
2014-09-17	-0.005133	0.068804	0.078739	0.068111	-0.222149	38311900.000000
2014-09-16	0.011246	0.083861	0.094608	0.081525	0.481319	27910600.000000
2014-09-15	-0.009850	0.076655	0.080588	0.066476	-0.425789	37667600.000000
2014-09-12	-0.006383	0.078288	0.080816	0.071162	-0.277675	38244700.000000
2014-09-11	0.003416	0.078050	0.084047	0.071823	0.148094	29216400.000000
2014-09-10	0.001711	0.081743	0.084515	0.069266	0.074051	27302400.000000
2014-09-09	0.006240	0.080356	0.091981	0.079194	0.268425	40302400.000000
2014-09-08	0.012198	0.082945	0.101300	0.082239	0.518349	45736700.000000
2014-09-05	0.014361	0.076776	0.096349	0.076776	0.601654	36939400.000000
2014-09-04	0.006673	0.075070	0.087806	0.074589	0.277687	26475500.000000
2014-09-03	-0.002883	0.066939	0.080836	0.066939	-0.120320	33684500.000000
2014-09-02	-0.007484	0.080356	0.081070	0.066564	-0.314724	22976800.000000
2014-08-29	0.012255	0.085412	0.093837	0.079875	0.509098	21607600.000000
2014-08-28	0.000223	0.077467	0.083005	0.074096	0.009255	17657600.000000
2014-08-27	-0.003110	0.077716	0.080117	0.074356	-0.129585	21287900.000000
2014-08-26	-0.003542	0.083705	0.085858	0.074855	-0.148102	14873100.000000
2014-08-25	0.000443	0.086339	0.087296	0.077724	0.018513	16910000.000000
2014-08-22	-0.001548	0.083462	0.086329	0.076773	-0.064797	18294500.000000
2014-08-21	0.006007	0.077713	0.087567	0.077472	0.249920	22285500.000000
2014-08-20	-0.008383	0.080595	0.082025	0.070108	-0.351734	24770500.000000
2014-08-19	0.011153	0.083730	0.092647	0.080356	0.462803	28139500.000000
2014-08-18	0.007145	0.090745	0.094871	0.084434	0.294368	26891100.000000
2014-08-15	0.011746	0.094717	0.102575	0.090296	0.478329	41611300.000000
2014-08-14	0.004310	0.087104	0.095489	0.085378	0.174778	19313200.000000
2014-08-13	0.012868	0.091101	0.103591	0.087104	0.515133	22889500.000000
2014-08-12	0.007407	0.083078	0.096918	0.082071	0.294350	21431100.000000
2014-08-11	0.000000	0.088614	0.093395	0.082574	0.000000	20351600.000000
2014-08-08	-0.000694	0.087104	0.089367	0.079057	-0.027592	28942700.000000
2014-08-07	0.011465	0.089648	0.105163	0.084815	0.450745	30314900.000000
2014-08-06	-0.007892	0.078524	0.089375	0.065150	-0.312764	24634000.000000
2014-08-05	-0.006687	0.085600	0.089360	0.073569	-0.266758	26266400.000000
2014-08-04	0.011899	0.089894	0.102576	0.085836	0.469132	34277400.000000
2014-08-01	-0.006951	0.088364	0.089371	0.072999	-0.275959	31170300.000000
2014-07-31	-0.009637	0.082115	0.089848	0.074632	-0.386349	31537500.000000
2014-07-30	-0.007063	0.091563	0.092306	0.072243	-0.285160	31921400.000000
2014-07-29	-0.001819	0.085621	0.090071	0.078945	-0.073593	27763100.000000
2014-07-28	-0.011910	0.083684	0.087348	0.073179	-0.487534	29684200.000000
2014-07-25	0.002252	0.084656	0.093470	0.084656	0.091988	26737700.000000
2014-07-24	-0.010475	0.088558	0.090254	0.073779	-0.432343	30725300.000000
2014-07-23	0.000892	0.102139	0.102139	0.082012	0.036797	52362900.000000
2014-07-22	-0.000223	0.090983	0.094620	0.081043	-0.009193	43095800.000000
2014-07-21	0.003356	0.083942	0.098537	0.075671	0.137977	37604400.000000
2014-07-18	0.003593	0.090034	0.094672	0.080269	0.147179	43407500.000000
2014-07-17	0.010209	0.120891	0.127303	0.091297	0.413944	82180300.000000
2014-07-16	0.038398	0.088641	0.134737	0.087872	1.499394	63318000.000000
2014-07-15	0.007357	0.092006	0.095618	0.084267	0.285171	28748700.000000
2014-07-14	0.001188	0.090462	0.096402	0.085813	0.045990	21881100.000000
2014-07-11	0.009595	0.087365	0.097535	0.081628	0.367951	24083000.000000
2014-07-10	0.000480	0.079278	0.095713	0.070929	0.018390	21854700.000000
2014-07-09	-0.002633	0.092308	0.092568	0.080599	-0.101185	18445900.000000
2014-07-08	-0.005001	0.083997	0.087363	0.077266	-0.193172	31218200.000000
2014-07-07	0.004546	0.085804	0.095427	0.084764	0.174778	21952400.000000
2014-07-03	-0.002387	0.087363	0.089439	0.078283	-0.091995	15969300.000000
2014-07-02	0.000717	0.083469	0.087883	0.078276	0.027603	20208100.000000
2014-07-01	0.004077	0.091275	0.098836	0.086843	0.156376	26917000.000000
2014-06-30	-0.013018	0.085046	0.086075	0.072952	-0.505932	30793100.000000
2014-06-27	0.012704	0.084238	0.101957	0.081632	0.487537	74640000.000000
2014-06-26	-0.007376	0.084518	0.084776	0.071585	-0.285160	23604400.000000
2014-06-25	0.006707	0.085802	0.094916	0.079553	0.257565	20049100.000000
2014-06-24	-0.005716	0.082962	0.085810	0.075972	-0.220772	26509100.000000
2014-06-23	0.007438	0.088408	0.095450	0.087365	0.285160	18743900.000000
2014-06-20	0.004096	0.085533	0.095485	0.083700	0.156387	47764900.000000
2014-06-19	-0.003362	0.085016	0.090236	0.078752	-0.128792	19828200.000000
2014-06-18	-0.000720	0.085278	0.088669	0.074063	-0.027595	27097000.000000
2014-06-17	0.004337	0.081603	0.097844	0.056718	0.165581	22518600.000000
2014-06-16	0.006549	0.082095	0.097124	0.082095	0.248367	24205300.000000
2014-06-13	0.016018	0.101034	0.113625	0.094605	0.597916	26310000.000000
2014-06-12	-0.006853	0.085774	0.087636	0.071939	-0.257565	29818900.000000
2014-06-11	-0.006081	0.082344	0.086046	0.078113	-0.229973	18040000.000000
2014-06-10	-0.003877	0.080782	0.084207	0.076304	-0.147178	15117700.000000
2014-06-09	-0.005063	0.084746	0.087104	0.075049	-0.193169	15019200.000000
2014-06-06	0.006552	0.094227	0.098975	0.087896	0.248363	24060500.000000
2014-06-05	0.022074	0.094384	0.112179	0.089261	0.818692	31865200.000000
2014-06-04	0.000744	0.084946	0.089263	0.075502	0.027591	23209000.000000
2014-06-03	-0.012258	0.082040	0.084172	0.072712	-0.459938	18068900.000000
2014-06-02	-0.003664	0.087370	0.091087	0.080200	-0.137973	18504300.000000
2014-05-30	0.014873	0.090068	0.104082	0.084679	0.551914	34567600.000000
2014-05-29	0.008248	0.090908	0.096342	0.084387	0.303562	19888200.000000
2014-05-28	-0.004479	0.085752	0.087104	0.077096	-0.165573	25711500.000000
2014-05-27	0.001745	0.090898	0.090898	0.078704	0.064392	26160600.000000
2014-05-23	0.000499	0.094424	0.094424	0.084393	0.018398	18020000.000000
2014-05-22	-0.006196	0.085488	0.087104	0.073633	-0.229973	20201800.000000
2014-05-21	0.016885	0.090392	0.105460	0.088748	0.616322	22398700.000000
2014-05-20	-0.001761	0.085190	0.092300	0.079173	-0.064400	21320900.000000
2014-05-19	-0.002008	0.081100	0.086831	0.077006	-0.073585	24537400.000000
2014-05-16	0.005808	0.089026	0.093693	0.078045	0.211570	29867100.000000
2014-05-15	-0.015905	0.083052	0.091427	0.067383	-0.588722	37793200.000000
2014-05-14	-0.004453	0.083877	0.087911	0.077153	-0.165573	18818700.000000
2014-05-13	0.018393	0.093404	0.109290	0.091487	0.671509	27004800.000000
2014-05-12	0.010875	0.100311	0.108064	0.097819	0.392776	22782600.000000
2014-05-09	-0.002523	0.092012	0.100573	0.087316	-0.091346	29647600.000000
2014-05-08	0.005581	0.092552	0.108104	0.082276	0.200958	32120400.000000
2014-05-07	0.009216	0.099258	0.107386	0.079358	0.328827	41744500.000000
2014-05-06	-0.009384	0.090886	0.092552	0.081446	-0.337963	27112400.000000
2014-05-05	-0.006551	0.090084	0.093394	0.084016	-0.237492	22460900.000000
2014-05-02	-0.007750	0.103258	0.104079	0.085468	-0.283157	43416600.000000
2014-05-01	-0.009901	0.090438	0.093689	0.082579	-0.365383	28787400.000000
2014-04-30	-0.002715	0.091801	0.094503	0.085585	-0.100476	35458700.000000
2014-04-29	-0.008808	0.100934	0.103345	0.081916	-0.328834	29636200.000000
2014-04-28	0.024054	0.101082	0.132628	0.099711	0.876892	50610200.000000
2014-04-25	0.001255	0.106584	0.117295	0.091752	0.045677	56876800.000000
2014-04-24	0.004283	0.096153	0.102497	0.084016	0.155281	42381600.000000
2014-04-23	-0.007502	0.094773	0.094773	0.080538	-0.274029	24602800.000000
2014-04-22	0.001252	0.095322	0.100256	0.091758	0.045674	27056700.000000
2014-04-21	-0.001750	0.098057	0.098604	0.088754	-0.063942	22221200.000000
2014-04-17	-0.009654	0.084205	0.089354	0.070656	-0.356243	36688400.000000
2014-04-16	0.016352	0.103311	0.113226	0.099180	0.593734	30615800.000000
2014-04-15	0.014548	0.099244	0.116568	0.091141	0.520657	33968700.000000
2014-04-14	-0.000765	0.091981	0.100358	0.086118	-0.027405	32006600.000000
2014-04-11	-0.003811	0.084760	0.106734	0.084760	-0.137016	34330200.000000
2014-04-10	-0.027428	0.093962	0.100725	0.057442	-1.013905	45960800.000000
2014-04-09	0.016323	0.097798	0.114843	0.096423	0.593731	27398700.000000
2014-04-08	0.000502	0.093398	0.098349	0.078269	0.018261	35918600.000000
2014-04-07	-0.001756	0.097245	0.105757	0.091204	-0.063934	37559600.000000
2014-04-04	-0.027798	0.101180	0.104917	0.058201	-1.041317	51409600.000000
2014-04-03	-0.008222	0.093185	0.093185	0.077829	-0.310555	30139600.000000
2014-04-02	-0.001690	0.095302	0.101117	0.088166	-0.063945	28666700.000000
2014-04-01	0.010490	0.099047	0.110798	0.096910	0.392768	32605000.000000
2014-03-31	0.017122	0.098305	0.127372	0.097490	0.630276	46886300.000000
2014-03-28	0.023882	0.106734	0.130376	0.103674	0.858620	43472700.000000
2014-03-27	-0.010807	0.093398	0.099726	0.082392	-0.392777	35369200.000000
2014-03-26	-0.013634	0.098573	0.104815	0.074691	-0.502388	41977500.000000
2014-03-25	-0.003950	0.099099	0.108019	0.080176	-0.146141	43193100.000000
2014-03-24	0.008466	0.099680	0.107858	0.086595	0.310559	46098400.000000
2014-03-21	-0.004215	0.105360	0.111332	0.086087	-0.155281	80721800.000000
2014-03-20	0.026993	0.094216	0.133245	0.093937	0.968238	59269800.000000
2014-03-19	-0.007080	0.092559	0.094773	0.077058	-0.255760	35597200.000000
2014-03-18	0.039422	0.100816	0.148002	0.099665	1.370152	64063900.000000
2014-03-17	0.009284	0.100581	0.115391	0.097387	0.319698	20479600.000000
2014-03-14	-0.005014	0.087839	0.101997	0.083794	-0.173550	27195600.000000
2014-03-13	-0.009930	0.099064	0.099923	0.076751	-0.347110	32169700.000000
2014-03-12	0.006576	0.088439	0.106579	0.088151	0.228363	30494100.000000
2014-03-11	0.005288	0.096221	0.106641	0.091879	0.182678	25216400.000000
2014-03-10	-0.002111	0.097373	0.097951	0.089574	-0.073067	19006600.000000
2014-03-07	-0.006553	0.098504	0.100799	0.081573	-0.228367	26591600.000000
2014-03-06	0.001050	0.095635	0.098508	0.088453	0.036541	23582200.000000
2014-03-05	-0.007810	0.090213	0.090783	0.081092	-0.274021	20520100.000000
2014-03-04	0.016675	0.106944	0.115058	0.103177	0.575455	26802400.000000
2014-03-03	-0.013835	0.083628	0.089630	0.071340	-0.484120	29717500.000000
2014-02-28	0.011886	0.098243	0.112123	0.093617	0.411046	41215000.000000
2014-02-27	0.010408	0.094189	0.107045	0.087761	0.356239	33903400.000000
2014-02-26	-0.001865	0.095940	0.100606	0.084566	-0.063946	41041800.000000
2014-02-25	-0.003980	0.092449	0.099421	0.084897	-0.137016	30736500.000000
2014-02-24	-0.007636	0.086414	0.094773	0.082090	-0.264893	32085100.000000
2014-02-21	0.006093	0.100284	0.112174	0.097964	0.210095	38021300.000000
2014-02-20	0.006398	0.096524	0.105280	0.091563	0.219219	27526100.000000
2014-02-19	0.002405	0.088922	0.104428	0.088630	0.082218	29750400.000000
2014-02-18	0.002142	0.103276	0.107674	0.096826	0.073071	32834000.000000
2014-02-14	0.000266	0.096531	0.107968	0.094771	0.009063	31407500.000000
2014-02-13	0.003736	0.098861	0.114463	0.098861	0.126923	37635500.000000
2014-02-12	0.008071	0.108324	0.115742	0.106840	0.271995	27051800.000000
2014-02-11	0.010054	0.105380	0.116770	0.104781	0.335453	32141400.000000
2014-02-10	0.006565	0.105094	0.110223	0.094837	0.217591	26767000.000000
2014-02-07	0.010503	0.107251	0.115482	0.097800	0.344517	33260500.000000
2014-02-06	0.010051	0.102367	0.116224	0.098980	0.326397	35351800.000000
2014-02-05	-0.014580	0.101162	0.106624	0.086294	-0.480515	55814400.000000
2014-02-04	-0.003564	0.117798	0.124450	0.096029	-0.117867	54697900.000000
2014-02-03	-0.035941	0.100068	0.107355	0.061883	-1.233024	64063100.000000
2014-01-31	0.026587	0.105676	0.133804	0.094006	0.888500	93162300.000000
2014-01-30	0.005456	0.106894	0.109602	0.090045	0.181332	35036300.000000
2014-01-29	0.010753	0.094164	0.121533	0.091731	0.353584	52745900.000000
2014-01-28	0.006661	0.105738	0.114003	0.094411	0.217590	36205500.000000
2014-01-27	-0.021190	0.104780	0.105380	0.078112	-0.707176	44420800.000000
2014-01-24	0.020799	0.145499	0.148558	0.117359	0.679974	76395500.000000
2014-01-23	0.003618	0.107894	0.109122	0.090396	0.117866	43954000.000000
2014-01-22	-0.006635	0.105727	0.107557	0.090175	-0.217586	21904300.000000
2014-01-21	-0.005772	0.116323	0.116323	0.093281	-0.190396	31567300.000000
2014-01-17	-0.013825	0.101189	0.101189	0.080857	-0.462387	46267500.000000
2014-01-16	0.003537	0.100883	0.110184	0.089481	0.117874	38018700.000000
2014-01-15	0.027390	0.106682	0.134118	0.105141	0.888497	44812600.000000
2014-01-14	0.022870	0.095100	0.131361	0.091947	0.725300	41623300.000000
2014-01-13	-0.029412	0.101453	0.102371	0.065951	-0.961029	45901900.000000
2014-01-10	0.014354	0.114469	0.122230	0.109812	0.462379	40548800.000000
2014-01-09	-0.006431	0.106684	0.107610	0.091879	-0.208511	36516300.000000
2014-01-08	-0.017852	0.090563	0.094804	0.077839	-0.589318	59971700.000000
2014-01-07	0.007750	0.109088	0.113973	0.105425	0.253853	35802800.000000
2014-01-06	-0.021133	0.101190	0.102385	0.079076	-0.707176	43603700.000000
2014-01-03	-0.006728	0.104170	0.104764	0.086361	-0.226658	31134800.000000
2014-01-02	-0.006683	0.101214	0.102688	0.093843	-0.226658	30632200.000000
2013-12-31	0.003218	0.106237	0.111561	0.100912	0.108803	17503500.000000
2013-12-30	0.000000	0.100912	0.105645	0.091447	0.000000	16290500.000000
2013-12-27	-0.004007	0.107107	0.108285	0.095028	-0.136001	14563000.000000
2013-12-26	0.009709	0.106552	0.115179	0.105660	0.326393	17612800.000000
2013-12-24	0.012562	0.105995	0.119549	0.103585	0.417053	14243000.000000
2013-12-23	-0.004892	0.103282	0.105680	0.095490	-0.163201	25128700.000000
2013-12-20	0.015172	0.101461	0.123673	0.101157	0.498650	62649100.000000
2013-12-19	-0.009021	0.100872	0.102078	0.087906	-0.299190	34160100.000000
2013-12-18	0.001643	0.098150	0.105399	0.073083	0.054401	63192100.000000
2013-12-17	-0.010030	0.104477	0.109560	0.086239	-0.335461	45687700.000000
2013-12-16	0.005451	0.104185	0.112302	0.098473	0.181328	31734200.000000
2013-12-13	-0.014240	0.108909	0.109798	0.085202	-0.480518	40066100.000000
2013-12-12	-0.010369	0.103862	0.103862	0.090372	-0.353581	36012800.000000
2013-12-11	-0.013120	0.101535	0.108481	0.082144	-0.453323	39853400.000000
2013-12-10	-0.015500	0.100133	0.108397	0.083322	-0.543972	37828600.000000
2013-12-09	0.009124	0.108734	0.117647	0.103270	0.317326	30286000.000000
2013-12-06	0.009473	0.115173	0.118947	0.102692	0.326381	36457300.000000
2013-12-05	-0.024139	0.100434	0.101283	0.053131	-0.852226	116305000.000000
2013-12-04	0.016445	0.100104	0.122273	0.097512	0.571171	51983600.000000
2013-12-03	-0.003641	0.094090	0.104130	0.092369	-0.126919	52109800.000000
2013-12-02	0.008392	0.101826	0.121785	0.100958	0.290111	42950400.000000
2013-11-29	0.014096	0.109436	0.123224	0.109436	0.480519	22090400.000000
2013-11-27	0.006694	0.109480	0.115091	0.107117	0.226662	26002100.000000
2013-11-26	-0.007705	0.100931	0.103276	0.094485	-0.262928	34465300.000000
2013-11-25	0.001863	0.113552	0.114139	0.102983	0.063465	30646800.000000
2013-11-22	0.004546	0.106817	0.111241	0.100919	0.154132	27982000.000000
2013-11-21	0.008630	0.108635	0.116368	0.108337	0.290120	23064700.000000
2013-11-20	0.009254	0.108387	0.123097	0.106585	0.308258	32229900.000000
2013-11-19	-0.004876	0.100891	0.112244	0.095514	-0.163208	44275000.000000
2013-11-18	-0.016913	0.096957	0.103712	0.088733	-0.575867	53277500.000000
2013-11-15	-0.004735	0.109301	0.111348	0.102578	-0.161972	50601300.000000
2013-11-14	-0.003669	0.102902	0.110474	0.098533	-0.125969	46183700.000000
2013-11-13	0.021413	0.100044	0.135145	0.097664	0.719849	44957600.000000
2013-11-12	-0.006119	0.105139	0.111643	0.099817	-0.206955	31651600.000000
2013-11-11	-0.005029	0.108700	0.111348	0.098699	-0.170967	26872500.000000
2013-11-08	0.007467	0.116386	0.119646	0.106606	0.251945	36737800.000000
2013-11-07	-0.017810	0.104944	0.106399	0.089517	-0.611866	60437400.000000
2013-11-06	0.042030	0.129546	0.159271	0.124087	1.385696	88948800.000000
2013-11-05	0.019477	0.106709	0.135158	0.106091	0.629876	51681900.000000
2013-11-04	0.011539	0.113224	0.125423	0.111973	0.368917	28060700.000000
2013-11-01	0.003389	0.119508	0.120135	0.110720	0.107973	40264600.000000
2013-10-31	-0.003658	0.115100	0.116038	0.105094	-0.116968	41682300.000000
2013-10-30	0.000563	0.111660	0.119795	0.108532	0.017992	36997700.000000
2013-10-29	-0.001406	0.113222	0.116034	0.101662	-0.044987	31702200.000000
2013-10-28	-0.004478	0.107615	0.111348	0.097040	-0.143974	38383600.000000
2013-10-25	0.059609	0.182537	0.196050	0.169024	1.808617	113494000.000000
2013-10-24	-0.001185	0.113323	0.122540	0.105093	-0.035988	53209700.000000
2013-10-23	-0.023713	0.103956	0.108455	0.082102	-0.737845	58600500.000000
2013-10-22	-0.011718	0.112301	0.114842	0.096420	-0.368919	40438500.000000
2013-10-21	0.000858	0.111984	0.118977	0.109759	0.026999	27433500.000000
2013-10-18	0.001145	0.108165	0.113576	0.092571	0.035987	41811700.000000
2013-10-17	0.008083	0.105252	0.122577	0.102685	0.251942	31359200.000000
2013-10-16	0.004349	0.114892	0.124559	0.113603	0.134974	35111600.000000
2013-10-15	0.001161	0.118445	0.128768	0.111993	0.035986	47097800.000000
2013-10-14	0.009376	0.103859	0.123396	0.099951	0.287946	27757900.000000
2013-10-11	0.010960	0.108714	0.123857	0.108714	0.332930	30033300.000000
2013-10-10	0.020865	0.119413	0.138905	0.117733	0.620865	42875100.000000
2013-10-09	0.001818	0.113368	0.122794	0.109664	0.053987	35878600.000000
2013-10-08	-0.008709	0.111681	0.112349	0.094661	-0.260946	41017600.000000
2013-10-07	-0.017119	0.102163	0.105771	0.089042	-0.521885	35069300.000000
2013-10-04	0.000591	0.105768	0.115615	0.103471	0.017998	33008100.000000
2013-10-03	-0.001769	0.110037	0.113969	0.094966	-0.053993	38703800.000000
2013-10-02	0.010125	0.104067	0.126240	0.101750	0.305931	46946800.000000
2013-10-01	0.009015	0.113685	0.122368	0.112016	0.269952	36718700.000000
2013-09-30	0.000300	0.102329	0.112684	0.092307	0.008992	39839500.000000
2013-09-27	0.015258	0.115078	0.144583	0.114739	0.449899	55348000.000000
2013-09-26	0.007998	0.115792	0.128098	0.114083	0.233960	28504000.000000
2013-09-25	0.001849	0.112718	0.123334	0.109635	0.053985	28907500.000000
2013-09-24	-0.008858	0.115760	0.115760	0.091320	-0.260944	40685000.000000
2013-09-23	-0.001525	0.102875	0.117448	0.101519	-0.044989	39826100.000000
2013-09-20	-0.025268	0.103749	0.106062	0.079963	-0.764839	102904900.000000
2013-09-19	0.009604	0.116684	0.123355	0.111348	0.287941	42026600.000000
2013-09-18	0.011843	0.113373	0.127210	0.107973	0.350920	64099900.000000
2013-09-17	0.003963	0.132355	0.134049	0.114736	0.116977	84716500.000000
2013-09-16	-0.006963	0.123124	0.127162	0.101254	-0.206955	52839700.000000
2013-09-13	0.010401	0.114067	0.124266	0.105228	0.305935	40899000.000000
2013-09-12	-0.001527	0.110669	0.112705	0.106256	-0.044990	32860200.000000
2013-09-11	0.010806	0.117524	0.129876	0.116151	0.314934	39087500.000000
2013-09-10	0.023057	0.119772	0.137324	0.115911	0.656860	56881200.000000
2013-09-09	0.016372	0.113845	0.134181	0.113132	0.458900	49628500.000000
2013-09-06	-0.002562	0.114195	0.117041	0.107789	-0.071981	75434900.000000
2013-09-05	0.000962	0.107786	0.119897	0.102443	0.026995	71644900.000000
2013-09-04	-0.021330	0.094266	0.097055	0.084505	-0.611876	142320600.000000
2013-09-03	-0.045509	0.056446	0.067093	0.041140	-1.367704	154507000.000000
2013-08-30	-0.004471	0.105385	0.109029	0.096110	-0.134972	42790200.000000
2013-08-29	0.016051	0.108318	0.130868	0.103943	0.476896	45284700.000000
2013-08-28	-0.007216	0.115691	0.122708	0.102660	-0.215953	44257400.000000
2013-08-27	-0.026061	0.090846	0.109721	0.078805	-0.800827	58522300.000000
2013-08-26	-0.017266	0.100154	0.108789	0.088321	-0.539883	72786800.000000
2013-08-23	0.072862	0.206733	0.207763	0.166589	2.123545	225493800.000000
2013-08-22	0.024676	0.131739	0.142287	0.128575	0.701849	31169900.000000
2013-08-21	-0.000316	0.110996	0.125055	0.108536	-0.008996	37409100.000000
2013-08-20	0.007327	0.113118	0.129404	0.110640	0.206955	22979600.000000
2013-08-19	-0.012893	0.109950	0.117289	0.096670	-0.368917	27902500.000000
2013-08-16	0.000314	0.111348	0.118339	0.106803	0.008991	32866300.000000
2013-08-15	-0.017310	0.099324	0.105508	0.059473	-0.503887	33338000.000000
2013-08-14	0.003723	0.108244	0.150312	0.093072	0.107971	48519600.000000
2013-08-13	-0.012561	0.106921	0.108283	0.096707	-0.368917	39464100.000000
2013-08-12	0.005199	0.110965	0.128420	0.110965	0.151899	25493700.000000
2013-08-09	-0.005777	0.115095	0.119519	0.104887	-0.169773	26800700.000000
2013-08-08	0.025889	0.125463	0.154437	0.118830	0.741617	59034400.000000
2013-08-07	0.015200	0.117761	0.137607	0.107484	0.428887	38078600.000000
2013-08-06	-0.003786	0.113883	0.118120	0.107881	-0.107226	36331500.000000
2013-08-05	-0.005958	0.119530	0.123039	0.110405	-0.169765	30984000.000000
2013-08-02	0.006947	0.119886	0.127307	0.115645	0.196573	29199900.000000
2013-08-01	-0.005339	0.126912	0.127966	0.110743	-0.151897	42557900.000000
2013-07-31	-0.000314	0.123396	0.126207	0.114259	-0.008934	43898400.000000
2013-07-30	0.009829	0.127695	0.139760	0.119534	0.276985	45799500.000000
2013-07-29	-0.002530	0.113870	0.118471	0.111392	-0.071478	28870700.000000
2013-07-26	0.007327	0.114544	0.127379	0.112761	0.205509	38633600.000000
2013-07-25	-0.017835	0.107273	0.108323	0.094316	-0.509304	63213000.000000
2013-07-24	0.004400	0.126917	0.132193	0.121641	0.125093	52803100.000000
2013-07-23	-0.005936	0.115682	0.120228	0.108690	-0.169769	65810400.000000
2013-07-22	0.019427	0.129872	0.140921	0.126308	0.545048	79040700.000000
2013-07-19	-0.113996	0.023177	0.031703	-0.020403	-3.609804	248428500.000000
2013-07-18	-0.008394	0.118553	0.123876	0.102895	-0.268046	49547100.000000
2013-07-17	-0.014613	0.121339	0.122881	0.095110	-0.473566	37285100.000000
2013-07-16	0.002765	0.114228	0.127224	0.112681	0.089367	36378500.000000
2013-07-15	0.014017	0.118865	0.136436	0.116355	0.446747	34142600.000000
2013-07-12	-0.000560	0.115730	0.120433	0.106322	-0.017868	35501200.000000
2013-07-11	0.028530	0.128855	0.153689	0.125629	0.884569	53638300.000000
2013-07-10	0.010189	0.118853	0.134166	0.118201	0.312731	29658800.000000
2013-07-09	0.000583	0.127329	0.127981	0.112985	0.017874	25318500.000000
2013-07-08	0.003508	0.123759	0.131610	0.111654	0.107221	32396900.000000
2013-07-05	0.005881	0.121811	0.126748	0.105029	0.178704	26085900.000000
2013-07-03	0.002062	0.109946	0.133358	0.107967	0.062543	15994400.000000
2013-07-02	-0.012224	0.120807	0.121784	0.095401	-0.375284	37630000.000000
2013-07-01	-0.005211	0.125984	0.133760	0.112375	-0.160816	31055400.000000
2013-06-28	-0.002311	0.111420	0.124675	0.110127	-0.071487	65545500.000000
2013-06-27	0.007860	0.124718	0.133189	0.124066	0.241245	28993100.000000
2013-06-26	0.020196	0.134137	0.146103	0.126492	0.607595	48665900.000000
2013-06-25	-0.001483	0.131127	0.141084	0.110549	-0.044679	44073400.000000
2013-06-24	0.013526	0.108078	0.150464	0.095632	0.402088	56109000.000000
2013-06-21	-0.006569	0.124860	0.127199	0.104475	-0.196575	85338500.000000
2013-06-20	-0.031801	0.108502	0.110767	0.079705	-0.982865	54493700.000000
2013-06-19	-0.011149	0.118539	0.122698	0.106701	-0.348467	30816200.000000
2013-06-18	-0.000572	0.118219	0.124615	0.115981	-0.017883	28616500.000000
2013-06-17	0.017442	0.128614	0.143905	0.126662	0.536112	49670100.000000
2013-06-14	-0.009217	0.113699	0.118212	0.104029	-0.285925	53192600.000000
2013-06-13	-0.008000	0.118859	0.119818	0.106068	-0.250187	45654900.000000
2013-06-12	0.004593	0.128816	0.132992	0.119500	0.142971	37372700.000000
2013-06-11	-0.017761	0.105927	0.110029	0.094252	-0.562910	39435900.000000
2013-06-10	-0.005607	0.114159	0.118551	0.102550	-0.178707	35994500.000000
2013-06-07	0.020309	0.128463	0.145430	0.122380	0.634392	40757300.000000
2013-06-06	0.005176	0.121110	0.129798	0.109847	0.160837	37618500.000000
2013-06-05	-0.006002	0.106704	0.115980	0.101267	-0.187641	46025100.000000
2013-06-04	-0.016859	0.120122	0.123896	0.093393	-0.536104	65529500.000000
2013-06-03	0.019771	0.119820	0.142589	0.116934	0.616523	51252600.000000
2013-05-31	-0.003711	0.112470	0.127166	0.111511	-0.116159	56165700.000000
2013-05-30	0.004300	0.118216	0.131051	0.116933	0.134020	51131000.000000
2013-05-29	-0.003998	0.110231	0.119179	0.104798	-0.125086	38412200.000000
2013-05-28	0.021885	0.124077	0.148897	0.123751	0.670137	48212100.000000
2013-05-24	0.003514	0.111641	0.123439	0.110986	0.107220	33174400.000000
2013-05-23	-0.013291	0.106891	0.117238	0.096220	-0.411020	51102700.000000
2013-05-22	-0.006886	0.117252	0.118858	0.103443	-0.214438	66047500.000000
2013-05-21	-0.006557	0.119817	0.125240	0.107693	-0.205511	48702400.000000
2013-05-20	0.006022	0.114685	0.126561	0.113081	0.187637	54020800.000000
2013-05-17	0.023181	0.120821	0.145122	0.119836	0.705880	60666700.000000
2013-05-16	0.006795	0.112236	0.129098	0.109260	0.205507	59382900.000000
2013-05-15	0.009544	0.116508	0.131529	0.115841	0.285919	46303900.000000
2013-05-14	0.022256	0.121226	0.144087	0.119179	0.652270	56870100.000000
2013-05-13	0.010401	0.124269	0.140128	0.122200	0.301679	36027600.000000
2013-05-10	0.000919	0.127372	0.129097	0.115294	0.026619	36394900.000000
2013-05-09	-0.010003	0.122244	0.127368	0.113362	-0.292808	46417800.000000
2013-05-08	-0.009607	0.118906	0.124658	0.104696	-0.283934	51595700.000000
2013-05-07	-0.013037	0.123687	0.128363	0.109996	-0.390408	43078300.000000
2013-05-06	0.007764	0.124671	0.141161	0.118950	0.230700	40978300.000000
2013-05-03	0.009952	0.129406	0.139262	0.124308	0.292801	46784600.000000
2013-05-02	0.013447	0.123927	0.142527	0.115660	0.390405	46059500.000000
2013-05-01	-0.011480	0.121238	0.126346	0.110002	-0.337167	54330900.000000
2013-04-30	0.015026	0.125299	0.144307	0.115622	0.434772	75165200.000000
2013-04-29	0.025794	0.127381	0.158579	0.126318	0.727577	59116400.000000
2013-04-26	-0.004696	0.125615	0.128438	0.109737	-0.133091	47799300.000000
2013-04-25	0.005668	0.125253	0.165351	0.119220	0.159714	110700200.000000
2013-04-24	0.037908	0.127763	0.175644	0.127027	1.029255	90946600.000000
2013-04-23	-0.007460	0.122275	0.129586	0.110576	-0.204077	59126900.000000
2013-04-22	0.035606	0.147091	0.180406	0.145956	0.940529	137904000.000000
2013-04-19	0.034039	0.159518	0.183789	0.159127	0.869541	99790700.000000
2013-04-18	-0.001387	0.131718	0.132891	0.114126	-0.035488	56906600.000000
2013-04-17	-0.004833	0.122358	0.129750	0.112633	-0.124223	52840700.000000
2013-04-16	0.009759	0.135276	0.144704	0.127419	0.248439	52797300.000000
2013-04-15	-0.003473	0.121546	0.134464	0.116066	-0.088728	56332900.000000
2013-04-12	-0.005183	0.123522	0.130142	0.116123	-0.133091	62886300.000000
2013-04-11	-0.044254	0.083107	0.086829	0.069335	-1.188974	130923200.000000
2013-04-10	0.022628	0.125504	0.154051	0.123601	0.594494	71116700.000000
2013-04-09	0.035677	0.132546	0.175514	0.130575	0.905033	77733800.000000
2013-04-08	-0.003833	0.128205	0.128205	0.117995	-0.097605	34759500.000000
2013-04-05	0.003497	0.112052	0.134120	0.107718	0.088732	50927300.000000
2013-04-04	0.001401	0.120318	0.129000	0.115583	0.035492	45263200.000000
2013-04-03	-0.008333	0.125070	0.132897	0.116852	-0.212952	35062800.000000
2013-04-02	0.006641	0.126239	0.136481	0.123481	0.168587	28456500.000000
2013-04-01	0.000000	0.128209	0.128996	0.117179	0.000000	29201100.000000
2013-03-28	0.008460	0.125041	0.138547	0.122657	0.212952	55453800.000000
2013-03-27	0.007457	0.126226	0.138633	0.123825	0.186327	36047400.000000
2013-03-26	0.000000	0.130229	0.134231	0.125026	0.000000	27824300.000000
2013-03-25	-0.003186	0.129022	0.131016	0.115457	-0.079855	44154000.000000
2013-03-22	0.004980	0.130234	0.136248	0.126626	0.124214	28720900.000000
2013-03-21	-0.007415	0.118670	0.128619	0.116282	-0.186325	34233200.000000
2013-03-20	0.004968	0.133426	0.139425	0.127027	0.124222	35447800.000000
2013-03-19	0.002847	0.127829	0.131840	0.124219	0.070982	51901600.000000
2013-03-18	0.002140	0.120596	0.136673	0.117782	0.053237	44809400.000000
2013-03-15	-0.003554	0.122621	0.127828	0.120619	-0.088729	92710300.000000
2013-03-14	0.007880	0.130256	0.136715	0.127430	0.195205	55914800.000000
2013-03-13	0.000358	0.125412	0.131469	0.120566	0.008875	29093400.000000
2013-03-12	0.001435	0.125814	0.130262	0.117726	0.035490	39255200.000000
2013-03-11	-0.004643	0.124612	0.125819	0.113744	-0.115349	36627500.000000
2013-03-08	-0.004975	0.131432	0.134636	0.119818	-0.124221	37667800.000000
2013-03-07	0.001780	0.127829	0.134650	0.123817	0.044363	29196700.000000
2013-03-06	-0.009171	0.121461	0.122256	0.104367	-0.230692	51448500.000000
2013-03-05	0.007105	0.132632	0.142641	0.127427	0.177456	41432200.000000
2013-03-04	0.007156	0.122994	0.135091	0.116946	0.177456	38157500.000000
2013-03-01	0.005396	0.123784	0.134324	0.115675	0.133096	34849700.000000
2013-02-28	-0.000360	0.129863	0.133511	0.124190	-0.008875	35840200.000000
2013-02-27	0.016076	0.129086	0.152969	0.125380	0.390410	36394700.000000
2013-02-26	0.000000	0.127439	0.136498	0.125791	0.000000	49923300.000000
2013-02-25	-0.014049	0.135553	0.138801	0.111193	-0.346041	48011800.000000
2013-02-22	0.009822	0.134816	0.138096	0.126617	0.239563	31425900.000000
2013-02-21	-0.013635	0.121770	0.121770	0.101146	-0.337166	49078500.000000
2013-02-20	-0.006417	0.130241	0.133054	0.118187	-0.159717	44110200.000000
2013-02-19	0.009720	0.131084	0.139604	0.127838	0.239576	38781400.000000
2013-02-15	-0.001070	0.136358	0.141221	0.129873	-0.026407	49650900.000000
2013-02-14	0.000357	0.131898	0.137574	0.129871	0.008806	32663200.000000
2013-02-13	0.005380	0.138396	0.145732	0.136358	0.131998	41715600.000000
2013-02-12	0.000718	0.137174	0.142068	0.131871	0.017601	35990900.000000
2013-02-11	0.011252	0.140483	0.151619	0.134296	0.272801	32247700.000000
2013-02-08	0.009897	0.139274	0.154269	0.137607	0.237598	33318500.000000
2013-02-07	-0.002194	0.136774	0.138436	0.126383	-0.052797	38028300.000000
2013-02-06	-0.005818	0.131399	0.138011	0.126027	-0.140805	41889600.000000
2013-02-05	0.002187	0.143812	0.145468	0.133045	0.052801	35410400.000000
2013-02-04	-0.017544	0.133917	0.140020	0.115608	-0.431200	50540000.000000
2013-02-01	0.017486	0.145465	0.161196	0.140498	0.422404	55565900.000000
2013-01-31	-0.014363	0.133910	0.141254	0.117997	-0.352003	50530000.000000
2013-01-30	-0.005712	0.136358	0.143661	0.126216	-0.140797	43580500.000000
2013-01-29	0.003583	0.132693	0.145315	0.123736	0.087996	49242600.000000
2013-01-28	0.001076	0.141657	0.150623	0.131467	0.026401	56056500.000000
2013-01-25	0.009048	0.134302	0.161035	0.126487	0.220007	81847700.000000
2013-01-24	0.000724	0.140062	0.155290	0.130596	0.017595	101739300.000000
2013-01-23	0.016943	0.138451	0.156867	0.138451	0.404803	50387700.000000
2013-01-22	-0.003670	0.138443	0.144698	0.125933	-0.088000	58650600.000000
2013-01-18	0.000000	0.130103	0.138026	0.127601	0.000000	52167700.000000
2013-01-17	0.007766	0.142661	0.154428	0.137198	0.184794	51685900.000000
2013-01-16	-0.006248	0.133852	0.137193	0.128005	-0.149601	41077400.000000
2013-01-15	0.011901	0.133822	0.153262	0.133822	0.281606	48244500.000000
2013-01-14	0.002236	0.139323	0.146946	0.133393	0.052800	48324400.000000
2013-01-11	0.013983	0.137646	0.156542	0.128627	0.325599	55512100.000000
2013-01-10	-0.008989	0.134230	0.148275	0.118908	-0.211197	71431300.000000
2013-01-09	0.005650	0.143634	0.144918	0.136786	0.131999	49047900.000000
2013-01-08	-0.005245	0.138912	0.140615	0.126565	-0.123202	44703100.000000
2013-01-07	-0.001870	0.137633	0.142307	0.132108	-0.043997	37110400.000000
2013-01-04	-0.018716	0.137192	0.140111	0.114673	-0.448801	52521100.000000
2013-01-03	-0.013396	0.136769	0.137592	0.117432	-0.325603	48294400.000000
2013-01-02	0.034070	0.159332	0.179753	0.155077	0.800802	52899300.000000
2012-12-31	0.006026	0.138070	0.145774	0.128654	0.140801	42749500.000000
2012-12-28	-0.015208	0.125820	0.133829	0.119076	-0.360800	28239900.000000
2012-12-27	0.003723	0.137627	0.146088	0.124089	0.087997	39394000.000000
2012-12-26	-0.007391	0.135098	0.142237	0.121240	-0.175999	31631100.000000
2012-12-24	-0.014208	0.126009	0.128078	0.117729	-0.343200	20842400.000000
2012-12-21	-0.008309	0.126916	0.128558	0.108442	-0.202400	98776500.000000
2012-12-20	0.013548	0.138438	0.151753	0.129700	0.325601	52607300.000000
2012-12-19	-0.009071	0.141718	0.143367	0.123576	-0.219999	53519900.000000
2012-12-18	0.016974	0.142648	0.158582	0.138035	0.404800	50486900.000000
2012-12-17	0.010817	0.135510	0.153736	0.130848	0.255200	42046100.000000
2012-12-14	-0.011066	0.136358	0.137196	0.119172	-0.264002	42077500.000000
2012-12-13	-0.004772	0.139695	0.148038	0.124260	-0.114403	45080100.000000
2012-12-12	-0.002928	0.145093	0.148836	0.126375	-0.070398	43966300.000000
2012-12-11	0.014105	0.140998	0.159557	0.140998	0.334400	52282800.000000
2012-12-10	0.018141	0.140652	0.158260	0.138934	0.422401	47031100.000000
2012-12-07	-0.010101	0.140184	0.140184	0.121053	-0.237598	46162100.000000
2012-12-06	0.002250	0.142323	0.149566	0.133802	0.052803	39182300.000000
2012-12-05	0.011376	0.136788	0.160489	0.131617	0.263990	68283800.000000
2012-12-04	-0.002270	0.139368	0.144957	0.132488	-0.052791	49777500.000000
2012-12-03	-0.007138	0.143188	0.144895	0.126966	-0.167204	53173800.000000
2012-11-30	-0.012245	0.140574	0.143947	0.116962	-0.290402	83690200.000000
2012-11-29	-0.014985	0.125974	0.136358	0.115591	-0.360801	69551400.000000
2012-11-28	0.010340	0.133420	0.149366	0.123349	0.246401	53018400.000000
2012-11-27	-0.011318	0.135113	0.135943	0.121837	-0.272795	45018600.000000
2012-11-26	-0.011191	0.129794	0.131435	0.114615	-0.272804	85198700.000000
2012-11-23	0.027829	0.148164	0.170933	0.146899	0.659999	57845700.000000
2012-11-21	0.008985	0.136358	0.155928	0.134656	0.211203	66360300.000000
2012-11-20	-0.000748	0.137633	0.139334	0.124879	-0.017599	47070400.000000
2012-11-19	0.007919	0.148356	0.148356	0.134215	0.184801	57179300.000000
2012-11-16	-0.005251	0.136784	0.138063	0.122718	-0.123201	64083300.000000
2012-11-15	-0.006706	0.138051	0.141862	0.127467	-0.158398	50955600.000000
2012-11-14	-0.009229	0.142650	0.144747	0.124193	-0.220003	76086100.000000
2012-11-13	-0.032154	0.096977	0.108345	0.086015	-0.792006	131689200.000000
2012-11-12	-0.021159	0.150067	0.152849	0.121057	-0.532428	61112300.000000
2012-11-09	0.000694	0.148479	0.160807	0.145695	0.017456	43291200.000000
2012-11-08	-0.009285	0.147272	0.157121	0.134664	-0.235661	49841800.000000
2012-11-07	-0.026122	0.133034	0.144544	0.114616	-0.680815	57871800.000000
2012-11-06	0.007763	0.153042	0.167736	0.144922	0.200756	43401500.000000
2012-11-05	0.004407	0.150356	0.155016	0.139093	0.113465	38070800.000000
2012-11-02	-0.000677	0.148412	0.155398	0.138321	-0.017454	57131600.000000
2012-11-01	0.034338	0.157738	0.186642	0.156936	0.855373	72047900.000000
2012-10-31	0.011698	0.159504	0.172906	0.157473	0.288036	69464100.000000
2012-10-26	0.011837	0.144874	0.164599	0.144052	0.288039	57790000.000000
2012-10-25	-0.000717	0.157604	0.158015	0.144053	-0.017462	54084300.000000
2012-10-24	-0.005347	0.150189	0.151822	0.138344	-0.130921	53320400.000000
2012-10-23	0.001786	0.136284	0.153879	0.135875	0.043639	64414800.000000
2012-10-22	-0.022346	0.149296	0.153296	0.113293	-0.558606	83374000.000000
2012-10-19	-0.029153	0.128219	0.129384	0.106858	-0.750644	90470800.000000
2012-10-18	-0.003042	0.148019	0.151116	0.132918	-0.078554	59238500.000000
2012-10-17	0.003391	0.138314	0.151523	0.130155	0.087284	44206100.000000
2012-10-16	-0.000678	0.143366	0.154625	0.138319	-0.017456	47739400.000000
2012-10-15	0.010617	0.152366	0.166098	0.147657	0.270582	42440200.000000
2012-10-12	0.008635	0.146487	0.160338	0.139759	0.218202	46464700.000000
2012-10-11	-0.001035	0.155184	0.156370	0.141347	-0.026182	41488500.000000
2012-10-10	-0.010246	0.140609	0.146869	0.132783	-0.261854	47227100.000000
2012-10-09	-0.016790	0.141848	0.144157	0.122612	-0.436411	45121100.000000
2012-10-08	-0.002345	0.137635	0.148382	0.134181	-0.061100	29752000.000000
2012-10-05	-0.005994	0.153326	0.154089	0.134631	-0.157112	41133900.000000
2012-10-04	0.005693	0.149916	0.152218	0.134568	0.148380	43634900.000000
2012-10-03	0.006743	0.149172	0.158443	0.146082	0.174569	46655900.000000
2012-10-02	0.005765	0.153077	0.161236	0.146084	0.148382	43338900.000000
2012-10-01	-0.009073	0.147620	0.154165	0.132606	-0.235663	54042700.000000
2012-09-28	-0.013262	0.146455	0.149494	0.129741	-0.349130	54229300.000000
2012-09-27	-0.000332	0.145696	0.154430	0.135063	-0.008730	47129900.000000
2012-09-26	-0.007239	0.141548	0.153612	0.132500	-0.192030	54672000.000000
2012-09-25	-0.012670	0.152023	0.153884	0.130062	-0.340397	54266400.000000
2012-09-24	-0.013145	0.138716	0.141288	0.125492	-0.357865	46825900.000000
2012-09-21	-0.008267	0.144967	0.151524	0.132581	-0.226932	102348900.000000
2012-09-20	0.012882	0.142006	0.161562	0.140530	0.349129	45543000.000000
2012-09-19	-0.004169	0.142388	0.146063	0.140551	-0.113470	48871900.000000
2012-09-18	-0.000961	0.141658	0.145696	0.139088	-0.026179	34542700.000000
2012-09-17	0.000000	0.144962	0.147531	0.139455	0.000000	36488500.000000
2012-09-14	0.008727	0.148288	0.157175	0.140882	0.235665	51422800.000000
2012-09-13	0.005198	0.149790	0.160584	0.131551	0.139652	45047300.000000
2012-09-12	-0.000325	0.151277	0.160207	0.143463	-0.008730	32775800.000000
2012-09-11	0.002279	0.144577	0.152782	0.141593	0.061100	25191800.000000
2012-09-10	-0.007432	0.141253	0.143844	0.129408	-0.200758	40524000.000000
2012-09-07	-0.012759	0.134367	0.135463	0.123038	-0.349127	42649100.000000
2012-09-06	0.031589	0.149842	0.182264	0.148334	0.837912	48371700.000000
2012-09-05	0.000000	0.139286	0.150973	0.138909	0.000000	33650000.000000
