2017-09-01	-0.002325	0.003256	0.005249	-0.005647	-0.349991	1071800.000000
2017-08-31	-0.000730	0.002523	0.002656	-0.002722	-0.110000	1706500.000000
2017-08-30	-0.000664	-0.001990	0.000796	-0.003649	-0.100006	1061500.000000
2017-08-29	-0.001060	0.000994	0.002651	-0.004905	-0.160004	1399300.000000
2017-08-28	0.005197	0.001332	0.005330	-0.000400	0.779999	874900.000000
2017-08-25	0.005291	0.002344	0.007635	-0.002076	0.790008	1259100.000000
2017-08-24	-0.002205	0.002406	0.002406	-0.004678	-0.330001	1291100.000000
2017-08-23	-0.001448	-0.001515	0.003290	-0.007387	-0.216996	1445300.000000
2017-08-22	0.002592	0.007362	0.011510	0.003683	0.387452	1350600.000000
2017-08-21	0.003468	0.007030	0.012669	0.004881	0.516616	974500.000000
2017-08-18	0.008882	0.005814	0.020038	0.002767	1.311386	1438700.000000
2017-08-17	-0.009135	0.002868	0.008841	-0.004447	-1.361068	1362700.000000
2017-08-16	0.006239	0.006154	0.014191	0.004736	0.923935	1353800.000000
2017-08-15	0.006686	0.002685	0.015261	0.002685	0.983551	1194300.000000
2017-08-14	0.005979	0.009500	0.014698	0.007927	0.874283	974300.000000
2017-08-11	-0.003656	0.006014	0.008808	-0.000731	-0.536499	1271500.000000
2017-08-10	0.003260	0.004030	0.013806	0.003688	0.476867	1341900.000000
2017-08-09	-0.000747	0.010180	0.012298	0.003827	-0.109283	2760500.000000
2017-08-08	0.001768	0.005944	0.009913	0.003891	0.258316	1187700.000000
2017-08-07	0.002317	0.007108	0.011635	0.004776	0.337784	1204800.000000
2017-08-04	-0.005354	0.002534	0.005127	-0.003401	-0.784851	1478900.000000
2017-08-03	0.005452	0.005256	0.014105	0.003816	0.794784	1418600.000000
2017-08-02	0.001160	0.003744	0.009375	-0.001613	0.168884	1672000.000000
2017-08-01	0.003286	0.005113	0.014345	0.004837	0.476883	1510500.000000
2017-07-31	0.006684	0.008016	0.018767	0.007531	0.963684	1695100.000000
2017-07-28	0.003249	0.006212	0.014284	0.005168	0.466935	1156300.000000
2017-07-27	-0.005774	0.002824	0.005591	-0.004026	-0.834534	1420000.000000
2017-07-26	0.016631	0.003113	0.023932	0.000792	2.364487	1760400.000000
2017-07-25	-0.000279	0.008106	0.008669	-0.000683	-0.039734	1350300.000000
2017-07-24	-0.008451	0.006838	0.006838	-0.002156	-1.212052	2102600.000000
2017-07-21	0.006203	0.004315	0.013224	0.000176	0.884201	1353400.000000
2017-07-20	0.011848	0.010251	0.021253	0.007979	1.669052	1570000.000000
2017-07-19	0.002191	0.009761	0.010614	0.005421	0.307969	943400.000000
2017-07-18	0.003689	0.008702	0.014771	0.006702	0.516616	1367900.000000
2017-07-17	-0.004871	0.004783	0.007057	0.000094	-0.685501	2811100.000000
2017-07-14	0.007683	0.014221	0.017658	0.011858	1.072968	1263200.000000
2017-07-13	-0.001421	0.009706	0.010492	0.002341	-0.198700	1389300.000000
2017-07-12	0.000213	0.014498	0.017215	0.005916	0.029800	1692900.000000
2017-07-11	-0.001985	0.010057	0.010057	-0.004146	-0.278167	1898400.000000
2017-07-10	0.003915	0.007634	0.016089	0.005055	0.546417	1687600.000000
2017-07-07	0.006520	0.006560	0.018026	0.005189	0.904053	1378500.000000
2017-07-06	0.005403	0.004529	0.013738	0.000614	0.745117	1741100.000000
2017-07-05	-0.005730	0.006271	0.007785	-0.003317	-0.794770	1926400.000000
2017-07-03	-0.003640	0.011731	0.018555	0.002896	-0.506683	1030300.000000
2017-06-30	0.001143	0.008429	0.018425	0.007279	0.158951	2109700.000000
2017-06-29	-0.007446	0.000635	0.001991	-0.008144	-1.043152	2896000.000000
2017-06-28	-0.008786	0.011158	0.013352	-0.004194	-1.241852	2090900.000000
2017-06-27	-0.013589	0.001954	0.007397	-0.008864	-1.947220	2415700.000000
2017-06-26	0.007615	0.008318	0.018725	0.006419	1.082886	1977800.000000
2017-06-23	0.010947	0.006560	0.026038	0.004996	1.539902	2751900.000000
2017-06-22	0.003757	0.005347	0.014766	0.003848	0.526550	1921400.000000
2017-06-21	-0.006340	0.007694	0.009396	-0.004360	-0.894150	1630200.000000
2017-06-20	-0.003020	0.006913	0.009670	0.003237	-0.427185	2153200.000000
2017-06-19	-0.003150	0.008039	0.009026	0.001556	-0.447067	2317100.000000
2017-06-16	0.006837	0.008830	0.015783	0.006914	0.963684	2602200.000000
2017-06-15	0.005101	0.006988	0.013405	0.003065	0.715302	2766400.000000
2017-06-14	0.008575	0.015190	0.022670	0.011235	1.192184	1422300.000000
2017-06-13	0.003801	0.006560	0.013274	0.003239	0.526535	1736100.000000
2017-06-12	-0.005847	0.006560	0.011010	-0.008441	-0.814651	2236600.000000
2017-06-09	-0.008554	0.004069	0.008623	-0.004114	-1.202118	1793200.000000
2017-06-08	-0.007925	0.006560	0.006560	-0.007207	-1.122635	1694100.000000
2017-06-07	0.004651	0.006630	0.014078	0.003155	0.655701	1428800.000000
2017-06-06	0.000493	0.011243	0.012165	0.005637	0.069534	2055900.000000
2017-06-05	-0.006026	0.004373	0.006066	0.000070	-0.854401	1081400.000000
2017-06-02	0.005708	0.012731	0.013866	0.005354	0.804733	1834900.000000
2017-06-01	0.003252	0.005919	0.009833	0.001436	0.457001	1611600.000000
2017-05-31	0.005617	0.007061	0.015004	0.007061	0.784867	3316900.000000
2017-05-30	-0.000427	0.005272	0.008992	0.003197	-0.059632	2750100.000000
2017-05-26	0.000071	0.007203	0.009135	0.004199	0.009949	1106600.000000
2017-05-25	0.011016	0.010632	0.018877	0.007088	1.523010	1191300.000000
2017-05-24	0.008564	0.015274	0.024392	0.014107	1.173950	1551800.000000
2017-05-23	0.004409	0.014915	0.026198	0.013889	0.601777	1947200.000000
2017-05-22	0.007721	0.014186	0.023194	0.011528	1.045700	2137400.000000
2017-05-19	0.002556	0.014335	0.018555	0.003750	0.345275	1728700.000000
2017-05-18	0.003591	0.015007	0.023178	0.008246	0.483399	2219500.000000
2017-05-17	0.004047	0.013669	0.023142	0.013669	0.542587	1871200.000000
2017-05-16	-0.001690	0.013669	0.018733	0.011137	-0.226913	1359500.000000
2017-05-15	0.004279	0.011351	0.021820	0.009930	0.572174	1928100.000000
2017-05-12	0.006759	0.014347	0.022629	0.013820	0.897751	1528800.000000
2017-05-11	0.003503	0.012989	0.017371	0.009287	0.463653	895300.000000
2017-05-10	0.002990	0.014048	0.018898	0.011017	0.394608	1874700.000000
2017-05-09	-0.008744	0.009839	0.013519	0.002703	-1.164078	1547500.000000
2017-05-08	0.004615	0.014952	0.019933	0.012462	0.611633	1451200.000000
2017-05-05	-0.000074	0.016989	0.020234	0.012839	-0.009872	1828100.000000
2017-05-04	0.007349	0.011769	0.022335	0.011693	0.966797	1753300.000000
2017-05-03	-0.004925	0.012459	0.015409	0.007240	-0.651108	1643600.000000
2017-05-02	0.007366	0.015193	0.021289	0.013898	0.966797	1714600.000000
2017-05-01	-0.003893	0.018071	0.019438	0.007750	-0.512985	1801000.000000
2017-04-28	0.000299	0.012379	0.018224	0.010253	0.039444	1663200.000000
2017-04-27	0.005195	0.012372	0.024124	0.012143	0.680694	1406000.000000
2017-04-26	-0.000677	0.014280	0.020609	0.011610	-0.088775	1491800.000000
2017-04-25	0.001280	0.012600	0.015578	0.006873	0.167694	1291800.000000
2017-04-24	-0.002030	0.010621	0.014355	0.001553	-0.266343	2436100.000000
2017-04-21	0.016428	0.016690	0.040469	0.016690	2.121003	2620200.000000
2017-04-20	-0.004791	0.013669	0.013669	-0.003906	-0.621506	2013700.000000
2017-04-19	-0.003335	0.013592	0.014053	0.005372	-0.434082	2080000.000000
2017-04-18	0.007868	0.013592	0.022652	0.010107	1.016128	1955600.000000
2017-04-17	0.001070	0.012894	0.017545	0.011344	0.138092	1127100.000000
2017-04-13	0.001992	0.010407	0.021359	0.009786	0.256516	1936600.000000
2017-04-12	0.009202	0.008104	0.023232	0.007242	1.173943	1468700.000000
2017-04-11	-0.000850	0.011320	0.014766	0.004898	-0.108513	1053600.000000
2017-04-10	0.003878	0.013669	0.019251	0.010839	0.493255	1051900.000000
2017-04-07	-0.006396	0.015779	0.018278	0.005936	-0.818802	1766800.000000
2017-04-06	-0.006736	0.009169	0.012195	0.004048	-0.868133	1529500.000000
2017-04-05	0.008492	0.012652	0.023842	0.009444	1.085167	1786600.000000
2017-04-04	0.006370	0.015323	0.023119	0.011228	0.808937	1359100.000000
2017-04-03	0.002727	0.014696	0.016828	0.003562	0.345283	1742500.000000
2017-03-31	0.001873	0.013116	0.022767	0.011217	0.236756	2336500.000000
2017-03-30	-0.018537	0.009709	0.013902	-0.007839	-2.387368	3398100.000000
2017-03-29	-0.005409	0.008186	0.011893	0.005638	-0.700408	1106700.000000
2017-03-28	0.001220	0.010963	0.017226	0.009107	0.157821	1377800.000000
2017-03-27	-0.012801	0.015578	0.015959	-0.002818	-1.677078	2040000.000000
2017-03-24	0.005375	0.012748	0.022802	0.010830	0.700439	1432000.000000
2017-03-23	-0.002417	0.014282	0.019105	0.008770	-0.315689	1550100.000000
2017-03-22	0.004247	0.014899	0.024048	0.013131	0.552445	1383800.000000
2017-03-21	0.015090	0.016245	0.032789	0.011328	1.933578	2384100.000000
2017-03-20	-0.002611	0.017483	0.021064	0.008299	-0.335418	1891700.000000
2017-03-17	0.002540	0.015386	0.028340	0.015152	0.325546	4662100.000000
2017-03-16	-0.015163	0.011441	0.012670	-0.004160	-1.973007	2610700.000000
2017-03-15	0.010186	0.015765	0.029662	0.012116	1.312027	2030300.000000
2017-03-14	0.000843	0.012659	0.017632	0.010328	0.108535	1342400.000000
2017-03-13	0.003076	0.013903	0.018424	0.008915	0.394608	1459300.000000
2017-03-10	0.010175	0.021936	0.024849	0.015716	1.292328	1480700.000000
2017-03-09	-0.005331	0.015392	0.019464	0.007953	-0.680687	1261100.000000
2017-03-08	-0.009261	0.004902	0.009557	-0.000063	-1.193688	1582000.000000
2017-03-07	0.000077	0.011574	0.017394	0.010566	0.009873	1991100.000000
2017-03-06	-0.001223	0.011344	0.015142	0.005610	-0.157852	2052100.000000
2017-03-03	-0.001069	0.011811	0.014134	0.004921	-0.138123	1321500.000000
2017-03-02	0.011823	0.013669	0.031137	0.010458	1.509377	1530100.000000
2017-03-01	-0.012137	0.002527	0.007943	-0.004824	-1.568550	2268000.000000
2017-02-28	0.008701	0.014372	0.026236	0.011172	1.114776	2248600.000000
2017-02-27	-0.008323	0.014521	0.014521	-0.000108	-1.075317	1833200.000000
2017-02-24	0.021632	0.018912	0.035598	0.016145	2.735611	2567900.000000
2017-02-23	0.005684	0.023908	0.031065	0.019534	0.714668	1901600.000000
2017-02-22	0.001403	0.019213	0.024787	0.014912	0.176231	2136100.000000
2017-02-21	0.011036	0.017900	0.034567	0.014518	1.370598	1576700.000000
2017-02-17	0.005309	0.025490	0.027756	0.019581	0.655937	2337800.000000
2017-02-16	0.007183	0.023155	0.028943	0.021035	0.881112	1247500.000000
2017-02-15	-0.005635	0.013741	0.021037	0.009769	-0.695099	1765500.000000
2017-02-14	0.000000	0.013498	0.022172	0.009445	0.000000	1612600.000000
2017-02-13	0.004224	0.021687	0.026734	0.018756	0.518867	885700.000000
2017-02-10	0.006578	0.020213	0.028818	0.018165	0.802788	1205300.000000
2017-02-09	-0.013064	0.021443	0.021443	0.004297	-1.615356	1606500.000000
2017-02-08	0.015845	0.020703	0.038613	0.020703	1.928642	2148600.000000
2017-02-07	0.003795	0.023174	0.027875	0.020453	0.460129	1564700.000000
2017-02-06	-0.002818	0.023005	0.026541	0.015851	-0.342637	1048200.000000
2017-02-03	0.006075	0.025083	0.033274	0.022187	0.734238	2056800.000000
2017-02-02	0.006850	0.024275	0.028940	0.017278	0.822373	1251200.000000
2017-02-01	-0.008891	0.013187	0.020700	0.007985	-1.076905	2054900.000000
2017-01-31	0.010372	0.021359	0.036958	0.019024	1.243340	2195300.000000
2017-01-30	0.008898	0.023967	0.040379	0.022873	1.057327	2820000.000000
2017-01-27	0.022063	0.031851	0.048022	0.026432	2.564995	3135100.000000
2017-01-26	-0.002268	0.018696	0.023760	0.011917	-0.264320	1377000.000000
2017-01-25	0.001767	0.016542	0.023850	0.015425	0.205581	1720100.000000
2017-01-24	0.000253	0.021099	0.025570	0.017917	0.029373	1212600.000000
2017-01-23	-0.004025	0.023755	0.027095	0.016304	-0.469925	2278700.000000
2017-01-20	-0.000168	0.023155	0.024440	0.013479	-0.019577	1276500.000000
2017-01-19	-0.006248	0.015826	0.023230	0.011401	-0.734260	1181400.000000
2017-01-18	-0.001580	0.021443	0.027815	0.018214	-0.186005	1446600.000000
2017-01-17	0.009828	0.024446	0.032082	0.022558	1.145432	1740500.000000
2017-01-13	-0.003766	0.019733	0.020759	0.007595	-0.440552	1443800.000000
2017-01-12	0.000754	0.022982	0.025891	0.016738	0.088119	1633500.000000
2017-01-11	0.006999	0.018514	0.030315	0.018514	0.812569	1400000.000000
2017-01-10	0.001943	0.019544	0.024550	0.012639	0.225166	1593200.000000
2017-01-09	-0.002528	0.025489	0.028846	0.016708	-0.293693	1515300.000000
2017-01-06	-0.002941	0.016378	0.022558	0.012945	-0.342659	2202500.000000
2017-01-05	-0.000588	0.027533	0.027533	0.010119	-0.068527	1538800.000000
2017-01-04	0.002948	0.025831	0.030821	0.020238	0.342651	2135400.000000
2017-01-03	-0.006194	0.022127	0.023067	0.007249	-0.724457	1525300.000000
2016-12-30	-0.005991	0.021698	0.026287	0.012263	-0.704887	1424000.000000
2016-12-29	0.012895	0.026436	0.035303	0.020324	1.497879	1012000.000000
2016-12-28	-0.005031	0.022042	0.025040	0.014762	-0.587402	1303300.000000
2016-12-27	0.000168	0.020158	0.024441	0.015788	0.019569	655400.000000
2016-12-23	0.002775	0.021357	0.024535	0.018350	0.323074	892600.000000
2016-12-22	0.002530	0.021787	0.025060	0.017653	0.293717	1250700.000000
2016-12-21	-0.005868	0.019645	0.025724	0.014679	-0.685318	1518300.000000
2016-12-20	0.000671	0.021614	0.027269	0.017502	0.078323	1541500.000000
2016-12-19	0.002691	0.026597	0.028229	0.016374	0.313278	1286100.000000
2016-12-16	0.015979	0.023276	0.040295	0.022228	1.830750	3923800.000000
2016-12-15	0.008618	0.021003	0.030422	0.011055	0.979004	2707700.000000
2016-12-14	-0.025122	0.027193	0.033544	-0.004475	-2.927223	2628400.000000
2016-12-13	0.013367	0.021965	0.036488	0.021704	1.537040	2401700.000000
2016-12-12	0.008241	0.017935	0.032842	0.015919	0.939850	4181500.000000
2016-12-09	-0.003252	0.022491	0.025900	0.011566	-0.372032	2979000.000000
2016-12-08	-0.006883	0.013631	0.021009	0.009812	-0.792999	2247500.000000
2016-12-07	0.025534	0.023846	0.047702	0.021888	2.868492	2697200.000000
2016-12-06	-0.002174	0.019844	0.026950	0.016735	-0.244751	2942900.000000
2016-12-05	0.005157	0.020550	0.030281	0.010461	0.577614	2540700.000000
2016-12-02	0.012926	0.028225	0.039168	0.027411	1.429359	2115700.000000
2016-12-01	-0.011206	0.015094	0.018671	0.007135	-1.253136	3022200.000000
2016-11-30	-0.025923	0.009336	0.010294	-0.005646	-2.976181	3338300.000000
2016-11-29	0.008341	0.021443	0.041028	0.020389	0.949639	3170800.000000
2016-11-28	0.013419	0.025804	0.038354	0.023579	1.507660	4640300.000000
2016-11-25	0.011815	0.025946	0.037203	0.025675	1.311889	1152300.000000
2016-11-23	-0.003602	0.013097	0.021443	0.011572	-0.401397	2346500.000000
2016-11-22	0.003084	0.024593	0.032694	0.022433	0.342651	2581200.000000
2016-11-21	0.002279	0.032431	0.034145	0.025665	0.252609	2300000.000000
2016-11-18	-0.006012	0.037075	0.037075	0.017437	-0.670379	3067600.000000
2016-11-17	0.004287	0.025851	0.036929	0.025671	0.476059	2173600.000000
2016-11-16	-0.006433	0.031511	0.034374	0.012720	-0.718949	4247500.000000
2016-11-15	0.005156	0.028015	0.037368	0.023068	0.573219	4499900.000000
2016-11-14	0.007927	0.023562	0.038520	0.001624	0.874398	6653000.000000
2016-11-11	-0.013210	0.024801	0.033478	0.008788	-1.476769	4233400.000000
2016-11-10	-0.020683	0.023141	0.024280	-0.015755	-2.360885	7464000.000000
2016-11-09	-0.061357	-0.003618	-0.003618	-0.044651	-7.461571	7044800.000000
2016-11-08	0.004091	0.029686	0.035631	0.024650	0.495483	2117600.000000
2016-11-07	0.012015	0.034454	0.041724	0.026098	1.437912	2845400.000000
2016-11-04	-0.005329	0.034177	0.036421	0.023539	-0.641212	2185400.000000
2016-11-03	0.001294	0.029440	0.035182	0.023032	0.155441	2223500.000000
2016-11-02	-0.017555	0.008098	0.016110	-0.000977	-2.147140	6036100.000000
2016-11-01	-0.016484	0.030801	0.031525	0.008769	-2.049996	1653800.000000
2016-10-31	0.018055	0.040080	0.051623	0.029601	2.205437	3050300.000000
2016-10-28	0.004875	0.031001	0.040215	0.027546	0.592644	1993800.000000
2016-10-27	-0.008558	0.026419	0.030905	0.014022	-1.049271	1518100.000000
2016-10-26	0.005418	0.029684	0.037474	0.023862	0.660667	1316000.000000
2016-10-25	0.009165	0.027288	0.039369	0.025301	1.107560	1386700.000000
2016-10-24	0.005416	0.033434	0.036179	0.027443	0.650955	1487000.000000
2016-10-21	-0.003384	0.024299	0.029771	0.018992	-0.408051	1126200.000000
2016-10-20	-0.003612	0.029274	0.037783	0.023738	-0.437217	1856500.000000
2016-10-19	-0.004236	0.027546	0.031413	0.021211	-0.514924	1556600.000000
2016-10-18	0.008464	0.037155	0.040806	0.026038	1.020142	1315700.000000
2016-10-17	0.000242	0.031929	0.032925	0.025871	0.029152	1132900.000000
2016-10-14	-0.004814	0.026961	0.032660	0.023162	-0.582939	1384500.000000
2016-10-13	0.013417	0.028855	0.047603	0.025424	1.603065	2033300.000000
2016-10-12	0.015105	0.030888	0.046180	0.029783	1.777954	1920600.000000
2016-10-11	-0.013276	0.023992	0.026759	0.012507	-1.583641	1913900.000000
2016-10-10	0.008543	0.030288	0.039419	0.025131	1.010422	2056400.000000
2016-10-07	0.031433	0.045494	0.074882	0.043575	3.604485	4835800.000000
2016-10-06	-0.004302	0.025627	0.034223	0.020417	-0.495499	2744900.000000
2016-10-05	-0.003028	0.030745	0.040094	0.025032	-0.349754	2067200.000000
2016-10-04	-0.018410	0.029359	0.029359	0.003527	-2.166573	2301300.000000
2016-10-03	-0.009729	0.030452	0.032303	0.011771	-1.156158	1693400.000000
2016-09-30	-0.011156	0.034266	0.039092	0.013131	-1.340752	3063800.000000
2016-09-29	-0.021980	0.024472	0.024879	-0.001162	-2.700935	2771200.000000
2016-09-28	-0.002445	0.033576	0.034631	0.017340	-0.301194	1710800.000000
2016-09-27	0.004436	0.036286	0.048517	0.031883	0.544083	2455800.000000
2016-09-26	-0.004103	0.027649	0.031141	0.021640	-0.505218	1385200.000000
2016-09-23	-0.009998	0.009416	0.026540	-0.002723	-1.243592	2452100.000000
2016-09-22	0.001486	0.033863	0.037566	0.028066	0.184601	1558300.000000
2016-09-21	0.022148	0.030179	0.052316	0.029109	2.691216	1952400.000000
2016-09-20	0.002646	0.030099	0.037690	0.030099	0.320617	2082400.000000
2016-09-19	0.011515	0.032028	0.042377	0.030108	1.379616	1247600.000000
2016-09-16	0.004807	0.025248	0.036067	0.020803	0.573219	3351500.000000
2016-09-15	0.005160	0.028431	0.037198	0.023541	0.612076	1283600.000000
2016-09-14	0.004608	0.033169	0.040960	0.029104	0.544075	1970900.000000
2016-09-13	-0.014194	0.025183	0.028689	0.010907	-1.700226	1919800.000000
2016-09-12	0.020106	0.030466	0.052438	0.027485	2.360894	2543500.000000
2016-09-09	-0.036050	0.020818	0.022460	-0.008735	-4.391449	2686800.000000
2016-09-08	0.002559	0.022772	0.035117	0.022772	0.310890	1748400.000000
2016-09-07	-0.001836	0.042993	0.042993	0.022126	-0.223458	2450600.000000
2016-09-06	0.017543	0.034456	0.047330	0.032868	2.098580	2431000.000000
2016-09-02	0.017603	0.037865	0.052156	0.031911	2.069404	2356500.000000
2016-09-01	0.000496	0.027657	0.031827	0.023146	0.058304	2082200.000000
2016-08-31	-0.002310	0.028849	0.033095	0.024179	-0.272041	2048500.000000
2016-08-30	-0.009155	0.028601	0.034322	0.018421	-1.088142	1700600.000000
2016-08-29	0.005920	0.031389	0.042561	0.029189	0.699524	2140100.000000
2016-08-26	-0.016338	0.031771	0.040013	0.011375	-1.962548	1878100.000000
2016-08-25	0.002900	0.038103	0.042360	0.035598	0.347321	1239400.000000
2016-08-24	-0.000966	0.033847	0.038268	0.029760	-0.115776	1233300.000000
2016-08-23	-0.006158	0.038837	0.042236	0.029719	-0.742874	1235400.000000
2016-08-22	-0.000320	0.039582	0.041654	0.033616	-0.038590	1536300.000000
2016-08-19	-0.014808	0.033251	0.033251	0.015616	-1.813774	2449100.000000
2016-08-18	0.009221	0.032396	0.046733	0.032396	1.119133	2651900.000000
2016-08-17	0.014598	0.036433	0.053319	0.028324	1.746239	2020000.000000
2016-08-16	-0.010613	0.035606	0.035606	0.025516	-1.283142	1608800.000000
2016-08-15	-0.011594	0.039214	0.040685	0.024172	-1.418221	1185800.000000
2016-08-12	-0.001811	0.038801	0.042147	0.034150	-0.221893	1500400.000000
2016-08-11	0.005144	0.036516	0.042422	0.034302	0.627098	1509000.000000
2016-08-10	0.002380	0.037503	0.040380	0.033145	0.289429	1148100.000000
2016-08-09	0.000635	0.036763	0.041617	0.033719	0.077186	1715200.000000
2016-08-08	0.000000	0.038573	0.044908	0.033143	0.000000	1994100.000000
2016-08-05	-0.011455	0.031067	0.034158	0.019112	-1.408562	1768200.000000
2016-08-04	-0.004996	0.034493	0.038944	0.028100	-0.617454	2271500.000000
2016-08-03	0.003604	0.036191	0.043257	0.031887	0.443802	5072900.000000
2016-08-02	-0.006770	0.030467	0.035064	0.023126	-0.839356	1653300.000000
2016-08-01	0.001637	0.035789	0.040718	0.033365	0.202607	2058900.000000
2016-07-29	0.006828	0.035296	0.045383	0.035296	0.839347	2335000.000000
2016-07-28	0.001966	0.035294	0.044096	0.031463	0.241188	1848200.000000
2016-07-27	-0.009811	0.034337	0.038615	0.013273	-1.215599	2411000.000000
2016-07-26	-0.008186	0.035716	0.037477	0.024589	-1.022667	1785500.000000
2016-07-25	-0.002465	0.032444	0.036436	0.027094	-0.308738	1275400.000000
2016-07-22	0.012085	0.034496	0.051790	0.032395	1.495414	1688200.000000
2016-07-21	0.008254	0.034805	0.046701	0.029835	1.013001	1629500.000000
2016-07-20	-0.006870	0.040400	0.041048	0.028910	-0.848999	1686800.000000
2016-07-19	-0.001248	0.033768	0.037001	0.028434	-0.154366	1597200.000000
2016-07-18	0.005252	0.037816	0.045372	0.036597	0.646393	2046600.000000
2016-07-15	0.002672	0.038960	0.045070	0.035294	0.328026	1348500.000000
2016-07-14	-0.007256	0.029319	0.035950	0.023334	-0.897240	2455800.000000
2016-07-13	0.006597	0.040912	0.046447	0.037167	0.810410	2071400.000000
2016-07-12	-0.018197	0.031401	0.038914	0.017095	-2.276863	2294600.000000
2016-07-11	-0.001847	0.032368	0.035000	0.021838	-0.231545	1376900.000000
2016-07-08	0.012468	0.034578	0.049843	0.023028	1.543640	1989100.000000
2016-07-07	-0.019558	0.033428	0.035883	0.013393	-2.469810	1921900.000000
2016-07-06	0.000153	0.034932	0.045308	0.025428	0.019310	2497900.000000
2016-07-05	0.008787	0.036436	0.049220	0.034758	1.099831	2521500.000000
2016-07-01	-0.005138	0.043432	0.043432	0.022050	-0.646393	1586700.000000
2016-06-30	0.020744	0.038301	0.058261	0.033595	2.556633	3121200.000000
2016-06-29	-0.005527	0.039582	0.043213	0.027076	-0.684998	2413800.000000
2016-06-28	0.004536	0.033679	0.042028	0.023629	0.559570	2559100.000000
2016-06-27	0.032956	0.036935	0.073523	0.036935	3.936257	3399000.000000
2016-06-24	-0.000081	0.022452	0.047232	0.015084	-0.009628	4077400.000000
2016-06-23	0.001375	0.037271	0.037941	0.030899	0.164009	1396400.000000
2016-06-22	-0.005070	0.037601	0.038685	0.030010	-0.607811	1366300.000000
2016-06-21	0.000241	0.039019	0.042606	0.030926	0.028938	1860100.000000
2016-06-20	-0.006874	0.034859	0.036516	0.020857	-0.829697	1628500.000000
2016-06-17	0.002002	0.038011	0.039671	0.027218	0.241188	2906100.000000
2016-06-16	0.008156	0.039278	0.046811	0.036516	0.974419	1533700.000000
2016-06-15	-0.009121	0.033613	0.034111	0.022666	-1.099838	1917800.000000
2016-06-14	0.011247	0.037606	0.048509	0.030562	1.341026	1585600.000000
2016-06-13	-0.001938	0.036851	0.040785	0.032582	-0.231544	1168300.000000
2016-06-10	-0.001210	0.036015	0.043790	0.029326	-0.144715	1472400.000000
2016-06-09	0.008624	0.036938	0.046804	0.036095	1.022660	1387900.000000
2016-06-08	0.014945	0.035318	0.052606	0.034120	1.746238	1830900.000000
2016-06-07	-0.005257	0.038900	0.042731	0.030727	-0.617454	1682900.000000
2016-06-06	-0.000411	0.038899	0.044175	0.031155	-0.048249	1409700.000000
2016-06-03	0.016610	0.045514	0.058664	0.043697	1.919907	1937800.000000
2016-06-02	-0.002830	0.033756	0.036948	0.024007	-0.328018	1378900.000000
2016-06-01	0.000250	0.036516	0.042643	0.032115	0.028931	1651700.000000
2016-05-31	0.002337	0.036516	0.045425	0.033143	0.270149	3343900.000000
2016-05-27	0.000167	0.037208	0.038852	0.031239	0.019287	1091700.000000
2016-05-26	0.013448	0.036341	0.051157	0.036253	1.533981	1154700.000000
2016-05-25	-0.006589	0.041618	0.044840	0.035173	-0.756599	1422000.000000
2016-05-24	0.016103	0.046444	0.062550	0.044940	1.819679	1866500.000000
2016-05-23	-0.011229	0.045193	0.045631	0.031368	-1.283363	1237100.000000
2016-05-20	0.007770	0.045819	0.052697	0.039382	0.881111	2241100.000000
2016-05-19	0.003305	0.036269	0.047948	0.030696	0.373520	2060700.000000
2016-05-18	-0.014694	0.039000	0.053122	0.023484	-1.685601	2299300.000000
2016-05-17	-0.013994	0.040877	0.042510	0.022312	-1.628128	2133800.000000
2016-05-16	0.005962	0.040512	0.050628	0.035929	0.689553	1323200.000000
2016-05-13	-0.003219	0.042075	0.045695	0.031646	-0.373513	1469300.000000
2016-05-12	0.012198	0.045714	0.058974	0.040479	1.398285	1994300.000000
2016-05-11	0.000753	0.045628	0.050691	0.034540	0.086205	1439700.000000
2016-05-10	0.005972	0.047569	0.053804	0.044319	0.679977	1159300.000000
2016-05-09	0.003376	0.045465	0.049431	0.040971	0.383095	1231200.000000
2016-05-06	-0.003029	0.045988	0.046340	0.032283	-0.344788	1462200.000000
2016-05-05	-0.005106	0.043794	0.052709	0.031033	-0.584220	2096600.000000
2016-05-04	0.008782	0.040617	0.061954	0.038148	0.996040	1676400.000000
2016-05-03	0.003049	0.046620	0.052015	0.038660	0.344788	1315800.000000
2016-05-02	0.004082	0.046363	0.054622	0.041479	0.459686	1912900.000000
2016-04-29	0.009530	0.041813	0.055618	0.032310	1.063080	2340300.000000
2016-04-28	-0.003593	0.034407	0.051647	0.028422	-0.402237	2153800.000000
2016-04-27	0.011859	0.045590	0.066740	0.043059	1.312072	2565600.000000
2016-04-26	0.009173	0.046424	0.054816	0.041681	1.005623	1969500.000000
2016-04-25	0.000262	0.042957	0.044417	0.038760	0.028710	1132700.000000
2016-04-22	0.013551	0.049137	0.059124	0.047195	1.465324	1741700.000000
2016-04-21	-0.022509	0.041612	0.041793	0.016392	-2.490082	2438700.000000
2016-04-20	-0.021930	0.043790	0.046089	0.020626	-2.480491	1474700.000000
2016-04-19	0.002802	0.046892	0.049729	0.039267	0.316047	1838000.000000
2016-04-18	0.002895	0.044143	0.047167	0.035608	0.325631	1454000.000000
2016-04-15	0.011020	0.047290	0.057178	0.044143	1.225875	1607900.000000
2016-04-14	-0.002833	0.041365	0.048177	0.030876	-0.316047	1542000.000000
2016-04-13	-0.004870	0.047176	0.048960	0.032636	-0.545906	1188600.000000
2016-04-12	0.007055	0.046389	0.053396	0.042706	0.785339	1431600.000000
2016-04-11	-0.004965	0.046378	0.051473	0.037171	-0.555481	1056500.000000
2016-04-08	0.005336	0.042346	0.055377	0.042346	0.593781	1067200.000000
2016-04-07	-0.004455	0.041102	0.049511	0.037702	-0.498017	1339900.000000
2016-04-06	0.003094	0.043874	0.047643	0.037233	0.344795	1639300.000000
2016-04-05	-0.019963	0.040450	0.045727	0.021540	-2.269805	2200700.000000
2016-04-04	0.000084	0.046958	0.048277	0.037371	0.009574	1309900.000000
2016-04-01	0.003127	0.041938	0.049879	0.036379	0.354355	2080200.000000
2016-03-31	-0.001350	0.041852	0.046787	0.038416	-0.153236	2006400.000000
2016-03-30	-0.004285	0.045372	0.047302	0.036159	-0.488442	1292000.000000
2016-03-29	0.012162	0.047429	0.057908	0.040591	1.369538	1389800.000000
2016-03-28	-0.007596	0.042998	0.047845	0.034273	-0.861939	1381600.000000
2016-03-24	0.006713	0.042369	0.052394	0.040506	0.756600	2458000.000000
2016-03-23	0.005554	0.041110	0.053600	0.038612	0.622520	1671000.000000
2016-03-22	-0.004508	0.042278	0.049383	0.036595	-0.507591	1483000.000000
2016-03-21	-0.007848	0.038592	0.043174	0.027490	-0.890686	1579200.000000
2016-03-18	0.001437	0.047761	0.048996	0.037437	0.162804	5412700.000000
2016-03-17	0.010331	0.045570	0.056892	0.038705	1.158859	2040700.000000
2016-03-16	0.013149	0.043602	0.061486	0.033666	1.455742	1885500.000000
2016-03-15	-0.002072	0.044234	0.051625	0.039276	-0.229851	2328900.000000
2016-03-14	0.000173	0.047840	0.052708	0.039275	0.019142	1503400.000000
2016-03-11	0.001124	0.049468	0.050371	0.041255	0.124504	1587500.000000
2016-03-10	-0.004903	0.049263	0.050520	0.028606	-0.545898	1563300.000000
2016-03-09	0.007016	0.043149	0.052826	0.043149	0.775764	1859100.000000
2016-03-08	0.008737	0.044508	0.055547	0.041589	0.957718	2068100.000000
2016-03-07	0.001400	0.042042	0.048163	0.036835	0.153221	2135800.000000
2016-03-04	0.023921	0.040308	0.071458	0.035070	2.557137	2931600.000000
2016-03-03	-0.006586	0.045259	0.045816	0.021841	-0.708725	3433900.000000
2016-03-02	-0.002131	0.040805	0.046554	0.013913	-0.229843	2755900.000000
2016-03-01	-0.001950	0.049789	0.052473	0.036184	-0.210701	2458200.000000
2016-02-29	0.002666	0.042752	0.057321	0.039782	0.287323	2625900.000000
2016-02-26	-0.028660	0.039276	0.043873	0.011244	-3.179642	2439200.000000
2016-02-25	-0.001379	0.047474	0.052965	0.036222	-0.153236	2194100.000000
2016-02-24	0.006508	0.038798	0.051935	0.036986	0.718284	3338800.000000
2016-02-23	0.003630	0.048661	0.059663	0.044297	0.399231	2307300.000000
2016-02-22	0.008279	0.055234	0.068345	0.052026	0.903023	2615500.000000
2016-02-19	0.003674	0.053590	0.062331	0.045308	0.399223	3372000.000000
2016-02-18	0.026025	0.055896	0.083653	0.054480	2.756600	3271200.000000
2016-02-17	-0.008189	0.051183	0.051276	0.041913	-0.874512	2698300.000000
2016-02-16	0.006089	0.059374	0.064178	0.047692	0.646370	2348800.000000
2016-02-12	-0.002056	0.054094	0.056068	0.039803	-0.218636	2861800.000000
2016-02-11	-0.016177	0.045458	0.054060	0.034822	-1.748993	3263200.000000
2016-02-10	-0.013958	0.027127	0.040808	0.016092	-1.530388	3448600.000000
2016-02-09	0.010335	0.050551	0.068427	0.047234	1.121644	3443900.000000
2016-02-08	0.004929	0.052303	0.061286	0.044525	0.532318	2574200.000000
2016-02-05	0.000793	0.049987	0.057771	0.039978	0.085548	2751800.000000
2016-02-04	-0.010719	0.044416	0.053951	0.031856	-1.169174	2928200.000000
2016-02-03	0.007374	0.054057	0.066802	0.049901	0.798454	3383000.000000
2016-02-02	0.008232	0.043366	0.062175	0.042900	0.884010	2755100.000000
2016-02-01	0.011369	0.051366	0.068318	0.043361	1.207200	3779300.000000
2016-01-29	0.031486	0.062614	0.086607	0.056882	3.241348	6156600.000000
2016-01-28	0.014710	0.042464	0.072133	0.040197	1.492370	3671500.000000
2016-01-27	0.001595	0.055185	0.064267	0.048570	0.161591	2749900.000000
2016-01-26	0.001316	0.053805	0.064976	0.046490	0.133087	3068000.000000
2016-01-25	-0.001689	0.053210	0.056269	0.040874	-0.171104	2133300.000000
2016-01-22	0.014851	0.059637	0.068451	0.051725	1.482849	2350100.000000
2016-01-21	-0.002564	0.053224	0.056721	0.037540	-0.256638	2196600.000000
2016-01-20	-0.023189	0.042755	0.049391	0.008504	-2.376373	3466500.000000
2016-01-19	0.024226	0.054024	0.081809	0.050726	2.423882	3824600.000000
2016-01-15	-0.004068	0.049537	0.054016	0.036000	-0.408730	3747100.000000
2016-01-14	0.010227	0.053936	0.073645	0.049612	1.017082	2495400.000000
2016-01-13	-0.007212	0.055020	0.057117	0.035653	-0.722397	2573200.000000
2016-01-12	-0.001894	0.053919	0.057008	0.039670	-0.190117	2154700.000000
2016-01-11	0.003898	0.053526	0.066330	0.051425	0.389725	4099300.000000
2016-01-08	0.004489	0.053734	0.064083	0.052528	0.446762	3595500.000000
2016-01-07	0.004413	0.041429	0.060301	0.039814	0.437249	3217700.000000
2016-01-06	-0.003251	0.045084	0.052931	0.041161	-0.323182	1745800.000000
2016-01-05	0.009752	0.053244	0.065941	0.038109	0.960030	2228800.000000
2016-01-04	-0.003080	0.041697	0.049595	0.036330	-0.304161	1929100.000000
2015-12-31	-0.009723	0.052025	0.052126	0.033173	-0.969566	1433900.000000
2015-12-30	0.002485	0.052025	0.058158	0.050115	0.247154	1409600.000000
2015-12-29	0.006347	0.058702	0.065278	0.056881	0.627365	1110800.000000
2015-12-28	0.000577	0.049495	0.053443	0.045648	0.057022	1634200.000000
2015-12-24	-0.000481	0.050710	0.053745	0.047270	-0.047524	552800.000000
2015-12-23	0.010397	0.053763	0.066337	0.052945	1.017083	1611200.000000
2015-12-22	0.005963	0.055625	0.062206	0.043901	0.579826	1674700.000000
2015-12-21	0.001861	0.058928	0.060783	0.045741	0.180611	2369000.000000
2015-12-18	-0.012571	0.051517	0.051924	0.024557	-1.235710	4747800.000000
2015-12-17	-0.002315	0.052025	0.059942	0.045530	-0.228127	2439100.000000
2015-12-16	0.049939	0.059272	0.107440	0.059272	4.686195	4370900.000000
2015-12-15	0.007553	0.057394	0.065876	0.052562	0.703408	2572400.000000
2015-12-14	0.005852	0.052782	0.062609	0.048354	0.541816	3050300.000000
2015-12-11	-0.001947	0.044264	0.053427	0.038120	-0.180618	1911700.000000
2015-12-10	-0.011746	0.054476	0.054476	0.038497	-1.102623	1805600.000000
2015-12-09	-0.005839	0.046201	0.057003	0.037835	-0.551323	3315300.000000
2015-12-08	0.007812	0.049571	0.061738	0.046902	0.731926	2740000.000000
2015-12-07	0.004382	0.050739	0.058136	0.047630	0.408737	2823100.000000
2015-12-04	0.017839	0.057917	0.072647	0.052026	1.634949	3511600.000000
2015-12-03	-0.016022	0.046550	0.052240	0.032701	-1.492371	2672200.000000
2015-12-02	-0.025654	0.048469	0.050561	0.024200	-2.452407	2844900.000000
2015-12-01	0.007110	0.053816	0.063614	0.049813	0.674881	1942200.000000
2015-11-30	0.004931	0.051073	0.063989	0.050861	0.465774	2349500.000000
2015-11-27	0.004955	0.054579	0.060750	0.053515	0.465759	724900.000000
2015-11-25	-0.005331	0.049591	0.050544	0.042713	-0.503791	1097300.000000
2015-11-24	-0.003109	0.047595	0.054030	0.040737	-0.294655	1698200.000000
2015-11-23	-0.005246	0.059939	0.063507	0.051858	-0.499924	1757200.000000
2015-11-20	0.000297	0.059834	0.069387	0.055740	0.028282	1762100.000000
2015-11-19	0.012939	0.061744	0.076631	0.059405	1.216828	2318700.000000
2015-11-18	-0.010422	0.060149	0.065516	0.036999	-0.990425	4806300.000000
2015-11-17	-0.013416	0.059318	0.070011	0.043435	-1.292283	2421400.000000
2015-11-16	0.016828	0.060888	0.078622	0.057087	1.594109	1629200.000000
2015-11-13	-0.002978	0.060885	0.070042	0.054781	-0.282990	2411800.000000
2015-11-12	0.010128	0.059936	0.080029	0.057491	0.952706	3298500.000000
2015-11-11	0.007273	0.061112	0.069144	0.057686	0.679146	1744700.000000
2015-11-10	0.000910	0.059827	0.066687	0.057255	0.084900	1686600.000000
2015-11-09	0.000708	0.057896	0.064976	0.053928	0.066040	2139900.000000
2015-11-06	-0.031930	0.045093	0.049454	0.011866	-3.075043	3070300.000000
2015-11-05	-0.010851	0.058300	0.063127	0.048029	-1.056458	1583100.000000
2015-11-04	0.008895	0.060253	0.070615	0.057973	0.858376	1500700.000000
2015-11-03	0.000782	0.055171	0.062741	0.051127	0.075439	1273700.000000
2015-11-02	-0.004189	0.061181	0.063660	0.047240	-0.405601	1688100.000000
2015-10-30	0.008646	0.060774	0.073169	0.057545	0.830078	2202800.000000
2015-10-29	-0.011365	0.057060	0.057060	0.040068	-1.103607	1697600.000000
2015-10-28	-0.011047	0.060149	0.072370	0.033874	-1.084763	1934600.000000
2015-10-27	0.002407	0.058822	0.064641	0.056270	0.235817	2103400.000000
2015-10-26	-0.006790	0.062380	0.062380	0.047069	-0.669708	2381600.000000
2015-10-23	-0.010879	0.058644	0.061452	0.046710	-1.084770	1711100.000000
2015-10-22	0.014491	0.062896	0.076936	0.059945	1.424339	1677000.000000
2015-10-21	0.002501	0.063821	0.069736	0.059843	0.245247	1166500.000000
2015-10-20	0.001638	0.057493	0.067198	0.054325	0.160355	1382600.000000
2015-10-19	0.001061	0.059535	0.061785	0.048797	0.103752	1275500.000000
2015-10-16	0.004457	0.066107	0.071038	0.059430	0.433906	1626700.000000
2015-10-15	0.022491	0.065401	0.085778	0.063510	2.141220	1794800.000000
2015-10-14	-0.003062	0.061091	0.065594	0.054389	-0.292419	1201700.000000
2015-10-13	-0.002070	0.058268	0.064433	0.054924	-0.198090	1264700.000000
2015-10-12	0.003958	0.060149	0.071375	0.059624	0.377304	1799800.000000
2015-10-09	0.001983	0.059623	0.063933	0.053736	0.188652	1739800.000000
2015-10-08	0.009207	0.056224	0.071288	0.052404	0.867821	1751600.000000
2015-10-07	0.000801	0.062272	0.070872	0.059087	0.075447	1632800.000000
2015-10-06	-0.008638	0.056886	0.056886	0.047307	-0.820640	1972000.000000
2015-10-05	0.022123	0.064560	0.084140	0.060256	2.056312	2580900.000000
2015-10-02	0.020611	0.066188	0.082878	0.060698	1.877098	2823600.000000
2015-10-01	-0.010251	0.062757	0.063518	0.041565	-0.943267	3207400.000000
2015-09-30	0.007852	0.058287	0.069569	0.058287	0.716896	3797900.000000
2015-09-29	-0.007791	0.059931	0.066995	0.047977	-0.716896	3330500.000000
2015-09-28	-0.010749	0.058321	0.064879	0.046065	-0.999856	2215300.000000
2015-09-25	0.011177	0.062432	0.082543	0.056344	1.028153	1899000.000000
2015-09-24	0.005568	0.056104	0.067582	0.054574	0.509361	2927100.000000
2015-09-23	-0.000721	0.060804	0.064300	0.055889	-0.066025	1619100.000000
2015-09-22	-0.010199	0.051823	0.058743	0.044255	-0.943267	2501900.000000
2015-09-21	0.007812	0.062546	0.074206	0.061456	0.716888	1970700.000000
2015-09-18	-0.014286	0.060578	0.073360	0.044682	-1.330002	6386500.000000
2015-09-17	0.012204	0.058409	0.089612	0.056778	1.122482	2993500.000000
2015-09-16	0.013301	0.061030	0.077776	0.060920	1.207375	2783400.000000
2015-09-15	0.001040	0.061031	0.062906	0.050444	0.094338	3267100.000000
2015-09-14	0.002921	0.060259	0.069993	0.057162	0.264099	3066100.000000
2015-09-11	0.005244	0.042804	0.066597	0.042248	0.471634	4623900.000000
2015-09-10	0.000525	0.058925	0.069716	0.056812	0.047172	2495100.000000
2015-09-09	-0.018437	0.068229	0.069321	0.038856	-1.688446	2389500.000000
2015-09-08	0.026104	0.073370	0.088496	0.072249	2.329849	2921500.000000
2015-09-04	-0.005779	0.049344	0.061151	0.047561	-0.518776	2886400.000000
2015-09-03	0.001368	0.065392	0.070857	0.056691	0.122612	2525100.000000
2015-09-02	-0.003251	0.067042	0.072046	0.049030	-0.292411	3298900.000000
2015-09-01	-0.031094	0.048406	0.049591	0.019643	-2.886383	3615400.000000
2015-08-31	-0.033491	0.055463	0.056609	0.016418	-3.216546	5108800.000000
2015-08-28	-0.004303	0.059630	0.061807	0.042732	-0.415031	2307500.000000
2015-08-27	0.005902	0.067449	0.070264	0.053266	0.565971	3017200.000000
2015-08-26	0.019250	0.074923	0.083533	0.059405	1.811074	3353000.000000
2015-08-25	-0.024554	0.085544	0.086892	0.041376	-2.368180	3798200.000000
2015-08-24	-0.036649	0.028880	0.042464	-0.001184	-3.669273	4943900.000000
2015-08-21	-0.011917	0.064386	0.068333	0.053924	-1.207489	2757000.000000
2015-08-20	-0.007518	0.063142	0.074210	0.059616	-0.767540	2055900.000000
2015-08-19	-0.004018	0.063456	0.069309	0.053407	-0.411858	2420200.000000
2015-08-18	-0.000183	0.065017	0.071650	0.060433	-0.018722	1821300.000000
2015-08-17	0.004494	0.070195	0.077543	0.068921	0.458649	1483800.000000
2015-08-14	0.001102	0.066470	0.069706	0.058427	0.112335	1438500.000000
2015-08-13	0.004797	0.068136	0.076316	0.056704	0.486732	1809100.000000
2015-08-12	0.016600	0.065528	0.087770	0.062021	1.656807	3516900.000000
2015-08-11	0.000938	0.069737	0.083978	0.064221	0.093575	1970500.000000
2015-08-10	-0.004392	0.069232	0.073226	0.058648	-0.439919	3000800.000000
2015-08-07	0.011820	0.068232	0.087528	0.063181	1.170044	1674600.000000
2015-08-06	-0.001982	0.071257	0.072064	0.061578	-0.196564	2945900.000000
2015-08-05	-0.005444	0.072144	0.074350	0.062317	-0.542915	1889400.000000
2015-08-04	-0.010863	0.068432	0.071011	0.055141	-1.095169	3183700.000000
2015-08-03	0.023859	0.101643	0.110071	0.082144	2.349472	4567400.000000
2015-07-31	0.002955	0.076583	0.082898	0.070065	0.290161	2546500.000000
2015-07-30	0.002868	0.064554	0.075586	0.061796	0.280823	1752300.000000
2015-07-29	0.004803	0.064741	0.074389	0.057659	0.468010	2087200.000000
2015-07-28	0.005701	0.067817	0.076178	0.063379	0.552269	2808400.000000
2015-07-27	0.011928	0.070005	0.085046	0.069691	1.141968	1455800.000000
2015-07-24	0.002057	0.065821	0.076183	0.065193	0.196548	1058000.000000
2015-07-23	-0.007101	0.068333	0.068853	0.051913	-0.683289	1947500.000000
2015-07-22	0.006560	0.068856	0.081827	0.068438	0.627137	2095100.000000
2015-07-21	-0.009889	0.068230	0.071751	0.054144	-0.954758	2160800.000000
2015-07-20	-0.004824	0.069158	0.071735	0.058541	-0.468018	2248600.000000
2015-07-17	-0.007469	0.068333	0.069152	0.058717	-0.730117	1568800.000000
2015-07-16	0.016153	0.068645	0.090787	0.067709	1.553825	2477900.000000
2015-07-15	0.007648	0.068857	0.076609	0.062363	0.730125	1259300.000000
2015-07-14	0.000196	0.068228	0.074305	0.064771	0.018700	1232200.000000
2015-07-13	0.003247	0.072222	0.076427	0.064970	0.308899	1421300.000000
2015-07-10	0.004546	0.068016	0.079948	0.061576	0.430573	1508900.000000
2015-07-09	-0.007553	0.071582	0.077450	0.056492	-0.720749	2751200.000000
2015-07-08	-0.009040	0.063349	0.068645	0.058676	-0.870507	2709600.000000
2015-07-07	0.024089	0.066100	0.102789	0.066100	2.265206	3093900.000000
2015-07-06	0.002395	0.066201	0.075155	0.058952	0.224640	1719200.000000
2015-07-02	0.018186	0.074194	0.091560	0.073977	1.675514	2219500.000000
2015-07-01	0.004080	0.072475	0.076616	0.067134	0.374420	1894600.000000
2015-06-30	-0.001426	0.072795	0.077801	0.064415	-0.131050	2700200.000000
2015-06-29	-0.005370	0.057618	0.080348	0.057618	-0.496086	2010400.000000
2015-06-26	0.007246	0.067352	0.077055	0.060048	0.664596	1727700.000000
2015-06-25	-0.005481	0.071803	0.073755	0.061069	-0.505478	1479600.000000
2015-06-24	-0.007654	0.069625	0.075004	0.060156	-0.711380	1579400.000000
2015-06-23	-0.014589	0.066637	0.069606	0.052005	-1.375984	1699700.000000
2015-06-22	-0.001981	0.073730	0.075106	0.063889	-0.187202	1245800.000000
2015-06-19	-0.012713	0.068124	0.070632	0.054752	-1.216851	2101200.000000
2015-06-18	0.015492	0.069288	0.086369	0.067697	1.460213	2169400.000000
2015-06-17	0.011755	0.067904	0.083897	0.063610	1.095169	2127500.000000
2015-06-16	0.004136	0.068441	0.075339	0.062621	0.383766	1259700.000000
2015-06-15	-0.001209	0.060259	0.072747	0.060259	-0.112320	1531500.000000
2015-06-12	-0.004314	0.063081	0.070048	0.061259	-0.402488	1180700.000000
2015-06-11	0.005549	0.073722	0.077171	0.068441	0.514808	1450900.000000
2015-06-10	0.009472	0.074644	0.082260	0.073882	0.870522	2707900.000000
2015-06-09	0.000713	0.068442	0.073886	0.067789	0.065514	1443600.000000
2015-06-08	-0.006581	0.067360	0.069415	0.061194	-0.608414	1832000.000000
2015-06-05	-0.015941	0.057051	0.057264	0.048855	-1.497666	2406000.000000
2015-06-04	0.001497	0.064496	0.075475	0.063323	0.140397	2217000.000000
2015-06-03	-0.019566	0.063108	0.070319	0.044922	-1.872063	2841800.000000
2015-06-02	-0.012653	0.060697	0.062761	0.048624	-1.226212	2409100.000000
2015-06-01	0.011628	0.070525	0.089629	0.069377	1.113884	3136800.000000
2015-05-29	0.000685	0.066975	0.073556	0.059767	0.065537	2798000.000000
2015-05-28	0.014281	0.067486	0.084226	0.067486	1.347877	2620400.000000
2015-05-27	0.005685	0.070891	0.080481	0.068866	0.533554	2126200.000000
2015-05-26	-0.011738	0.076538	0.076959	0.057267	-1.114692	3435700.000000
2015-05-22	0.000685	0.075590	0.080226	0.069794	0.065025	1381300.000000
2015-05-21	-0.003512	0.076328	0.078953	0.069713	-0.334412	1340200.000000
2015-05-20	0.000098	0.076748	0.085885	0.073808	0.009293	1971300.000000
2015-05-19	0.002053	0.068646	0.084431	0.065173	0.195076	1529500.000000
2015-05-18	0.001566	0.073376	0.083916	0.072322	0.148621	1952500.000000
2015-05-15	0.010487	0.078136	0.088786	0.077816	0.984642	2939200.000000
2015-05-14	0.008782	0.080621	0.087927	0.079439	0.817436	1823400.000000
2015-05-13	0.002903	0.079016	0.092378	0.074491	0.269386	2301100.000000
2015-05-12	-0.001000	0.072232	0.080306	0.063729	-0.092903	2056900.000000
2015-05-11	-0.011857	0.074304	0.083452	0.062285	-1.114685	2018300.000000
2015-05-08	0.006064	0.091306	0.100830	0.074398	0.566627	2484400.000000
2015-05-07	0.005698	0.083426	0.086655	0.077399	0.529488	2178000.000000
2015-05-06	-0.001198	0.074711	0.082988	0.065359	-0.111473	3041300.000000
2015-05-05	-0.025399	0.070986	0.074128	0.042909	-2.424446	3158800.000000
2015-05-04	0.008638	0.076221	0.098305	0.071255	0.817436	3069300.000000
2015-05-01	0.009413	0.077285	0.087951	0.068752	0.882469	2272900.000000
2015-04-30	-0.017235	0.072555	0.078635	0.050856	-1.644165	3765500.000000
2015-04-29	-0.013448	0.067541	0.081295	0.058648	-1.300445	2316900.000000
2015-04-28	0.002697	0.071043	0.083797	0.067517	0.260093	2014400.000000
2015-04-27	-0.011709	0.080535	0.080637	0.060039	-1.142570	1803800.000000
2015-04-24	0.007384	0.075815	0.092127	0.072615	0.715256	1530700.000000
2015-04-23	0.009585	0.077684	0.090087	0.075183	0.919601	1685200.000000
2015-04-22	-0.001064	0.078933	0.081535	0.068834	-0.102173	1823300.000000
2015-04-21	-0.010526	0.076538	0.083543	0.062631	-1.021789	1960700.000000
2015-04-20	0.013088	0.078625	0.099081	0.076121	1.254028	2418900.000000
2015-04-17	-0.005879	0.071454	0.081518	0.066059	-0.566635	1493400.000000
2015-04-16	-0.004031	0.072715	0.078915	0.063725	-0.390137	1692700.000000
2015-04-15	-0.001725	0.079323	0.089639	0.074372	-0.167213	1609300.000000
2015-04-14	0.005880	0.080689	0.087330	0.078198	0.566650	1042900.000000
2015-04-13	-0.010963	0.072125	0.075615	0.063607	-1.068245	1196800.000000
2015-04-10	0.008557	0.079126	0.088441	0.075607	0.826721	933100.000000
2015-04-09	-0.000288	0.074882	0.077159	0.065156	-0.027877	1319600.000000
2015-04-08	-0.002397	0.073132	0.077054	0.066216	-0.232216	1426900.000000
2015-04-07	-0.011844	0.075212	0.078782	0.062768	-1.161133	1042000.000000
2015-04-06	0.007542	0.081368	0.095859	0.080443	0.733833	1676600.000000
2015-04-02	-0.000095	0.075099	0.081779	0.071503	-0.009292	1320200.000000
2015-04-01	0.006824	0.075400	0.088023	0.064226	0.659530	1891800.000000
2015-03-31	-0.006588	0.073557	0.079108	0.062663	-0.640945	2291300.000000
2015-03-30	0.011590	0.084752	0.092342	0.079033	1.114685	1587100.000000
2015-03-27	0.007983	0.079053	0.090267	0.076748	0.761703	1516800.000000
2015-03-26	-0.006769	0.070188	0.080285	0.064880	-0.650238	1712500.000000
2015-03-25	-0.013544	0.076538	0.080543	0.061957	-1.319038	1701300.000000
2015-03-24	-0.008511	0.072466	0.082850	0.066459	-0.836006	2108700.000000
2015-03-23	-0.002359	0.067194	0.078468	0.067194	-0.232224	2419400.000000
2015-03-20	0.004835	0.081539	0.090929	0.069802	0.473725	6854500.000000
2015-03-19	-0.013283	0.072510	0.082278	0.056901	-1.319039	2849800.000000
2015-03-18	0.035050	0.076330	0.119379	0.073515	3.362625	3791900.000000
2015-03-17	0.003011	0.076852	0.087307	0.073820	0.287964	2153100.000000
2015-03-16	0.023457	0.088522	0.112383	0.087238	2.192215	3421100.000000
2015-03-13	0.000895	0.074825	0.081357	0.065614	0.083595	3318800.000000
2015-03-12	0.025924	0.085328	0.112686	0.084229	2.359414	3249800.000000
2015-03-11	-0.000102	0.083020	0.088184	0.071375	-0.009278	2269600.000000
2015-03-10	-0.009502	0.060759	0.083285	0.060759	-0.873176	3428700.000000
2015-03-09	0.002330	0.077411	0.085700	0.075229	0.213661	2441200.000000
2015-03-06	-0.033585	0.062940	0.062940	0.035429	-3.186150	3123100.000000
2015-03-05	0.007298	0.081210	0.093208	0.078980	0.687378	1966800.000000
2015-03-04	-0.005395	0.073159	0.078017	0.067456	-0.510895	2978800.000000
2015-03-03	0.003939	0.073357	0.083111	0.066254	0.371567	2009100.000000
2015-03-02	-0.018558	0.076538	0.076538	0.047923	-1.783500	2477300.000000
2015-02-27	-0.000193	0.079867	0.082364	0.071024	-0.018586	1630900.000000
2015-02-26	-0.002891	0.079546	0.083281	0.070625	-0.278656	1743600.000000
2015-02-25	-0.014529	0.075618	0.078071	0.057831	-1.421234	2025900.000000
2015-02-24	0.000849	0.081647	0.095255	0.078987	0.083000	1870200.000000
2015-02-23	0.003693	0.085847	0.090776	0.081226	0.359642	1564300.000000
2015-02-20	0.001613	0.082558	0.089861	0.072581	0.156777	1700600.000000
2015-02-19	-0.009954	0.089094	0.089094	0.069542	-0.977493	3270600.000000
2015-02-18	0.029685	0.085143	0.117124	0.084409	2.831031	2409500.000000
2015-02-17	-0.001930	0.083154	0.096444	0.074781	-0.184433	2855400.000000
2015-02-13	-0.016328	0.079468	0.079571	0.061144	-1.586105	2486100.000000
2015-02-12	0.002665	0.084306	0.087609	0.071817	0.258202	2359800.000000
2015-02-11	-0.025689	0.077873	0.078476	0.054441	-2.554398	2129200.000000
2015-02-10	0.031669	0.087315	0.120930	0.084721	3.052368	3396300.000000
2015-02-09	-0.012098	0.082975	0.090149	0.067805	-1.180374	2073200.000000
2015-02-06	-0.035639	0.080258	0.081345	0.038447	-3.605652	2197300.000000
2015-02-05	0.002467	0.088175	0.090850	0.078365	0.248985	1307900.000000
2015-02-04	-0.007257	0.081852	0.088246	0.073589	-0.737724	1563800.000000
2015-02-03	0.001544	0.083917	0.088350	0.075444	0.156754	2160400.000000
2015-02-02	0.007598	0.087288	0.093840	0.072299	0.765396	1800400.000000
2015-01-30	-0.021673	0.082467	0.082953	0.060130	-2.231636	1936400.000000
2015-01-29	0.015830	0.086975	0.102167	0.082436	1.604576	1705800.000000
2015-01-28	-0.011689	0.084994	0.098255	0.070174	-1.198815	2032200.000000
2015-01-27	0.013394	0.085595	0.101799	0.073343	1.355568	2131900.000000
2015-01-26	0.002466	0.082725	0.087381	0.075891	0.248986	1381200.000000
2015-01-23	-0.000639	0.087676	0.091042	0.082331	-0.064537	1684100.000000
2015-01-22	-0.003094	0.088258	0.092600	0.070791	-0.313546	2322600.000000
2015-01-21	0.008813	0.078138	0.097550	0.072862	0.885292	3026400.000000
2015-01-20	0.006561	0.088317	0.093127	0.077395	0.654725	1840500.000000
2015-01-16	0.011024	0.085321	0.097377	0.082890	1.088150	1967500.000000
2015-01-15	-0.003816	0.085217	0.088245	0.070987	-0.378083	4323300.000000
2015-01-14	0.006180	0.074255	0.092635	0.071310	0.608635	1827900.000000
2015-01-13	0.003948	0.093789	0.105716	0.082575	0.387299	1689300.000000
2015-01-12	-0.002532	0.082986	0.091629	0.074241	-0.248985	1457000.000000
2015-01-09	-0.008830	0.085821	0.088743	0.072113	-0.876053	1530800.000000
2015-01-08	0.006078	0.093840	0.097490	0.088161	0.599388	1900500.000000
2015-01-07	0.009154	0.100987	0.104773	0.085433	0.894493	1823000.000000
2015-01-06	0.003884	0.088108	0.108551	0.086464	0.378113	2655800.000000
2015-01-05	-0.010592	0.083291	0.085223	0.069163	-1.042053	2038400.000000
2015-01-02	0.003763	0.087878	0.092980	0.075125	0.368873	1614800.000000
2014-12-31	-0.014282	0.084611	0.090846	0.067816	-1.420143	1497800.000000
2014-12-30	-0.024163	0.083821	0.083821	0.056146	-2.462166	1436600.000000
2014-12-29	0.011072	0.082624	0.099789	0.082127	1.115822	1952200.000000
2014-12-26	0.012132	0.087422	0.101582	0.084711	1.208023	2201000.000000
2014-12-24	0.015613	0.086347	0.107358	0.084614	1.530800	1153800.000000
2014-12-23	0.003587	0.088709	0.093110	0.082874	0.350418	1263600.000000
2014-12-22	0.000661	0.084307	0.088097	0.078059	0.064537	1635600.000000
2014-12-19	0.003983	0.086775	0.094487	0.077622	0.387314	3486400.000000
2014-12-18	0.022595	0.094084	0.109122	0.085251	2.148636	2206600.000000
2014-12-17	0.020182	0.086984	0.108441	0.082049	1.881210	2759700.000000
2014-12-16	0.004172	0.086672	0.104340	0.078053	0.387306	2649200.000000
2014-12-15	-0.001488	0.095597	0.096672	0.071071	-0.138328	2815700.000000
2014-12-12	-0.016296	0.077214	0.089383	0.066315	-1.540016	2575900.000000
2014-12-11	0.010253	0.087724	0.103010	0.085158	0.959068	2338700.000000
2014-12-10	-0.030118	0.070205	0.078189	0.049676	-2.904816	5374100.000000
2014-12-09	0.008874	0.082945	0.094974	0.081690	0.848389	1653800.000000
2014-12-08	0.007189	0.083251	0.098843	0.083251	0.682396	1798100.000000
2014-12-05	-0.005411	0.075503	0.085353	0.070892	-0.516403	1767900.000000
2014-12-04	-0.008622	0.066334	0.081397	0.065607	-0.829964	3653100.000000
2014-12-03	-0.006850	0.081108	0.086886	0.073370	-0.663940	1601100.000000
2014-12-02	0.002862	0.080685	0.091342	0.074891	0.276641	1443900.000000
2014-12-01	0.004023	0.078696	0.097187	0.074229	0.387299	1899400.000000
2014-11-28	0.011531	0.085565	0.104690	0.085565	1.097382	988000.000000
2014-11-26	0.003403	0.086835	0.089998	0.082090	0.322761	1332800.000000
2014-11-25	0.003463	0.084674	0.090387	0.077162	0.327355	1848700.000000
2014-11-24	-0.005012	0.093765	0.096607	0.086080	-0.476136	1404400.000000
2014-11-21	0.006598	0.102147	0.102147	0.088795	0.622658	1973400.000000
2014-11-20	-0.006268	0.083445	0.088816	0.081234	-0.595207	1317800.000000
2014-11-19	0.003581	0.094194	0.098104	0.086796	0.338814	1760100.000000
2014-11-18	0.001260	0.093561	0.098217	0.086790	0.119041	1614300.000000
2014-11-17	0.013353	0.090579	0.108914	0.089828	1.245338	1360000.000000
2014-11-14	-0.004107	0.088663	0.093148	0.085353	-0.384590	1866300.000000
2014-11-13	-0.007954	0.092080	0.099919	0.079474	-0.750862	1765000.000000
2014-11-12	-0.016317	0.073636	0.084369	0.064153	-1.565826	2554000.000000
2014-11-11	-0.007670	0.091046	0.095493	0.081843	-0.741699	1845700.000000
2014-11-10	0.008402	0.088847	0.101256	0.082799	0.805793	1470200.000000
2014-11-07	0.007504	0.091029	0.100590	0.084411	0.714241	2076800.000000
2014-11-06	-0.008867	0.088331	0.094683	0.069901	-0.851593	3619900.000000
2014-11-05	0.038827	0.100842	0.137619	0.098246	3.589478	5502600.000000
2014-11-04	0.001488	0.093597	0.100747	0.087314	0.137360	1991500.000000
2014-11-03	0.005887	0.093170	0.101015	0.085869	0.540252	2236100.000000
2014-10-31	0.003103	0.098638	0.098638	0.080712	0.283844	2521000.000000
2014-10-30	0.013286	0.096289	0.109469	0.080007	1.199570	2849000.000000
2014-10-29	-0.005347	0.090648	0.095936	0.074343	-0.485321	1821400.000000
2014-10-28	0.010602	0.095865	0.103659	0.088406	0.952309	1918300.000000
2014-10-27	-0.002745	0.090748	0.099075	0.086196	-0.247231	1353300.000000
2014-10-24	0.005726	0.094313	0.103023	0.089288	0.512779	1650700.000000
2014-10-23	0.013156	0.100791	0.112105	0.094003	1.162911	2354000.000000
2014-10-22	0.010574	0.091851	0.110830	0.089793	0.924843	2381200.000000
2014-10-21	0.004100	0.092998	0.097820	0.087143	0.357109	1765500.000000
2014-10-20	0.009337	0.092543	0.103435	0.091385	0.805809	1382200.000000
2014-10-17	0.009425	0.096642	0.106233	0.080618	0.805809	2424400.000000
2014-10-16	0.016881	0.079948	0.116581	0.076380	1.419311	3324800.000000
2014-10-15	-0.016284	0.091378	0.096175	0.056863	-1.391830	3019200.000000
2014-10-14	0.005927	0.095375	0.115266	0.088314	0.503608	3129400.000000
2014-10-13	-0.008972	0.093480	0.107476	0.081349	-0.769180	2169600.000000
2014-10-10	0.000428	0.096514	0.112384	0.092080	0.036644	2541600.000000
2014-10-09	-0.018149	0.092424	0.099298	0.072259	-1.584129	2386200.000000
2014-10-08	0.024726	0.094663	0.120374	0.093489	2.106071	2103600.000000
2014-10-07	-0.006833	0.088232	0.098260	0.084035	-0.586036	1805600.000000
2014-10-06	-0.006049	0.093355	0.099149	0.082345	-0.521958	1524800.000000
2014-10-03	0.004906	0.097088	0.099301	0.087189	0.421227	1603600.000000
2014-10-02	-0.005515	0.089532	0.096945	0.084204	-0.476143	1680700.000000
2014-10-01	0.004367	0.089754	0.109180	0.089754	0.375419	1591700.000000
2014-09-30	0.002991	0.094880	0.107481	0.090913	0.256386	1740600.000000
2014-09-29	0.001712	0.086704	0.095119	0.081912	0.146507	1265600.000000
2014-09-26	0.003221	0.092549	0.098529	0.086452	0.274712	1391900.000000
2014-09-25	-0.011043	0.091384	0.095791	0.079789	-0.952316	1754900.000000
2014-09-24	-0.003913	0.095199	0.095199	0.084919	-0.338799	1080400.000000
2014-09-23	-0.000740	0.092080	0.097736	0.087117	-0.064087	1400100.000000
2014-09-22	-0.005466	0.086570	0.093113	0.081405	-0.476158	1431100.000000
2014-09-19	0.005921	0.096930	0.102587	0.091503	0.512772	2140800.000000
2014-09-18	-0.007451	0.091736	0.096206	0.080734	-0.650131	1849900.000000
2014-09-17	0.001682	0.097820	0.104593	0.088292	0.146492	2083000.000000
2014-09-16	0.010087	0.090573	0.107270	0.088137	0.869911	2281700.000000
2014-09-15	0.000850	0.096026	0.100900	0.088250	0.073257	1346700.000000
2014-09-12	-0.021321	0.085265	0.087423	0.067887	-1.877159	1826300.000000
2014-09-11	0.005543	0.091851	0.100988	0.084428	0.485314	1681000.000000
2014-09-10	-0.000836	0.091053	0.098242	0.086374	-0.073235	1703500.000000
2014-09-09	-0.015837	0.086914	0.090171	0.073886	-1.410164	1915400.000000
2014-09-08	-0.006944	0.091857	0.092972	0.081708	-0.622658	1051000.000000
2014-09-05	0.007096	0.092304	0.099830	0.090395	0.631798	1561200.000000
2014-09-04	-0.003791	0.091185	0.094877	0.082793	-0.338783	2101500.000000
2014-09-03	0.003805	0.094214	0.101515	0.092304	0.338783	1423700.000000
2014-09-02	-0.012392	0.090305	0.092857	0.074221	-1.117111	1873700.000000
2014-08-29	0.009433	0.094543	0.102941	0.092192	0.842422	1386400.000000
2014-08-28	0.006605	0.089600	0.101323	0.086332	0.586037	944200.000000
2014-08-27	0.009323	0.093957	0.103627	0.092137	0.819527	1412900.000000
2014-08-26	-0.014770	0.099319	0.101112	0.083403	-1.317787	1393900.000000
2014-08-25	0.005428	0.102356	0.110696	0.101342	0.481689	860700.000000
2014-08-22	-0.003775	0.099991	0.104931	0.089213	-0.336273	991500.000000
2014-08-21	0.002762	0.101003	0.110347	0.100778	0.245376	1285500.000000
2014-08-20	0.004316	0.099197	0.106207	0.096597	0.381722	1031700.000000
2014-08-19	0.012274	0.104563	0.114520	0.102159	1.072388	1291800.000000
2014-08-18	-0.002490	0.102725	0.109461	0.094734	-0.218102	1098200.000000
2014-08-15	0.001975	0.102845	0.114398	0.098612	0.172676	1268300.000000
2014-08-14	0.004595	0.098719	0.106648	0.098719	0.399864	964500.000000
2014-08-13	0.008957	0.102531	0.116560	0.102067	0.772499	1069100.000000
2014-08-12	0.000106	0.101372	0.106126	0.096965	0.009102	1306100.000000
2014-08-11	-0.005867	0.100559	0.104017	0.092489	-0.508941	1423600.000000
2014-08-08	0.015750	0.102084	0.118243	0.101382	1.345054	1747400.000000
2014-08-07	0.017542	0.106166	0.123443	0.103307	1.472283	2842500.000000
2014-08-06	-0.002592	0.100090	0.105438	0.090940	-0.218102	4520300.000000
2014-08-05	-0.015524	0.095765	0.099509	0.080322	-1.326881	2436400.000000
2014-08-04	0.002451	0.101735	0.104081	0.076520	0.209015	3732800.000000
2014-08-01	-0.000745	0.095757	0.112399	0.093179	-0.063607	2514400.000000
2014-07-31	-0.025431	0.092333	0.096216	0.071318	-2.226615	2725200.000000
2014-07-30	-0.020935	0.097644	0.101446	0.070807	-1.872178	2844100.000000
2014-07-29	-0.011850	0.094251	0.098229	0.075135	-1.072395	1942500.000000
2014-07-28	0.011478	0.100551	0.114969	0.096416	1.026962	1643000.000000
2014-07-25	-0.002735	0.098545	0.104006	0.095647	-0.245376	1285000.000000
2014-07-24	0.002335	0.102227	0.107143	0.099322	0.209015	1058100.000000
2014-07-23	0.001424	0.101559	0.106258	0.098314	0.127250	1467200.000000
2014-07-22	-0.003344	0.102224	0.105011	0.096202	-0.299904	1382600.000000
2014-07-21	-0.001012	0.101553	0.102333	0.093087	-0.090889	897700.000000
2014-07-18	0.012298	0.104275	0.114761	0.096720	1.090577	1908700.000000
2014-07-17	-0.011548	0.109245	0.109245	0.087399	-1.036049	1606900.000000
2014-07-16	0.004068	0.102342	0.107155	0.095404	0.363525	1408600.000000
2014-07-15	0.009238	0.102022	0.111848	0.099198	0.817932	1760500.000000
2014-07-14	-0.015661	0.096659	0.100884	0.082762	-1.408676	1828800.000000
2014-07-11	-0.004226	0.099996	0.102874	0.092689	-0.381683	1218200.000000
2014-07-10	0.005666	0.097879	0.110348	0.097545	0.508926	1530400.000000
2014-07-09	-0.000708	0.098882	0.104445	0.093764	-0.063606	1715800.000000
2014-07-08	0.004265	0.097870	0.110495	0.096194	0.381683	2251700.000000
2014-07-07	0.002647	0.098647	0.108954	0.098647	0.236298	1860700.000000
2014-07-03	-0.014844	0.098673	0.098673	0.073178	-1.345039	1455700.000000
2014-07-02	-0.017250	0.096857	0.100220	0.078419	-1.590439	2870700.000000
2014-07-01	-0.010051	0.099898	0.100113	0.087766	-0.936089	2504600.000000
2014-06-30	0.008661	0.099137	0.110183	0.092097	0.799759	3275100.000000
2014-06-27	0.001972	0.102390	0.109118	0.098700	0.181770	3247100.000000
2014-06-26	-0.003440	0.097300	0.099571	0.089946	-0.318092	1960800.000000
2014-06-25	0.010126	0.097269	0.112890	0.095303	0.927002	2712600.000000
2014-06-24	0.011041	0.101764	0.116563	0.098892	0.999695	2481700.000000
2014-06-23	-0.003600	0.101648	0.102969	0.090094	-0.327172	1897500.000000
2014-06-20	-0.001697	0.104063	0.104063	0.095824	-0.154495	3703800.000000
2014-06-19	0.004714	0.103198	0.112579	0.095692	0.427132	3539200.000000
2014-06-18	0.019847	0.100441	0.122616	0.099765	1.763130	2782200.000000
2014-06-17	0.006072	0.092627	0.109161	0.092061	0.536194	2679000.000000
2014-06-16	0.003926	0.102374	0.116813	0.097144	0.345344	2244500.000000
2014-06-13	0.012131	0.100558	0.118394	0.093769	1.054238	2270500.000000
2014-06-12	0.007587	0.100328	0.113778	0.093139	0.654342	2583300.000000
2014-06-11	-0.009188	0.099179	0.101477	0.082062	-0.799758	2157800.000000
2014-06-10	-0.006225	0.096446	0.101812	0.091651	-0.545281	1354000.000000
2014-06-09	-0.010879	0.096263	0.099650	0.083954	-0.963356	1768100.000000
2014-06-06	-0.003375	0.103704	0.109331	0.095264	-0.299904	1168000.000000
2014-06-05	0.004624	0.099876	0.109373	0.098406	0.408974	1178000.000000
2014-06-04	0.001647	0.098629	0.103272	0.093986	0.145401	1465200.000000
2014-06-03	-0.000206	0.100215	0.105536	0.096705	-0.018181	2038500.000000
2014-06-02	-0.001849	0.097955	0.104962	0.092078	-0.163574	1454500.000000
2014-05-30	0.008389	0.100898	0.110699	0.097821	0.736130	2101900.000000
2014-05-29	-0.000879	0.101296	0.107558	0.092642	-0.077233	1496300.000000
2014-05-28	0.008598	0.108583	0.119953	0.105942	0.748703	1911200.000000
2014-05-27	0.000726	0.117662	0.122719	0.108583	0.063133	1764800.000000
2014-05-23	-0.001863	0.108239	0.113401	0.106174	-0.162376	1392500.000000
2014-05-22	0.003739	0.108123	0.117679	0.107777	0.324753	1321800.000000
2014-05-21	-0.000519	0.112381	0.113992	0.104210	-0.045113	2521400.000000
2014-05-20	0.017212	0.108583	0.130357	0.102964	1.470352	3586400.000000
2014-05-19	-0.019669	0.107435	0.107435	0.086320	-1.713905	1740700.000000
2014-05-16	0.003428	0.108238	0.115377	0.104553	0.297676	2205200.000000
2014-05-15	-0.003519	0.108813	0.118796	0.104223	-0.306686	2661100.000000
2014-05-14	0.005516	0.105814	0.121737	0.105814	0.478088	1882900.000000
2014-05-13	0.002818	0.112633	0.117724	0.107773	0.243553	2419500.000000
2014-05-12	-0.011453	0.111671	0.112015	0.094400	-1.001281	3691500.000000
2014-05-09	-0.015941	0.109258	0.113536	0.089673	-1.416237	2479800.000000
2014-05-08	-0.007757	0.106908	0.109700	0.099313	-0.694565	1758800.000000
2014-05-07	0.014306	0.109263	0.125009	0.107903	1.262855	2165000.000000
2014-05-06	-0.000919	0.104961	0.116732	0.102698	-0.081161	1871200.000000
2014-05-05	-0.000408	0.105642	0.111411	0.102134	-0.036102	2128000.000000
2014-05-02	-0.019806	0.104037	0.104591	0.080971	-1.786049	2999700.000000
2014-05-01	0.001202	0.112691	0.114134	0.103143	0.108238	2674100.000000
2014-04-30	0.019190	0.130422	0.148527	0.128046	1.695862	4390400.000000
2014-04-29	0.007197	0.110179	0.118727	0.109609	0.631447	2009100.000000
2014-04-28	-0.004095	0.113010	0.121296	0.098368	-0.360817	2574100.000000
2014-04-25	0.010135	0.108698	0.122686	0.108583	0.884010	2135400.000000
2014-04-24	0.002280	0.112260	0.115823	0.100999	0.198441	2190300.000000
2014-04-23	0.001245	0.108928	0.121239	0.107317	0.108245	1952100.000000
2014-04-22	-0.003413	0.106978	0.111220	0.101359	-0.297683	1506800.000000
2014-04-21	0.000932	0.109157	0.116158	0.107780	0.081184	1543800.000000
2014-04-17	-0.013482	0.104620	0.111187	0.093185	-1.190704	2590000.000000
2014-04-16	0.006890	0.107329	0.116678	0.102769	0.604385	1391500.000000
2014-04-15	0.011757	0.107891	0.121848	0.106738	1.019310	1719100.000000
2014-04-14	0.010089	0.116738	0.124778	0.112195	0.865952	1101400.000000
2014-04-11	-0.006474	0.106384	0.114371	0.099901	-0.559258	2141400.000000
2014-04-10	-0.006844	0.105249	0.111112	0.094213	-0.595360	2801100.000000
2014-04-09	-0.000725	0.109617	0.117889	0.098934	-0.063118	2433900.000000
2014-04-08	0.027689	0.108583	0.140105	0.103625	2.345330	2295500.000000
2014-04-07	-0.011683	0.106016	0.111733	0.095398	-1.001305	2096200.000000
2014-04-04	0.004334	0.111747	0.123934	0.108583	0.369850	1779800.000000
2014-04-03	0.005955	0.116128	0.122847	0.113298	0.505150	1283400.000000
2014-04-02	-0.008644	0.108817	0.109284	0.090118	-0.739677	2097700.000000
2014-04-01	-0.007948	0.108467	0.108467	0.095134	-0.685563	1163900.000000
2014-03-31	0.009501	0.113615	0.125085	0.111626	0.811829	1618800.000000
2014-03-28	0.001163	0.106708	0.111630	0.102490	0.099251	1470900.000000
2014-03-27	0.007776	0.106930	0.118502	0.102797	0.658501	1589700.000000
2014-03-26	-0.007296	0.109873	0.112452	0.099557	-0.622422	1687600.000000
2014-03-25	0.005208	0.110468	0.119542	0.106344	0.441994	1741600.000000
2014-03-24	-0.005181	0.111631	0.115030	0.096392	-0.441994	1765500.000000
2014-03-21	0.011011	0.119131	0.130982	0.111190	0.929108	4153900.000000
2014-03-20	0.002573	0.105019	0.112029	0.090879	0.216507	1912000.000000
2014-03-19	-0.012385	0.108231	0.113394	0.085583	-1.055412	2326800.000000
2014-03-18	-0.003586	0.112442	0.114079	0.104140	-0.306694	1217700.000000
2014-03-17	0.005835	0.114346	0.118109	0.109994	0.496131	1821700.000000
2014-03-14	0.005118	0.106455	0.121823	0.101136	0.432984	2157100.000000
2014-03-13	0.017247	0.110507	0.136962	0.109305	1.434265	3103600.000000
2014-03-12	0.013523	0.106511	0.123940	0.105414	1.109535	1785000.000000
2014-03-11	-0.002413	0.114905	0.116121	0.101775	-0.198456	2153100.000000
2014-03-10	-0.006754	0.106772	0.109791	0.094092	-0.559280	1791600.000000
2014-03-07	0.011682	0.106873	0.122144	0.103208	0.956177	1976500.000000
2014-03-06	0.000993	0.112986	0.114942	0.103814	0.081177	1632800.000000
2014-03-05	-0.011019	0.107978	0.108462	0.094070	-0.911072	1633700.000000
2014-03-04	0.015286	0.116933	0.129949	0.115828	1.244850	2628700.000000
2014-03-03	-0.012146	0.102275	0.105551	0.089417	-1.001289	2048200.000000
2014-02-28	0.008942	0.107482	0.122290	0.105768	0.730659	2174300.000000
2014-02-27	0.001327	0.108461	0.113240	0.102946	0.108246	2071000.000000
2014-02-26	-0.005005	0.112302	0.115107	0.101084	-0.410423	2270900.000000
2014-02-25	-0.001526	0.120224	0.128868	0.112553	-0.125298	2210900.000000
2014-02-24	-0.008427	0.119234	0.119958	0.107645	-0.698051	2626100.000000
2014-02-21	0.001190	0.118149	0.129631	0.116577	0.098465	1624600.000000
2014-02-20	0.000108	0.118874	0.124676	0.112709	0.008941	2207100.000000
2014-02-19	-0.009748	0.118022	0.121852	0.104735	-0.814384	1711400.000000
2014-02-18	0.000858	0.118262	0.126648	0.116225	0.071602	1826500.000000
2014-02-14	0.004523	0.113693	0.123561	0.112489	0.375862	1350800.000000
2014-02-13	0.007050	0.112212	0.128452	0.111121	0.581703	1272900.000000
2014-02-12	0.002392	0.117181	0.126778	0.112321	0.196884	1886400.000000
2014-02-11	0.007007	0.114854	0.133572	0.113386	0.572746	2421800.000000
2014-02-10	0.008056	0.114217	0.127413	0.109161	0.653282	1518600.000000
2014-02-07	0.009245	0.128003	0.138582	0.118046	0.742791	2582900.000000
2014-02-06	0.004700	0.117048	0.123551	0.113047	0.375847	2282200.000000
2014-02-05	-0.008653	0.114448	0.118167	0.106267	-0.698021	2333300.000000
2014-02-04	-0.011840	0.119996	0.120608	0.100029	-0.966515	2432500.000000
2014-02-03	-0.007723	0.118882	0.127391	0.107092	-0.635391	3234500.000000
2014-01-31	0.010664	0.111404	0.133271	0.109930	0.868065	3427500.000000
2014-01-30	0.024670	0.122333	0.148515	0.121074	1.959861	2898900.000000
2014-01-29	-0.000113	0.113396	0.123591	0.107858	-0.008941	2347200.000000
2014-01-28	0.021751	0.118709	0.157419	0.115237	1.691376	3692200.000000
2014-01-27	-0.001953	0.119092	0.125253	0.105359	-0.152123	2605800.000000
2014-01-24	-0.019595	0.108112	0.113019	0.095402	-1.557152	3671700.000000
2014-01-23	-0.000675	0.113525	0.121070	0.109375	-0.053711	1458800.000000
2014-01-22	-0.002133	0.116796	0.125831	0.112279	-0.170021	2267100.000000
2014-01-21	0.015857	0.118698	0.135270	0.118698	1.243943	1916200.000000
2014-01-17	0.001256	0.120742	0.121253	0.113467	0.098442	1629700.000000
2014-01-16	0.008640	0.119998	0.127207	0.117681	0.671173	1021500.000000
2014-01-15	0.000923	0.115748	0.122191	0.115233	0.071594	1640600.000000
2014-01-14	0.000462	0.114845	0.121549	0.109947	0.035805	1254300.000000
2014-01-13	-0.006533	0.112301	0.121522	0.105641	-0.510102	1465800.000000
2014-01-10	0.014299	0.123659	0.140546	0.122230	1.100747	2274200.000000
2014-01-09	0.008559	0.121092	0.129477	0.112576	0.653274	2067300.000000
2014-01-08	0.003176	0.117949	0.127018	0.110326	0.241638	3086300.000000
2014-01-07	0.007346	0.120071	0.129736	0.118747	0.554848	1842200.000000
2014-01-06	0.000474	0.118351	0.121132	0.112655	0.035789	1690900.000000
2014-01-03	0.001306	0.117556	0.123923	0.113710	0.098458	1651600.000000
2014-01-02	-0.016001	0.114422	0.115596	0.099152	-1.226044	2426600.000000
2013-12-31	0.006702	0.120839	0.127803	0.116766	0.510094	1352800.000000
2013-12-30	0.004132	0.115708	0.123624	0.115576	0.313225	1091300.000000
2013-12-27	0.001301	0.118480	0.123632	0.114782	0.098457	974100.000000
2013-12-26	-0.001653	0.116896	0.118347	0.110829	-0.125305	1181100.000000
2013-12-24	0.000354	0.114653	0.120722	0.108848	0.026848	1041400.000000
2013-12-23	-0.001415	0.123747	0.124669	0.114657	-0.107392	1800700.000000
2013-12-20	0.013018	0.118491	0.139977	0.117690	0.975464	3952300.000000
2013-12-19	0.000597	0.111548	0.121429	0.100464	0.044739	2149400.000000
2013-12-18	0.012707	0.120669	0.135004	0.102413	0.939674	3300000.000000
2013-12-17	-0.002776	0.112434	0.121739	0.111220	-0.205826	2037100.000000
2013-12-16	0.001813	0.124314	0.132420	0.116748	0.134232	2138500.000000
2013-12-13	-0.000604	0.118774	0.122959	0.111213	-0.044746	2082700.000000
2013-12-12	0.004369	0.120407	0.131934	0.118508	0.322158	2974800.000000
2013-12-11	-0.005311	0.112433	0.121875	0.105149	-0.393753	2627400.000000
2013-12-10	-0.015099	0.118221	0.119549	0.099887	-1.136543	3197800.000000
2013-12-09	-0.006144	0.113198	0.114915	0.106333	-0.465355	2054400.000000
2013-12-06	0.012442	0.125979	0.132262	0.121835	0.930702	2643800.000000
2013-12-05	-0.007362	0.115300	0.123926	0.108135	-0.554840	2649500.000000
2013-12-04	0.001904	0.112770	0.126863	0.110510	0.143189	2212400.000000
2013-12-03	0.001430	0.114361	0.125545	0.111565	0.107383	2362100.000000
2013-12-02	-0.007802	0.120726	0.120726	0.105535	-0.590629	1622600.000000
2013-11-29	-0.004121	0.110056	0.123212	0.110056	-0.313240	734100.000000
2013-11-27	-0.002232	0.118999	0.122018	0.109417	-0.170029	1657200.000000
2013-11-26	-0.003628	0.118732	0.120955	0.109838	-0.277405	1922000.000000
2013-11-25	-0.005659	0.128006	0.132818	0.118383	-0.435165	1527000.000000
2013-11-22	0.000000	0.124235	0.132167	0.120463	0.000000	1570700.000000
2013-11-21	0.004175	0.129320	0.138461	0.124096	0.319694	1990800.000000
2013-11-20	-0.012257	0.127216	0.132504	0.111996	-0.950225	1856200.000000
2013-11-19	-0.019762	0.106710	0.111389	0.102285	-1.562958	4158400.000000
2013-11-18	0.005532	0.131141	0.134955	0.126055	0.435150	2205000.000000
2013-11-15	0.012229	0.132104	0.141498	0.124640	0.950218	2034400.000000
2013-11-14	0.016260	0.131810	0.147897	0.128540	1.243286	1533300.000000
2013-11-13	0.005254	0.113040	0.132234	0.112119	0.399605	1401700.000000
2013-11-12	-0.010398	0.120591	0.125535	0.108882	-0.799240	2105400.000000
2013-11-11	-0.006543	0.126055	0.127865	0.116878	-0.506195	1153900.000000
2013-11-08	0.001379	0.126055	0.128255	0.106252	0.106552	2204200.000000
2013-11-07	-0.015280	0.124399	0.130899	0.106300	-1.198852	2237000.000000
2013-11-06	0.012491	0.141283	0.141283	0.130959	0.967971	2141700.000000
2013-11-05	-0.009422	0.124521	0.134492	0.114934	-0.737083	2358000.000000
2013-11-04	-0.000567	0.132571	0.136787	0.111235	-0.044418	2523800.000000
2013-11-01	0.040000	0.147049	0.192489	0.137349	3.010536	4054000.000000
2013-10-31	-0.009699	0.126318	0.128160	0.106581	-0.737114	2944100.000000
2013-10-30	-0.004652	0.129067	0.135878	0.119376	-0.355217	1636500.000000
2013-10-29	0.009629	0.126187	0.137824	0.123014	0.728210	1395300.000000
2013-10-28	-0.009191	0.120946	0.127365	0.109548	-0.701561	2355100.000000
2013-10-25	0.009158	0.123808	0.136632	0.117197	0.692688	1106300.000000
2013-10-24	0.000940	0.132010	0.132010	0.118512	0.071038	1236600.000000
2013-10-23	0.000941	0.120359	0.138507	0.119565	0.071045	1729200.000000
2013-10-22	0.014560	0.127130	0.149439	0.126190	1.083419	2020600.000000
2013-10-21	0.002993	0.124977	0.134817	0.123090	0.222031	1808700.000000
2013-10-18	0.006506	0.132567	0.138401	0.128904	0.479530	2214800.000000
2013-10-17	0.018280	0.122049	0.147883	0.114313	1.323212	1509500.000000
2013-10-16	0.016208	0.129144	0.144306	0.125354	1.154488	1628700.000000
2013-10-15	-0.010486	0.123555	0.127306	0.113275	-0.754830	1282000.000000
2013-10-14	-0.008441	0.119306	0.119994	0.102639	-0.612793	1639800.000000
2013-10-11	0.004300	0.124672	0.133525	0.121767	0.310814	1427100.000000
2013-10-10	0.017500	0.132530	0.147310	0.119440	1.243286	1956700.000000
2013-10-09	0.003890	0.130012	0.148381	0.125208	0.275307	1407900.000000
2013-10-08	0.004285	0.125488	0.144787	0.125488	0.301933	1641500.000000
2013-10-07	-0.003767	0.120259	0.129448	0.118986	-0.266433	818600.000000
2013-10-04	0.002517	0.126339	0.131724	0.121945	0.177619	1105400.000000
2013-10-03	-0.011939	0.123254	0.123254	0.105890	-0.852531	1478200.000000
2013-10-02	0.004246	0.121555	0.132524	0.120008	0.301941	1867900.000000
2013-10-01	-0.001123	0.127600	0.133922	0.122684	-0.079926	1745800.000000
2013-09-30	0.001124	0.121836	0.127462	0.118039	0.079926	2381900.000000
2013-09-27	-0.004600	0.125215	0.128155	0.117236	-0.328583	1645200.000000
2013-09-26	0.001369	0.128718	0.135026	0.123111	0.097672	1805800.000000
2013-09-25	-0.010958	0.124669	0.130353	0.113716	-0.790352	1972500.000000
2013-09-24	0.000000	0.126887	0.131740	0.119539	0.000000	2132800.000000
2013-09-23	0.006568	0.123543	0.136661	0.117822	0.470672	2381300.000000
2013-09-20	-0.024305	0.114481	0.116524	0.096644	-1.784996	4789400.000000
2013-09-19	0.001817	0.126737	0.144334	0.125100	0.133210	2034700.000000
2013-09-18	0.044937	0.123917	0.181360	0.123347	3.152603	4192700.000000
2013-09-17	-0.002147	0.126055	0.131034	0.121220	-0.150963	2092500.000000
2013-09-16	-0.000631	0.140838	0.147519	0.121507	-0.044426	3271800.000000
2013-09-13	-0.000631	0.130317	0.133442	0.123356	-0.044395	1466000.000000
2013-09-12	-0.004271	0.128460	0.131713	0.116295	-0.301934	2190500.000000
2013-09-11	-0.012405	0.125217	0.125217	0.101190	-0.888054	3125000.000000
2013-09-10	0.004736	0.130687	0.132231	0.124933	0.337464	1238400.000000
2013-09-09	0.002750	0.127322	0.130137	0.123804	0.195373	1647300.000000
2013-09-06	0.000625	0.129435	0.138167	0.125351	0.044403	2658500.000000
2013-09-05	-0.001748	0.129289	0.135615	0.122119	-0.124328	2352300.000000
2013-09-04	0.004137	0.124220	0.133961	0.116880	0.293068	1168100.000000
2013-09-03	-0.007342	0.136004	0.136705	0.113023	-0.523980	1415400.000000
2013-08-30	-0.002482	0.126614	0.132066	0.117529	-0.177597	1146100.000000
2013-08-29	-0.006413	0.125500	0.126472	0.114945	-0.461792	1379300.000000
2013-08-28	0.008082	0.128996	0.140896	0.116535	0.577256	2717000.000000
2013-08-27	0.006579	0.128109	0.148261	0.123740	0.466827	2314400.000000
2013-08-26	-0.010441	0.134877	0.135714	0.123024	-0.748711	1142000.000000
2013-08-23	0.005434	0.135716	0.145250	0.130668	0.387551	737200.000000
2013-08-22	0.002352	0.137825	0.141620	0.129674	0.167366	1436600.000000
2013-08-21	-0.017155	0.130875	0.132257	0.109465	-1.241959	2123700.000000
2013-08-20	0.007971	0.136409	0.155763	0.133486	0.572533	1368700.000000
2013-08-19	-0.007425	0.133223	0.140132	0.123825	-0.537308	1085800.000000
2013-08-16	-0.010241	0.136937	0.139125	0.113957	-0.748703	2545500.000000
2013-08-15	-0.016821	0.128571	0.128571	0.114047	-1.250778	1465700.000000
2013-08-14	-0.007990	0.133028	0.137030	0.120888	-0.598946	1483100.000000
2013-08-13	-0.005725	0.137285	0.138214	0.127072	-0.431617	1024100.000000
2013-08-12	-0.007767	0.131874	0.133716	0.122266	-0.590142	945200.000000
2013-08-09	-0.004271	0.134378	0.138572	0.126253	-0.325905	1133700.000000
2013-08-08	-0.001499	0.136342	0.139745	0.130192	-0.114517	1463800.000000
2013-08-07	-0.000691	0.139611	0.141442	0.129934	-0.052841	1758600.000000
2013-08-06	-0.002986	0.136990	0.140902	0.130081	-0.229027	2129400.000000
2013-08-05	-0.009780	0.133617	0.133617	0.123160	-0.757522	1237100.000000
2013-08-02	-0.003964	0.132852	0.134010	0.124880	-0.308289	1779600.000000
2013-08-01	0.019397	0.140670	0.158628	0.140670	1.479805	2910600.000000
2013-07-31	0.001503	0.137134	0.143698	0.122693	0.114510	2851200.000000
2013-07-30	0.019932	0.173590	0.173590	0.138241	1.488594	2428400.000000
2013-07-29	0.010006	0.137324	0.158826	0.136648	0.739891	2925900.000000
2013-07-26	-0.001546	0.124088	0.134350	0.120173	-0.114510	1498500.000000
2013-07-25	0.003820	0.133262	0.141530	0.132856	0.281861	1821700.000000
2013-07-24	-0.012264	0.134760	0.135965	0.119766	-0.916054	2184500.000000
2013-07-23	-0.000942	0.137302	0.142385	0.131818	-0.070450	2579000.000000
2013-07-22	-0.000942	0.136231	0.140774	0.133157	-0.070503	1240500.000000
2013-07-19	-0.005501	0.136625	0.140478	0.127987	-0.413964	1818700.000000
2013-07-18	0.007310	0.138642	0.147076	0.135563	0.546112	1455500.000000
2013-07-17	-0.001766	0.141843	0.144516	0.130618	-0.132148	1768700.000000
2013-07-16	-0.005618	0.136226	0.138086	0.122407	-0.422776	2631600.000000
2013-07-15	0.017022	0.131377	0.160566	0.130566	1.259591	2053000.000000
2013-07-12	0.009371	0.134886	0.147708	0.129430	0.687034	1446000.000000
2013-07-11	0.019601	0.144336	0.159912	0.144058	1.409332	1735600.000000
2013-07-10	0.003442	0.132923	0.143390	0.128457	0.246628	1046300.000000
2013-07-09	0.008555	0.140363	0.149652	0.135155	0.607788	1562000.000000
2013-07-08	0.009133	0.136432	0.151914	0.133449	0.642990	1994900.000000
2013-07-05	-0.002372	0.136004	0.137988	0.119992	-0.167366	1195000.000000
2013-07-03	-0.002738	0.129502	0.136426	0.126534	-0.193763	697800.000000
2013-07-02	0.001371	0.135296	0.146191	0.132324	0.096878	1984100.000000
2013-07-01	-0.015341	0.140869	0.141844	0.113977	-1.101044	2606900.000000
2013-06-28	0.013181	0.149977	0.154354	0.131908	0.933693	2742600.000000
2013-06-27	0.007265	0.140699	0.151079	0.136433	0.510880	1250000.000000
2013-06-26	0.010633	0.143918	0.156421	0.142625	0.739898	1668700.000000
2013-06-25	0.007910	0.143552	0.149635	0.131530	0.546112	1619600.000000
2013-06-24	0.000638	0.128193	0.146021	0.119062	0.044022	1690800.000000
2013-06-21	0.012932	0.144398	0.156290	0.129130	0.880852	3173000.000000
2013-06-20	-0.035665	0.126518	0.126801	0.092965	-2.519165	2516000.000000
2013-06-19	-0.017159	0.132652	0.137940	0.115815	-1.233162	1963500.000000
2013-06-18	0.011530	0.138111	0.149934	0.136140	0.819175	1937000.000000
2013-06-17	0.011664	0.144693	0.152810	0.142130	0.819146	2300900.000000
2013-06-14	0.007583	0.136013	0.152512	0.135583	0.528511	2262800.000000
2013-06-13	0.017749	0.136902	0.158074	0.132959	1.215530	1692100.000000
2013-06-12	-0.014201	0.140765	0.143500	0.117302	-0.986526	1696900.000000
2013-06-11	0.002415	0.126926	0.141644	0.123608	0.167358	2856500.000000
2013-06-10	-0.001523	0.134287	0.143940	0.129533	-0.105690	3210200.000000
2013-06-07	0.018219	0.144391	0.156420	0.137349	1.241966	3262100.000000
2013-06-06	0.018423	0.134997	0.156212	0.132308	1.233154	2886600.000000
2013-06-05	-0.006537	0.131734	0.133366	0.122680	-0.440399	1534400.000000
2013-06-04	0.002753	0.133212	0.141695	0.130979	0.184960	2280800.000000
2013-06-03	0.008728	0.135896	0.154212	0.122685	0.581352	2191200.000000
2013-05-31	-0.001189	0.130797	0.156589	0.129597	-0.079285	2571800.000000
2013-05-30	0.008660	0.142858	0.163882	0.136203	0.572563	1962600.000000
2013-05-29	-0.016879	0.139331	0.140669	0.113159	-1.135101	2521200.000000
2013-05-28	-0.003622	0.149427	0.149871	0.134907	-0.244491	2045400.000000
2013-05-24	-0.011762	0.140593	0.142057	0.125658	-0.803307	1837700.000000
2013-05-23	-0.011875	0.137466	0.137466	0.106794	-0.820755	2062200.000000
2013-05-22	-0.016524	0.143855	0.154669	0.120520	-1.161285	1804800.000000
2013-05-21	0.003116	0.145564	0.153557	0.137714	0.218292	1373100.000000
2013-05-20	-0.010604	0.144007	0.145843	0.129321	-0.750923	1330900.000000
2013-05-17	0.008330	0.147272	0.155104	0.143142	0.585022	1335500.000000
2013-05-16	-0.008995	0.141609	0.145843	0.133425	-0.637406	1161300.000000
2013-05-15	0.012096	0.146135	0.166987	0.144421	0.846947	1466600.000000
2013-05-14	0.007159	0.146717	0.158224	0.142401	0.497696	1202500.000000
2013-05-13	-0.004750	0.141699	0.144419	0.134398	-0.331787	1279300.000000
2013-05-10	0.002004	0.145565	0.148578	0.136385	0.139717	1831600.000000
2013-05-09	-0.013591	0.144854	0.147542	0.126317	-0.960488	1969000.000000
2013-05-08	-0.009545	0.142756	0.147521	0.129442	-0.681037	1753700.000000
2013-05-07	0.013896	0.147836	0.161193	0.146557	0.977912	1343000.000000
2013-05-06	-0.014067	0.143177	0.146539	0.129168	-1.004097	1108300.000000
2013-05-03	0.000245	0.149763	0.151864	0.142476	0.017449	1281500.000000
2013-05-02	0.004918	0.143588	0.152742	0.141617	0.349251	1139900.000000
2013-05-01	-0.008533	0.139973	0.144859	0.132852	-0.611199	1623900.000000
2013-04-30	0.009476	0.156131	0.164869	0.149788	0.672325	2122800.000000
2013-04-29	0.008939	0.147838	0.156796	0.140870	0.628655	1229400.000000
2013-04-26	0.001243	0.144709	0.151543	0.142430	0.087311	921600.000000
2013-04-25	-0.001490	0.145278	0.148832	0.138881	-0.104775	1149100.000000
2013-04-24	0.005617	0.147566	0.157716	0.140989	0.392922	1415300.000000
2013-04-23	0.002503	0.148001	0.152874	0.141839	0.174636	1484100.000000
2013-04-22	-0.002123	0.144134	0.148139	0.135982	-0.148437	1079100.000000
2013-04-19	0.015599	0.148764	0.163725	0.147021	1.073990	1641100.000000
2013-04-18	-0.002151	0.148467	0.152090	0.139336	-0.148438	1798000.000000
2013-04-17	-0.008657	0.142261	0.142692	0.128611	-0.602493	1510500.000000
2013-04-16	0.009626	0.147889	0.158044	0.141652	0.663597	1455300.000000
2013-04-15	-0.006793	0.143837	0.155796	0.137354	-0.471504	2043600.000000
2013-04-12	-0.004383	0.143270	0.148721	0.135668	-0.305580	2308300.000000
2013-04-11	-0.000251	0.147286	0.150871	0.140976	-0.017479	1729300.000000
2013-04-10	0.008461	0.145712	0.158005	0.145712	0.585014	1324500.000000
2013-04-09	-0.009382	0.143129	0.145421	0.133673	-0.654876	1379700.000000
2013-04-08	0.005029	0.143982	0.151470	0.134191	0.349281	1465000.000000
2013-04-05	0.003912	0.135015	0.151060	0.135015	0.270660	1642000.000000
2013-04-04	0.011619	0.148057	0.161218	0.146594	0.794579	1884800.000000
2013-04-03	0.002047	0.158612	0.161250	0.145571	0.139694	2078200.000000
2013-04-02	0.008776	0.148530	0.156217	0.148234	0.593742	1373600.000000
2013-04-01	-0.002575	0.144246	0.145278	0.138791	-0.174636	995100.000000
2013-03-28	0.010406	0.147215	0.158835	0.146768	0.698539	1691700.000000
2013-03-27	-0.003758	0.139639	0.147949	0.139045	-0.253227	2254200.000000
2013-03-26	0.012995	0.147834	0.160612	0.146781	0.864410	2982100.000000
2013-03-25	0.000132	0.149037	0.157006	0.141820	0.008751	2114800.000000
2013-03-22	0.007673	0.146036	0.155278	0.143006	0.506424	1740400.000000
2013-03-21	-0.001453	0.142253	0.149061	0.139378	-0.096039	1849000.000000
2013-03-20	0.007721	0.148785	0.155798	0.141467	0.506417	1786700.000000
2013-03-19	0.013492	0.155631	0.164593	0.154858	0.873146	2223700.000000
2013-03-18	-0.004700	0.140664	0.144971	0.137435	-0.305603	1596900.000000
2013-03-15	0.006215	0.140017	0.153480	0.139398	0.401657	2849000.000000
2013-03-14	0.003525	0.138601	0.149937	0.137514	0.227013	2326300.000000
2013-03-13	0.008892	0.146218	0.157029	0.138541	0.567550	2610000.000000
2013-03-12	-0.014559	0.146513	0.148675	0.113473	-0.943016	3762700.000000
2013-03-11	0.000270	0.142807	0.148985	0.142498	0.017471	1538400.000000
2013-03-08	0.002976	0.148531	0.150700	0.140167	0.192101	1789400.000000
2013-03-07	-0.003101	0.145124	0.149293	0.139874	-0.200836	1622700.000000
2013-03-06	0.003925	0.146363	0.150704	0.144658	0.253212	1409400.000000
2013-03-05	0.003941	0.149636	0.154927	0.146368	0.253219	1965200.000000
2013-03-04	0.016998	0.143221	0.167437	0.142587	1.073971	2140400.000000
2013-03-01	0.006818	0.144959	0.153246	0.139541	0.427845	2051200.000000
2013-02-28	-0.000973	0.144323	0.151805	0.142572	-0.061123	2104800.000000
2013-02-27	0.004609	0.142560	0.151036	0.142240	0.288170	2216900.000000
2013-02-26	0.001108	0.159356	0.165601	0.151671	0.069203	6048300.000000
2013-02-25	-0.007698	0.157422	0.167750	0.146937	-0.484509	6872500.000000
2013-02-22	0.003033	0.156949	0.163961	0.156949	0.190338	5997400.000000
2013-02-21	-0.005621	0.157418	0.158052	0.149178	-0.354721	1324900.000000
2013-02-20	0.000549	0.155834	0.163920	0.154883	0.034619	5857300.000000
2013-02-19	0.005517	0.158863	0.164443	0.156631	0.346073	2608200.000000
2013-02-15	0.004155	0.158715	0.162237	0.156314	0.259540	2470100.000000
2013-02-14	-0.004824	0.152488	0.157267	0.144522	-0.302818	1779500.000000
2013-02-13	0.000828	0.157269	0.162690	0.154718	0.051922	1501400.000000
2013-02-12	0.004295	0.155033	0.161919	0.153432	0.268192	1779700.000000
2013-02-11	0.001110	0.154391	0.157758	0.153910	0.069222	1097100.000000
2013-02-08	-0.002076	0.155994	0.156474	0.150555	-0.129776	1057000.000000
2013-02-07	0.003333	0.159365	0.165785	0.152945	0.207645	2339900.000000
2013-02-06	-0.002079	0.153271	0.153431	0.147344	-0.129780	2383500.000000
2013-02-05	0.002361	0.160811	0.163380	0.156958	0.147080	1459500.000000
2013-02-04	-0.004012	0.154075	0.157593	0.150077	-0.250897	1386300.000000
2013-02-01	0.003192	0.162250	0.166421	0.159203	0.198982	1594900.000000
2013-01-31	0.000695	0.155834	0.159366	0.151339	0.043263	2017100.000000
2013-01-30	-0.008401	0.154720	0.155038	0.146124	-0.527748	2159100.000000
2013-01-29	0.002900	0.157909	0.163337	0.151683	0.181667	1938500.000000
2013-01-28	-0.001379	0.161414	0.161414	0.146269	-0.086494	1513300.000000
2013-01-25	0.005548	0.161124	0.162567	0.148940	0.346058	1238300.000000
2013-01-24	0.004318	0.156639	0.164850	0.154707	0.268207	1112100.000000
2013-01-23	-0.002640	0.149732	0.153586	0.145717	-0.164383	1940700.000000
2013-01-22	0.006010	0.154703	0.163749	0.154542	0.372029	2215400.000000
2013-01-18	0.006612	0.159411	0.164777	0.157297	0.406635	1764500.000000
2013-01-17	-0.003225	0.150161	0.157131	0.144650	-0.198990	1473100.000000
2013-01-16	-0.007930	0.151975	0.155352	0.145382	-0.493145	1413600.000000
2013-01-15	0.002650	0.153415	0.159703	0.151481	0.164371	989400.000000
2013-01-14	-0.001254	0.152613	0.158571	0.151325	-0.077865	1401300.000000
2013-01-11	0.004057	0.161008	0.162139	0.154702	0.250912	1544400.000000
2013-01-10	0.009745	0.160078	0.167425	0.155181	0.596954	1469100.000000
2013-01-09	-0.007013	0.155996	0.155996	0.143351	-0.432583	1307900.000000
2013-01-08	0.010631	0.156325	0.168121	0.153213	0.648884	1993100.000000
2013-01-07	-0.004656	0.155345	0.156812	0.147680	-0.285507	1394600.000000
2013-01-04	0.004962	0.157636	0.162717	0.154523	0.302803	934800.000000
2013-01-03	0.000142	0.157145	0.160915	0.152720	0.008651	1227300.000000
2013-01-02	0.019223	0.169198	0.178887	0.166191	1.150704	2238300.000000
2012-12-31	0.013772	0.153801	0.172769	0.147366	0.813240	1480400.000000
2012-12-28	-0.013871	0.149822	0.157838	0.139634	-0.830559	1355300.000000
2012-12-27	0.001447	0.153660	0.161520	0.145799	0.086525	1337300.000000
2012-12-26	-0.011585	0.156330	0.158975	0.140130	-0.700783	1647600.000000
2012-12-24	-0.000572	0.153686	0.158642	0.148564	-0.034633	582200.000000
2012-12-21	-0.008924	0.147647	0.153869	0.142407	-0.545044	3198100.000000
2012-12-20	0.000283	0.158618	0.160584	0.150593	0.017299	1171600.000000
2012-12-19	-0.004514	0.153551	0.154529	0.143116	-0.276855	1593000.000000
2012-12-18	0.005247	0.154359	0.166815	0.152720	0.320106	2246400.000000
2012-12-17	0.015115	0.158829	0.175300	0.156832	0.908440	2280800.000000
2012-12-14	-0.008280	0.149564	0.155834	0.145604	-0.501804	2802600.000000
2012-12-13	0.011845	0.154498	0.173364	0.149823	0.709446	2598700.000000
2012-12-12	-0.001154	0.157168	0.165673	0.153332	-0.069210	2128000.000000
2012-12-11	0.002459	0.157506	0.163022	0.154664	0.147087	1093900.000000
2012-12-10	-0.003316	0.154334	0.156334	0.149835	-0.199005	1053000.000000
2012-12-07	0.003036	0.157171	0.163187	0.154330	0.181686	1017100.000000
2012-12-06	-0.000289	0.157337	0.163185	0.149986	-0.017300	1099300.000000
2012-12-05	0.018701	0.156855	0.185108	0.154132	1.098778	1816800.000000
2012-12-04	-0.005564	0.156850	0.160235	0.147879	-0.328758	1234200.000000
2012-12-03	-0.006113	0.157516	0.157684	0.144395	-0.363388	1339900.000000
2012-11-30	0.008809	0.155834	0.167543	0.154476	0.519104	1828600.000000
2012-11-29	0.010384	0.157549	0.167836	0.154462	0.605633	1534600.000000
2012-11-28	0.002826	0.157209	0.159273	0.143282	0.164379	1699800.000000
2012-11-27	-0.002060	0.167180	0.171127	0.161003	-0.120056	1667300.000000
2012-11-26	0.011310	0.164242	0.180034	0.162680	0.651725	1476400.000000
2012-11-23	-0.000744	0.169619	0.171873	0.158348	-0.042877	713800.000000
2012-11-21	-0.006794	0.165978	0.167528	0.143417	-0.394466	1728700.000000
2012-11-20	0.000000	0.166151	0.168734	0.153578	0.000000	1300200.000000
2012-11-19	0.005345	0.172730	0.175847	0.163553	0.308708	1910100.000000
2012-11-16	0.012934	0.167554	0.182813	0.164046	0.737476	1642400.000000
2012-11-15	-0.002999	0.165801	0.176817	0.154960	-0.171508	1491300.000000
2012-11-14	-0.006110	0.165803	0.167193	0.152073	-0.351590	1514900.000000
2012-11-13	0.004642	0.163881	0.178547	0.158468	0.265839	1557200.000000
2012-11-12	-0.008756	0.166151	0.167535	0.154555	-0.505940	1029400.000000
2012-11-09	-0.003402	0.162184	0.170980	0.158389	-0.197227	1131600.000000
2012-11-08	-0.006466	0.164437	0.173348	0.158611	-0.377316	1337700.000000
2012-11-07	-0.015907	0.162441	0.163284	0.140517	-0.943271	1441900.000000
2012-11-06	-0.006608	0.166821	0.167491	0.156434	-0.394459	2351800.000000
2012-11-05	-0.001721	0.163642	0.165482	0.154109	-0.102913	1579600.000000
2012-11-02	-0.002004	0.169822	0.173327	0.160309	-0.120052	1371700.000000
2012-11-01	-0.002712	0.170146	0.170146	0.158328	-0.162918	3112900.000000
2012-10-31	0.007768	0.167325	0.177054	0.163467	0.463066	1689000.000000
2012-10-26	-0.003155	0.166318	0.167154	0.156118	-0.188660	1251600.000000
2012-10-25	0.003020	0.170008	0.173698	0.159610	0.180077	1285700.000000
2012-10-24	-0.017383	0.153296	0.161371	0.135662	-1.054749	3505400.000000
2012-10-23	-0.012559	0.158665	0.159153	0.143531	-0.771770	1692600.000000
2012-10-22	-0.000837	0.163874	0.166151	0.159322	-0.051461	1393000.000000
2012-10-19	-0.004580	0.165827	0.168740	0.160000	-0.282989	1810500.000000
2012-10-18	0.003762	0.165826	0.171512	0.160789	0.231548	1152000.000000
2012-10-17	0.018300	0.168963	0.189146	0.166813	1.106205	1804600.000000
2012-10-16	0.011915	0.173181	0.182054	0.169833	0.711716	2682600.000000
2012-10-15	0.004181	0.167832	0.172539	0.160267	0.248699	1859400.000000
2012-10-12	-0.006872	0.170158	0.170158	0.154631	-0.411602	2144700.000000
2012-10-11	-0.000572	0.172158	0.172158	0.163648	-0.034294	1599200.000000
2012-10-10	-0.005974	0.165985	0.170297	0.155867	-0.360176	1602300.000000
2012-10-09	-0.005235	0.163016	0.168461	0.156746	-0.317280	1335900.000000
2012-10-08	-0.002118	0.167468	0.168620	0.159400	-0.128632	895600.000000
2012-10-05	-0.003517	0.167627	0.168776	0.159588	-0.214378	1385700.000000
2012-10-04	0.005091	0.169778	0.181651	0.167305	0.308712	1183300.000000
2012-10-03	0.002126	0.167473	0.172100	0.164829	0.128639	1258400.000000
2012-10-02	0.005987	0.171803	0.175793	0.165320	0.360154	1552200.000000
2012-10-01	-0.002559	0.172286	0.174773	0.161342	-0.154355	1726300.000000
2012-09-28	0.002709	0.164987	0.171803	0.158503	0.162919	3138000.000000
2012-09-27	0.002717	0.168485	0.169985	0.157649	0.162948	2353400.000000
2012-09-26	0.005173	0.168832	0.180730	0.167156	0.308689	2539700.000000
2012-09-25	0.001439	0.168668	0.174541	0.163969	0.085755	1845300.000000
2012-09-24	0.012531	0.166321	0.181613	0.163942	0.737468	1684000.000000
2012-09-21	0.008523	0.168892	0.177975	0.163409	0.497364	3384700.000000
2012-09-20	0.007999	0.164251	0.175997	0.161832	0.463063	1310000.000000
2012-09-19	0.001483	0.164421	0.174454	0.162691	0.085743	1433700.000000
2012-09-18	-0.002072	0.163561	0.167877	0.160972	-0.120049	1896000.000000
2012-09-17	-0.003540	0.168731	0.172516	0.158238	-0.205803	1827500.000000
2012-09-14	-0.013246	0.163944	0.165472	0.147139	-0.780338	2039200.000000
2012-09-13	0.023692	0.164587	0.194996	0.164239	1.363460	2770300.000000
2012-09-12	-0.009300	0.167184	0.168561	0.153756	-0.540233	1752100.000000
2012-09-11	-0.002944	0.167180	0.168382	0.161860	-0.171517	1618200.000000
2012-09-10	0.004287	0.170115	0.179769	0.168219	0.248681	2375300.000000
2012-09-07	0.003560	0.168226	0.175492	0.165804	0.205799	2474000.000000
2012-09-06	0.003872	0.146006	0.171187	0.145311	0.222973	5098300.000000
2012-09-05	-0.000595	0.166672	0.170837	0.165109	-0.034302	1371800.000000
