2017-09-01	-0.005695	-0.000475	0.001305	-0.006525	-0.480003	2578300.000000
2017-08-31	0.018733	0.006406	0.021997	0.005922	1.550003	5257700.000000
2017-08-30	-0.010524	-0.008491	-0.007295	-0.012078	-0.880005	3299200.000000
2017-08-29	0.003480	-0.001080	0.007200	-0.001440	0.290001	1265900.000000
2017-08-28	-0.002394	-0.002275	-0.001317	-0.005746	-0.199997	1893800.000000
2017-08-25	-0.000598	0.000718	0.006102	-0.000598	-0.050003	1485800.000000
2017-08-24	0.003602	0.006964	0.009006	0.002161	0.300003	673200.000000
2017-08-23	-0.002754	-0.004790	-0.000719	-0.007185	-0.230003	1115000.000000
2017-08-22	0.005902	0.003373	0.009516	0.002891	0.490005	1127900.000000
2017-08-21	0.003142	0.005075	0.006404	0.001812	0.259995	1039200.000000
2017-08-18	-0.005049	-0.000962	-0.000361	-0.006251	-0.419998	1319100.000000
2017-08-17	-0.014105	-0.003911	-0.001541	-0.014342	-1.190003	919800.000000
2017-08-16	0.003211	0.001903	0.004875	-0.000476	0.270005	766300.000000
2017-08-15	0.002862	0.002743	0.005008	-0.001550	0.239997	1271200.000000
2017-08-14	0.006119	0.008038	0.010078	0.003959	0.510003	798700.000000
2017-08-11	0.002044	-0.000842	0.003366	-0.002765	0.169998	1363900.000000
2017-08-10	-0.011879	-0.001663	-0.001663	-0.012711	-1.000000	1250400.000000
2017-08-09	0.000238	0.001069	0.001069	-0.005941	0.019996	1582400.000000
2017-08-08	-0.003316	0.000947	0.003908	-0.005685	-0.279998	996100.000000
2017-08-07	-0.006237	-0.004943	-0.003413	-0.008591	-0.529999	1305900.000000
2017-08-04	0.001178	0.000236	0.003299	-0.003299	0.099998	990000.000000
2017-08-03	-0.004691	0.000352	0.000586	-0.005746	-0.399994	962400.000000
2017-08-02	-0.000820	0.001758	0.002929	-0.002344	-0.069999	1138900.000000
2017-08-01	0.001643	0.003052	0.005047	0.000822	0.139999	1148800.000000
2017-07-31	0.005310	0.008024	0.008850	0.003776	0.449997	1844800.000000
2017-07-28	-0.002589	-0.006002	-0.001412	-0.007767	-0.220001	1278900.000000
2017-07-27	0.001414	0.004243	0.005539	-0.004361	0.120003	2748700.000000
2017-07-26	0.007720	0.004988	0.008076	0.001663	0.650001	1441400.000000
2017-07-25	-0.001068	0.004034	0.004390	-0.004390	-0.090004	1386900.000000
2017-07-24	-0.008236	-0.008236	-0.005883	-0.011531	-0.699997	1045500.000000
2017-07-21	-0.005034	-0.003512	-0.003278	-0.008195	-0.430000	1256700.000000
2017-07-20	0.004587	0.002352	0.007174	0.001764	0.389999	1442300.000000
2017-07-19	0.003067	0.001298	0.005898	0.000354	0.260002	1736300.000000
2017-07-18	0.018014	0.016332	0.022937	0.008406	1.500000	2655600.000000
2017-07-17	0.001323	0.008177	0.008538	-0.002525	0.109993	1628500.000000
2017-07-14	0.007389	0.006784	0.009812	0.002059	0.610001	1321000.000000
2017-07-13	-0.007932	-0.003365	-0.002163	-0.011056	-0.659996	1755800.000000
2017-07-12	0.014880	0.014026	0.024515	0.013416	1.220001	1827600.000000
2017-07-11	-0.001340	0.000000	0.000000	-0.008161	-0.110000	1154800.000000
2017-07-10	-0.002673	-0.003887	0.001458	-0.004738	-0.220002	873600.000000
2017-07-07	0.004270	0.000000	0.005368	-0.001708	0.349999	1005000.000000
2017-07-06	-0.013954	-0.014556	-0.013473	-0.019848	-1.159996	2365400.000000
2017-07-05	-0.005503	-0.017347	-0.005144	-0.018304	-0.459999	2485000.000000
2017-07-03	0.001438	0.000240	0.003954	-0.000719	0.119995	861800.000000
2017-06-30	-0.008552	-0.000713	0.000831	-0.010096	-0.720001	2034800.000000
2017-06-29	-0.012434	-0.009150	-0.009150	-0.018651	-1.059998	1688500.000000
2017-06-28	-0.000703	0.004103	0.005627	-0.002344	-0.059998	1256000.000000
2017-06-27	-0.005131	0.003032	0.004665	-0.005248	-0.440002	2623400.000000
2017-06-26	-0.006833	-0.006370	-0.001506	-0.007065	-0.589996	2960300.000000
2017-06-23	0.000000	-0.008918	0.002780	-0.009613	0.000000	2199500.000000
2017-06-22	0.045785	0.030644	0.052568	0.030523	3.779998	6139400.000000
2017-06-21	0.011765	0.003431	0.012377	0.002206	0.960000	1982900.000000
2017-06-20	0.001965	0.012402	0.012770	0.001105	0.159996	1896700.000000
2017-06-19	0.007547	0.001856	0.008908	0.000866	0.610000	1139400.000000
2017-06-16	0.004723	0.002362	0.004723	-0.002735	0.380005	1798700.000000
2017-06-15	-0.010090	-0.019072	-0.008613	-0.019441	-0.820000	1953000.000000
2017-06-14	-0.002210	-0.000737	0.001596	-0.004665	-0.180000	1506200.000000
2017-06-13	0.007546	0.007175	0.010020	0.005072	0.610001	1720100.000000
2017-06-12	-0.003697	-0.000123	0.001356	-0.005916	-0.300003	1763300.000000
2017-06-09	0.001110	-0.005429	0.003578	-0.007033	0.089996	2061600.000000
2017-06-08	-0.002093	-0.000862	0.001108	-0.005417	-0.169998	1831700.000000
2017-06-07	-0.007576	0.002199	0.003055	-0.010753	-0.619995	2557500.000000
2017-06-06	0.000122	0.000489	0.002200	-0.001833	0.009994	1376800.000000
2017-06-05	-0.004864	-0.004743	-0.003648	-0.010094	-0.400001	911700.000000
2017-06-02	0.004520	0.004153	0.007452	0.001832	0.370002	1107300.000000
2017-06-01	0.001101	0.000122	0.001712	-0.002079	0.090004	1214300.000000
2017-05-31	0.015398	0.014032	0.019372	0.013287	1.239998	1702100.000000
2017-05-30	-0.001240	-0.002480	0.003597	-0.002852	-0.099998	1335300.000000
2017-05-26	-0.008851	-0.006023	-0.004057	-0.009588	-0.720001	1735200.000000
2017-05-25	-0.000614	0.000000	0.001966	-0.002211	-0.050004	947700.000000
2017-05-24	0.004194	0.001850	0.005798	-0.002344	0.340004	2233600.000000
2017-05-23	-0.002829	-0.002091	0.001722	-0.004921	-0.230003	2479800.000000
2017-05-22	0.010818	0.012808	0.017036	0.008456	0.870003	5882400.000000
2017-05-19	0.004246	0.006993	0.009366	0.003247	0.339996	4565200.000000
2017-05-18	0.002755	0.000000	0.009642	-0.003757	0.220001	6800500.000000
2017-05-17	-0.012367	0.000000	0.007297	-0.012862	-1.000000	4422700.000000
2017-05-16	0.003475	0.016754	0.016878	-0.000124	0.279999	4580000.000000
2017-05-15	0.001243	-0.001367	0.003728	-0.001740	0.099999	2183300.000000
2017-05-12	0.022358	0.017403	0.025534	0.015752	1.760002	3170800.000000
2017-05-11	-0.001395	-0.007231	0.000254	-0.007231	-0.110001	1784300.000000
2017-05-10	0.003948	0.003439	0.004585	-0.002038	0.310005	1566900.000000
2017-05-09	0.007959	0.008472	0.012452	0.005135	0.619995	3571700.000000
2017-05-08	0.001028	0.005269	0.005783	-0.000257	0.080002	2044000.000000
2017-05-05	0.000129	0.001028	0.001671	-0.003727	0.010002	1398100.000000
2017-05-04	0.002835	-0.000644	0.002835	-0.002578	0.220002	1674800.000000
2017-05-03	-0.004491	-0.001411	-0.001411	-0.009238	-0.350006	1936900.000000
2017-05-02	0.012208	0.007532	0.012338	0.005325	0.940002	1895600.000000
2017-05-01	-0.000389	-0.000519	0.002467	-0.001688	-0.029999	1241800.000000
2017-04-28	-0.000389	-0.005320	-0.000259	-0.005969	-0.029999	1772000.000000
2017-04-27	0.009299	0.009037	0.015193	0.008382	0.710000	3748900.000000
2017-04-26	0.001443	-0.007870	0.005378	-0.008132	0.110000	1855000.000000
2017-04-25	0.021847	0.022517	0.026270	0.016084	1.629997	3570700.000000
2017-04-24	0.016485	0.013896	0.017030	0.008992	1.209999	2979100.000000
2017-04-21	-0.002988	0.000679	0.002852	-0.004211	-0.220001	2326300.000000
2017-04-20	0.012098	0.015810	0.016085	0.009623	0.880005	3940000.000000
2017-04-19	-0.002605	0.000548	0.004388	-0.003565	-0.190002	1415400.000000
2017-04-18	-0.005455	-0.002046	-0.001773	-0.008319	-0.400002	2365000.000000
2017-04-17	0.002461	-0.000957	0.005058	-0.002051	0.180000	1314800.000000
2017-04-13	-0.011620	-0.006891	-0.004459	-0.012025	-0.860000	2281300.000000
2017-04-12	0.000676	0.001082	0.003110	-0.002569	0.050003	1318300.000000
2017-04-11	0.006122	0.007754	0.008570	0.002177	0.449997	1670500.000000
2017-04-10	-0.002849	0.001356	0.001899	-0.002849	-0.209999	2385800.000000
2017-04-07	0.000136	-0.000678	0.004341	-0.001628	0.010002	1174300.000000
2017-04-06	-0.000813	0.004473	0.004880	-0.001627	-0.059998	1503700.000000
2017-04-05	-0.013374	-0.007356	-0.001739	-0.013642	-1.000000	2652400.000000
2017-04-04	0.004973	-0.000672	0.007258	-0.001882	0.369995	1842600.000000
2017-04-03	0.001750	0.002424	0.005386	-0.002558	0.130005	1409300.000000
2017-03-31	-0.006554	-0.001739	-0.001605	-0.006822	-0.490005	1516000.000000
2017-03-30	-0.001202	0.002405	0.006279	-0.002271	-0.089996	1836000.000000
2017-03-29	0.000267	0.000401	0.003742	-0.000134	0.019996	1822900.000000
2017-03-28	-0.003595	0.001198	0.002530	-0.003595	-0.269996	1934100.000000
2017-03-27	0.009816	0.005916	0.012774	0.005513	0.729995	1878800.000000
2017-03-24	-0.000806	-0.002284	0.000806	-0.004837	-0.059997	1637400.000000
2017-03-23	0.003235	0.003504	0.009435	0.002022	0.239998	2132600.000000
2017-03-22	-0.002688	0.000000	0.000538	-0.005915	-0.199997	3272200.000000
2017-03-21	-0.017045	0.002775	0.003568	-0.018367	-1.290001	3744300.000000
2017-03-20	0.001721	0.005824	0.008206	0.001721	0.129997	1437700.000000
2017-03-17	-0.001586	0.001057	0.004097	-0.001586	-0.119995	1758400.000000
2017-03-16	0.001323	-0.001456	0.001853	-0.003308	0.099998	2094500.000000
2017-03-15	0.006795	-0.004263	0.007461	-0.006262	0.510002	3766000.000000
2017-03-14	-0.007274	-0.008597	-0.004100	-0.009390	-0.550003	3574800.000000
2017-03-13	0.000132	0.000661	0.001852	-0.005291	0.010003	2272300.000000
2017-03-10	0.006524	0.001598	0.007988	-0.001198	0.489997	3009900.000000
2017-03-09	0.011446	0.002424	0.012658	0.001885	0.849999	3116900.000000
2017-03-08	-0.001479	-0.003765	0.002689	-0.004168	-0.110001	3494000.000000
2017-03-07	-0.015619	-0.023693	-0.013236	-0.025678	-1.180000	4214300.000000
2017-03-06	-0.004873	-0.002766	-0.001449	-0.007244	-0.369995	1940800.000000
2017-03-03	0.014566	0.006682	0.016304	0.005746	1.089996	3216500.000000
2017-03-02	-0.011884	-0.016902	-0.006734	-0.017430	-0.900001	6191800.000000
2017-03-01	0.004057	-0.000186	0.006974	-0.001379	0.306007	2722200.000000
2017-02-28	0.007605	0.038545	0.049099	0.037877	0.569267	2790000.000000
2017-02-27	0.003882	0.037346	0.042040	0.036542	0.289467	1635700.000000
2017-02-24	-0.002195	0.036408	0.036408	0.027977	-0.164024	2748900.000000
2017-02-23	0.007807	0.043285	0.047331	0.039374	0.578918	3532400.000000
2017-02-22	-0.002466	0.029143	0.037349	0.028874	-0.183326	3981500.000000
2017-02-21	-0.002072	0.027413	0.038287	0.026742	-0.154374	3897900.000000
2017-02-17	0.006125	0.030194	0.042891	0.029654	0.453484	3566800.000000
2017-02-16	0.011869	0.044745	0.048982	0.040508	0.868385	2497700.000000
2017-02-15	0.008914	0.032822	0.046750	0.032271	0.646462	3136100.000000
2017-02-14	-0.003579	0.030362	0.035034	0.024042	-0.260514	3080700.000000
2017-02-13	0.002925	0.039439	0.039853	0.035581	0.212273	2865800.000000
2017-02-10	0.001198	0.031993	0.040133	0.031303	0.086838	2025400.000000
2017-02-09	0.006970	0.036407	0.047522	0.036407	0.501732	2633400.000000
2017-02-08	0.006204	0.033751	0.043397	0.032354	0.443840	2621000.000000
2017-02-07	0.000810	0.040745	0.041584	0.035009	0.057892	2015200.000000
2017-02-06	0.002571	0.033041	0.039353	0.033041	0.183326	1995700.000000
2017-02-03	0.011084	0.044066	0.049029	0.042222	0.781548	3019000.000000
2017-02-02	-0.004631	0.027091	0.033867	0.026526	-0.328056	4212400.000000
2017-02-01	-0.006764	0.025051	0.029818	0.019863	-0.482438	5323300.000000
2017-01-31	0.022407	0.039131	0.060060	0.035691	1.563088	3501700.000000
2017-01-30	0.001246	0.032676	0.040570	0.030666	0.086845	4098000.000000
2017-01-27	0.004172	0.033381	0.041020	0.030498	0.289459	4527800.000000
2017-01-26	-0.003465	0.037413	0.038706	0.030806	-0.241218	4885100.000000
2017-01-25	0.030416	0.054167	0.070446	0.047211	2.055176	6469700.000000
2017-01-24	-0.001568	0.033452	0.037146	0.027394	-0.106133	4071600.000000
2017-01-23	-0.007219	0.029660	0.032887	0.024232	-0.492088	4729100.000000
2017-01-20	0.003124	0.036113	0.041705	0.034495	0.212273	3027100.000000
2017-01-19	-0.020309	0.016369	0.021847	0.012476	-1.408707	5658300.000000
2017-01-18	-0.001389	0.034104	0.037703	0.032233	-0.096489	2627200.000000
2017-01-17	-0.005663	0.023810	0.031397	0.019516	-0.395599	7406800.000000
2017-01-13	-0.005358	0.035980	0.035980	0.029146	-0.376305	6150000.000000
2017-01-12	0.000963	0.022155	0.038118	0.021728	0.067543	5450100.000000
2017-01-11	-0.018756	0.026199	0.028856	0.004942	-1.341171	3767000.000000
2017-01-10	-0.000809	0.038224	0.040180	0.034731	-0.057892	2122800.000000
2017-01-09	0.009253	0.039087	0.048959	0.035561	0.656120	2911400.000000
2017-01-06	-0.007831	0.029411	0.033049	0.027592	-0.559631	3653900.000000
2017-01-05	0.019967	0.051821	0.061668	0.047254	1.399063	3428300.000000
2017-01-04	-0.002883	0.027300	0.034842	0.023600	-0.202622	3663700.000000
2017-01-03	-0.000137	0.037119	0.040249	0.031001	-0.009643	3368900.000000
2016-12-30	0.005522	0.045564	0.049570	0.038554	0.385940	3679100.000000
2016-12-29	0.011449	0.052615	0.054062	0.047405	0.791192	2200200.000000
2016-12-28	-0.005830	0.042881	0.043025	0.030221	-0.405243	1584600.000000
2016-12-27	0.002644	0.046505	0.046938	0.038138	0.183326	1878000.000000
2016-12-23	0.001115	0.038718	0.040162	0.035252	0.077195	1465300.000000
2016-12-22	0.003636	0.045248	0.045683	0.038871	0.250862	2391900.000000
2016-12-21	-0.006253	0.038424	0.039288	0.029782	-0.434189	1927200.000000
2016-12-20	0.004607	0.042629	0.044510	0.036552	0.318405	2645700.000000
2016-12-19	-0.002090	0.037707	0.042327	0.033520	-0.144730	2857800.000000
2016-12-16	0.010132	0.042825	0.047784	0.040929	0.694710	3438300.000000
2016-12-15	0.001691	0.040206	0.043128	0.035385	0.115776	2578400.000000
2016-12-14	-0.003931	0.042083	0.043538	0.029714	-0.270157	5049200.000000
2016-12-13	0.025634	0.060586	0.066706	0.059989	1.717469	3218100.000000
2016-12-12	-0.004302	0.027342	0.033881	0.025559	-0.289460	3203800.000000
2016-12-09	0.031810	0.060328	0.072442	0.059408	2.074479	3219200.000000
2016-12-08	-0.015010	0.012695	0.021757	0.010882	-0.993828	5415000.000000
2016-12-07	-0.004930	0.032951	0.033402	0.022130	-0.328049	3187900.000000
2016-12-06	-0.000145	0.034755	0.038061	0.030096	-0.009651	2134800.000000
2016-12-05	0.011735	0.043857	0.050394	0.041425	0.771896	2987900.000000
2016-12-02	0.006199	0.035031	0.044821	0.033654	0.405243	2474300.000000
2016-12-01	-0.014689	0.028570	0.031283	0.018019	-0.974518	2401300.000000
2016-11-30	-0.002900	0.043772	0.043772	0.033251	-0.192970	2189700.000000
2016-11-29	-0.001737	0.035057	0.040158	0.032957	-0.115791	1830000.000000
2016-11-28	-0.007186	0.035663	0.038493	0.028513	-0.482437	2267200.000000
2016-11-25	0.011190	0.056591	0.056591	0.047101	0.742958	1770500.000000
2016-11-23	0.010574	0.026362	0.047671	0.024078	0.694709	4853100.000000
2016-11-22	-0.029089	0.015422	0.016309	-0.000538	-1.968338	5434100.000000
2016-11-21	-0.007220	0.026137	0.030539	0.025257	-0.492088	2805500.000000
2016-11-18	-0.026193	0.018548	0.020977	0.007976	-1.833260	2865800.000000
2016-11-17	0.004848	0.039997	0.044160	0.036264	0.337708	3147300.000000
2016-11-16	0.004033	0.030209	0.044480	0.030209	0.279816	7304100.000000
2016-11-15	-0.001943	0.024179	0.036551	0.022021	-0.135086	2877000.000000
2016-11-14	-0.019730	0.011305	0.020331	0.010741	-1.399056	4034700.000000
2016-11-11	-0.007831	0.031930	0.035008	0.021016	-0.559631	2835800.000000
2016-11-10	-0.002961	0.029293	0.039198	0.022736	-0.212273	5227800.000000
2016-11-09	0.042228	0.070867	0.083372	0.061126	2.904267	7322600.000000
2016-11-08	0.005360	0.040793	0.046348	0.035823	0.366645	2128100.000000
2016-11-07	0.009253	0.044964	0.049980	0.043194	0.627167	2784900.000000
2016-11-04	0.004720	0.041596	0.043819	0.038186	0.318413	2988400.000000
2016-11-03	-0.018804	0.035826	0.035971	0.015755	-1.292931	4062800.000000
2016-11-02	-0.001261	0.045268	0.045849	0.033938	-0.086838	3195700.000000
2016-11-01	0.004647	0.036408	0.044872	0.035240	0.318413	2997100.000000
2016-10-31	-0.000704	0.045886	0.046178	0.034658	-0.048248	3155000.000000
2016-10-28	-0.007541	0.036842	0.037855	0.027724	-0.521034	4362900.000000
2016-10-27	0.006748	0.050978	0.053309	0.040924	0.463142	2907700.000000
2016-10-26	-0.020653	0.017572	0.024564	0.012577	-1.447304	3181300.000000
2016-10-25	-0.037376	0.000144	0.005501	-0.004664	-2.720939	6130500.000000
2016-10-24	-0.001192	0.026803	0.041209	0.025980	-0.086846	4288000.000000
2016-10-21	-0.005005	0.025623	0.032176	0.024531	-0.366645	1789400.000000
2016-10-20	0.003569	0.035174	0.044217	0.034901	0.260513	1722600.000000
2016-10-19	-0.008649	0.030703	0.031926	0.027036	-0.636810	1572300.000000
2016-10-18	0.009659	0.040658	0.047515	0.039699	0.704353	2911200.000000
2016-10-17	-0.006703	0.030278	0.032321	0.025647	-0.492081	3019200.000000
2016-10-14	-0.008729	0.035867	0.040863	0.027361	-0.646469	4044600.000000
2016-10-13	0.005107	0.013473	0.048621	0.012523	0.376297	7886600.000000
2016-10-12	-0.005728	0.023454	0.034114	0.019946	-0.424538	4066500.000000
2016-10-11	-0.012090	0.029209	0.031075	0.021211	-0.906982	3511700.000000
2016-10-10	-0.006897	0.020654	0.030450	0.019860	-0.521027	2599100.000000
2016-10-07	-0.002040	0.037729	0.038653	0.027292	-0.154380	1427800.000000
2016-10-06	-0.008593	0.030383	0.031169	0.026453	-0.656113	982400.000000
2016-10-05	0.003424	0.039825	0.041533	0.036145	0.260513	935900.000000
2016-10-04	-0.001772	0.036014	0.040212	0.029979	-0.135078	1354200.000000
2016-10-03	0.000507	0.036145	0.037983	0.032995	0.038589	1162600.000000
2016-09-30	-0.003659	0.025422	0.034969	0.023722	-0.279808	3635600.000000
2016-09-29	-0.024255	0.027603	0.029517	0.009228	-1.900802	1926400.000000
2016-09-28	0.004204	0.040636	0.042943	0.033332	0.328064	1495800.000000
2016-09-27	0.001858	0.025110	0.038590	0.023313	0.144722	1485900.000000
2016-09-26	-0.009205	0.030811	0.031955	0.024960	-0.723656	1249300.000000
2016-09-23	-0.006705	0.024910	0.031985	0.024531	-0.530670	1031200.000000
2016-09-22	0.006256	0.041747	0.045561	0.039967	0.492088	1594500.000000
2016-09-21	0.005675	0.036280	0.044463	0.030526	0.443840	1308200.000000
2016-09-20	0.014010	0.052743	0.054947	0.050021	1.080650	1342100.000000
2016-09-19	0.007562	0.042678	0.047903	0.042025	0.578926	1375800.000000
2016-09-16	-0.006760	0.032126	0.033294	0.026677	-0.521034	1111300.000000
2016-09-15	0.009733	0.034966	0.050294	0.032346	0.742951	1260000.000000
2016-09-14	-0.000126	0.036014	0.042433	0.033919	-0.009652	1196600.000000
2016-09-13	-0.014449	0.027241	0.029565	0.017946	-1.119247	1292500.000000
2016-09-12	0.020725	0.040229	0.058809	0.039570	1.572739	1388400.000000
2016-09-09	-0.019938	0.028917	0.029046	0.015615	-1.543793	1774500.000000
2016-09-08	-0.001369	0.038600	0.041051	0.033957	-0.106133	1469400.000000
2016-09-07	0.002620	0.040158	0.043778	0.037183	0.202622	1627400.000000
2016-09-06	0.009700	0.041891	0.048419	0.040455	0.742950	1309500.000000
2016-09-02	0.014182	0.046736	0.052165	0.044882	1.071007	1353000.000000
2016-09-01	-0.006348	0.027724	0.030487	0.022592	-0.482429	3767600.000000
2016-08-31	-0.007184	0.028309	0.029615	0.023606	-0.549981	1503000.000000
2016-08-30	-0.003767	0.034846	0.036538	0.031723	-0.289466	795100.000000
2016-08-29	0.004161	0.038237	0.042680	0.035101	0.318412	650400.000000
2016-08-26	-0.003017	0.034062	0.047221	0.029502	-0.231575	1485500.000000
2016-08-25	-0.009340	0.028276	0.034213	0.002334	-0.723655	1593700.000000
2016-08-24	-0.013028	0.038573	0.039337	0.021121	-1.022759	1400800.000000
2016-08-23	0.000492	0.043927	0.047113	0.036917	0.038597	1046300.000000
2016-08-22	-0.000246	0.028635	0.040103	0.028253	-0.019294	1259100.000000
2016-08-19	-0.007323	0.030463	0.030842	0.025403	-0.578934	1102300.000000
2016-08-18	0.001957	0.032732	0.038815	0.032225	0.154388	687900.000000
2016-08-17	0.000122	0.035774	0.038055	0.030831	0.009651	856700.000000
2016-08-16	-0.006923	0.034394	0.038296	0.029233	-0.549980	1112300.000000
2016-08-15	0.003168	0.036155	0.044110	0.036155	0.250862	991000.000000
2016-08-12	-0.008696	0.029773	0.031401	0.025142	-0.694709	1366200.000000
2016-08-11	0.006320	0.038045	0.045225	0.037163	0.501739	791700.000000
2016-08-10	-0.004356	0.035404	0.036157	0.027880	-0.347351	1163700.000000
2016-08-09	0.004375	0.035400	0.043335	0.035274	0.347351	891400.000000
2016-08-08	-0.010106	0.026557	0.029924	0.024438	-0.810493	887100.000000
2016-08-05	0.002654	0.034907	0.040533	0.033907	0.212272	1331600.000000
2016-08-04	0.006068	0.036030	0.043828	0.036030	0.482437	837300.000000
2016-08-03	-0.006750	0.021791	0.030411	0.021666	-0.540329	1315800.000000
2016-08-02	-0.001324	0.039527	0.040026	0.030668	-0.106140	1287600.000000
2016-08-01	-0.002282	0.027072	0.038897	0.026698	-0.183326	925200.000000
2016-07-29	0.014376	0.044489	0.052822	0.040953	1.138549	1604800.000000
2016-07-28	-0.009772	0.031781	0.032532	0.019903	-0.781540	1553800.000000
2016-07-27	-0.001566	0.028418	0.036283	0.027045	-0.125434	1168000.000000
2016-07-26	-0.005272	0.032682	0.036656	0.028833	-0.424546	1011200.000000
2016-07-25	-0.000599	0.034422	0.036532	0.025238	-0.048248	1345600.000000
2016-07-22	0.009306	0.045426	0.046929	0.041919	0.742958	1130000.000000
2016-07-21	-0.003373	0.036657	0.039653	0.031789	-0.270164	796400.000000
2016-07-20	0.018276	0.042382	0.057509	0.041365	1.437660	1604500.000000
2016-07-19	-0.006217	0.026301	0.034260	0.026301	-0.492089	1602700.000000
2016-07-18	0.005269	0.040344	0.043646	0.037677	0.414895	1587500.000000
2016-07-15	-0.004999	0.033249	0.036155	0.029331	-0.395592	1292200.000000
2016-07-14	-0.000122	0.033881	0.036913	0.032744	-0.009651	1000900.000000
2016-07-13	0.004285	0.041610	0.044401	0.038184	0.337700	1165800.000000
2016-07-12	-0.007654	0.029608	0.032378	0.026586	-0.607865	1710900.000000
2016-07-11	0.002192	0.041581	0.042970	0.037796	0.173676	858900.000000
2016-07-08	0.004034	0.034254	0.042996	0.032987	0.318405	1134700.000000
2016-07-07	-0.002682	0.032490	0.038177	0.028826	-0.212265	1299700.000000
2016-07-06	0.003671	0.028925	0.040973	0.025374	0.289459	1345500.000000
2016-07-05	-0.011970	0.024754	0.029516	0.020368	-0.955223	1575300.000000
2016-07-01	0.002424	0.036408	0.040427	0.035277	0.192970	1038900.000000
2016-06-30	0.016383	0.042280	0.054281	0.036535	1.283280	1709800.000000
2016-06-29	0.019977	0.057373	0.062451	0.053596	1.534149	2548400.000000
2016-06-28	0.030425	0.056266	0.068477	0.053314	2.267448	1622200.000000
2016-06-27	0.001816	0.046758	0.047296	0.029149	0.135079	2681100.000000
2016-06-24	-0.044254	-0.005989	0.019577	-0.009715	-3.444588	3171400.000000
2016-06-23	0.012044	0.044989	0.049540	0.037708	0.926277	1549700.000000
2016-06-22	0.003146	0.033929	0.048146	0.033929	0.241219	2884400.000000
2016-06-21	0.010042	0.044707	0.051031	0.040360	0.762245	2431600.000000
2016-06-20	0.009755	0.061150	0.062215	0.046118	0.733299	2306000.000000
2016-06-17	0.013266	0.053526	0.055143	0.044899	0.984169	3353000.000000
2016-06-16	0.006677	0.031387	0.043735	0.021482	0.492088	1628300.000000
2016-06-15	-0.003912	0.038705	0.043571	0.031677	-0.289466	1398400.000000
2016-06-14	-0.008406	0.028366	0.031047	0.021263	-0.627167	1699400.000000
2016-06-13	-0.020395	0.020653	0.027480	0.014745	-1.553444	2201500.000000
2016-06-10	-0.019501	0.015296	0.019930	0.012078	-1.514847	1414700.000000
2016-06-09	-0.010812	0.028003	0.032460	0.022910	-0.849083	1057400.000000
2016-06-08	-0.002696	0.032090	0.034630	0.028280	-0.212272	1552900.000000
2016-06-07	0.003690	0.044693	0.044820	0.039849	0.289466	1541900.000000
2016-06-06	0.004447	0.037688	0.043961	0.037688	0.347351	944000.000000
2016-06-03	0.002974	0.034995	0.041929	0.029217	0.231568	1158600.000000
2016-06-02	0.013563	0.044347	0.052677	0.044087	1.042061	2599300.000000
2016-06-01	0.001509	0.040057	0.042404	0.036668	0.115783	2002500.000000
2016-05-31	-0.007490	0.036407	0.039254	0.023600	-0.578926	1630700.000000
2016-05-27	-0.000374	0.039253	0.039511	0.034468	-0.028938	1246800.000000
2016-05-26	0.003004	0.038094	0.041207	0.036537	0.231567	1584300.000000
2016-05-25	0.018873	0.051870	0.058478	0.047377	1.428009	2267800.000000
2016-05-24	0.003712	0.034020	0.043969	0.033489	0.279816	1729200.000000
2016-05-23	0.030875	0.064167	0.070321	0.059928	2.257797	5051800.000000
2016-05-20	0.014728	0.048341	0.052781	0.047647	1.061356	1052400.000000
2016-05-19	-0.014514	0.022733	0.027656	0.016579	-1.061356	1971200.000000
2016-05-18	0.001057	0.036408	0.044484	0.029563	0.077187	2204900.000000
2016-05-17	0.001058	0.029008	0.040930	0.027911	0.077194	2633800.000000
2016-05-16	0.012043	0.034466	0.049583	0.033495	0.868378	1114100.000000
2016-05-13	-0.002003	0.033778	0.042913	0.033086	-0.144722	1398100.000000
2016-05-12	-0.003460	0.041649	0.042614	0.028684	-0.250870	1525800.000000
2016-05-11	-0.002390	0.033931	0.040398	0.032830	-0.173675	1611700.000000
2016-05-10	0.011007	0.043363	0.048511	0.040859	0.791191	1928700.000000
2016-05-09	0.019849	0.049886	0.058966	0.048893	1.399063	2281000.000000
2016-05-06	-0.014436	0.018230	0.023683	0.013336	-1.032417	2200000.000000
2016-05-05	-0.002825	0.034316	0.036686	0.028739	-0.202622	1542200.000000
2016-05-04	-0.023387	0.021156	0.021973	0.010535	-1.717468	2171900.000000
2016-05-03	-0.009500	0.031147	0.032631	0.024134	-0.704354	2128300.000000
2016-05-02	0.011452	0.042819	0.048413	0.040773	0.839432	4038100.000000
2016-04-29	-0.010936	0.034923	0.035868	0.020621	-0.810486	2307000.000000
2016-04-28	-0.002208	0.033984	0.040850	0.030618	-0.164032	2260500.000000
2016-04-27	0.001170	0.032364	0.040182	0.032229	0.086838	2500900.000000
2016-04-26	0.005098	0.043723	0.044536	0.035595	0.376305	2939500.000000
2016-04-25	0.000261	0.044403	0.044403	0.034646	0.019295	4225400.000000
2016-04-22	0.002622	0.035864	0.039668	0.032739	0.192977	3873900.000000
2016-04-21	-0.004048	0.034513	0.040602	0.028559	-0.299110	1616900.000000
2016-04-20	-0.004808	0.033310	0.034388	0.024153	-0.357002	1767500.000000
2016-04-19	0.008650	0.044829	0.051077	0.040754	0.636810	2056500.000000
2016-04-18	0.008592	0.038874	0.051204	0.038326	0.627167	1677200.000000
2016-04-15	-0.005783	0.026737	0.031640	0.023468	-0.424538	2091300.000000
2016-04-14	0.008482	0.040941	0.046985	0.037781	0.617516	1579000.000000
2016-04-13	0.003458	0.034340	0.042197	0.031032	0.250862	1250700.000000
2016-04-12	0.001065	0.030336	0.039167	0.022609	0.077194	1649300.000000
2016-04-11	-0.001462	0.040817	0.042332	0.034203	-0.106140	2098600.000000
2016-04-08	0.004004	0.039589	0.046368	0.036961	0.289467	1479100.000000
2016-04-07	-0.002530	0.037235	0.039719	0.030060	-0.183327	2047900.000000
2016-04-06	0.034573	0.044545	0.073810	0.044402	2.421829	3500200.000000
2016-04-05	-0.001788	0.029710	0.036408	0.025577	-0.125442	2891900.000000
2016-04-04	0.018627	0.053100	0.059777	0.051649	1.283279	2273800.000000
2016-04-01	-0.014357	0.000211	0.023674	0.000067	-1.003464	3213800.000000
2016-03-31	-0.001516	0.036836	0.041264	0.034265	-0.106140	1945500.000000
2016-03-30	0.002626	0.037983	0.044858	0.036264	0.183335	2674500.000000
2016-03-29	-0.010529	0.014724	0.026345	0.007780	-0.742951	3792800.000000
2016-03-28	-0.002319	0.039235	0.040791	0.028772	-0.164032	1329200.000000
2016-03-24	-0.008253	0.027713	0.030238	0.022104	-0.588577	1361300.000000
2016-03-23	-0.006452	0.042956	0.043095	0.027491	-0.463135	2741800.000000
2016-03-22	0.009636	0.034157	0.050474	0.033594	0.685059	1722800.000000
2016-03-21	0.013759	0.041684	0.053092	0.041541	0.964874	1891300.000000
2016-03-18	-0.008188	0.018870	0.028205	0.018587	-0.578918	3375800.000000
2016-03-17	-0.000136	0.031317	0.040084	0.028913	-0.009652	1956500.000000
2016-03-16	0.005350	0.031289	0.044227	0.029583	0.376297	1863900.000000
2016-03-15	-0.011391	0.031207	0.032472	0.022212	-0.810485	3461800.000000
2016-03-14	-0.009404	0.032091	0.033066	0.026244	-0.675415	1471300.000000
2016-03-11	0.014584	0.039798	0.051946	0.038668	1.032409	1691200.000000
2016-03-10	0.013118	0.053438	0.062024	0.041416	0.916634	3518400.000000
2016-03-09	0.002908	0.038130	0.042005	0.035116	0.202621	1254000.000000
2016-03-08	-0.003725	0.036836	0.040125	0.031975	-0.260521	1639700.000000
2016-03-07	0.003878	0.029517	0.044590	0.027508	0.270172	2083400.000000
2016-03-04	-0.010281	0.025042	0.030298	0.019927	-0.723655	2149800.000000
2016-03-03	-0.006537	0.027516	0.030621	0.023564	-0.463143	2624100.000000
2016-03-02	0.008100	0.032424	0.045941	0.031712	0.569283	2539700.000000
2016-03-01	0.024328	0.051128	0.062496	0.045590	1.669220	2622300.000000
2016-02-29	-0.012772	0.028206	0.036839	0.022451	-0.887680	2140600.000000
2016-02-26	-0.007578	0.036693	0.036836	0.028411	-0.530678	3082300.000000
2016-02-25	0.012132	0.039154	0.049993	0.038431	0.839439	2199500.000000
2016-02-24	0.011596	0.034390	0.051057	0.032782	0.793122	2712000.000000
2016-02-23	-0.007814	0.076209	0.079835	0.067940	-0.538643	2312800.000000
2016-02-22	0.007055	0.080441	0.087745	0.079565	0.482925	2409300.000000
2016-02-19	0.000000	0.077665	0.081172	0.071530	0.000000	1992500.000000
2016-02-18	0.000815	0.087754	0.088485	0.075181	0.055718	3285900.000000
2016-02-17	0.004912	0.076348	0.083547	0.072234	0.334327	3132200.000000
2016-02-16	0.008116	0.076197	0.090416	0.073382	0.547928	3625700.000000
2016-02-12	0.006925	0.079026	0.085141	0.071271	0.464341	2123200.000000
2016-02-11	-0.010823	0.066757	0.070741	0.055545	-0.733658	2357300.000000
2016-02-10	0.005095	0.088948	0.099031	0.081385	0.343605	2742800.000000
2016-02-09	-0.007652	0.063252	0.077230	0.057955	-0.520058	2702700.000000
2016-02-08	-0.015472	0.056653	0.064330	0.049409	-1.067993	2831500.000000
2016-02-05	-0.009725	0.075354	0.077076	0.061152	-0.677933	2306700.000000
2016-02-04	-0.018952	0.051878	0.064545	0.048501	-1.346603	2220600.000000
2016-02-03	0.008967	0.082895	0.086445	0.066849	0.631500	2218700.000000
2016-02-02	-0.018636	0.062436	0.063690	0.053378	-1.337296	2927700.000000
2016-02-01	-0.008978	0.067812	0.071541	0.058421	-0.650093	1867100.000000
2016-01-29	0.018683	0.070318	0.097047	0.069896	1.328026	3653800.000000
2016-01-28	-0.021102	0.062742	0.064119	0.041672	-1.532333	3311900.000000
2016-01-27	-0.053848	0.038351	0.040175	0.011118	-4.132660	4515000.000000
2016-01-26	0.012497	0.084045	0.091829	0.076789	0.947266	2557600.000000
2016-01-25	-0.007539	0.067885	0.078098	0.063565	-0.575791	2314700.000000
2016-01-22	0.029802	0.099441	0.111441	0.097688	2.210281	2239400.000000
2016-01-21	-0.007827	0.070234	0.072909	0.060468	-0.585075	2642800.000000
2016-01-20	-0.006174	0.064557	0.077853	0.046476	-0.464340	2157200.000000
2016-01-19	0.009473	0.095579	0.096921	0.077728	0.705795	2628200.000000
2016-01-15	-0.029867	0.043066	0.056217	0.036295	-2.293854	2197600.000000
2016-01-14	0.019855	0.086881	0.102816	0.078648	1.495194	2909800.000000
2016-01-13	-0.013984	0.082288	0.084645	0.061470	-1.068001	2233500.000000
2016-01-12	0.007349	0.086549	0.089978	0.072436	0.557213	1585800.000000
2016-01-11	0.000981	0.082994	0.083522	0.064511	0.074303	3543500.000000
2016-01-08	-0.028354	0.069605	0.071145	0.043949	-2.210282	2104600.000000
2016-01-07	-0.012819	0.062732	0.069444	0.058807	-1.012268	2318800.000000
2016-01-06	-0.013687	0.055930	0.064923	0.055930	-1.095848	2736900.000000
2016-01-05	0.005364	0.070510	0.083193	0.070008	0.427193	2674200.000000
2016-01-04	-0.003371	0.071157	0.073660	0.057140	-0.269318	2285700.000000
2015-12-31	-0.017023	0.063257	0.068301	0.058213	-1.383743	1041900.000000
2015-12-30	-0.005906	0.081803	0.082170	0.070430	-0.482926	1586000.000000
2015-12-29	0.014986	0.090691	0.094291	0.088581	1.207299	1831600.000000
2015-12-28	0.003238	0.086627	0.086627	0.077661	0.260032	1721000.000000
2015-12-24	-0.001962	0.072439	0.079523	0.072439	-0.157875	877400.000000
2015-12-23	0.021096	0.082119	0.100393	0.081865	1.662354	2221600.000000
2015-12-22	0.002008	0.083274	0.083656	0.072847	0.157875	1390200.000000
2015-12-21	-0.001062	0.083648	0.085935	0.069676	-0.083588	1393100.000000
2015-12-18	-0.006213	0.077041	0.083227	0.069594	-0.492202	2205900.000000
2015-12-17	-0.013987	0.070690	0.078905	0.060981	-1.123711	1898100.000000
2015-12-16	0.014423	0.090931	0.094087	0.078683	1.142288	1940400.000000
2015-12-15	0.008515	0.079463	0.090924	0.079336	0.668655	1645500.000000
2015-12-14	0.000473	0.078827	0.082649	0.067107	0.037148	2000900.000000
2015-12-11	-0.006816	0.076283	0.082863	0.067426	-0.538643	2609900.000000
2015-12-10	0.013578	0.092692	0.101028	0.086536	1.058708	2582800.000000
2015-12-09	-0.011887	0.074888	0.077169	0.060188	-0.937980	2523700.000000
2015-12-08	-0.007128	0.070498	0.075153	0.063200	-0.566498	2895700.000000
2015-12-07	-0.007423	0.076539	0.077913	0.067048	-0.594361	1940500.000000
2015-12-04	0.019631	0.084684	0.099328	0.083156	1.541626	2460700.000000
2015-12-03	-0.005411	0.089201	0.090467	0.067417	-0.427200	3213100.000000
2015-12-02	-0.010820	0.070525	0.073532	0.061755	-0.863678	1854500.000000
2015-12-01	0.008329	0.087906	0.088285	0.077294	0.659371	1515500.000000
2015-11-30	-0.006990	0.075660	0.078922	0.068635	-0.557213	1706100.000000
2015-11-27	-0.001280	0.083053	0.086561	0.073782	-0.102158	1327100.000000
2015-11-25	-0.005208	0.080777	0.080902	0.071181	-0.417915	1861700.000000
2015-11-24	-0.002885	0.067469	0.078156	0.066599	-0.232170	1626800.000000
2015-11-23	-0.019242	0.064114	0.067526	0.055095	-1.578759	1560800.000000
2015-11-20	-0.002484	0.081409	0.083840	0.073750	-0.204315	1171500.000000
2015-11-19	0.001130	0.083361	0.084822	0.076424	0.092865	1275300.000000
2015-11-18	0.012011	0.086396	0.091447	0.078760	0.975121	3485500.000000
2015-11-17	0.004250	0.081737	0.093364	0.080500	0.343613	2212300.000000
2015-11-16	0.008925	0.080907	0.087397	0.079909	0.715095	1374000.000000
2015-11-13	-0.006677	0.064144	0.074929	0.063400	-0.538635	1611500.000000
2015-11-12	-0.012618	0.065038	0.075810	0.063202	-1.030846	2084800.000000
2015-11-11	-0.004301	0.082883	0.084345	0.070817	-0.352898	1778000.000000
2015-11-10	-0.002033	0.067180	0.076546	0.065964	-0.167167	1604300.000000
2015-11-09	-0.012273	0.065016	0.069461	0.060090	-1.021553	1158900.000000
2015-11-06	-0.007200	0.074046	0.074165	0.064265	-0.603653	1366600.000000
2015-11-05	0.004339	0.089726	0.089726	0.077388	0.362190	1236000.000000
2015-11-04	-0.003547	0.082877	0.083831	0.068672	-0.297180	2580400.000000
2015-11-03	-0.009117	0.066617	0.069692	0.062714	-0.770813	1639700.000000
2015-11-02	0.006746	0.079766	0.085362	0.078694	0.566505	965400.000000
2015-10-30	-0.005827	0.077144	0.083182	0.070515	-0.492202	1163600.000000
2015-10-29	-0.000989	0.068274	0.078563	0.067801	-0.083588	1391000.000000
2015-10-28	0.010095	0.096738	0.097575	0.074639	0.845108	2401000.000000
2015-10-27	-0.023402	0.051007	0.062439	0.049023	-2.005974	2688200.000000
2015-10-26	-0.007313	0.069725	0.077021	0.065671	-0.631500	1779800.000000
2015-10-23	0.005950	0.076672	0.090186	0.075624	0.510773	2609900.000000
2015-10-22	0.009171	0.070911	0.089604	0.067149	0.780105	1952800.000000
2015-10-21	-0.008015	0.075389	0.076905	0.057896	-0.687233	1603400.000000
2015-10-20	-0.019018	0.072213	0.072213	0.053450	-1.662346	1124600.000000
2015-10-19	-0.009576	0.071350	0.072257	0.061492	-0.845100	1196400.000000
2015-10-16	0.012465	0.084131	0.091129	0.083328	1.086563	1239800.000000
2015-10-15	0.019110	0.080063	0.097483	0.080063	1.634483	1605400.000000
2015-10-14	0.011866	0.084715	0.093470	0.082941	1.002991	2088500.000000
2015-10-13	-0.014402	0.073058	0.075506	0.060465	-1.235161	1264300.000000
2015-10-12	0.004897	0.073625	0.084639	0.073625	0.417908	1095700.000000
2015-10-09	-0.007667	0.073301	0.076208	0.063185	-0.659370	1695600.000000
2015-10-08	0.011026	0.077612	0.089837	0.073733	0.937980	2223200.000000
2015-10-07	-0.018957	0.058683	0.068486	0.051648	-1.643783	3113600.000000
2015-10-06	-0.008811	0.077246	0.079990	0.059757	-0.770806	2247600.000000
2015-10-05	0.009971	0.082446	0.090989	0.082446	0.863678	1532200.000000
2015-10-02	0.014908	0.068704	0.092841	0.065306	1.272301	1501500.000000
2015-10-01	-0.000218	0.081475	0.082646	0.064137	-0.018570	1508400.000000
2015-09-30	0.026810	0.106138	0.107341	0.097117	2.228851	1783200.000000
2015-09-29	-0.003451	0.068518	0.082902	0.065521	-0.287902	1999700.000000
2015-09-28	-0.016208	0.092237	0.092237	0.054029	-1.374451	2373700.000000
2015-09-25	-0.005338	0.101421	0.102829	0.065646	-0.455063	2788100.000000
2015-09-24	-0.006601	0.075507	0.077139	0.062340	-0.566498	1913400.000000
2015-09-23	-0.004524	0.076905	0.079689	0.069829	-0.390045	2707400.000000
2015-09-22	-0.031609	0.049044	0.051964	0.034778	-2.813927	2730200.000000
2015-09-21	-0.008174	0.085702	0.087707	0.063531	-0.733658	1658400.000000
2015-09-18	-0.013373	0.067336	0.075800	0.060411	-1.216575	1414800.000000
2015-09-17	0.002353	0.069186	0.090231	0.069186	0.213585	1095100.000000
2015-09-16	0.014007	0.084274	0.093994	0.081370	1.253738	1706100.000000
2015-09-15	0.007948	0.078816	0.086699	0.076338	0.705795	1060200.000000
2015-09-14	-0.009632	0.067532	0.069094	0.060729	-0.863678	1062600.000000
2015-09-11	0.002909	0.064038	0.080368	0.064038	0.260041	870200.000000
2015-09-10	0.004801	0.084656	0.089826	0.079037	0.427192	1834000.000000
2015-09-09	-0.004468	0.096593	0.097712	0.070411	-0.399337	1414200.000000
2015-09-08	0.017874	0.093075	0.098199	0.085330	1.569481	1364100.000000
2015-09-04	-0.008494	0.067868	0.072837	0.059287	-0.752236	2265400.000000
2015-09-03	-0.002510	0.083998	0.085912	0.071608	-0.222885	2157900.000000
2015-09-02	0.009717	0.076789	0.087366	0.072808	0.854393	3480500.000000
2015-09-01	-0.026126	0.054748	0.058292	0.045555	-2.358871	1856800.000000
2015-08-31	-0.011489	0.072847	0.075913	0.062446	-1.049408	2156500.000000
2015-08-28	-0.002940	0.063798	0.074496	0.062379	-0.269326	1483500.000000
2015-08-27	0.015546	0.085436	0.097187	0.080336	1.402321	1996800.000000
2015-08-26	0.020917	0.103839	0.104292	0.071922	1.848084	5408900.000000
2015-08-25	0.003481	0.119152	0.119493	0.078947	0.306473	2680800.000000
2015-08-24	-0.028188	0.046547	0.059681	0.015533	-2.553887	5420600.000000
2015-08-21	-0.030701	0.062881	0.070156	0.043410	-2.869652	1988100.000000
2015-08-20	-0.022816	0.065812	0.067589	0.052117	-2.182419	1018400.000000
2015-08-19	-0.002131	0.073764	0.078249	0.066566	-0.204307	862200.000000
2015-08-18	-0.000678	0.077623	0.079812	0.073453	-0.065003	951700.000000
2015-08-17	0.007904	0.077314	0.086351	0.072271	0.752228	1033700.000000
2015-08-14	0.003231	0.080057	0.081532	0.075524	0.306465	1007900.000000
2015-08-13	0.000980	0.077950	0.081010	0.073940	0.092873	1002700.000000
2015-08-12	-0.000490	0.072360	0.077844	0.062235	-0.046425	1351800.000000
2015-08-11	-0.008738	0.077207	0.078043	0.064139	-0.835831	1141700.000000
2015-08-10	0.007729	0.076578	0.087640	0.076473	0.733666	749800.000000
2015-08-07	-0.001173	0.070686	0.076263	0.066056	-0.111443	1107700.000000
2015-08-06	-0.008910	0.077519	0.078979	0.064483	-0.854393	1329000.000000
2015-08-05	-0.003090	0.069511	0.077621	0.069095	-0.297172	2063100.000000
2015-08-04	-0.007570	0.074828	0.075963	0.066058	-0.733666	2087900.000000
2015-08-03	0.005880	0.084262	0.084677	0.075336	0.566498	1923800.000000
2015-07-31	0.005524	0.090564	0.093173	0.081276	0.529350	1477100.000000
2015-07-30	-0.004919	0.070247	0.073362	0.062873	-0.473632	978500.000000
2015-07-29	0.008756	0.085169	0.089255	0.084017	0.835823	1492400.000000
2015-07-28	0.012310	0.084000	0.090257	0.078910	1.160858	1393200.000000
2015-07-27	-0.002554	0.083982	0.084193	0.071500	-0.241463	1693900.000000
2015-07-24	-0.012130	0.079401	0.080551	0.061429	-1.160858	1301200.000000
2015-07-23	0.017275	0.101344	0.101344	0.091352	1.625206	2608400.000000
2015-07-22	-0.023238	0.066406	0.067237	0.048652	-2.238136	3047900.000000
2015-07-21	-0.022710	0.082979	0.082979	0.043913	-2.238137	3123600.000000
2015-07-20	0.002930	0.086151	0.087271	0.075568	0.287896	2228000.000000
2015-07-17	-0.000094	0.070073	0.076687	0.069666	-0.009285	1243200.000000
2015-07-16	0.014963	0.090318	0.095792	0.088873	1.448745	1666600.000000
2015-07-15	-0.015672	0.068961	0.069673	0.057473	-1.541618	2095400.000000
2015-07-14	0.017386	0.087546	0.096233	0.085374	1.680931	1832900.000000
2015-07-13	0.008622	0.090976	0.091707	0.082318	0.826523	2326200.000000
2015-07-10	0.031994	0.118237	0.119098	0.108763	2.971802	2479300.000000
2015-07-09	0.009997	0.098318	0.102124	0.087227	0.919403	1661000.000000
2015-07-08	-0.001412	0.079503	0.083304	0.072229	-0.130020	1661700.000000
2015-07-07	0.005577	0.077117	0.084432	0.063359	0.510780	2524900.000000
2015-07-06	-0.011824	0.052297	0.067942	0.051326	-1.095856	1960300.000000
2015-07-02	0.012992	0.091107	0.092637	0.085970	1.188721	3750900.000000
2015-07-01	0.001831	0.077446	0.087082	0.075475	0.167175	6571500.000000
2015-06-30	-0.001928	0.087062	0.087062	0.069358	-0.176452	5584400.000000
2015-06-29	-0.013911	0.074741	0.077005	0.060840	-1.290879	1665000.000000
2015-06-26	-0.008927	0.073371	0.076896	0.064400	-0.835823	1511300.000000
2015-06-25	-0.007970	0.073610	0.077531	0.066829	-0.752235	991400.000000
2015-06-24	-0.011189	0.062750	0.074065	0.062750	-1.067993	889200.000000
2015-06-23	0.006463	0.082588	0.087122	0.081323	0.612938	999100.000000
2015-06-22	0.019263	0.094415	0.103120	0.092158	1.792358	1278200.000000
2015-06-19	-0.013489	0.070640	0.071594	0.058341	-1.272293	2619500.000000
2015-06-18	0.004550	0.072529	0.086481	0.072103	0.427193	1332800.000000
2015-06-17	-0.001087	0.072533	0.077640	0.068916	-0.102150	1025600.000000
2015-06-16	0.010988	0.089696	0.092493	0.083243	1.021553	1301400.000000
2015-06-15	-0.016794	0.049293	0.060503	0.047389	-1.588059	1439900.000000
2015-06-12	-0.009147	0.069873	0.071026	0.063691	-0.872963	749400.000000
2015-06-11	0.001267	0.078573	0.080461	0.070284	0.120735	819500.000000
2015-06-10	0.020788	0.093497	0.101958	0.088784	1.940949	1237800.000000
2015-06-09	-0.008872	0.066917	0.070632	0.063626	-0.835823	1011000.000000
2015-06-08	-0.000197	0.075197	0.079336	0.071801	-0.018562	964100.000000
2015-06-05	-0.015430	0.053487	0.062369	0.051711	-1.476624	1313500.000000
2015-06-04	-0.006172	0.070766	0.078866	0.065366	-0.594360	861700.000000
2015-06-03	0.007286	0.084948	0.091852	0.083170	0.696525	856900.000000
2015-06-02	-0.003292	0.074808	0.077727	0.071159	-0.315758	833000.000000
2015-06-01	0.005354	0.088319	0.089262	0.077313	0.510773	976100.000000
2015-05-29	-0.014580	0.075136	0.079991	0.056234	-1.411598	2149100.000000
2015-05-28	0.006955	0.080429	0.085110	0.076477	0.668655	662300.000000
2015-05-27	0.016894	0.087577	0.096990	0.086731	1.597344	799100.000000
2015-05-26	-0.019644	0.069012	0.069220	0.055222	-1.894524	1144100.000000
2015-05-22	-0.008970	0.068157	0.074425	0.066719	-0.872970	617100.000000
2015-05-21	0.012464	0.087193	0.093435	0.084592	1.198005	1413500.000000
2015-05-20	-0.002890	0.070357	0.076478	0.069009	-0.278602	984500.000000
2015-05-19	-0.002499	0.075133	0.079065	0.073167	-0.241455	753700.000000
2015-05-18	0.002988	0.083120	0.085092	0.076893	0.287887	1121400.000000
2015-05-15	-0.001444	0.070156	0.077307	0.067151	-0.139305	1151600.000000
2015-05-14	0.011980	0.092416	0.092940	0.085284	1.142288	973300.000000
2015-05-13	0.002637	0.081731	0.086358	0.078471	0.250740	943800.000000
2015-05-12	-0.000195	0.074791	0.080364	0.071742	-0.018570	1130300.000000
2015-05-11	-0.004858	0.066222	0.077626	0.066013	-0.464340	970900.000000
2015-05-08	0.013291	0.088663	0.097250	0.088557	1.253723	899500.000000
2015-05-07	-0.000590	0.078378	0.082087	0.074670	-0.055717	1117600.000000
2015-05-06	-0.005285	0.075630	0.083534	0.066882	-0.501488	1257900.000000
2015-05-05	-0.013898	0.083025	0.083648	0.060368	-1.337311	1303500.000000
2015-05-04	0.002516	0.075955	0.080852	0.074393	0.241463	1306200.000000
2015-05-01	0.015226	0.079856	0.094771	0.079856	1.439453	1005100.000000
2015-04-30	-0.009149	0.073540	0.081400	0.065260	-0.872963	1301900.000000
2015-04-29	-0.011640	0.071610	0.087355	0.062805	-1.123703	1737500.000000
2015-04-28	0.000385	0.071608	0.082903	0.066323	0.037140	1175000.000000
2015-04-27	-0.003548	0.084120	0.089387	0.072452	-0.343613	1424000.000000
2015-04-24	-0.011564	0.066889	0.069440	0.060969	-1.132995	821000.000000
2015-04-23	0.019816	0.093963	0.101458	0.083659	1.903808	1684500.000000
2015-04-22	-0.005958	0.069650	0.073995	0.067477	-0.575790	1424500.000000
2015-04-21	0.017899	0.098485	0.102276	0.095115	1.699501	1542000.000000
2015-04-20	-0.002147	0.076894	0.080888	0.073006	-0.204315	1235500.000000
2015-04-17	-0.008228	0.069493	0.071577	0.061780	-0.789383	1244400.000000
2015-04-16	0.000872	0.074390	0.082318	0.072512	0.083580	939500.000000
2015-04-15	-0.000194	0.078041	0.079709	0.070322	-0.018570	1120700.000000
2015-04-14	0.008794	0.082681	0.088889	0.081103	0.835815	992400.000000
2015-04-13	-0.011971	0.067329	0.071175	0.061819	-1.151573	1833900.000000
2015-04-10	0.009847	0.084663	0.089702	0.082563	0.937981	2227800.000000
2015-04-09	0.011139	0.089102	0.090376	0.083370	1.049408	1387200.000000
2015-04-08	0.001184	0.083059	0.084335	0.072963	0.111450	1307500.000000
2015-04-07	0.010673	0.093223	0.099667	0.086671	0.993691	1144200.000000
2015-04-06	0.004710	0.076357	0.084991	0.074091	0.436485	708100.000000
2015-04-02	-0.000801	0.081641	0.084768	0.074740	-0.074295	1076700.000000
2015-04-01	0.012676	0.092295	0.093278	0.080174	1.160858	1405500.000000
2015-03-31	-0.026651	0.050324	0.059677	0.048092	-2.507454	1764400.000000
2015-03-30	0.009064	0.076574	0.089230	0.076145	0.845100	1121300.000000
2015-03-27	0.008437	0.080574	0.088037	0.079925	0.780098	1133200.000000
2015-03-26	-0.007971	0.072712	0.072819	0.062734	-0.742942	983500.000000
2015-03-25	-0.015016	0.081439	0.083447	0.060091	-1.420899	1299100.000000
2015-03-24	-0.004592	0.082049	0.084363	0.071529	-0.436478	1469800.000000
2015-03-23	0.006688	0.083461	0.089709	0.079119	0.631508	1588200.000000
2015-03-20	0.018123	0.099754	0.102665	0.091560	1.680916	2112600.000000
2015-03-19	-0.005279	0.065528	0.074215	0.065528	-0.492203	957900.000000
2015-03-18	0.028689	0.084181	0.108894	0.082526	2.600327	1834100.000000
2015-03-17	-0.002861	0.073269	0.077009	0.067658	-0.260033	1155400.000000
2015-03-16	0.008656	0.079452	0.090770	0.079008	0.780098	1343100.000000
2015-03-13	0.000000	0.069465	0.077566	0.066802	0.000000	2213000.000000
2015-03-12	0.008732	0.081490	0.086975	0.077013	0.780106	2571700.000000
2015-03-11	0.000000	0.075222	0.080595	0.071640	0.000000	2005900.000000
2015-03-10	-0.018267	0.060416	0.062833	0.052833	-1.662354	2661600.000000
2015-03-09	0.005438	0.076237	0.084633	0.072922	0.492203	1163900.000000
2015-03-06	-0.015058	0.065472	0.072001	0.059486	-1.383743	1223500.000000
2015-03-05	-0.000909	0.077876	0.081790	0.070700	-0.083588	1498300.000000
2015-03-04	-0.000202	0.069506	0.078528	0.061897	-0.018570	1267900.000000
2015-03-03	-0.010093	0.076036	0.079371	0.064092	-0.937973	1270200.000000
2015-03-02	0.004890	0.079352	0.086164	0.077189	0.452263	1021800.000000
2015-02-27	-0.005825	0.106389	0.110044	0.100584	-0.541878	850000.000000
2015-02-26	0.003507	0.103366	0.111133	0.101640	0.325135	908700.000000
2015-02-25	-0.000097	0.107033	0.110701	0.100777	-0.009034	999200.000000
2015-02-24	-0.003398	0.098864	0.107142	0.097037	-0.316101	1655400.000000
2015-02-23	0.003899	0.114588	0.115883	0.105954	0.361252	1350100.000000
2015-02-20	0.003423	0.097178	0.113422	0.095013	0.316101	1088100.000000
2015-02-19	0.000783	0.108658	0.112993	0.105407	0.072251	931000.000000
2015-02-18	-0.000782	0.106599	0.108440	0.098153	-0.072251	1219900.000000
2015-02-17	0.000489	0.106382	0.108332	0.099557	0.045151	1534100.000000
2015-02-13	-0.001661	0.103139	0.108871	0.100327	-0.153534	1526400.000000
2015-02-12	0.000880	0.087438	0.108223	0.086680	0.081291	1823500.000000
2015-02-11	0.000098	0.098046	0.107899	0.097722	0.009033	1717000.000000
2015-02-10	-0.001854	0.102062	0.105952	0.096334	-0.171600	2639500.000000
2015-02-09	0.037570	0.146606	0.160509	0.145260	3.350655	4349700.000000
2015-02-06	0.009817	0.125705	0.129328	0.113024	0.867004	2623800.000000
2015-02-05	-0.003668	0.099352	0.103188	0.092245	-0.325127	2445000.000000
2015-02-04	0.007597	0.125209	0.126459	0.112364	0.668313	2414800.000000
2015-02-03	-0.002458	0.106002	0.107363	0.094549	-0.216744	1351000.000000
2015-02-02	0.002567	0.105430	0.110205	0.095313	0.225777	1539200.000000
2015-01-30	-0.017749	0.093180	0.100103	0.087485	-1.589516	1483700.000000
2015-01-29	0.021110	0.119791	0.131193	0.116599	1.851433	1935400.000000
2015-01-28	-0.018397	0.101653	0.108816	0.085984	-1.643715	1985000.000000
2015-01-27	0.025288	0.130085	0.142249	0.124692	2.203659	3132400.000000
2015-01-26	-0.003923	0.120394	0.120394	0.097876	-0.343193	4615600.000000
2015-01-23	0.000310	0.120627	0.121198	0.105763	0.027107	1882300.000000
2015-01-22	-0.019342	0.077536	0.088860	0.074845	-1.724998	3062400.000000
2015-01-21	-0.026902	0.086736	0.089901	0.070370	-2.465584	6145100.000000
2015-01-20	0.005250	0.124579	0.125237	0.104288	0.478668	2847400.000000
2015-01-16	0.003679	0.095800	0.114184	0.088534	0.334160	8590500.000000
2015-01-15	0.038942	0.129094	0.153113	0.114340	3.404839	11050800.000000
2015-01-14	0.004670	0.108513	0.115408	0.105640	0.406410	2084900.000000
2015-01-13	0.009217	0.120353	0.126268	0.109452	0.794761	1727600.000000
2015-01-12	-0.006658	0.105867	0.107019	0.096536	-0.578010	1265400.000000
2015-01-09	0.008922	0.121080	0.125147	0.112595	0.767677	1977500.000000
2015-01-08	0.034756	0.132504	0.150543	0.130460	2.890038	1932600.000000
2015-01-07	0.004364	0.103384	0.114859	0.102176	0.361259	1432300.000000
2015-01-06	-0.008437	0.106411	0.110603	0.089643	-0.704452	1180100.000000
2015-01-05	0.002168	0.121412	0.121652	0.106409	0.180626	1378000.000000
2015-01-02	-0.004425	0.109281	0.111909	0.099482	-0.370285	723900.000000
2014-12-31	-0.005901	0.108199	0.114495	0.099171	-0.496727	922500.000000
2014-12-30	-0.006925	0.102058	0.104418	0.096750	-0.587037	631800.000000
2014-12-29	-0.002550	0.107131	0.109838	0.102307	-0.216751	1243200.000000
2014-12-26	0.002023	0.111022	0.112319	0.105716	0.171593	390200.000000
2014-12-24	0.007078	0.107724	0.116630	0.107724	0.596077	471400.000000
2014-12-23	-0.021511	0.100046	0.101788	0.078784	-1.851440	1974400.000000
2014-12-22	0.007293	0.114973	0.118133	0.112165	0.623168	1236600.000000
2014-12-19	0.000423	0.105376	0.112284	0.100575	0.036126	1593000.000000
2014-12-18	0.024705	0.124046	0.134603	0.120926	2.059150	1275300.000000
2014-12-17	0.006983	0.107732	0.119693	0.105195	0.578011	2071000.000000
2014-12-16	0.000109	0.101812	0.121627	0.100845	0.009033	1371300.000000
2014-12-15	-0.020103	0.102276	0.105473	0.083925	-1.697906	1195900.000000
2014-12-12	-0.008692	0.111357	0.112296	0.097625	-0.740570	1606000.000000
2014-12-11	0.001061	0.107602	0.116766	0.106427	0.090316	962200.000000
2014-12-10	-0.001060	0.115113	0.115347	0.103963	-0.090316	1449800.000000
2014-12-09	-0.014932	0.098462	0.100312	0.083085	-1.291489	1503100.000000
2014-12-08	-0.000626	0.105632	0.109560	0.104476	-0.054184	656300.000000
2014-12-05	0.000626	0.102971	0.110486	0.101700	0.054184	737800.000000
2014-12-04	0.001150	0.108754	0.113499	0.104124	0.099342	1330700.000000
2014-12-03	-0.003334	0.102289	0.105634	0.096405	-0.289001	1651100.000000
2014-12-02	-0.004254	0.092545	0.103918	0.090133	-0.370293	2608200.000000
2014-12-01	-0.002690	0.109540	0.110113	0.102437	-0.234817	891000.000000
2014-11-28	0.011407	0.118257	0.123587	0.117330	0.984428	445700.000000
2014-11-26	0.005471	0.107948	0.115404	0.107599	0.469627	802600.000000
2014-11-25	0.002849	0.106782	0.111105	0.105263	0.243866	1795900.000000
2014-11-24	-0.002211	0.105617	0.108765	0.102469	-0.189674	759600.000000
2014-11-21	-0.003044	0.102484	0.104925	0.099695	-0.261902	1415500.000000
2014-11-20	-0.004805	0.103316	0.105861	0.099615	-0.415451	628900.000000
2014-11-19	0.001569	0.107249	0.112346	0.102847	0.135475	1346000.000000
2014-11-18	0.012715	0.115344	0.123908	0.114171	1.083763	1020000.000000
2014-11-17	0.004577	0.109017	0.116678	0.108310	0.388359	1071100.000000
2014-11-14	-0.004556	0.100210	0.104551	0.096104	-0.388359	1284600.000000
2014-11-13	0.018562	0.119318	0.130431	0.119079	1.553399	1242500.000000
2014-11-12	-0.001186	0.105578	0.111546	0.103788	-0.099343	639500.000000
2014-11-11	0.001511	0.105934	0.109401	0.101033	0.126442	990100.000000
2014-11-10	0.009481	0.113886	0.117868	0.108818	0.785721	833400.000000
2014-11-07	-0.002934	0.103038	0.105324	0.097143	-0.243836	1097100.000000
2014-11-06	-0.006477	0.101392	0.106891	0.098882	-0.541885	815100.000000
2014-11-05	0.007614	0.118932	0.119294	0.112187	0.632195	828500.000000
2014-11-04	0.002508	0.111717	0.113528	0.102661	0.207725	918500.000000
2014-11-03	-0.010681	0.095781	0.097215	0.089211	-0.894111	1077000.000000
2014-10-31	0.008048	0.112909	0.119050	0.110741	0.668319	967000.000000
2014-10-30	0.007009	0.099973	0.118405	0.091364	0.578018	844800.000000
2014-10-29	-0.011262	0.099336	0.103772	0.090823	-0.939270	955100.000000
2014-10-28	0.023722	0.137443	0.137934	0.127992	1.932717	1858200.000000
2014-10-27	0.000666	0.103933	0.112899	0.103196	0.054184	811600.000000
2014-10-24	0.010197	0.114321	0.120029	0.112833	0.821861	616800.000000
2014-10-23	0.011791	0.119175	0.124448	0.115660	0.939270	1067900.000000
2014-10-22	-0.004627	0.107499	0.113122	0.102001	-0.370293	1479200.000000
2014-10-21	0.008077	0.103596	0.117074	0.102084	0.641228	1319700.000000
2014-10-20	0.014660	0.106610	0.124632	0.105460	1.146996	1718300.000000
2014-10-17	0.018937	0.126394	0.136161	0.120663	1.454055	1627600.000000
2014-10-16	-0.013918	0.082207	0.099672	0.080923	-1.083778	3134300.000000
2014-10-15	-0.007482	0.101131	0.103170	0.079463	-0.587044	2023800.000000
2014-10-14	-0.005495	0.107503	0.113460	0.100277	-0.433502	1604200.000000
2014-10-13	-0.003877	0.118739	0.121265	0.101946	-0.307068	2072300.000000
2014-10-10	-0.015051	0.099663	0.103021	0.090584	-1.210205	1678500.000000
2014-10-09	-0.019061	0.102125	0.104809	0.084314	-1.562431	1387700.000000
2014-10-08	0.011479	0.097624	0.120823	0.097377	0.930229	1345000.000000
2014-10-07	-0.030889	0.081777	0.083571	0.072450	-2.582970	2132600.000000
2014-10-06	0.002382	0.107489	0.112044	0.104612	0.198685	1008100.000000
2014-10-03	-0.007201	0.094396	0.102608	0.093682	-0.605095	1611900.000000
2014-10-02	-0.001931	0.116039	0.116039	0.100241	-0.162575	1801700.000000
2014-10-01	-0.009667	0.111601	0.111719	0.094545	-0.821853	1918400.000000
2014-09-30	0.006092	0.112930	0.120031	0.112338	0.514793	1931200.000000
2014-09-29	0.004078	0.111289	0.115330	0.109032	0.343193	835200.000000
2014-09-26	0.002367	0.110108	0.113800	0.104152	0.198685	1142000.000000
2014-09-25	-0.006094	0.107012	0.108551	0.100146	-0.514786	1779700.000000
2014-09-24	0.001285	0.107130	0.110212	0.102626	0.108368	2843300.000000
2014-09-23	-0.006910	0.099715	0.104306	0.099009	-0.587021	1956900.000000
2014-09-22	0.001704	0.113263	0.113853	0.103358	0.144493	1264000.000000
2014-09-19	-0.009494	0.096036	0.099891	0.093700	-0.812828	2460700.000000
2014-09-18	0.000845	0.100937	0.108184	0.100586	0.072251	769600.000000
2014-09-17	0.003602	0.115109	0.120389	0.109947	0.307067	1045000.000000
2014-09-16	0.002124	0.104427	0.112187	0.101606	0.180626	819700.000000
2014-09-15	0.004480	0.105832	0.114689	0.104769	0.379326	684200.000000
2014-09-12	-0.006359	0.100326	0.101499	0.095749	-0.541885	1080300.000000
2014-09-11	0.003723	0.108780	0.112431	0.107013	0.316093	948200.000000
2014-09-10	0.001918	0.104653	0.110435	0.103827	0.162560	776900.000000
2014-09-09	0.005896	0.114371	0.118763	0.112235	0.496734	1120100.000000
2014-09-08	0.000107	0.107130	0.111167	0.104875	0.009034	1287800.000000
2014-09-05	-0.000643	0.101554	0.108317	0.100131	-0.054192	1398600.000000
2014-09-04	-0.009341	0.102548	0.103488	0.092793	-0.794762	1569600.000000
2014-09-03	0.005336	0.118001	0.118474	0.112448	0.451577	1612600.000000
2014-09-02	0.043076	0.145579	0.155069	0.144593	3.495140	5559900.000000
2014-08-29	0.001226	0.107989	0.110457	0.104534	0.099342	952000.000000
2014-08-28	-0.003000	0.098514	0.105650	0.097407	-0.243843	1240200.000000
2014-08-27	0.003233	0.113914	0.114284	0.108360	0.261917	1118100.000000
2014-08-26	0.006733	0.111971	0.117687	0.111225	0.541878	1034400.000000
2014-08-25	0.001799	0.105755	0.113847	0.105755	0.144508	783600.000000
2014-08-22	0.000000	0.110859	0.112104	0.105755	0.000000	651400.000000
2014-08-21	0.003950	0.111998	0.116622	0.110998	0.316094	1985600.000000
2014-08-20	-0.000338	0.105000	0.111247	0.103626	-0.027092	503800.000000
2014-08-19	0.012914	0.116487	0.123193	0.114335	1.020538	891700.000000
2014-08-18	0.006557	0.111070	0.116038	0.111070	0.514801	587000.000000
2014-08-15	-0.004694	0.112193	0.113841	0.093558	-0.370285	871100.000000
2014-08-14	0.007730	0.113765	0.116575	0.111082	0.605095	431200.000000
2014-08-13	0.005452	0.110075	0.115470	0.106735	0.424476	625100.000000
2014-08-12	0.006539	0.108283	0.116299	0.107378	0.505753	1539100.000000
2014-08-11	0.003398	0.117109	0.117887	0.110362	0.261909	875800.000000
2014-08-08	0.001173	0.099586	0.110756	0.096469	0.090317	1061500.000000
2014-08-07	-0.010332	0.099279	0.101208	0.094652	-0.803795	1141500.000000
2014-08-06	-0.003701	0.092266	0.105200	0.092266	-0.289001	901200.000000
2014-08-05	-0.006549	0.110048	0.110557	0.098598	-0.514786	842200.000000
2014-08-04	0.001496	0.112218	0.112218	0.102407	0.117401	1230100.000000
2014-08-01	-0.000460	0.096424	0.112598	0.096424	-0.036117	1378600.000000
2014-07-31	-0.016961	0.099111	0.101740	0.088469	-1.354714	1077500.000000
2014-07-30	0.002607	0.111768	0.112521	0.104613	0.207718	1010900.000000
2014-07-29	0.005013	0.116711	0.117341	0.111664	0.397385	843500.000000
2014-07-28	-0.007239	0.104118	0.104118	0.095852	-0.578018	1185600.000000
2014-07-25	-0.008078	0.102777	0.102777	0.095820	-0.650254	693200.000000
2014-07-24	0.001236	0.109612	0.111354	0.106503	0.099350	732300.000000
2014-07-23	-0.002689	0.104148	0.106505	0.100054	-0.216751	1020500.000000
2014-07-22	0.007563	0.112499	0.117498	0.111499	0.605103	947300.000000
2014-07-21	-0.002590	0.102636	0.108620	0.101764	-0.207733	1037600.000000
2014-07-18	0.003276	0.108000	0.113253	0.104998	0.261924	1530500.000000
2014-07-17	-0.016770	0.086958	0.096304	0.083761	-1.363754	2275400.000000
2014-07-16	-0.001109	0.110934	0.110934	0.105284	-0.090309	843400.000000
2014-07-15	-0.001219	0.111420	0.113383	0.103568	-0.099342	1031000.000000
2014-07-14	0.008155	0.116031	0.118505	0.114547	0.659286	629400.000000
2014-07-11	-0.003229	0.095660	0.106140	0.094674	-0.261902	915400.000000
2014-07-10	-0.002887	0.095079	0.104791	0.095079	-0.234810	856100.000000
2014-07-09	0.006144	0.104033	0.114547	0.103909	0.496712	840300.000000
2014-07-08	-0.008528	0.108598	0.108966	0.096212	-0.695412	1823100.000000
2014-07-07	-0.012469	0.095018	0.096592	0.092353	-1.029579	1211200.000000
2014-07-03	-0.000656	0.102045	0.106886	0.100714	-0.054184	803200.000000
2014-07-02	0.000219	0.103860	0.107975	0.101923	0.018059	477800.000000
2014-07-01	0.010383	0.116177	0.121070	0.114343	0.848946	713900.000000
2014-06-30	0.001660	0.109087	0.110679	0.105166	0.135475	1151900.000000
2014-06-27	0.002107	0.106390	0.111546	0.103812	0.171593	729500.000000
2014-06-26	-0.001660	0.103204	0.107249	0.097934	-0.135468	1178500.000000
2014-06-25	-0.002099	0.101256	0.105414	0.100277	-0.171600	1258300.000000
2014-06-24	0.000663	0.112267	0.112389	0.107249	0.054199	877200.000000
2014-06-23	-0.005606	0.101651	0.101894	0.096783	-0.460602	746300.000000
2014-06-20	0.001431	0.106152	0.110174	0.105177	0.117401	984200.000000
2014-06-19	0.004978	0.111536	0.113986	0.109699	0.406418	733200.000000
2014-06-18	0.006009	0.109713	0.114519	0.106017	0.487694	886900.000000
2014-06-17	-0.005864	0.099899	0.102349	0.097204	-0.478668	835700.000000
2014-06-16	0.011753	0.117164	0.121006	0.116172	0.948295	972400.000000
2014-06-13	0.000560	0.105513	0.110349	0.104149	0.045159	649600.000000
2014-06-12	-0.002458	0.105022	0.107373	0.102796	-0.198693	859400.000000
2014-06-11	-0.011267	0.100400	0.100767	0.094040	-0.921203	1027800.000000
2014-06-10	0.015935	0.121539	0.124893	0.118432	1.282463	2102100.000000
2014-06-09	0.001124	0.108493	0.111230	0.105756	0.090317	1187400.000000
2014-06-06	0.003382	0.112741	0.113490	0.108747	0.270942	1068200.000000
2014-06-05	0.003053	0.105747	0.112132	0.103744	0.243843	1176500.000000
2014-06-04	-0.004950	0.104010	0.104882	0.099152	-0.397377	2596600.000000
2014-06-03	0.000000	0.108869	0.109741	0.103512	0.000000	1687300.000000
2014-06-02	-0.013102	0.094955	0.094955	0.087947	-1.065704	1841400.000000
2014-05-30	-0.001109	0.098652	0.106512	0.097424	-0.090317	4092800.000000
2014-05-29	0.003004	0.111684	0.111930	0.107496	0.243851	543200.000000
2014-05-28	-0.004320	0.105777	0.107004	0.102221	-0.352226	2061100.000000
2014-05-27	0.000776	0.107617	0.109949	0.103812	0.063217	2354200.000000
2014-05-23	0.002556	0.107987	0.112417	0.106265	0.207718	2267000.000000
2014-05-22	0.005476	0.108486	0.114425	0.107744	0.442543	4141200.000000
2014-05-21	0.004603	0.109984	0.112967	0.108244	0.370285	1423100.000000
2014-05-20	-0.004915	0.100446	0.103786	0.097478	-0.397385	1522200.000000
2014-05-19	-0.004005	0.101213	0.103184	0.098133	-0.325119	1882900.000000
2014-05-16	-0.000556	0.108111	0.108234	0.101955	-0.045166	2671800.000000
2014-05-15	0.007732	0.108986	0.116183	0.107125	0.623169	4580200.000000
2014-05-14	0.008703	0.116636	0.120390	0.114508	0.695412	2354200.000000
2014-05-13	-0.001580	0.107249	0.108374	0.103500	-0.126435	1314500.000000
2014-05-12	0.002262	0.110881	0.111006	0.106372	0.180619	2628600.000000
2014-05-09	0.005688	0.114554	0.117073	0.110524	0.451576	2691700.000000
2014-05-08	-0.004530	0.110133	0.110384	0.100102	-0.361260	2331100.000000
2014-05-07	0.007300	0.112680	0.115837	0.109017	0.578019	1532400.000000
2014-05-06	-0.001139	0.113431	0.114061	0.104978	-0.090317	2310200.000000
2014-05-05	0.004693	0.104968	0.113079	0.102052	0.370285	984700.000000
2014-05-02	0.004138	0.114631	0.116794	0.109540	0.325134	1299500.000000
2014-05-01	0.000690	0.106867	0.111197	0.102282	0.054192	592000.000000
2014-04-30	0.005668	0.107249	0.113909	0.104688	0.442535	2049100.000000
2014-04-29	0.012769	0.112308	0.123204	0.112178	0.984421	2229500.000000
2014-04-28	0.010536	0.123372	0.123634	0.107118	0.803795	2438200.000000
2014-04-25	-0.001419	0.110783	0.111438	0.102406	-0.108376	1437000.000000
2014-04-24	-0.018336	0.087332	0.090416	0.075639	-1.426964	2549900.000000
2014-04-23	-0.004506	0.111854	0.112494	0.100981	-0.352226	1845800.000000
2014-04-22	0.012872	0.119817	0.124351	0.116578	0.993454	2158600.000000
2014-04-21	0.009330	0.107772	0.118103	0.105026	0.713486	1507200.000000
2014-04-17	0.003080	0.106462	0.113545	0.103576	0.234810	969600.000000
2014-04-16	0.007399	0.115971	0.116764	0.110156	0.559944	1024600.000000
2014-04-15	-0.000477	0.111344	0.114382	0.094569	-0.036118	2249400.000000
2014-04-14	0.014032	0.115419	0.124929	0.113812	1.047638	2669500.000000
2014-04-11	-0.013837	0.094965	0.102230	0.090739	-1.047638	1834400.000000
2014-04-10	-0.002380	0.112915	0.115419	0.103560	-0.180633	2665200.000000
2014-04-09	0.007312	0.102869	0.116408	0.102603	0.550918	1709700.000000
2014-04-08	0.010906	0.117313	0.121472	0.113556	0.812828	1732600.000000
2014-04-07	0.000121	0.109262	0.113959	0.104028	0.009026	1065700.000000
2014-04-04	-0.010790	0.100612	0.108444	0.092248	-0.812836	1573200.000000
2014-04-03	-0.013716	0.098477	0.098608	0.088396	-1.047630	1323600.000000
2014-04-02	0.000710	0.102270	0.109608	0.101484	0.054192	1165200.000000
2014-04-01	-0.005999	0.100998	0.105165	0.093835	-0.460595	1506400.000000
2014-03-31	0.042039	0.149997	0.156647	0.147283	3.097763	2309200.000000
2014-03-28	0.002704	0.115822	0.118816	0.107929	0.198685	896400.000000
2014-03-27	0.003206	0.111071	0.114757	0.106703	0.234818	1086300.000000
2014-03-26	-0.009283	0.106978	0.111306	0.096970	-0.686394	1176600.000000
2014-03-25	0.007011	0.112288	0.118281	0.106023	0.514793	1914500.000000
2014-03-24	-0.005261	0.107791	0.109552	0.094243	-0.388343	1102300.000000
2014-03-21	0.005165	0.120731	0.123454	0.110245	0.379318	1783900.000000
2014-03-20	0.001231	0.100568	0.110658	0.099478	0.090317	1129500.000000
2014-03-19	-0.017304	0.099612	0.102694	0.081390	-1.291489	1267400.000000
2014-03-18	0.005965	0.111832	0.121267	0.110079	0.442528	1416600.000000
2014-03-17	0.006864	0.109149	0.118920	0.109013	0.505767	620600.000000
2014-03-14	-0.000857	0.104673	0.110368	0.104266	-0.063232	929400.000000
2014-03-13	-0.013291	0.110326	0.113805	0.090391	-0.993446	1600300.000000
2014-03-12	-0.000483	0.103906	0.108854	0.102435	-0.036125	1563900.000000
2014-03-11	-0.001206	0.111122	0.114462	0.104578	-0.090317	1276200.000000
2014-03-10	-0.002887	0.107116	0.107116	0.098593	-0.216744	1641600.000000
2014-03-07	-0.008113	0.105664	0.106589	0.094700	-0.614143	1940400.000000
2014-03-06	0.008664	0.123238	0.124171	0.115643	0.650261	2067300.000000
2014-03-05	0.006419	0.115563	0.118245	0.112345	0.478660	1694600.000000
2014-03-04	0.015746	0.124275	0.128906	0.121142	1.156022	1598700.000000
2014-03-03	-0.022722	0.092739	0.094736	0.079827	-1.706933	1806500.000000
2014-02-28	0.007632	0.121601	0.121735	0.109395	0.568978	3376800.000000
2014-02-27	0.023038	0.128916	0.133719	0.127681	1.678932	2166300.000000
2014-02-26	-0.004654	0.144696	0.146472	0.138140	-0.340736	1471000.000000
2014-02-25	0.003353	0.150178	0.155660	0.145930	0.244644	2292600.000000
2014-02-24	0.010526	0.152314	0.163255	0.151068	0.760109	1732500.000000
2014-02-21	0.004497	0.154993	0.155966	0.147898	0.323280	2180500.000000
2014-02-20	0.006360	0.145959	0.156039	0.143580	0.454315	3033300.000000
2014-02-19	-0.011606	0.137641	0.142207	0.130308	-0.838760	3414500.000000
2014-02-18	-0.002652	0.139868	0.144560	0.139730	-0.192200	1968700.000000
2014-02-14	0.008021	0.148455	0.153741	0.147481	0.576645	1937600.000000
2014-02-13	0.005008	0.145119	0.150850	0.144140	0.358200	2281700.000000
2014-02-12	0.012491	0.143852	0.158856	0.143710	0.882439	2892800.000000
2014-02-11	0.003226	0.137743	0.150098	0.137459	0.227165	2305300.000000
2014-02-10	-0.003954	0.134800	0.141731	0.133668	-0.279579	2422700.000000
2014-02-07	0.021459	0.151350	0.169265	0.151206	1.485283	1498700.000000
2014-02-06	0.008530	0.159131	0.160005	0.152428	0.585373	1920300.000000
2014-02-05	0.004476	0.149389	0.152609	0.147048	0.305801	1732700.000000
2014-02-04	-0.005342	0.141793	0.142667	0.134078	-0.366959	2981200.000000
2014-02-03	-0.005691	0.156140	0.156863	0.136308	-0.393173	1953200.000000
2014-01-31	-0.010883	0.128380	0.137973	0.122940	-0.760101	2538700.000000
2014-01-30	0.008452	0.150624	0.155100	0.150191	0.585373	2659600.000000
2014-01-29	-0.003645	0.138373	0.145423	0.134201	-0.253372	4029200.000000
2014-01-28	0.009901	0.153276	0.156909	0.148773	0.681480	2051200.000000
2014-01-27	-0.013277	0.139112	0.139255	0.127357	-0.926117	2397800.000000
2014-01-24	-0.023842	0.125248	0.126507	0.114613	-1.703712	2208400.000000
2014-01-23	0.012378	0.159293	0.161985	0.153910	0.873695	2870100.000000
2014-01-22	-0.007128	0.137104	0.139214	0.134150	-0.506744	1275600.000000
2014-01-21	0.002341	0.147379	0.150763	0.144418	0.166008	1190500.000000
2014-01-17	-0.007337	0.141760	0.142600	0.134063	-0.524231	1006100.000000
2014-01-16	0.011628	0.156452	0.159284	0.154046	0.821281	1404700.000000
2014-01-15	0.001239	0.144843	0.149521	0.141299	0.087380	1533000.000000
2014-01-14	0.004354	0.146553	0.152390	0.144559	0.305786	917400.000000
2014-01-13	-0.011679	0.138931	0.142590	0.130348	-0.830002	1175300.000000
2014-01-10	0.006559	0.142010	0.152491	0.141444	0.463058	1641100.000000
2014-01-09	0.013800	0.145852	0.163657	0.138242	0.961068	2696100.000000
2014-01-08	0.003020	0.149312	0.152337	0.145279	0.209678	1078000.000000
2014-01-07	0.003536	0.152220	0.153810	0.146872	0.244637	2908500.000000
2014-01-06	0.001011	0.147164	0.152083	0.145138	0.069893	1056500.000000
2014-01-03	0.004954	0.147467	0.153574	0.145432	0.340744	736900.000000
2014-01-02	-0.020652	0.125479	0.129323	0.118359	-1.450333	1345400.000000
2013-12-31	0.000498	0.142850	0.145129	0.140143	0.034943	377400.000000
2013-12-30	-0.000622	0.142424	0.144417	0.135732	-0.043686	664000.000000
2013-12-27	0.018111	0.163259	0.167607	0.160070	1.249397	940500.000000
2013-12-26	0.002285	0.146158	0.148627	0.142816	0.157257	413700.000000
2013-12-24	0.001526	0.144268	0.146597	0.142668	0.104843	260300.000000
2013-12-23	0.004341	0.153766	0.154643	0.147774	0.297058	982400.000000
2013-12-20	-0.003182	0.146308	0.147619	0.139752	-0.218422	1463300.000000
2013-12-19	0.013414	0.152679	0.161832	0.151793	0.908646	2752500.000000
2013-12-18	0.010953	0.149335	0.160976	0.143216	0.733894	1459700.000000
2013-12-17	-0.003119	0.143220	0.145155	0.136079	-0.209671	1154100.000000
2013-12-16	0.001171	0.144708	0.151262	0.142176	0.078636	828700.000000
2013-12-13	0.002740	0.149488	0.150086	0.141722	0.183472	675500.000000
2013-12-12	-0.011736	0.141017	0.143083	0.128027	-0.795074	1539000.000000
2013-12-11	-0.006025	0.154243	0.154830	0.136196	-0.410637	1062100.000000
2013-12-10	-0.004593	0.140762	0.144852	0.135797	-0.314522	648900.000000
2013-12-09	-0.005331	0.137296	0.140928	0.134536	-0.366959	766000.000000
2013-12-06	0.010646	0.148523	0.157773	0.146174	0.725167	860800.000000
2013-12-05	-0.001153	0.146906	0.149399	0.141773	-0.078636	647100.000000
2013-12-04	-0.006112	0.134211	0.139750	0.132171	-0.419365	832900.000000
2013-12-03	-0.008585	0.143837	0.144849	0.132133	-0.594109	904100.000000
2013-12-02	0.001137	0.147453	0.150346	0.145572	0.078629	659100.000000
2013-11-29	0.006360	0.153003	0.157079	0.150819	0.436843	353200.000000
2013-11-27	-0.008325	0.143982	0.143982	0.133443	-0.576637	626200.000000
2013-11-26	-0.003143	0.143408	0.147438	0.139954	-0.218422	791500.000000
2013-11-25	-0.002258	0.148293	0.149442	0.140395	-0.157264	718400.000000
2013-11-22	0.006821	0.161763	0.162775	0.149330	0.471794	1133900.000000
2013-11-21	0.011111	0.155376	0.158446	0.154061	0.760109	1141000.000000
2013-11-20	-0.002675	0.149370	0.152724	0.141207	-0.183464	1524400.000000
2013-11-19	0.000892	0.143246	0.145873	0.141641	0.061157	1618400.000000
2013-11-18	-0.009096	0.142391	0.143114	0.133137	-0.629067	1551400.000000
2013-11-15	0.003804	0.143398	0.150510	0.142382	0.262108	1651100.000000
2013-11-14	0.000127	0.137156	0.145866	0.136721	0.008736	1157400.000000
2013-11-13	0.010379	0.143826	0.156879	0.142066	0.707695	864800.000000
2013-11-12	0.003214	0.151033	0.153682	0.146472	0.218422	905100.000000
2013-11-11	0.006990	0.155968	0.156709	0.149004	0.471802	678900.000000
2013-11-08	0.004682	0.137712	0.152300	0.136670	0.314529	1881800.000000
2013-11-07	-0.013092	0.131925	0.137214	0.129575	-0.891174	2820900.000000
2013-11-06	0.011818	0.158235	0.161654	0.152735	0.795074	1345000.000000
2013-11-05	-0.017857	0.124559	0.129230	0.121639	-1.223183	2662000.000000
2013-11-04	0.014887	0.141448	0.163524	0.140411	1.004754	2299000.000000
2013-11-01	-0.003869	0.140132	0.140870	0.135114	-0.262116	1241500.000000
2013-10-31	-0.016736	0.133385	0.136143	0.124968	-1.153274	1734000.000000
2013-10-30	-0.003034	0.151070	0.152227	0.136023	-0.209694	807600.000000
2013-10-29	-0.000632	0.147307	0.148174	0.139065	-0.043679	980800.000000
2013-10-28	0.003550	0.147897	0.151815	0.146446	0.244644	876600.000000
2013-10-25	0.009987	0.159508	0.160534	0.152034	0.681481	1032100.000000
2013-10-24	-0.000256	0.148808	0.149541	0.142948	-0.017479	1015400.000000
2013-10-23	0.004630	0.145443	0.151330	0.143676	0.314529	1844100.000000
2013-10-22	0.032669	0.166599	0.187271	0.166295	2.149292	1815900.000000
2013-10-21	0.003733	0.141356	0.149442	0.139983	0.244652	977700.000000
2013-10-18	-0.002924	0.133911	0.141669	0.133911	-0.192222	1206900.000000
2013-10-17	0.017032	0.161732	0.165136	0.154616	1.100853	1948700.000000
2013-10-16	0.001625	0.139446	0.149518	0.138206	0.104850	2342800.000000
2013-10-15	-0.017689	0.130859	0.133447	0.119747	-1.162025	3628900.000000
2013-10-14	0.003202	0.139520	0.148530	0.137993	0.209701	1287800.000000
2013-10-11	0.013386	0.155857	0.160190	0.154000	0.864960	1561400.000000
2013-10-10	0.013706	0.141736	0.162757	0.141579	0.873688	1876800.000000
2013-10-09	-0.011918	0.132159	0.139134	0.130144	-0.768845	2415200.000000
2013-10-08	-0.020040	0.131192	0.133775	0.121471	-1.319282	1903700.000000
2013-10-07	-0.005149	0.136399	0.140933	0.135341	-0.340744	623600.000000
2013-10-04	-0.000528	0.141086	0.146372	0.140783	-0.034958	672200.000000
2013-10-03	-0.002370	0.147422	0.148176	0.140341	-0.157257	767100.000000
2013-10-02	-0.009906	0.140531	0.141277	0.129641	-0.664009	1115800.000000
2013-10-01	0.000130	0.144410	0.147394	0.140083	0.008735	891200.000000
2013-09-30	-0.004800	0.139956	0.144708	0.136541	-0.323272	1637900.000000
2013-09-27	0.005216	0.149634	0.150679	0.145157	0.349479	1779000.000000
2013-09-26	0.003140	0.153693	0.154442	0.144260	0.209679	1037300.000000
2013-09-25	0.000917	0.149655	0.151004	0.144110	0.061165	1346100.000000
2013-09-24	-0.004821	0.142322	0.144112	0.136058	-0.323258	720600.000000
2013-09-23	0.003793	0.152494	0.153093	0.142164	0.253365	964000.000000
2013-09-20	0.004467	0.155688	0.156891	0.149672	0.297050	1193300.000000
2013-09-19	-0.007692	0.137247	0.138143	0.132771	-0.515472	1388700.000000
2013-09-18	0.019947	0.147908	0.168455	0.144407	1.310547	1659000.000000
2013-09-17	-0.001328	0.140303	0.144255	0.138631	-0.087380	969100.000000
2013-09-16	-0.011811	0.141706	0.141706	0.129990	-0.786323	1812400.000000
2013-09-13	0.000262	0.141855	0.147113	0.139601	0.017471	736900.000000
2013-09-12	-0.003662	0.142613	0.149050	0.139919	-0.244629	880100.000000
2013-09-11	0.005127	0.145312	0.152233	0.145161	0.340737	606000.000000
2013-09-10	0.004092	0.146372	0.152113	0.145919	0.270851	700900.000000
2013-09-09	-0.002108	0.140640	0.145313	0.135665	-0.139794	990500.000000
2013-09-06	0.013212	0.149447	0.162431	0.148073	0.864960	2096100.000000
2013-09-05	0.004289	0.147167	0.151923	0.143946	0.279587	990100.000000
2013-09-04	-0.001071	0.141495	0.146398	0.140269	-0.069893	915300.000000
2013-09-03	0.023431	0.182670	0.183611	0.167614	1.494022	1446800.000000
2013-08-30	0.005373	0.147555	0.153074	0.145033	0.340744	1767600.000000
2013-08-29	-0.011709	0.126328	0.135054	0.125704	-0.751377	1630800.000000
2013-08-28	-0.011307	0.130077	0.134545	0.127150	-0.733909	1265000.000000
2013-08-27	-0.011181	0.134962	0.140294	0.128716	-0.733910	1062900.000000
2013-08-26	-0.003845	0.146532	0.149264	0.138489	-0.253380	1991700.000000
2013-08-23	0.009098	0.146857	0.156045	0.145785	0.594124	1079800.000000
2013-08-22	0.006599	0.151034	0.154887	0.149184	0.428108	1095200.000000
2013-08-21	-0.006423	0.139965	0.145478	0.134604	-0.419372	2492200.000000
2013-08-20	0.025103	0.177059	0.179885	0.170936	1.598869	2228000.000000
2013-08-19	0.000824	0.147545	0.150373	0.144088	0.052425	1559700.000000
2013-08-16	-0.006818	0.144404	0.145964	0.133635	-0.436847	970800.000000
2013-08-15	-0.003803	0.133832	0.141450	0.126525	-0.244644	1019600.000000
2013-08-14	-0.002169	0.144560	0.147972	0.139750	-0.139786	869000.000000
2013-08-13	0.007786	0.146436	0.153940	0.140495	0.498005	977700.000000
2013-08-12	-0.002860	0.140662	0.144404	0.138947	-0.183468	935300.000000
2013-08-09	-0.004070	0.143317	0.146733	0.137107	-0.262116	972300.000000
2013-08-08	-0.000136	0.147043	0.148130	0.142386	-0.008751	954700.000000
2013-08-07	0.006141	0.153462	0.154868	0.147215	0.393181	1105000.000000
2013-08-06	0.011037	0.168720	0.169983	0.156561	0.698948	1364700.000000
2013-08-05	-0.003437	0.138107	0.143301	0.135432	-0.218418	784900.000000
2013-08-02	0.010420	0.153623	0.159825	0.150443	0.655274	1052700.000000
2013-08-01	0.005167	0.156547	0.157825	0.145678	0.323261	2240700.000000
2013-07-31	0.006890	0.150192	0.159044	0.148422	0.428123	2228200.000000
2013-07-30	-0.002804	0.145201	0.146164	0.139424	-0.174743	1065800.000000
2013-07-29	-0.006685	0.139139	0.147269	0.136589	-0.419381	1548500.000000
2013-07-26	-0.005953	0.125861	0.138063	0.124276	-0.375686	1412200.000000
2013-07-25	-0.006602	0.132124	0.137791	0.125040	-0.419380	1799100.000000
2013-07-24	0.000138	0.148968	0.149282	0.138892	0.008739	1347200.000000
2013-07-23	-0.002196	0.139847	0.144874	0.136705	-0.139786	1168800.000000
2013-07-22	0.003996	0.142667	0.150710	0.141563	0.253372	1781300.000000
2013-07-19	-0.001101	0.136052	0.147238	0.135422	-0.069896	918000.000000
2013-07-18	-0.003156	0.139063	0.144088	0.134037	-0.200958	1871800.000000
2013-07-17	-0.008031	0.140976	0.142223	0.131162	-0.515484	1641800.000000
2013-07-16	-0.003256	0.138504	0.143473	0.137727	-0.209679	1075000.000000
2013-07-15	0.000815	0.144093	0.145958	0.137100	0.052414	902500.000000
2013-07-12	0.002314	0.142846	0.147207	0.140509	0.148529	1070700.000000
2013-07-11	0.016321	0.162448	0.164189	0.154849	1.030964	1122400.000000
2013-07-10	0.015022	0.154683	0.165449	0.152594	0.934864	998800.000000
2013-07-09	0.002392	0.152291	0.152774	0.141821	0.148533	859400.000000
2013-07-08	0.004808	0.152166	0.154594	0.147311	0.297050	784300.000000
2013-07-05	0.000000	0.144398	0.148282	0.137924	0.000000	876900.000000
2013-07-03	0.000849	0.134192	0.147799	0.133383	0.052418	686800.000000
2013-07-02	-0.002963	0.135031	0.149243	0.134223	-0.183479	1450800.000000
2013-07-01	0.002263	0.147797	0.154433	0.144721	0.139808	907600.000000
2013-06-28	0.004118	0.151874	0.160163	0.144072	0.253369	2799400.000000
2013-06-27	0.011636	0.155905	0.166099	0.155083	0.707695	1166100.000000
2013-06-26	0.010158	0.158844	0.166982	0.153695	0.611584	3423200.000000
2013-06-25	0.007162	0.150247	0.154429	0.143054	0.428115	3121700.000000
2013-06-24	-0.016954	0.116110	0.130088	0.112821	-1.030964	3943000.000000
2013-06-21	-0.005856	0.146848	0.148156	0.131808	-0.358219	2368800.000000
2013-06-20	-0.026286	0.126412	0.127526	0.111926	-1.651287	1392700.000000
2013-06-19	-0.016685	0.136420	0.147533	0.125306	-1.065922	1003800.000000
2013-06-18	-0.002320	0.137376	0.144559	0.136907	-0.148529	879100.000000
2013-06-17	0.008948	0.157480	0.160946	0.149444	0.567917	1422500.000000
2013-06-14	-0.001786	0.137482	0.144088	0.136853	-0.113579	1204500.000000
2013-06-13	0.002480	0.141248	0.149447	0.139356	0.157261	979400.000000
2013-06-12	0.008195	0.162364	0.166020	0.152190	0.515488	1042700.000000
2013-06-11	-0.007855	0.137304	0.147872	0.135254	-0.498013	1774900.000000
2013-06-10	0.008197	0.145673	0.157757	0.141379	0.515481	1280600.000000
2013-06-07	0.007136	0.141196	0.153688	0.139275	0.445583	1521300.000000
2013-06-06	0.005487	0.144398	0.150839	0.136347	0.340744	1089100.000000
2013-06-05	-0.010854	0.142967	0.143285	0.127198	-0.681488	1126100.000000
2013-06-04	0.003772	0.151754	0.153513	0.144400	0.235905	1124600.000000
2013-06-03	-0.002369	0.130045	0.148228	0.121592	-0.148537	1683000.000000
2013-05-31	-0.018734	0.128908	0.133134	0.123118	-1.196957	2489200.000000
2013-05-30	0.005638	0.147078	0.154318	0.142199	0.358216	1214100.000000
2013-05-29	-0.009939	0.128821	0.134587	0.122899	-0.637799	3034800.000000
2013-05-28	-0.012238	0.131630	0.135786	0.125319	-0.795067	1817200.000000
2013-05-24	0.007315	0.152932	0.154017	0.145025	0.471795	1008900.000000
2013-05-23	-0.010721	0.140725	0.142872	0.123392	-0.698960	2017300.000000
2013-05-22	-0.000134	0.148240	0.161430	0.141799	-0.008728	1225800.000000
2013-05-21	0.006338	0.139621	0.154746	0.138386	0.410629	1520800.000000
2013-05-20	0.000135	0.145022	0.147338	0.141472	0.008728	847700.000000
2013-05-17	-0.011465	0.121976	0.131589	0.121519	-0.751380	1092100.000000
2013-05-16	-0.006490	0.137889	0.144408	0.134554	-0.428109	1208300.000000
2013-05-15	0.012200	0.147782	0.161132	0.147475	0.795075	1224400.000000
2013-05-14	-0.000804	0.143639	0.149159	0.140573	-0.052429	1186300.000000
2013-05-13	-0.003870	0.140588	0.142268	0.134937	-0.253373	1461200.000000
2013-05-10	0.009701	0.159055	0.161214	0.148415	0.629059	1592000.000000
2013-05-09	-0.010004	0.136773	0.142117	0.129903	-0.655273	1051500.000000
2013-05-08	0.022225	0.167189	0.174680	0.165784	1.424141	2422000.000000
2013-05-07	0.005346	0.150835	0.152090	0.147070	0.340736	1366900.000000
2013-05-06	-0.007348	0.143158	0.144404	0.135215	-0.471794	865700.000000
2013-05-03	-0.000136	0.144560	0.150166	0.142068	-0.008736	1650700.000000
2013-05-02	-0.002172	0.139742	0.147978	0.138810	-0.139808	2234300.000000
2013-05-01	-0.001356	0.142852	0.145801	0.135249	-0.087365	1475000.000000
2013-04-30	0.000271	0.143473	0.152786	0.141610	0.017479	1564200.000000
2013-04-29	0.009722	0.156157	0.160075	0.153806	0.620331	982700.000000
2013-04-26	-0.000821	0.147065	0.148318	0.142837	-0.052414	873800.000000
2013-04-25	0.008416	0.153087	0.159877	0.150086	0.532940	1906200.000000
2013-04-24	-0.010242	0.137839	0.139089	0.131118	-0.655273	2005100.000000
2013-04-23	0.008539	0.155909	0.163633	0.151495	0.541694	1490300.000000
2013-04-22	0.002347	0.140925	0.147245	0.135079	0.148526	1431900.000000
2013-04-19	0.005832	0.142176	0.151711	0.141699	0.366958	1104900.000000
2013-04-18	0.002227	0.149816	0.154275	0.143444	0.139790	1589800.000000
2013-04-17	-0.024304	0.131039	0.131505	0.105553	-1.563923	2975500.000000
2013-04-16	0.000951	0.143315	0.146582	0.136626	0.061165	1029800.000000
2013-04-15	0.004505	0.151747	0.159716	0.148622	0.288315	1437500.000000
2013-04-12	-0.000546	0.143778	0.144559	0.135658	-0.034951	976800.000000
2013-04-11	0.012853	0.147565	0.159428	0.147090	0.812550	1417000.000000
2013-04-10	0.013020	0.152892	0.161224	0.152892	0.812534	1696100.000000
2013-04-09	-0.001817	0.147439	0.147439	0.138322	-0.113571	1114600.000000
2013-04-08	0.014316	0.157214	0.160945	0.154618	0.882427	1441900.000000
2013-04-05	-0.006758	0.125706	0.136986	0.123450	-0.419376	1648600.000000
2013-04-04	-0.006295	0.129668	0.138475	0.128547	-0.393162	1399600.000000
2013-04-03	0.002243	0.153867	0.155312	0.145683	0.139794	1438300.000000
2013-04-02	0.003659	0.152130	0.155673	0.146170	0.227165	2078200.000000
2013-04-01	-0.002527	0.140704	0.146005	0.137972	-0.157269	1084900.000000
2013-03-28	0.011357	0.144559	0.158046	0.143422	0.698956	1674300.000000
2013-03-27	-0.008027	0.126668	0.136661	0.125540	-0.498005	2239800.000000
2013-03-26	0.010818	0.150099	0.158897	0.148796	0.664005	1806400.000000
2013-03-25	-0.008189	0.140843	0.146660	0.132117	-0.506744	1408500.000000
2013-03-22	0.002690	0.146018	0.154767	0.142453	0.166012	1389100.000000
2013-03-21	-0.009535	0.128030	0.135251	0.127227	-0.594120	1375600.000000
2013-03-20	0.014509	0.162794	0.166213	0.157747	0.891170	2132300.000000
2013-03-19	0.014430	0.161240	0.168177	0.155625	0.873692	2058000.000000
2013-03-18	-0.008442	0.133587	0.143413	0.133096	-0.515473	1947500.000000
2013-03-15	0.013633	0.157508	0.163649	0.151697	0.821282	2328500.000000
2013-03-14	0.005102	0.140889	0.152568	0.140889	0.305790	2319100.000000
2013-03-13	-0.013375	0.134024	0.135506	0.127440	-0.812538	1216100.000000
2013-03-12	0.007827	0.157168	0.157500	0.151362	0.471797	1450700.000000
2013-03-11	0.004514	0.145393	0.149892	0.143226	0.270844	1236100.000000
2013-03-08	-0.001018	0.145725	0.147723	0.140397	-0.061161	1220200.000000
2013-03-07	0.000874	0.147725	0.150725	0.144060	0.052425	860800.000000
2013-03-06	-0.003626	0.143397	0.144560	0.139247	-0.218425	974900.000000
2013-03-05	0.000580	0.150872	0.151869	0.143563	0.034942	1167300.000000
2013-03-04	0.011005	0.149934	0.157323	0.147583	0.655277	1882000.000000
2013-03-01	0.005162	0.141689	0.151650	0.140339	0.305790	1337400.000000
2013-02-28	0.007130	0.151360	0.161901	0.150170	0.419381	1942400.000000
2013-02-27	0.008539	0.146617	0.156219	0.146274	0.498008	1049800.000000
2013-02-26	0.002704	0.155907	0.160205	0.145935	0.157265	2007700.000000
2013-02-25	-0.001445	0.193552	0.200077	0.185655	-0.084171	5373700.000000
2013-02-22	0.006985	0.188577	0.196357	0.188059	0.404018	1172400.000000
2013-02-21	-0.015614	0.170189	0.171550	0.164913	-0.917465	1659500.000000
2013-02-20	0.002441	0.196589	0.198295	0.189594	0.143097	1584200.000000
2013-02-19	0.006358	0.190806	0.196471	0.189775	0.370350	1477800.000000
2013-02-15	0.007571	0.200513	0.201551	0.193767	0.437683	884800.000000
2013-02-14	0.001312	0.185807	0.190830	0.184941	0.075760	3030400.000000
2013-02-13	0.001168	0.193088	0.194822	0.187712	0.067337	1745400.000000
2013-02-12	0.003516	0.187189	0.195368	0.186145	0.202018	1849700.000000
2013-02-11	-0.000439	0.185623	0.189624	0.183536	-0.025260	1096600.000000
2013-02-08	0.004264	0.185263	0.194697	0.185089	0.244091	1165000.000000
2013-02-07	-0.013776	0.180134	0.181340	0.167902	-0.799614	2165700.000000
2013-02-06	0.008187	0.190317	0.198654	0.189796	0.471355	2675400.000000
2013-02-05	0.004405	0.194688	0.198352	0.192245	0.252510	922600.000000
2013-02-04	0.001471	0.191553	0.195571	0.188059	0.084171	1779500.000000
2013-02-01	0.002654	0.200321	0.200671	0.190861	0.151505	1735600.000000
2013-01-31	-0.005718	0.182659	0.190497	0.181266	-0.328259	1630000.000000
2013-01-30	0.006492	0.190162	0.196298	0.188584	0.370346	1423100.000000
2013-01-29	0.002811	0.195442	0.196673	0.188937	0.159920	1757800.000000
2013-01-28	0.008657	0.199052	0.202067	0.195329	0.488194	1451700.000000
2013-01-25	-0.006524	0.185416	0.188059	0.178722	-0.370350	1549200.000000
2013-01-24	0.001634	0.185588	0.192823	0.183294	0.092586	2179600.000000
2013-01-23	0.033779	0.243695	0.248255	0.225453	1.851769	4793300.000000
2013-01-22	-0.007770	0.175208	0.179190	0.170140	-0.429276	1555700.000000
2013-01-18	-0.006508	0.179427	0.184822	0.175471	-0.361934	1025100.000000
2013-01-17	0.013655	0.201365	0.206650	0.193891	0.749122	1910700.000000
2013-01-16	-0.000613	0.190609	0.194070	0.186601	-0.033668	2058100.000000
2013-01-15	-0.003971	0.171366	0.185881	0.170640	-0.218849	1349700.000000
2013-01-14	0.001376	0.187332	0.192419	0.184061	0.075756	1158800.000000
2013-01-11	0.003068	0.195166	0.196442	0.189516	0.168342	890900.000000
2013-01-10	0.008665	0.195228	0.201478	0.194492	0.471356	1129400.000000
2013-01-09	0.000310	0.179784	0.188610	0.179232	0.016838	1201500.000000
2013-01-08	0.002638	0.189902	0.191930	0.185293	0.143081	1236500.000000
2013-01-07	0.002489	0.184732	0.191201	0.183623	0.134682	1087200.000000
2013-01-04	0.009105	0.190483	0.200928	0.189737	0.488194	1393000.000000
2013-01-03	-0.002037	0.186756	0.188431	0.183033	-0.109429	1359400.000000
2013-01-02	0.008373	0.197443	0.202886	0.192000	0.446106	1316900.000000
2012-12-31	0.006359	0.185981	0.198258	0.185414	0.336685	1157000.000000
2012-12-28	-0.006790	0.185807	0.186933	0.179241	-0.361938	1414900.000000
2012-12-27	0.004123	0.196724	0.196912	0.184480	0.218853	1126800.000000
2012-12-26	0.000000	0.188059	0.191261	0.185798	0.000000	668200.000000
2012-12-24	-0.001899	0.182982	0.189187	0.174898	-0.101006	679800.000000
2012-12-21	-0.008940	0.170916	0.179860	0.168121	-0.479778	1832600.000000
2012-12-20	-0.002971	0.187130	0.188616	0.175797	-0.159927	1413000.000000
2012-12-19	-0.000156	0.194374	0.196232	0.186387	-0.008416	1666300.000000
2012-12-18	0.006610	0.190302	0.196659	0.187871	0.353516	1830700.000000
2012-12-17	0.005539	0.188623	0.196519	0.188247	0.294605	1179500.000000
2012-12-14	0.001903	0.185987	0.191826	0.183538	0.101006	1181700.000000
2012-12-13	-0.002688	0.186743	0.189937	0.183925	-0.143097	1363100.000000
2012-12-12	0.000633	0.191818	0.195578	0.186743	0.033672	1604200.000000
2012-12-11	0.010230	0.201162	0.203251	0.197364	0.538693	1903600.000000
2012-12-10	0.003851	0.192253	0.194350	0.191490	0.202011	1265500.000000
2012-12-07	-0.003199	0.181028	0.187868	0.178367	-0.168343	1036200.000000
2012-12-06	0.001923	0.191486	0.192438	0.186155	0.101002	1104100.000000
2012-12-05	-0.004626	0.179720	0.187869	0.178772	-0.244091	1479300.000000
2012-12-04	0.004969	0.187106	0.194724	0.186535	0.260925	1610600.000000
2012-12-03	0.005318	0.193228	0.197249	0.192462	0.277771	2036800.000000
2012-11-30	0.001614	0.189209	0.193812	0.186524	0.084164	1321000.000000
2012-11-29	0.010933	0.199109	0.205313	0.197752	0.563946	1368500.000000
2012-11-28	0.012056	0.193160	0.202578	0.190806	0.614456	1279100.000000
2012-11-27	-0.002964	0.187276	0.190602	0.182972	-0.151512	1485700.000000
2012-11-26	0.001815	0.183159	0.190606	0.180415	0.092586	1783100.000000
2012-11-23	0.020367	0.208856	0.214855	0.207056	1.018471	1286300.000000
2012-11-21	0.005415	0.194492	0.195699	0.190873	0.269344	1087700.000000
2012-11-20	-0.006724	0.173480	0.181268	0.172282	-0.336689	1362400.000000
2012-11-19	0.008305	0.197724	0.200946	0.194704	0.412442	1096000.000000
2012-11-16	0.000509	0.191886	0.192088	0.180604	0.025253	1882100.000000
2012-11-15	-0.011068	0.182480	0.184871	0.170725	-0.555531	2376300.000000
2012-11-14	-0.005172	0.192419	0.193014	0.179734	-0.260925	1807700.000000
2012-11-13	-0.001000	0.187662	0.198355	0.186078	-0.050506	1350800.000000
2012-11-12	-0.004975	0.191999	0.193575	0.181360	-0.252514	1243200.000000
2012-11-09	0.003662	0.191222	0.199330	0.190036	0.185176	1500800.000000
2012-11-08	-0.000333	0.191617	0.197350	0.186675	-0.016830	1304900.000000
2012-11-07	-0.003977	0.184908	0.188649	0.176442	-0.202011	2300000.000000
2012-11-06	-0.002645	0.177062	0.189826	0.175294	-0.134674	1867400.000000
2012-11-05	-0.002638	0.183554	0.187275	0.179049	-0.134674	952600.000000
2012-11-02	-0.002795	0.187473	0.194113	0.184348	-0.143090	1232800.000000
2012-11-01	0.006120	0.185308	0.199063	0.184718	0.311436	2105200.000000
2012-10-31	-0.006246	0.183762	0.186887	0.171655	-0.319855	2088400.000000
2012-10-26	-0.004744	0.179313	0.185143	0.177369	-0.244091	1527700.000000
2012-10-25	-0.004235	0.179930	0.184188	0.174705	-0.218849	2944300.000000
2012-10-24	-0.005186	0.186326	0.187673	0.178817	-0.269348	2412600.000000
2012-10-23	-0.024039	0.166075	0.167202	0.156680	-1.279392	2242400.000000
2012-10-22	0.001425	0.193139	0.194268	0.184860	0.075752	1193100.000000
2012-10-19	-0.009102	0.188245	0.188804	0.175753	-0.488193	1175700.000000
2012-10-18	0.003623	0.196105	0.198912	0.190304	0.193592	1588100.000000
2012-10-17	0.004907	0.195016	0.196897	0.192007	0.260929	1110800.000000
2012-10-16	0.013962	0.207125	0.208651	0.185770	0.732288	1794800.000000
2012-10-15	0.011362	0.200207	0.203485	0.196929	0.589195	1373400.000000
2012-10-12	0.001951	0.191923	0.195787	0.189025	0.101002	739700.000000
2012-10-11	-0.001786	0.194230	0.195002	0.184780	-0.092579	735500.000000
2012-10-10	-0.006452	0.184609	0.187484	0.177519	-0.336689	1043700.000000
2012-10-09	-0.014308	0.181259	0.182203	0.171059	-0.757538	1742300.000000
2012-10-08	0.003190	0.185595	0.193364	0.183321	0.168343	2549600.000000
2012-10-05	-0.000478	0.191657	0.194119	0.184271	-0.025253	1607300.000000
2012-10-04	0.014392	0.194975	0.206886	0.193630	0.749126	1747400.000000
2012-10-03	-0.005628	0.184238	0.185193	0.180608	-0.294601	883600.000000
2012-10-02	0.006799	0.199214	0.199214	0.191905	0.353512	1255600.000000
2012-10-01	0.008325	0.199695	0.206483	0.193489	0.429279	1850900.000000
2012-09-28	-0.004064	0.190376	0.190376	0.179946	-0.210426	1620600.000000
2012-09-27	0.010182	0.201131	0.202497	0.192351	0.521858	1132100.000000
2012-09-26	-0.009113	0.183032	0.183612	0.175105	-0.471356	1219100.000000
2012-09-25	0.001793	0.189995	0.198711	0.189802	0.092583	2029200.000000
2012-09-24	0.001306	0.191162	0.192713	0.188446	0.067341	1655500.000000
2012-09-21	0.011392	0.199827	0.204731	0.197670	0.580776	2333500.000000
2012-09-20	0.003978	0.188059	0.193375	0.187271	0.202011	1175300.000000
2012-09-19	0.002993	0.192009	0.194972	0.190034	0.151508	1182300.000000
2012-09-18	-0.000332	0.185097	0.190231	0.182530	-0.016830	2088000.000000
2012-09-17	0.005179	0.197784	0.200562	0.190837	0.260925	2275900.000000
2012-09-14	-0.003330	0.187861	0.190037	0.181135	-0.168342	2040200.000000
2012-09-13	0.010091	0.191855	0.200646	0.186660	0.505028	1393300.000000
2012-09-12	-0.001679	0.183471	0.188258	0.181277	-0.084168	1736000.000000
2012-09-11	0.010348	0.199949	0.203980	0.198135	0.513439	1775600.000000
2012-09-10	-0.015038	0.178133	0.180912	0.169399	-0.757538	1723400.000000
2012-09-07	-0.000334	0.187662	0.189646	0.184090	-0.016834	2165300.000000
2012-09-06	0.013029	0.198311	0.206352	0.197105	0.648117	2053000.000000
2012-09-05	0.009739	0.202064	0.206530	0.195772	0.479771	1729200.000000
