2017-09-01	-0.007246	0.001137	0.002273	-0.009520	-0.509994	1545200.000000
2017-08-31	0.003851	0.001284	0.004422	-0.001426	0.269996	2498300.000000
2017-08-30	-0.002135	-0.000996	0.000996	-0.003131	-0.150001	1223100.000000
2017-08-29	-0.000711	-0.001565	0.003840	-0.002276	-0.049996	1051100.000000
2017-08-28	0.003282	0.003139	0.005137	-0.001712	0.229996	3102000.000000
2017-08-25	0.004299	0.003153	0.008169	0.000573	0.300003	1353400.000000
2017-08-24	-0.001717	-0.000429	0.002003	-0.003147	-0.120003	1035700.000000
2017-08-23	0.003301	-0.000718	0.003445	-0.003445	0.230004	1066300.000000
2017-08-22	0.004614	0.001154	0.004614	-0.002307	0.320000	2269600.000000
2017-08-21	0.003037	0.001446	0.005496	-0.001157	0.209999	868400.000000
2017-08-18	0.002319	0.001160	0.007393	-0.003334	0.159996	2069200.000000
2017-08-17	-0.008338	-0.000431	0.001869	-0.008769	-0.579995	1246700.000000
2017-08-16	0.003028	0.001154	0.004759	-0.002451	0.210000	1327500.000000
2017-08-15	0.002602	-0.003614	0.006795	-0.009253	0.180000	1732300.000000
2017-08-14	0.002173	-0.000579	0.003767	-0.002898	0.150001	1294000.000000
2017-08-11	-0.001591	0.001736	0.004050	-0.004340	-0.110000	2199900.000000
2017-08-10	0.001594	-0.001739	0.004202	-0.004926	0.110000	1613100.000000
2017-08-09	-0.003321	0.003032	0.003032	-0.005054	-0.230003	1625100.000000
2017-08-08	0.004497	-0.002756	0.004642	-0.004497	0.309998	1416100.000000
2017-08-07	0.005689	-0.000146	0.006273	-0.004522	0.389999	1456700.000000
2017-08-04	-0.005224	-0.003918	-0.000435	-0.011609	-0.360001	1281300.000000
2017-08-03	0.007604	-0.000731	0.008773	-0.002778	0.520005	2407000.000000
2017-08-02	0.002492	-0.004104	0.003078	-0.009381	0.169998	1732700.000000
2017-08-01	0.007830	-0.002659	0.007978	-0.004136	0.529999	1893000.000000
2017-07-31	0.003558	0.001038	0.006227	-0.002669	0.240005	1438900.000000
2017-07-28	-0.001480	-0.001036	0.003405	-0.005773	-0.100006	1423500.000000
2017-07-27	-0.005155	0.004124	0.004124	-0.008395	-0.349999	2842200.000000
2017-07-26	0.005777	-0.001333	0.005777	-0.004444	0.390000	2056000.000000
2017-07-25	-0.005744	-0.001178	0.000884	-0.005891	-0.390000	2413500.000000
2017-07-24	-0.005274	-0.000733	0.000293	-0.008497	-0.360000	2242300.000000
2017-07-21	0.009166	-0.001774	0.009314	-0.004287	0.620003	1525400.000000
2017-07-20	0.008048	0.002534	0.010283	0.000447	0.540001	2462300.000000
2017-07-19	0.007054	0.002551	0.007054	-0.001201	0.470001	1396000.000000
2017-07-18	0.002256	0.002708	0.003761	-0.000301	0.149994	2090700.000000
2017-07-17	0.001959	-0.000151	0.002562	-0.003617	0.130005	1139000.000000
2017-07-14	0.002266	0.006495	0.010423	0.000453	0.150001	2406300.000000
2017-07-13	0.017835	0.004459	0.025523	0.002768	1.159996	5120700.000000
2017-07-12	-0.000154	0.009070	0.009685	-0.001076	-0.010002	2728200.000000
2017-07-11	-0.000154	0.002152	0.004765	-0.003382	-0.009995	1707100.000000
2017-07-10	-0.003980	0.002296	0.003674	-0.004593	-0.260002	1607800.000000
2017-07-07	0.001687	0.000767	0.005981	-0.001380	0.110001	1479600.000000
2017-07-06	-0.003515	-0.003515	0.002139	-0.005807	-0.230003	2894200.000000
2017-07-05	-0.002743	0.001524	0.004724	-0.006401	-0.180001	1836600.000000
2017-07-03	-0.011300	0.002260	0.003767	-0.011300	-0.750000	1525400.000000
2017-06-30	0.004085	0.002572	0.011800	0.001059	0.270005	3129200.000000
2017-06-29	0.000000	-0.005446	0.003480	-0.010136	0.000000	3256500.000000
2017-06-28	-0.006165	0.003157	0.005713	-0.007217	-0.410004	2684000.000000
2017-06-27	-0.015854	0.003530	0.007229	-0.008308	-1.071465	2266300.000000
2017-06-26	0.001323	0.010043	0.017007	0.005302	0.089295	1965100.000000
2017-06-23	-0.011336	0.007236	0.008701	-0.005508	-0.773834	2768400.000000
2017-06-22	-0.005348	0.006075	0.011320	0.001849	-0.367074	1524100.000000
2017-06-21	-0.000578	0.008842	0.010881	0.002726	-0.039688	1761700.000000
2017-06-20	0.002752	0.009283	0.012057	0.006362	0.188500	1216800.000000
2017-06-19	-0.001880	0.008989	0.010884	0.003305	-0.128975	2979800.000000
2017-06-16	0.001448	0.013223	0.014829	0.007239	0.099213	4509100.000000
2017-06-15	0.010388	0.005019	0.021094	0.003840	0.704391	4010800.000000
2017-06-14	0.013193	0.015738	0.025152	0.010808	0.882957	2995200.000000
2017-06-13	0.001931	0.007969	0.011562	0.004076	0.128975	1964900.000000
2017-06-12	-0.015787	0.006201	0.007085	-0.007944	-1.071464	2567800.000000
2017-06-09	-0.001168	0.003407	0.010324	-0.001597	-0.079361	2750100.000000
2017-06-08	-0.007679	0.007969	0.007969	-0.007950	-0.525810	2735600.000000
2017-06-07	0.004950	0.008262	0.015454	0.006354	0.337310	1688400.000000
2017-06-06	-0.000582	0.010902	0.010902	0.005475	-0.039688	2149500.000000
2017-06-05	-0.001888	0.007090	0.010750	0.005480	-0.128967	1377000.000000
2017-06-02	-0.000581	0.028892	0.028892	0.005042	-0.039688	2371700.000000
2017-06-01	0.007458	0.006642	0.015929	0.002662	0.505974	2883900.000000
2017-05-31	0.007217	0.009157	0.016729	0.008563	0.486122	3183300.000000
2017-05-30	0.007718	0.007669	0.019040	0.004228	0.515884	1958400.000000
2017-05-26	0.001189	0.008418	0.013961	0.006770	0.079369	4077100.000000
2017-05-25	0.016005	0.009795	0.026536	0.005381	1.051620	5289300.000000
2017-05-24	0.001058	0.010102	0.013149	0.007512	0.069443	2476700.000000
2017-05-23	0.003489	0.008274	0.019741	0.006440	0.228188	2990400.000000
2017-05-22	0.005951	0.005816	0.017504	0.003970	0.386917	2847400.000000
2017-05-19	-0.001371	0.009505	0.011501	0.001979	-0.089287	3901400.000000
2017-05-18	0.004592	0.011672	0.020466	0.005192	0.297623	3335700.000000
2017-05-17	-0.003356	0.007969	0.016119	0.001664	-0.218262	4720000.000000
2017-05-16	-0.013692	0.009334	0.011002	-0.006136	-0.902802	4067200.000000
2017-05-15	0.001960	0.008121	0.014807	0.005689	0.128968	1703200.000000
2017-05-12	0.006220	0.009192	0.016532	0.008580	0.406769	2251500.000000
2017-05-11	-0.008573	0.004330	0.005240	-0.009616	-0.565499	4307300.000000
2017-05-10	-0.004193	0.008875	0.012196	-0.006071	-0.277786	3011100.000000
2017-05-09	-0.002986	0.007818	0.009624	0.002701	-0.198418	1716400.000000
2017-05-08	-0.002532	0.009920	0.010221	0.003315	-0.168655	1443900.000000
2017-05-05	0.002688	0.011431	0.014141	0.006162	0.178573	2352100.000000
2017-05-04	0.002846	0.007063	0.011894	0.004195	0.188500	1823400.000000
2017-05-03	-0.000299	0.007063	0.014609	0.004347	-0.019844	2477700.000000
2017-05-02	0.004965	0.012822	0.021770	0.003115	0.327392	2883700.000000
2017-05-01	-0.008799	0.008420	0.008420	-0.005261	-0.585342	2639300.000000
2017-04-28	-0.003418	0.007669	0.008268	-0.002219	-0.228172	3693100.000000
2017-04-27	0.004179	0.009323	0.018500	0.007367	0.277786	2027600.000000
2017-04-26	-0.009755	0.005436	0.008267	-0.001864	-0.654785	2349700.000000
2017-04-25	-0.001918	0.003954	0.008266	0.000683	-0.128975	2065800.000000
2017-04-24	0.006832	0.005873	0.015454	0.004076	0.456367	2705000.000000
2017-04-21	0.002681	0.005267	0.014874	0.004816	0.178574	2200200.000000
2017-04-20	-0.005774	0.007969	0.007969	-0.004418	-0.386917	2029000.000000
2017-04-19	0.000148	0.007073	0.011103	0.004386	0.009926	2883200.000000
2017-04-18	0.000741	0.008267	0.012898	0.004682	0.049598	1493000.000000
2017-04-17	0.005064	0.007368	0.013223	0.006918	0.337319	1241400.000000
2017-04-13	-0.005628	0.006924	0.007819	-0.002481	-0.376999	1429600.000000
2017-04-12	0.007611	0.004208	0.016091	0.002854	0.505966	1824200.000000
2017-04-11	-0.000895	0.006917	0.007818	0.000154	-0.059524	1234900.000000
2017-04-10	0.000895	0.007969	0.009774	0.001952	0.059524	1607600.000000
2017-04-07	-0.005196	0.009764	0.011410	0.001385	-0.347229	1658800.000000
2017-04-06	-0.001778	0.004682	0.009014	0.003189	-0.119057	2230800.000000
2017-04-05	0.008368	0.006161	0.017458	0.004053	0.555581	3078100.000000
2017-04-04	0.005711	0.007211	0.016452	0.004333	0.376991	1360000.000000
2017-04-03	0.002712	0.007513	0.011614	-0.000537	0.178573	1839100.000000
2017-03-31	0.000000	0.007665	0.014652	0.007665	0.000000	1951300.000000
2017-03-30	-0.004052	0.003733	0.006456	-0.001411	-0.267860	1536400.000000
2017-03-29	-0.003291	0.007667	0.008270	0.003144	-0.218254	1363900.000000
2017-03-28	0.002232	0.015961	0.018530	0.011579	0.147720	2690500.000000
2017-03-27	-0.009873	0.017302	0.019995	0.001591	-0.659866	3474700.000000
2017-03-24	0.004738	0.013553	0.026632	0.013102	0.315163	2590600.000000
2017-03-23	0.001186	0.019270	0.025893	0.013551	0.078796	1898100.000000
2017-03-22	0.002228	0.018977	0.029537	0.014603	0.147728	2219000.000000
2017-03-21	0.017382	0.016585	0.035154	0.016124	1.132599	2682300.000000
2017-03-20	-0.006457	0.015357	0.020236	0.006208	-0.423485	1661000.000000
2017-03-17	0.008634	0.018433	0.030121	0.016895	0.561379	3267200.000000
2017-03-16	-0.012711	0.012016	0.012016	-0.000131	-0.837151	2504100.000000
2017-03-15	0.018273	0.018140	0.037931	0.017058	1.181854	2241900.000000
2017-03-14	-0.001217	0.014276	0.017673	0.008562	-0.078789	1603200.000000
2017-03-13	0.001828	0.014429	0.018297	0.009787	0.118187	1900300.000000
2017-03-10	0.007677	0.021437	0.026582	0.016448	0.492440	2349200.000000
2017-03-09	-0.000461	0.015980	0.021746	0.014578	-0.029557	1655100.000000
2017-03-08	-0.016601	0.004937	0.005550	-0.003645	-1.083366	2430800.000000
2017-03-07	0.007604	0.014122	0.025393	0.013504	0.492447	1961900.000000
2017-03-06	-0.004692	0.012283	0.015818	0.008903	-0.305313	2808100.000000
2017-03-03	-0.001662	0.016584	0.016584	0.003850	-0.108338	2771900.000000
2017-03-02	0.005011	0.015357	0.028463	0.011502	0.325005	2765600.000000
2017-03-01	-0.013483	0.003796	0.012771	-0.001680	-0.886383	3499700.000000
2017-02-28	0.009528	0.017200	0.027796	0.013821	0.620468	2404100.000000
2017-02-27	-0.003166	0.015663	0.015969	0.008775	-0.206825	1402900.000000
2017-02-24	0.014065	0.019859	0.029949	0.017530	0.906090	2748900.000000
2017-02-23	0.010037	0.018963	0.027900	0.017082	0.640167	2069200.000000
2017-02-22	0.001856	0.016299	0.019912	0.010802	0.118187	1805400.000000
2017-02-21	0.011264	0.015357	0.029177	0.010274	0.709110	1829600.000000
2017-02-17	0.008361	0.019041	0.028331	0.017760	0.521984	2501500.000000
2017-02-16	0.007150	0.028424	0.031650	0.016486	0.443195	2473100.000000
2017-02-15	-0.006001	0.007820	0.013593	-0.000999	-0.374252	1898900.000000
2017-02-14	-0.005809	0.013125	0.017111	0.003241	-0.364403	2011900.000000
2017-02-13	0.005367	0.014075	0.021768	0.011350	0.334858	2034500.000000
2017-02-10	0.007314	0.009868	0.025205	0.007769	0.453041	1328800.000000
2017-02-09	-0.004432	0.015357	0.019054	0.007963	-0.275764	1802600.000000
2017-02-08	0.021672	0.026524	0.044752	0.025374	1.319729	2835300.000000
2017-02-07	0.003245	0.016840	0.020629	0.013874	0.196975	908100.000000
2017-02-06	0.000650	0.016511	0.020797	0.013049	0.039399	993000.000000
2017-02-03	-0.005811	0.013554	0.017324	0.006506	-0.354557	1907600.000000
2017-02-02	0.017408	0.020193	0.033867	0.017025	1.043968	1990900.000000
2017-02-01	-0.016158	0.007154	0.009779	-0.005642	-0.984875	1787400.000000
2017-01-31	0.021624	0.018039	0.037649	0.015022	1.290184	2618500.000000
2017-01-30	-0.000660	0.019042	0.020382	0.007820	-0.039390	1538800.000000
2017-01-27	-0.002304	0.018699	0.019702	0.012182	-0.137883	1375700.000000
2017-01-26	-0.001315	0.014523	0.023034	0.010684	-0.078792	1569900.000000
2017-01-25	-0.000821	0.010521	0.015023	0.008187	-0.049244	1355100.000000
2017-01-24	-0.001640	0.014358	0.016855	0.010695	-0.098492	1775800.000000
2017-01-23	-0.006030	0.017674	0.019825	0.008903	-0.364403	1917700.000000
2017-01-20	0.004255	0.018847	0.023500	0.013197	0.256073	1764000.000000
2017-01-19	-0.005857	0.007427	0.019487	0.006932	-0.354557	1892400.000000
2017-01-18	-0.005180	0.010755	0.015028	0.008454	-0.315158	2107800.000000
2017-01-17	0.019808	0.018206	0.036140	0.018206	1.181846	2505300.000000
2017-01-13	-0.000495	0.015189	0.020383	0.008321	-0.029545	1684200.000000
2017-01-12	-0.004435	0.014356	0.017025	0.002682	-0.265915	2495700.000000
2017-01-11	0.013484	0.018061	0.032598	0.017216	0.797749	2476000.000000
2017-01-10	-0.003814	0.015862	0.018388	0.008453	-0.226521	1495400.000000
2017-01-09	-0.015028	0.015025	0.018840	-0.001560	-0.906089	1939400.000000
2017-01-06	0.011232	0.012003	0.028942	0.008481	0.669715	3100300.000000
2017-01-05	-0.000825	0.016530	0.028763	0.008486	-0.049243	3939000.000000
2017-01-04	0.003644	0.019394	0.025617	0.013339	0.216678	1788000.000000
2017-01-03	-0.006582	0.016025	0.016192	0.003828	-0.393951	1731300.000000
2016-12-30	-0.005238	0.015856	0.017684	0.006382	-0.315163	1678300.000000
2016-12-29	0.016811	0.018230	0.034454	0.016033	0.994724	1080000.000000
2016-12-28	-0.010051	0.016026	0.016026	0.003980	-0.600776	998500.000000
2016-12-27	-0.000163	0.018035	0.026064	0.014689	-0.009770	909300.000000
2016-12-23	-0.001469	0.025392	0.027563	0.018377	-0.087928	703500.000000
2016-12-22	0.002618	0.022718	0.027574	0.019201	0.156322	966200.000000
2016-12-21	-0.000164	0.022550	0.030420	0.022550	-0.009773	1505200.000000
2016-12-20	0.005097	0.022208	0.030791	0.020357	0.302864	2090200.000000
2016-12-19	-0.003604	0.030094	0.030765	0.017183	-0.214939	2349200.000000
2016-12-16	0.017164	0.025943	0.042999	0.025943	1.006302	4473000.000000
2016-12-15	0.008571	0.022867	0.033876	0.021146	0.498260	1927600.000000
2016-12-14	-0.017990	0.028454	0.034366	0.002776	-1.064911	3074300.000000
2016-12-13	0.012872	0.028346	0.039981	0.027490	0.752278	2659600.000000
2016-12-12	0.008259	0.019069	0.034768	0.015964	0.478721	3114200.000000
2016-12-09	0.002365	0.023555	0.032374	0.019578	0.136784	3849300.000000
2016-12-08	0.006633	0.017288	0.031214	0.010673	0.381023	1854300.000000
2016-12-07	0.007194	0.027763	0.036354	0.026535	0.410336	2023900.000000
2016-12-06	0.000000	0.026535	0.032146	0.020048	0.000000	1664100.000000
2016-12-05	0.001716	0.019340	0.025311	0.012315	0.097698	2864200.000000
2016-12-02	0.004135	0.031667	0.039427	0.022320	0.234478	2342900.000000
2016-12-01	-0.012925	0.017810	0.018507	0.002666	-0.742512	2306300.000000
2016-11-30	-0.027456	0.011535	0.016106	-0.004717	-1.621795	3441900.000000
2016-11-29	-0.004610	0.021533	0.031812	0.018162	-0.273564	3046800.000000
2016-11-28	0.024456	0.028734	0.053766	0.028734	1.416634	2057800.000000
2016-11-25	0.009879	0.027390	0.036805	0.027390	0.566650	1726100.000000
2016-11-23	-0.010283	0.012512	0.022692	0.011131	-0.595959	1222700.000000
2016-11-22	0.002704	0.022863	0.028399	0.019921	0.156315	2342200.000000
2016-11-21	0.013361	0.024957	0.038282	0.023555	0.762055	1417700.000000
2016-11-18	-0.004943	0.023206	0.028789	0.014308	-0.283329	1916500.000000
2016-11-17	-0.000681	0.022334	0.031923	0.021637	-0.039082	2424700.000000
2016-11-16	-0.006599	0.024940	0.029443	0.009007	-0.381023	1352800.000000
2016-11-15	0.016337	0.027427	0.041685	0.024787	0.928138	2370900.000000
2016-11-14	-0.005643	0.018304	0.022330	0.008678	-0.322402	5576700.000000
2016-11-11	-0.000342	0.024255	0.034928	0.018656	-0.019547	3013000.000000
2016-11-10	-0.015317	0.016491	0.024244	-0.000221	-0.889053	4578600.000000
2016-11-09	-0.042083	0.003916	0.004246	-0.020675	-2.549939	3520000.000000
2016-11-08	0.015223	0.025565	0.042655	0.024392	0.908596	2327300.000000
2016-11-07	0.021060	0.032622	0.045282	0.017909	1.231007	3278400.000000
2016-11-04	-0.006146	0.043958	0.049909	0.016244	-0.361484	2833300.000000
2016-11-03	-0.000996	0.021516	0.027122	0.015741	-0.058621	3200900.000000
2016-11-02	-0.015520	0.019040	0.019374	0.000980	-0.928139	3177500.000000
2016-11-01	-0.014649	0.023225	0.023390	0.005265	-0.889057	2685700.000000
2016-10-31	0.018528	0.027918	0.052085	0.027583	1.103993	2934000.000000
2016-10-28	0.004778	0.025410	0.031817	0.020857	0.283325	1870000.000000
2016-10-27	-0.003611	0.019354	0.021707	0.011290	-0.214935	1257100.000000
2016-10-26	0.002138	0.022039	0.029785	0.016651	0.127006	1565600.000000
2016-10-25	0.004627	0.021018	0.028460	0.019664	0.273564	1564600.000000
2016-10-24	0.003316	0.027967	0.030174	0.021518	0.195392	1394200.000000
2016-10-21	-0.008711	0.018339	0.021368	0.010264	-0.517803	1312900.000000
2016-10-20	-0.000821	0.025068	0.029774	0.020193	-0.048851	1532800.000000
2016-10-19	-0.000656	0.019523	0.026411	0.015995	-0.039078	2083600.000000
2016-10-18	0.008775	0.029317	0.035756	0.020166	0.517803	1985400.000000
2016-10-17	0.010034	0.031428	0.039986	0.028519	0.586197	1999800.000000
2016-10-14	-0.009442	0.018299	0.026437	0.013721	-0.556885	2607200.000000
2016-10-13	0.017872	0.024935	0.044437	0.021139	1.035607	3196900.000000
2016-10-12	0.008331	0.025643	0.034170	0.024251	0.478725	1973800.000000
2016-10-11	-0.010930	0.022178	0.024243	0.009958	-0.635048	2531700.000000
2016-10-10	0.002529	0.025108	0.028214	0.020794	0.146553	2413800.000000
2016-10-07	0.005253	0.030840	0.038992	0.024595	0.302864	3692800.000000
2016-10-06	0.004426	0.016237	0.031917	0.014495	0.254017	3085500.000000
2016-10-05	-0.001190	0.023381	0.031559	0.012766	-0.068386	4434500.000000
2016-10-04	-0.022274	0.024576	0.024576	-0.005369	-1.309166	3700900.000000
2016-10-03	-0.016511	0.021547	0.021882	0.001467	-0.986755	2697000.000000
2016-09-30	-0.009553	0.028361	0.033499	0.009799	-0.576420	3495000.000000
2016-09-29	-0.009939	0.018960	0.024539	0.008787	-0.605736	2440000.000000
2016-09-28	0.000321	0.023719	0.027330	0.013543	0.019543	2050100.000000
2016-09-27	-0.016432	0.035956	0.039508	0.013678	-1.017845	2941300.000000
2016-09-26	-0.004673	0.030473	0.032883	0.024688	-0.290802	2099900.000000
2016-09-23	0.002812	0.030631	0.037721	0.024185	0.174484	2120800.000000
2016-09-22	0.004866	0.037750	0.041960	0.029169	0.300503	2113000.000000
2016-09-21	0.018545	0.031103	0.051059	0.029454	1.124474	3153200.000000
2016-09-20	-0.001915	0.036042	0.038676	0.028799	-0.116326	2531200.000000
2016-09-19	0.004005	0.032093	0.039530	0.030275	0.242344	2068400.000000
2016-09-16	0.009379	0.031097	0.043608	0.024091	0.562229	3084200.000000
2016-09-15	0.006674	0.028575	0.039154	0.023873	0.397446	1763700.000000
2016-09-14	0.010030	0.035668	0.043810	0.030580	0.591316	2777100.000000
2016-09-13	-0.011860	0.028748	0.030592	0.012994	-0.707642	3615700.000000
2016-09-12	0.011836	0.030071	0.046691	0.030071	0.697945	2925800.000000
2016-09-09	-0.035822	0.023258	0.025548	-0.005683	-2.190777	2775800.000000
2016-09-08	0.003021	0.028317	0.035862	0.027169	0.184182	1594200.000000
2016-09-07	-0.001429	0.028650	0.032253	0.023081	-0.087246	1914900.000000
2016-09-06	0.010265	0.037719	0.048308	0.034245	0.620399	2330100.000000
2016-09-02	0.008736	0.030763	0.044115	0.028760	0.523453	2423700.000000
2016-09-01	-0.002099	0.031431	0.036094	0.026268	-0.126011	2112200.000000
2016-08-31	0.001131	0.031597	0.034599	0.025095	0.067856	3373000.000000
2016-08-30	-0.007858	0.031597	0.037718	0.023326	-0.474995	2451700.000000
2016-08-29	0.004187	0.032262	0.041731	0.032262	0.252041	3541200.000000
2016-08-26	-0.021122	0.032085	0.037614	0.007694	-1.298958	2928300.000000
2016-08-25	-0.003925	0.032083	0.034837	0.026414	-0.242344	1841400.000000
2016-08-24	-0.002506	0.029174	0.031274	0.021096	-0.155102	1716400.000000
2016-08-23	-0.012985	0.031598	0.039730	0.017564	-0.814266	2448300.000000
2016-08-22	-0.001543	0.034145	0.039559	0.029368	-0.096939	4793300.000000
2016-08-19	-0.005831	0.027324	0.029223	0.016560	-0.368362	3467200.000000
2016-08-18	0.023398	0.030625	0.055897	0.028682	1.444362	3713100.000000
2016-08-17	0.016603	0.029127	0.050372	0.021058	1.008145	4953100.000000
2016-08-16	-0.012766	0.018753	0.024932	0.012738	-0.785191	5784800.000000
2016-08-15	-0.010449	0.032080	0.035137	0.020657	-0.649483	1769100.000000
2016-08-12	0.000624	0.035944	0.038359	0.031436	0.038781	1734300.000000
2016-08-11	0.007389	0.031435	0.039544	0.029003	0.455604	1956700.000000
2016-08-10	0.002364	0.034849	0.036637	0.030622	0.145401	1835700.000000
2016-08-09	-0.000787	0.031922	0.037932	0.029811	-0.048458	2583700.000000
2016-08-08	-0.006103	0.032728	0.036764	0.024978	-0.378063	1960700.000000
2016-08-05	-0.009456	0.029839	0.031278	0.018804	-0.591309	2954000.000000
2016-08-04	-0.000620	0.037511	0.045022	0.027762	-0.038776	2958800.000000
2016-08-03	0.003420	0.031758	0.038814	0.026626	0.213257	3648800.000000
2016-08-02	0.002806	0.029989	0.034975	0.023396	0.174492	3328700.000000
2016-08-01	0.003284	0.029016	0.036438	0.027403	0.203560	1922000.000000
2016-07-29	0.002981	0.031274	0.038718	0.028361	0.184188	2725500.000000
2016-07-28	-0.003128	0.033856	0.033856	0.014660	-0.193878	2511900.000000
2016-07-27	-0.003273	0.029025	0.033848	0.017448	-0.203571	1944700.000000
2016-07-26	-0.011859	0.031280	0.032869	0.017775	-0.746411	2496500.000000
2016-07-25	-0.001384	0.030646	0.030646	0.020491	-0.087242	1762400.000000
2016-07-22	0.013404	0.032080	0.045425	0.026452	0.833653	2921800.000000
2016-07-21	-0.001556	0.028868	0.031437	0.023410	-0.096939	3160100.000000
2016-07-20	-0.002329	0.031437	0.033840	0.025511	-0.145401	2017100.000000
2016-07-19	-0.001705	0.032877	0.033996	0.025202	-0.106625	1868900.000000
2016-07-18	-0.001548	0.033034	0.038143	0.029841	-0.096947	2889300.000000
2016-07-15	0.006542	0.036900	0.040435	0.031276	0.407147	3028500.000000
2016-07-14	-0.005576	0.026165	0.031118	0.021531	-0.348976	2936200.000000
2016-07-13	0.013501	0.039371	0.046011	0.034674	0.833652	2536800.000000
2016-07-12	-0.015912	0.027294	0.027932	0.014226	-0.998455	2675500.000000
2016-07-11	-0.001542	0.025392	0.030324	0.016003	-0.096931	2070900.000000
2016-07-08	0.006677	0.027433	0.038806	0.016700	0.416832	2813900.000000
2016-07-07	-0.015140	0.027023	0.030651	0.012193	-0.959671	4517300.000000
2016-07-06	0.007705	0.031121	0.040182	0.025397	0.484676	5048900.000000
2016-07-05	0.013431	0.030631	0.047709	0.030631	0.833660	2873700.000000
2016-07-01	0.001721	0.036762	0.038214	0.021269	0.106632	2331200.000000
2016-06-30	0.021413	0.036543	0.054181	0.033081	1.298954	3851400.000000
2016-06-29	0.002885	0.036557	0.040359	0.031101	0.174485	4018700.000000
2016-06-28	-0.004467	0.032256	0.032256	0.020406	-0.271420	4055500.000000
2016-06-27	0.008139	0.035182	0.051276	0.031366	0.490540	3444700.000000
2016-06-24	0.008530	0.027781	0.058404	0.025271	0.509781	4832300.000000
2016-06-23	-0.000322	0.041502	0.042171	0.034811	-0.019234	2179500.000000
2016-06-22	-0.007664	0.042318	0.042650	0.031030	-0.461693	2761100.000000
2016-06-21	0.000959	0.039828	0.045644	0.029360	0.057709	4283400.000000
2016-06-20	-0.007140	0.039497	0.039662	0.024649	-0.432827	2705600.000000
2016-06-17	0.001112	0.038671	0.041974	0.031734	0.067329	3640300.000000
2016-06-16	0.009623	0.040162	0.052668	0.040162	0.577111	2678100.000000
2016-06-15	-0.010003	0.039992	0.040487	0.024970	-0.605965	2019400.000000
2016-06-14	0.006070	0.041489	0.046803	0.035510	0.365501	1523400.000000
2016-06-13	-0.006665	0.039992	0.046426	0.032238	-0.403976	2174200.000000
2016-06-10	0.000635	0.038671	0.044284	0.034214	0.038475	2306700.000000
2016-06-09	0.015643	0.038824	0.056763	0.038824	0.932999	2420000.000000
2016-06-08	0.006003	0.037301	0.046071	0.037132	0.355884	1945700.000000
2016-06-07	0.005546	0.041358	0.048481	0.035592	0.327026	2347900.000000
2016-06-06	-0.004062	0.038986	0.043885	0.030034	-0.240463	1453000.000000
2016-06-03	0.015676	0.047382	0.060935	0.046524	0.913754	3048700.000000
2016-06-02	0.004809	0.035869	0.044661	0.031905	0.278942	1879100.000000
2016-06-01	0.003828	0.038278	0.043815	0.034124	0.221222	2079200.000000
2016-05-31	0.009409	0.038963	0.051190	0.035120	0.538635	3375000.000000
2016-05-27	0.002189	0.040012	0.044389	0.034060	0.125046	2039200.000000
2016-05-26	0.016082	0.038239	0.056560	0.036282	0.904136	1944900.000000
2016-05-25	-0.001537	0.034689	0.043214	0.031315	-0.086563	1903900.000000
2016-05-24	0.016143	0.043813	0.058972	0.038940	0.894524	2511600.000000
2016-05-23	-0.000347	0.038399	0.052290	0.037497	-0.019241	2641200.000000
2016-05-20	0.001564	0.043637	0.046709	0.034241	0.086567	2164900.000000
2016-05-19	0.009297	0.034191	0.049692	0.028355	0.509780	1550400.000000
2016-05-18	-0.011101	0.034432	0.051023	0.023431	-0.615581	3347000.000000
2016-05-17	-0.024535	0.036847	0.039134	0.009053	-1.394684	2732400.000000
2016-05-16	-0.001183	0.038608	0.039486	0.031228	-0.067326	1825600.000000
2016-05-13	-0.001182	0.040364	0.042294	0.031413	-0.067333	2129100.000000
2016-05-12	0.001691	0.040365	0.046518	0.035794	0.096188	3716700.000000
2016-05-11	-0.001857	0.038434	0.042469	0.028256	-0.105808	2588300.000000
2016-05-10	0.002199	0.046520	0.048982	0.039662	0.125042	1947700.000000
2016-05-09	0.002034	0.042305	0.047415	0.038605	0.115421	1544700.000000
2016-05-06	-0.002536	0.039486	0.045462	0.029643	-0.144280	2325400.000000
2016-05-05	0.000169	0.040014	0.047749	0.033685	0.009625	2516900.000000
2016-05-04	0.002203	0.034200	0.049881	0.033495	0.125034	3680900.000000
2016-05-03	0.005795	0.037536	0.047459	0.034346	0.327034	2782100.000000
2016-05-02	0.008076	0.042520	0.055025	0.037161	0.452068	1791200.000000
2016-04-29	0.007618	0.033182	0.049742	0.025082	0.423214	1895800.000000
2016-04-28	0.000000	0.030662	0.045062	0.027422	0.000000	1462800.000000
2016-04-27	0.013333	0.042580	0.059726	0.036561	0.731007	2155100.000000
2016-04-26	-0.001751	0.042575	0.046035	0.034382	-0.096184	1523500.000000
2016-04-25	0.001930	0.036378	0.042034	0.032547	0.105801	1764800.000000
2016-04-22	0.006535	0.041131	0.051414	0.040029	0.355884	2410900.000000
2016-04-21	-0.030479	0.034855	0.035033	0.005481	-1.712093	3644700.000000
2016-04-20	-0.019805	0.040011	0.042279	0.019071	-1.134987	3051100.000000
2016-04-19	0.000504	0.040535	0.044550	0.032678	0.028855	2133500.000000
2016-04-18	0.004555	0.039662	0.045625	0.031419	0.259704	1809800.000000
2016-04-15	0.007307	0.042489	0.051498	0.038425	0.413597	2266100.000000
2016-04-14	0.000340	0.038071	0.042490	0.034184	0.019234	1803000.000000
2016-04-13	-0.006418	0.041945	0.041945	0.025966	-0.365501	1635700.000000
2016-04-12	0.005263	0.041780	0.046722	0.034190	0.298168	1762500.000000
2016-04-11	-0.006745	0.041065	0.044922	0.030896	-0.384739	2213200.000000
2016-04-08	0.009362	0.044971	0.052580	0.040547	0.529022	2367200.000000
2016-04-07	0.001364	0.035232	0.046573	0.033637	0.076950	1829500.000000
2016-04-06	0.007556	0.037341	0.047696	0.031806	0.423210	4013100.000000
2016-04-05	-0.021673	0.037216	0.039837	0.016430	-1.240791	3240700.000000
2016-04-04	-0.005181	0.042442	0.043137	0.031669	-0.298168	2529700.000000
2016-04-01	0.001842	0.032698	0.046103	0.030957	0.105800	2277200.000000
2016-03-31	0.004711	0.039312	0.047358	0.034939	0.269322	2810900.000000
2016-03-30	0.004224	0.041770	0.047742	0.032636	0.240459	2743400.000000
2016-03-29	0.019375	0.041363	0.061059	0.041363	1.082089	2252800.000000
2016-03-28	-0.005607	0.050480	0.055821	0.038906	-0.314942	1703300.000000
2016-03-24	-0.001866	0.043366	0.050475	0.041766	-0.104988	2026200.000000
2016-03-23	0.006659	0.044768	0.058722	0.042442	0.372208	1545700.000000
2016-03-22	-0.000171	0.045841	0.057825	0.042979	-0.009544	1726800.000000
2016-03-21	-0.002724	0.050128	0.058512	0.033895	-0.152703	1644100.000000
2016-03-18	-0.004407	0.051183	0.056689	0.037864	-0.248131	5690500.000000
2016-03-17	0.016190	0.048350	0.070187	0.040410	0.897107	3023700.000000
2016-03-16	0.010090	0.043251	0.059293	0.033590	0.553531	2669500.000000
2016-03-15	-0.001043	0.044713	0.054000	0.041982	-0.057258	2485500.000000
2016-03-14	0.003838	0.042873	0.053476	0.041959	0.209964	2040200.000000
2016-03-11	0.004909	0.056259	0.058647	0.048544	0.267224	2304100.000000
2016-03-10	-0.004190	0.047992	0.053846	0.034638	-0.229046	2023400.000000
2016-03-09	0.005971	0.047625	0.057010	0.047625	0.324486	2035200.000000
2016-03-08	0.008323	0.046139	0.059127	0.045768	0.448551	3398400.000000
2016-03-07	-0.000531	0.045398	0.054485	0.042245	-0.028629	3824400.000000
2016-03-04	0.003731	0.044086	0.053207	0.037012	0.200416	3636600.000000
2016-03-03	0.001067	0.049859	0.050977	0.036256	0.057263	2171700.000000
2016-03-02	0.000356	0.043894	0.050232	0.019847	0.019088	2665600.000000
2016-03-01	-0.009166	0.054643	0.057229	0.032848	-0.496277	2868600.000000
2016-02-29	0.005316	0.048737	0.061549	0.045952	0.286313	3186000.000000
2016-02-26	-0.032739	0.042960	0.048707	0.012966	-1.822846	2557300.000000
2016-02-25	0.015315	0.051273	0.066044	0.044709	0.839840	2755300.000000
2016-02-24	0.004194	0.043963	0.053852	0.034441	0.229053	2873500.000000
2016-02-23	0.013102	0.044470	0.063949	0.042429	0.706242	2680300.000000
2016-02-22	0.010556	0.050433	0.059432	0.042934	0.563068	3043400.000000
2016-02-19	-0.001964	0.049306	0.050241	0.034898	-0.104976	4175200.000000
2016-02-18	0.003404	0.043866	0.058510	0.031663	0.181328	4134400.000000
2016-02-17	0.001076	0.053635	0.062281	0.040855	0.057266	3998600.000000
2016-02-16	0.009781	0.059006	0.062233	0.048378	0.515362	2939900.000000
2016-02-12	0.000906	0.049708	0.055977	0.034322	0.047718	2877300.000000
2016-02-11	-0.017981	0.042399	0.053592	0.027476	-0.963913	3672500.000000
2016-02-10	0.004471	0.045560	0.059801	0.034318	0.238590	4100300.000000
2016-02-09	-0.006750	0.043528	0.053578	0.036270	-0.362659	5980000.000000
2016-02-08	0.001067	0.047809	0.064204	0.038307	0.057258	3841300.000000
2016-02-05	-0.001598	0.039996	0.050413	0.025301	-0.085892	3687200.000000
2016-02-04	-0.019666	0.044344	0.047262	0.025379	-1.078445	4175900.000000
2016-02-03	0.013940	0.052246	0.067408	0.048364	0.753960	3970700.000000
2016-02-02	0.021818	0.040630	0.071803	0.040441	1.154796	6190100.000000
2016-02-01	0.010016	0.048763	0.059640	0.042084	0.524903	3141500.000000
2016-01-29	0.021391	0.055215	0.074121	0.051122	1.097526	3727600.000000
2016-01-28	0.019533	0.047809	0.076225	0.040258	0.982998	2223200.000000
2016-01-27	0.011316	0.050421	0.060268	0.047407	0.563080	3824900.000000
2016-01-26	0.010269	0.058163	0.072172	0.052681	0.505821	3367800.000000
2016-01-25	-0.014324	0.048809	0.049610	0.029398	-0.715782	2125100.000000
2016-01-22	0.017094	0.057986	0.066331	0.048216	0.839855	3674700.000000
2016-01-21	0.003704	0.053120	0.061496	0.037799	0.181328	3606100.000000
2016-01-20	-0.031899	0.043260	0.048402	0.001727	-1.612896	4104800.000000
2016-01-19	0.009720	0.052601	0.065781	0.047210	0.486732	4674800.000000
2016-01-15	-0.017600	0.027210	0.043689	0.017793	-0.897110	4201600.000000
2016-01-14	0.021419	0.051816	0.075662	0.047608	1.068898	3362600.000000
2016-01-13	-0.005137	0.050002	0.055982	0.040632	-0.257679	2935000.000000
2016-01-12	0.006318	0.053426	0.056235	0.033565	0.314941	3495200.000000
2016-01-11	0.003265	0.050627	0.057470	0.044790	0.162243	3605300.000000
2016-01-08	-0.007625	0.048608	0.052003	0.038022	-0.381748	3351500.000000
2016-01-07	-0.004932	0.037673	0.047411	0.036281	-0.248135	2331100.000000
2016-01-06	-0.005658	0.040101	0.046623	0.037335	-0.286312	2599300.000000
2016-01-05	0.001511	0.046423	0.054538	0.027423	0.076347	2345700.000000
2016-01-04	-0.004700	0.041111	0.044854	0.033428	-0.238586	2201500.000000
2015-12-31	-0.013539	0.046060	0.050141	0.027016	-0.696693	1753600.000000
2015-12-30	0.002044	0.050535	0.057935	0.047225	0.104984	1419200.000000
2015-12-29	0.005325	0.051822	0.059848	0.050647	0.271995	1142700.000000
2015-12-28	0.000742	0.053581	0.058675	0.049467	0.037850	1383800.000000
2015-12-24	-0.002589	0.056716	0.058670	0.052613	-0.132488	592200.000000
2015-12-23	0.016350	0.060291	0.074391	0.057908	0.823307	1625800.000000
2015-12-22	0.002827	0.059106	0.064085	0.045165	0.141948	1453500.000000
2015-12-21	-0.000941	0.060297	0.067062	0.048956	-0.047317	1800900.000000
2015-12-18	-0.013742	0.051222	0.056127	0.036897	-0.700276	4426600.000000
2015-12-17	-0.007007	0.057300	0.059834	0.046388	-0.359611	2723400.000000
2015-12-16	0.029032	0.059523	0.088598	0.057317	1.447880	2453200.000000
2015-12-15	0.008034	0.059748	0.078950	0.059142	0.397461	2830600.000000
2015-12-14	0.011023	0.059373	0.069590	0.052016	0.539405	2025400.000000
2015-12-11	0.001162	0.054875	0.066741	0.047305	0.056775	2292400.000000
2015-12-10	-0.017500	0.057319	0.061339	0.033801	-0.870613	3091500.000000
2015-12-09	-0.002845	0.053108	0.071147	0.050502	-0.141957	2223800.000000
2015-12-08	-0.007904	0.054330	0.057511	0.035438	-0.397457	2377600.000000
2015-12-07	0.000377	0.055522	0.057512	0.035828	0.018929	3506400.000000
2015-12-04	0.025285	0.060795	0.085270	0.060795	1.239696	4915000.000000
2015-12-03	-0.007851	0.048217	0.056716	0.040123	-0.387997	3279500.000000
2015-12-02	-0.013414	0.052523	0.055718	0.040944	-0.671897	2979300.000000
2015-12-01	0.003793	0.062928	0.068139	0.049902	0.189270	1619600.000000
2015-11-30	-0.000758	0.056315	0.067129	0.054113	-0.037858	3410200.000000
2015-11-27	0.007830	0.058129	0.070641	0.058129	0.387997	726200.000000
2015-11-25	-0.003616	0.059129	0.059531	0.049075	-0.179798	1362000.000000
2015-11-24	-0.003414	0.052708	0.056516	0.042688	-0.170341	2684900.000000
2015-11-23	-0.015864	0.038769	0.057899	0.036008	-0.804379	2954500.000000
2015-11-20	0.007332	0.062676	0.071616	0.059696	0.369064	1873600.000000
2015-11-19	0.009873	0.059124	0.071362	0.056716	0.492092	1663100.000000
2015-11-18	0.009971	0.057121	0.069482	0.048003	0.492089	2248000.000000
2015-11-17	-0.024139	0.052959	0.061462	0.027253	-1.220761	2870700.000000
2015-11-16	0.022579	0.055907	0.080778	0.052470	1.116665	2170700.000000
2015-11-13	-0.010040	0.056716	0.067325	0.043505	-0.501552	2074500.000000
2015-11-12	-0.016396	0.054550	0.065576	0.038996	-0.832760	1734900.000000
2015-11-11	0.005621	0.058498	0.065032	0.055726	0.283890	2667600.000000
2015-11-10	0.016571	0.056112	0.074630	0.052288	0.823303	2730900.000000
2015-11-09	0.010976	0.052443	0.072385	0.050408	0.539410	3455000.000000
2015-11-06	-0.033321	0.039602	0.039602	0.004195	-1.693932	4892300.000000
2015-11-05	-0.008124	0.054960	0.061008	0.047155	-0.416382	2902600.000000
2015-11-04	0.009883	0.053760	0.068144	0.051987	0.501553	2823800.000000
2015-11-03	0.001494	0.053164	0.059479	0.045271	0.075710	2370400.000000
2015-11-02	0.002809	0.055726	0.063246	0.047415	0.141945	2595200.000000
2015-10-30	0.020057	0.059138	0.085178	0.057120	0.993648	4782300.000000
2015-10-29	-0.011332	0.052724	0.064499	0.027180	-0.567802	5265500.000000
2015-10-28	-0.020714	0.053394	0.057302	0.018997	-1.059883	3980000.000000
2015-10-27	0.005206	0.055537	0.064967	0.055537	0.264976	4097100.000000
2015-10-26	0.002983	0.059474	0.062233	0.049623	0.151406	3388400.000000
2015-10-23	-0.015963	0.054971	0.058073	0.038684	-0.823304	2382500.000000
2015-10-22	0.006092	0.058081	0.067055	0.057691	0.312287	2286800.000000
2015-10-21	-0.002945	0.064107	0.069553	0.052826	-0.151417	1798400.000000
2015-10-20	0.000737	0.052823	0.067227	0.051071	0.037857	1671000.000000
2015-10-19	0.004812	0.054760	0.061801	0.048697	0.246048	2782500.000000
2015-10-16	-0.000370	0.055543	0.062581	0.053392	-0.018928	4209200.000000
2015-10-15	0.024256	0.058919	0.082949	0.058718	1.211299	3015400.000000
2015-10-14	0.000569	0.057918	0.067736	0.055914	0.028389	2473000.000000
2015-10-13	-0.004906	0.056517	0.061302	0.050336	-0.246044	2323800.000000
2015-10-12	0.009524	0.060943	0.074831	0.059735	0.473164	4137900.000000
2015-10-09	-0.011113	0.056716	0.060498	0.044176	-0.558334	2921000.000000
2015-10-08	0.006827	0.053710	0.067137	0.049101	0.340683	2576500.000000
2015-10-07	-0.007155	0.058507	0.059899	0.043982	-0.359608	2464800.000000
2015-10-06	-0.006547	0.055925	0.057309	0.041496	-0.331207	3423500.000000
2015-10-05	0.008679	0.062099	0.066685	0.051133	0.435302	3164600.000000
2015-10-02	0.007988	0.059931	0.065157	0.049883	0.397457	2828400.000000
2015-10-01	-0.004167	0.059118	0.060719	0.045909	-0.208190	3085600.000000
2015-09-30	0.015189	0.062608	0.075002	0.057529	0.747604	4164700.000000
2015-09-29	0.000000	0.058748	0.060170	0.045541	0.000000	3281500.000000
2015-09-28	-0.008672	0.052587	0.062053	0.043121	-0.430580	3278700.000000
2015-09-25	0.009153	0.068319	0.089255	0.064457	0.450329	3907200.000000
2015-09-24	0.008462	0.059936	0.078179	0.052557	0.412807	4600600.000000
2015-09-23	0.010690	0.066709	0.078310	0.060287	0.516007	6284200.000000
2015-09-22	0.005275	0.060465	0.076502	0.052135	0.253307	7625800.000000
2015-09-21	0.012864	0.069255	0.083177	0.065669	0.609825	3629600.000000
2015-09-18	0.008784	0.061837	0.087372	0.049495	0.412807	9342800.000000
2015-09-17	0.016437	0.064366	0.103731	0.058526	0.759934	5314400.000000
2015-09-16	0.009836	0.065880	0.078549	0.064351	0.450333	2387100.000000
2015-09-15	0.006393	0.067859	0.077311	0.059506	0.290840	4465200.000000
2015-09-14	0.001032	0.067641	0.074682	0.056639	0.046913	3257700.000000
2015-09-11	0.015514	0.062082	0.083310	0.060741	0.694259	3036500.000000
2015-09-10	-0.004383	0.062988	0.075002	0.057649	-0.197025	3056900.000000
2015-09-09	-0.017835	0.070687	0.072436	0.044904	-0.816223	3499300.000000
2015-09-08	0.024790	0.081555	0.092527	0.072598	1.107063	5176200.000000
2015-09-04	-0.014493	0.055508	0.058598	0.046460	-0.656734	2813600.000000
2015-09-03	0.007720	0.066992	0.076999	0.061433	0.347134	2566000.000000
2015-09-02	0.001044	0.076120	0.086361	0.053636	0.046905	3055600.000000
2015-09-01	-0.034288	0.043092	0.051262	0.023099	-1.594925	3462200.000000
2015-08-31	-0.016660	0.062075	0.068206	0.044529	-0.788082	3144400.000000
2015-08-28	0.001589	0.064822	0.069480	0.053600	0.075058	2511100.000000
2015-08-27	0.018410	0.071271	0.086797	0.062430	0.853756	5577500.000000
2015-08-26	0.009600	0.080466	0.081337	0.056084	0.440948	4967600.000000
2015-08-25	-0.028764	0.080047	0.081738	0.033953	-1.360378	3850600.000000
2015-08-24	-0.050301	0.034153	0.053832	0.002827	-2.504970	7272100.000000
2015-08-21	-0.014848	0.058165	0.067463	0.049263	-0.750557	2665500.000000
2015-08-20	-0.004618	0.059382	0.072378	0.054459	-0.234543	1707200.000000
2015-08-19	-0.005146	0.061375	0.065488	0.052363	-0.262696	2337900.000000
2015-08-18	0.002580	0.062149	0.070594	0.056846	0.131348	2317500.000000
2015-08-17	0.003513	0.067063	0.076720	0.063712	0.178253	1872500.000000
2015-08-14	0.013493	0.063084	0.080662	0.058889	0.675507	1673200.000000
2015-08-13	0.003385	0.062673	0.074699	0.052251	0.168869	2276300.000000
2015-08-12	0.010450	0.061222	0.079449	0.059197	0.516003	4918800.000000
2015-08-11	0.007465	0.065676	0.082407	0.063636	0.365886	2059600.000000
2015-08-10	-0.012289	0.067089	0.071322	0.050766	-0.609813	1848200.000000
2015-08-07	0.013995	0.062202	0.083046	0.058319	0.684879	2071000.000000
2015-08-06	0.006367	0.069170	0.074312	0.061973	0.309593	6080400.000000
2015-08-05	-0.003077	0.062805	0.066905	0.056860	-0.150101	7303400.000000
2015-08-04	-0.012348	0.061628	0.062438	0.050694	-0.609821	2390900.000000
2015-08-03	0.002476	0.068925	0.074000	0.061618	0.121960	2403700.000000
2015-07-31	0.006324	0.073642	0.087737	0.070987	0.309601	2825700.000000
2015-07-30	-0.003057	0.060178	0.068935	0.054883	-0.150105	3044000.000000
2015-07-29	0.001148	0.058133	0.074239	0.053240	0.056290	3111900.000000
2015-07-28	0.008682	0.063824	0.075340	0.060328	0.422176	4114900.000000
2015-07-27	0.029394	0.067786	0.098058	0.067786	1.388535	3111000.000000
2015-07-24	0.000397	0.065033	0.071175	0.061221	0.018760	2835000.000000
2015-07-23	-0.019291	0.062142	0.064842	0.041580	-0.928802	2534700.000000
2015-07-22	0.014229	0.066512	0.084417	0.065670	0.675491	3136400.000000
2015-07-21	-0.011526	0.063590	0.065256	0.048182	-0.553528	2105900.000000
2015-07-20	-0.002728	0.064842	0.068372	0.055290	-0.131359	1428400.000000
2015-07-17	-0.017983	0.062822	0.063433	0.046508	-0.881889	2419300.000000
2015-07-16	0.016530	0.068368	0.084744	0.068368	0.797459	1457300.000000
2015-07-15	0.008235	0.063999	0.076121	0.060864	0.394042	1676700.000000
2015-07-14	-0.004295	0.066713	0.074204	0.059429	-0.206405	2209300.000000
2015-07-13	0.001956	0.069633	0.075680	0.063378	0.093822	1609300.000000
2015-07-10	0.008284	0.069875	0.087745	0.062937	0.394039	2178900.000000
2015-07-09	-0.014194	0.067746	0.067746	0.048264	-0.684875	2557800.000000
2015-07-08	0.000583	0.065880	0.073553	0.061318	0.028137	3034600.000000
2015-07-07	0.027384	0.071633	0.100394	0.070567	1.285328	4067100.000000
2015-07-06	0.004820	0.062027	0.072517	0.060314	0.225163	2697800.000000
2015-07-02	0.008303	0.072356	0.083149	0.068902	0.384662	3714700.000000
2015-07-01	0.005703	0.068702	0.073912	0.065229	0.262692	3031100.000000
2015-06-30	-0.004662	0.072795	0.072795	0.056805	-0.215782	3082300.000000
2015-06-29	-0.007445	0.064593	0.079820	0.056873	-0.347138	2662800.000000
2015-06-26	0.011293	0.065121	0.078785	0.057747	0.520702	3099400.000000
2015-06-25	-0.005015	0.079201	0.080065	0.068412	-0.232391	3418800.000000
2015-06-24	-0.011697	0.078095	0.081720	0.061033	-0.548458	4142500.000000
2015-06-23	-0.013881	0.074276	0.078062	0.054717	-0.660011	2364800.000000
2015-06-22	0.001370	0.081224	0.083541	0.070483	0.065071	2353600.000000
2015-06-19	-0.011801	0.073875	0.077413	0.063054	-0.567043	4780600.000000
2015-06-18	0.017520	0.075960	0.099042	0.074690	0.827327	2552700.000000
2015-06-17	0.013770	0.075749	0.092064	0.073816	0.641419	2131000.000000
2015-06-16	0.006023	0.072509	0.082875	0.068189	0.278869	2081900.000000
2015-06-15	-0.008559	0.074250	0.074678	0.063115	-0.399719	2658800.000000
2015-06-12	-0.007507	0.070861	0.073411	0.064273	-0.353245	2002900.000000
2015-06-11	0.003768	0.083001	0.090467	0.075749	0.176628	2872600.000000
2015-06-10	0.001987	0.082802	0.087290	0.076817	0.092953	3033000.000000
2015-06-09	-0.009057	0.087186	0.089304	0.064099	-0.427608	3562400.000000
2015-06-08	-0.011098	0.075958	0.075958	0.063181	-0.529866	2289600.000000
2015-06-05	-0.009450	0.074504	0.074504	0.054794	-0.455493	4312300.000000
2015-06-04	-0.002309	0.071609	0.078646	0.069125	-0.111554	2501700.000000
2015-06-03	-0.017580	0.072291	0.073715	0.047685	-0.864513	3445100.000000
2015-06-02	-0.014163	0.068932	0.071739	0.046880	-0.706486	3136200.000000
2015-06-01	0.003553	0.082186	0.085607	0.074742	0.176621	2527700.000000
2015-05-29	0.002062	0.078571	0.085022	0.074136	0.102256	2641400.000000
2015-05-28	0.001877	0.074940	0.080596	0.070497	0.092953	2835900.000000
2015-05-27	0.011010	0.075136	0.088205	0.072481	0.539169	2030700.000000
2015-05-26	-0.000569	0.075340	0.075749	0.060850	-0.027889	1944700.000000
2015-05-22	-0.008278	0.072510	0.073927	0.056723	-0.409019	2567100.000000
2015-05-21	0.005676	0.076563	0.082669	0.070863	0.278877	1961300.000000
2015-05-20	-0.003018	0.075546	0.082040	0.069864	-0.148731	2897900.000000
2015-05-19	0.009330	0.070013	0.087014	0.067146	0.455486	2803900.000000
2015-05-18	0.009806	0.072853	0.089607	0.072853	0.474098	1964800.000000
2015-05-15	0.011277	0.079304	0.092273	0.077422	0.539154	2189000.000000
2015-05-14	0.009619	0.078916	0.089475	0.078916	0.455502	2058600.000000
2015-05-13	-0.014319	0.078663	0.086364	0.056390	-0.687897	1837600.000000
2015-05-12	-0.007299	0.069756	0.074302	0.060044	-0.353241	2146600.000000
2015-05-11	-0.006489	0.075133	0.086834	0.066715	-0.316063	1964800.000000
2015-05-08	0.012169	0.087593	0.097775	0.082606	0.585640	2127000.000000
2015-05-07	-0.003081	0.075956	0.083621	0.071191	-0.148720	2589000.000000
2015-05-06	-0.008023	0.073694	0.080886	0.056843	-0.390430	1996400.000000
2015-05-05	-0.024595	0.071940	0.074746	0.048489	-1.227058	3431100.000000
2015-05-04	0.003365	0.074743	0.092441	0.071525	0.167324	4492400.000000
2015-05-01	0.010771	0.076155	0.089165	0.072699	0.529865	2331800.000000
2015-04-30	-0.018546	0.072756	0.073354	0.041633	-0.929585	5687500.000000
2015-04-29	0.025095	0.102336	0.105403	0.081884	1.227055	7885100.000000
2015-04-28	0.014074	0.072430	0.091510	0.069319	0.678596	2205300.000000
2015-04-27	-0.016496	0.078808	0.081052	0.056983	-0.808738	2092400.000000
2015-04-24	0.010538	0.075336	0.091826	0.070389	0.511272	1711700.000000
2015-04-23	0.006557	0.076371	0.089442	0.075956	0.316056	2484500.000000
2015-04-22	-0.003460	0.075955	0.080090	0.069339	-0.167325	3258000.000000
2015-04-21	-0.010460	0.076362	0.084546	0.061632	-0.511272	3696300.000000
2015-04-20	0.004202	0.080474	0.087665	0.075954	0.204517	2864300.000000
2015-04-17	0.008475	0.072226	0.086523	0.070983	0.409016	4328200.000000
2015-04-16	0.000000	0.075749	0.077821	0.064975	0.000000	5134800.000000
2015-04-15	-0.007266	0.079657	0.092615	0.066287	-0.353249	2577000.000000
2015-04-14	-0.000955	0.077598	0.081297	0.072872	-0.046474	2345900.000000
2015-04-13	-0.013009	0.076154	0.080211	0.060740	-0.641418	1603600.000000
2015-04-10	0.004926	0.072488	0.081863	0.063316	0.241695	3571400.000000
2015-04-09	-0.015482	0.074143	0.076150	0.049662	-0.771561	5089000.000000
2015-04-08	0.002431	0.074944	0.084599	0.070519	0.120850	2257600.000000
2015-04-07	-0.014557	0.073965	0.074559	0.058503	-0.734371	2525300.000000
2015-04-06	0.012689	0.076953	0.097830	0.076953	0.632114	1860900.000000
2015-04-02	0.008848	0.077571	0.088102	0.074128	0.436905	2334500.000000
2015-04-01	0.000942	0.077776	0.083249	0.060748	0.046478	2337100.000000
2015-03-31	0.002266	0.075545	0.085907	0.070873	0.111553	5086200.000000
2015-03-30	0.018073	0.077610	0.099535	0.076990	0.873810	3210000.000000
2015-03-27	0.001830	0.078960	0.085177	0.073158	0.088311	1744000.000000
2015-03-26	-0.007392	0.084354	0.090936	0.069751	-0.359391	2059200.000000
2015-03-25	-0.013094	0.084771	0.092890	0.070156	-0.645057	2549400.000000
2015-03-24	-0.018903	0.084778	0.091151	0.062075	-0.949154	2709300.000000
2015-03-23	0.009822	0.089802	0.101869	0.086383	0.488395	2460900.000000
2015-03-20	0.006529	0.090844	0.099953	0.076473	0.322533	4867800.000000
2015-03-19	-0.011797	0.080176	0.095178	0.072175	-0.589764	2118000.000000
2015-03-18	0.022620	0.084563	0.111156	0.076381	1.105812	3929100.000000
2015-03-17	-0.009337	0.074436	0.083961	0.071802	-0.460754	3905600.000000
2015-03-16	0.033784	0.090624	0.146558	0.090624	1.612637	5506500.000000
2015-03-13	-0.011639	0.081864	0.082278	0.058260	-0.562119	3318700.000000
2015-03-12	0.020047	0.090457	0.111155	0.090457	0.949154	1780100.000000
2015-03-11	-0.007533	0.084757	0.088740	0.074277	-0.359390	1790200.000000
2015-03-10	-0.005761	0.083718	0.094138	0.078508	-0.276451	2203300.000000
2015-03-09	-0.002491	0.085385	0.089334	0.076237	-0.119801	2085600.000000
2015-03-06	-0.030281	0.087193	0.087193	0.048688	-1.502060	2472000.000000
2015-03-05	0.003729	0.086391	0.098329	0.084367	0.184303	2639700.000000
2015-03-04	-0.001489	0.085581	0.086591	0.079115	-0.073719	3293300.000000
2015-03-03	0.005805	0.083551	0.093305	0.077658	0.285668	4373200.000000
2015-03-02	-0.006142	0.081138	0.090630	0.068414	-0.304089	3637200.000000
2015-02-27	-0.003524	0.086787	0.089202	0.077529	-0.175091	3118700.000000
2015-02-26	-0.003512	0.088586	0.089188	0.077556	-0.175094	2070100.000000
2015-02-25	-0.018858	0.085570	0.088128	0.062155	-0.958363	2379200.000000
2015-02-24	-0.001991	0.086551	0.092835	0.082035	-0.101368	2253200.000000
2015-02-23	0.005093	0.086164	0.091888	0.083400	0.258023	1821600.000000
2015-02-20	-0.001272	0.083600	0.087542	0.069012	-0.064507	1791700.000000
2015-02-19	-0.009001	0.088498	0.088498	0.069744	-0.460758	2071100.000000
2015-02-18	0.021328	0.085376	0.109318	0.082783	1.068954	3979500.000000
2015-02-17	0.006104	0.087987	0.098024	0.076344	0.304093	4569700.000000
2015-02-13	-0.020652	0.081638	0.082818	0.049397	-1.050518	4574300.000000
2015-02-12	0.000000	0.090091	0.091861	0.078689	0.000000	3883600.000000
2015-02-11	-0.028340	0.079637	0.085177	0.051366	-1.483624	5351800.000000
2015-02-10	0.018648	0.083815	0.107164	0.066497	0.958370	4218400.000000
2015-02-09	-0.005173	0.084402	0.090790	0.075111	-0.267242	3013400.000000
2015-02-06	-0.034447	0.079569	0.080691	0.041441	-1.843018	3591500.000000
2015-02-05	0.002590	0.093609	0.096795	0.084052	0.138230	4917400.000000
2015-02-04	-0.015973	0.084624	0.084624	0.066000	-0.866215	3780500.000000
2015-02-03	0.003752	0.085732	0.090914	0.077218	0.202728	3172100.000000
2015-02-02	-0.003061	0.085915	0.089236	0.070415	-0.165874	2550600.000000
2015-01-30	-0.022278	0.084996	0.085177	0.060099	-1.234829	3172900.000000
2015-01-29	0.014505	0.085177	0.102015	0.079869	0.792507	2913200.000000
2015-01-28	-0.002020	0.084629	0.097598	0.079514	-0.110580	2783300.000000
2015-01-27	0.000168	0.082802	0.091936	0.080609	0.009201	3414900.000000
2015-01-26	0.009003	0.089416	0.095500	0.078725	0.488414	2343900.000000
2015-01-23	0.011512	0.089652	0.101958	0.087787	0.617405	2741200.000000
2015-01-22	-0.004618	0.088518	0.091858	0.075526	-0.248802	2518400.000000
2015-01-21	0.002916	0.082757	0.091133	0.074195	0.156654	2888400.000000
2015-01-20	0.002407	0.092453	0.093946	0.079019	0.129010	2413700.000000
2015-01-16	0.009547	0.085553	0.095914	0.078961	0.506832	3036800.000000
2015-01-15	-0.000694	0.085553	0.089883	0.072941	-0.036862	4235800.000000
2015-01-14	0.020173	0.086521	0.108413	0.075575	1.050522	4303300.000000
2015-01-13	0.019484	0.095161	0.121395	0.095161	0.995224	4563400.000000
2015-01-12	-0.007165	0.086926	0.089453	0.070210	-0.368602	2661700.000000
2015-01-09	0.009949	0.096955	0.101470	0.081447	0.506832	5319300.000000
2015-01-08	0.012640	0.088357	0.103266	0.087562	0.635845	2592100.000000
2015-01-07	0.007939	0.086980	0.097399	0.080969	0.396244	2595300.000000
2015-01-06	-0.001475	0.086977	0.112386	0.081575	-0.073723	5959500.000000
2015-01-05	0.016873	0.097587	0.107759	0.091280	0.829361	6398800.000000
2015-01-02	0.001878	0.090068	0.096387	0.081508	0.092148	2384000.000000
2014-12-31	-0.019160	0.087376	0.091374	0.062785	-0.958367	1849300.000000
2014-12-30	-0.012732	0.085769	0.086164	0.067610	-0.645053	1683500.000000
2014-12-29	0.010569	0.085277	0.100436	0.085277	0.529869	2882400.000000
2014-12-26	0.007345	0.095659	0.109925	0.092645	0.365539	2679900.000000
2014-12-24	0.022339	0.097334	0.121367	0.093020	1.087513	1584700.000000
2014-12-23	0.000939	0.102477	0.106383	0.093224	0.045685	2657000.000000
2014-12-22	0.003016	0.095077	0.099408	0.087241	0.146221	3361100.000000
2014-12-19	-0.007297	0.102646	0.102850	0.081559	-0.356418	5054400.000000
2014-12-18	0.013655	0.095082	0.109194	0.089687	0.657993	2904000.000000
2014-12-17	0.015210	0.087721	0.111317	0.087721	0.721958	3704200.000000
2014-12-16	-0.007642	0.094461	0.104915	0.078572	-0.365551	3779400.000000
2014-12-15	0.005185	0.111274	0.113796	0.088578	0.246742	4076300.000000
2014-12-12	-0.016248	0.082055	0.094873	0.076060	-0.785919	2519100.000000
2014-12-11	0.020829	0.095096	0.119155	0.092775	0.986973	4116900.000000
2014-12-10	0.000193	0.095097	0.105018	0.087287	0.009140	2811500.000000
2014-12-09	-0.001541	0.089826	0.097203	0.085401	-0.073109	2592900.000000
2014-12-08	0.019038	0.094682	0.116803	0.090172	0.886456	3598000.000000
2014-12-05	-0.002740	0.067908	0.091682	0.066409	-0.127949	1744300.000000
2014-12-04	0.001765	0.092321	0.104122	0.092321	0.082245	3302100.000000
2014-12-03	-0.010285	0.093615	0.094677	0.079600	-0.484341	3795700.000000
2014-12-02	0.017977	0.095766	0.118463	0.093604	0.831616	4811900.000000
2014-12-01	0.002376	0.087968	0.116137	0.085802	0.109657	3774500.000000
2014-11-28	0.011214	0.100168	0.113315	0.097320	0.511768	1031400.000000
2014-11-26	0.013393	0.097583	0.114015	0.096251	0.603157	2196900.000000
2014-11-25	0.001219	0.097809	0.098476	0.088472	0.054821	6330900.000000
2014-11-24	-0.016976	0.093597	0.094471	0.074583	-0.776783	3490600.000000
2014-11-21	-0.002788	0.102970	0.103406	0.082048	-0.127937	4487700.000000
2014-11-20	0.000797	0.093162	0.100141	0.091417	0.036560	3098400.000000
2014-11-19	-0.004958	0.091431	0.098159	0.084486	-0.228470	2743600.000000
2014-11-18	-0.003163	0.095983	0.097714	0.089709	-0.146225	2982900.000000
2014-11-17	0.018731	0.096456	0.116953	0.094914	0.849900	4502900.000000
2014-11-14	-0.002411	0.091614	0.099309	0.088976	-0.109665	3046800.000000
2014-11-13	-0.007379	0.097089	0.099708	0.083122	-0.338131	3588200.000000
2014-11-12	-0.008111	0.084078	0.091438	0.072605	-0.374684	4172200.000000
2014-11-11	-0.004333	0.092097	0.094468	0.084985	-0.201049	1791300.000000
2014-11-10	0.008342	0.092079	0.103380	0.084690	0.383819	2312200.000000
2014-11-07	0.020470	0.096026	0.117095	0.095583	0.923008	3038600.000000
2014-11-06	-0.019086	0.093600	0.094035	0.064231	-0.877312	6200000.000000
2014-11-05	-0.007498	0.096627	0.098139	0.084536	-0.347274	11541500.000000
2014-11-04	-0.005104	0.098978	0.105422	0.087593	-0.237603	3430200.000000
2014-11-03	0.012321	0.098166	0.110344	0.093817	0.566597	3373300.000000
2014-10-31	0.009428	0.098862	0.105447	0.090082	0.429516	4897800.000000
2014-10-30	0.027623	0.101020	0.126058	0.097636	1.224587	5973000.000000
2014-10-29	0.020833	0.108069	0.134320	0.106457	0.904724	5829100.000000
2014-10-28	0.020399	0.095897	0.124798	0.091433	0.868168	5065700.000000
2014-10-27	-0.012720	0.093788	0.097500	0.072910	-0.548317	4021700.000000
2014-10-24	0.021217	0.097095	0.121022	0.096858	0.895595	2865000.000000
2014-10-23	-0.001297	0.100640	0.102297	0.089994	-0.054836	2501400.000000
2014-10-22	0.016707	0.096177	0.119269	0.094252	0.694538	3089600.000000
2014-10-21	0.002203	0.096422	0.096904	0.081957	0.091385	2970700.000000
2014-10-20	0.015436	0.092049	0.111633	0.090825	0.630569	2672200.000000
2014-10-17	0.000448	0.099150	0.101355	0.089354	0.018277	3890000.000000
2014-10-16	-0.022961	0.086595	0.088988	0.063385	-0.959553	4794000.000000
2014-10-15	-0.003270	0.094968	0.107370	0.068732	-0.137089	3397100.000000
2014-10-14	0.011241	0.101970	0.123918	0.093288	0.466076	4003900.000000
2014-10-13	0.004428	0.096191	0.115086	0.094737	0.182781	3581800.000000
2014-10-10	0.014600	0.100151	0.118340	0.100151	0.594002	3165700.000000
2014-10-09	-0.010667	0.090361	0.101061	0.082337	-0.438660	4885200.000000
2014-10-08	0.013970	0.095485	0.114470	0.093266	0.566597	4549500.000000
2014-10-07	-0.019443	0.083131	0.086999	0.067899	-0.804191	3972900.000000
2014-10-06	-0.005275	0.096417	0.100505	0.084152	-0.219330	1587000.000000
2014-10-03	0.009093	0.096194	0.107114	0.086972	0.374683	2386100.000000
2014-10-02	-0.002213	0.090378	0.099338	0.086988	-0.091381	2444400.000000
2014-10-01	0.003330	0.097896	0.109072	0.092552	0.137070	2961300.000000
2014-09-30	0.004237	0.096204	0.107183	0.091325	0.173641	2893400.000000
2014-09-29	0.011958	0.089561	0.108572	0.087339	0.484345	2697300.000000
2014-09-26	0.002148	0.096603	0.098830	0.082747	0.086818	3438300.000000
2014-09-25	-0.012378	0.104777	0.109420	0.089382	-0.506553	2120000.000000
2014-09-24	-0.001545	0.106486	0.108926	0.100143	-0.063317	1886100.000000
2014-09-23	0.002655	0.105021	0.116519	0.098660	0.108544	2647700.000000
2014-09-22	-0.014180	0.103340	0.103581	0.088628	-0.587967	2979100.000000
2014-09-19	-0.001307	0.107919	0.110568	0.100212	-0.054268	4481800.000000
2014-09-18	-0.005417	0.105989	0.108624	0.093293	-0.226139	2430200.000000
2014-09-17	0.004134	0.111764	0.117778	0.104307	0.171860	2933400.000000
2014-09-16	-0.008200	0.095968	0.110282	0.078552	-0.343731	7386400.000000
2014-09-15	-0.000862	0.109562	0.114091	0.100028	-0.036179	1770500.000000
2014-09-12	-0.020693	0.100142	0.100608	0.080767	-0.886467	1664200.000000
2014-09-11	0.011749	0.105746	0.121334	0.105510	0.497501	1703900.000000
2014-09-10	-0.004042	0.106922	0.110920	0.100100	-0.171859	1790300.000000
2014-09-09	-0.011359	0.102720	0.102720	0.090627	-0.488468	2080400.000000
2014-09-08	-0.011026	0.103440	0.104590	0.087802	-0.479413	2455300.000000
2014-09-05	0.018432	0.107384	0.129869	0.106916	0.786969	2995800.000000
2014-09-04	0.002336	0.103867	0.108327	0.094476	0.099495	2687100.000000
2014-09-03	-0.004229	0.106211	0.118601	0.099900	-0.180912	3397400.000000
2014-09-02	0.017427	0.105034	0.136430	0.094331	0.732692	8792700.000000
2014-08-29	0.007587	0.105750	0.113898	0.102874	0.316601	1637200.000000
2014-08-28	0.007205	0.104786	0.114200	0.100924	0.298508	977600.000000
2014-08-27	0.008588	0.109162	0.115735	0.105997	0.352772	1015800.000000
2014-08-26	-0.011106	0.106473	0.111047	0.092991	-0.461323	1123800.000000
2014-08-25	0.006135	0.108659	0.116168	0.106237	0.253277	1654400.000000
2014-08-22	-0.004580	0.094419	0.108886	0.093937	-0.189953	1465500.000000
2014-08-21	0.000218	0.109128	0.112022	0.102616	0.009037	1381000.000000
2014-08-20	0.002186	0.104060	0.114453	0.101160	0.090454	2348300.000000
2014-08-19	0.016670	0.106739	0.124185	0.103299	0.678421	2287800.000000
2014-08-18	-0.004646	0.107467	0.113092	0.098662	-0.189953	2489500.000000
2014-08-15	0.015274	0.113456	0.127610	0.113208	0.615097	6126800.000000
2014-08-14	0.010211	0.106012	0.118555	0.106012	0.407055	1425500.000000
2014-08-13	0.003415	0.109286	0.111300	0.100728	0.135681	1976100.000000
2014-08-12	-0.000228	0.106014	0.112305	0.102994	-0.009045	1932300.000000
2014-08-11	-0.004306	0.105009	0.111524	0.098745	-0.171867	1648700.000000
2014-08-08	0.019409	0.109086	0.127222	0.109086	0.759834	2701000.000000
2014-08-07	0.006512	0.110909	0.119650	0.108338	0.253273	2537500.000000
2014-08-06	-0.016693	0.101465	0.107533	0.085033	-0.660327	4753700.000000
2014-08-05	-0.016861	0.104268	0.109239	0.083887	-0.678414	2432000.000000
2014-08-04	-0.009354	0.104525	0.107234	0.078426	-0.379921	3732900.000000
2014-08-01	0.005149	0.109223	0.119122	0.104768	0.208050	2681800.000000
2014-07-31	-0.022538	0.097043	0.111074	0.080110	-0.931698	3581700.000000
2014-07-30	-0.019313	0.098393	0.108120	0.083922	-0.814094	3010700.000000
2014-07-29	-0.016255	0.105043	0.110411	0.086140	-0.696522	2786500.000000
2014-07-28	0.005733	0.094713	0.116542	0.091662	0.244240	1882600.000000
2014-07-25	-0.005700	0.104577	0.109478	0.097575	-0.244240	989400.000000
2014-07-24	0.004879	0.109028	0.113249	0.104807	0.208050	2184900.000000
2014-07-23	-0.000424	0.106448	0.108324	0.101291	-0.018078	807500.000000
2014-07-22	0.000636	0.110436	0.111374	0.103868	0.027126	1953200.000000
2014-07-21	-0.002962	0.103171	0.105042	0.095921	-0.126644	1801700.000000
2014-07-18	0.008534	0.111643	0.116360	0.103859	0.361832	2766800.000000
2014-07-17	-0.013471	0.101555	0.102951	0.090153	-0.578915	2050800.000000
2014-07-16	0.004652	0.106445	0.110653	0.096627	0.198994	2055300.000000
2014-07-15	0.007671	0.105275	0.117524	0.105275	0.325645	2638400.000000
2014-07-14	-0.004032	0.106918	0.110672	0.098003	-0.171867	2777600.000000
2014-07-11	-0.001695	0.105745	0.108555	0.100358	-0.072361	3101100.000000
2014-07-10	0.007256	0.097961	0.116127	0.097961	0.307548	2741400.000000
2014-07-09	0.000854	0.105510	0.109288	0.100315	0.036171	2068600.000000
2014-07-08	0.007098	0.101706	0.114309	0.101706	0.298512	2249400.000000
2014-07-07	0.009994	0.106951	0.124004	0.106231	0.416107	2186800.000000
2014-07-03	-0.012867	0.100294	0.105747	0.086781	-0.542744	3307200.000000
2014-07-02	-0.012704	0.103872	0.104340	0.085848	-0.542740	2634200.000000
2014-07-01	-0.016451	0.105971	0.107122	0.087093	-0.714599	2258900.000000
2014-06-30	0.010310	0.106441	0.118768	0.103882	0.443245	2440500.000000
2014-06-27	0.006991	0.104573	0.116987	0.101060	0.298500	1705300.000000
2014-06-26	0.003295	0.104218	0.111502	0.099518	0.140201	1973300.000000
2014-06-25	-0.004819	0.111993	0.118307	0.103340	-0.206051	3721200.000000
2014-06-24	0.002310	0.117140	0.126047	0.113390	0.098545	3336800.000000
2014-06-23	-0.011828	0.116202	0.117824	0.097672	-0.510658	4006700.000000
2014-06-20	-0.000829	0.118980	0.125691	0.112268	-0.035835	5126500.000000
2014-06-19	0.011111	0.115266	0.128839	0.112458	0.474819	4436000.000000
2014-06-18	0.017492	0.114536	0.138107	0.114536	0.734638	3012900.000000
2014-06-17	0.000000	0.112869	0.118345	0.109059	0.000000	1200000.000000
2014-06-16	0.007089	0.115003	0.132268	0.113565	0.295643	2058100.000000
2014-06-13	0.004966	0.115720	0.123191	0.110419	0.206062	1854600.000000
2014-06-12	0.000864	0.114032	0.121991	0.097149	0.035828	2769000.000000
2014-06-11	0.002383	0.114752	0.126114	0.107257	0.098549	3883000.000000
2014-06-10	0.000650	0.112332	0.119831	0.110154	0.026875	1937200.000000
2014-06-09	-0.011568	0.112615	0.117398	0.100420	-0.483780	2156100.000000
2014-06-06	0.003871	0.117643	0.130605	0.114762	0.161262	3093400.000000
2014-06-05	0.013514	0.113769	0.133233	0.113526	0.555458	2336800.000000
2014-06-04	0.005259	0.110577	0.122561	0.107153	0.215016	2226200.000000
2014-06-03	-0.005014	0.115472	0.116202	0.108415	-0.206059	1929500.000000
2014-06-02	0.000000	0.114986	0.117419	0.111092	0.000000	2105700.000000
2014-05-30	0.004159	0.116202	0.123777	0.111315	0.170220	3515900.000000
2014-05-29	0.008388	0.115956	0.126798	0.114477	0.340438	2755900.000000
2014-05-28	0.011612	0.115455	0.130909	0.113710	0.465870	2886700.000000
2014-05-27	0.001342	0.122442	0.124689	0.113207	0.053753	3017000.000000
2014-05-23	0.002466	0.115452	0.119955	0.112199	0.098545	2843900.000000
2014-05-22	0.007225	0.113430	0.126283	0.109902	0.286686	3245100.000000
2014-05-21	0.015127	0.129762	0.136925	0.127203	0.591294	3279600.000000
2014-05-20	0.002527	0.114150	0.123384	0.114150	0.098545	3367800.000000
2014-05-19	-0.002750	0.113900	0.121318	0.109041	-0.107506	3784400.000000
2014-05-16	0.000229	0.110574	0.122342	0.105457	0.008961	3688000.000000
2014-05-15	-0.003426	0.116202	0.123086	0.100905	-0.134392	5048300.000000
2014-05-14	0.013426	0.115944	0.136098	0.115944	0.519626	2494200.000000
2014-05-13	0.004184	0.119316	0.123467	0.112051	0.161267	2629200.000000
2014-05-12	-0.013077	0.121580	0.125165	0.097253	-0.510670	3249600.000000
2014-05-09	-0.022427	0.115201	0.120458	0.086414	-0.895893	4136800.000000
2014-05-08	-0.002684	0.117950	0.120946	0.108213	-0.107510	3645700.000000
2014-05-07	0.009027	0.122500	0.132324	0.120989	0.358361	4426100.000000
2014-05-06	-0.012260	0.113963	0.116949	0.101522	-0.492745	4353800.000000
2014-05-05	0.007411	0.115701	0.126981	0.115200	0.295658	1401900.000000
2014-05-02	-0.026667	0.113031	0.115226	0.079606	-1.092998	2495800.000000
2014-05-01	0.003730	0.084367	0.125018	0.070408	0.152294	2422300.000000
2014-04-30	0.005072	0.120141	0.128017	0.119156	0.206066	1992300.000000
2014-04-29	-0.010474	0.118151	0.123022	0.102807	-0.430035	2897600.000000
2014-04-28	0.007253	0.116938	0.125279	0.110315	0.295647	1822500.000000
2014-04-25	0.013363	0.117445	0.131615	0.116948	0.537533	1071600.000000
2014-04-24	0.007178	0.115701	0.131976	0.110443	0.286686	1768300.000000
2014-04-23	-0.002461	0.118450	0.130689	0.112206	-0.098545	1622000.000000
2014-04-22	-0.002010	0.114956	0.117199	0.109223	-0.080628	1311700.000000
2014-04-21	-0.002006	0.118939	0.122670	0.106500	-0.080639	1814000.000000
2014-04-17	-0.016440	0.111798	0.114734	0.096139	-0.671913	2170600.000000
2014-04-16	0.007731	0.116449	0.124832	0.114230	0.313565	1864200.000000
2014-04-15	0.013205	0.114703	0.131441	0.112705	0.528572	2466300.000000
2014-04-14	0.000672	0.119202	0.119202	0.108703	0.026882	2611400.000000
2014-04-11	0.004952	0.110927	0.126754	0.110927	0.197101	3237500.000000
2014-04-10	0.000901	0.115951	0.128523	0.112179	0.035824	2691800.000000
2014-04-09	-0.004932	0.115952	0.115952	0.094934	-0.197094	3029300.000000
2014-04-08	0.012943	0.118230	0.133944	0.111133	0.510659	3153100.000000
2014-04-07	-0.009669	0.115700	0.116955	0.105409	-0.385231	3624500.000000
2014-04-04	0.015297	0.121299	0.143470	0.120025	0.600254	5851500.000000
2014-04-03	0.010381	0.116975	0.131652	0.116202	0.403148	3603900.000000
2014-04-02	0.023130	0.122262	0.142020	0.118837	0.877980	6863900.000000
2014-04-01	-0.019213	0.115944	0.116202	0.092948	-0.743596	3321800.000000
2014-03-31	0.031272	0.122597	0.158836	0.116202	1.173619	7109600.000000
2014-03-28	-0.040101	0.071698	0.088834	0.063257	-1.567814	12653900.000000
2014-03-27	-0.004221	0.112764	0.113528	0.103595	-0.165737	4104000.000000
2014-03-26	-0.009618	0.128043	0.133088	0.114926	-0.381283	2575800.000000
2014-03-25	-0.000447	0.129808	0.133338	0.122496	-0.017731	2110300.000000
2014-03-24	0.008113	0.131858	0.139991	0.125757	0.319203	1727400.000000
2014-03-21	0.001354	0.135172	0.144589	0.128045	0.053207	5620800.000000
2014-03-20	0.000226	0.122954	0.128555	0.118372	0.008869	1935700.000000
2014-03-19	-0.004718	0.127031	0.133112	0.115629	-0.186203	3938400.000000
2014-03-18	-0.002465	0.124758	0.131077	0.122736	-0.097538	1430600.000000
2014-03-17	0.006088	0.129571	0.134657	0.123468	0.239411	1898000.000000
2014-03-14	0.007039	0.127022	0.140851	0.124206	0.274860	3059400.000000
2014-03-13	0.010555	0.129344	0.141248	0.125203	0.407879	2409200.000000
2014-03-12	0.013253	0.126480	0.142738	0.124382	0.505424	2458400.000000
2014-03-11	0.007260	0.130168	0.135979	0.124886	0.274872	3727400.000000
2014-03-10	-0.001170	0.127791	0.131484	0.122251	-0.044342	2600600.000000
2014-03-07	0.000000	0.127263	0.131484	0.111435	0.000000	3151400.000000
2014-03-06	-0.010875	0.127791	0.131705	0.111612	-0.416744	3312400.000000
2014-03-05	-0.015714	0.125993	0.127020	0.107757	-0.611820	3015000.000000
2014-03-04	0.006418	0.137614	0.138131	0.131151	0.248283	1800900.000000
2014-03-03	-0.009759	0.122928	0.129583	0.115761	-0.381275	3060400.000000
2014-02-28	0.015441	0.129610	0.151963	0.127791	0.594074	3938800.000000
2014-02-27	-0.002299	0.126494	0.135311	0.120530	-0.088669	1823600.000000
2014-02-26	-0.006851	0.129079	0.133715	0.117489	-0.265999	2699900.000000
2014-02-25	-0.005225	0.130609	0.132146	0.120361	-0.203941	3041900.000000
2014-02-24	0.001821	0.129331	0.140881	0.128304	0.070934	3065600.000000
2014-02-21	0.006413	0.128049	0.143031	0.125983	0.248272	2587800.000000
2014-02-20	0.009947	0.129356	0.143183	0.127008	0.381279	1327400.000000
2014-02-19	-0.006207	0.125198	0.135310	0.118976	-0.239406	2077700.000000
2014-02-18	-0.010014	0.128304	0.128561	0.113931	-0.390145	3217700.000000
2014-02-14	0.000683	0.123424	0.131130	0.120342	0.026593	2659300.000000
2014-02-13	0.017613	0.125439	0.148439	0.123871	0.673893	3812100.000000
2014-02-12	0.016729	0.128057	0.146924	0.125931	0.629547	4067500.000000
2014-02-11	0.005687	0.111756	0.137679	0.106678	0.212806	2810800.000000
2014-02-10	0.008845	0.125095	0.138306	0.118894	0.328080	2827300.000000
2014-02-07	0.011608	0.130246	0.142246	0.129155	0.425609	1742500.000000
2014-02-06	0.005838	0.127791	0.139039	0.122579	0.212803	1776700.000000
2014-02-05	-0.004118	0.123966	0.129430	0.120415	-0.150730	1855700.000000
2014-02-04	-0.005780	0.132137	0.134310	0.116383	-0.212811	2512300.000000
2014-02-03	-0.014947	0.130467	0.140902	0.107991	-0.558616	3635600.000000
2014-01-31	0.004528	0.115696	0.139348	0.115159	0.168472	4450200.000000
2014-01-30	0.025165	0.135231	0.156998	0.132751	0.913288	3937900.000000
2014-01-29	-0.001951	0.126691	0.130541	0.121191	-0.070930	3211800.000000
2014-01-28	0.002199	0.129720	0.132476	0.124759	0.079803	2078100.000000
2014-01-27	0.002450	0.127791	0.133593	0.126410	0.088665	3025300.000000
2014-01-24	-0.011383	0.122875	0.129703	0.114680	-0.416744	3593400.000000
2014-01-23	0.003646	0.123405	0.134096	0.121760	0.133003	2981900.000000
2014-01-22	-0.003150	0.127244	0.130797	0.118773	-0.115272	2611700.000000
2014-01-21	0.014753	0.129178	0.144429	0.129178	0.532024	2970400.000000
2014-01-17	0.000492	0.128346	0.131675	0.120855	0.017723	2467800.000000
2014-01-16	0.003456	0.126956	0.132802	0.122502	0.124142	2340200.000000
2014-01-15	0.005211	0.143183	0.151019	0.126951	0.186203	3696000.000000
2014-01-14	0.000248	0.127511	0.135068	0.123312	0.008854	1867300.000000
2014-01-13	-0.005921	0.138922	0.138922	0.118330	-0.212788	2556900.000000
2014-01-10	0.011480	0.132576	0.154248	0.126665	0.407875	2538600.000000
2014-01-09	0.006784	0.135442	0.137992	0.127224	0.239399	1884200.000000
2014-01-08	-0.005249	0.124409	0.126664	0.115952	-0.186199	2204400.000000
2014-01-07	0.008062	0.128075	0.138873	0.127222	0.283733	2567800.000000
2014-01-06	0.002273	0.130924	0.135480	0.126082	0.079808	2588600.000000
2014-01-03	-0.001513	0.129497	0.133194	0.120966	-0.053212	2824400.000000
2014-01-02	-0.015392	0.130031	0.130311	0.110432	-0.549739	2366400.000000
2013-12-31	0.000248	0.129471	0.133392	0.123870	0.008869	1925500.000000
2013-12-30	-0.000248	0.126111	0.131711	0.121911	-0.008869	2151200.000000
2013-12-27	0.004364	0.132712	0.140586	0.129057	0.155174	1334800.000000
2013-12-26	-0.011455	0.143088	0.144756	0.125297	-0.412075	1925200.000000
2013-12-24	0.001220	0.140586	0.147544	0.138638	0.043842	1053800.000000
2013-12-23	0.010355	0.147335	0.158302	0.145367	0.368233	2317700.000000
2013-12-20	0.008453	0.139168	0.161004	0.138317	0.298088	5428300.000000
2013-12-19	-0.017827	0.130002	0.130002	0.115240	-0.640019	3901200.000000
2013-12-18	0.007628	0.142270	0.150971	0.125712	0.271798	3941000.000000
2013-12-17	-0.008297	0.139751	0.143648	0.128896	-0.298100	4126700.000000
2013-12-16	0.013855	0.147359	0.161468	0.146794	0.490978	4383400.000000
2013-12-13	0.005473	0.144558	0.148814	0.141154	0.192887	2025800.000000
2013-12-12	-0.001490	0.138036	0.147102	0.137753	-0.052609	3367600.000000
2013-12-11	-0.001488	0.138606	0.147658	0.136343	-0.052604	2640800.000000
2013-12-10	-0.020408	0.138646	0.141695	0.113429	-0.736466	3349800.000000
2013-12-09	0.001216	0.139199	0.150297	0.137534	0.043842	2569700.000000
2013-12-06	0.018583	0.145390	0.165173	0.142564	0.657555	2854100.000000
2013-12-05	-0.008598	0.139185	0.139185	0.122094	-0.306866	3130000.000000
2013-12-04	-0.002206	0.134156	0.143661	0.127447	-0.078907	2394800.000000
2013-12-03	0.008403	0.137203	0.151017	0.132411	0.298096	2891400.000000
2013-12-02	0.002229	0.142564	0.150475	0.136348	0.078903	3254600.000000
2013-11-29	0.002732	0.133220	0.150502	0.133220	0.096447	1377800.000000
2013-11-27	0.000249	0.141436	0.143137	0.135485	0.008770	2515200.000000
2013-11-26	-0.007888	0.140586	0.141430	0.122031	-0.280555	4406500.000000
2013-11-25	-0.001477	0.143674	0.149850	0.138902	-0.052613	2399500.000000
2013-11-22	0.002715	0.139742	0.148749	0.139179	0.096440	2883100.000000
2013-11-21	-0.000740	0.144805	0.147899	0.128772	-0.026299	2299800.000000
2013-11-20	-0.009284	0.139193	0.145602	0.129996	-0.333168	2082900.000000
2013-11-19	-0.002194	0.142532	0.145869	0.135025	-0.078907	2065900.000000
2013-11-18	-0.003401	0.141695	0.143080	0.129225	-0.122738	3635900.000000
2013-11-15	0.003658	0.136692	0.145870	0.136136	0.131512	2298100.000000
2013-11-14	0.000976	0.143927	0.150887	0.139751	0.035068	2200900.000000
2013-11-13	0.011855	0.135797	0.157488	0.132417	0.420834	4012500.000000
2013-11-12	-0.022453	0.119933	0.128745	0.102034	-0.815361	8906200.000000
2013-11-11	-0.008379	0.140040	0.143317	0.128844	-0.306862	1806600.000000
2013-11-08	-0.006659	0.137060	0.137060	0.122141	-0.245499	3834300.000000
2013-11-07	-0.016374	0.142187	0.145922	0.120309	-0.613716	2718200.000000
2013-11-06	0.017615	0.140315	0.161764	0.140315	0.648800	2017400.000000
2013-11-05	-0.006151	0.137078	0.152189	0.133031	-0.227962	2260000.000000
2013-11-04	-0.001182	0.143011	0.144089	0.131422	-0.043847	1699900.000000
2013-11-01	0.011231	0.144946	0.158846	0.144402	0.412076	2248800.000000
2013-10-31	-0.000716	0.137862	0.145216	0.122883	-0.026307	2649900.000000
2013-10-30	-0.004989	0.143296	0.150342	0.133269	-0.184105	2055900.000000
2013-10-29	0.000951	0.145740	0.145740	0.136788	0.035061	1581600.000000
2013-10-28	-0.001662	0.140315	0.146273	0.131650	-0.061359	1842300.000000
2013-10-25	0.014940	0.140311	0.157901	0.139487	0.543571	1720600.000000
2013-10-24	-0.000241	0.144708	0.145257	0.136190	-0.008766	2620300.000000
2013-10-23	-0.010960	0.139771	0.148739	0.125911	-0.403301	3487500.000000
2013-10-22	0.014258	0.141137	0.159881	0.136727	0.517277	1877800.000000
2013-10-21	0.003881	0.140586	0.146120	0.136435	0.140274	2011000.000000
2013-10-18	-0.003385	0.141689	0.146653	0.135622	-0.122742	1615400.000000
2013-10-17	0.014969	0.140026	0.159619	0.133588	0.534813	1626300.000000
2013-10-16	0.015703	0.149684	0.158497	0.143713	0.552357	2890800.000000
2013-10-15	-0.020747	0.139751	0.140308	0.116366	-0.745236	2743700.000000
2013-10-14	-0.009190	0.134517	0.136724	0.119346	-0.333168	2240200.000000
2013-10-11	0.000000	0.141137	0.144999	0.132311	0.000000	1284100.000000
2013-10-10	0.010509	0.147833	0.154523	0.133060	0.377011	1900700.000000
2013-10-09	0.006642	0.144233	0.163313	0.135816	0.236709	3693600.000000
2013-10-08	0.014475	0.142863	0.163358	0.140586	0.508522	3334800.000000
2013-10-07	-0.004719	0.135770	0.147669	0.131804	-0.166584	2182600.000000
2013-10-04	-0.001241	0.142850	0.148792	0.137473	-0.043842	2183000.000000
2013-10-03	-0.017069	0.133633	0.134189	0.120005	-0.613716	2533500.000000
2013-10-02	0.003425	0.137795	0.152028	0.135283	0.122734	2421900.000000
2013-10-01	-0.001222	0.140029	0.148670	0.136126	-0.043823	2147400.000000
2013-09-30	0.003433	0.136391	0.147858	0.134992	0.122741	4451600.000000
2013-09-27	-0.006335	0.135861	0.141420	0.129191	-0.227955	2838600.000000
2013-09-26	-0.009055	0.143753	0.144029	0.127229	-0.328777	2810400.000000
2013-09-25	-0.007585	0.150930	0.159403	0.143004	-0.277508	3880700.000000
2013-09-24	0.001424	0.153938	0.158044	0.148190	0.052033	9013300.000000
2013-09-23	0.016160	0.151448	0.177036	0.146164	0.581035	8280700.000000
2013-09-20	-0.012622	0.152568	0.154490	0.135816	-0.459625	10228300.000000
2013-09-19	-0.003086	0.157497	0.162699	0.146273	-0.112739	2245900.000000
2013-09-18	0.025566	0.153117	0.185125	0.148344	0.910579	3263400.000000
2013-09-17	0.001707	0.155648	0.160992	0.151429	0.060700	2512400.000000
2013-09-16	-0.007985	0.165114	0.179064	0.142515	-0.286183	3271900.000000
2013-09-13	0.013984	0.155663	0.172637	0.154248	0.494313	3489900.000000
2013-09-12	-0.006823	0.155646	0.161546	0.144126	-0.242821	1210800.000000
2013-09-11	-0.008935	0.149218	0.152560	0.136687	-0.320870	2355300.000000
2013-09-10	0.010247	0.156211	0.165214	0.151992	0.364235	1712100.000000
2013-09-09	0.002691	0.153117	0.159040	0.146911	0.095391	1559200.000000
2013-09-06	0.000735	0.156505	0.167513	0.152553	0.026024	2806500.000000
2013-09-05	-0.001223	0.150579	0.155936	0.146632	-0.043374	2000700.000000
2013-09-04	-0.002682	0.153960	0.154242	0.140464	-0.095390	1790700.000000
2013-09-03	-0.008462	0.158693	0.160365	0.134158	-0.303528	4253000.000000
2013-08-30	0.000968	0.155350	0.162047	0.151163	0.034695	2915300.000000
2013-08-29	-0.010299	0.149526	0.151460	0.134612	-0.372898	1919100.000000
2013-08-28	0.006509	0.153673	0.165626	0.147279	0.234138	2153800.000000
2013-08-27	0.000241	0.145609	0.164517	0.143107	0.008679	2859800.000000
2013-08-26	-0.000964	0.153950	0.158395	0.150339	-0.034687	2024000.000000
2013-08-23	0.001931	0.152282	0.161188	0.148107	0.069366	2398800.000000
2013-08-22	-0.014510	0.151197	0.158603	0.135562	-0.528991	3378300.000000
2013-08-21	-0.017068	0.143141	0.143141	0.125617	-0.633069	3710400.000000
2013-08-20	0.008489	0.153117	0.174325	0.150942	0.312203	3703800.000000
2013-08-19	-0.005394	0.150413	0.157985	0.140407	-0.199459	1861300.000000
2013-08-16	-0.016378	0.149393	0.150457	0.125719	-0.615723	2300200.000000
2013-08-15	-0.013203	0.145505	0.148392	0.137368	-0.502983	1622700.000000
2013-08-14	-0.004758	0.149460	0.152594	0.134830	-0.182121	2742600.000000
2013-08-13	-0.012749	0.153117	0.153117	0.137900	-0.494305	2671200.000000
2013-08-12	-0.006886	0.146713	0.149787	0.140054	-0.268848	1755100.000000
2013-08-09	-0.008152	0.153371	0.157181	0.141939	-0.320874	1476200.000000
2013-08-08	0.001766	0.155407	0.159225	0.148790	0.069382	1536100.000000
2013-08-07	0.005102	0.145187	0.166418	0.138793	0.199467	2515300.000000
2013-08-06	-0.010536	0.152864	0.152864	0.139702	-0.416275	1970500.000000
2013-08-05	-0.013425	0.148872	0.148872	0.135888	-0.537663	1450300.000000
2013-08-02	-0.002807	0.154362	0.162081	0.146892	-0.112739	1109200.000000
2013-08-01	0.009153	0.161912	0.178496	0.157138	0.364239	1966400.000000
2013-07-31	-0.008855	0.125721	0.152121	0.122234	-0.355565	3168800.000000
2013-07-30	0.001297	0.158603	0.162843	0.152618	0.052025	2729800.000000
2013-07-29	-0.001727	0.147889	0.155109	0.146395	-0.069374	3089900.000000
2013-07-26	0.015567	0.151347	0.171067	0.148313	0.615730	2793300.000000
2013-07-25	0.010412	0.150562	0.166145	0.149285	0.407586	1894100.000000
2013-07-24	-0.008348	0.156410	0.159957	0.138424	-0.329541	2038700.000000
2013-07-23	0.008865	0.155417	0.164362	0.148005	0.346878	1309200.000000
2013-07-22	0.002667	0.153885	0.163367	0.153629	0.104065	1381200.000000
2013-07-19	-0.011423	0.154890	0.157170	0.139691	-0.450943	2958400.000000
2013-07-18	0.008418	0.158226	0.169721	0.155672	0.329541	2805500.000000
2013-07-17	-0.026526	0.134217	0.141180	0.119048	-1.066677	4781000.000000
2013-07-16	0.003897	0.155613	0.180828	0.137389	0.156101	6905000.000000
2013-07-15	0.014273	0.153623	0.175399	0.144761	0.563690	3737600.000000
2013-07-12	0.000879	0.154384	0.154638	0.145514	0.034698	2247900.000000
2013-07-11	0.007975	0.161547	0.168189	0.156438	0.312188	2000900.000000
2013-07-10	-0.005069	0.147271	0.152863	0.141426	-0.199456	1995000.000000
2013-07-09	0.003983	0.153117	0.161027	0.147758	0.156098	2243100.000000
2013-07-08	0.011867	0.155182	0.173515	0.150277	0.459617	1925200.000000
2013-07-05	-0.006893	0.152860	0.154399	0.131065	-0.268837	1395100.000000
2013-07-03	-0.000445	0.146709	0.154655	0.142608	-0.017345	1374500.000000
2013-07-02	-0.003764	0.151074	0.161543	0.143669	-0.147427	2366600.000000
2013-07-01	-0.012464	0.161943	0.167742	0.135970	-0.494300	4099200.000000
2013-06-28	0.024647	0.177921	0.197040	0.154667	0.953926	8896600.000000
2013-06-27	-0.005460	0.156072	0.162753	0.144509	-0.212468	1798900.000000
2013-06-26	0.013414	0.170538	0.186423	0.168975	0.515110	2545800.000000
2013-06-25	0.011762	0.170078	0.182461	0.159276	0.446427	7638500.000000
2013-06-24	-0.002707	0.155349	0.171378	0.143788	-0.103028	7881800.000000
2013-06-21	0.016976	0.176032	0.193668	0.154387	0.635300	9347600.000000
2013-06-20	-0.023740	0.157243	0.158287	0.134547	-0.910019	2299300.000000
2013-06-19	-0.023617	0.165064	0.169648	0.137300	-0.927185	2087900.000000
2013-06-18	0.009047	0.162753	0.177917	0.161982	0.351986	2101900.000000
2013-06-17	0.003321	0.169450	0.180797	0.165582	0.128777	2570200.000000
2013-06-14	0.006686	0.165588	0.178048	0.162213	0.257549	2663100.000000
2013-06-13	0.012181	0.163495	0.180837	0.162181	0.463592	1838400.000000
2013-06-12	-0.005608	0.173954	0.178657	0.157231	-0.214626	1814800.000000
2013-06-11	-0.009333	0.155231	0.166879	0.149796	-0.360573	2048700.000000
2013-06-10	-0.006623	0.166351	0.166351	0.152723	-0.257557	1958500.000000
2013-06-07	0.006219	0.166878	0.175417	0.153942	0.240384	2173000.000000
2013-06-06	0.022717	0.165073	0.191270	0.161898	0.858512	2827300.000000
2013-06-05	-0.014110	0.160896	0.162200	0.144982	-0.540859	2972300.000000
2013-06-04	-0.006453	0.161958	0.165068	0.148480	-0.248966	1990700.000000
2013-06-03	0.000668	0.164549	0.171293	0.150284	0.025745	2869100.000000
2013-05-31	-0.002886	0.162222	0.183170	0.159895	-0.111599	2642600.000000
2013-05-30	0.004909	0.171566	0.191577	0.168707	0.188874	2709200.000000
2013-05-29	-0.026921	0.158487	0.160510	0.131680	-1.064553	4250800.000000
2013-05-28	-0.001734	0.169858	0.176926	0.160517	-0.068679	2306100.000000
2013-05-24	-0.007529	0.159798	0.163305	0.147270	-0.300484	2498800.000000
2013-05-23	-0.005987	0.159828	0.160077	0.138659	-0.240376	1856600.000000
2013-05-22	-0.012458	0.163333	0.181041	0.145133	-0.506538	1973200.000000
2013-05-21	0.003815	0.166290	0.170240	0.156414	0.154541	1718000.000000
2013-05-20	-0.001058	0.164809	0.166042	0.158890	-0.042919	1587300.000000
2013-05-17	0.007466	0.167790	0.174747	0.161330	0.300464	2064300.000000
2013-05-16	-0.007410	0.165302	0.166289	0.154697	-0.300464	2812000.000000
2013-05-15	0.007036	0.162574	0.185671	0.160338	0.283310	3168200.000000
2013-05-14	0.008168	0.167813	0.177078	0.161303	0.326225	2073100.000000
2013-05-13	-0.001717	0.160310	0.166059	0.158560	-0.068672	1694600.000000
2013-05-10	0.011724	0.167590	0.178971	0.160763	0.463592	2576200.000000
2013-05-09	-0.017910	0.165305	0.167789	0.140469	-0.721145	2862400.000000
2013-05-08	-0.014499	0.159424	0.168725	0.143025	-0.592369	2720400.000000
2013-05-07	0.023441	0.164057	0.194117	0.161051	0.935775	3065100.000000
2013-05-06	-0.015873	0.165055	0.165548	0.143608	-0.643890	2784000.000000
2013-05-03	0.000424	0.168755	0.173194	0.161109	0.017174	2171800.000000
2013-05-02	-0.009022	0.164564	0.169697	0.141591	-0.369167	3132500.000000
2013-05-01	-0.016102	0.163126	0.165049	0.143648	-0.669625	2578900.000000
2013-04-30	0.001861	0.164568	0.168422	0.161436	0.077255	2034200.000000
2013-04-29	0.008342	0.166752	0.177197	0.161893	0.343396	1642800.000000
2013-04-26	0.001462	0.166755	0.172107	0.158484	0.060108	2282400.000000
2013-04-25	0.002722	0.168468	0.175054	0.164077	0.111603	2127800.000000
2013-04-24	0.003995	0.165054	0.173136	0.158686	0.163116	1751300.000000
2013-04-23	0.005284	0.165055	0.170964	0.154960	0.214626	1670100.000000
2013-04-22	-0.009629	0.164077	0.164321	0.151398	-0.394908	1853400.000000
2013-04-19	0.022474	0.169047	0.190987	0.167053	0.901432	2712800.000000
2013-04-18	-0.006169	0.164561	0.170012	0.155641	-0.248967	2690400.000000
2013-04-17	0.000639	0.162329	0.167288	0.155883	0.025753	2497500.000000
2013-04-16	0.004490	0.168794	0.175518	0.152107	0.180294	2376700.000000
2013-04-15	-0.009740	0.162836	0.169495	0.153464	-0.394916	2424500.000000
2013-04-12	0.004680	0.160844	0.172490	0.160844	0.188869	1727300.000000
2013-04-11	-0.001911	0.168271	0.168271	0.158626	-0.077255	1503800.000000
2013-04-10	0.010079	0.169305	0.179297	0.165558	0.403492	2175500.000000
2013-04-09	-0.001071	0.167054	0.174291	0.159818	-0.042931	2948000.000000
2013-04-08	0.004087	0.164057	0.173578	0.161551	0.163117	3823200.000000
2013-04-05	0.007586	0.159002	0.177684	0.156730	0.300484	3651800.000000
2013-04-04	0.013620	0.166344	0.181186	0.163273	0.532276	3258500.000000
2013-04-03	0.012230	0.168435	0.180091	0.166363	0.472175	4587400.000000
2013-04-02	0.005366	0.166892	0.171579	0.165590	0.206047	3301400.000000
2013-04-01	0.004491	0.164286	0.172133	0.160885	0.171704	2464800.000000
2013-03-28	0.010209	0.163752	0.177757	0.161638	0.386322	2786100.000000
2013-03-27	0.008004	0.168804	0.177061	0.164010	0.300480	3007100.000000
2013-03-26	0.013794	0.165214	0.183036	0.163864	0.510818	2641800.000000
2013-03-25	-0.004795	0.178439	0.182202	0.163389	-0.178409	9698600.000000
2013-03-22	0.002977	0.177095	0.184643	0.174670	0.110447	7463300.000000
2013-03-21	-0.004786	0.173608	0.176827	0.169584	-0.178418	1470600.000000
2013-03-20	0.006653	0.181146	0.188707	0.178446	0.246380	1750200.000000
2013-03-19	0.005305	0.181168	0.187140	0.173566	0.195400	2645200.000000
2013-03-18	-0.004591	0.172231	0.179528	0.170070	-0.169914	1793700.000000
2013-03-15	0.000000	0.172502	0.184392	0.167908	0.000000	4739200.000000
2013-03-14	0.006005	0.177368	0.184979	0.174649	0.220890	2285400.000000
2013-03-13	0.006041	0.177369	0.185027	0.171626	0.220875	1782500.000000
2013-03-12	0.001862	0.177095	0.179835	0.170520	0.067963	2279400.000000
2013-03-11	0.004208	0.173243	0.184525	0.169666	0.152923	3929700.000000
2013-03-08	-0.002099	0.178194	0.180391	0.166387	-0.076458	2463300.000000
2013-03-07	-0.004181	0.179556	0.186392	0.169713	-0.152927	1965900.000000
2013-03-06	-0.006691	0.175737	0.180626	0.164602	-0.246369	2378800.000000
2013-03-05	-0.002991	0.179262	0.183865	0.172763	-0.110439	2920000.000000
2013-03-04	0.014469	0.176546	0.198797	0.174898	0.526711	2908500.000000
2013-03-01	0.004925	0.175163	0.183721	0.169918	0.178417	2356800.000000
2013-02-28	0.012346	0.178493	0.196378	0.175419	0.441761	4674700.000000
2013-02-27	0.009830	0.175120	0.190924	0.175120	0.348312	4178100.000000
2013-02-26	0.004818	0.179364	0.187587	0.173976	0.169914	4042700.000000
2013-02-25	-0.011196	0.181582	0.191115	0.163917	-0.399280	3924300.000000
2013-02-22	0.013765	0.178801	0.193582	0.174821	0.484234	3985700.000000
2013-02-21	-0.039657	0.153346	0.165630	0.119223	-1.452725	8337500.000000
2013-02-20	-0.002314	0.175461	0.179002	0.169470	-0.084957	2680000.000000
2013-02-19	0.011704	0.179024	0.191148	0.176820	0.424778	4026600.000000
2013-02-15	0.006835	0.179315	0.187360	0.178205	0.246365	3843000.000000
2013-02-14	-0.004224	0.173228	0.177648	0.171294	-0.152916	3119600.000000
2013-02-13	-0.002575	0.176269	0.179575	0.170483	-0.093449	1341100.000000
2013-02-12	0.000703	0.176544	0.178474	0.171581	0.025482	1186100.000000
2013-02-11	-0.001870	0.175995	0.181774	0.173242	-0.067962	965400.000000
2013-02-08	0.000234	0.176545	0.178747	0.171039	0.008495	1321900.000000
2013-02-07	0.005408	0.180140	0.189273	0.175989	0.195400	1957600.000000
2013-02-06	0.004251	0.172927	0.182099	0.170147	0.152928	1421400.000000
2013-02-05	0.005699	0.181568	0.190233	0.179611	0.203876	1730800.000000
2013-02-04	-0.011502	0.175438	0.176267	0.163004	-0.416271	1976100.000000
2013-02-01	-0.000938	0.179028	0.181236	0.173507	-0.033985	1920600.000000
2013-01-31	0.005898	0.180705	0.185981	0.176262	0.212383	3048000.000000
2013-01-30	0.006410	0.177934	0.191348	0.176257	0.229378	2581800.000000
2013-01-29	0.008621	0.175122	0.187243	0.173995	0.305839	2328700.000000
2013-01-28	-0.003103	0.177377	0.179344	0.172038	-0.110431	2221600.000000
2013-01-25	0.009154	0.182200	0.187871	0.175110	0.322818	3137600.000000
2013-01-24	0.003384	0.179941	0.186485	0.176811	0.118935	2442600.000000
2013-01-23	0.002909	0.173957	0.180520	0.167679	0.101952	2618600.000000
2013-01-22	0.005852	0.176234	0.187141	0.175947	0.203888	2931800.000000
2013-01-18	0.004654	0.179979	0.182574	0.171616	0.161411	1751500.000000
2013-01-17	0.003442	0.178253	0.187512	0.174202	0.118946	2127700.000000
2013-01-16	-0.007805	0.173076	0.177096	0.164750	-0.271858	1594500.000000
2013-01-15	0.002690	0.176232	0.180262	0.171338	0.093445	2369700.000000
2013-01-14	-0.001465	0.178820	0.187444	0.173934	-0.050969	3293800.000000
2013-01-11	0.001957	0.178824	0.181416	0.171335	0.067963	2077400.000000
2013-01-10	0.002453	0.180849	0.184602	0.177384	0.084950	2455500.000000
2013-01-09	0.002459	0.196198	0.196198	0.171886	0.084964	2407800.000000
2013-01-08	0.004942	0.175060	0.182913	0.171860	0.169907	2986700.000000
2013-01-07	-0.017003	0.171663	0.174808	0.152221	-0.594696	2692700.000000
2013-01-04	0.010059	0.180850	0.196733	0.179117	0.348328	2721400.000000
2013-01-03	-0.002203	0.177095	0.178536	0.169315	-0.076466	3578400.000000
2013-01-02	0.016675	0.189693	0.198188	0.185298	0.569202	2625800.000000
2012-12-31	0.011836	0.174131	0.192510	0.167907	0.399292	2415600.000000
2012-12-28	-0.007746	0.171507	0.182978	0.167683	-0.263370	1903800.000000
2012-12-27	0.005401	0.183749	0.189072	0.174877	0.182655	2949400.000000
2012-12-26	-0.015648	0.192006	0.196663	0.166390	-0.537567	3239400.000000
2012-12-24	-0.014220	0.187968	0.189116	0.170751	-0.495563	2168400.000000
2012-12-21	-0.010258	0.182598	0.189415	0.178054	-0.361180	4891300.000000
2012-12-20	0.009877	0.190264	0.202310	0.190264	0.344387	3573800.000000
2012-12-19	0.000723	0.191124	0.194569	0.185958	0.025185	3247700.000000
2012-12-18	0.012201	0.189679	0.205367	0.188807	0.419971	4157900.000000
2012-12-17	0.011602	0.192902	0.206715	0.192608	0.394783	2473900.000000
2012-12-14	-0.001479	0.190257	0.195539	0.187322	-0.050399	1642100.000000
2012-12-13	-0.004417	0.190259	0.193180	0.181786	-0.151184	1534100.000000
2012-12-12	-0.002936	0.194046	0.199290	0.187055	-0.100796	2609500.000000
2012-12-11	-0.000245	0.190550	0.196375	0.189677	-0.008408	2184900.000000
2012-12-10	0.002698	0.190550	0.197267	0.189382	0.092400	1390700.000000
2012-12-07	0.002706	0.189672	0.196700	0.189087	0.092399	1784600.000000
2012-12-06	-0.000737	0.195232	0.197865	0.189088	-0.025203	2122300.000000
2012-12-05	0.008426	0.193206	0.210024	0.190846	0.285587	3458900.000000
2012-12-04	-0.005178	0.190257	0.196421	0.182919	-0.176392	1571900.000000
2012-12-03	-0.009524	0.189969	0.191714	0.169618	-0.327579	2593700.000000
2012-11-30	0.010362	0.193194	0.204356	0.189375	0.352768	3268800.000000
2012-11-29	0.003218	0.193497	0.201159	0.185246	0.109203	3585900.000000
2012-11-28	-0.003453	0.186439	0.191138	0.182621	-0.117592	2682700.000000
2012-11-27	-0.005153	0.192888	0.196686	0.182955	-0.176387	2510300.000000
2012-11-26	0.014439	0.184623	0.212483	0.184623	0.487171	2109200.000000
2012-11-23	0.001995	0.191145	0.195302	0.178672	0.067192	1259100.000000
2012-11-21	-0.003232	0.189958	0.192623	0.172198	-0.109196	2286700.000000
2012-11-20	-0.007404	0.194664	0.201128	0.179092	-0.251980	3094500.000000
2012-11-19	0.001978	0.200560	0.200560	0.182307	0.067196	2582800.000000
2012-11-16	0.006721	0.191736	0.206555	0.189069	0.226788	3721600.000000
2012-11-15	-0.005447	0.193793	0.204110	0.178760	-0.184796	2920600.000000
2012-11-14	-0.011261	0.189093	0.191133	0.173938	-0.386375	2333800.000000
2012-11-13	0.007895	0.186732	0.209644	0.184969	0.268776	1802700.000000
2012-11-12	-0.008804	0.197538	0.201032	0.178322	-0.302372	1041200.000000
2012-11-09	-0.000733	0.188514	0.196079	0.186477	-0.025196	1722500.000000
2012-11-08	-0.005348	0.191708	0.198943	0.183895	-0.184792	2152200.000000
2012-11-07	-0.018373	0.184301	0.184301	0.164700	-0.646759	2443400.000000
2012-11-06	0.009636	0.190551	0.206899	0.188830	0.335987	1921400.000000
2012-11-05	-0.011667	0.187716	0.190267	0.175244	-0.411579	1916300.000000
2012-11-02	-0.002138	0.196490	0.200450	0.186590	-0.075603	3963500.000000
2012-11-01	-0.010113	0.190551	0.194751	0.176831	-0.361168	1757800.000000
2012-10-31	0.012381	0.196787	0.208976	0.193669	0.436771	2673200.000000
2012-10-26	-0.000952	0.193099	0.193382	0.185453	-0.033600	2538900.000000
2012-10-25	0.002863	0.194527	0.198503	0.192255	0.100792	4102600.000000
2012-10-24	-0.006164	0.193091	0.196760	0.180671	-0.218391	2491400.000000
2012-10-23	-0.006828	0.182421	0.188588	0.180739	-0.243580	4141200.000000
2012-10-22	-0.007246	0.187489	0.190550	0.178027	-0.260384	1624400.000000
2012-10-19	-0.009951	0.190000	0.192755	0.173468	-0.361175	2220300.000000
2012-10-18	-0.005066	0.188357	0.193018	0.184519	-0.184796	3739800.000000
2012-10-17	0.018766	0.196695	0.213451	0.195298	0.671967	2240500.000000
2012-10-16	0.000000	0.197253	0.205631	0.182731	0.000000	2683400.000000
2012-10-15	0.003059	0.189990	0.194192	0.180466	0.109192	2548300.000000
2012-10-12	-0.013234	0.200778	0.203542	0.162632	-0.478775	4769600.000000
2012-10-11	-0.001391	0.193311	0.201592	0.188618	-0.050396	1623600.000000
2012-10-10	0.001858	0.191103	0.198294	0.186402	0.067192	1447600.000000
2012-10-09	-0.009890	0.187538	0.188360	0.177133	-0.361176	2091600.000000
2012-10-08	0.018983	0.190829	0.230728	0.190829	0.680359	3884700.000000
2012-10-05	-0.004433	0.193051	0.196384	0.184162	-0.159588	2034900.000000
2012-10-04	0.008233	0.194191	0.200633	0.188030	0.293984	3441800.000000
2012-10-03	0.005677	0.194212	0.202661	0.188860	0.201576	2389000.000000
2012-10-02	0.000710	0.193087	0.202388	0.187168	0.025204	1994300.000000
2012-10-01	-0.010077	0.190829	0.196410	0.177158	-0.361176	1894100.000000
2012-09-28	0.006131	0.189428	0.200376	0.182690	0.218392	3055700.000000
2012-09-27	-0.003173	0.194328	0.194328	0.182575	-0.113392	2014000.000000
2012-09-26	0.008206	0.205822	0.222468	0.204411	0.290863	2412900.000000
2012-09-25	-0.003738	0.205812	0.208623	0.197661	-0.132973	1297100.000000
2012-09-24	0.005166	0.203565	0.210911	0.202718	0.182839	1770600.000000
2012-09-21	-0.001407	0.206386	0.208643	0.196230	-0.049866	3168400.000000
2012-09-20	0.002586	0.202151	0.208091	0.200737	0.091415	1220100.000000
2012-09-19	-0.000470	0.203849	0.210917	0.200739	-0.016613	1456200.000000
2012-09-18	0.000705	0.203283	0.205546	0.191683	0.024929	2596700.000000
2012-09-17	-0.016648	0.204117	0.208012	0.183251	-0.598373	5831700.000000
2012-09-14	-0.001846	0.204394	0.206337	0.192730	-0.066479	2329200.000000
2012-09-13	0.005570	0.200211	0.209985	0.196581	0.199459	2901900.000000
2012-09-12	-0.005309	0.203561	0.205783	0.195506	-0.191143	893200.000000
2012-09-11	-0.002992	0.202452	0.207437	0.199406	-0.108040	901500.000000
2012-09-10	-0.000460	0.208819	0.208819	0.199961	-0.016620	999000.000000
2012-09-07	0.006483	0.210805	0.215263	0.205790	0.232700	1620500.000000
2012-09-06	0.004886	0.210842	0.214761	0.208042	0.174515	2827900.000000
2012-09-05	-0.010589	0.207438	0.209377	0.189710	-0.382279	2141700.000000
