2017-09-01	-0.000680	0.003499	0.008320	-0.001906	-1.260010	377600.000000
2017-08-31	0.021555	0.004865	0.023911	0.002350	39.079956	532100.000000
2017-08-30	0.003287	0.001129	0.006497	0.000603	5.939941	333400.000000
2017-08-29	0.009582	-0.007827	0.011783	-0.008665	17.150025	488800.000000
2017-08-28	-0.001991	0.003635	0.006423	-0.006150	-3.569946	485800.000000
2017-08-25	-0.012134	0.004032	0.004032	-0.014993	-22.030030	423200.000000
2017-08-24	0.001373	0.000011	0.005212	-0.006569	2.489990	317000.000000
2017-08-23	-0.002849	-0.001270	0.003019	-0.005516	-5.179931	422000.000000
2017-08-22	0.009248	0.006084	0.010902	0.001316	16.659912	475400.000000
2017-08-21	-0.004674	-0.001436	0.005663	-0.012707	-8.459961	463000.000000
2017-08-18	-0.001638	-0.001848	0.003878	-0.006602	-2.969971	486100.000000
2017-08-17	-0.023037	-0.000674	-0.000587	-0.023948	-42.750000	640500.000000
2017-08-16	-0.002751	0.004654	0.004654	-0.004589	-5.119995	396200.000000
2017-08-15	-0.006996	0.002855	0.005096	-0.007951	-13.109985	368800.000000
2017-08-14	0.010668	0.008467	0.012313	0.003554	19.779907	485900.000000
2017-08-11	0.002460	0.001822	0.009613	-0.002406	4.550049	620200.000000
2017-08-10	-0.029987	-0.003451	-0.001542	-0.032195	-57.180054	1010600.000000
2017-08-09	-0.069400	-0.067589	-0.062962	-0.084880	-142.199951	2064800.000000
2017-08-08	0.003114	0.000666	0.012410	-0.003686	6.359985	830600.000000
2017-08-07	0.004855	0.000964	0.005775	-0.005298	9.869995	402300.000000
2017-08-04	0.002362	0.001499	0.003693	-0.003792	4.790040	333200.000000
2017-08-03	0.003270	-0.000198	0.004269	-0.004363	6.609985	430900.000000
2017-08-02	-0.001590	-0.000563	0.000449	-0.012146	-3.219971	354300.000000
2017-08-01	-0.001928	0.005714	0.006404	-0.005664	-3.910034	371400.000000
2017-07-31	0.002194	0.002935	0.004417	-0.006828	4.439941	501100.000000
2017-07-28	-0.000509	0.000681	0.007674	-0.008449	-1.029907	505500.000000
2017-07-27	-0.003994	0.003364	0.005282	-0.018301	-8.119995	487500.000000
2017-07-26	0.008082	0.001155	0.009961	0.000322	16.299927	311800.000000
2017-07-25	0.007443	0.001339	0.010669	-0.003327	14.900024	330700.000000
2017-07-24	0.003569	0.000005	0.005113	-0.001218	7.119995	261700.000000
2017-07-21	-0.002166	-0.002851	0.001816	-0.004522	-4.329956	232700.000000
2017-07-20	0.003574	0.004207	0.008308	0.000537	7.119995	342100.000000
2017-07-19	0.008025	0.002500	0.011517	0.002115	15.859986	361100.000000
2017-07-18	0.015821	0.001820	0.022401	0.001439	30.780029	504800.000000
2017-07-17	-0.002773	-0.000902	0.002471	-0.006366	-5.410034	264600.000000
2017-07-14	0.005240	0.004519	0.007688	0.001123	10.170044	302300.000000
2017-07-13	-0.002816	0.001963	0.001963	-0.005883	-5.480103	291100.000000
2017-07-12	0.008828	0.005220	0.011534	0.004069	17.030030	344200.000000
2017-07-11	0.003814	-0.000484	0.006104	-0.009324	7.330078	318400.000000
2017-07-10	0.001730	0.000782	0.009236	-0.003670	3.319946	360800.000000
2017-07-07	0.024676	0.000833	0.026224	0.000833	46.199951	631000.000000
2017-07-06	0.003371	-0.007964	0.006050	-0.011254	6.290039	422600.000000
2017-07-05	0.012414	0.001286	0.014188	-0.000955	22.880005	374900.000000
2017-07-03	-0.014643	0.003822	0.007378	-0.018412	-27.390015	335000.000000
2017-06-30	-0.003447	0.003761	0.005338	-0.003703	-6.469970	459200.000000
2017-06-29	-0.006994	-0.004809	-0.000275	-0.021008	-13.219971	516900.000000
2017-06-28	0.017199	0.003450	0.021757	0.001883	31.959961	499900.000000
2017-06-27	-0.009641	-0.002691	0.003043	-0.012647	-18.089966	339400.000000
2017-06-26	0.001099	0.003052	0.011615	-0.003543	2.059937	406500.000000
2017-06-23	0.006093	-0.001814	0.007349	-0.004139	11.349975	359900.000000
2017-06-22	-0.002597	0.001617	0.003807	-0.003630	-4.849975	278800.000000
2017-06-21	0.009262	0.002134	0.010461	-0.001405	17.140014	305600.000000
2017-06-20	-0.000518	-0.000864	0.003899	-0.003986	-0.959961	378800.000000
2017-06-19	0.027177	0.007306	0.029563	0.005220	48.989991	562400.000000
2017-06-16	-0.003642	0.003803	0.003803	-0.006544	-6.589966	523800.000000
2017-06-15	-0.012235	-0.009614	-0.006563	-0.021839	-22.410034	625000.000000
2017-06-14	-0.006460	0.000803	0.006531	-0.015465	-11.910035	551800.000000
2017-06-13	0.016840	0.007027	0.023045	0.005312	30.530030	512000.000000
2017-06-12	-0.015813	-0.003865	-0.001439	-0.033119	-29.130005	1001800.000000
2017-06-09	-0.026559	-0.001258	0.001548	-0.034792	-50.260010	667000.000000
2017-06-08	0.001063	0.001920	0.004634	-0.002984	2.010010	339000.000000
2017-06-07	0.000270	0.000180	0.002635	-0.006022	0.510010	380100.000000
2017-06-06	-0.000909	-0.001396	0.009167	-0.002474	-1.719971	459600.000000
2017-06-05	-0.002310	-0.003296	0.002263	-0.003729	-4.380005	327600.000000
2017-06-02	0.002718	0.004347	0.005913	-0.005183	5.140015	463300.000000
2017-06-01	0.007315	0.000618	0.009419	-0.003548	13.729980	433800.000000
2017-05-31	0.010574	0.002654	0.010574	-0.004011	19.640015	560900.000000
2017-05-30	-0.003461	-0.003342	-0.000134	-0.009818	-6.450073	484100.000000
2017-05-26	0.001865	0.000602	0.004864	-0.004187	3.469970	417700.000000
2017-05-25	0.006323	0.000682	0.011711	-0.000184	11.690064	532300.000000
2017-05-24	0.011379	0.000651	0.012068	0.000651	20.800049	408500.000000
2017-05-23	-0.000263	-0.001630	0.002494	-0.007613	-0.480103	346200.000000
2017-05-22	0.011138	0.004214	0.013372	0.002815	20.140015	367200.000000
2017-05-19	0.006821	0.002210	0.014582	0.002027	12.250000	457700.000000
2017-05-18	0.000189	-0.000384	0.010291	-0.002389	0.340088	502500.000000
2017-05-17	-0.018641	-0.006208	-0.005104	-0.019784	-34.110108	621800.000000
2017-05-16	0.008816	0.003319	0.011804	0.002067	15.989990	486500.000000
2017-05-15	-0.002403	-0.000116	0.004999	-0.003949	-4.369995	521900.000000
2017-05-12	0.002547	0.005939	0.007725	0.000243	4.619995	638700.000000
2017-05-11	-0.006143	-0.002751	-0.000005	-0.013185	-11.209961	774800.000000
2017-05-10	-0.045188	-0.030008	-0.030008	-0.057626	-86.359985	1761100.000000
2017-05-09	0.003792	0.003955	0.006334	-0.003083	7.219971	771500.000000
2017-05-08	0.000137	0.001760	0.012334	-0.004019	0.260010	585000.000000
2017-05-05	-0.003539	0.003973	0.006203	-0.006821	-6.760010	580300.000000
2017-05-04	0.017914	0.001710	0.021904	-0.003309	33.619995	675800.000000
2017-05-03	-0.001983	0.002196	0.002377	-0.008003	-3.729981	300600.000000
2017-05-02	0.005669	0.002385	0.006979	-0.003995	10.599976	259600.000000
2017-05-01	0.012508	0.001668	0.023830	0.001668	23.100098	481200.000000
2017-04-28	0.005964	0.008508	0.012386	0.001427	10.949951	477400.000000
2017-04-27	0.017599	0.001596	0.019644	-0.002128	31.750000	436100.000000
2017-04-26	0.002796	0.000061	0.003869	-0.003274	5.030029	321700.000000
2017-04-25	0.000261	0.005093	0.005093	-0.001840	0.469971	355800.000000
2017-04-24	0.026604	0.015097	0.030690	0.012494	46.609985	852100.000000
2017-04-21	-0.004992	-0.000511	0.002936	-0.008195	-8.790039	459500.000000
2017-04-20	-0.001361	0.000607	0.004912	-0.001679	-2.399902	346600.000000
2017-04-19	-0.000062	0.002036	0.004497	-0.003346	-0.110108	291100.000000
2017-04-18	-0.004123	-0.001141	0.000215	-0.008596	-7.299926	287000.000000
2017-04-17	0.018312	0.002433	0.019600	0.000535	31.839965	425000.000000
2017-04-13	-0.006423	0.002640	0.004097	-0.006669	-11.239990	418300.000000
2017-04-12	-0.010399	0.003495	0.003676	-0.010399	-18.390014	426800.000000
2017-04-11	-0.004262	-0.003356	0.002579	-0.010907	-7.569947	352900.000000
2017-04-10	0.003622	0.000249	0.007098	-0.001334	6.409912	262000.000000
2017-04-07	-0.002233	0.000237	0.000265	-0.006913	-3.959961	289700.000000
2017-04-06	0.006669	0.001691	0.007475	-0.003633	11.750000	326800.000000
2017-04-05	-0.003174	0.001856	0.011424	-0.004883	-5.609985	324100.000000
2017-04-04	-0.003726	-0.000564	0.000287	-0.007091	-6.609985	258300.000000
2017-04-03	-0.003360	-0.002084	0.002826	-0.007843	-5.979981	359800.000000
2017-03-31	-0.005159	-0.002493	0.000883	-0.005824	-9.229980	420500.000000
2017-03-30	0.002325	0.001921	0.005888	-0.003031	4.149902	277400.000000
2017-03-29	-0.001901	0.000772	0.005038	-0.002880	-3.399902	287800.000000
2017-03-28	0.009283	-0.002455	0.015096	-0.003098	16.449951	454900.000000
2017-03-27	0.010775	-0.009760	0.012110	-0.011471	18.890015	400400.000000
2017-03-24	0.002734	0.003014	0.005239	-0.000080	4.780029	300400.000000
2017-03-23	-0.002089	0.000548	0.003887	-0.002466	-3.660034	220900.000000
2017-03-22	0.002776	0.000000	0.004442	-0.004659	4.849975	277800.000000
2017-03-21	-0.010366	0.003716	0.003716	-0.012099	-18.299926	432800.000000
2017-03-20	-0.004056	0.000491	0.002290	-0.005675	-7.190064	262400.000000
2017-03-17	-0.000761	0.000423	0.000423	-0.004059	-1.349975	414600.000000
2017-03-16	0.003394	0.001708	0.003971	0.000543	6.000000	302200.000000
2017-03-15	-0.000577	0.002137	0.002476	-0.005212	-1.020020	353200.000000
2017-03-14	0.001064	0.000458	0.001551	-0.006157	1.880005	320900.000000
2017-03-13	0.007342	0.001573	0.010403	0.000399	12.880005	327900.000000
2017-03-10	0.002755	0.004413	0.005573	0.000795	4.819946	330700.000000
2017-03-09	0.003401	-0.003063	0.007359	-0.003063	5.930054	419500.000000
2017-03-08	0.004048	-0.000726	0.007590	-0.002758	7.030029	421100.000000
2017-03-07	0.003612	-0.005901	0.004283	-0.005901	6.250000	282600.000000
2017-03-06	-0.002818	-0.002939	0.001009	-0.004668	-4.890015	353800.000000
2017-03-03	0.000421	-0.001943	0.004399	-0.002860	0.729981	291700.000000
2017-03-02	0.000687	0.002504	0.008124	-0.001373	1.189941	503300.000000
2017-03-01	0.005249	0.009785	0.010376	0.001218	9.050049	623700.000000
2017-02-28	0.056446	0.044044	0.071311	0.040496	92.119995	1739800.000000
2017-02-27	0.000239	-0.000313	0.002268	-0.011774	0.390015	813000.000000
2017-02-24	-0.003445	-0.005931	0.002089	-0.009308	-5.640015	562400.000000
2017-02-23	-0.008767	0.006151	0.008022	-0.011103	-14.479980	412300.000000
2017-02-22	0.002878	-0.003327	0.003922	-0.004857	4.739990	278400.000000
2017-02-21	0.005863	0.003408	0.012117	0.000012	9.599976	460300.000000
2017-02-17	-0.006962	-0.000061	-0.000061	-0.008988	-11.479981	414000.000000
2017-02-16	-0.000048	-0.000916	0.006070	-0.003918	-0.079956	301600.000000
2017-02-15	0.007128	-0.003658	0.008538	-0.005674	11.669922	280600.000000
2017-02-14	-0.005400	0.000000	0.000079	-0.009622	-8.890015	391000.000000
2017-02-13	-0.000200	0.003334	0.003334	-0.003954	-0.329956	413500.000000
2017-02-10	0.021516	0.003499	0.023464	0.001359	34.680054	843800.000000
2017-02-09	0.006645	0.001030	0.009299	-0.001961	10.640015	414300.000000
2017-02-08	0.001558	-0.002202	0.003503	-0.006067	2.489990	373600.000000
2017-02-07	0.007258	0.001777	0.007403	0.000517	11.519897	295400.000000
2017-02-06	0.002400	-0.001288	0.003467	-0.007617	3.800049	210200.000000
2017-02-03	0.005902	0.001525	0.008831	-0.000813	9.290039	317500.000000
2017-02-02	-0.000775	-0.003352	0.006437	-0.005275	-1.220093	444500.000000
2017-02-01	0.000114	0.005688	0.007276	-0.007790	0.180054	330700.000000
2017-01-31	-0.016963	-0.002066	-0.001810	-0.020770	-27.180054	517600.000000
2017-01-30	-0.000381	-0.002664	0.000412	-0.019914	-0.609985	469200.000000
2017-01-27	0.013583	-0.000278	0.015195	-0.002384	21.480103	428000.000000
2017-01-26	0.001659	-0.001431	0.005504	-0.002135	2.619995	294200.000000
2017-01-25	0.009908	0.003627	0.011603	0.001235	15.489990	308000.000000
2017-01-24	0.005363	0.002180	0.007119	-0.001839	8.339966	360300.000000
2017-01-23	0.006459	-0.002291	0.006938	-0.006718	9.979980	430300.000000
2017-01-20	0.003892	0.005549	0.005549	-0.007154	5.989990	596500.000000
2017-01-19	-0.001842	-0.000298	0.004631	-0.005928	-2.839965	279200.000000
2017-01-18	0.001123	0.003305	0.004623	-0.007090	1.729980	246000.000000
2017-01-17	-0.003681	-0.001177	0.000757	-0.007640	-5.689941	330200.000000
2017-01-13	0.004699	-0.001846	0.006733	-0.004764	7.229980	326200.000000
2017-01-12	0.001614	-0.002962	0.002487	-0.013092	2.479981	314900.000000
2017-01-11	0.000560	-0.001980	0.007439	-0.005361	0.859985	404600.000000
2017-01-10	0.003668	0.003478	0.009754	-0.000092	5.609985	325100.000000
2017-01-09	0.005965	-0.001690	0.011969	-0.001690	9.070069	397500.000000
2017-01-06	0.011219	-0.001436	0.015143	-0.001656	16.869995	473400.000000
2017-01-05	0.011033	0.001748	0.011867	0.001748	16.409912	447500.000000
2017-01-04	0.006578	0.004785	0.010883	0.002152	9.720093	387700.000000
2017-01-03	0.007851	0.007401	0.014529	-0.004481	11.509887	458500.000000
2016-12-30	-0.009526	0.002250	0.002250	-0.012039	-14.099975	407400.000000
2016-12-29	-0.000203	-0.002195	0.004708	-0.004803	-0.299927	200900.000000
2016-12-28	-0.008678	0.000877	0.001761	-0.011343	-12.960083	248700.000000
2016-12-27	0.004858	0.002564	0.011566	0.000155	7.220093	193900.000000
2016-12-23	0.003281	-0.002565	0.005900	-0.007426	4.859985	275600.000000
2016-12-22	-0.016218	-0.002896	-0.001713	-0.020149	-24.420044	406400.000000
2016-12-21	0.002337	-0.002756	0.006963	-0.004826	3.510010	290700.000000
2016-12-20	0.009014	-0.000517	0.010162	-0.003258	13.420044	306500.000000
2016-12-19	0.003065	-0.000007	0.011581	-0.004238	4.549927	390100.000000
2016-12-16	-0.011271	0.004197	0.004510	-0.018698	-16.919922	714500.000000
2016-12-15	-0.017829	-0.005528	-0.003566	-0.018241	-27.250000	584200.000000
2016-12-14	-0.007571	0.001708	0.005857	-0.009343	-11.660034	307600.000000
2016-12-13	0.002167	0.005472	0.015109	0.000963	3.329956	388000.000000
2016-12-12	-0.013607	0.001650	0.005552	-0.018877	-21.199951	396400.000000
2016-12-09	0.006012	0.004410	0.006786	0.000820	9.309936	333900.000000
2016-12-08	0.014165	0.005448	0.016195	-0.002803	21.630005	505900.000000
2016-12-07	0.014766	-0.000086	0.015271	-0.001960	22.220093	389900.000000
2016-12-06	0.003374	0.004801	0.005554	-0.003847	5.059936	254900.000000
2016-12-05	0.018167	0.002166	0.020278	0.001514	26.760010	349300.000000
2016-12-02	-0.004501	0.001230	0.006177	-0.008570	-6.660034	336100.000000
2016-12-01	-0.015974	-0.001323	0.000293	-0.023083	-24.020020	572600.000000
2016-11-30	-0.010913	0.001960	0.005466	-0.013195	-16.589966	375600.000000
2016-11-29	-0.003147	0.002347	0.005134	-0.006603	-4.799926	327100.000000
2016-11-28	0.002228	-0.002878	0.009411	-0.005632	3.389892	348900.000000
2016-11-25	0.000454	0.001400	0.004602	-0.006305	0.690064	173700.000000
2016-11-23	-0.009398	-0.002931	-0.001211	-0.015976	-14.430054	319000.000000
2016-11-22	0.007374	0.003982	0.007689	0.000958	11.239990	320100.000000
2016-11-21	0.011165	0.003085	0.015710	-0.000100	16.830078	295800.000000
2016-11-18	-0.003668	-0.000410	0.010642	-0.005532	-5.550048	426300.000000
2016-11-17	0.006433	-0.000459	0.018440	-0.002022	9.670044	413500.000000
2016-11-16	0.003860	-0.003379	0.013056	-0.006157	5.780029	366800.000000
2016-11-15	0.005553	0.007246	0.012483	-0.002404	8.269897	669100.000000
2016-11-14	-0.033408	-0.000123	0.000831	-0.037919	-51.469970	801600.000000
2016-11-11	-0.008795	-0.004002	0.002175	-0.015087	-13.669922	643000.000000
2016-11-10	-0.010151	0.009030	0.019532	-0.031816	-15.940064	1101600.000000
2016-11-09	-0.004987	-0.008320	-0.001983	-0.019992	-7.869995	912500.000000
2016-11-08	0.066066	0.040309	0.073551	0.040309	97.800049	1559000.000000
2016-11-07	0.039353	0.009247	0.042772	0.008081	56.049927	1395500.000000
2016-11-04	-0.009610	-0.006293	0.002809	-0.011063	-13.819947	435300.000000
2016-11-03	-0.005002	0.002781	0.007742	-0.006863	-7.229980	367700.000000
2016-11-02	-0.014772	0.001009	0.001738	-0.017185	-21.670044	539800.000000
2016-11-01	-0.004904	0.000000	0.003921	-0.013770	-7.229980	562900.000000
2016-10-31	-0.000400	0.002360	0.003248	-0.001722	-0.589966	284200.000000
2016-10-28	0.008065	0.001408	0.013657	-0.002064	11.799926	600900.000000
2016-10-27	-0.004179	0.004043	0.007378	-0.005500	-6.140014	358800.000000
2016-10-26	-0.006673	-0.002725	-0.001001	-0.009161	-9.869995	416700.000000
2016-10-25	0.004912	-0.003778	0.006828	-0.004029	7.229980	365700.000000
2016-10-24	0.003005	0.007374	0.008478	-0.001302	4.410034	274600.000000
2016-10-21	-0.000613	-0.005122	-0.000198	-0.008711	-0.900024	379700.000000
2016-10-20	-0.000619	0.003220	0.003260	-0.005574	-0.909912	300400.000000
2016-10-19	0.009780	0.001636	0.013560	0.000165	14.229980	344600.000000
2016-10-18	0.012047	0.009029	0.015477	0.006163	17.319947	326100.000000
2016-10-17	-0.001334	-0.002042	0.002633	-0.006926	-1.919922	263700.000000
2016-10-14	-0.002045	0.005185	0.009587	-0.005178	-2.950074	328600.000000
2016-10-13	-0.008468	-0.006214	-0.003904	-0.017363	-12.319946	483600.000000
2016-10-12	-0.002865	-0.000699	0.007046	-0.004256	-4.180054	287900.000000
2016-10-11	-0.010955	-0.003511	0.000230	-0.013673	-16.160034	418200.000000
2016-10-10	-0.003135	0.000797	0.004575	-0.006474	-4.639892	441800.000000
2016-10-07	-0.007125	0.005569	0.005569	-0.008340	-10.619995	414200.000000
2016-10-06	-0.004768	-0.003239	-0.000214	-0.008213	-7.140015	361800.000000
2016-10-05	0.005749	0.003049	0.008576	0.000658	8.559936	399000.000000
2016-10-04	0.001547	0.005132	0.008145	-0.002489	2.300049	386300.000000
2016-10-03	0.010350	-0.005206	0.012871	-0.008203	15.229981	514100.000000
2016-09-30	-0.001012	0.003456	0.005234	-0.006151	-1.489990	436500.000000
2016-09-29	0.010254	0.000672	0.016289	-0.001866	14.949951	652500.000000
2016-09-28	0.003124	0.004121	0.005552	-0.002917	4.540039	394700.000000
2016-09-27	0.004381	-0.000346	0.009239	-0.004098	6.339966	471900.000000
2016-09-26	-0.006597	-0.002842	-0.002052	-0.011347	-9.609986	327600.000000
2016-09-23	-0.006215	-0.000594	-0.000594	-0.009182	-9.109985	321200.000000
2016-09-22	0.001277	0.000581	0.004051	-0.004098	1.869995	337200.000000
2016-09-21	0.010352	0.002512	0.010828	-0.004479	15.000000	412500.000000
2016-09-20	0.000649	0.006788	0.007921	-0.005566	0.939941	289700.000000
2016-09-19	-0.008212	0.006130	0.008986	-0.009246	-11.989990	503000.000000
2016-09-16	0.001942	-0.002683	0.003905	-0.010294	2.830078	740400.000000
2016-09-15	0.019477	0.001819	0.020659	-0.002253	27.839966	733800.000000
2016-09-14	0.009485	0.001942	0.010770	0.000042	13.430054	393200.000000
2016-09-13	-0.014107	-0.007109	0.002632	-0.021362	-20.260010	523700.000000
2016-09-12	0.015779	-0.007943	0.020673	-0.007943	22.309937	504600.000000
2016-09-09	-0.022084	-0.009109	-0.001957	-0.022548	-31.929932	496100.000000
2016-09-08	0.001260	-0.000471	0.006994	-0.001440	1.819946	350500.000000
2016-09-07	0.004906	-0.001538	0.007210	-0.004962	7.050049	302200.000000
2016-09-06	0.009917	-0.000654	0.009917	-0.004639	14.109985	386800.000000
2016-09-02	0.003003	0.005928	0.008029	-0.001995	4.260010	263600.000000
2016-09-01	0.001313	0.004073	0.005393	-0.005788	1.859986	307100.000000
2016-08-31	0.000127	-0.001694	0.001313	-0.006036	0.179931	167200.000000
2016-08-30	-0.006062	-0.001754	0.003733	-0.009255	-8.639892	199000.000000
2016-08-29	0.003803	0.002261	0.009987	-0.000021	5.399902	316600.000000
2016-08-26	0.002995	0.000000	0.009989	-0.003568	4.239990	412000.000000
2016-08-25	0.003808	-0.004290	0.005971	-0.004290	5.369995	309300.000000
2016-08-24	-0.008640	-0.002292	0.004963	-0.012977	-12.289917	369200.000000
2016-08-23	-0.001067	0.000934	0.006327	-0.003153	-1.520019	306200.000000
2016-08-22	-0.005594	0.001704	0.001711	-0.007682	-8.010010	405700.000000
2016-08-19	-0.007671	-0.003513	0.000000	-0.010388	-11.069946	476800.000000
2016-08-18	0.011120	0.008969	0.015905	0.007217	15.869995	523500.000000
2016-08-17	0.013161	0.000000	0.014631	-0.003287	18.539917	479700.000000
2016-08-16	0.006790	-0.000865	0.008012	-0.004803	9.500000	365500.000000
2016-08-15	-0.006264	0.000014	0.002926	-0.007976	-8.819946	428800.000000
2016-08-12	0.000753	-0.004243	0.001009	-0.004243	1.059936	281200.000000
2016-08-11	0.000455	0.001756	0.007218	-0.000647	0.640015	301200.000000
2016-08-10	-0.000519	0.002836	0.003547	-0.004236	-0.729981	268000.000000
2016-08-09	0.001431	-0.000349	0.003132	-0.004804	2.010010	428100.000000
2016-08-08	-0.006519	0.000933	0.003083	-0.008627	-9.219971	637000.000000
2016-08-05	0.039875	0.055155	0.055155	0.034559	54.229981	1456600.000000
2016-08-04	-0.008132	-0.009292	-0.005441	-0.019560	-11.150025	1321600.000000
2016-08-03	0.019147	-0.002810	0.023265	-0.006950	25.760010	861800.000000
2016-08-02	-0.007890	-0.002043	0.005103	-0.022388	-10.699951	597400.000000
2016-08-01	0.003901	0.002162	0.009461	-0.006226	5.269897	547900.000000
2016-07-29	0.018634	-0.008378	0.021032	-0.009562	24.710083	1413600.000000
2016-07-28	0.001223	-0.010933	0.004070	-0.010933	1.619996	500500.000000
2016-07-27	-0.000038	-0.003873	0.011680	-0.006848	-0.050049	481500.000000
2016-07-26	0.002164	0.000817	0.007301	-0.004267	2.859985	456100.000000
2016-07-25	-0.004317	0.002298	0.002509	-0.016807	-5.729980	592700.000000
2016-07-22	-0.003827	0.002799	0.003152	-0.007077	-5.099976	405700.000000
2016-07-21	-0.015028	-0.002824	-0.001500	-0.019966	-20.329956	523100.000000
2016-07-20	0.019465	0.002344	0.027121	-0.002502	25.829956	649700.000000
2016-07-19	-0.010706	-0.006978	-0.002065	-0.012197	-14.359985	381600.000000
2016-07-18	0.008109	0.001451	0.014174	-0.001856	10.790039	300100.000000
2016-07-15	-0.011596	-0.013587	-0.009048	-0.017524	-15.610108	562000.000000
2016-07-14	0.005625	0.004938	0.009226	0.001195	7.530030	290200.000000
2016-07-13	-0.005039	-0.002267	0.010614	-0.005604	-6.780030	351400.000000
2016-07-12	-0.004145	0.008120	0.011813	-0.012598	-5.599975	489500.000000
2016-07-11	0.016225	0.010109	0.023716	0.009049	21.570068	648200.000000
2016-07-08	0.024822	0.007462	0.025716	0.005365	32.199951	712700.000000
2016-07-07	0.004040	-0.001858	0.010758	-0.001858	5.219971	494900.000000
2016-07-06	0.013341	-0.004055	0.015215	-0.011788	17.010010	561800.000000
2016-07-05	0.006044	-0.006162	0.006060	-0.016696	7.660034	568800.000000
2016-07-01	0.015187	0.000481	0.021860	-0.002323	18.959961	644100.000000
2016-06-30	0.007262	0.025690	0.029175	0.000484	9.000000	921500.000000
2016-06-29	0.029197	0.013079	0.037127	0.009757	35.160034	778500.000000
2016-06-28	0.015345	0.026921	0.041862	0.002361	18.199951	1206000.000000
2016-06-27	-0.037406	-0.009755	0.001437	-0.068239	-46.089966	1758600.000000
2016-06-24	-0.113696	-0.069357	-0.054978	-0.124349	-158.059936	3179200.000000
2016-06-23	0.022131	0.010220	0.024925	0.008014	30.099975	679200.000000
2016-06-22	0.012695	0.022486	0.023417	0.006910	17.049927	685500.000000
2016-06-21	0.000812	0.001781	0.006736	-0.009441	1.090088	453400.000000
2016-06-20	0.024992	0.010999	0.038694	0.009975	32.719971	722900.000000
2016-06-17	-0.011066	0.000234	0.000234	-0.015016	-14.650025	535600.000000
2016-06-16	0.014149	-0.001088	0.022659	-0.001555	18.469971	629100.000000
2016-06-15	0.001012	0.001534	0.011426	-0.001403	1.320068	490900.000000
2016-06-14	-0.008643	-0.003466	0.004204	-0.018586	-11.369995	527000.000000
2016-06-13	-0.002601	-0.004094	0.014451	-0.004709	-3.430053	414900.000000
2016-06-10	-0.015798	-0.009298	-0.006500	-0.018409	-21.169922	479600.000000
2016-06-09	-0.010894	-0.005765	-0.002598	-0.013670	-14.760010	450000.000000
2016-06-08	-0.003802	0.000000	0.006544	-0.005875	-5.170044	494500.000000
2016-06-07	0.008079	-0.000808	0.018442	-0.003032	10.900024	865000.000000
2016-06-06	0.036406	0.000622	0.038434	-0.002020	47.390015	842600.000000
2016-06-03	0.009077	-0.007140	0.010674	-0.010814	11.709961	596700.000000
2016-06-02	0.009390	0.001095	0.009664	-0.004562	12.000000	447000.000000
2016-06-01	0.010812	-0.004168	0.014427	-0.011722	13.670044	755300.000000
2016-05-31	-0.006811	0.004281	0.010487	-0.014140	-8.670044	784200.000000
2016-05-27	0.003136	-0.001576	0.003609	-0.005138	3.979980	305700.000000
2016-05-26	-0.000913	0.000590	0.007723	-0.006779	-1.160034	330500.000000
2016-05-25	0.010783	0.001496	0.016393	-0.004480	13.550049	344800.000000
2016-05-24	0.015467	0.000299	0.020340	-0.000436	19.140015	391900.000000
2016-05-23	-0.009445	-0.002353	0.003706	-0.011663	-11.800049	399700.000000
2016-05-20	-0.000816	0.003119	0.006814	-0.003703	-1.020020	445700.000000
2016-05-19	-0.013383	-0.013012	-0.006605	-0.026340	-16.959961	548800.000000
2016-05-18	-0.008411	-0.005329	0.007809	-0.017715	-10.750000	378500.000000
2016-05-17	-0.004246	0.001106	0.009724	-0.007254	-5.449951	456600.000000
2016-05-16	0.003777	0.002589	0.008454	-0.007492	4.829956	432400.000000
2016-05-13	-0.002815	-0.006434	0.005264	-0.008766	-3.609985	482900.000000
2016-05-12	0.011789	0.004876	0.018062	0.002296	14.939941	706500.000000
2016-05-11	-0.000757	-0.001254	0.004628	-0.006521	-0.959961	497700.000000
2016-05-10	0.018756	0.006290	0.023801	0.004490	23.349976	539800.000000
2016-05-09	-0.004144	0.000000	0.002320	-0.015183	-5.179932	425400.000000
2016-05-06	0.007455	-0.007930	0.009792	-0.007930	9.250000	571300.000000
2016-05-05	-0.009728	0.000670	0.008683	-0.011189	-12.190063	816900.000000
2016-05-04	-0.075001	-0.071340	-0.065434	-0.110280	-101.599976	2884800.000000
2016-05-03	-0.001511	-0.007717	0.001364	-0.015928	-2.049926	861500.000000
2016-05-02	0.009697	0.003974	0.011253	-0.013887	13.029907	508100.000000
2016-04-29	0.019786	0.011248	0.038608	0.011248	26.070068	1018000.000000
2016-04-28	-0.026704	-0.017537	0.001603	-0.032200	-36.150024	743400.000000
2016-04-27	0.014836	-0.001649	0.017280	-0.005210	19.790039	395500.000000
2016-04-26	-0.000989	-0.000951	0.001168	-0.010320	-1.320069	320000.000000
2016-04-25	-0.002413	-0.004856	0.001868	-0.011244	-3.229980	393400.000000
2016-04-22	-0.001119	-0.006716	0.007142	-0.006716	-1.500000	527000.000000
2016-04-21	-0.007407	-0.004956	0.005504	-0.009630	-10.000000	269600.000000
2016-04-20	0.003136	0.000609	0.013784	-0.005536	4.219971	416400.000000
2016-04-19	-0.005608	0.004810	0.004899	-0.014837	-7.589966	434700.000000
2016-04-18	0.016120	-0.002260	0.027877	-0.002260	21.469971	625500.000000
2016-04-15	-0.003360	-0.002035	-0.000958	-0.011696	-4.489991	479500.000000
2016-04-14	0.014138	0.003976	0.016877	0.000941	18.630005	519800.000000
2016-04-13	0.013443	0.007744	0.022810	0.000169	17.479981	605300.000000
2016-04-12	0.028190	0.003100	0.031590	-0.007528	35.650024	449400.000000
2016-04-11	-0.007472	0.006122	0.011176	-0.008586	-9.520019	293800.000000
2016-04-08	-0.001841	0.004920	0.005523	-0.004066	-2.349976	300400.000000
2016-04-07	-0.012769	-0.001191	-0.000526	-0.016674	-16.510010	389200.000000
2016-04-06	0.010891	0.000891	0.012353	-0.004589	13.930054	280400.000000
2016-04-05	-0.002091	-0.009175	0.004759	-0.012639	-2.680054	373200.000000
2016-04-04	-0.013803	-0.001654	-0.001154	-0.018012	-17.939941	357100.000000
2016-04-01	0.008332	-0.008503	0.009899	-0.012382	10.739990	567300.000000
2016-03-31	-0.021313	-0.003584	-0.001549	-0.021792	-28.070068	488200.000000
2016-03-30	0.006988	0.006889	0.011622	0.002408	9.140014	376400.000000
2016-03-29	0.016208	-0.004530	0.020878	-0.004530	20.859986	427700.000000
2016-03-28	-0.010882	0.000123	0.002705	-0.023194	-14.159912	453800.000000
2016-03-24	-0.003767	-0.004678	-0.001279	-0.011086	-4.920044	383700.000000
2016-03-23	-0.010080	0.002653	0.003358	-0.014711	-13.300049	447900.000000
2016-03-22	-0.023028	-0.029256	-0.016557	-0.032958	-31.099976	840100.000000
2016-03-21	0.004679	-0.002433	0.005044	-0.008079	6.290039	256200.000000
2016-03-18	-0.001960	0.004559	0.010966	-0.006355	-2.640014	472700.000000
2016-03-17	-0.003057	-0.006876	0.003953	-0.010274	-4.130005	389400.000000
2016-03-16	0.014158	-0.002950	0.019345	-0.005352	18.859985	536200.000000
2016-03-15	0.004828	-0.007980	0.010010	-0.007980	6.400025	383000.000000
2016-03-14	-0.000859	-0.005012	0.010875	-0.006994	-1.140015	490200.000000
2016-03-11	0.025584	0.010535	0.026535	0.005279	33.099975	649000.000000
2016-03-10	0.001455	0.003034	0.010922	-0.013461	1.880005	431100.000000
2016-03-09	0.007110	-0.002159	0.007117	-0.015085	9.119995	443000.000000
2016-03-08	-0.006706	-0.005753	0.005815	-0.008394	-8.660034	420400.000000
2016-03-07	-0.004839	-0.012568	-0.001094	-0.012568	-6.279907	504500.000000
2016-03-04	-0.004090	0.002678	0.004543	-0.013031	-5.330078	601200.000000
2016-03-03	0.001283	-0.003604	0.003435	-0.009774	1.670044	446800.000000
2016-03-02	0.004205	0.001111	0.004406	-0.011089	5.449951	469300.000000
2016-03-01	0.024273	0.014527	0.024786	0.010077	30.710083	570600.000000
2016-02-29	0.008722	-0.003165	0.022619	-0.004608	10.939941	728200.000000
2016-02-26	-0.007234	0.004227	0.007860	-0.015047	-9.140014	614500.000000
2016-02-25	-0.000633	-0.000759	0.006146	-0.013582	-0.799927	729000.000000
2016-02-24	0.001838	-0.010928	0.002346	-0.031049	2.319946	774200.000000
2016-02-23	-0.020591	-0.007855	-0.000016	-0.023059	-26.530029	617800.000000
2016-02-22	0.003646	0.002197	0.005998	-0.012261	4.680054	827100.000000
2016-02-19	0.025392	-0.010919	0.026391	-0.012317	31.790039	1052500.000000
2016-02-18	0.013265	0.007640	0.017539	0.000664	16.389892	1060100.000000
2016-02-17	0.112436	0.120935	0.122384	0.098561	124.880005	2382000.000000
2016-02-16	0.049782	0.016900	0.054659	0.013478	52.670044	1119700.000000
2016-02-12	0.002625	0.011031	0.022412	-0.004435	2.770020	811600.000000
2016-02-11	0.021757	0.020556	0.029881	-0.004105	22.469970	1036600.000000
2016-02-10	0.041845	0.013750	0.057198	0.011107	41.480042	970500.000000
2016-02-09	0.017961	-0.015784	0.030746	-0.020312	17.489990	1043800.000000
2016-02-08	-0.041111	-0.018768	-0.015312	-0.059790	-41.750000	1194000.000000
2016-02-05	-0.050089	-0.005612	-0.004724	-0.054635	-53.549988	1036300.000000
2016-02-04	0.019006	-0.004165	0.023342	-0.024696	19.939942	766700.000000
2016-02-03	-0.016526	0.003243	0.005202	-0.043458	-17.630005	793500.000000
2016-02-02	-0.016666	-0.013707	-0.000664	-0.026114	-18.079956	679300.000000
2016-02-01	0.018686	-0.001850	0.028001	-0.008188	19.900024	613300.000000
2016-01-29	0.020937	0.002176	0.030226	-0.012328	21.839966	873600.000000
2016-01-28	-0.000546	0.014458	0.015349	-0.027355	-0.569946	1127700.000000
2016-01-27	-0.061033	-0.028753	-0.016563	-0.066035	-67.840088	1174000.000000
2016-01-26	0.012396	-0.000747	0.024382	-0.025348	13.609985	744800.000000
2016-01-25	-0.018048	-0.000626	0.007557	-0.018093	-20.179931	428100.000000
2016-01-22	0.026599	0.020833	0.034367	0.013772	28.969970	735700.000000
2016-01-21	0.007223	0.002802	0.027438	-0.013197	7.810059	543600.000000
2016-01-20	-0.012033	-0.017816	0.003764	-0.050471	-13.170044	1062500.000000
2016-01-19	0.007141	0.011668	0.027845	-0.007656	7.760010	679900.000000
2016-01-15	-0.030891	-0.040468	-0.009408	-0.041226	-34.640015	1074700.000000
2016-01-14	0.020457	-0.000628	0.034407	-0.030849	22.479981	1160300.000000
2016-01-13	-0.043537	0.006154	0.007015	-0.063164	-50.020020	1136600.000000
2016-01-12	0.011124	0.004884	0.021315	-0.002816	12.640015	798400.000000
2016-01-11	-0.000598	-0.000844	0.009693	-0.014908	-0.679932	635300.000000
2016-01-08	-0.025900	0.004558	0.013040	-0.027579	-30.229980	1023000.000000
2016-01-07	-0.024668	-0.020673	-0.001855	-0.035455	-29.520020	1092100.000000
2016-01-06	-0.011547	-0.020393	0.001313	-0.021219	-13.979980	561300.000000
2016-01-05	-0.027847	-0.007299	0.001686	-0.035564	-34.680054	894900.000000
2016-01-04	-0.023201	-0.014863	-0.012628	-0.036825	-29.579956	767800.000000
2015-12-31	-0.011023	-0.002777	-0.000977	-0.013691	-14.210083	336200.000000
2015-12-30	-0.010166	-0.002611	-0.000560	-0.011003	-13.239990	272900.000000
2015-12-29	0.023127	0.003959	0.024384	0.003182	29.440063	404800.000000
2015-12-28	-0.000086	-0.004776	0.001312	-0.015608	-0.109985	266400.000000
2015-12-24	-0.004675	-0.000430	0.001149	-0.005504	-5.980103	159300.000000
2015-12-23	0.001221	0.005096	0.005840	-0.008039	1.560059	268300.000000
2015-12-22	0.001395	0.005636	0.005636	-0.007541	1.780029	303000.000000
2015-12-21	-0.007747	0.005608	0.010804	-0.016754	-9.960083	464500.000000
2015-12-18	-0.021366	-0.005800	-0.000586	-0.022836	-28.069946	882200.000000
2015-12-17	-0.013938	0.007266	0.007266	-0.014726	-18.570069	504600.000000
2015-12-16	0.006482	0.006844	0.010244	-0.006595	8.580079	413300.000000
2015-12-15	0.019917	0.004446	0.025657	0.003113	25.849975	709200.000000
2015-12-14	0.009764	0.002575	0.012884	-0.007212	12.550049	368200.000000
2015-12-11	-0.016204	-0.012223	-0.005174	-0.018607	-21.170044	535100.000000
2015-12-10	0.008888	0.003869	0.009490	-0.006409	11.510010	460900.000000
2015-12-09	-0.006887	-0.001902	0.008428	-0.014479	-8.979981	384000.000000
2015-12-08	0.001190	-0.011187	0.005766	-0.016316	1.549927	339000.000000
2015-12-07	0.001492	-0.000131	0.007159	-0.005690	1.940064	409800.000000
2015-12-04	0.015937	0.002969	0.017804	0.002969	20.400024	556300.000000
2015-12-03	0.003638	0.006860	0.015665	-0.003348	4.640015	666400.000000
2015-12-02	-0.005505	0.003306	0.011462	-0.008094	-7.060059	426000.000000
2015-12-01	0.026945	0.007967	0.029387	0.005325	33.650024	682100.000000
2015-11-30	0.003100	0.001141	0.017430	-0.000651	3.859986	539300.000000
2015-11-27	-0.000610	0.002456	0.003861	-0.008132	-0.760010	278400.000000
2015-11-25	0.004491	0.003886	0.012756	0.002193	5.569946	421000.000000
2015-11-24	-0.019093	-0.015835	-0.014039	-0.041382	-24.139892	1390300.000000
2015-11-23	-0.013429	0.002708	0.008763	-0.019922	-17.210083	486100.000000
2015-11-20	-0.002429	0.007605	0.008835	-0.011404	-3.119995	626600.000000
2015-11-19	0.004810	0.006515	0.016645	0.002831	6.150024	555200.000000
2015-11-18	0.015658	0.006602	0.022696	-0.005386	19.709961	804500.000000
2015-11-17	-0.006378	0.005636	0.010364	-0.013316	-8.079956	899300.000000
2015-11-16	-0.023795	-0.015111	-0.013685	-0.052044	-30.880005	1708400.000000
2015-11-13	-0.012374	-0.002291	0.004026	-0.014741	-16.260010	779900.000000
2015-11-12	-0.011710	-0.006453	0.005024	-0.012478	-15.569946	561200.000000
2015-11-11	0.004563	0.001519	0.008659	-0.006067	6.039917	597600.000000
2015-11-10	0.009450	-0.006933	0.012729	-0.006933	12.390015	927800.000000
2015-11-09	-0.095696	-0.060418	-0.043396	-0.101014	-138.750000	2652400.000000
2015-11-06	-0.008710	-0.007685	-0.002051	-0.022316	-12.739991	1177200.000000
2015-11-05	-0.004709	0.003702	0.004736	-0.012174	-6.920044	548500.000000
2015-11-04	0.003181	0.000717	0.006205	-0.001468	4.660035	507400.000000
2015-11-03	-0.001561	-0.003844	0.003987	-0.008179	-2.289917	414700.000000
2015-11-02	0.008905	0.005357	0.010837	0.000227	12.949951	498600.000000
2015-10-30	0.020054	0.013573	0.028359	0.007295	28.589966	994300.000000
2015-10-29	0.015044	0.003902	0.017017	-0.001310	21.130004	525700.000000
2015-10-28	0.000884	0.006214	0.006214	-0.006634	1.239991	533200.000000
2015-10-27	-0.009207	-0.002796	0.005881	-0.014086	-13.039917	479000.000000
2015-10-26	0.036466	0.006228	0.046374	0.005854	49.829956	863800.000000
2015-10-23	0.008874	0.014419	0.014419	0.002089	12.020019	629600.000000
2015-10-22	-0.007198	0.005321	0.012981	-0.009595	-9.820068	679600.000000
2015-10-21	-0.005989	0.004503	0.015388	-0.008984	-8.219971	481600.000000
2015-10-20	-0.002631	-0.003125	0.004629	-0.008756	-3.619995	471100.000000
2015-10-19	0.029598	-0.001781	0.032179	-0.005215	39.560059	700400.000000
2015-10-16	0.006992	0.005364	0.011181	-0.000964	9.279907	529000.000000
2015-10-15	0.012364	0.006506	0.016902	-0.004660	16.210083	601900.000000
2015-10-14	-0.025219	0.003695	0.003717	-0.027108	-33.920044	896100.000000
2015-10-13	-0.001626	-0.005337	0.004276	-0.009909	-2.189941	502700.000000
2015-10-12	0.025813	0.003586	0.029856	0.001751	33.899902	600900.000000
2015-10-09	0.006877	0.001280	0.009415	-0.005765	8.970093	419300.000000
2015-10-08	0.009864	-0.003469	0.015369	-0.008083	12.739990	432400.000000
2015-10-07	0.012647	0.007535	0.014685	-0.003481	16.130005	484900.000000
2015-10-06	0.000463	-0.003020	0.008903	-0.008111	0.589966	401700.000000
2015-10-05	0.007253	0.006652	0.017271	0.004630	9.179931	572800.000000
2015-10-02	0.014915	-0.014153	0.015725	-0.019125	18.600098	757000.000000
2015-10-01	0.008263	-0.001075	0.011659	-0.013631	10.219971	817500.000000
2015-09-30	0.030442	0.014296	0.031892	0.009631	36.540039	794500.000000
2015-09-29	0.000984	-0.000942	0.012576	-0.011783	1.179931	586800.000000
2015-09-28	-0.042801	-0.008318	-0.006250	-0.048325	-53.619995	1147800.000000
2015-09-25	-0.022145	0.013551	0.013551	-0.022738	-28.369995	744900.000000
2015-09-24	0.004028	-0.007241	0.006372	-0.015541	5.140015	596500.000000
2015-09-23	-0.010055	-0.000535	0.006245	-0.014694	-12.959961	394700.000000
2015-09-22	-0.014172	-0.014119	-0.007251	-0.022295	-18.530029	515100.000000
2015-09-21	0.010050	0.004643	0.013303	0.000417	13.010009	581300.000000
2015-09-18	-0.017853	-0.012344	-0.004181	-0.019196	-23.530029	1213400.000000
2015-09-17	-0.001878	0.001113	0.013654	-0.005036	-2.479980	482000.000000
2015-09-16	0.001274	0.002351	0.006946	-0.004580	1.679931	478400.000000
2015-09-15	0.024844	0.004670	0.026802	-0.004616	31.970093	721000.000000
2015-09-14	-0.002774	0.001224	0.001558	-0.011066	-3.580078	411600.000000
2015-09-11	0.002073	-0.005933	0.002252	-0.007005	2.670044	401600.000000
2015-09-10	0.008632	0.000540	0.013433	-0.001347	11.020019	405900.000000
2015-09-09	-0.002874	0.009841	0.018447	-0.004608	-3.680053	497800.000000
2015-09-08	0.028227	0.018269	0.028813	0.017001	35.150024	659900.000000
2015-09-04	0.003934	-0.013061	0.006474	-0.014689	4.880005	607900.000000
2015-09-03	-0.002011	0.005045	0.013984	-0.005286	-2.500000	544500.000000
2015-09-02	0.022635	0.014053	0.022676	0.000568	27.510010	413100.000000
2015-09-01	-0.026653	-0.025219	-0.002915	-0.033276	-33.280030	579300.000000
2015-08-31	-0.008536	-0.003351	0.004439	-0.012641	-10.750000	466700.000000
2015-08-28	0.005895	-0.006214	0.009992	-0.009537	7.380005	502800.000000
2015-08-27	0.023335	0.009424	0.024937	0.008141	28.550049	788000.000000
2015-08-26	0.037877	0.027027	0.042619	0.000161	44.649902	838400.000000
2015-08-25	0.003995	0.023839	0.043300	0.003977	4.690064	959600.000000
2015-08-24	-0.035171	-0.045130	0.004602	-0.054161	-42.800049	1153600.000000
2015-08-21	-0.032301	-0.009209	-0.007395	-0.045287	-40.619995	1211800.000000
2015-08-20	-0.026182	-0.002439	-0.001425	-0.027862	-33.809937	696200.000000
2015-08-19	-0.000372	-0.005813	0.010195	-0.008383	-0.479980	471200.000000
2015-08-18	-0.011274	-0.011848	0.001906	-0.014106	-14.730103	426200.000000
2015-08-17	0.017729	-0.005219	0.018850	-0.005928	22.760010	518700.000000
2015-08-14	-0.001299	-0.001704	0.001960	-0.007367	-1.669922	610000.000000
2015-08-13	-0.007137	0.005391	0.009493	-0.007863	-9.239990	411100.000000
2015-08-12	-0.010062	-0.007080	-0.006407	-0.019383	-13.160034	770000.000000
2015-08-11	-0.011996	-0.005930	-0.000869	-0.018516	-15.880005	513400.000000
2015-08-10	0.004858	0.007325	0.012639	0.000509	6.400024	548900.000000
2015-08-07	-0.025485	-0.000925	-0.000629	-0.027512	-34.450073	705900.000000
2015-08-06	0.000437	0.000215	0.015630	-0.008222	0.590088	868800.000000
2015-08-05	0.052352	0.076807	0.086457	0.032017	67.219971	2106200.000000
2015-08-04	0.035075	0.001475	0.037131	0.000040	43.510010	1242400.000000
2015-08-03	-0.002485	0.005082	0.005114	-0.014933	-3.089966	588400.000000
2015-07-31	0.017601	0.018845	0.026856	0.016014	21.509887	797200.000000
2015-07-30	0.002157	0.002107	0.006290	-0.009668	2.630005	523900.000000
2015-07-29	0.009387	-0.004197	0.011357	-0.010877	11.340088	470700.000000
2015-07-28	0.018557	0.008617	0.024071	0.001189	22.010010	452200.000000
2015-07-27	-0.009470	-0.003023	0.006748	-0.011917	-11.340088	562400.000000
2015-07-24	-0.025664	-0.011343	-0.008292	-0.032108	-31.539917	988600.000000
2015-07-23	-0.004060	0.000065	0.003639	-0.009457	-5.010010	428700.000000
2015-07-22	-0.000996	0.003497	0.005505	-0.005813	-1.229980	360500.000000
2015-07-21	-0.010185	0.000873	0.002300	-0.014697	-12.710083	563500.000000
2015-07-20	0.026242	0.003643	0.040288	0.003339	31.910034	886800.000000
2015-07-17	0.027904	0.010135	0.031285	0.008462	33.010010	938300.000000
2015-07-16	0.013233	0.009687	0.014766	0.005533	15.449951	275500.000000
2015-07-15	-0.003321	-0.002074	0.005557	-0.005532	-3.890015	324600.000000
2015-07-14	0.000034	0.000948	0.010270	-0.001981	0.040039	323000.000000
2015-07-13	0.024668	0.006954	0.026636	0.004829	28.200074	627500.000000
2015-07-10	0.015203	0.013489	0.015923	0.006154	17.119995	533300.000000
2015-07-09	0.008174	0.014773	0.021845	0.007216	9.130005	638000.000000
2015-07-08	-0.024515	-0.009956	-0.002803	-0.025537	-28.070069	806000.000000
2015-07-07	0.003136	0.003671	0.004249	-0.019423	3.579956	563800.000000
2015-07-06	-0.001435	-0.007803	0.009028	-0.007935	-1.639892	464000.000000
2015-07-02	-0.006329	0.002182	0.003686	-0.007259	-7.280030	396700.000000
2015-07-01	-0.000886	0.007495	0.020237	-0.003943	-1.020019	621100.000000
2015-06-30	0.039396	0.011889	0.040109	0.010463	43.640015	1082600.000000
2015-06-29	-0.029074	-0.011307	-0.004295	-0.032825	-33.170044	707600.000000
2015-06-26	-0.007214	0.002419	0.003315	-0.011704	-8.289917	611700.000000
2015-06-25	-0.004961	0.002667	0.005178	-0.005429	-5.730103	334700.000000
2015-06-24	-0.000891	0.001575	0.002440	-0.007500	-1.029907	384200.000000
2015-06-23	0.004833	0.003295	0.007980	-0.003799	5.559936	428700.000000
2015-06-22	-0.006966	0.002426	0.003125	-0.012629	-8.069946	686700.000000
2015-06-19	-0.013203	-0.003007	-0.000417	-0.013586	-15.500000	566800.000000
2015-06-18	0.008929	0.004942	0.011362	0.000223	10.390015	596900.000000
2015-06-17	-0.010738	0.001488	0.005696	-0.011061	-12.630005	556100.000000
2015-06-16	0.000715	-0.003539	0.004475	-0.006075	0.839966	407100.000000
2015-06-15	0.001013	-0.006106	0.003773	-0.013243	1.189941	461400.000000
2015-06-12	-0.006566	0.001244	0.001244	-0.009248	-7.760010	354200.000000
2015-06-11	0.001687	0.002932	0.007212	-0.001703	1.990113	365500.000000
2015-06-10	0.014330	0.005785	0.019376	0.000920	16.669921	549800.000000
2015-06-09	-0.000670	-0.002758	0.003393	-0.005936	-0.780029	478600.000000
2015-06-08	-0.011976	0.000815	0.003259	-0.013640	-14.109985	554500.000000
2015-06-05	-0.006393	-0.002058	0.001552	-0.007978	-7.579956	421700.000000
2015-06-04	-0.006677	-0.008226	0.003217	-0.009089	-7.969971	495600.000000
2015-06-03	-0.001931	0.000226	0.004222	-0.008369	-2.310059	689900.000000
2015-06-02	0.025166	-0.003874	0.029812	-0.004371	29.359986	1035100.000000
2015-06-01	-0.004590	0.001672	0.004624	-0.006792	-5.380005	662200.000000
2015-05-29	-0.015547	0.000034	0.001092	-0.020394	-18.510010	843100.000000
2015-05-28	-0.006020	-0.000434	0.003047	-0.008850	-7.209961	394500.000000
2015-05-27	0.001656	0.000368	0.006347	-0.001489	1.979981	555700.000000
2015-05-26	-0.010525	-0.001432	0.002838	-0.011907	-12.719971	611100.000000
2015-05-22	-0.003406	0.000841	0.004635	-0.004428	-4.130005	410000.000000
2015-05-21	0.003683	-0.001796	0.008575	-0.003460	4.449951	323300.000000
2015-05-20	-0.004515	-0.002818	-0.000091	-0.008042	-5.479980	519500.000000
2015-05-19	-0.002613	-0.002334	0.004117	-0.010535	-3.179932	538800.000000
2015-05-18	0.015048	-0.002878	0.017084	-0.002878	18.039917	596300.000000
2015-05-15	0.007319	0.002563	0.013159	-0.000882	8.710083	704200.000000
2015-05-14	0.010478	0.009289	0.012439	-0.000577	12.339966	506500.000000
2015-05-13	-0.004833	-0.001825	0.007799	-0.005053	-5.719971	562600.000000
2015-05-12	-0.002453	-0.006726	0.000750	-0.015922	-2.910034	687200.000000
2015-05-11	-0.015256	-0.003893	0.003876	-0.018028	-18.380005	685900.000000
2015-05-08	-0.007194	0.007961	0.009155	-0.008735	-8.729980	796800.000000
2015-05-07	-0.040074	-0.031563	-0.028683	-0.064969	-50.660034	2162800.000000
2015-05-06	0.000657	0.005723	0.013085	-0.004639	0.830078	1203400.000000
2015-05-05	-0.003266	-0.004308	0.004576	-0.011637	-4.140015	732100.000000
2015-05-04	0.005577	0.002745	0.016296	0.000452	7.029907	570900.000000
2015-05-01	0.018274	0.009161	0.018646	0.005001	22.619995	880200.000000
2015-04-30	-0.008570	-0.000609	0.005414	-0.013600	-10.699951	581200.000000
2015-04-29	0.005144	-0.005732	0.010635	-0.006054	6.390015	533000.000000
2015-04-28	-0.008841	-0.002553	0.000511	-0.011387	-11.079956	454900.000000
2015-04-27	0.016309	0.001849	0.023640	0.001606	20.109985	650600.000000
2015-04-24	0.009819	0.006846	0.011383	0.005331	11.989990	599300.000000
2015-04-23	0.006761	-0.003215	0.008286	-0.004328	8.199952	463700.000000
2015-04-22	0.015608	0.003843	0.021218	-0.001549	18.640014	433700.000000
2015-04-21	0.002384	0.003760	0.007697	0.000101	2.839966	360400.000000
2015-04-20	0.003276	0.002922	0.011974	-0.000446	3.890015	473800.000000
2015-04-17	-0.015389	-0.009610	-0.004975	-0.015985	-18.559937	598100.000000
2015-04-16	0.004280	-0.000733	0.010292	-0.001565	5.140015	518500.000000
2015-04-15	-0.003121	0.001071	0.004607	-0.004648	-3.760010	402500.000000
2015-04-14	0.004134	-0.002492	0.004334	-0.014395	4.959961	453700.000000
2015-04-13	0.008617	-0.000555	0.017158	-0.001244	10.250000	484400.000000
2015-04-10	0.002951	0.001231	0.005396	-0.004216	3.500000	361600.000000
2015-04-09	-0.005242	0.001761	0.005662	-0.009428	-6.250000	434900.000000
2015-04-08	0.006135	-0.001511	0.008456	-0.003637	7.270020	341900.000000
2015-04-07	-0.000025	0.004278	0.008430	-0.000911	-0.030030	383000.000000
2015-04-06	0.021173	-0.001387	0.029316	-0.005463	24.570069	688200.000000
2015-04-02	0.009429	-0.000391	0.013222	-0.002966	10.839965	541100.000000
2015-04-01	-0.012498	-0.000129	0.003307	-0.015161	-14.550048	622800.000000
2015-03-31	0.012454	0.010367	0.023386	0.009280	14.320068	1011700.000000
2015-03-30	0.012897	0.007188	0.018217	0.005999	14.640015	470100.000000
2015-03-27	-0.004534	0.000772	0.003280	-0.008331	-5.170044	446500.000000
2015-03-26	-0.010705	-0.007114	0.000659	-0.012952	-12.339966	524300.000000
2015-03-25	-0.014551	0.002590	0.006232	-0.016320	-17.020020	507100.000000
2015-03-24	-0.009702	-0.004267	0.002574	-0.010837	-11.460083	398100.000000
2015-03-23	0.001705	-0.002476	0.009184	-0.003104	2.010010	460400.000000
2015-03-20	0.002423	0.011953	0.015447	0.002423	2.850098	726200.000000
2015-03-19	-0.004544	-0.004612	-0.002276	-0.014124	-5.369995	475600.000000
2015-03-18	0.024376	-0.000494	0.028069	-0.004863	28.119995	888800.000000
2015-03-17	-0.004204	-0.005291	0.004299	-0.012361	-4.869995	554600.000000
2015-03-16	0.000579	0.004621	0.007869	-0.005847	0.669921	619800.000000
2015-03-13	-0.024296	-0.000379	0.001239	-0.026799	-28.829956	813400.000000
2015-03-12	0.007685	0.007966	0.014437	-0.001316	9.049927	521800.000000
2015-03-11	-0.011368	0.001217	0.003593	-0.014348	-13.539917	706100.000000
2015-03-10	-0.021290	-0.012325	-0.010690	-0.024906	-25.910034	788800.000000
2015-03-09	0.000831	-0.000658	0.004030	-0.011505	1.010010	563800.000000
2015-03-06	-0.012915	-0.008272	-0.002857	-0.015342	-15.910034	695500.000000
2015-03-05	0.005083	-0.000302	0.013323	-0.000922	6.229980	502100.000000
2015-03-04	-0.013172	-0.006868	-0.002633	-0.014742	-16.359985	777700.000000
2015-03-03	-0.005899	-0.003522	0.004194	-0.009124	-7.369995	510900.000000
2015-03-02	0.009633	0.000218	0.019814	-0.004404	11.920044	691500.000000
2015-02-27	-0.003037	-0.000403	0.004141	-0.004939	-3.770020	645400.000000
2015-02-26	-0.007683	-0.001503	0.010505	-0.009505	-9.609985	935400.000000
2015-02-25	0.025472	-0.000533	0.032850	-0.001500	31.069946	1615900.000000
2015-02-24	0.010111	-0.002882	0.010583	-0.005366	12.210083	603500.000000
2015-02-23	-0.007112	-0.004736	0.000222	-0.011018	-8.650024	869400.000000
2015-02-20	-0.001494	-0.000862	0.009885	-0.002701	-1.820069	1296800.000000
2015-02-19	0.084649	0.085495	0.088950	0.064444	95.060059	2671500.000000
2015-02-18	0.001784	-0.004059	0.008020	-0.008020	2.000000	819800.000000
2015-02-17	0.015969	0.010540	0.024969	0.009643	17.619995	900800.000000
2015-02-13	0.010458	0.007510	0.015156	0.002418	11.420044	814400.000000
2015-02-12	0.030083	0.016178	0.039809	0.014773	31.889892	1199100.000000
2015-02-11	0.002307	0.006259	0.009748	-0.006212	2.440064	515700.000000
2015-02-10	0.023685	0.007405	0.026763	0.006079	24.469971	657600.000000
2015-02-09	0.010495	-0.001731	0.016569	-0.008089	10.730041	492700.000000
2015-02-06	-0.021233	-0.016312	-0.013957	-0.035889	-22.179993	1307400.000000
2015-02-05	0.015871	0.005096	0.020578	0.002937	16.319947	660300.000000
2015-02-04	-0.008935	-0.001494	0.004154	-0.010804	-9.270020	557900.000000
2015-02-03	0.024205	0.006574	0.026613	-0.000661	24.520020	870600.000000
2015-02-02	0.003517	0.002496	0.005468	-0.015830	3.550049	655300.000000
2015-01-30	-0.005184	-0.002956	0.007352	-0.006238	-5.260010	928400.000000
2015-01-29	0.011453	0.004525	0.012220	-0.011084	11.489990	760500.000000
2015-01-28	-0.010465	0.010031	0.010406	-0.011757	-10.609985	571300.000000
2015-01-27	-0.026875	-0.011643	-0.011412	-0.037126	-28.000000	942000.000000
2015-01-26	0.003728	-0.001802	0.005617	-0.009412	3.869995	507500.000000
2015-01-23	-0.011137	-0.001648	-0.001648	-0.015624	-11.690064	700400.000000
2015-01-22	0.003969	0.002841	0.007145	-0.009058	4.150025	913400.000000
2015-01-21	0.020079	-0.000927	0.024001	-0.004829	20.580078	732400.000000
2015-01-20	0.016594	0.008163	0.019629	-0.009145	16.729980	700300.000000
2015-01-16	0.009987	-0.001242	0.014085	-0.007573	9.969971	1004800.000000
2015-01-15	-0.036131	0.005204	0.006595	-0.038613	-37.420044	1451700.000000
2015-01-14	-0.002072	-0.011245	0.001773	-0.015234	-2.149902	747300.000000
2015-01-13	-0.002077	0.011991	0.026001	-0.011712	-2.160034	871100.000000
2015-01-12	-0.011388	0.002595	0.002595	-0.029421	-11.979981	1078500.000000
2015-01-09	-0.028527	0.000600	0.002069	-0.028822	-30.890015	974400.000000
2015-01-08	0.012416	-0.011799	0.012715	-0.020990	13.280030	1045800.000000
2015-01-07	-0.009621	0.010010	0.011213	-0.019806	-10.390015	955000.000000
2015-01-06	-0.016053	0.005312	0.005831	-0.022850	-17.619995	1081500.000000
2015-01-05	-0.038947	-0.003231	-0.003231	-0.044936	-44.480103	1051300.000000
2015-01-02	0.001623	0.003324	0.008095	-0.007630	1.850098	509300.000000
2014-12-31	-0.007348	0.001985	0.004658	-0.007348	-8.440063	482500.000000
2014-12-30	-0.009819	-0.003922	0.000931	-0.013775	-11.390015	357800.000000
2014-12-29	0.003304	-0.001366	0.011581	-0.004895	3.820068	472600.000000
2014-12-26	0.005601	0.002305	0.009271	0.000287	6.439942	281200.000000
2014-12-24	0.001891	0.000340	0.004174	-0.003982	2.170044	166500.000000
2014-12-23	-0.001540	0.005446	0.007987	-0.007352	-1.770020	584500.000000
2014-12-22	0.035991	0.001406	0.038713	0.001145	39.930054	910200.000000
2014-12-19	0.004409	0.005314	0.008591	-0.006781	4.869995	1008400.000000
2014-12-18	0.027191	0.012629	0.031292	0.011913	29.239990	1230300.000000
2014-12-17	0.028207	0.004360	0.030607	-0.002696	29.500000	890100.000000
2014-12-16	-0.030409	-0.010281	-0.004960	-0.030956	-32.800049	1110100.000000
2014-12-15	-0.022962	0.002817	0.006957	-0.024584	-25.349975	888600.000000
2014-12-12	-0.009226	-0.005062	0.004981	-0.009648	-10.280030	672000.000000
2014-12-11	-0.001121	0.003469	0.010587	-0.003416	-1.250000	546500.000000
2014-12-10	-0.017319	-0.002969	0.001321	-0.020332	-19.660034	671300.000000
2014-12-09	-0.000440	-0.006763	0.000387	-0.020164	-0.500000	678000.000000
2014-12-08	-0.000255	-0.003627	0.011550	-0.003627	-0.289917	592200.000000
2014-12-05	-0.003631	0.000886	0.002438	-0.008043	-4.140014	769600.000000
2014-12-04	0.008795	-0.003389	0.014511	-0.004300	9.939941	735300.000000
2014-12-03	-0.008066	-0.000588	0.001439	-0.011287	-9.189941	654100.000000
2014-12-02	-0.012001	-0.007241	-0.004743	-0.019233	-13.839966	885600.000000
2014-12-01	-0.006025	-0.001767	0.004103	-0.017721	-6.989990	740400.000000
2014-11-28	-0.005691	0.004045	0.004045	-0.007233	-6.640015	287700.000000
2014-11-26	-0.010465	-0.001883	0.000619	-0.014714	-12.340088	626800.000000
2014-11-25	0.016403	-0.000121	0.019110	-0.000974	19.030029	655200.000000
2014-11-24	0.007538	0.005263	0.008719	-0.000009	8.680054	413400.000000
2014-11-21	-0.002097	0.011292	0.011292	-0.003857	-2.420044	787800.000000
2014-11-20	-0.002395	-0.006078	0.005481	-0.007245	-2.770019	449500.000000
2014-11-19	-0.008724	-0.004054	0.000506	-0.013095	-10.179932	542500.000000
2014-11-18	0.000360	-0.001217	0.007364	-0.006696	0.419922	551800.000000
2014-11-17	-0.005584	-0.002558	-0.000972	-0.020580	-6.549927	711900.000000
2014-11-14	0.004238	0.002252	0.006027	-0.004015	4.949951	601300.000000
2014-11-13	0.006038	0.003618	0.011197	-0.003919	7.010010	709100.000000
2014-11-12	-0.005448	-0.002887	0.009449	-0.011128	-6.359985	820200.000000
2014-11-11	0.042267	0.002750	0.043446	0.002437	47.339965	1389700.000000
2014-11-10	0.023214	-0.001571	0.023835	-0.001608	25.410035	882800.000000
2014-11-07	-0.002860	-0.003097	0.002578	-0.008053	-3.140015	611300.000000
2014-11-06	0.002200	0.001497	0.004519	-0.011448	2.410034	741200.000000
2014-11-05	-0.002150	0.004828	0.016671	-0.010513	-2.359985	1165000.000000
2014-11-04	-0.084120	-0.071255	-0.060316	-0.097729	-100.820069	3357200.000000
2014-11-03	-0.006375	0.004543	0.018894	-0.007635	-7.689941	1101800.000000
2014-10-31	0.051998	0.025284	0.052538	0.022606	59.619995	1472100.000000
2014-10-30	0.002071	-0.001136	0.008976	-0.010287	2.369995	542900.000000
2014-10-29	-0.010721	-0.000138	0.002058	-0.011732	-12.400024	543800.000000
2014-10-28	0.019713	0.000688	0.019934	-0.000485	22.359985	501000.000000
2014-10-27	-0.003663	-0.000378	0.004875	-0.007721	-4.170044	377300.000000
2014-10-24	0.006587	-0.000142	0.008692	-0.006428	7.450074	538700.000000
2014-10-23	0.014832	0.009574	0.024209	0.005788	16.530029	709000.000000
2014-10-22	-0.016346	0.001651	0.003230	-0.020530	-18.520020	595500.000000
2014-10-21	0.027106	0.003708	0.030624	0.003572	29.900025	737800.000000
2014-10-20	0.023949	-0.000696	0.025221	-0.002358	25.799926	589700.000000
2014-10-17	0.003802	0.015822	0.019857	-0.000158	4.080079	901500.000000
2014-10-16	0.013639	-0.013299	0.014177	-0.015603	14.439941	1059400.000000
2014-10-15	0.007901	-0.018202	0.010034	-0.026769	8.300049	1610700.000000
2014-10-14	0.009369	0.009138	0.019506	0.000971	9.750000	1208600.000000
2014-10-13	-0.021586	-0.000235	0.008668	-0.043604	-22.960083	1867500.000000
2014-10-10	-0.034958	-0.006705	0.001170	-0.035947	-38.529907	1529100.000000
2014-10-09	-0.021945	-0.005981	-0.003816	-0.024767	-24.730103	1068500.000000
2014-10-08	0.016021	0.001226	0.016869	-0.009863	17.770020	1046100.000000
2014-10-07	-0.009528	-0.004769	0.009082	-0.011930	-10.669922	977400.000000
2014-10-06	-0.018958	-0.000403	-0.000105	-0.021946	-21.640015	964400.000000
2014-10-03	0.001360	0.004465	0.011089	0.000079	1.549927	616900.000000
2014-10-02	0.001978	0.002057	0.007885	-0.016358	2.250000	797800.000000
2014-10-01	-0.018057	-0.003703	-0.003306	-0.023537	-20.919922	958800.000000
2014-09-30	-0.002127	0.002971	0.006933	-0.007554	-2.470093	661500.000000
2014-09-29	-0.011401	-0.010149	-0.008549	-0.027400	-13.389892	861200.000000
2014-09-26	0.008943	0.002268	0.009785	-0.002594	10.409912	689000.000000
2014-09-25	-0.015220	-0.000499	0.000457	-0.019196	-17.989991	752700.000000
2014-09-24	0.013435	0.002907	0.015021	-0.007888	15.670044	564700.000000
2014-09-23	0.000480	-0.002050	0.010045	-0.004709	0.559937	651700.000000
2014-09-22	-0.017140	-0.004038	-0.004038	-0.026953	-20.329956	679200.000000
2014-09-19	-0.009255	0.006515	0.006933	-0.009773	-11.079956	841000.000000
2014-09-18	0.019935	0.004771	0.021034	0.001627	23.399902	871800.000000
2014-09-17	0.000750	0.001083	0.010094	-0.008611	0.880005	644500.000000
2014-09-16	0.016756	-0.003207	0.022512	-0.003710	19.330078	810000.000000
2014-09-15	-0.008892	-0.002388	-0.002096	-0.021195	-10.349975	829000.000000
2014-09-12	-0.010970	-0.001130	0.000884	-0.012831	-12.910035	791900.000000
2014-09-11	-0.009919	-0.004223	-0.001556	-0.015556	-11.790039	619200.000000
2014-09-10	0.009821	-0.000076	0.010458	-0.002948	11.560059	685400.000000
2014-09-09	-0.018167	-0.000225	0.000951	-0.020987	-21.780029	870500.000000
2014-09-08	0.003213	-0.003925	0.005464	-0.013632	3.839965	966500.000000
2014-09-05	-0.021085	-0.008814	-0.007667	-0.031456	-25.739990	1705300.000000
2014-09-04	-0.011050	0.006465	0.007696	-0.014906	-13.640014	967100.000000
2014-09-03	-0.016336	0.006415	0.006415	-0.017723	-20.500000	779300.000000
2014-09-02	0.008511	0.002724	0.010809	-0.000209	10.589965	681700.000000
2014-08-29	-0.005117	0.003622	0.004110	-0.007268	-6.399902	532700.000000
2014-08-28	-0.007979	-0.004172	-0.000524	-0.009574	-10.060059	480000.000000
2014-08-27	-0.013111	-0.000219	0.003382	-0.014035	-16.750000	567800.000000
2014-08-26	0.000399	0.002686	0.007557	-0.005278	0.510010	409800.000000
2014-08-25	-0.000384	0.007288	0.012892	-0.001292	-0.489990	570600.000000
2014-08-22	0.009841	0.002719	0.010181	-0.003692	12.449951	601100.000000
2014-08-21	-0.006534	0.000000	0.001555	-0.007154	-8.319946	402500.000000
2014-08-20	0.001250	0.002060	0.003318	-0.002988	1.589966	358900.000000
2014-08-19	-0.003448	0.003981	0.003981	-0.006277	-4.400025	422300.000000
2014-08-18	0.004771	0.003504	0.014290	0.002677	6.060059	602400.000000
2014-08-15	-0.011434	0.006857	0.006857	-0.014236	-14.690064	1335800.000000
2014-08-14	-0.006910	0.004808	0.005952	-0.007490	-8.939941	713800.000000
2014-08-13	-0.000471	0.006227	0.006652	-0.007849	-0.609985	728200.000000
2014-08-12	-0.011396	0.002238	0.008890	-0.016162	-14.920044	794200.000000
2014-08-11	0.021630	0.000226	0.037720	-0.005470	27.719970	2051200.000000
2014-08-08	-0.002762	0.003502	0.003751	-0.010559	-3.549926	1029600.000000
2014-08-07	0.003545	0.017602	0.018008	-0.000914	4.540039	675000.000000
2014-08-06	-0.000500	-0.004847	0.012043	-0.009912	-0.640015	661900.000000
2014-08-05	-0.014393	-0.003493	0.005277	-0.023371	-18.710083	953400.000000
2014-08-04	0.043358	0.001324	0.049113	0.000506	54.020020	1367600.000000
2014-08-01	0.002777	0.003662	0.010608	-0.004660	3.450073	805900.000000
2014-07-31	-0.010749	-0.005916	-0.000780	-0.015510	-13.500000	822000.000000
2014-07-30	0.007492	0.005784	0.009546	0.002655	9.339966	625700.000000
2014-07-29	0.005907	0.005164	0.013354	0.002469	7.319946	701300.000000
2014-07-28	0.009375	0.000179	0.012299	-0.003299	11.510010	446400.000000
2014-07-25	-0.007237	-0.000873	0.002118	-0.010067	-8.949951	662600.000000
2014-07-24	-0.001574	-0.003504	0.006967	-0.008404	-1.950074	621800.000000
2014-07-23	0.006517	-0.001674	0.009540	-0.001674	8.020020	516700.000000
2014-07-22	0.012122	0.006505	0.013841	0.000724	14.739990	571900.000000
2014-07-21	0.002589	-0.001014	0.004255	-0.008023	3.140015	535800.000000
2014-07-18	0.009498	0.003979	0.009589	-0.001232	11.410034	795500.000000
2014-07-17	-0.018208	-0.004192	0.004372	-0.021771	-22.280029	932700.000000
2014-07-16	-0.005971	0.008700	0.009959	-0.006499	-7.349976	577300.000000
2014-07-15	0.002043	0.002206	0.008360	-0.007595	2.510010	622900.000000
2014-07-14	0.011169	0.005416	0.017351	0.000486	13.569946	590100.000000
2014-07-11	-0.000995	0.005353	0.006126	-0.003536	-1.209961	609900.000000
2014-07-10	-0.016370	-0.019832	-0.007999	-0.022097	-20.239990	765500.000000
2014-07-09	0.009092	0.005117	0.012128	-0.000090	11.140015	752500.000000
2014-07-08	-0.021694	-0.008400	-0.003968	-0.035316	-27.170044	1112300.000000
2014-07-07	0.007465	-0.000418	0.017199	-0.003009	9.280029	685700.000000
2014-07-03	0.004266	0.006625	0.007755	0.000186	5.280029	328500.000000
2014-07-02	-0.007163	0.003497	0.004684	-0.010764	-8.930054	617600.000000
2014-07-01	0.036384	0.012219	0.038238	0.011430	43.770020	1005000.000000
2014-06-30	-0.002049	-0.000216	0.007914	-0.002464	-2.469971	578600.000000
2014-06-27	-0.010044	-0.005494	0.003490	-0.010044	-12.229980	566800.000000
2014-06-26	-0.003070	0.005575	0.007065	-0.006320	-3.750000	555200.000000
2014-06-25	0.013879	-0.002656	0.016477	-0.004756	16.719971	592200.000000
2014-06-24	-0.000722	0.001161	0.014093	-0.005474	-0.869996	764900.000000
2014-06-23	0.002020	-0.002535	0.004355	-0.006765	2.429932	421200.000000
2014-06-20	-0.003033	0.001914	0.006762	-0.008966	-3.659912	902200.000000
2014-06-19	-0.008259	0.003238	0.003402	-0.014266	-10.050049	580300.000000
2014-06-18	0.017025	0.003209	0.018462	-0.007179	20.369995	722000.000000
2014-06-17	-0.004965	0.000058	0.008940	-0.012873	-5.969970	687500.000000
2014-06-16	0.011082	0.001749	0.017027	-0.005297	13.179931	751500.000000
2014-06-13	-0.029935	-0.000873	0.007316	-0.032104	-36.699951	1730000.000000
2014-06-12	-0.018195	0.000480	0.012877	-0.021398	-22.719971	965800.000000
2014-06-11	0.021130	-0.007262	0.022251	-0.008047	25.839966	747800.000000
2014-06-10	-0.005724	0.000073	0.008919	-0.008911	-7.040039	588200.000000
2014-06-09	-0.006591	0.002399	0.009628	-0.007633	-8.159912	590700.000000
2014-06-06	-0.007917	0.005160	0.008173	-0.011106	-9.880005	631800.000000
2014-06-05	0.001597	0.005137	0.011220	-0.000273	1.989990	686500.000000
2014-06-04	-0.015440	-0.003564	-0.002774	-0.016483	-19.540039	674700.000000
2014-06-03	-0.010393	-0.005716	-0.004051	-0.017634	-13.290039	625800.000000
2014-06-02	0.000133	0.001854	0.005764	-0.014383	0.170044	519600.000000
2014-05-30	-0.010141	0.000464	0.000464	-0.017558	-13.099975	906100.000000
2014-05-29	0.017094	0.000567	0.017827	-0.003165	21.709960	810500.000000
2014-05-28	0.008665	-0.002073	0.012620	-0.010372	10.910035	894800.000000
2014-05-27	0.051783	0.007551	0.052392	0.007551	61.989990	1348700.000000
2014-05-23	0.016179	0.000883	0.016485	-0.002419	19.059936	527400.000000
2014-05-22	0.000527	-0.000374	0.007270	-0.004663	0.620118	560200.000000
2014-05-21	0.023612	0.007233	0.023994	-0.000835	27.159912	686300.000000
2014-05-20	-0.007344	0.002261	0.006757	-0.013169	-8.510010	636500.000000
2014-05-19	0.019021	-0.004740	0.022152	-0.007237	21.630005	777900.000000
2014-05-16	0.000801	0.000018	0.002420	-0.013105	0.910034	790700.000000
2014-05-15	-0.008343	-0.002496	-0.002452	-0.024149	-9.560059	859200.000000
2014-05-14	-0.012156	-0.001155	0.005699	-0.016165	-14.099975	638400.000000
2014-05-13	-0.002931	0.000232	0.007461	-0.005011	-3.409912	593800.000000
2014-05-12	0.024130	0.007096	0.026393	0.006250	27.409912	777600.000000
2014-05-09	0.025190	0.006868	0.027491	0.003177	27.910034	1192700.000000
2014-05-08	-0.020977	-0.031041	0.018768	-0.039302	-23.739990	2618500.000000
2014-05-07	-0.031343	0.003980	0.004827	-0.037617	-36.619995	1155100.000000
2014-05-06	-0.019511	-0.001167	-0.000059	-0.021014	-23.250000	600600.000000
2014-05-05	0.009899	-0.008289	0.011450	-0.016874	11.679931	493600.000000
2014-05-02	-0.000567	0.006759	0.013205	-0.008538	-0.669922	692400.000000
2014-05-01	0.019737	0.005329	0.031121	-0.001175	22.849976	929400.000000
2014-04-30	0.002520	-0.008330	0.004416	-0.014781	2.910034	621700.000000
2014-04-29	0.013266	0.006896	0.022181	-0.005721	15.119995	788000.000000
2014-04-28	-0.015139	0.000657	0.001512	-0.043180	-17.520019	1538900.000000
2014-04-25	-0.049128	-0.004133	-0.004133	-0.051790	-59.790039	1395900.000000
2014-04-24	-0.002393	0.009877	0.012705	-0.013312	-2.919922	611300.000000
2014-04-23	-0.008171	0.001406	0.003862	-0.013244	-10.050049	581900.000000
2014-04-22	0.007338	0.004693	0.013194	-0.000729	8.959961	669800.000000
2014-04-21	0.010494	0.003509	0.013059	-0.003302	12.680054	572100.000000
2014-04-17	-0.003209	-0.005370	0.010204	-0.007630	-3.890015	1059700.000000
2014-04-16	0.036333	0.006625	0.037230	0.003787	42.500000	1412500.000000
2014-04-15	0.002176	0.004078	0.012997	-0.022173	2.540039	1028800.000000
2014-04-14	0.009514	0.010431	0.027469	-0.003001	11.000000	976500.000000
2014-04-11	-0.017914	-0.014686	-0.000178	-0.025346	-21.090088	1610700.000000
2014-04-10	-0.046435	-0.002357	0.000178	-0.049043	-57.329956	1558400.000000
2014-04-09	0.039653	0.008269	0.040041	-0.001844	47.089966	1487500.000000
2014-04-08	0.015226	0.004642	0.023305	-0.001470	17.810059	1303100.000000
2014-04-07	-0.007088	-0.008981	0.009999	-0.034021	-8.349976	1752800.000000
2014-04-04	-0.047978	0.008526	0.010134	-0.048083	-59.369995	2047200.000000
2014-04-03	-0.023061	-0.001311	-0.000663	-0.033671	-29.210083	1061200.000000
2014-04-02	0.012219	0.003852	0.020274	-0.001486	15.290039	1018000.000000
2014-04-01	0.049904	0.009497	0.050298	0.007736	59.479980	1210600.000000
2014-03-31	-0.000101	0.011283	0.018926	-0.001468	-0.119995	776700.000000
2014-03-28	0.008255	0.005862	0.027388	0.000313	9.760010	1164800.000000
2014-03-27	-0.005485	0.000000	0.002692	-0.027221	-6.520020	1630100.000000
2014-03-26	-0.028545	0.004797	0.013320	-0.028708	-34.929931	1065800.000000
2014-03-25	-0.003445	0.003380	0.013739	-0.020074	-4.230103	1418700.000000
2014-03-24	-0.032242	0.004855	0.005635	-0.044876	-40.909912	1436700.000000
2014-03-21	-0.018222	0.019034	0.019034	-0.019151	-23.550049	1170000.000000
2014-03-20	0.004009	-0.001212	0.009921	-0.011699	5.160035	636200.000000
2014-03-19	-0.013186	0.002499	0.007873	-0.020591	-17.200074	708400.000000
2014-03-18	0.012788	0.005606	0.013533	0.002127	16.470093	566700.000000
2014-03-17	0.015797	0.004125	0.032226	-0.000734	20.029907	900600.000000
2014-03-14	-0.024467	-0.003655	-0.002124	-0.025144	-31.799926	865000.000000
2014-03-13	-0.024651	0.004060	0.004172	-0.028479	-32.849976	967200.000000
2014-03-12	0.004735	-0.002511	0.009560	-0.008143	6.279907	633900.000000
2014-03-11	-0.012758	0.003164	0.003164	-0.014753	-17.139892	628100.000000
2014-03-10	-0.010751	-0.000817	0.000589	-0.018586	-14.600098	630400.000000
2014-03-07	-0.004661	0.005973	0.006955	-0.007586	-6.359985	562500.000000
2014-03-06	-0.004400	0.000233	0.006224	-0.006808	-6.030030	484500.000000
2014-03-05	0.001542	-0.001717	0.002127	-0.008638	2.110108	476900.000000
2014-03-04	0.022477	0.008197	0.022985	0.006553	30.079956	670900.000000
2014-03-03	-0.007859	-0.013271	-0.005049	-0.020640	-10.599976	701400.000000
2014-02-28	-0.006592	-0.000692	0.006820	-0.013529	-8.950073	926400.000000
2014-02-27	0.000626	0.000140	0.004532	-0.005114	0.850098	629800.000000
2014-02-26	0.002549	0.003716	0.016195	-0.008489	3.449951	1097000.000000
2014-02-25	0.030312	0.002451	0.033106	0.001127	39.819946	1215200.000000
2014-02-24	-0.001505	0.001026	0.006347	-0.008756	-1.979980	825500.000000
2014-02-21	0.025448	0.034981	0.039065	0.000000	32.650024	2073200.000000
2014-02-20	0.007254	0.008118	0.009609	-0.015490	9.239990	1719100.000000
2014-02-19	-0.021419	0.000277	0.005654	-0.023394	-27.880005	1065600.000000
2014-02-18	0.016922	0.002828	0.026438	-0.003102	21.660035	1111300.000000
2014-02-14	0.003064	0.000008	0.006763	-0.005423	3.910034	906600.000000
2014-02-13	0.023607	-0.004139	0.028846	-0.005952	29.429931	1222300.000000
2014-02-12	0.026946	0.007422	0.029384	0.000000	32.709961	1145800.000000
2014-02-11	0.005059	-0.000679	0.006731	-0.005589	6.110108	544200.000000
2014-02-10	0.010398	-0.003681	0.013895	-0.006985	12.429931	584300.000000
2014-02-07	0.050117	0.018474	0.051145	0.016858	57.050049	1393400.000000
2014-02-06	0.012749	0.003923	0.019128	0.001762	14.329956	452200.000000
2014-02-05	-0.001874	-0.002557	0.006926	-0.019731	-2.109985	532300.000000
2014-02-04	0.011343	0.003996	0.013776	-0.005649	12.630005	553000.000000
2014-02-03	-0.027426	-0.000926	0.005415	-0.032877	-31.400025	736600.000000
2014-01-31	-0.013026	-0.014276	0.000897	-0.017957	-15.109985	810700.000000
2014-01-30	0.023117	0.010028	0.025551	0.007038	26.209961	791600.000000
2014-01-29	-0.024722	-0.010778	-0.004155	-0.025427	-28.739990	684900.000000
2014-01-28	0.016873	0.009762	0.022218	0.006062	19.290039	632500.000000
2014-01-27	-0.031095	0.000966	0.005983	-0.035350	-36.690064	1203000.000000
2014-01-24	-0.023932	-0.011465	-0.004715	-0.029962	-28.929931	867000.000000
2014-01-23	-0.003651	-0.005184	0.001385	-0.014127	-4.430054	531700.000000
2014-01-22	0.006087	0.001692	0.006833	-0.001227	7.340088	632200.000000
2014-01-21	0.023692	0.002937	0.024566	-0.001307	27.909912	754700.000000
2014-01-17	-0.005580	0.000473	0.001865	-0.014536	-6.609985	610100.000000
2014-01-16	0.010052	-0.001995	0.014605	-0.001995	11.790039	786400.000000
2014-01-15	0.011775	0.000768	0.013052	0.000768	13.650024	576400.000000
2014-01-14	0.017101	-0.000790	0.018584	-0.005870	19.489990	624000.000000
2014-01-13	-0.007938	-0.005458	0.012743	-0.013231	-9.119995	612800.000000
2014-01-10	-0.004204	0.002358	0.002358	-0.009751	-4.849975	489700.000000
2014-01-09	-0.003292	0.000389	0.004605	-0.011447	-3.810059	474800.000000
2014-01-08	-0.004789	0.000791	0.004325	-0.005640	-5.569946	508700.000000
2014-01-07	0.020658	0.006397	0.023132	0.002168	23.539917	669400.000000
2014-01-06	0.006048	-0.000353	0.010382	-0.017366	6.849975	656600.000000
2014-01-03	-0.011140	0.001362	0.006329	-0.012222	-12.759887	622900.000000
2014-01-02	-0.014591	-0.002091	-0.000955	-0.019270	-16.960083	653300.000000
2013-12-31	0.008249	0.002637	0.008249	0.000971	9.510009	444000.000000
2013-12-30	-0.014885	0.001743	0.001743	-0.016500	-17.420044	645700.000000
2013-12-27	-0.016422	0.001563	0.001588	-0.017809	-19.539917	516200.000000
2013-12-26	0.008433	0.002797	0.008433	-0.001543	9.949952	308100.000000
2013-12-24	-0.006191	-0.001407	0.000969	-0.006275	-7.349976	254600.000000
2013-12-23	-0.003107	0.002956	0.002956	-0.009161	-3.699951	512500.000000
2013-12-20	-0.000520	0.002669	0.004297	-0.002241	-0.619995	775800.000000
2013-12-19	0.003013	-0.000076	0.005059	-0.003594	3.579956	602700.000000
2013-12-18	0.023335	0.000457	0.023878	-0.013696	27.089966	878400.000000
2013-12-17	-0.011369	-0.000136	0.000639	-0.015363	-13.349976	593200.000000
2013-12-16	0.002544	-0.000572	0.006309	-0.002792	2.979980	430700.000000
2013-12-13	-0.003378	0.005778	0.005795	-0.005156	-3.969970	485300.000000
2013-12-12	-0.002436	-0.003013	0.004550	-0.006018	-2.869995	404900.000000
2013-12-11	-0.009092	0.003087	0.008058	-0.011624	-10.810059	581900.000000
2013-12-10	0.008688	-0.000577	0.011521	-0.002596	10.239990	438700.000000
2013-12-09	-0.001457	0.002254	0.005591	-0.004829	-1.719970	482400.000000
2013-12-06	0.005118	0.012440	0.012440	-0.001388	6.010009	417000.000000
2013-12-05	-0.006161	-0.000829	-0.000618	-0.009927	-7.280029	383700.000000
2013-12-04	0.004412	-0.004156	0.007233	-0.008449	5.190064	462700.000000
2013-12-03	-0.010114	-0.006176	-0.004712	-0.014623	-12.020020	483200.000000
2013-12-02	-0.003212	0.003162	0.003573	-0.010953	-3.829956	435500.000000
2013-11-29	0.004330	0.005905	0.009737	0.002493	5.140015	327500.000000
2013-11-27	0.007818	0.003752	0.013150	0.000874	9.209961	437800.000000
2013-11-26	0.016227	0.003261	0.020213	-0.003080	18.809936	575400.000000
2013-11-25	0.000155	0.004521	0.005686	-0.002243	0.180054	361000.000000
2013-11-22	-0.000104	0.000768	0.003572	-0.005418	-0.119995	369900.000000
2013-11-21	0.010479	0.009197	0.014297	0.003470	12.020019	493500.000000
2013-11-20	0.025634	0.026716	0.040736	0.018803	28.669922	975200.000000
2013-11-19	-0.008431	-0.002580	0.005178	-0.015896	-9.510010	539600.000000
2013-11-18	-0.010180	-0.000026	0.004800	-0.016296	-11.599975	614900.000000
2013-11-15	0.001838	0.005319	0.006436	-0.005574	2.090088	706500.000000
2013-11-14	0.011777	0.007828	0.016954	0.004208	13.239990	589300.000000
2013-11-13	0.022474	-0.001919	0.024011	-0.004011	24.709961	882000.000000
2013-11-12	0.002727	0.005946	0.009257	-0.003602	2.989990	639200.000000
2013-11-11	0.021711	-0.004426	0.033824	-0.005675	23.300049	896800.000000
2013-11-08	0.049184	0.032330	0.053036	0.018370	50.309936	1923900.000000
2013-11-07	-0.033222	-0.001342	0.004310	-0.035301	-35.150024	1328900.000000
2013-11-06	-0.022352	-0.002957	0.002560	-0.028561	-24.189941	686800.000000
2013-11-05	0.010891	0.000000	0.013843	-0.009873	11.660034	517000.000000
2013-11-04	0.017169	0.004342	0.017653	-0.005150	18.069946	533800.000000
2013-11-01	-0.001262	0.002059	0.002885	-0.009366	-1.329956	534100.000000
2013-10-31	-0.013776	0.012587	0.012587	-0.022975	-14.720093	668000.000000
2013-10-30	-0.000907	0.005058	0.007929	-0.010341	-0.969971	362500.000000
2013-10-29	0.008838	0.004980	0.014007	-0.004764	9.369996	314500.000000
2013-10-28	-0.009992	0.001503	0.003875	-0.012934	-10.699952	371500.000000
2013-10-25	-0.008839	0.005378	0.007645	-0.012218	-9.550048	575500.000000
2013-10-24	0.013537	0.007533	0.015770	0.000028	14.430053	483300.000000
2013-10-23	-0.008981	-0.001999	0.002259	-0.018222	-9.660034	484300.000000
2013-10-22	-0.010542	0.006688	0.010680	-0.027597	-11.459961	847800.000000
2013-10-21	0.037052	0.004808	0.039590	0.002623	38.839966	700600.000000
2013-10-18	0.015598	0.017294	0.023126	0.012469	16.099976	925700.000000
2013-10-17	-0.002946	-0.003564	0.006569	-0.008993	-3.049927	477100.000000
2013-10-16	0.013402	0.007332	0.017122	0.004317	13.689941	398100.000000
2013-10-15	0.003813	-0.001454	0.014003	-0.004550	3.880005	474800.000000
2013-10-14	0.006926	-0.004027	0.008767	-0.016702	7.000000	431800.000000
2013-10-11	-0.002527	0.000000	0.014963	-0.007620	-2.559997	830800.000000
2013-10-10	0.024428	0.017573	0.027765	0.013114	24.159973	758500.000000
2013-10-09	-0.009117	0.003707	0.003707	-0.025778	-9.099976	1054300.000000
2013-10-08	-0.041808	0.000106	0.002832	-0.056332	-43.550049	1369200.000000
2013-10-07	-0.019291	-0.000640	-0.000640	-0.020854	-20.489990	437400.000000
2013-10-04	0.012256	0.002554	0.014000	-0.004422	12.859985	557400.000000
2013-10-03	-0.016929	-0.001649	0.007036	-0.022550	-18.069946	726900.000000
2013-10-02	0.028037	-0.002533	0.033450	-0.003149	29.109985	1154700.000000
2013-10-01	0.027024	-0.002898	0.028053	-0.002898	27.320008	598600.000000
2013-09-30	-0.003961	-0.005951	0.002483	-0.011695	-4.019959	467900.000000
2013-09-27	0.003321	-0.003875	0.008244	-0.006435	3.359986	447300.000000
2013-09-26	0.014328	0.005134	0.016945	0.002166	14.289978	378800.000000
2013-09-25	-0.008618	0.001402	0.002763	-0.009752	-8.669983	335900.000000
2013-09-24	0.009260	0.000973	0.016925	-0.007524	9.229980	531200.000000
2013-09-23	-0.006231	-0.003001	0.005474	-0.016899	-6.250000	445000.000000
2013-09-20	0.002389	0.000180	0.006526	-0.002538	2.390015	609800.000000
2013-09-19	0.005557	0.002402	0.008261	-0.006090	5.529968	539700.000000
2013-09-18	0.025612	-0.003071	0.031704	-0.003319	24.850037	671200.000000
2013-09-17	0.002583	-0.001829	0.005869	-0.005828	2.500000	279100.000000
2013-09-16	0.000952	0.013529	0.013622	-0.000962	0.919983	451300.000000
2013-09-13	-0.003062	0.001970	0.001970	-0.009920	-2.969971	552700.000000
2013-09-12	-0.011991	-0.002374	0.000581	-0.013733	-11.770020	310900.000000
2013-09-11	0.004153	-0.000082	0.008460	-0.006813	4.059998	348700.000000
2013-09-10	0.012261	0.005271	0.014777	0.003003	11.840027	407500.000000
2013-09-09	0.006787	0.002450	0.009686	0.000063	6.509949	391700.000000
2013-09-06	0.001410	0.004824	0.007517	-0.011787	1.350036	592100.000000
2013-09-05	0.005617	-0.001617	0.011035	-0.002026	5.349976	317800.000000
2013-09-04	0.010203	0.002302	0.010384	-0.005961	9.619995	444000.000000
2013-09-03	0.004582	0.011582	0.016110	0.002461	4.299988	441600.000000
2013-08-30	-0.002254	0.001435	0.005975	-0.005932	-2.119995	383100.000000
2013-08-29	0.006463	-0.001733	0.013139	-0.001733	6.040039	331500.000000
2013-08-28	-0.001058	0.000182	0.003773	-0.005109	-0.989991	306700.000000
2013-08-27	-0.014681	-0.010416	-0.005550	-0.018356	-13.940002	484600.000000
2013-08-26	-0.004915	-0.002012	0.007346	-0.005774	-4.690002	342000.000000
2013-08-23	0.002184	0.004569	0.004957	-0.001103	2.079956	378600.000000
2013-08-22	0.012710	0.005414	0.015135	0.003521	11.950012	369200.000000
2013-08-21	0.007966	0.003988	0.019544	-0.000826	7.429992	537200.000000
2013-08-20	-0.000386	0.000364	0.009666	-0.000547	-0.359985	342300.000000
2013-08-19	-0.007382	-0.006457	0.007372	-0.008691	-6.940002	467000.000000
2013-08-16	0.001363	0.001502	0.010876	-0.001896	1.280029	820700.000000
2013-08-15	-0.001287	-0.005074	0.003628	-0.011915	-1.210022	823200.000000
2013-08-14	-0.014272	-0.003544	0.005621	-0.015342	-13.609985	835700.000000
2013-08-13	-0.004603	0.002516	0.005584	-0.009426	-4.410035	670500.000000
2013-08-12	-0.012238	-0.003681	-0.000237	-0.013393	-11.869995	714100.000000
2013-08-09	0.038704	0.062415	0.065574	0.038233	36.140015	2619700.000000
2013-08-08	0.006652	0.009131	0.010155	-0.012560	6.169983	1329400.000000
2013-08-07	-0.008339	-0.003838	-0.002844	-0.024215	-7.799988	869600.000000
2013-08-06	0.007323	0.007624	0.012298	-0.005622	6.799988	934000.000000
2013-08-05	0.022260	0.007200	0.024638	0.002092	20.220032	704500.000000
2013-08-02	0.004434	0.003196	0.010472	-0.005650	4.010009	673800.000000
2013-08-01	0.032752	0.011500	0.035242	0.008691	28.679993	1007800.000000
2013-07-31	-0.012618	0.003732	0.003732	-0.013159	-11.190002	654300.000000
2013-07-30	-0.001407	0.007443	0.011958	-0.008006	-1.250000	491100.000000
2013-07-29	-0.013299	0.000567	0.005122	-0.014899	-11.970032	444800.000000
2013-07-26	-0.013070	-0.028882	-0.005208	-0.030702	-11.919983	1020500.000000
2013-07-25	0.020111	0.009698	0.028377	0.007371	17.979980	957600.000000
2013-07-24	-0.001976	0.006229	0.010996	-0.004119	-1.769958	445600.000000
2013-07-23	-0.005208	0.003021	0.007185	-0.010750	-4.690002	367600.000000
2013-07-22	0.004675	0.005367	0.013065	0.002265	4.190002	469000.000000
2013-07-19	-0.003679	0.001023	0.001023	-0.011783	-3.309998	718500.000000
2013-07-18	-0.007809	-0.003618	-0.002956	-0.015077	-7.080017	502100.000000
2013-07-17	0.005133	0.003015	0.011917	-0.002250	4.630005	538900.000000
2013-07-16	-0.010541	0.003664	0.004892	-0.021411	-9.609985	675700.000000
2013-07-15	-0.009485	0.002292	0.006530	-0.010528	-8.730042	581200.000000
2013-07-12	0.011029	-0.001801	0.011611	-0.003153	10.040039	663400.000000
2013-07-11	0.020206	0.009559	0.023019	0.003676	18.029969	816700.000000
2013-07-10	-0.005284	-0.002932	-0.000067	-0.011783	-4.739991	522100.000000
2013-07-09	0.009487	0.003230	0.013245	-0.009599	8.429993	908400.000000
2013-07-08	0.039139	0.022803	0.040039	0.019926	33.470032	1161700.000000
2013-07-05	0.011545	0.006021	0.012680	-0.006388	9.759949	462300.000000
2013-07-03	0.005160	-0.005446	0.007455	-0.005897	4.340026	193800.000000
2013-07-02	0.000393	0.002831	0.016498	-0.003009	0.330018	453200.000000
2013-07-01	0.017008	0.006448	0.022161	0.005371	14.059997	529200.000000
2013-06-28	0.005204	-0.003235	0.009253	-0.003235	4.279968	509400.000000
2013-06-27	0.003453	0.007248	0.010371	0.000415	2.830017	533400.000000
2013-06-26	0.012340	0.007695	0.017651	0.006028	9.989991	583600.000000
2013-06-25	0.005665	0.010770	0.015577	0.000025	4.559997	476300.000000
2013-06-24	-0.009889	-0.009593	-0.001291	-0.026936	-8.039978	869100.000000
2013-06-21	-0.003237	0.006191	0.010016	-0.012836	-2.640014	1026100.000000
2013-06-20	-0.015521	-0.007302	0.002209	-0.019432	-12.859986	873300.000000
2013-06-19	-0.007511	-0.000982	0.005810	-0.008744	-6.270019	591300.000000
2013-06-18	0.011241	0.004288	0.016850	0.001187	9.280029	634300.000000
2013-06-17	0.012001	0.007662	0.018805	0.003494	9.789978	822500.000000
2013-06-14	0.001141	-0.002725	0.003277	-0.005339	0.929993	572400.000000
2013-06-13	0.008565	-0.003057	0.009890	-0.005459	6.919983	460500.000000
2013-06-12	-0.006786	0.009909	0.010032	-0.013216	-5.519959	580700.000000
2013-06-11	-0.012180	-0.009873	-0.002162	-0.017147	-10.030029	551200.000000
2013-06-10	0.008574	0.003381	0.010472	-0.001703	7.000000	524700.000000
2013-06-07	0.013091	0.005311	0.016553	-0.000980	10.549988	693100.000000
2013-06-06	0.013074	-0.000817	0.013237	-0.010685	10.400024	582700.000000
2013-06-05	-0.003994	-0.000927	0.012909	-0.004620	-3.190002	539000.000000
2013-06-04	-0.004896	-0.002317	0.010441	-0.010678	-3.929993	533300.000000
2013-06-03	-0.001629	0.001518	0.002401	-0.019492	-1.309998	626800.000000
2013-05-31	-0.004470	-0.002192	0.015405	-0.005783	-3.609985	826200.000000
2013-05-30	0.019274	0.003446	0.030457	0.000000	15.269958	1258800.000000
2013-05-29	-0.014994	-0.010207	-0.003295	-0.018500	-12.059997	548600.000000
2013-05-28	0.004007	0.013331	0.023555	0.000237	3.210022	653300.000000
2013-05-24	-0.003086	-0.007404	0.000722	-0.010017	-2.479981	437900.000000
2013-05-23	0.006980	-0.011315	0.009549	-0.017180	5.569947	906700.000000
2013-05-22	-0.033815	-0.027253	-0.006344	-0.037108	-27.929993	1857200.000000
2013-05-21	-0.019632	0.000475	0.005733	-0.020700	-16.539978	1115800.000000
2013-05-20	0.035445	0.014797	0.035752	0.012942	28.840027	1331200.000000
2013-05-17	0.016973	0.006187	0.018123	0.002625	13.579956	784100.000000
2013-05-16	-0.007037	0.000310	0.007111	-0.010239	-5.669983	898400.000000
2013-05-15	0.018467	-0.001378	0.021956	-0.001504	14.609985	927600.000000
2013-05-14	0.017622	-0.001801	0.021301	-0.001801	13.700013	1015500.000000
2013-05-13	0.015717	-0.005762	0.018082	-0.009198	12.030029	786200.000000
2013-05-10	0.037844	0.006102	0.043620	0.006102	27.909973	2110500.000000
2013-05-09	0.003033	-0.000367	0.013206	-0.008908	2.229980	1053800.000000
2013-05-08	0.014096	0.001614	0.015102	0.001462	10.220032	461800.000000
2013-05-07	-0.002284	0.005848	0.005890	-0.012123	-1.660034	314700.000000
2013-05-06	0.002677	-0.001752	0.008527	-0.002856	1.940002	405900.000000
2013-05-03	0.023759	0.013391	0.029084	0.012571	16.820008	662900.000000
2013-05-02	0.020013	-0.000447	0.026712	-0.000447	13.890014	617900.000000
2013-05-01	-0.002773	0.000819	0.005762	-0.007026	-1.929992	454300.000000
2013-04-30	-0.004918	-0.001258	0.004718	-0.008493	-3.440003	484200.000000
2013-04-29	-0.002510	0.004706	0.011209	-0.005890	-1.760009	572900.000000
2013-04-26	-0.014102	-0.007438	-0.000717	-0.024324	-10.029969	740000.000000
2013-04-25	0.014869	0.005993	0.028111	0.003853	10.419983	561000.000000
2013-04-24	-0.002207	0.000897	0.003104	-0.012287	-1.549988	280900.000000
2013-04-23	0.016617	0.002721	0.023941	0.002301	11.479981	468000.000000
2013-04-22	0.010679	0.002107	0.011733	-0.008558	7.299988	520200.000000
2013-04-19	-0.009333	-0.004464	0.011435	-0.011159	-6.440003	831800.000000
2013-04-18	-0.026510	-0.002441	-0.002032	-0.035638	-18.789978	800400.000000
2013-04-17	-0.016512	-0.007923	-0.006494	-0.025392	-11.900024	606500.000000
2013-04-16	0.013101	0.011583	0.016770	0.002952	9.320007	493600.000000
2013-04-15	-0.042699	-0.012999	-0.010066	-0.043304	-31.729980	814400.000000
2013-04-12	0.012425	-0.001662	0.015327	-0.015722	9.119995	972700.000000
2013-04-11	0.020934	0.002740	0.022742	-0.000306	15.049988	725000.000000
2013-04-10	0.032767	0.004195	0.033873	0.001595	22.809997	652100.000000
2013-04-09	-0.000574	-0.000761	0.006001	-0.008442	-0.400024	321300.000000
2013-04-08	0.004644	-0.002236	0.005048	-0.007515	3.220031	292900.000000
2013-04-05	-0.011464	-0.011592	-0.005119	-0.019862	-8.039978	481200.000000
2013-04-04	0.003764	-0.001030	0.004880	-0.013911	2.630005	469900.000000
2013-04-03	-0.010185	0.000468	0.001927	-0.012466	-7.190002	505800.000000
2013-04-02	0.014588	0.008236	0.014718	0.003967	10.149963	512300.000000
2013-04-01	0.011044	0.001337	0.014183	-0.001962	7.600037	578700.000000
2013-03-28	-0.009642	-0.000806	-0.000086	-0.012736	-6.700012	539700.000000
2013-03-27	0.000389	-0.010064	0.001353	-0.017406	0.269958	407200.000000
2013-03-26	-0.001509	0.003220	0.006268	-0.003450	-1.049988	278800.000000
2013-03-25	-0.003253	0.003023	0.008010	-0.006605	-2.269958	370500.000000
2013-03-22	0.020351	0.007851	0.020366	0.002939	13.919983	557500.000000
2013-03-21	-0.005221	0.001251	0.017322	-0.005919	-3.590027	537100.000000
2013-03-20	0.005014	0.008083	0.010334	0.002017	3.429993	379200.000000
2013-03-19	-0.018168	0.001033	0.008438	-0.024540	-12.659974	940600.000000
2013-03-18	-0.023392	-0.009909	-0.008241	-0.026069	-16.690002	597400.000000
2013-03-15	0.000491	-0.002159	0.004613	-0.002931	0.349976	697900.000000
2013-03-14	-0.003326	-0.000182	0.003172	-0.009322	-2.380005	383400.000000
2013-03-13	-0.009016	0.001330	0.002341	-0.010401	-6.509949	376200.000000
2013-03-12	-0.004179	-0.002855	0.003186	-0.014495	-3.030029	523600.000000
2013-03-11	0.005757	0.000125	0.006936	-0.001567	4.150024	459700.000000
2013-03-08	0.002628	0.004214	0.007329	-0.004186	1.889954	470800.000000
2013-03-07	0.000181	0.004521	0.006732	-0.003297	0.130005	462700.000000
2013-03-06	0.000682	0.003703	0.014323	-0.001921	0.490051	492100.000000
2013-03-05	0.006162	0.002787	0.012661	0.001807	4.399963	708000.000000
2013-03-04	0.026437	-0.001538	0.027443	-0.004528	18.390015	890600.000000
2013-03-01	0.009447	-0.000087	0.014018	-0.007880	6.510010	1009200.000000
2013-02-28	-0.009771	0.000560	0.002601	-0.021871	-6.799988	1088200.000000
2013-02-27	0.025675	0.045041	0.050126	0.019912	17.419983	2010300.000000
2013-02-26	0.010349	0.000164	0.013342	-0.009664	6.950012	1314600.000000
2013-02-25	-0.019220	0.003271	0.011815	-0.019220	-13.160034	713300.000000
2013-02-22	0.002005	0.007566	0.009615	-0.003527	1.369995	543100.000000
2013-02-21	-0.007076	0.000436	0.003429	-0.019021	-4.869995	1109600.000000
2013-02-20	-0.021707	0.002474	0.005828	-0.022503	-15.269959	573400.000000
2013-02-19	0.001723	0.001282	0.007561	-0.002478	1.209961	476700.000000
2013-02-15	-0.004762	-0.002012	0.000864	-0.010090	-3.359985	669800.000000
2013-02-14	0.002059	-0.005993	0.005425	-0.009245	1.450012	345700.000000
2013-02-13	0.001123	-0.000540	0.006568	-0.006369	0.789978	334000.000000
2013-02-12	0.010444	0.000991	0.013877	-0.001063	7.270020	487100.000000
2013-02-11	-0.006735	-0.001641	-0.001184	-0.012371	-4.720032	301600.000000
2013-02-08	0.014681	0.004141	0.016433	0.001129	10.140015	468400.000000
2013-02-07	-0.004913	0.000000	0.004841	-0.020818	-3.409974	444400.000000
2013-02-06	0.003658	0.003181	0.018219	-0.002270	2.529969	652200.000000
2013-02-05	0.018078	0.006772	0.027220	0.005491	12.280029	548600.000000
2013-02-04	-0.009146	-0.005397	0.000656	-0.009963	-6.270020	507200.000000
2013-02-01	0.000131	0.011160	0.018323	-0.001152	0.090027	915100.000000
2013-01-31	-0.013840	-0.027522	-0.011150	-0.030744	-9.620056	1053800.000000
2013-01-30	-0.007425	0.002299	0.007340	-0.008982	-5.199951	429000.000000
2013-01-29	-0.006653	-0.002582	0.007944	-0.015546	-4.690002	528800.000000
2013-01-28	-0.019254	-0.000236	0.004368	-0.025625	-13.840027	925600.000000
2013-01-25	0.057788	0.003605	0.058598	0.002207	39.270019	1573100.000000
2013-01-24	0.010844	-0.000625	0.014072	-0.002068	7.289978	630600.000000
2013-01-23	0.001475	0.005422	0.007031	-0.004708	0.989990	365300.000000
2013-01-22	-0.002155	-0.001813	0.009157	-0.006258	-1.449951	552300.000000
2013-01-18	0.004225	0.000119	0.010733	-0.002000	2.829956	598600.000000
2013-01-17	0.003070	0.004327	0.011170	-0.009733	2.049988	547300.000000
2013-01-16	0.006769	-0.003392	0.011532	-0.007688	4.490051	396500.000000
2013-01-15	0.000649	-0.006848	0.004329	-0.014150	0.429993	397900.000000
2013-01-14	0.011335	0.003478	0.018887	0.002685	7.429993	523700.000000
2013-01-11	0.002861	-0.000214	0.005753	-0.005003	1.869995	368200.000000
2013-01-10	0.003115	0.005602	0.009577	-0.009270	2.029968	385600.000000
2013-01-09	-0.008868	-0.002282	0.001232	-0.011013	-5.829956	306900.000000
2013-01-08	0.000061	0.000517	0.008519	-0.004685	0.039978	455600.000000
2013-01-07	0.013834	-0.000632	0.017859	-0.006231	8.970032	557200.000000
2013-01-04	-0.000493	-0.000740	0.001757	-0.010374	-0.320007	404500.000000
2013-01-03	0.016181	0.022227	0.032268	0.011701	10.329956	925600.000000
2013-01-02	0.029030	0.028111	0.034720	0.011735	18.010009	681000.000000
2012-12-31	0.018904	-0.002841	0.023190	-0.012121	11.510010	584600.000000
2012-12-28	-0.001885	-0.005623	0.006901	-0.009721	-1.150024	362900.000000
2012-12-27	0.012716	0.003420	0.016551	-0.008666	7.660034	410900.000000
2012-12-26	-0.024249	-0.003531	0.000194	-0.027457	-14.970032	489100.000000
2012-12-24	-0.002488	-0.007304	0.000210	-0.010713	-1.539978	178000.000000
2012-12-21	-0.018943	-0.012999	-0.008227	-0.029659	-11.950012	936900.000000
2012-12-20	0.005740	0.002790	0.010554	-0.006967	3.600037	309200.000000
2012-12-19	-0.008708	0.000000	0.009325	-0.010652	-5.510010	597100.000000
2012-12-18	0.025727	0.005560	0.028936	0.002675	15.869995	664900.000000
2012-12-17	0.005428	-0.000831	0.007106	-0.011556	3.330017	538800.000000
2012-12-14	0.000750	-0.004502	0.007911	-0.005954	0.459961	393400.000000
2012-12-13	-0.018648	0.001249	0.005747	-0.027500	-11.649963	749400.000000
2012-12-12	0.002423	0.005263	0.014056	0.000321	1.510009	690100.000000
2012-12-11	-0.004377	0.008068	0.013483	-0.007780	-2.740051	845800.000000
2012-12-10	-0.050281	-0.020042	-0.013822	-0.054620	-33.139954	1221800.000000
2012-12-07	-0.007589	0.004306	0.013265	-0.011278	-5.040039	542600.000000
2012-12-06	-0.000135	-0.000346	0.009229	-0.009364	-0.089965	447400.000000
2012-12-05	0.000633	0.000859	0.005709	-0.014582	0.419982	449800.000000
2012-12-04	-0.005975	-0.003444	0.001767	-0.012414	-3.989990	470200.000000
2012-12-03	0.006951	0.010269	0.024186	0.004056	4.609986	879000.000000
2012-11-30	-0.003830	-0.003755	0.000841	-0.013639	-2.549988	645600.000000
2012-11-29	0.011686	0.004863	0.021868	0.002963	7.690002	1087600.000000
2012-11-28	0.033451	-0.001304	0.036341	-0.006235	21.299988	817200.000000
2012-11-27	-0.005063	-0.001766	0.007703	-0.009594	-3.239990	444600.000000
2012-11-26	-0.002991	-0.001620	0.002477	-0.008334	-1.919983	287400.000000
2012-11-23	0.003643	0.003831	0.005488	-0.004378	2.329956	196700.000000
2012-11-21	0.006293	0.001023	0.012445	-0.001149	4.000000	364900.000000
2012-11-20	0.016115	0.003229	0.021583	-0.001295	10.080017	576900.000000
2012-11-19	0.017437	0.015876	0.023130	0.009776	10.719971	510000.000000
2012-11-16	-0.004437	-0.000939	0.009992	-0.010073	-2.739991	883300.000000
2012-11-15	0.001817	-0.002288	0.009896	-0.007868	1.119996	649200.000000
2012-11-14	-0.022068	0.005902	0.007774	-0.023068	-13.909974	730400.000000
2012-11-13	-0.004926	-0.006425	0.011840	-0.007941	-3.119995	555300.000000
2012-11-12	0.012079	0.005161	0.015786	0.000208	7.559998	578700.000000
2012-11-09	-0.003185	-0.014923	0.007518	-0.018842	-2.000000	1250800.000000
2012-11-08	-0.010621	-0.003561	0.009518	-0.011818	-6.739990	676400.000000
2012-11-07	-0.015956	-0.008684	-0.002946	-0.026004	-10.290039	785000.000000
2012-11-06	0.015927	0.001906	0.017470	-0.001244	10.110046	756500.000000
2012-11-05	0.000079	0.000095	0.001938	-0.011658	0.049988	807600.000000
2012-11-02	0.082989	0.109128	0.121993	0.081795	48.640014	2513000.000000
2012-11-01	0.021489	0.001969	0.022779	-0.008976	12.329956	1275400.000000
2012-10-31	-0.009819	-0.000362	-0.000224	-0.017965	-5.690002	774900.000000
2012-10-26	0.038701	0.043254	0.056590	0.026404	21.590027	1953800.000000
2012-10-25	-0.010290	0.008782	0.012490	-0.012809	-5.799988	1015600.000000
2012-10-24	-0.009437	0.007486	0.009542	-0.015183	-5.369995	670200.000000
2012-10-23	0.003244	-0.021509	0.013752	-0.023325	1.839966	780000.000000
2012-10-22	0.011954	-0.002498	0.025067	-0.004567	6.700012	851000.000000
2012-10-19	-0.037570	-0.006491	-0.006473	-0.046207	-21.880005	2024200.000000
2012-10-18	-0.026511	-0.000017	0.001438	-0.046068	-15.859985	1455600.000000
2012-10-17	0.000786	-0.000151	0.014855	-0.006943	0.469970	701100.000000
2012-10-16	-0.005407	0.006689	0.013078	-0.008752	-3.250000	722200.000000
2012-10-15	0.013268	0.001433	0.014583	-0.013319	7.869996	624900.000000
2012-10-12	-0.008343	-0.014027	-0.003494	-0.015448	-4.989991	801300.000000
2012-10-11	-0.007088	0.012782	0.013745	-0.019505	-4.269958	1249300.000000
2012-10-10	-0.025053	0.002298	0.002298	-0.029423	-15.480042	1320800.000000
2012-10-09	-0.020714	-0.001902	0.004913	-0.021872	-13.070007	688000.000000
2012-10-08	-0.001472	-0.006868	0.001646	-0.015414	-0.929993	486800.000000
2012-10-05	-0.004960	0.005401	0.013920	-0.010787	-3.149963	939100.000000
2012-10-04	0.019620	0.003436	0.023699	0.000482	12.219971	746000.000000
2012-10-03	0.010612	0.003683	0.014636	-0.003408	6.539978	607400.000000
2012-10-02	-0.013731	0.004865	0.006097	-0.021477	-8.579956	898100.000000
2012-10-01	0.009353	0.002698	0.011372	-0.000662	5.789978	792300.000000
2012-09-28	-0.018160	-0.003997	-0.001935	-0.020507	-11.450013	914300.000000
2012-09-27	0.013551	0.005803	0.019000	0.000530	8.429993	686300.000000
2012-09-26	-0.015291	-0.000997	0.007329	-0.022841	-9.659973	953300.000000
2012-09-25	0.000903	0.000919	0.028233	0.000507	0.570007	947700.000000
2012-09-24	-0.007813	-0.006822	-0.003914	-0.012576	-4.970031	465500.000000
2012-09-21	0.003755	0.010098	0.014564	0.001325	2.380004	1096700.000000
2012-09-20	-0.008231	-0.005227	-0.004914	-0.014788	-5.260009	557300.000000
2012-09-19	-0.002653	0.000437	0.005369	-0.006524	-1.699951	529400.000000
2012-09-18	-0.004072	-0.004663	0.009248	-0.008238	-2.619996	724500.000000
2012-09-17	0.009208	-0.000988	0.013491	-0.004502	5.869996	1156900.000000
2012-09-14	0.016828	0.001946	0.028919	0.001452	10.549987	1503000.000000
2012-09-13	0.011259	0.000000	0.015856	-0.003662	6.979981	758100.000000
2012-09-12	0.003545	0.003626	0.017369	-0.002930	2.190002	641300.000000
2012-09-11	0.015518	0.000460	0.021255	-0.003633	9.440003	899000.000000
2012-09-10	-0.021285	-0.000933	0.004746	-0.022669	-13.229981	907700.000000
2012-09-07	0.029056	0.014073	0.031275	0.013427	17.549988	1627000.000000
2012-09-06	0.014819	0.007376	0.023623	0.003495	8.820007	1055600.000000
2012-09-05	-0.002865	0.001022	0.008092	-0.004088	-1.710022	480800.000000
