2017-09-01	0.000950	-0.003024	0.003111	-0.005012	0.109993	2584700.000000
2017-08-31	0.005037	0.000782	0.005992	-0.001911	0.580001	4709500.000000
2017-08-30	0.001000	0.000826	0.003347	-0.001087	0.115006	2491800.000000
2017-08-29	0.002596	0.007085	0.011879	0.006736	0.297913	2348700.000000
2017-08-28	-0.002676	0.009345	0.010822	0.000305	-0.307847	2932700.000000
2017-08-25	-0.003184	0.011503	0.012890	0.003359	-0.367431	3442500.000000
2017-08-24	-0.009123	0.006740	0.007084	-0.003820	-1.062561	4760000.000000
2017-08-23	-0.005343	0.006827	0.008706	0.001106	-0.625618	2616300.000000
2017-08-22	-0.002875	0.006913	0.010744	0.001804	-0.337647	2313700.000000
2017-08-21	0.005612	0.008710	0.014362	0.006570	0.655419	2119500.000000
2017-08-18	-0.006673	0.006147	0.007338	-0.001423	-0.784508	3776500.000000
2017-08-17	-0.005961	0.006152	0.009450	-0.000189	-0.705070	3096900.000000
2017-08-16	0.001093	0.006913	0.010299	0.005728	0.129096	2373900.000000
2017-08-15	0.009589	0.007340	0.018193	0.007083	1.122155	2749800.000000
2017-08-14	0.011415	0.014344	0.021432	0.011319	1.320747	3171300.000000
2017-08-11	0.001117	0.010199	0.014526	0.006738	0.129105	2759700.000000
2017-08-10	-0.002144	0.004580	0.008811	0.002249	-0.248261	2236000.000000
2017-08-09	-0.000686	0.005100	0.006912	0.000527	-0.079452	2513800.000000
2017-08-08	-0.002137	0.005620	0.006912	0.001918	-0.248261	2412600.000000
2017-08-07	0.005070	0.007690	0.014353	0.007084	0.585900	2569600.000000
2017-08-04	0.000602	0.007171	0.008643	0.003275	0.069511	2955200.000000
2017-08-03	0.005968	0.008043	0.016144	0.007608	0.685211	2986200.000000
2017-08-02	-0.002674	0.005347	0.007519	0.000222	-0.307846	2626400.000000
2017-08-01	-0.005917	0.007689	0.008466	0.000867	-0.685211	2946100.000000
2017-07-31	0.000000	0.006307	0.009157	0.003285	0.000000	3098600.000000
2017-07-28	-0.006221	0.006740	0.008114	-0.002785	-0.724922	3276300.000000
2017-07-27	0.001280	0.008201	0.014474	0.002100	0.148956	2954800.000000
2017-07-26	0.006355	0.005701	0.015386	0.004404	0.734863	3305600.000000
2017-07-25	0.002755	0.011334	0.012634	0.007085	0.317772	3075100.000000
2017-07-24	-0.004287	0.005875	0.007343	0.002335	-0.496521	3681300.000000
2017-07-21	0.009696	0.009352	0.017111	0.005864	1.112206	3476400.000000
2017-07-20	0.001474	0.006998	0.013284	0.004990	0.168831	3518100.000000
2017-07-19	0.002869	0.006998	0.009975	0.003671	0.327697	2578200.000000
2017-07-18	0.000696	0.006297	0.008925	0.002266	0.079445	2694800.000000
2017-07-17	0.000000	0.007085	0.009013	0.006209	0.000000	2481300.000000
2017-07-14	0.007981	0.009118	0.016713	0.009029	0.903679	2956400.000000
2017-07-13	-0.006535	0.008577	0.009367	-0.000460	-0.744789	3089400.000000
2017-07-12	0.009056	0.013638	0.017976	0.011779	1.022842	3885200.000000
2017-07-11	-0.004638	-0.001198	0.004442	-0.010803	-0.526313	6368500.000000
2017-07-10	-0.010735	0.010572	0.011270	-0.004423	-1.231392	5771200.000000
2017-07-07	0.003301	0.009447	0.011634	0.004374	0.377365	3972500.000000
2017-07-06	-0.001474	0.004116	0.008046	0.003068	-0.168823	4007000.000000
2017-07-05	-0.001213	0.007521	0.007957	0.002113	-0.139023	4023100.000000
2017-07-03	-0.000433	0.007521	0.011445	0.005690	-0.049652	2250800.000000
2017-06-30	0.002691	0.010058	0.015129	0.008047	0.307846	3256800.000000
2017-06-29	-0.010311	0.004316	0.005440	-0.005895	-1.191658	3406200.000000
2017-06-28	0.003795	0.012035	0.015075	0.009256	0.436935	3110600.000000
2017-06-27	-0.010075	0.008030	0.009233	-0.003148	-1.171799	2884300.000000
2017-06-26	0.001368	0.010958	0.014488	0.007859	0.158890	2704000.000000
2017-06-23	0.006974	0.007518	0.017575	0.006478	0.804367	3453400.000000
2017-06-22	-0.010816	0.006226	0.006912	-0.004751	-1.261169	3288100.000000
2017-06-21	-0.004493	0.005547	0.009474	0.000936	-0.526314	3767100.000000
2017-06-20	0.005627	0.006998	0.014296	0.006053	0.655411	3703500.000000
2017-06-19	0.003680	0.008377	0.010703	0.001569	0.427009	2436600.000000
2017-06-16	-0.002986	0.008373	0.008630	-0.000820	-0.347564	5156200.000000
2017-06-15	-0.001363	0.003823	0.007942	-0.000381	-0.158890	3372700.000000
2017-06-14	0.009027	0.012106	0.022061	0.011413	1.042702	3597200.000000
2017-06-13	0.000774	0.000413	0.010117	0.000413	0.089370	2760000.000000
2017-06-12	0.002501	0.006998	0.012904	0.006998	0.287987	3492100.000000
2017-06-09	0.000432	0.004999	0.009083	0.002393	0.049660	3197700.000000
2017-06-08	-0.009910	0.006998	0.007256	-0.005563	-1.151947	3927000.000000
2017-06-07	-0.005522	0.002463	0.005886	-0.000531	-0.645477	3681100.000000
2017-06-06	-0.001527	0.006144	0.007510	0.003410	-0.178750	2643200.000000
2017-06-05	0.001785	0.004602	0.009565	0.001692	0.208542	2968800.000000
2017-06-02	0.003753	0.008974	0.011035	0.005366	0.436936	3162900.000000
2017-06-01	0.003080	0.006395	0.010358	0.000019	0.357498	4404900.000000
2017-05-31	-0.002858	0.004463	0.013313	0.004120	-0.332672	5232900.000000
2017-05-30	0.000848	0.012452	0.015720	0.010389	0.098633	3231600.000000
2017-05-26	0.003233	0.011499	0.017969	0.011067	0.374786	3104800.000000
2017-05-25	0.012666	0.016535	0.028067	0.014700	1.449821	3596200.000000
2017-05-24	0.008779	0.016206	0.025195	0.014531	0.996140	2816000.000000
2017-05-23	0.003051	0.014003	0.020456	0.014003	0.345200	3261300.000000
2017-05-22	0.008884	0.013914	0.025597	0.013914	0.996131	3324000.000000
2017-05-19	-0.002982	0.015159	0.018093	0.008846	-0.335327	5750100.000000
2017-05-18	0.002550	0.014271	0.018728	0.009903	0.286026	3439500.000000
2017-05-17	-0.000439	0.013914	0.018369	0.009726	-0.049316	2999300.000000
2017-05-16	-0.001317	0.014982	0.020321	0.010800	-0.147949	2444300.000000
2017-05-15	0.009122	0.013824	0.023702	0.012657	1.015869	3500300.000000
2017-05-12	-0.001150	0.012928	0.016246	0.011044	-0.128220	2383500.000000
2017-05-11	0.001772	0.012117	0.016161	0.011129	0.197258	2277200.000000
2017-05-10	0.001065	0.013734	0.015264	0.011755	0.118355	2160100.000000
2017-05-09	-0.004416	0.014093	0.015616	0.007914	-0.493141	2708200.000000
2017-05-08	0.000000	0.013735	0.015795	0.009974	0.000000	3097200.000000
2017-05-05	0.002302	0.014632	0.016787	0.011940	0.256439	3046100.000000
2017-05-04	0.010466	0.017361	0.024889	0.014096	1.153946	3488800.000000
2017-05-03	-0.004453	0.014817	0.017707	0.008587	-0.493141	3342600.000000
2017-05-02	0.000089	0.018159	0.019423	0.012018	0.009865	3082400.000000
2017-05-01	-0.008828	0.010782	0.012393	0.004874	-0.986283	4074300.000000
2017-04-28	0.005682	0.011214	0.021025	0.009864	0.631218	4872000.000000
2017-04-27	-0.006088	0.011857	0.014898	0.006578	-0.680526	4096200.000000
2017-04-26	-0.007271	-0.007490	0.010362	-0.011132	-0.818612	5343900.000000
2017-04-25	-0.001400	0.012939	0.016132	0.011076	-0.157806	3643600.000000
2017-04-24	0.007846	0.022227	0.023300	0.018205	0.877785	3221500.000000
2017-04-21	-0.001409	0.013557	0.015789	0.011058	-0.157799	3885300.000000
2017-04-20	-0.000264	0.013022	0.017038	0.011862	-0.029594	2973000.000000
2017-04-19	-0.005775	0.015156	0.015777	0.006817	-0.650940	3044700.000000
2017-04-18	0.008472	0.014988	0.025456	0.014630	0.946830	4574200.000000
2017-04-17	0.005680	0.014454	0.019673	0.013914	0.631211	2917700.000000
2017-04-13	-0.008186	0.010701	0.011862	0.005347	-0.917237	3257300.000000
2017-04-12	0.016826	0.016818	0.032427	0.015457	1.854195	6260300.000000
2017-04-11	-0.002589	0.011108	0.014457	0.007850	-0.286011	3031500.000000
2017-04-10	0.003674	0.014732	0.018820	0.012097	0.404373	2873200.000000
2017-04-07	0.000269	0.015005	0.017367	0.012642	0.029587	2799600.000000
2017-04-06	-0.003216	0.015545	0.016994	0.009204	-0.355064	2740600.000000
2017-04-05	-0.001249	0.013552	0.018528	0.010386	-0.138077	2992000.000000
2017-04-04	0.001967	0.015093	0.017177	0.011829	0.216980	2360700.000000
2017-04-03	0.000000	0.014730	0.018446	0.010289	0.000000	3587100.000000
2017-03-31	-0.002853	0.015089	0.016535	0.010751	-0.315613	3744400.000000
2017-03-30	-0.002224	0.012652	0.014996	0.010036	-0.246567	2104900.000000
2017-03-29	-0.000178	0.010398	0.014726	0.009586	-0.019714	2683700.000000
2017-03-28	0.005544	0.013733	0.022346	0.012192	0.611481	3945400.000000
2017-03-27	-0.002587	0.011653	0.015452	0.008941	-0.286019	3514600.000000
2017-03-24	0.003042	0.015728	0.018177	0.014005	0.335335	3913200.000000
2017-03-23	-0.002142	0.013281	0.016720	0.010746	-0.236702	3208400.000000
2017-03-22	0.002237	0.018813	0.019448	0.012100	0.246567	3882200.000000
2017-03-21	0.005578	0.017472	0.024496	0.016833	0.611488	5587700.000000
2017-03-20	-0.002155	0.011730	0.014369	0.008635	-0.236702	3382100.000000
2017-03-17	0.002249	0.017016	0.017381	0.011998	0.246560	6444400.000000
2017-03-16	0.000270	0.013732	0.014735	0.008622	0.029594	4580700.000000
2017-03-15	0.016188	0.015954	0.031440	0.015398	1.745712	4973400.000000
2017-03-14	-0.000640	0.012709	0.016880	0.011227	-0.069046	3630000.000000
2017-03-13	-0.001642	0.011416	0.015857	0.008733	-0.177521	3131200.000000
2017-03-10	0.005228	0.019122	0.020331	0.016332	0.562180	3488900.000000
2017-03-09	-0.002562	0.016697	0.016790	0.010296	-0.276169	4066900.000000
2017-03-08	-0.000183	0.012523	0.014007	0.006031	-0.019722	5244500.000000
2017-03-07	-0.002828	0.009567	0.015209	0.008088	-0.305748	4361100.000000
2017-03-06	-0.008412	0.006945	0.010521	0.003551	-0.917228	4491000.000000
2017-03-03	0.004087	0.013822	0.019071	0.009679	0.443824	4111300.000000
2017-03-02	0.003463	0.014653	0.019366	0.011142	0.374779	3880800.000000
2017-03-01	0.000940	0.013665	0.020324	0.009688	0.101593	4750700.000000
2017-02-28	0.010158	0.018823	0.033304	0.018823	1.087288	4684700.000000
2017-02-27	-0.005099	0.019577	0.021343	0.015302	-0.548546	3475100.000000
2017-02-24	0.002647	0.020506	0.024420	0.018921	0.284073	3991800.000000
2017-02-23	0.001188	0.018173	0.026384	0.018173	0.127335	3382700.000000
2017-02-22	0.000457	0.020972	0.024799	0.019105	0.048980	3815300.000000
2017-02-21	0.011188	0.020123	0.033622	0.018991	1.185250	5370700.000000
2017-02-17	0.000277	0.013042	0.022578	0.012286	0.029388	5498400.000000
2017-02-16	0.013023	0.024896	0.034748	0.016957	1.361565	5559900.000000
2017-02-15	-0.001777	0.005888	0.024029	0.000350	-0.186104	7617200.000000
2017-02-14	0.003755	0.017524	0.025479	0.012732	0.391830	5665000.000000
2017-02-13	0.003958	0.024727	0.026555	0.018762	0.411400	3463700.000000
2017-02-10	0.001227	0.019530	0.024539	0.017218	0.127350	2475500.000000
2017-02-09	0.002649	0.020879	0.028606	0.014407	0.274261	4012400.000000
2017-02-08	0.000758	0.019815	0.026872	0.017399	0.078370	3407100.000000
2017-02-07	0.009945	0.021464	0.033863	0.021464	1.018730	3980400.000000
2017-02-06	-0.005137	0.020781	0.022141	0.015245	-0.528954	4355200.000000
2017-02-03	0.010382	0.024902	0.037954	0.021173	1.057915	4287100.000000
2017-02-02	0.009902	0.028311	0.034555	0.023653	0.999130	3213700.000000
2017-02-01	-0.007419	0.019206	0.020879	0.013009	-0.754242	3515600.000000
2017-01-31	0.000868	0.016153	0.025604	0.016153	0.088150	3846600.000000
2017-01-30	0.002029	0.016242	0.023246	0.016143	0.205696	3462600.000000
2017-01-27	-0.006338	0.023231	0.023525	0.013918	-0.646492	4248200.000000
2017-01-26	-0.004493	0.019903	0.022050	0.015609	-0.460380	3634600.000000
2017-01-25	-0.000955	0.020879	0.025558	0.019221	-0.097962	3566100.000000
2017-01-24	0.006730	0.020780	0.029909	0.018621	0.685685	4992300.000000
2017-01-23	0.007458	0.017517	0.030569	0.016824	0.754257	4584800.000000
2017-01-20	0.008597	0.025167	0.030453	0.021676	0.861999	4750800.000000
2017-01-19	-0.003699	0.016308	0.023462	0.015215	-0.372230	3923100.000000
2017-01-18	0.005382	0.022976	0.028970	0.022177	0.538749	4340400.000000
2017-01-17	0.006302	0.016053	0.028619	0.015953	0.626915	3745800.000000
2017-01-13	-0.002848	0.021280	0.023585	0.014664	-0.284065	3478600.000000
2017-01-12	0.000295	0.019876	0.027998	0.018572	0.029381	3126000.000000
2017-01-11	-0.001569	0.019577	0.024783	0.015272	-0.156723	4650300.000000
2017-01-10	-0.014402	0.019497	0.019497	0.004005	-1.459534	5399200.000000
2017-01-09	-0.010520	0.016973	0.017950	0.008088	-1.077499	5555600.000000
2017-01-06	-0.001433	0.023511	0.025266	0.015126	-0.146935	4109700.000000
2017-01-05	-0.001335	0.017665	0.023507	0.014452	-0.137138	5087200.000000
2017-01-04	0.001911	0.025366	0.030439	0.022244	0.195908	3029700.000000
2017-01-03	0.000191	0.023903	0.025367	0.016781	0.019607	3741200.000000
2016-12-30	-0.003429	0.018156	0.022434	0.014461	-0.352653	3484000.000000
2016-12-29	0.003537	0.019708	0.025562	0.019513	0.362442	2438100.000000
2016-12-28	-0.004851	0.018354	0.020587	0.014955	-0.499565	1878600.000000
2016-12-27	0.000381	0.020879	0.023113	0.019907	0.039177	1505000.000000
2016-12-23	-0.002468	0.017196	0.019909	0.013901	-0.254693	1769300.000000
2016-12-22	0.006208	0.019416	0.028191	0.016491	0.636712	2605000.000000
2016-12-21	-0.001907	0.020100	0.028567	0.018835	-0.195916	3245200.000000
2016-12-20	-0.004838	0.015842	0.017295	0.010806	-0.499572	4903400.000000
2016-12-19	-0.004345	0.016925	0.020879	0.013743	-0.450585	3683800.000000
2016-12-16	0.005413	0.023302	0.026889	0.019230	0.558350	7499300.000000
2016-12-15	0.007945	0.018533	0.031628	0.018533	0.813026	4179400.000000
2016-12-14	-0.010982	0.023295	0.029577	0.007155	-1.136276	5007500.000000
2016-12-13	0.008690	0.021756	0.033454	0.020489	0.891380	4508600.000000
2016-12-12	0.011104	0.023343	0.033693	0.021864	1.126480	4858400.000000
2016-12-09	0.013901	0.021678	0.039867	0.019779	1.390953	5040200.000000
2016-12-08	-0.006420	0.014226	0.018893	0.012835	-0.646499	3993900.000000
2016-12-07	0.012408	0.016958	0.034752	0.016958	1.234237	4873400.000000
2016-12-06	0.008341	0.024629	0.030002	0.021892	0.822823	4828400.000000
2016-12-05	0.001093	0.021082	0.024024	0.016008	0.107750	3961800.000000
2016-12-02	0.015854	0.024693	0.037476	0.024693	1.537888	4594600.000000
2016-12-01	-0.010689	0.018737	0.020369	0.004561	-1.048111	7123000.000000
2016-11-30	-0.016574	0.018100	0.022212	0.003959	-1.652512	8123500.000000
2016-11-29	-0.002432	0.028431	0.031032	0.023528	-0.243088	3886800.000000
2016-11-28	0.006068	0.029437	0.039302	0.025713	0.602867	5556900.000000
2016-11-25	0.006304	0.033192	0.042409	0.030558	0.622307	3644900.000000
2016-11-23	-0.013218	0.024732	0.028431	0.014137	-1.322403	4658400.000000
2016-11-22	0.006161	0.031146	0.035873	0.030241	0.612587	4540300.000000
2016-11-21	0.009377	0.028431	0.038684	0.028431	0.923737	3870800.000000
2016-11-18	-0.003051	0.026204	0.030253	0.023978	-0.301430	4919200.000000
2016-11-17	-0.000885	0.029442	0.030655	0.023072	-0.087517	4212600.000000
2016-11-16	-0.001375	0.033581	0.039033	0.024594	-0.136123	3962900.000000
2016-11-15	0.004537	0.028532	0.035125	0.022649	0.447280	5672300.000000
2016-11-14	-0.017444	0.025142	0.029926	0.001123	-1.750244	7248800.000000
2016-11-11	-0.000581	0.025941	0.033610	0.021658	-0.058334	5888400.000000
2016-11-10	-0.037296	0.024979	0.024979	-0.018076	-3.889420	9095200.000000
2016-11-09	-0.013521	0.006958	0.015471	-0.006758	-1.429359	6515800.000000
2016-11-08	0.016455	0.028527	0.047373	0.028527	1.711342	4671000.000000
2016-11-07	0.010869	0.036693	0.041941	0.033971	1.118217	5469100.000000
2016-11-04	-0.007690	0.027756	0.031710	0.020522	-0.797340	2897600.000000
2016-11-03	-0.000750	0.031900	0.032575	0.026600	-0.077789	3447700.000000
2016-11-02	0.000000	0.028142	0.035466	0.027467	0.000000	3679200.000000
2016-11-01	-0.004571	0.027855	0.029390	0.018070	-0.476448	4289600.000000
2016-10-31	0.001214	0.028046	0.031889	0.026990	0.126388	3141700.000000
2016-10-28	0.004127	0.031035	0.037111	0.027370	0.427849	3378900.000000
2016-10-27	-0.004110	0.030448	0.032945	0.021035	-0.427849	4205300.000000
2016-10-26	-0.001492	0.030924	0.035336	0.025745	-0.155579	3440700.000000
2016-10-25	-0.000745	0.029197	0.031498	0.023639	-0.077781	3756300.000000
2016-10-24	0.016001	0.033299	0.050631	0.033299	1.643280	5126000.000000
2016-10-21	-0.002361	0.029791	0.029791	0.022602	-0.243096	3615400.000000
2016-10-20	-0.003670	0.026979	0.029011	0.021849	-0.379211	3751600.000000
2016-10-19	-0.006452	0.027085	0.029008	0.020065	-0.670921	4330600.000000
2016-10-18	0.000936	0.034206	0.041232	0.029297	0.097236	3850000.000000
2016-10-17	0.000187	0.028431	0.030741	0.025831	0.019440	4104400.000000
2016-10-14	0.008591	0.029887	0.039500	0.027071	0.884850	4788600.000000
2016-10-13	-0.001508	0.026201	0.029303	0.020772	-0.155579	3582600.000000
2016-10-12	0.004831	0.031353	0.034179	0.027749	0.495911	3419800.000000
2016-10-11	-0.006119	0.027463	0.028334	0.016619	-0.632042	3814400.000000
2016-10-10	0.002170	0.032894	0.034544	0.026781	0.223648	3119300.000000
2016-10-07	-0.003853	0.031910	0.033457	0.021182	-0.398667	4398400.000000
2016-10-06	0.003679	0.025714	0.033475	0.023095	0.379212	4886000.000000
2016-10-05	-0.010177	0.029775	0.032176	0.014891	-1.059860	6297000.000000
2016-10-04	-0.010624	0.029001	0.029571	0.012565	-1.118210	5830100.000000
2016-10-03	-0.004781	0.028431	0.028998	0.016139	-0.505616	4566000.000000
2016-09-30	0.009373	0.034253	0.042555	0.034253	0.982071	7173300.000000
2016-09-29	0.003539	0.048735	0.050746	0.031591	0.369492	7249100.000000
2016-09-28	-0.001023	0.032449	0.032449	0.022403	-0.106957	5030500.000000
2016-09-27	0.004298	0.031698	0.036502	0.025548	0.447289	3779300.000000
2016-09-26	-0.002888	0.027473	0.028814	0.023928	-0.301437	4440400.000000
2016-09-23	-0.004452	0.027095	0.030052	0.020991	-0.466736	3235900.000000
2016-09-22	0.006441	0.031887	0.036207	0.030159	0.670936	3869400.000000
2016-09-21	0.007808	0.028431	0.038783	0.024367	0.807045	3913900.000000
2016-09-20	0.005962	0.032616	0.038553	0.031253	0.612595	3561700.000000
2016-09-19	0.003704	0.027747	0.036636	0.024914	0.379204	3439300.000000
2016-09-16	-0.001896	0.023751	0.028626	0.019656	-0.194466	4934100.000000
2016-09-15	0.004093	0.027452	0.034990	0.025004	0.418114	3598600.000000
2016-09-14	0.004398	0.030692	0.038755	0.028529	0.447288	4007800.000000
2016-09-13	-0.013488	0.027655	0.027752	0.011649	-1.390464	4597700.000000
2016-09-12	0.018933	0.030902	0.049879	0.030902	1.915535	4569400.000000
2016-09-09	-0.026478	0.020156	0.021792	0.001200	-2.751755	6134500.000000
2016-09-08	-0.003078	0.027376	0.029678	0.021524	-0.320885	3491400.000000
2016-09-07	-0.006579	0.026906	0.028907	0.017567	-0.690369	3260500.000000
2016-09-06	0.000463	0.027668	0.030814	0.023950	0.048600	2913300.000000
2016-09-02	0.005406	0.031211	0.037633	0.030444	0.563980	3671200.000000
2016-09-01	0.005058	0.025637	0.034115	0.023999	0.525062	3799000.000000
2016-08-31	0.002752	0.027300	0.032517	0.026528	0.284905	3995000.000000
2016-08-30	-0.007223	0.035034	0.036377	0.026498	-0.753105	3708100.000000
2016-08-29	0.005026	0.036187	0.041103	0.035223	0.521385	2576400.000000
2016-08-26	-0.003986	0.036089	0.041658	0.030425	-0.415177	2868900.000000
2016-08-25	-0.002128	0.035514	0.038292	0.032640	-0.222076	2129500.000000
2016-08-24	0.002132	0.035129	0.039641	0.032537	0.222076	3422600.000000
2016-08-23	-0.000741	0.038487	0.041365	0.033211	-0.077255	2473000.000000
2016-08-22	-0.001941	0.034843	0.036088	0.031875	-0.202751	2304600.000000
2016-08-19	-0.001016	0.033409	0.035514	0.028627	-0.106216	2846600.000000
2016-08-18	-0.001751	0.035132	0.039047	0.033127	-0.183434	2373000.000000
2016-08-17	0.004352	0.035226	0.040788	0.031869	0.453774	2963900.000000
2016-08-16	-0.006622	0.031228	0.035419	0.027989	-0.695160	2677200.000000
2016-08-15	0.001197	0.036850	0.039520	0.036182	0.125511	2357800.000000
2016-08-12	0.001014	0.037233	0.040097	0.034655	0.106201	2563400.000000
2016-08-11	-0.003124	0.037514	0.039131	0.032184	-0.328270	2786800.000000
2016-08-10	0.004987	0.037331	0.042209	0.037331	0.521378	2189900.000000
2016-08-09	0.001295	0.036759	0.041547	0.034939	0.135177	2378200.000000
2016-08-08	-0.004786	0.033418	0.035324	0.026269	-0.502075	3304200.000000
2016-08-05	0.002214	0.038762	0.044685	0.035228	0.231735	3189400.000000
2016-08-04	0.003517	0.036951	0.040594	0.035130	0.366898	3226900.000000
2016-08-03	-0.006255	0.037706	0.038182	0.025798	-0.656555	3691900.000000
2016-08-02	-0.001928	0.038748	0.038748	0.029525	-0.202774	3431600.000000
2016-08-01	0.000092	0.033803	0.037322	0.030190	0.009666	3880700.000000
2016-07-29	0.007306	0.036950	0.045092	0.035609	0.762764	3995300.000000
2016-07-28	0.006048	0.036380	0.044378	0.032718	0.627579	3446500.000000
2016-07-27	-0.006654	0.034174	0.034174	0.021251	-0.695168	4724200.000000
2016-07-26	-0.007522	0.035515	0.037700	0.026300	-0.791733	3386100.000000
2016-07-25	-0.001557	0.036179	0.036559	0.028022	-0.164138	3053100.000000
2016-07-22	0.005618	0.037613	0.043622	0.037613	0.588974	2693100.000000
2016-07-21	-0.003122	0.033708	0.035230	0.028003	-0.328278	2765400.000000
2016-07-20	-0.005569	0.038826	0.039299	0.027668	-0.588966	3021800.000000
2016-07-19	0.002930	0.032386	0.039024	0.030963	0.308960	3987500.000000
2016-07-18	-0.004104	0.035705	0.036083	0.027960	-0.434494	3688700.000000
2016-07-15	-0.002728	0.033916	0.040697	0.026380	-0.289650	5230600.000000
2016-07-14	0.000455	0.034951	0.045411	0.034292	0.048271	4834300.000000
2016-07-13	0.010295	0.038371	0.047796	0.036657	1.081390	5232100.000000
2016-07-12	-0.001102	0.031045	0.037607	0.030570	-0.115867	4175800.000000
2016-07-11	0.005911	0.034653	0.043932	0.030922	0.617942	6446600.000000
2016-07-08	0.007257	0.041005	0.045437	0.034067	0.753121	6052800.000000
2016-07-07	0.014822	0.061226	0.065822	0.046950	1.515861	9912800.000000
2016-07-06	-0.004698	0.037360	0.038722	0.028017	-0.482757	6126500.000000
2016-07-05	0.007479	0.036097	0.048942	0.035705	0.762764	5365200.000000
2016-07-01	-0.002926	0.038540	0.040202	0.030230	-0.299309	4115700.000000
2016-06-30	0.027347	0.042033	0.064631	0.039823	2.722778	7973200.000000
2016-06-29	0.009595	0.042600	0.047772	0.038950	0.946221	4898700.000000
2016-06-28	0.000098	0.036009	0.037835	0.029316	0.009651	5195100.000000
2016-06-27	0.001471	0.033572	0.039361	0.028799	0.144829	6381900.000000
2016-06-24	-0.023554	0.016367	0.025888	0.009525	-2.375191	8654800.000000
2016-06-23	0.006748	0.042893	0.043293	0.037402	0.675873	3068100.000000
2016-06-22	-0.003267	0.035705	0.039785	0.031227	-0.328285	3398900.000000
2016-06-21	0.006869	0.040114	0.046125	0.039613	0.685524	3214500.000000
2016-06-20	-0.000387	0.042315	0.048425	0.035104	-0.038628	3567000.000000
2016-06-17	-0.004237	0.033112	0.035805	0.021244	-0.424820	5577900.000000
2016-06-16	0.009625	0.032181	0.046479	0.032181	0.955856	3520900.000000
2016-06-15	-0.003584	0.036106	0.039116	0.030889	-0.357246	3434400.000000
2016-06-14	0.001650	0.031082	0.038017	0.022440	0.164146	4363600.000000
2016-06-13	-0.002420	0.035003	0.039515	0.032397	-0.241371	4368300.000000
2016-06-10	-0.003377	0.031609	0.034007	0.026913	-0.337944	3462400.000000
2016-06-09	0.004652	0.032895	0.042129	0.029281	0.463455	3552200.000000
2016-06-08	0.006732	0.034391	0.044396	0.032471	0.666214	2860800.000000
2016-06-07	-0.002045	0.036915	0.040546	0.031470	-0.202758	4078700.000000
2016-06-06	0.001658	0.035806	0.041059	0.032675	0.164123	2944200.000000
2016-06-03	0.005196	0.034893	0.044133	0.034893	0.511749	4507800.000000
2016-06-02	0.004233	0.033258	0.040192	0.031626	0.415169	3618200.000000
2016-06-01	0.011482	0.037180	0.047907	0.034498	1.113251	4741400.000000
2016-05-31	-0.007748	0.045314	0.047668	0.031805	-0.757096	6368700.000000
2016-05-27	0.000589	0.045827	0.048387	0.040399	0.057496	2877000.000000
2016-05-26	0.008013	0.044607	0.052452	0.042646	0.776260	4543100.000000
2016-05-25	0.000000	0.044297	0.048736	0.042130	0.000000	3223800.000000
2016-05-24	0.006672	0.048563	0.053447	0.046277	0.642090	3446300.000000
2016-05-23	0.003197	0.043680	0.050456	0.042429	0.306671	4185900.000000
2016-05-20	-0.012139	0.047385	0.048209	0.029776	-1.178764	5704000.000000
2016-05-19	0.004162	0.041817	0.048952	0.037164	0.402504	4722400.000000
2016-05-18	-0.014262	0.039191	0.039700	0.022066	-1.399163	6970100.000000
2016-05-17	-0.016902	0.043873	0.045977	0.022228	-1.686668	5443300.000000
2016-05-16	-0.000480	0.041468	0.048179	0.037963	-0.047936	4243200.000000
2016-05-13	-0.018096	0.040029	0.043472	0.018295	-1.840011	7811500.000000
2016-05-12	0.003594	0.047518	0.050183	0.042090	0.364166	3195200.000000
2016-05-11	-0.007976	0.040436	0.047094	0.034268	-0.814590	3424900.000000
2016-05-10	0.012253	0.044958	0.056852	0.043967	1.236274	3885500.000000
2016-05-09	0.003049	0.043074	0.051127	0.042975	0.306656	4432300.000000
2016-05-06	0.007197	0.038165	0.051082	0.038165	0.718765	3546400.000000
2016-05-05	0.001826	0.041967	0.052099	0.039258	0.182076	3401400.000000
2016-05-04	0.004442	0.042968	0.052338	0.039139	0.440834	3852600.000000
2016-05-03	0.001257	0.043270	0.048516	0.039133	0.124580	3929900.000000
2016-05-02	0.004565	0.041242	0.052694	0.040228	0.450425	3998100.000000
2016-04-29	-0.000097	0.043066	0.045498	0.037695	-0.009583	4604000.000000
2016-04-28	0.003313	0.038795	0.048759	0.038693	0.325829	4350200.000000
2016-04-27	0.000292	0.044692	0.051201	0.036454	0.028755	3730900.000000
2016-04-26	-0.001946	0.047532	0.049562	0.037280	-0.191666	3222900.000000
2016-04-25	0.008041	0.041630	0.052169	0.039686	0.785835	3501300.000000
2016-04-22	0.009803	0.045332	0.054527	0.042955	0.948769	5660200.000000
2016-04-21	-0.014155	0.042453	0.042453	0.022895	-1.389603	7145600.000000
2016-04-20	-0.018021	0.042572	0.043772	0.024167	-1.801666	4778000.000000
2016-04-19	0.005785	0.044377	0.052425	0.043874	0.574989	4996200.000000
2016-04-18	-0.000482	0.047393	0.051717	0.040757	-0.047912	7631400.000000
2016-04-15	0.005913	0.044281	0.050046	0.041954	0.584587	4553500.000000
2016-04-14	-0.009220	0.029541	0.043171	0.029341	-0.920006	5593300.000000
2016-04-13	-0.007530	0.047748	0.047848	0.032033	-0.757095	3802400.000000
2016-04-12	0.005848	0.042171	0.051675	0.041671	0.584579	3777200.000000
2016-04-11	-0.007423	0.044266	0.050323	0.034336	-0.747490	5354000.000000
2016-04-08	0.014286	0.047400	0.060091	0.046493	1.418343	6154500.000000
2016-04-07	-0.003079	0.037648	0.043974	0.034535	-0.306664	6220900.000000
2016-04-06	0.007953	0.044990	0.052479	0.041144	0.785836	4196800.000000
2016-04-05	-0.006935	0.042969	0.044577	0.033923	-0.690010	3589200.000000
2016-04-04	0.000385	0.043673	0.045181	0.033316	0.038330	4220400.000000
2016-04-01	0.012685	0.038279	0.057828	0.038075	1.245842	4128600.000000
2016-03-31	-0.002045	0.041947	0.051194	0.039509	-0.201241	5367700.000000
2016-03-30	0.013022	0.044398	0.059118	0.043883	1.265007	4673600.000000
2016-03-29	0.003862	0.044195	0.050292	0.041198	0.373757	3356700.000000
2016-03-28	0.002980	0.046374	0.053110	0.044923	0.287490	3785500.000000
2016-03-24	-0.001290	0.042333	0.044610	0.036640	-0.124588	3183100.000000
2016-03-23	0.000397	0.042643	0.053723	0.040986	0.038338	3407900.000000
2016-03-22	-0.007583	0.040800	0.043163	0.032065	-0.737923	3457600.000000
2016-03-21	0.002468	0.039557	0.052022	0.033479	0.239586	4420300.000000
2016-03-18	-0.005694	0.041423	0.044189	0.034662	-0.555839	7273900.000000
2016-03-17	0.010314	0.045231	0.056822	0.043058	0.996681	5635800.000000
2016-03-16	-0.003164	0.041305	0.045432	0.031711	-0.306671	4176600.000000
2016-03-15	0.004968	0.039532	0.053010	0.039325	0.479172	3860300.000000
2016-03-14	-0.006515	0.041618	0.044914	0.036365	-0.632500	3580500.000000
2016-03-11	0.005259	0.045749	0.049995	0.041504	0.507912	5912400.000000
2016-03-10	0.005789	0.046075	0.050553	0.041597	0.555847	5502800.000000
2016-03-09	0.004612	0.046192	0.052260	0.043472	0.440834	5085000.000000
2016-03-08	0.004937	0.040528	0.052618	0.038215	0.469581	4871200.000000
2016-03-07	-0.007500	0.035646	0.039298	0.032724	-0.718757	5967100.000000
2016-03-04	0.008471	0.039789	0.052311	0.037263	0.805008	7067200.000000
2016-03-03	0.008441	0.043684	0.053022	0.040182	0.795417	4856600.000000
2016-03-02	-0.000579	0.039898	0.043185	0.034489	-0.054618	4180000.000000
2016-03-01	0.012983	0.058233	0.065109	0.053399	1.208458	5160200.000000
2016-02-29	-0.005490	0.050927	0.057979	0.044837	-0.513848	5955300.000000
2016-02-26	-0.022946	0.049048	0.049570	0.021384	-2.198051	6506200.000000
2016-02-25	0.009932	0.052509	0.061681	0.052509	0.942024	4668900.000000
2016-02-24	0.001406	0.045226	0.053145	0.038892	0.133217	5691200.000000
2016-02-23	-0.003304	0.051138	0.052295	0.045771	-0.314018	3721100.000000
2016-02-22	0.002912	0.055149	0.061270	0.050927	0.275955	4731500.000000
2016-02-19	-0.000402	0.038690	0.056940	0.038690	-0.038071	4531300.000000
2016-02-18	0.000703	0.051139	0.055361	0.044804	0.066612	3729100.000000
2016-02-17	0.009635	0.055191	0.064677	0.053059	0.903977	4493200.000000
2016-02-16	0.001117	0.058504	0.059571	0.046766	0.104675	4709700.000000
2016-02-12	0.016408	0.045505	0.069256	0.042793	1.512932	5110600.000000
2016-02-11	-0.007375	0.037686	0.054373	0.034456	-0.685097	5898500.000000
2016-02-10	-0.006716	0.050179	0.055739	0.042801	-0.628029	4505500.000000
2016-02-09	0.007793	0.041983	0.064614	0.039289	0.723183	4994200.000000
2016-02-08	0.002055	0.048984	0.057083	0.040993	0.190300	4729500.000000
2016-02-05	-0.000719	0.053625	0.054381	0.044561	-0.066597	5574800.000000
2016-02-04	-0.013472	0.050502	0.052844	0.032617	-1.265549	5212000.000000
2016-02-03	0.005193	0.057990	0.059702	0.044400	0.485276	5146000.000000
2016-02-02	-0.008280	0.046895	0.047213	0.039997	-0.780266	3809900.000000
2016-02-01	-0.002719	0.042778	0.051986	0.032089	-0.256912	3648100.000000
2016-01-29	0.018984	0.055457	0.070878	0.052329	1.760353	7340600.000000
2016-01-28	0.015739	0.056295	0.072397	0.052461	1.436821	5169900.000000
2016-01-27	-0.003945	0.046236	0.061402	0.042635	-0.361573	5795100.000000
2016-01-26	0.003961	0.050599	0.064949	0.049065	0.361573	3735200.000000
2016-01-25	0.000939	0.051695	0.061673	0.047419	0.085647	4407000.000000
2016-01-22	0.014608	0.055489	0.071174	0.047034	1.313126	6946600.000000
2016-01-21	0.007465	0.053954	0.061014	0.045100	0.666084	6076300.000000
2016-01-20	-0.020883	0.040832	0.047087	0.023823	-1.903091	7558100.000000
2016-01-19	0.019589	0.059095	0.075206	0.056857	1.750831	6828900.000000
2016-01-15	-0.019622	0.030526	0.037217	0.023396	-1.788879	8181500.000000
2016-01-14	-0.007150	0.049838	0.057244	0.041780	-0.656578	6592500.000000
2016-01-13	-0.011473	0.049313	0.054373	0.037255	-1.065720	5161500.000000
2016-01-12	0.001847	0.061389	0.061389	0.047692	0.171265	5185800.000000
2016-01-11	0.002366	0.052333	0.058603	0.047252	0.218864	5638000.000000
2016-01-08	-0.003690	0.053728	0.062345	0.044142	-0.342560	4853500.000000
2016-01-07	-0.019200	0.040152	0.045645	0.026947	-1.817443	5440000.000000
2016-01-06	0.000302	0.039620	0.054203	0.036873	0.028556	5483400.000000
2016-01-05	0.006885	0.051353	0.062419	0.050289	0.647042	4893800.000000
2016-01-04	-0.011509	0.036623	0.041251	0.028630	-1.094277	6689000.000000
2015-12-31	-0.012160	0.044486	0.048434	0.037005	-1.170402	3029900.000000
2015-12-30	-0.002957	0.051549	0.051860	0.046059	-0.285454	2333000.000000
2015-12-29	0.007648	0.055416	0.061574	0.051867	0.732689	2362200.000000
2015-12-28	0.001392	0.049360	0.053541	0.046746	0.133217	4017700.000000
2015-12-24	-0.000994	0.049570	0.054373	0.045393	-0.095154	1044300.000000
2015-12-23	0.008417	0.055140	0.061037	0.053244	0.799294	2929600.000000
2015-12-22	0.011965	0.054018	0.066379	0.051034	1.122818	3882100.000000
2015-12-21	0.007354	0.056188	0.058871	0.049532	0.685112	3089100.000000
2015-12-18	-0.022954	0.046208	0.046313	0.026595	-2.188546	6926800.000000
2015-12-17	-0.008706	0.050096	0.051239	0.041466	-0.837364	4303600.000000
2015-12-16	0.017004	0.055686	0.071440	0.053677	1.608101	4994500.000000
2015-12-15	0.014702	0.057151	0.069382	0.053610	1.370239	5554200.000000
2015-12-14	0.001738	0.054259	0.059956	0.040502	0.161751	6633900.000000
2015-12-11	-0.011325	0.040620	0.049759	0.036476	-1.065720	5429700.000000
2015-12-10	-0.002320	0.052836	0.055910	0.043718	-0.218856	3925600.000000
2015-12-09	-0.010382	0.044213	0.059216	0.038548	-0.989602	4195100.000000
2015-12-08	-0.004967	0.048109	0.052389	0.040071	-0.475776	3385200.000000
2015-12-07	-0.003859	0.050616	0.055607	0.041153	-0.371086	3408000.000000
2015-12-04	0.019881	0.052094	0.075109	0.045094	1.874527	6422700.000000
2015-12-03	-0.003920	0.052406	0.056315	0.043321	-0.371109	5661000.000000
2015-12-02	-0.008739	0.050959	0.051168	0.040487	-0.834496	4361600.000000
2015-12-01	0.008986	0.057761	0.068432	0.057761	0.850418	4473200.000000
2015-11-30	-0.005757	0.058289	0.060705	0.051881	-0.548042	6083300.000000
2015-11-27	0.002388	0.053972	0.063449	0.053972	0.226768	1463400.000000
2015-11-25	-0.001292	0.057238	0.061550	0.056396	-0.122818	2906000.000000
2015-11-24	-0.002182	0.052833	0.059863	0.049370	-0.207893	3405400.000000
2015-11-23	0.007493	0.062307	0.075099	0.059769	0.708694	4604000.000000
2015-11-20	-0.008223	0.064476	0.071082	0.048538	-0.784278	4800600.000000
2015-11-19	0.006582	0.060928	0.069899	0.060717	0.623642	3496000.000000
2015-11-18	0.014571	0.060859	0.074887	0.059146	1.360694	4074200.000000
2015-11-17	-0.007332	0.058077	0.061691	0.047659	-0.689811	3446500.000000
2015-11-16	0.015504	0.055159	0.075776	0.054079	1.436279	3446600.000000
2015-11-13	-0.003355	0.056353	0.064529	0.052265	-0.311813	4001000.000000
2015-11-12	-0.010661	0.052648	0.057225	0.046688	-1.001610	3892800.000000
2015-11-11	0.006071	0.063108	0.070390	0.061073	0.566955	3147300.000000
2015-11-10	-0.000506	0.054222	0.061928	0.052938	-0.047248	3367800.000000
2015-11-09	-0.008424	0.055742	0.057016	0.042476	-0.793747	3959900.000000
2015-11-06	-0.008846	0.052609	0.054923	0.042932	-0.840981	4660400.000000
2015-11-05	-0.000099	0.058289	0.061655	0.053767	-0.009437	2834100.000000
2015-11-04	-0.002973	0.057975	0.062693	0.052836	-0.283486	3345600.000000
2015-11-03	-0.004734	0.055784	0.056306	0.041903	-0.453567	4174900.000000
2015-11-02	-0.007731	0.057771	0.062328	0.047001	-0.746483	5007300.000000
2015-10-30	-0.005934	0.056539	0.062819	0.052009	-0.576401	5425800.000000
2015-10-29	0.000584	0.051594	0.061997	0.049637	0.056694	3008100.000000
2015-10-28	-0.001943	0.060037	0.060962	0.043280	-0.188965	5164800.000000
2015-10-27	0.003901	0.054058	0.065101	0.052819	0.377953	3995700.000000
2015-10-26	0.001074	0.057876	0.062215	0.052297	0.103950	3770700.000000
2015-10-23	-0.006306	0.060753	0.061985	0.046482	-0.614212	5015800.000000
2015-10-22	0.028229	0.062723	0.091331	0.059134	2.674126	5934800.000000
2015-10-21	-0.000199	0.054384	0.064939	0.052695	-0.018890	4332000.000000
2015-10-20	0.000898	0.055859	0.060508	0.052902	0.085037	3564000.000000
2015-10-19	0.004815	0.058289	0.064340	0.056379	0.453575	4902700.000000
2015-10-16	0.014448	0.064427	0.074764	0.058505	1.341782	5550800.000000
2015-10-15	0.008103	0.065020	0.069145	0.057638	0.746482	5763900.000000
2015-10-14	-0.004391	0.056668	0.061423	0.052777	-0.406311	4238400.000000
2015-10-13	-0.012306	0.056368	0.058503	0.044946	-1.152816	5989400.000000
2015-10-12	-0.003317	0.052757	0.064992	0.049991	-0.311814	4581300.000000
2015-10-09	0.005052	0.057541	0.065240	0.056578	0.472458	5607000.000000
2015-10-08	0.004568	0.048407	0.063553	0.048407	0.425209	4683300.000000
2015-10-07	0.014938	0.059597	0.079222	0.058398	1.370140	6528200.000000
2015-10-06	0.013151	0.082038	0.082479	0.068451	1.190613	7094300.000000
2015-10-05	0.017523	0.066719	0.078745	0.063122	1.559105	5700200.000000
2015-10-02	0.003303	0.050621	0.062461	0.043404	0.292931	5163700.000000
2015-10-01	-0.004772	0.057167	0.060534	0.045159	-0.425232	5061800.000000
2015-09-30	0.013543	0.069891	0.073759	0.063863	1.190612	5873600.000000
2015-09-29	0.006164	0.059205	0.068475	0.056458	0.538613	5632200.000000
2015-09-28	-0.010699	0.052628	0.060327	0.043910	-0.944931	4659200.000000
2015-09-25	0.010814	0.063668	0.077860	0.060578	0.944931	4897200.000000
2015-09-24	0.000758	0.052448	0.063558	0.047409	0.066147	4064000.000000
2015-09-23	0.000325	0.057144	0.062070	0.052446	0.028350	3401600.000000
2015-09-22	-0.014300	0.050158	0.051174	0.038413	-1.266204	4547900.000000
2015-09-21	0.007093	0.061360	0.072165	0.060336	0.623649	3654000.000000
2015-09-18	-0.003427	0.044915	0.061236	0.040381	-0.302376	9622400.000000
2015-09-17	0.003223	0.061018	0.073071	0.053059	0.283486	5300800.000000
2015-09-16	0.010971	0.061623	0.072774	0.059324	0.954368	4152000.000000
2015-09-15	0.009430	0.063743	0.071518	0.057709	0.812630	3725100.000000
2015-09-14	-0.004584	0.058289	0.058520	0.051012	-0.396858	4383600.000000
2015-09-11	0.006150	0.056662	0.065030	0.053989	0.529152	4062600.000000
2015-09-10	0.002532	0.054444	0.068426	0.053629	0.217316	3928100.000000
2015-09-09	-0.016672	0.065966	0.066424	0.036865	-1.455163	4474400.000000
2015-09-08	0.015948	0.070045	0.075516	0.065972	1.370133	3638200.000000
2015-09-04	-0.013134	0.045309	0.051512	0.041174	-1.143349	5653600.000000
2015-09-03	0.005347	0.062447	0.071108	0.061061	0.463005	3774100.000000
2015-09-02	0.011178	0.067082	0.076191	0.061127	0.957199	5935400.000000
2015-09-01	-0.017217	0.045726	0.057662	0.042972	-1.500221	8367800.000000
2015-08-31	-0.006415	0.059771	0.064218	0.056350	-0.562599	5328000.000000
2015-08-28	-0.000748	0.059662	0.069233	0.057155	-0.065636	6002300.000000
2015-08-27	0.012001	0.078145	0.083795	0.059234	1.040795	6690000.000000
2015-08-26	0.031794	0.091245	0.102072	0.067093	2.672294	7614100.000000
2015-08-25	-0.023848	0.093326	0.093326	0.040019	-2.053451	8258100.000000
2015-08-24	-0.045922	0.014752	0.023063	-0.152563	-4.144409	13366900.000000
2015-08-21	-0.017657	0.058008	0.062362	0.046035	-1.622132	7514400.000000
2015-08-20	-0.010203	0.059172	0.062297	0.055617	-0.947021	3956800.000000
2015-08-19	-0.007818	0.062330	0.065536	0.054419	-0.731362	3892800.000000
2015-08-18	-0.000901	0.062654	0.072479	0.062654	-0.084388	4578500.000000
2015-08-17	0.006349	0.062092	0.075741	0.061340	0.590713	3253100.000000
2015-08-14	0.004454	0.066930	0.071680	0.065527	0.412567	3375600.000000
2015-08-13	0.004168	0.066715	0.075713	0.062704	0.384438	4190600.000000
2015-08-12	-0.002434	0.060226	0.064444	0.048980	-0.225029	3743300.000000
2015-08-11	-0.004743	0.061225	0.062839	0.056381	-0.440697	3581300.000000
2015-08-10	-0.000101	0.071018	0.072955	0.064238	-0.009384	4753700.000000
2015-08-07	-0.000504	0.064992	0.069725	0.061873	-0.046898	4608300.000000
2015-08-06	-0.000403	0.071552	0.081766	0.065531	-0.037491	6224000.000000
2015-08-05	0.014109	0.068788	0.083290	0.067371	1.293946	4320400.000000
2015-08-04	0.003694	0.064857	0.072518	0.063544	0.337562	3955000.000000
2015-08-03	0.011417	0.064727	0.079006	0.064506	1.031410	3711100.000000
2015-07-31	-0.002898	0.072458	0.072458	0.061752	-0.262542	5049600.000000
2015-07-30	0.001036	0.062632	0.070365	0.062300	0.093772	3380700.000000
2015-07-29	0.004370	0.067275	0.073822	0.065833	0.393807	3851100.000000
2015-07-28	0.004704	0.072853	0.072853	0.066275	0.421936	4937100.000000
2015-07-27	-0.005406	0.064835	0.069160	0.057073	-0.487572	4783400.000000
2015-07-24	-0.007123	0.064297	0.066719	0.057911	-0.646965	3631700.000000
2015-07-23	-0.003087	0.064633	0.068694	0.058706	-0.281303	2742900.000000
2015-07-22	0.002476	0.067489	0.072550	0.065068	0.225029	3371300.000000
2015-07-21	-0.003905	0.068362	0.068362	0.061347	-0.356301	3065400.000000
2015-07-20	0.005476	0.069805	0.074212	0.066719	0.496964	3391800.000000
2015-07-17	-0.001238	0.062536	0.065618	0.057143	-0.112526	3573300.000000
2015-07-16	0.005708	0.074689	0.077457	0.072254	0.515701	4253000.000000
2015-07-15	-0.008030	0.065840	0.068804	0.057605	-0.731361	5464700.000000
2015-07-14	-0.000926	0.068473	0.069351	0.061123	-0.084389	4479400.000000
2015-07-13	0.017478	0.074870	0.088152	0.073307	1.565865	7263800.000000
2015-07-10	0.010149	0.075857	0.085440	0.071234	0.900146	7233600.000000
2015-07-09	-0.010668	0.085796	0.085908	0.049432	-0.956390	9923400.000000
2015-07-08	-0.008195	0.058865	0.065171	0.056652	-0.740753	6055100.000000
2015-07-07	0.021187	0.070792	0.092031	0.068080	1.875305	7724800.000000
2015-07-06	-0.002747	0.059513	0.069428	0.059175	-0.243805	4952400.000000
2015-07-02	0.001481	0.067401	0.071689	0.063001	0.131279	3209600.000000
2015-07-01	0.012642	0.071754	0.080552	0.068898	1.106422	4808600.000000
2015-06-30	-0.003736	0.075833	0.077995	0.061604	-0.328178	4188500.000000
2015-06-29	-0.012854	0.060767	0.064813	0.052003	-1.143936	3625600.000000
2015-06-26	0.000844	0.069535	0.073471	0.066498	0.075020	5119600.000000
2015-06-25	-0.004827	0.071647	0.074333	0.061350	-0.431313	4426400.000000
2015-06-24	-0.003243	0.062705	0.068395	0.062705	-0.290672	4742000.000000
2015-06-23	0.000000	0.066610	0.068060	0.061367	0.000000	3679900.000000
2015-06-22	0.007801	0.068072	0.077966	0.068072	0.693855	3626700.000000
2015-06-19	-0.003885	0.062579	0.067394	0.060787	-0.346939	5463300.000000
2015-06-18	0.012547	0.069673	0.083168	0.067292	1.106430	4035400.000000
2015-06-17	0.005345	0.066726	0.074707	0.063078	0.468826	3108900.000000
2015-06-16	0.009823	0.067995	0.078817	0.065808	0.853264	2728700.000000
2015-06-15	-0.011734	0.061151	0.062858	0.052846	-1.031402	7203000.000000
2015-06-12	-0.003720	0.065025	0.066272	0.059131	-0.328186	3748500.000000
2015-06-11	0.004269	0.070027	0.073328	0.068775	0.375053	3020100.000000
2015-06-10	0.006662	0.069936	0.078072	0.067186	0.581352	3892000.000000
2015-06-09	0.002477	0.066039	0.072012	0.065120	0.215660	3411900.000000
2015-06-08	-0.002257	0.069364	0.070625	0.062945	-0.196922	4466600.000000
2015-06-05	-0.011578	0.063440	0.064686	0.052451	-1.022018	4741200.000000
2015-06-04	-0.012172	0.063253	0.070079	0.053293	-1.087693	4793700.000000
2015-06-03	-0.000493	0.071789	0.073802	0.064295	-0.044060	3248800.000000
2015-06-02	0.000834	0.070555	0.078616	0.067645	0.074456	3959800.000000
2015-06-01	-0.004770	0.076144	0.076144	0.065560	-0.428154	4407000.000000
2015-05-29	-0.006491	0.076022	0.076354	0.061965	-0.586388	5731700.000000
2015-05-28	0.007055	0.076257	0.085620	0.069346	0.632935	5321700.000000
2015-05-27	0.006159	0.076605	0.083222	0.073464	0.549156	4028200.000000
2015-05-26	-0.004883	0.072130	0.074585	0.065879	-0.437462	3806200.000000
2015-05-22	-0.009671	0.074473	0.074473	0.063641	-0.874924	3311100.000000
2015-05-21	-0.005016	0.071173	0.075462	0.065674	-0.456100	3406100.000000
2015-05-20	-0.002654	0.074910	0.078530	0.071400	-0.241997	2789800.000000
2015-05-19	-0.001020	0.073156	0.077539	0.069102	-0.093094	3323900.000000
2015-05-18	-0.001731	0.072065	0.075565	0.068346	-0.158241	3328300.000000
2015-05-15	0.002245	0.072498	0.079186	0.071621	0.204788	3809500.000000
2015-05-14	0.016492	0.079153	0.092080	0.078039	1.479942	4018500.000000
2015-05-13	0.002183	0.075143	0.082849	0.074027	0.195466	3739800.000000
2015-05-12	-0.001557	0.070459	0.074696	0.059308	-0.139618	4229900.000000
2015-05-11	-0.002071	0.071246	0.080482	0.069577	-0.186150	3070300.000000
2015-05-08	0.014714	0.082943	0.090847	0.078878	1.303093	5231600.000000
2015-05-07	-0.003456	0.070649	0.076500	0.068398	-0.307152	3157400.000000
2015-05-06	0.000629	0.079991	0.080554	0.069070	0.055832	3376400.000000
2015-05-05	-0.005524	0.075146	0.076825	0.066412	-0.493301	3502800.000000
2015-05-04	0.004081	0.073125	0.082119	0.070989	0.362999	3729400.000000
2015-05-01	0.004626	0.074814	0.080009	0.070296	0.409546	4622300.000000
2015-04-30	0.007841	0.071857	0.085176	0.067304	0.688774	6714400.000000
2015-04-29	-0.000424	0.072086	0.074931	0.061163	-0.037224	4963600.000000
2015-04-28	-0.000741	0.077204	0.077546	0.069018	-0.065140	5065900.000000
2015-04-27	-0.007145	0.074362	0.075491	0.066347	-0.632950	5348500.000000
2015-04-24	-0.005850	0.074137	0.074137	0.060670	-0.521248	5381700.000000
2015-04-23	-0.015933	0.067625	0.076129	0.054151	-1.442718	7827700.000000
2015-04-22	0.005167	0.079579	0.083909	0.073252	0.465416	5293600.000000
2015-04-21	0.002901	0.082155	0.086163	0.074807	0.260612	4184300.000000
2015-04-20	0.007202	0.079408	0.087033	0.079183	0.642228	4468600.000000
2015-04-17	-0.006635	0.067567	0.070686	0.062220	-0.595696	4991600.000000
2015-04-16	-0.001863	0.073250	0.077586	0.069692	-0.167541	3699000.000000
2015-04-15	0.001451	0.077145	0.083381	0.074473	0.130317	3508700.000000
2015-04-14	0.010049	0.075936	0.088645	0.072787	0.893555	4501700.000000
2015-04-13	-0.006965	0.072240	0.075255	0.066321	-0.623634	3772900.000000
2015-04-10	-0.001557	0.073581	0.076257	0.072132	-0.139618	2704900.000000
2015-04-09	0.003332	0.072124	0.081074	0.069999	0.297859	3487000.000000
2015-04-08	-0.001871	0.073133	0.078717	0.068555	-0.167557	3879100.000000
2015-04-07	-0.002798	0.076477	0.078705	0.071132	-0.251305	3376600.000000
2015-04-06	0.008256	0.072565	0.090080	0.072565	0.735314	4861800.000000
2015-04-02	0.006310	0.070859	0.083852	0.070859	0.558487	3586200.000000
2015-04-01	-0.005543	0.069193	0.070542	0.058070	-0.493324	4241200.000000
2015-03-31	-0.009324	0.071023	0.075141	0.064344	-0.837700	4397600.000000
2015-03-30	0.005941	0.078057	0.082536	0.069883	0.530548	5021200.000000
2015-03-27	0.003346	0.070430	0.080316	0.069306	0.297844	4245600.000000
2015-03-26	0.003884	0.074249	0.082482	0.069061	0.344383	5077700.000000
2015-03-25	-0.006259	0.080750	0.080862	0.067301	-0.558457	4965600.000000
2015-03-24	0.000104	0.084001	0.089045	0.073913	0.009308	7118600.000000
2015-03-23	0.005349	0.075827	0.083152	0.074362	0.474701	4739400.000000
2015-03-20	0.013177	0.075503	0.090118	0.074362	1.154160	8810400.000000
2015-03-19	-0.005706	0.071978	0.073681	0.063691	-0.502617	4386400.000000
2015-03-18	0.005418	0.072764	0.084863	0.052790	0.474716	7692100.000000
2015-03-17	-0.013829	0.068621	0.072561	0.058716	-1.228653	4507400.000000
2015-03-16	0.011981	0.077096	0.088144	0.076184	1.051796	4687400.000000
2015-03-13	-0.014523	0.065157	0.073015	0.054493	-1.293800	4703800.000000
2015-03-12	0.022215	0.078148	0.098803	0.076771	1.936035	4455000.000000
2015-03-11	-0.008472	0.074703	0.076637	0.063212	-0.744621	4637300.000000
2015-03-10	-0.016764	0.066979	0.069440	0.056351	-1.498574	5390300.000000
2015-03-09	-0.001352	0.072463	0.078048	0.072128	-0.120994	4810500.000000
2015-03-06	-0.010902	0.071820	0.073478	0.060108	-0.986649	6466100.000000
2015-03-05	-0.001335	0.078113	0.079548	0.072706	-0.121002	3537200.000000
2015-03-04	-0.003939	0.074087	0.075516	0.067492	-0.358337	3884200.000000
2015-03-03	-0.006061	0.079595	0.081015	0.071947	-0.554749	4148100.000000
2015-03-02	0.000202	0.081561	0.085058	0.078829	0.018486	3613600.000000
2015-02-27	-0.000908	0.083199	0.084836	0.080470	-0.083214	6461700.000000
2015-02-26	-0.004322	0.077757	0.080039	0.075909	-0.397583	5722000.000000
2015-02-25	-0.000803	0.082648	0.084168	0.074284	-0.073944	3366100.000000
2015-02-24	0.001307	0.081561	0.087216	0.078190	0.120186	3389900.000000
2015-02-23	0.003937	0.082653	0.086147	0.078067	0.360588	3075700.000000
2015-02-20	0.003444	0.076083	0.085396	0.071811	0.314362	3945500.000000
2015-02-19	-0.006141	0.081235	0.084501	0.072850	-0.563996	4186300.000000
2015-02-18	0.009862	0.080242	0.093987	0.079362	0.896836	3472500.000000
2015-02-17	-0.007767	0.074142	0.076979	0.069232	-0.711922	5877800.000000
2015-02-13	-0.011369	0.080267	0.080267	0.067215	-1.054031	5643000.000000
2015-02-12	-0.001295	0.077791	0.082638	0.070573	-0.120224	9062300.000000
2015-02-11	0.024595	0.104298	0.112135	0.094916	2.228279	9736400.000000
2015-02-10	0.021048	0.090126	0.105566	0.086182	1.867683	6797400.000000
2015-02-09	-0.007652	0.080107	0.083798	0.069035	-0.684212	4217100.000000
2015-02-06	0.001035	0.082345	0.086599	0.078651	0.092476	4629200.000000
2015-02-05	0.000103	0.088615	0.088615	0.079434	0.009232	4466200.000000
2015-02-04	0.004158	0.079650	0.093591	0.079650	0.369842	5064700.000000
2015-02-03	0.009126	0.089389	0.095516	0.084397	0.804383	5090400.000000
2015-02-02	0.016528	0.082484	0.100706	0.079485	1.433128	6889500.000000
2015-01-30	-0.023430	0.071200	0.073677	0.053742	-2.080330	7741500.000000
2015-01-29	0.003239	0.081561	0.090149	0.071957	0.286629	4600300.000000
2015-01-28	-0.010339	0.087041	0.093303	0.069708	-0.924591	6280100.000000
2015-01-27	-0.019962	0.070164	0.074547	0.043862	-1.821457	7365300.000000
2015-01-26	0.001624	0.077829	0.086171	0.072121	0.147942	4298700.000000
2015-01-23	-0.003741	0.075656	0.082545	0.072812	-0.342095	4857700.000000
2015-01-22	0.015400	0.082450	0.099328	0.077564	1.386887	7620400.000000
2015-01-21	-0.001128	0.076126	0.089436	0.071467	-0.101723	5031100.000000
2015-01-20	0.002261	0.093123	0.093123	0.076447	0.203415	7029500.000000
2015-01-16	0.006414	0.081450	0.090064	0.077869	0.573265	4404400.000000
2015-01-15	0.000000	0.086820	0.088834	0.078317	0.000000	4424000.000000
2015-01-14	0.003321	0.071571	0.086613	0.071571	0.295853	5126000.000000
2015-01-13	-0.000726	0.084365	0.093564	0.074831	-0.064721	5371300.000000
2015-01-12	-0.004131	0.083014	0.087370	0.074524	-0.369819	4192700.000000
2015-01-09	-0.006771	0.082338	0.083669	0.071686	-0.610237	4061500.000000
2015-01-08	0.018174	0.092858	0.106075	0.092180	1.608780	7131600.000000
2015-01-07	0.029241	0.106094	0.118884	0.097955	2.514877	6526300.000000
2015-01-06	-0.007575	0.085600	0.091831	0.072445	-0.656448	6195000.000000
2015-01-05	-0.007518	0.081676	0.088547	0.073315	-0.656464	6441000.000000
2015-01-02	-0.001269	0.085793	0.090483	0.075728	-0.110939	3545700.000000
2014-12-31	-0.014590	0.078293	0.081787	0.065556	-1.294434	3727400.000000
2014-12-30	-0.007960	0.075747	0.082120	0.072504	-0.711944	2134400.000000
2014-12-29	-0.003297	0.076769	0.082118	0.070083	-0.295853	2453800.000000
2014-12-26	-0.000412	0.081896	0.086908	0.080225	-0.036980	1492700.000000
2014-12-24	-0.002773	0.083116	0.087449	0.078117	-0.249649	1604100.000000
2014-12-23	0.007659	0.088501	0.091412	0.084248	0.684197	3065800.000000
2014-12-22	0.012364	0.085528	0.095387	0.081901	1.091019	3623000.000000
2014-12-19	0.000839	0.080881	0.091088	0.079860	0.073974	7678700.000000
2014-12-18	0.017499	0.092986	0.101064	0.081792	1.516319	8122800.000000
2014-12-17	0.012205	0.083898	0.099200	0.079692	1.044800	6189200.000000
2014-12-16	-0.016465	0.074668	0.091097	0.063064	-1.433136	6962800.000000
2014-12-15	-0.006333	0.086013	0.092749	0.071515	-0.554748	4555200.000000
2014-12-12	-0.016097	0.074485	0.086953	0.063814	-1.433098	3935900.000000
2014-12-11	0.001143	0.082911	0.090782	0.079650	0.101684	4784700.000000
2014-12-10	-0.009781	0.082675	0.086795	0.069758	-0.878357	3972300.000000
2014-12-09	-0.006648	0.075367	0.081229	0.064195	-0.600982	3459700.000000
2014-12-08	0.000205	0.082778	0.085433	0.078685	0.018493	4233800.000000
2014-12-05	0.000102	0.080123	0.083553	0.075476	0.009247	5308200.000000
2014-12-04	-0.005797	0.078481	0.081121	0.071441	-0.527015	4582600.000000
2014-12-03	-0.014188	0.081182	0.081182	0.064698	-1.308289	4943800.000000
2014-12-02	0.007224	0.092050	0.098495	0.088009	0.661346	3888000.000000
2014-12-01	-0.004296	0.071916	0.089208	0.071154	-0.394973	3658500.000000
2014-11-28	0.007549	0.092719	0.103457	0.090527	0.688926	2504300.000000
2014-11-26	0.004245	0.092186	0.096477	0.089545	0.385788	2685600.000000
2014-11-25	0.002533	0.086789	0.094291	0.086678	0.229638	3640900.000000
2014-11-24	-0.002124	0.088554	0.092627	0.084261	-0.192894	4540700.000000
2014-11-21	0.008464	0.099433	0.100544	0.090663	0.762413	5259800.000000
2014-11-20	-0.003557	0.084239	0.090987	0.082691	-0.321511	3727100.000000
2014-11-19	0.004799	0.088664	0.094222	0.086552	0.431732	3396800.000000
2014-11-18	-0.004877	0.088664	0.089549	0.082470	-0.440918	3908600.000000
2014-11-17	0.007163	0.078972	0.097911	0.078972	0.642991	3745200.000000
2014-11-14	-0.008322	0.088112	0.088775	0.075628	-0.753228	4335400.000000
2014-11-13	0.014203	0.081605	0.108833	0.081605	1.267617	6257900.000000
2014-11-12	0.004757	0.088664	0.096432	0.083260	0.422538	3247500.000000
2014-11-11	-0.002784	0.088552	0.093268	0.084960	-0.247985	3263600.000000
2014-11-10	0.001756	0.084166	0.090801	0.081466	0.156120	3345500.000000
2014-11-07	-0.000103	0.088664	0.088664	0.073933	-0.009171	5273400.000000
2014-11-06	-0.000826	0.089451	0.092147	0.084394	-0.073494	4198500.000000
2014-11-05	0.001654	0.097555	0.101382	0.084612	0.146965	3804100.000000
2014-11-04	0.009392	0.092186	0.100138	0.090482	0.826722	3944500.000000
2014-11-03	-0.003535	0.086061	0.091608	0.082325	-0.312317	4330400.000000
2014-10-31	0.005437	0.097315	0.101070	0.087868	0.477653	5259300.000000
2014-10-30	0.010138	0.085905	0.104875	0.082456	0.881821	3567200.000000
2014-10-29	-0.005984	0.091407	0.091407	0.075065	-0.523575	3274300.000000
2014-10-28	0.006764	0.089470	0.096028	0.084982	0.587860	3368300.000000
2014-10-27	0.000211	0.087283	0.096029	0.085327	0.018372	3135500.000000
2014-10-24	0.008959	0.088664	0.100624	0.086226	0.771583	4005800.000000
2014-10-23	-0.007410	0.094196	0.098576	0.077600	-0.642975	5805000.000000
2014-10-22	0.007788	0.090058	0.103647	0.087619	0.670540	5148200.000000
2014-10-21	0.001924	0.085289	0.093436	0.072605	0.165337	6982200.000000
2014-10-20	0.022292	0.090449	0.114956	0.089616	1.873833	6883100.000000
2014-10-17	0.007931	0.092262	0.103173	0.085787	0.661392	6260100.000000
2014-10-16	-0.010679	0.070870	0.079886	0.065532	-0.900192	7226400.000000
2014-10-15	-0.013332	0.074970	0.083397	0.062328	-1.139016	8580700.000000
2014-10-14	-0.009900	0.094690	0.095386	0.073019	-0.854255	5869000.000000
2014-10-13	-0.007501	0.089354	0.097866	0.079233	-0.652184	5194500.000000
2014-10-10	0.011542	0.089712	0.115773	0.089712	0.992058	8350900.000000
2014-10-09	-0.003939	0.105005	0.115087	0.084260	-0.339874	9094000.000000
2014-10-08	0.009023	0.086910	0.098487	0.084689	0.771598	5715200.000000
2014-10-07	-0.002892	0.087731	0.090646	0.083184	-0.248031	6799900.000000
2014-10-06	-0.001390	0.088664	0.090411	0.080397	-0.119400	3733100.000000
2014-10-03	0.009938	0.093721	0.099836	0.089488	0.845085	4084400.000000
2014-10-02	-0.000756	0.090544	0.091837	0.084904	-0.064308	3513800.000000
2014-10-01	-0.004727	0.083753	0.090185	0.080829	-0.404160	4842800.000000
2014-09-30	-0.000644	0.086327	0.091937	0.085976	-0.055122	4219300.000000
2014-09-29	0.000215	0.081417	0.091704	0.081417	0.018364	2973500.000000
2014-09-26	0.004964	0.086667	0.096418	0.085962	0.422554	3536300.000000
2014-09-25	-0.008877	0.087500	0.087849	0.076788	-0.762413	4372400.000000
2014-09-24	0.006134	0.090773	0.101668	0.090422	0.523582	4227300.000000
2014-09-23	-0.006946	0.088315	0.088664	0.080055	-0.597084	3386300.000000
2014-09-22	-0.002239	0.084369	0.088548	0.082860	-0.192894	3790600.000000
2014-09-19	0.004498	0.094377	0.098458	0.089247	0.385796	6259500.000000
2014-09-18	0.005601	0.090071	0.096286	0.086905	0.477661	4753300.000000
2014-09-17	0.003025	0.089840	0.097367	0.082549	0.257195	4997200.000000
2014-09-16	0.015022	0.087948	0.111225	0.085680	1.258422	5155400.000000
2014-09-15	0.003632	0.091060	0.093936	0.087586	0.303124	3770700.000000
2014-09-12	-0.008511	0.088070	0.090446	0.075954	-0.716469	3587700.000000
2014-09-11	-0.001525	0.087478	0.090562	0.084988	-0.128593	3670600.000000
2014-09-10	0.004047	0.091641	0.094619	0.089974	0.339866	3720500.000000
2014-09-09	-0.004790	0.084398	0.087835	0.082028	-0.404175	3259200.000000
2014-09-08	0.001199	0.085461	0.094597	0.084393	0.101044	3534300.000000
2014-09-05	-0.001089	0.088664	0.088664	0.083212	-0.091850	3148000.000000
2014-09-04	-0.009704	0.091012	0.093359	0.077161	-0.826706	4466800.000000
2014-09-03	0.010074	0.095482	0.099750	0.088487	0.849686	4929600.000000
2014-09-02	-0.000108	0.097971	0.104135	0.095126	-0.009140	5130300.000000
2014-08-29	-0.000972	0.098206	0.100338	0.089679	-0.082093	3657700.000000
2014-08-28	0.003795	0.094765	0.102017	0.091437	0.319222	3234300.000000
2014-08-27	-0.003996	0.097851	0.097851	0.090036	-0.337464	2955100.000000
2014-08-26	-0.006331	0.096665	0.100195	0.089018	-0.538101	3143400.000000
2014-08-25	0.017358	0.108160	0.118574	0.108160	1.450173	5031800.000000
2014-08-22	-0.004889	0.099050	0.102862	0.091070	-0.410447	3865500.000000
2014-08-21	-0.001952	0.100472	0.107842	0.093815	-0.164161	4060300.000000
2014-08-20	0.004028	0.095952	0.103353	0.092372	0.337456	5709300.000000
2014-08-19	-0.003147	0.097263	0.098929	0.092027	-0.264489	3086300.000000
2014-08-18	0.003266	0.100608	0.104428	0.098221	0.273629	2974700.000000
2014-08-15	0.000653	0.100133	0.107897	0.090457	0.054702	3844600.000000
2014-08-14	0.000545	0.097386	0.100493	0.093084	0.045616	3624900.000000
2014-08-13	0.005811	0.100637	0.104364	0.094867	0.483384	3690300.000000
2014-08-12	-0.006319	0.092488	0.097624	0.087232	-0.529000	2776000.000000
2014-08-11	0.016613	0.106266	0.115495	0.101408	1.368065	5231100.000000
2014-08-08	0.004338	0.096430	0.101918	0.091673	0.355721	4739900.000000
2014-08-07	-0.006740	0.099822	0.100549	0.084679	-0.556351	4625600.000000
2014-08-06	0.014686	0.086965	0.115605	0.086965	1.194794	6589900.000000
2014-08-05	-0.005463	0.092640	0.096308	0.086650	-0.446915	7678800.000000
2014-08-04	0.017932	0.099167	0.116464	0.096679	1.441032	6488900.000000
2014-08-01	0.000113	0.091576	0.106759	0.088465	0.009118	3987700.000000
2014-07-31	-0.009110	0.088167	0.096430	0.086071	-0.738755	4825900.000000
2014-07-30	-0.013646	0.100687	0.101417	0.079157	-1.121834	4250200.000000
2014-07-29	-0.009124	0.095707	0.096430	0.086426	-0.756980	4268600.000000
2014-07-28	-0.006335	0.096430	0.099424	0.085531	-0.528992	4653900.000000
2014-07-25	-0.003917	0.097265	0.099293	0.089034	-0.328346	2925000.000000
2014-07-24	0.012002	0.106088	0.114780	0.102949	0.994140	5614700.000000
2014-07-23	0.018504	0.122129	0.144630	0.115981	1.504898	10953700.000000
2014-07-22	-0.008231	0.092771	0.093137	0.085454	-0.674942	5304400.000000
2014-07-21	-0.001998	0.090710	0.097038	0.087789	-0.164154	3024100.000000
2014-07-18	0.001111	0.098136	0.099963	0.092775	0.091210	5273200.000000
2014-07-17	-0.005636	0.092189	0.098489	0.090009	-0.465172	2823800.000000
2014-07-16	0.001771	0.099949	0.102984	0.093032	0.145943	5121600.000000
2014-07-15	-0.008125	0.087161	0.094865	0.085596	-0.674904	3959100.000000
2014-07-14	0.013689	0.100701	0.115222	0.099115	1.121818	4496100.000000
2014-07-11	-0.002775	0.094361	0.097769	0.088520	-0.228004	3655300.000000
2014-07-10	0.003676	0.089835	0.101926	0.088858	0.300979	3145600.000000
2014-07-09	0.000445	0.098507	0.100951	0.095086	0.036454	2603300.000000
2014-07-08	-0.001447	0.098870	0.099114	0.091793	-0.118569	3128700.000000
2014-07-07	-0.001777	0.091436	0.095456	0.089853	-0.145897	2534500.000000
2014-07-03	0.003903	0.099242	0.102177	0.094718	0.319214	2216800.000000
2014-07-02	0.006058	0.098398	0.103319	0.094954	0.492493	2829600.000000
2014-07-01	-0.002351	0.093730	0.095693	0.090171	-0.191536	3541000.000000
2014-06-30	0.006535	0.092724	0.105571	0.091365	0.528999	4473400.000000
2014-06-27	0.001693	0.094327	0.100266	0.093337	0.136811	3646100.000000
2014-06-26	0.000339	0.102743	0.103362	0.089127	0.027359	3539300.000000
2014-06-25	0.006019	0.095558	0.104773	0.094562	0.483383	3965300.000000
2014-06-24	-0.003847	0.094445	0.098663	0.089607	-0.310097	4309700.000000
2014-06-23	-0.007968	0.097661	0.098399	0.079694	-0.647545	4187700.000000
2014-06-20	-0.011099	0.096917	0.098134	0.084261	-0.912048	5697000.000000
2014-06-19	0.013498	0.097170	0.111230	0.096677	1.094452	5380400.000000
2014-06-18	0.018561	0.097183	0.117660	0.094294	1.477508	5314400.000000
2014-06-17	-0.003084	0.097682	0.101690	0.090419	-0.246254	3393100.000000
2014-06-16	0.004129	0.092406	0.103346	0.090394	0.328339	3894500.000000
2014-06-13	-0.000344	0.095550	0.098190	0.091402	-0.027352	3047500.000000
2014-06-12	-0.006380	0.094057	0.095556	0.086063	-0.510749	3856200.000000
2014-06-11	-0.007238	0.093082	0.097422	0.087998	-0.583718	3747600.000000
2014-06-10	0.004773	0.094436	0.105401	0.092318	0.383065	3420600.000000
2014-06-09	0.001024	0.095307	0.101668	0.095307	0.082092	2280100.000000
2014-06-06	0.001709	0.097679	0.100303	0.093556	0.136803	3675400.000000
2014-06-05	0.003774	0.100944	0.102575	0.093796	0.300964	2937800.000000
2014-06-04	-0.001542	0.095866	0.102503	0.093612	-0.123123	3872400.000000
2014-06-03	0.003983	0.099226	0.109282	0.097591	0.316841	5174700.000000
2014-06-02	-0.005208	0.102005	0.105382	0.097503	-0.416420	2876100.000000
2014-05-30	0.006839	0.103120	0.114075	0.100602	0.543167	5181600.000000
2014-05-29	0.007580	0.103617	0.114400	0.102221	0.597504	4647300.000000
2014-05-28	0.006240	0.102333	0.112674	0.102206	0.488830	4030700.000000
2014-05-27	0.008156	0.104374	0.114927	0.102315	0.633690	4400100.000000
2014-05-23	0.002921	0.101792	0.110698	0.101792	0.226334	2750700.000000
2014-05-22	-0.006040	0.104118	0.104631	0.095651	-0.470749	2970600.000000
2014-05-21	0.005254	0.106308	0.111080	0.103084	0.407387	2647100.000000
2014-05-20	-0.005227	0.102835	0.106427	0.095137	-0.407387	4510200.000000
2014-05-19	-0.005084	0.096973	0.100291	0.090718	-0.398323	4201400.000000
2014-05-16	0.009331	0.102699	0.115969	0.102441	0.724228	3672600.000000
2014-05-15	-0.012667	0.104631	0.105395	0.090003	-0.995812	3877100.000000
2014-05-14	-0.004471	0.104758	0.107291	0.098933	-0.353065	2726300.000000
2014-05-13	0.003451	0.104885	0.111112	0.103106	0.271591	2259400.000000
2014-05-12	-0.002753	0.106532	0.111094	0.097788	-0.217278	3218600.000000
2014-05-09	0.005885	0.103484	0.112152	0.101572	0.461701	3330100.000000
2014-05-08	-0.001613	0.104504	0.108322	0.099795	-0.126732	3507900.000000
2014-05-07	0.016750	0.103855	0.127275	0.103855	1.294540	5500600.000000
2014-05-06	-0.006286	0.099231	0.105531	0.097045	-0.488853	3141100.000000
2014-05-05	0.004561	0.100111	0.111865	0.099723	0.353073	2989800.000000
2014-05-02	-0.000584	0.101791	0.108375	0.098564	-0.045273	3438000.000000
2014-05-01	-0.003726	0.106046	0.107718	0.092542	-0.289688	3848700.000000
2014-04-30	0.001516	0.104245	0.108624	0.100381	0.117691	4387500.000000
2014-04-29	-0.012209	0.106031	0.106158	0.091145	-0.959595	4869100.000000
2014-04-28	0.018416	0.108389	0.127307	0.107223	1.421288	5978500.000000
2014-04-25	-0.003157	0.103856	0.108119	0.099336	-0.244423	3749300.000000
2014-04-24	0.001288	0.104243	0.107994	0.099329	0.099579	3749700.000000
2014-04-23	0.003171	0.106318	0.111897	0.103593	0.244423	4805300.000000
2014-04-22	-0.008963	0.103603	0.103603	0.094731	-0.697075	4483300.000000
2014-04-21	0.004208	0.100241	0.109796	0.097659	0.325912	4889800.000000
2014-04-17	0.009201	0.119356	0.119878	0.100983	0.706116	11168400.000000
2014-04-16	0.009648	0.110684	0.118051	0.110026	0.733284	5578400.000000
2014-04-15	0.004907	0.110184	0.111110	0.104499	0.371155	5673800.000000
2014-04-14	0.004811	0.110211	0.114728	0.103303	0.362106	4617800.000000
2014-04-11	-0.005621	0.083099	0.112557	0.083099	-0.425491	6703700.000000
2014-04-10	-0.003456	0.103841	0.116611	0.100550	-0.262520	7665500.000000
2014-04-09	0.005271	0.104631	0.111645	0.102117	0.398323	4926400.000000
2014-04-08	-0.005244	0.104895	0.105816	0.094626	-0.398323	6552700.000000
2014-04-07	0.015983	0.101689	0.126566	0.100753	1.194977	8976500.000000
2014-04-04	-0.003860	0.108095	0.108229	0.100235	-0.289688	4404100.000000
2014-04-03	0.002175	0.107168	0.109571	0.102895	0.162925	3362700.000000
2014-04-02	-0.001810	0.103832	0.105564	0.098767	-0.135780	4919200.000000
2014-04-01	-0.007425	0.098943	0.101589	0.094445	-0.561256	4676800.000000
2014-03-31	0.006630	0.115152	0.115951	0.107561	0.497902	6620900.000000
2014-03-28	0.004967	0.106772	0.113598	0.106772	0.371147	4078100.000000
2014-03-27	-0.003982	0.104365	0.109163	0.099699	-0.298737	4352000.000000
2014-03-26	0.005704	0.106910	0.122595	0.105838	0.425484	6388200.000000
2014-03-25	0.006228	0.104766	0.112860	0.104766	0.461700	4170500.000000
2014-03-24	-0.003044	0.107186	0.110414	0.096428	-0.226333	5253600.000000
2014-03-21	0.003421	0.109489	0.114212	0.099774	0.253494	9206700.000000
2014-03-20	0.006022	0.104496	0.111962	0.103002	0.443581	3241100.000000
2014-03-19	-0.007077	0.105036	0.105171	0.094387	-0.525063	5106000.000000
2014-03-18	-0.001219	0.104227	0.106920	0.098438	-0.090538	3488300.000000
2014-03-17	0.012963	0.111041	0.120178	0.108586	0.950546	7762000.000000
2014-03-14	-0.009780	0.103686	0.109898	0.091938	-0.724220	7763000.000000
2014-03-13	-0.004260	0.105438	0.112161	0.097639	-0.316841	6119000.000000
2014-03-12	-0.007970	0.096494	0.101163	0.091959	-0.597496	5674500.000000
2014-03-11	0.013214	0.106118	0.121526	0.105442	0.977707	5837300.000000
2014-03-10	0.002084	0.104496	0.108288	0.099891	0.153908	4313500.000000
2014-03-07	0.002828	0.107076	0.108706	0.100557	0.208206	4032200.000000
2014-03-06	0.002712	0.105448	0.109125	0.102588	0.199150	5874500.000000
2014-03-05	0.010314	0.106117	0.120977	0.105017	0.749580	6398300.000000
2014-03-04	0.016725	0.116504	0.132172	0.116364	1.195564	7518000.000000
2014-03-03	-0.006869	0.099943	0.107445	0.098970	-0.494400	5767200.000000
2014-02-28	0.012647	0.112728	0.131159	0.109351	0.898911	9870600.000000
2014-02-27	0.005340	0.112447	0.123904	0.108911	0.377556	7809200.000000
2014-02-26	-0.007321	0.116238	0.121573	0.103180	-0.521385	6586200.000000
2014-02-25	0.004437	0.114421	0.124716	0.113152	0.314628	7509200.000000
2014-02-24	0.008438	0.113727	0.131931	0.113727	0.593292	7747000.000000
2014-02-21	0.002692	0.112447	0.125281	0.110878	0.188775	7488400.000000
2014-02-20	0.011803	0.117208	0.137985	0.116342	0.818000	9580300.000000
2014-02-19	-0.013814	0.110454	0.116004	0.095798	-0.970832	10353400.000000
2014-02-18	0.001153	0.120139	0.120139	0.108030	0.080909	9800200.000000
2014-02-14	-0.020078	0.113424	0.114262	0.089692	-1.438263	13206500.000000
2014-02-13	-0.022089	0.102618	0.103983	0.069718	-1.618072	11197000.000000
2014-02-12	0.002954	0.115596	0.120662	0.108750	0.215744	4471200.000000
2014-02-11	0.008065	0.110791	0.122522	0.108720	0.584312	5068100.000000
2014-02-10	0.004737	0.111754	0.119381	0.111615	0.341599	4742000.000000
2014-02-07	0.010455	0.116510	0.124638	0.110625	0.746094	4553800.000000
2014-02-06	-0.000378	0.123232	0.123372	0.104463	-0.026970	6113800.000000
2014-02-05	0.007612	0.108918	0.123738	0.107083	0.539344	4829600.000000
2014-02-04	0.003182	0.118110	0.120942	0.108341	0.224732	5431700.000000
2014-02-03	-0.022275	0.112308	0.114523	0.086975	-1.609062	7073500.000000
2014-01-31	-0.008880	0.100373	0.108879	0.096257	-0.647225	6728600.000000
2014-01-30	0.010721	0.117994	0.128256	0.117023	0.773087	4589100.000000
2014-01-29	-0.025511	0.106365	0.106365	0.082446	-1.887757	7539700.000000
2014-01-28	0.003168	0.116920	0.120716	0.107702	0.233712	3867800.000000
2014-01-27	0.007737	0.112447	0.130753	0.112310	0.566337	5811000.000000
2014-01-24	-0.012131	0.107588	0.115146	0.098951	-0.898910	5906200.000000
2014-01-23	-0.005070	0.112447	0.112447	0.099288	-0.377556	5429100.000000
2014-01-22	-0.000844	0.111239	0.113520	0.106410	-0.062920	3920400.000000
2014-01-21	0.008759	0.112582	0.124221	0.111770	0.647232	4790700.000000
2014-01-17	-0.007966	0.113521	0.114058	0.101437	-0.593315	6259600.000000
2014-01-16	-0.000362	0.109628	0.116204	0.104528	-0.026954	3724700.000000
2014-01-15	0.006313	0.113932	0.123656	0.111231	0.467437	4189100.000000
2014-01-14	0.000000	0.115958	0.119064	0.110961	0.000000	4389200.000000
2014-01-13	-0.013533	0.106585	0.113380	0.096726	-1.015762	4487100.000000
2014-01-10	0.007845	0.117146	0.123054	0.111104	0.584282	3712000.000000
2014-01-09	-0.004685	0.113783	0.114451	0.100820	-0.350586	4565900.000000
2014-01-08	-0.002875	0.110448	0.114312	0.103518	-0.215729	5653300.000000
2014-01-07	0.014584	0.117044	0.135566	0.116908	1.078705	6332400.000000
2014-01-06	0.000486	0.111906	0.117452	0.110283	0.035957	3888400.000000
2014-01-03	0.001705	0.112718	0.122880	0.112718	0.125840	3287200.000000
2014-01-02	-0.010128	0.112313	0.113118	0.097425	-0.755074	3275900.000000
2013-12-31	0.000361	0.113386	0.118082	0.107482	0.026939	3009500.000000
2013-12-30	0.002418	0.112447	0.117558	0.112043	0.179795	2006900.000000
2013-12-27	0.003153	0.116359	0.121352	0.112582	0.233719	2361300.000000
2013-12-26	0.004998	0.113803	0.118006	0.112040	0.368553	1799000.000000
2013-12-24	0.002199	0.115165	0.117203	0.111631	0.161812	1115400.000000
2013-12-23	0.000611	0.119654	0.120198	0.107551	0.044952	3718700.000000
2013-12-20	0.001837	0.110948	0.118441	0.109858	0.134834	7496100.000000
2013-12-19	0.002948	0.110534	0.117502	0.106982	0.215744	4075700.000000
2013-12-18	0.011931	0.114106	0.128347	0.105534	0.862953	7416900.000000
2013-12-17	-0.006667	0.113133	0.115880	0.103519	-0.485427	8210200.000000
2013-12-16	0.000865	0.114234	0.117533	0.107911	0.062942	4245600.000000
2013-12-13	-0.004306	0.115868	0.120111	0.106561	-0.314621	3798300.000000
2013-12-12	-0.016814	0.110966	0.112178	0.089571	-1.249504	6327400.000000
2013-12-11	0.003277	0.111367	0.121492	0.111367	0.242714	6606300.000000
2013-12-10	-0.003507	0.109218	0.114061	0.104644	-0.260681	4888900.000000
2013-12-09	-0.005532	0.109370	0.113116	0.101877	-0.413513	5371700.000000
2013-12-06	0.015263	0.120868	0.130784	0.117065	1.123665	4841200.000000
2013-12-05	-0.009075	0.109216	0.111639	0.102217	-0.674225	5321600.000000
2013-12-04	-0.006992	0.109613	0.109613	0.097450	-0.523163	6819800.000000
2013-12-03	0.001195	0.117764	0.123518	0.115087	0.089302	5767500.000000
2013-12-02	-0.008998	0.119641	0.120834	0.107838	-0.678543	4495900.000000
2013-11-29	0.000474	0.122692	0.126141	0.117119	0.035698	2698100.000000
2013-11-27	0.000356	0.121631	0.122826	0.115791	0.026794	3611600.000000
2013-11-26	-0.011480	0.120432	0.125024	0.107050	-0.874977	4633800.000000
2013-11-25	-0.004315	0.120953	0.125003	0.113507	-0.330322	2536200.000000
2013-11-22	0.001401	0.119253	0.122393	0.113367	0.107109	3380100.000000
2013-11-21	0.005756	0.128722	0.130432	0.121223	0.437500	3137000.000000
2013-11-20	-0.001876	0.122533	0.130544	0.115967	-0.142868	4471100.000000
2013-11-19	-0.006639	0.116777	0.119386	0.107907	-0.508896	4026200.000000
2013-11-18	-0.001976	0.119908	0.121991	0.111836	-0.151802	4157500.000000
2013-11-15	-0.004167	0.119261	0.122502	0.109278	-0.321396	3324000.000000
2013-11-14	0.005119	0.120429	0.128900	0.119126	0.392838	2897300.000000
2013-11-13	0.003620	0.117815	0.124878	0.114153	0.276786	3228400.000000
2013-11-12	0.002224	0.119514	0.123053	0.114533	0.169640	4561000.000000
2013-11-11	-0.004660	0.118734	0.123561	0.112341	-0.357147	4309200.000000
2013-11-08	0.006448	0.119907	0.127654	0.107170	0.491050	5208100.000000
2013-11-07	-0.015921	0.118617	0.120038	0.099493	-1.232101	5870000.000000
2013-11-06	0.024344	0.124406	0.147967	0.120700	1.839233	6017100.000000
2013-11-05	0.002963	0.115923	0.127207	0.112870	0.223206	3207600.000000
2013-11-04	-0.002247	0.120833	0.125734	0.114475	-0.169640	3572800.000000
2013-11-01	0.005589	0.120838	0.128030	0.116708	0.419625	4170000.000000
2013-10-31	-0.007436	0.119113	0.122418	0.111709	-0.562477	4572200.000000
2013-10-30	-0.009007	0.119776	0.120038	0.108509	-0.687470	3556100.000000
2013-10-29	0.010401	0.121892	0.131820	0.118582	0.785690	4349400.000000
2013-10-28	0.015117	0.120173	0.138314	0.118426	1.124962	5402000.000000
2013-10-25	0.009813	0.120174	0.131301	0.118682	0.723191	4065100.000000
2013-10-24	-0.009480	0.121114	0.121114	0.109420	-0.705338	5510800.000000
2013-10-23	-0.001318	0.117756	0.120038	0.111313	-0.098221	4665200.000000
2013-10-22	0.012990	0.121126	0.138531	0.119087	0.955330	5125900.000000
2013-10-21	-0.007710	0.119499	0.119499	0.108974	-0.571403	3997400.000000
2013-10-18	0.005207	0.120988	0.125871	0.115291	0.383918	6371200.000000
2013-10-17	0.003768	0.117043	0.124803	0.111325	0.276757	4469200.000000
2013-10-16	0.020720	0.139493	0.145052	0.130877	1.491027	7383200.000000
2013-10-15	-0.006043	0.121143	0.126116	0.110508	-0.437484	5427700.000000
2013-10-14	0.003217	0.114773	0.124057	0.113249	0.232155	3642800.000000
2013-10-11	0.001735	0.120594	0.125591	0.116707	0.124977	4111000.000000
2013-10-10	0.014969	0.126519	0.136804	0.124406	1.062469	4663300.000000
2013-10-09	0.007222	0.122593	0.137918	0.119187	0.508911	5298600.000000
2013-10-08	-0.001645	0.123297	0.124146	0.117205	-0.116089	5526500.000000
2013-10-07	-0.007033	0.114834	0.119616	0.110754	-0.499961	4867100.000000
2013-10-04	0.002266	0.122012	0.126947	0.115668	0.160705	2841500.000000
2013-10-03	-0.001508	0.120179	0.124966	0.116238	-0.107124	3987600.000000
2013-10-02	-0.003258	0.115969	0.116671	0.103901	-0.232155	5448300.000000
2013-10-01	0.004025	0.118348	0.124547	0.113276	0.285713	4135500.000000
2013-09-30	-0.008728	0.115290	0.116128	0.106771	-0.624977	5231400.000000
2013-09-27	-0.004222	0.117535	0.121985	0.111138	-0.303566	3429200.000000
2013-09-26	0.004114	0.121016	0.125065	0.115012	0.294640	3941600.000000
2013-09-25	-0.004097	0.121985	0.128661	0.113641	-0.294640	5174300.000000
2013-09-24	-0.005925	0.119209	0.122941	0.112297	-0.428566	5686200.000000
2013-09-23	-0.008808	0.117572	0.117846	0.109214	-0.642807	5384600.000000
2013-09-20	-0.000978	0.122502	0.122502	0.115384	-0.071464	5330500.000000
2013-09-19	-0.012789	0.120039	0.120849	0.099227	-0.946366	5351700.000000
2013-09-18	0.014940	0.120450	0.137457	0.114415	1.089218	4916800.000000
2013-09-17	0.007899	0.119900	0.131374	0.119347	0.571419	4139300.000000
2013-09-16	0.008715	0.126593	0.132589	0.124083	0.625000	4083900.000000
2013-09-13	0.005634	0.123264	0.127471	0.120459	0.401764	3416100.000000
2013-09-12	0.000250	0.121722	0.122844	0.115971	0.017853	3322300.000000
2013-09-11	0.005288	0.120602	0.126666	0.115949	0.374985	4437900.000000
2013-09-10	0.000630	0.125400	0.125965	0.115100	0.044647	4682500.000000
2013-09-09	0.001514	0.119897	0.123147	0.113396	0.107116	3757100.000000
2013-09-06	0.002403	0.120605	0.128679	0.109415	0.169655	4443600.000000
2013-09-05	-0.005784	0.120038	0.122573	0.109758	-0.410698	4025500.000000
2013-09-04	-0.001281	0.121136	0.121136	0.111149	-0.091064	5335000.000000
2013-09-03	0.005895	0.138638	0.143024	0.132413	0.416634	5966600.000000
2013-08-30	0.005043	0.129307	0.135279	0.126606	0.354621	4362700.000000
2013-08-29	-0.000504	0.126322	0.133286	0.123479	-0.035476	5617000.000000
2013-08-28	0.003921	0.126601	0.136874	0.126315	0.274826	5057400.000000
2013-08-27	-0.007906	0.120950	0.123781	0.112740	-0.558502	5179700.000000
2013-08-26	-0.002004	0.129723	0.131559	0.125485	-0.141831	4079000.000000
2013-08-23	0.007571	0.131870	0.138418	0.128312	0.531899	3026900.000000
2013-08-22	0.002149	0.126743	0.136728	0.122749	0.150680	3821500.000000
2013-08-21	-0.015070	0.124796	0.126201	0.110044	-1.072655	5453900.000000
2013-08-20	-0.007295	0.129143	0.129143	0.119380	-0.523033	3452900.000000
2013-08-19	0.008730	0.127042	0.140267	0.122963	0.620552	4945100.000000
2013-08-16	-0.009022	0.123706	0.125797	0.114504	-0.647132	6032400.000000
2013-08-15	-0.022236	0.121075	0.121620	0.101854	-1.631180	5350200.000000
2013-08-14	-0.007675	0.127351	0.130056	0.119099	-0.567375	3080600.000000
2013-08-13	-0.005011	0.129373	0.131931	0.120625	-0.372315	2953000.000000
2013-08-12	-0.006284	0.122544	0.123881	0.117194	-0.469833	2868600.000000
2013-08-09	-0.004015	0.128027	0.129226	0.121367	-0.301415	3753900.000000
2013-08-08	-0.000944	0.130955	0.132419	0.123769	-0.070930	2707900.000000
2013-08-07	-0.003410	0.126436	0.127231	0.118876	-0.257096	3832600.000000
2013-08-06	0.006747	0.127493	0.140712	0.123220	0.505318	3837800.000000
2013-08-05	0.002254	0.128696	0.132711	0.121068	0.168434	3590200.000000
2013-08-02	0.001069	0.125348	0.129903	0.117310	0.079796	4442800.000000
2013-08-01	0.007900	0.134779	0.139640	0.132483	0.585075	5790900.000000
2013-07-31	-0.018447	0.130413	0.135317	0.105761	-1.391815	8016500.000000
2013-07-30	-0.001642	0.132262	0.137819	0.126175	-0.124099	4354700.000000
2013-07-29	-0.000703	0.127367	0.131862	0.123400	-0.053170	3406300.000000
2013-07-26	-0.002806	0.118797	0.125258	0.112337	-0.212776	4189800.000000
2013-07-25	-0.001051	0.128027	0.130135	0.123286	-0.079780	5084900.000000
2013-07-24	-0.006497	0.134570	0.134570	0.120699	-0.496445	5939800.000000
2013-07-23	-0.002315	0.127636	0.128419	0.122413	-0.177307	6321200.000000
2013-07-22	-0.000116	0.125155	0.134946	0.123067	-0.008866	4780500.000000
2013-07-19	-0.004493	0.122049	0.128547	0.115941	-0.345749	6146200.000000
2013-07-18	0.018301	0.129218	0.152112	0.128821	1.382950	9202600.000000
2013-07-17	0.014521	0.128430	0.148032	0.126819	1.081558	7280100.000000
2013-07-16	-0.008263	0.117509	0.122435	0.109253	-0.620574	4480500.000000
2013-07-15	0.004744	0.129499	0.136054	0.128161	0.354621	4215000.000000
2013-07-12	-0.002720	0.121357	0.127627	0.118555	-0.203910	4349300.000000
2013-07-11	0.018797	0.136998	0.150319	0.136998	1.382949	4746500.000000
2013-07-10	0.002658	0.128027	0.136886	0.126664	0.195023	5654100.000000
2013-07-09	0.012106	0.133958	0.143062	0.130510	0.877640	3834500.000000
2013-07-08	0.012129	0.135287	0.142546	0.131796	0.868759	3749900.000000
2013-07-05	0.000867	0.133197	0.135712	0.121879	0.062073	3343200.000000
2013-07-03	-0.011631	0.124713	0.124713	0.109245	-0.842194	3862500.000000
2013-07-02	-0.004388	0.126652	0.130640	0.118127	-0.319130	5056000.000000
2013-07-01	0.003057	0.130372	0.137820	0.127614	0.221642	3804900.000000
2013-06-28	0.000612	0.131202	0.135342	0.126096	0.044334	5996000.000000
2013-06-27	0.005412	0.134549	0.145232	0.131080	0.390045	4464300.000000
2013-06-26	0.015742	0.136201	0.149590	0.136201	1.116989	4519100.000000
2013-06-25	-0.001123	0.132110	0.133940	0.121552	-0.079765	5929200.000000
2013-06-24	0.000000	0.107615	0.136756	0.100858	0.000000	6787400.000000
2013-06-21	0.015460	0.137319	0.149613	0.132459	1.081520	9417000.000000
2013-06-20	-0.024478	0.122310	0.127888	0.098463	-1.755287	7031200.000000
2013-06-19	-0.020346	0.123792	0.129393	0.105076	-1.489319	5487200.000000
2013-06-18	0.000242	0.125568	0.129940	0.120512	0.017716	3355200.000000
2013-06-17	0.005114	0.134345	0.139015	0.127478	0.372345	4655200.000000
2013-06-14	0.001830	0.128303	0.142062	0.128165	0.132972	4034300.000000
2013-06-13	-0.001583	0.127340	0.129813	0.116213	-0.115242	5410700.000000
2013-06-12	-0.005089	0.131854	0.137048	0.121330	-0.372337	4277900.000000
2013-06-11	-0.003862	0.121628	0.127483	0.114004	-0.283669	6505000.000000
2013-06-10	0.004120	0.129257	0.135546	0.122559	0.301384	5036600.000000
2013-06-07	0.010409	0.132448	0.139769	0.125679	0.753533	6448200.000000
2013-06-06	0.005665	0.127888	0.134418	0.121220	0.407806	6031600.000000
2013-06-05	0.001703	0.125634	0.134540	0.123268	0.122345	6998200.000000
2013-06-04	0.002825	0.139420	0.145142	0.130628	0.202469	4543000.000000
2013-06-03	0.007800	0.134525	0.146057	0.121305	0.554611	5758100.000000
2013-05-31	-0.005541	0.133134	0.141386	0.128938	-0.396156	7813300.000000
2013-05-30	0.001233	0.136212	0.141113	0.130050	0.088051	4959800.000000
2013-05-29	-0.015892	0.133175	0.133175	0.115123	-1.153244	4346000.000000
2013-05-28	-0.001816	0.142947	0.148312	0.130292	-0.132042	4052500.000000
2013-05-24	0.005602	0.131644	0.145061	0.128047	0.404953	3579600.000000
2013-05-23	-0.010245	0.126758	0.132645	0.115943	-0.748314	4687000.000000
2013-05-22	0.004115	0.135382	0.158477	0.135244	0.299354	5239900.000000
2013-05-21	0.000484	0.136482	0.140608	0.129467	0.035195	3982600.000000
2013-05-20	-0.014439	0.135796	0.136474	0.117903	-1.065216	3958200.000000
2013-05-17	0.000717	0.138238	0.140001	0.127386	0.052841	4505200.000000
2013-05-16	-0.006054	0.133100	0.143077	0.128111	-0.448982	4496300.000000
2013-05-15	0.008982	0.134299	0.148855	0.132394	0.660232	4087900.000000
2013-05-14	0.005661	0.136342	0.142635	0.134427	0.413788	4538500.000000
2013-05-13	0.000361	0.132099	0.140722	0.129362	0.026398	3010600.000000
2013-05-10	0.001810	0.137714	0.141416	0.132230	0.132049	3161800.000000
2013-05-09	-0.004805	0.137296	0.140434	0.127062	-0.352127	3711900.000000
2013-05-08	-0.001080	0.135386	0.140157	0.128707	-0.079239	4110700.000000
2013-05-07	0.010182	0.137171	0.147497	0.134142	0.739487	3706700.000000
2013-05-06	-0.003984	0.134149	0.134149	0.127566	-0.290520	3032100.000000
2013-05-03	0.003270	0.141435	0.145425	0.134556	0.237694	4777200.000000
2013-05-02	0.004257	0.134964	0.145880	0.134135	0.308121	2727000.000000
2013-05-01	-0.003153	0.134416	0.141028	0.130560	-0.228882	3532100.000000
2013-04-30	-0.002178	0.132633	0.135794	0.127273	-0.158470	4116100.000000
2013-04-29	0.001697	0.135931	0.141576	0.134692	0.123238	2849600.000000
2013-04-26	-0.003743	0.134422	0.138263	0.128799	-0.272912	3076000.000000
2013-04-25	0.005830	0.136897	0.146278	0.133724	0.422593	5602800.000000
2013-04-24	-0.020927	0.135391	0.138498	0.110539	-1.549385	6398300.000000
2013-04-23	0.008635	0.139882	0.148737	0.137566	0.633812	6670800.000000
2013-04-22	0.007370	0.129344	0.147734	0.126050	0.537010	6664800.000000
2013-04-19	0.018708	0.146557	0.164172	0.144600	1.338119	8368300.000000
2013-04-18	0.030438	0.155524	0.202200	0.154083	2.112808	18895600.000000
2013-04-17	-0.014375	0.132239	0.138061	0.118466	-1.012413	7532300.000000
2013-04-16	0.013685	0.140394	0.151908	0.138379	0.950798	5148600.000000
2013-04-15	-0.013377	0.129399	0.136357	0.120594	-0.941978	5356600.000000
2013-04-12	0.000375	0.121299	0.137068	0.118600	0.026413	5540000.000000
2013-04-11	-0.001249	0.135506	0.141891	0.132243	-0.088020	5389900.000000
2013-04-10	0.010731	0.139086	0.148695	0.136648	0.748268	3540200.000000
2013-04-09	-0.003648	0.137360	0.139075	0.130931	-0.255295	3921900.000000
2013-04-08	0.011579	0.135643	0.149229	0.131017	0.801125	3726400.000000
2013-04-05	-0.011820	0.127647	0.129504	0.119792	-0.827523	4244000.000000
2013-04-04	0.007219	0.126437	0.144707	0.126437	0.501778	5299000.000000
2013-04-03	-0.009782	0.137783	0.137926	0.122541	-0.686668	3895400.000000
2013-04-02	0.008091	0.139522	0.147133	0.138373	0.563438	4034100.000000
2013-04-01	-0.000127	0.130906	0.137655	0.130906	-0.008812	3639000.000000
2013-03-28	0.010474	0.138978	0.148119	0.132739	0.721863	5338100.000000
2013-03-27	-0.007982	0.129886	0.132046	0.121394	-0.554589	3601600.000000
2013-03-26	0.014005	0.136953	0.152132	0.135348	0.959549	5183700.000000
2013-03-25	-0.010300	0.135498	0.135931	0.120909	-0.713073	6873800.000000
2013-03-22	0.032699	0.144732	0.182472	0.143539	2.192032	14228500.000000
2013-03-21	-0.002227	0.135485	0.142332	0.131169	-0.149651	3998200.000000
2013-03-20	-0.004565	0.140080	0.141858	0.127042	-0.308121	7579800.000000
2013-03-19	-0.000131	0.137413	0.139931	0.133265	-0.008812	5040200.000000
2013-03-18	-0.004673	0.130329	0.135194	0.129444	-0.316910	4176900.000000
2013-03-15	-0.001943	0.130928	0.135343	0.128720	-0.132057	6650900.000000
2013-03-14	0.003119	0.137555	0.139917	0.134603	0.211281	4149900.000000
2013-03-13	0.000780	0.135931	0.139034	0.132386	0.052818	3544000.000000
2013-03-12	0.000521	0.135636	0.140809	0.133566	0.035218	4608300.000000
2013-03-11	-0.004534	0.134754	0.138727	0.129899	-0.308113	4023100.000000
2013-03-08	0.000778	0.136226	0.139907	0.128716	0.052810	4297000.000000
2013-03-07	0.004427	0.135340	0.141404	0.134009	0.299324	4461600.000000
2013-03-06	-0.001300	0.137409	0.138738	0.131796	-0.088028	3940800.000000
2013-03-05	0.003916	0.139491	0.142901	0.134300	0.264099	7424800.000000
2013-03-04	0.008824	0.133688	0.146254	0.130097	0.589837	5558800.000000
2013-03-01	0.002111	0.132633	0.138630	0.129935	0.140838	4282100.000000
2013-02-28	0.003842	0.135329	0.143005	0.135329	0.255287	6007400.000000
2013-02-27	0.005288	0.136189	0.143602	0.127565	0.349495	4655800.000000
2013-02-26	0.005719	0.147251	0.152881	0.141165	0.375870	6176900.000000
2013-02-25	-0.005029	0.145721	0.155561	0.136789	-0.332161	7600400.000000
2013-02-22	0.002787	0.144967	0.147396	0.140716	0.183571	4971300.000000
2013-02-21	-0.000796	0.141780	0.144359	0.133437	-0.052452	5645200.000000
2013-02-20	-0.001060	0.140874	0.149511	0.140874	-0.069931	7637900.000000
2013-02-19	0.024701	0.145142	0.173713	0.140950	1.590813	10825700.000000
2013-02-15	0.019369	0.147380	0.166848	0.147063	1.223732	9345800.000000
2013-02-14	0.010909	0.153977	0.171257	0.144056	0.681800	8160800.000000
2013-02-13	-0.009284	0.145166	0.147226	0.125192	-0.585636	12029800.000000
2013-02-12	-0.002626	0.145004	0.145478	0.139312	-0.166103	6398000.000000
2013-02-11	-0.003306	0.142480	0.144686	0.137752	-0.209774	3744000.000000
2013-02-08	-0.002884	0.143270	0.144998	0.138713	-0.183560	3721400.000000
2013-02-07	0.000550	0.144842	0.148143	0.139182	0.034974	4146400.000000
2013-02-06	-0.005195	0.140302	0.143587	0.137643	-0.332150	4782800.000000
2013-02-05	0.009662	0.146898	0.155268	0.146898	0.611862	5558500.000000
2013-02-04	-0.003027	0.141065	0.144056	0.139805	-0.192295	5449500.000000
2013-02-01	-0.002471	0.147668	0.148139	0.139658	-0.157348	5964900.000000
2013-01-31	-0.004917	0.146400	0.146556	0.135773	-0.314667	5677900.000000
2013-01-30	0.003702	0.142958	0.152212	0.142487	0.236011	5179600.000000
2013-01-29	0.004545	0.141692	0.149413	0.141692	0.288433	6654600.000000
2013-01-28	0.001656	0.142794	0.146897	0.141058	0.104920	3741000.000000
2013-01-25	0.003599	0.146748	0.149124	0.144055	0.227222	4153600.000000
2013-01-24	0.005849	0.145649	0.153137	0.145649	0.367142	5136300.000000
2013-01-23	-0.005402	0.142154	0.145482	0.136767	-0.340904	4812000.000000
2013-01-22	-0.003863	0.142635	0.143582	0.136795	-0.244740	7042200.000000
2013-01-18	0.000690	0.140739	0.145793	0.139317	0.043698	7741200.000000
2013-01-17	0.013290	0.146616	0.159901	0.141175	0.830371	7495700.000000
2013-01-16	-0.001676	0.139742	0.147252	0.138623	-0.104862	5001000.000000
2013-01-15	0.004348	0.142130	0.151277	0.137316	0.270951	5546100.000000
2013-01-14	0.005785	0.144217	0.152772	0.142280	0.358379	5631800.000000
2013-01-11	0.000989	0.142602	0.145348	0.140017	0.061191	4668900.000000
2013-01-10	0.011427	0.146997	0.158926	0.146507	0.699257	6923200.000000
2013-01-09	0.005024	0.148818	0.150297	0.142578	0.305928	6280900.000000
2013-01-08	0.003024	0.140761	0.148174	0.140761	0.183563	5072500.000000
2013-01-07	-0.000144	0.145209	0.147844	0.139115	-0.008736	5658400.000000
2013-01-04	0.001442	0.142901	0.148509	0.139767	0.087403	4512300.000000
2013-01-03	0.000433	0.143231	0.146531	0.139436	0.026229	5200100.000000
2013-01-02	0.013152	0.156595	0.161610	0.147567	0.786660	8055900.000000
2012-12-31	0.006028	0.140019	0.151288	0.133460	0.358383	5899600.000000
2012-12-28	-0.009466	0.138558	0.144389	0.133060	-0.568154	3764500.000000
2012-12-27	-0.002469	0.142560	0.145552	0.133087	-0.148593	4748100.000000
2012-12-26	-0.008498	0.143727	0.144056	0.130050	-0.515702	3731400.000000
2012-12-24	-0.002872	0.139127	0.143563	0.133869	-0.174820	2071300.000000
2012-12-21	-0.006847	0.141934	0.143729	0.129696	-0.419582	8748000.000000
2012-12-20	0.003292	0.146512	0.150113	0.140618	0.201057	6478200.000000
2012-12-19	-0.009216	0.144380	0.146002	0.133025	-0.568164	6275900.000000
2012-12-18	0.002274	0.142430	0.150559	0.138040	0.139850	5549700.000000
2012-12-17	0.002993	0.145686	0.150905	0.143077	0.183567	5934100.000000
2012-12-14	-0.000712	0.142263	0.147967	0.140797	-0.043701	5068300.000000
2012-12-13	-0.000427	0.145359	0.147639	0.141775	-0.026230	4325200.000000
2012-12-12	-0.002556	0.145356	0.149417	0.139832	-0.157329	4483400.000000
2012-12-11	0.002991	0.144056	0.155136	0.142100	0.183559	5840800.000000
2012-12-10	-0.000712	0.140148	0.145196	0.139822	-0.043713	4124000.000000
2012-12-07	0.003428	0.144709	0.148140	0.141278	0.209778	3891300.000000
2012-12-06	0.004447	0.145697	0.149143	0.144712	0.270970	4086200.000000
2012-12-05	0.005583	0.146977	0.156714	0.143676	0.338276	4841900.000000
2012-12-04	-0.000143	0.152423	0.155393	0.149288	-0.008679	3644900.000000
2012-12-03	-0.004843	0.154724	0.156202	0.146186	-0.294899	4769200.000000
2012-11-30	-0.001422	0.152918	0.153574	0.143572	-0.086731	6664600.000000
2012-11-29	-0.000569	0.153573	0.157671	0.149968	-0.034706	4284700.000000
2012-11-28	0.003423	0.149629	0.160811	0.147984	0.208153	4434100.000000
2012-11-27	0.001572	0.151600	0.159835	0.147812	0.095424	4794900.000000
2012-11-26	-0.002707	0.146347	0.150618	0.143226	-0.164821	3855800.000000
2012-11-23	0.012697	0.156079	0.170384	0.156079	0.763313	3427900.000000
2012-11-21	0.005804	0.154089	0.161116	0.149070	0.346932	4106000.000000
2012-11-20	0.001890	0.149900	0.155432	0.145207	0.112747	5457000.000000
2012-11-19	0.006881	0.157306	0.161188	0.150386	0.407680	5512100.000000
2012-11-16	0.001760	0.150044	0.158159	0.146155	0.104077	5178400.000000
2012-11-15	0.000293	0.152072	0.155286	0.145307	0.017353	4668900.000000
2012-11-14	-0.005978	0.152582	0.155104	0.143840	-0.355618	4711100.000000
2012-11-13	-0.000437	0.154766	0.162328	0.151238	-0.026027	3791000.000000
2012-11-12	-0.003486	0.151746	0.154928	0.148229	-0.208161	3906400.000000
2012-11-09	0.000872	0.150236	0.158952	0.149063	0.052036	5598700.000000
2012-11-08	-0.002899	0.151247	0.158099	0.146401	-0.173465	5531800.000000
2012-11-07	-0.005191	0.149925	0.153749	0.139452	-0.312264	5913100.000000
2012-11-06	0.005072	0.153419	0.163110	0.148908	0.303574	4800300.000000
2012-11-05	-0.000724	0.144903	0.153419	0.140729	-0.043362	4759100.000000
2012-11-02	-0.005616	0.157069	0.158397	0.144451	-0.338260	4352400.000000
2012-11-01	0.002888	0.153085	0.160078	0.150920	0.173465	4420100.000000
2012-10-31	0.003769	0.156094	0.164618	0.152751	0.225514	5490500.000000
2012-10-26	0.001306	0.156934	0.157939	0.149403	0.078060	5200000.000000
2012-10-25	0.007164	0.156964	0.164549	0.155109	0.425026	4805600.000000
2012-10-24	-0.001751	0.153591	0.161500	0.148039	-0.104084	5619700.000000
2012-10-23	-0.015517	0.145795	0.147286	0.132378	-0.936768	5692900.000000
2012-10-22	-0.004007	0.149619	0.152918	0.138565	-0.242847	5820400.000000
2012-10-19	-0.012436	0.150637	0.155199	0.134181	-0.763279	9572400.000000
2012-10-18	0.009415	0.153411	0.166240	0.152589	0.572449	8081400.000000
2012-10-17	-0.002845	0.151770	0.163250	0.147178	-0.173481	9153200.000000
2012-10-16	-0.000569	0.155540	0.161933	0.151279	-0.034695	5802400.000000
2012-10-15	0.004140	0.152754	0.158514	0.147981	0.251549	4700700.000000
2012-10-12	0.003294	0.157542	0.166954	0.154900	0.199485	6158600.000000
2012-10-11	-0.006687	0.160463	0.161939	0.145209	-0.407665	5258200.000000
2012-10-10	-0.011531	0.154053	0.157134	0.136381	-0.711231	5150900.000000
2012-10-09	-0.001124	0.152918	0.157453	0.151137	-0.069389	4673200.000000
2012-10-08	0.001266	0.151296	0.157945	0.149026	0.078060	3023600.000000
2012-10-05	0.003245	0.156822	0.161377	0.153406	0.199486	5491700.000000
2012-10-04	0.002405	0.154223	0.158789	0.152918	0.147460	4630500.000000
2012-10-03	0.001133	0.155530	0.158469	0.150796	0.069390	4276000.000000
2012-10-02	-0.000425	0.156182	0.159609	0.146391	-0.026024	4219000.000000
2012-10-01	-0.001696	0.151777	0.160412	0.149008	-0.104092	4794000.000000
2012-09-28	0.001841	0.152592	0.155530	0.148185	0.112778	5021800.000000
2012-09-27	0.003124	0.153900	0.159794	0.150626	0.190807	3373400.000000
2012-09-26	0.000995	0.157507	0.163406	0.153901	0.060715	3758200.000000
2012-09-25	-0.004950	0.156832	0.158299	0.145743	-0.303574	5642400.000000
2012-09-24	0.002126	0.153245	0.158148	0.150630	0.130108	4526800.000000
2012-09-21	-0.009686	0.157126	0.157126	0.140457	-0.598484	8268300.000000
2012-09-20	0.005504	0.151942	0.164797	0.151453	0.338261	4790100.000000
2012-09-19	0.001697	0.154711	0.160253	0.149169	0.104080	4902500.000000
2012-09-18	0.004831	0.152918	0.161435	0.151772	0.294930	4725400.000000
2012-09-17	-0.000994	0.152591	0.159463	0.148991	-0.060723	6596600.000000
2012-09-14	-0.005926	0.153406	0.155358	0.142833	-0.364299	7448100.000000
2012-09-13	0.011704	0.156374	0.169539	0.151931	0.711238	8461200.000000
2012-09-12	-0.021235	0.151951	0.155173	0.126825	-1.318401	10485400.000000
2012-09-11	-0.003619	0.151955	0.155165	0.146820	-0.225502	4270400.000000
2012-09-10	-0.003606	0.151319	0.152758	0.147482	-0.225506	3953300.000000
2012-09-07	-0.000693	0.152918	0.158511	0.150521	-0.043377	4609200.000000
2012-09-06	0.008526	0.158075	0.165810	0.157430	0.529076	5226400.000000
2012-09-05	-0.005588	0.151444	0.155290	0.143591	-0.348667	5277300.000000
