2017-09-01	0.002818	0.001626	0.004227	-0.000108	0.260002	4958900.000000
2017-08-31	0.004354	0.000218	0.005660	-0.000327	0.399994	5864400.000000
2017-08-30	-0.004874	-0.002600	-0.002600	-0.007149	-0.449997	4709600.000000
2017-08-29	-0.001622	0.000108	0.002379	-0.002487	-0.150001	3676300.000000
2017-08-28	-0.000432	0.000108	0.002162	-0.005729	-0.040001	5386500.000000
2017-08-25	0.002601	0.004118	0.006394	0.001517	0.240005	4933000.000000
2017-08-24	-0.001839	0.000000	0.001406	-0.004327	-0.170005	5173700.000000
2017-08-23	-0.003772	-0.003125	-0.001401	-0.005496	-0.349999	3631900.000000
2017-08-22	-0.000754	0.000538	0.001077	-0.002908	-0.070000	4731500.000000
2017-08-21	0.004218	-0.000973	0.005299	-0.001190	0.390000	4334300.000000
2017-08-18	0.004345	-0.000977	0.007712	-0.002390	0.400001	6815000.000000
2017-08-17	-0.004003	-0.000433	0.002488	-0.004003	-0.370002	5711400.000000
2017-08-16	0.002603	0.000976	0.008134	-0.000108	0.240005	7965500.000000
2017-08-15	0.006001	0.002837	0.007747	0.002509	0.549995	5293400.000000
2017-08-14	0.003394	0.002190	0.006678	-0.000985	0.310006	5339900.000000
2017-08-11	-0.004360	0.002180	0.003706	-0.004905	-0.400002	7094200.000000
2017-08-10	-0.001958	-0.000653	0.000870	-0.002502	-0.180000	6338200.000000
2017-08-09	0.003713	-0.000655	0.003931	-0.000655	0.339996	5572800.000000
2017-08-08	0.001531	-0.000437	0.005468	-0.002297	0.140000	5623400.000000
2017-08-07	0.008492	0.000000	0.009816	-0.001654	0.770004	5011300.000000
2017-08-04	-0.002091	-0.001871	0.002421	-0.003632	-0.190003	5824400.000000
2017-08-03	-0.001977	-0.001977	0.007799	-0.002417	-0.180000	6413200.000000
2017-08-02	-0.000659	-0.001427	0.002195	-0.006257	-0.059997	7167700.000000
2017-08-01	0.003083	0.002312	0.010020	-0.001101	0.279998	8662100.000000
2017-07-31	0.006762	0.000000	0.009533	0.000000	0.610001	7835700.000000
2017-07-28	-0.005183	-0.001323	0.003529	-0.007940	-0.470001	6137500.000000
2017-07-27	0.015453	0.011086	0.016237	-0.003359	1.379997	11089200.000000
2017-07-26	0.001795	-0.001571	0.003141	-0.003029	0.160004	6987000.000000
2017-07-25	0.010887	0.005557	0.011567	0.004083	0.959999	6766700.000000
2017-07-24	-0.004853	-0.000677	-0.000113	-0.007223	-0.430001	6202000.000000
2017-07-21	0.000113	-0.004966	0.000903	-0.008916	0.010003	5714800.000000
2017-07-20	0.002830	-0.000340	0.010866	-0.000453	0.250000	7285000.000000
2017-07-19	0.004548	-0.000910	0.005230	-0.003980	0.400001	6008500.000000
2017-07-18	0.012450	0.008536	0.021775	0.006809	1.081513	7492300.000000
2017-07-17	0.005167	0.007498	0.017218	0.003680	0.446502	5227800.000000
2017-07-14	0.004614	0.010868	0.014704	0.008194	0.396881	4577700.000000
2017-07-13	-0.002990	0.005643	0.008889	0.002514	-0.257972	5448900.000000
2017-07-12	0.002190	0.013305	0.015976	0.008542	0.188522	4374200.000000
2017-07-11	-0.003674	0.009466	0.012011	-0.001181	-0.317513	5838600.000000
2017-07-10	-0.006389	0.007615	0.010375	-0.000894	-0.555641	5356400.000000
2017-07-07	0.003205	0.011537	0.013036	0.006807	0.277817	5142200.000000
2017-07-06	-0.003422	0.007615	0.011064	0.004282	-0.297661	6038900.000000
2017-07-05	-0.000798	0.009224	0.010832	0.004974	-0.069450	4974300.000000
2017-07-03	0.006770	0.010737	0.017675	0.008192	0.585403	3607400.000000
2017-06-30	0.001839	0.008541	0.013407	0.007961	0.158753	5937100.000000
2017-06-29	-0.015616	0.003854	0.006135	-0.008578	-1.369263	7163800.000000
2017-06-28	-0.002708	0.013191	0.014670	0.003864	-0.238129	4875000.000000
2017-06-27	-0.008393	0.007845	0.007845	-0.000614	-0.744163	5180400.000000
2017-06-26	-0.000671	0.010212	0.010776	0.006155	-0.059525	4373300.000000
2017-06-23	0.004381	0.007845	0.016562	0.006374	0.386963	8782100.000000
2017-06-22	-0.004139	0.006380	0.007958	0.002209	-0.367126	4536700.000000
2017-06-21	-0.002566	0.007733	0.011444	0.004022	-0.228203	4164500.000000
2017-06-20	-0.002560	0.006836	0.011771	0.005041	-0.228211	5674200.000000
2017-06-19	0.002231	0.007171	0.010094	0.002675	0.198441	5246200.000000
2017-06-16	0.003133	0.011679	0.012243	0.001418	0.277824	13855000.000000
2017-06-15	0.010629	0.005452	0.021292	0.005452	0.932679	7047500.000000
2017-06-14	0.004315	0.012767	0.015742	0.007845	0.377044	6183900.000000
2017-06-13	-0.002040	0.009216	0.009673	0.002477	-0.178596	6419300.000000
2017-06-12	0.000907	0.007845	0.013561	0.007045	0.079368	7867700.000000
2017-06-09	0.003529	0.007845	0.011975	0.004404	0.307595	9696900.000000
2017-06-08	-0.010364	0.007845	0.008186	-0.008163	-0.912842	7611400.000000
2017-06-07	-0.000338	0.006483	0.008867	0.003306	-0.029770	4781600.000000
2017-06-06	0.000676	0.008073	0.010458	0.004552	0.059540	6503000.000000
2017-06-05	0.001693	0.004546	0.009779	0.001133	0.148834	4115300.000000
2017-06-02	0.005219	0.010933	0.014135	0.006473	0.456413	6136400.000000
2017-06-01	0.000454	0.007045	0.008417	-0.000392	0.039696	6251300.000000
2017-05-31	0.007895	0.010959	0.018800	0.008422	0.684624	10146600.000000
2017-05-30	0.001719	0.007845	0.012004	0.006113	0.148834	4594500.000000
2017-05-26	0.004490	0.008658	0.013879	0.007381	0.386963	4337000.000000
2017-05-25	0.004162	0.008777	0.013438	0.008428	0.357193	4368000.000000
2017-05-24	0.004879	0.012177	0.014519	0.009367	0.416733	4878800.000000
2017-05-23	-0.001508	0.008664	0.011703	0.005157	-0.128991	4394200.000000
2017-05-22	-0.000348	0.007962	0.009715	0.005391	-0.029762	4260000.000000
2017-05-19	0.004309	0.009371	0.013831	0.005498	0.367119	7320700.000000
2017-05-18	-0.004521	0.006911	0.007378	-0.000801	-0.386970	6985600.000000
2017-05-17	0.000232	0.007845	0.012403	0.004223	0.019851	7805800.000000
2017-05-16	-0.001043	0.014266	0.015667	0.006211	-0.089302	6554500.000000
2017-05-15	0.001624	0.013224	0.013926	0.008547	0.138909	5820700.000000
2017-05-12	0.000232	0.008664	0.009600	0.004921	0.019851	5892400.000000
2017-05-11	-0.003700	0.009244	0.009477	0.000737	-0.317512	6064700.000000
2017-05-10	0.001042	0.008779	0.012395	0.007729	0.089294	6178500.000000
2017-05-09	-0.001733	0.010757	0.010989	0.004003	-0.148834	9577600.000000
2017-05-08	0.000578	0.005865	0.009244	0.004816	0.049614	4634600.000000
2017-05-05	0.000578	0.008895	0.009711	0.004115	0.049614	4506200.000000
2017-05-04	0.000231	0.012743	0.017291	0.006330	0.019844	5986200.000000
2017-05-03	0.002436	0.008781	0.012638	0.004105	0.208366	6122000.000000
2017-05-02	-0.009990	0.010160	0.010160	-0.004537	-0.863228	13197500.000000
2017-05-01	-0.002748	0.008422	0.010961	0.004960	-0.238136	4546600.000000
2017-04-28	-0.004105	0.005891	0.006696	0.001639	-0.357193	8295400.000000
2017-04-27	-0.000570	0.006008	0.013589	0.001987	-0.049606	8517500.000000
2017-04-26	-0.025111	0.006166	0.007845	-0.018919	-2.242417	11951300.000000
2017-04-25	0.005025	0.008183	0.015724	0.006945	0.446495	9088400.000000
2017-04-24	0.010494	0.013532	0.019673	0.012281	0.922760	8338500.000000
2017-04-21	-0.007948	0.006040	0.007281	-0.000278	-0.704467	9061200.000000
2017-04-20	-0.003013	0.008970	0.008970	0.004583	-0.267899	6983500.000000
2017-04-19	-0.005660	0.007734	0.011648	0.001023	-0.506027	6919000.000000
2017-04-18	0.004536	0.015675	0.023877	0.015001	0.403717	7087800.000000
2017-04-17	0.003999	0.017819	0.021880	0.016691	0.354485	6931700.000000
2017-04-13	-0.003100	0.012639	0.018149	0.009715	-0.275712	5040100.000000
2017-04-12	0.005679	0.014432	0.022574	0.012849	0.502182	6286300.000000
2017-04-11	0.003464	0.017492	0.019308	0.013293	0.305253	5186000.000000
2017-04-10	0.002914	0.014425	0.020684	0.010100	0.256012	5956000.000000
2017-04-07	-0.001902	0.016244	0.017948	0.013064	-0.167397	4739100.000000
2017-04-06	-0.006335	0.013305	0.013757	0.008113	-0.561264	7231500.000000
2017-04-05	0.000667	0.016579	0.022227	0.013868	0.059074	6320100.000000
2017-04-04	0.002565	0.016355	0.018734	0.012618	0.226487	5680800.000000
2017-04-03	-0.001892	0.015676	0.017936	0.011042	-0.167397	6967400.000000
2017-03-31	-0.003880	0.013649	0.017139	0.011509	-0.344635	6942400.000000
2017-03-30	-0.004415	0.014442	0.015226	0.009958	-0.393875	3691900.000000
2017-03-29	-0.001763	0.013325	0.016794	0.011423	-0.157547	4252800.000000
2017-03-28	0.002984	0.011971	0.021960	0.011523	0.265869	11855800.000000
2017-03-27	-0.000883	0.014217	0.017245	0.011190	-0.078774	10072000.000000
2017-03-24	-0.002203	0.015563	0.017241	0.009297	-0.196937	9252000.000000
2017-03-23	-0.002418	0.014670	0.020809	0.011210	-0.216629	6831400.000000
2017-03-22	-0.002193	0.016899	0.022356	0.010663	-0.196938	7798000.000000
2017-03-21	-0.000329	0.016453	0.021463	0.013447	-0.029541	8211000.000000
2017-03-20	0.002418	0.015116	0.020138	0.014893	0.216629	7772900.000000
2017-03-17	-0.004812	0.015674	0.021782	0.009787	-0.433258	37010100.000000
2017-03-16	0.000438	0.016007	0.019118	0.012229	0.039383	6601200.000000
2017-03-15	0.004396	0.015563	0.024268	0.012550	0.393875	7855300.000000
2017-03-14	-0.003395	0.015007	0.018677	0.010113	-0.305244	6686400.000000
2017-03-13	0.002635	0.015451	0.020246	0.013109	0.236320	7397500.000000
2017-03-10	0.008081	0.020734	0.024781	0.019048	0.718811	6797800.000000
2017-03-09	0.002219	0.015563	0.019506	0.015112	0.196930	5587400.000000
2017-03-08	-0.001661	0.012526	0.016238	0.009601	-0.147697	5503700.000000
2017-03-07	-0.000885	0.012978	0.016911	0.012079	-0.078781	5363000.000000
2017-03-06	-0.001436	0.008718	0.015675	0.005351	-0.127999	9533800.000000
2017-03-03	-0.004510	0.015563	0.015563	0.004168	-0.403724	8334900.000000
2017-03-02	-0.008182	0.012682	0.014787	0.006920	-0.738510	7031200.000000
2017-03-01	0.006479	0.015340	0.024707	0.011548	0.580970	8792200.000000
2017-02-28	0.001980	0.015675	0.025619	0.012881	0.177239	10535600.000000
2017-02-27	-0.001757	0.009763	0.014001	0.004520	-0.157547	11840300.000000
2017-02-24	-0.000878	0.013780	0.017903	0.010436	-0.078774	6643400.000000
2017-02-23	-0.003390	0.017451	0.019561	0.009676	-0.305252	7611600.000000
2017-02-22	-0.002509	0.013125	0.017003	0.010910	-0.226471	6749900.000000
2017-02-21	0.006367	0.009877	0.023479	0.009877	0.571106	9018700.000000
2017-02-17	0.003304	0.013549	0.021939	0.011760	0.295410	12152400.000000
2017-02-16	-0.003622	0.013334	0.015563	0.009098	-0.324951	12408500.000000
2017-02-15	0.037105	0.038103	0.053591	0.038103	3.210045	25847700.000000
2017-02-14	-0.005096	0.011998	0.014528	0.003143	-0.443100	20123400.000000
2017-02-13	0.003865	0.016371	0.020065	0.011753	0.334786	6905100.000000
2017-02-10	-0.007894	0.014303	0.016250	0.007545	-0.689270	11057600.000000
2017-02-09	0.003849	0.015563	0.020737	0.012114	0.334785	9914100.000000
2017-02-08	0.003636	0.016255	0.019371	0.013255	0.315102	6815800.000000
2017-02-07	0.006979	0.018351	0.025788	0.016492	0.600647	6646100.000000
2017-02-06	-0.000114	0.016608	0.019978	0.012310	-0.009850	7483000.000000
2017-02-03	-0.003988	0.019729	0.020307	0.011281	-0.344635	7161900.000000
2017-02-02	0.004924	0.018819	0.027424	0.014632	0.423409	8997200.000000
2017-02-01	-0.003082	0.008955	0.015447	0.005708	-0.265862	8291000.000000
2017-01-31	0.009798	0.014158	0.026216	0.012987	0.836983	9712400.000000
2017-01-30	0.000346	0.016265	0.017202	0.012986	0.029533	7350000.000000
2017-01-27	0.001386	0.013804	0.018494	0.008761	0.118164	9332300.000000
2017-01-26	-0.006425	0.015097	0.016378	0.008921	-0.551422	6542300.000000
2017-01-25	-0.007967	0.015332	0.016025	0.006316	-0.689270	8082900.000000
2017-01-24	0.010350	0.018599	0.027124	0.018599	0.886208	8704700.000000
2017-01-23	-0.005603	0.011382	0.014402	0.008595	-0.482483	9408900.000000
2017-01-20	0.032467	0.041821	0.054890	0.036186	2.707855	22944400.000000
2017-01-19	-0.002708	0.011975	0.016400	0.007790	-0.226479	14074500.000000
2017-01-18	0.004613	0.018686	0.024692	0.016163	0.384018	10520400.000000
2017-01-17	0.014284	0.022271	0.042741	0.022027	1.172326	13145100.000000
2017-01-13	0.002028	0.023733	0.025809	0.018728	0.166084	6762800.000000
2017-01-12	0.001075	0.023122	0.025200	0.018967	0.087921	6545400.000000
2017-01-11	0.003114	0.022385	0.026799	0.021037	0.254005	9572300.000000
2017-01-10	-0.010782	0.022884	0.023975	0.009543	-0.889022	10918200.000000
2017-01-09	-0.007409	0.011934	0.019157	0.008202	-0.615456	10981100.000000
2017-01-06	-0.000353	0.022167	0.025898	0.018316	-0.029312	4799900.000000
2017-01-05	0.006627	0.022521	0.034877	0.022158	0.547081	6852400.000000
2017-01-04	0.003563	0.026650	0.028474	0.024098	0.293075	8096700.000000
2017-01-03	0.001427	0.021176	0.027385	0.016550	0.117241	8792700.000000
2016-12-30	-0.003201	0.021427	0.024825	0.018393	-0.263771	6209800.000000
2016-12-29	0.003331	0.025681	0.028725	0.023977	0.273537	3718300.000000
2016-12-28	-0.006265	0.021192	0.023974	0.015747	-0.517769	4298800.000000
2016-12-27	-0.004237	0.022888	0.023370	0.017105	-0.351700	3782600.000000
2016-12-23	0.005801	0.026156	0.032215	0.024581	0.478699	5284200.000000
2016-12-22	0.002254	0.020211	0.027619	0.018632	0.185615	7864800.000000
2016-12-21	-0.003429	0.019012	0.025548	0.018165	-0.283309	6099300.000000
2016-12-20	-0.001653	0.021920	0.023611	0.017328	-0.136773	7485400.000000
2016-12-19	0.000354	0.024458	0.027238	0.019260	0.029313	6431200.000000
2016-12-16	0.000000	0.026271	0.028930	0.017205	0.000000	21172400.000000
2016-12-15	0.003674	0.020942	0.028828	0.014391	0.302841	8768100.000000
2016-12-14	-0.009509	0.024933	0.030341	0.011474	-0.791313	12292200.000000
2016-12-13	0.000587	0.018080	0.026377	0.016397	0.048851	11795900.000000
2016-12-12	0.009008	0.021670	0.033439	0.021670	0.742462	7494100.000000
2016-12-09	0.010419	0.023856	0.034644	0.023244	0.849937	8004500.000000
2016-12-08	-0.008078	0.018869	0.023611	0.015343	-0.664314	7522800.000000
2016-12-07	0.015318	0.021513	0.040525	0.021142	1.240707	8567700.000000
2016-12-06	-0.000964	0.026695	0.026818	0.018924	-0.078155	7327200.000000
2016-12-05	0.007160	0.025599	0.032059	0.024605	0.576385	8597500.000000
2016-12-02	0.006597	0.029739	0.033865	0.026237	0.527550	9079400.000000
2016-12-01	-0.007276	0.020508	0.021873	0.007722	-0.586166	12516900.000000
2016-11-30	-0.005188	0.019042	0.022870	0.015831	-0.420082	12115500.000000
2016-11-29	-0.002167	0.027924	0.028664	0.018929	-0.175843	6183100.000000
2016-11-28	-0.004673	0.019564	0.022385	0.015026	-0.381004	6990100.000000
2016-11-25	0.009434	0.027449	0.033268	0.026954	0.762001	3882900.000000
2016-11-23	-0.000967	0.021509	0.025714	0.020643	-0.078156	7693300.000000
2016-11-22	0.001452	0.028194	0.030300	0.023859	0.117241	7426500.000000
2016-11-21	0.007805	0.023611	0.032974	0.019991	0.625229	11482100.000000
2016-11-18	-0.012881	0.021763	0.023981	0.010303	-1.045311	14565500.000000
2016-11-17	-0.001443	0.024596	0.027426	0.020412	-0.117241	9083700.000000
2016-11-16	-0.005142	0.028018	0.030711	0.018103	-0.420074	8542900.000000
2016-11-15	0.007470	0.043097	0.043097	0.022131	0.605705	9464000.000000
2016-11-14	-0.006940	0.023366	0.026061	0.013569	-0.566627	12862500.000000
2016-11-11	0.007473	0.020033	0.037184	0.019786	0.605697	8894700.000000
2016-11-10	-0.034563	0.018608	0.020871	-0.021059	-2.901497	22095000.000000
2016-11-09	-0.017494	-0.002137	0.012844	-0.013256	-1.494705	11972500.000000
2016-11-08	0.010398	0.026095	0.036974	0.023966	0.879250	7657000.000000
2016-11-07	0.017395	0.034920	0.041538	0.029867	1.445846	8878500.000000
2016-11-04	-0.017552	0.024675	0.025148	0.005527	-1.484932	9378100.000000
2016-11-03	-0.001614	0.024319	0.026444	0.020425	-0.136772	6899900.000000
2016-11-02	-0.001267	0.022668	0.030212	0.020193	-0.107460	7773200.000000
2016-11-01	0.000576	0.021017	0.025852	0.019838	0.048844	8564500.000000
2016-10-31	-0.000461	0.025615	0.031037	0.021843	-0.039071	8207100.000000
2016-10-28	0.003003	0.027040	0.031296	0.022074	0.253991	7021100.000000
2016-10-27	-0.009382	0.024900	0.025954	0.012485	-0.801079	6598300.000000
2016-10-26	0.004944	0.022905	0.032674	0.021375	0.420082	8464100.000000
2016-10-25	0.034126	0.064872	0.072053	0.058543	2.803802	20761200.000000
2016-10-24	-0.002727	0.024340	0.028102	0.020334	-0.224701	10573200.000000
2016-10-21	-0.007065	0.017344	0.022768	0.015295	-0.586151	13974100.000000
2016-10-20	-0.007131	0.021697	0.023372	0.014637	-0.595932	10175100.000000
2016-10-19	-0.014289	0.022078	0.024083	0.007805	-1.211403	12788800.000000
2016-10-18	-0.004326	0.035977	0.036682	0.026934	-0.368385	10749500.000000
2016-10-17	-0.006785	0.031514	0.034081	0.023116	-0.581673	7610600.000000
2016-10-14	0.002153	0.034554	0.039931	0.031281	0.184205	7369000.000000
2016-10-13	-0.003726	0.025458	0.031514	0.020217	-0.319924	11158100.000000
2016-10-12	0.000339	0.033844	0.036990	0.029068	0.029083	17118000.000000
2016-10-11	-0.005839	0.028850	0.032209	0.021554	-0.504112	11723100.000000
2016-10-10	-0.010444	0.033692	0.035297	0.017532	-0.911285	15492400.000000
2016-10-07	0.008742	0.029086	0.041110	0.020878	0.756172	20518800.000000
2016-10-06	0.004164	0.028728	0.041731	0.027103	0.358696	61462800.000000
2016-10-05	0.005659	0.033032	0.039103	0.029880	0.484726	64580300.000000
2016-10-04	-0.003497	0.027210	0.031747	0.023254	-0.300530	23317600.000000
2016-10-03	-0.012145	0.026917	0.028066	0.016113	-1.056701	26789500.000000
2016-09-30	0.017228	0.032333	0.054780	0.032216	1.473564	123735700.000000
2016-09-29	-0.013749	0.028055	0.029324	0.009376	-1.192421	74587500.000000
2016-09-28	0.012449	0.038752	0.047508	0.032798	1.066383	89806000.000000
2016-09-27	0.005805	0.033980	0.042786	0.029283	0.494423	65150800.000000
2016-09-26	0.001026	0.027518	0.039389	0.017997	0.087250	60276600.000000
2016-09-23	-0.013822	0.027341	0.030935	0.014127	-1.192413	48281400.000000
2016-09-22	0.013553	0.031162	0.049137	0.031162	1.153633	52692700.000000
2016-09-21	-0.008806	0.031049	0.033960	0.006594	-0.756165	55409800.000000
2016-09-20	0.002376	0.033032	0.038284	0.029296	0.203575	33986500.000000
2016-09-19	0.003634	0.029991	0.042058	0.022142	0.310227	19173900.000000
2016-09-16	-0.000114	0.026360	0.032100	0.022612	-0.009690	23518300.000000
2016-09-15	0.012067	0.028432	0.046452	0.028432	1.017914	13833600.000000
2016-09-14	-0.000459	0.032344	0.038032	0.029381	-0.038765	25397900.000000
2016-09-13	-0.013598	0.023332	0.027540	0.017020	-1.163345	19682700.000000
2016-09-12	0.023307	0.029122	0.057111	0.028165	1.948593	16105700.000000
2016-09-09	-0.017544	0.023524	0.024346	0.013418	-1.492943	21955000.000000
2016-09-08	-0.001933	0.031514	0.034212	0.027761	-0.164810	23465700.000000
2016-09-07	-0.007784	0.027674	0.028838	0.020692	-0.668922	17556400.000000
2016-09-06	0.004989	0.032099	0.036660	0.027772	0.426552	14472100.000000
2016-09-02	-0.001245	0.033500	0.038056	0.028361	-0.106629	17470400.000000
2016-09-01	0.011453	0.032105	0.043329	0.027616	0.969452	29793300.000000
2016-08-31	-0.002627	0.033989	0.035167	0.025505	-0.222984	11407800.000000
2016-08-30	-0.008607	0.024739	0.031514	0.021701	-0.736779	11619400.000000
2016-08-29	0.008221	0.029276	0.041172	0.028452	0.697998	8934500.000000
2016-08-26	-0.003640	0.031162	0.038555	0.022948	-0.310218	16408200.000000
2016-08-25	0.006758	0.031396	0.038958	0.028325	0.571983	10595500.000000
2016-08-24	-0.001030	0.030570	0.032104	0.021600	-0.087265	5713300.000000
2016-08-23	0.006333	0.034840	0.039234	0.033771	0.533211	5420100.000000
2016-08-22	-0.005269	0.029506	0.030333	0.022890	-0.445946	5921100.000000
2016-08-19	-0.001487	0.028683	0.031160	0.026913	-0.126045	6199900.000000
2016-08-18	0.005520	0.031277	0.037445	0.031277	0.465339	7082800.000000
2016-08-17	0.004389	0.029966	0.037829	0.024247	0.368401	6762100.000000
2016-08-16	-0.005056	0.031040	0.036019	0.024995	-0.426559	8071100.000000
2016-08-15	-0.000230	0.037203	0.037795	0.030922	-0.019387	6871200.000000
2016-08-12	0.003574	0.033774	0.040078	0.032109	0.300522	8063400.000000
2016-08-11	0.004866	0.036175	0.039761	0.032590	0.407166	7387100.000000
2016-08-10	0.003721	0.034753	0.041471	0.031634	0.310226	5981400.000000
2016-08-09	0.002682	0.032717	0.038490	0.030552	0.222977	4158800.000000
2016-08-08	-0.000233	0.029470	0.032957	0.023698	-0.019402	5388200.000000
2016-08-05	-0.003138	0.031874	0.036189	0.025281	-0.261749	6729700.000000
2016-08-04	0.000931	0.033314	0.038234	0.029475	0.077568	5564100.000000
2016-08-03	-0.009106	0.028542	0.031039	0.016058	-0.765877	8192100.000000
2016-08-02	0.004051	0.038796	0.040348	0.029485	0.339318	13083200.000000
2016-08-01	0.009581	0.029707	0.043446	0.029465	0.794944	10420600.000000
2016-07-29	0.009197	0.032487	0.043434	0.031393	0.756165	7520900.000000
2016-07-28	0.004144	0.031026	0.037865	0.030782	0.339317	5911600.000000
2016-07-27	-0.009499	0.031151	0.031877	0.020022	-0.785255	7744700.000000
2016-07-26	-0.006177	0.030072	0.034880	0.023940	-0.513817	5379300.000000
2016-07-25	0.000933	0.029228	0.032477	0.024655	0.077560	5605300.000000
2016-07-22	0.005395	0.034418	0.040225	0.033813	0.445946	6165600.000000
2016-07-21	-0.000703	0.027887	0.032119	0.026195	-0.058166	5407000.000000
2016-07-20	-0.002105	0.030067	0.034289	0.027050	-0.174500	6289000.000000
2016-07-19	0.002793	0.036452	0.042622	0.035121	0.230850	6078200.000000
2016-07-18	-0.000930	0.039718	0.040081	0.035851	-0.076942	4781300.000000
2016-07-15	0.001630	0.044198	0.046983	0.038629	0.134666	8491300.000000
2016-07-14	-0.000233	0.046255	0.051701	0.039113	-0.019241	11342600.000000
2016-07-13	0.001633	0.040325	0.044447	0.035476	0.134674	7572100.000000
2016-07-12	0.000000	0.036445	0.041901	0.032808	0.000000	6649800.000000
2016-07-11	-0.000233	0.037658	0.041779	0.029174	-0.019241	6156800.000000
2016-07-08	0.011081	0.041436	0.052710	0.038862	0.904190	6827300.000000
2016-07-07	-0.002352	0.042043	0.042165	0.033484	-0.192375	7905700.000000
2016-07-06	-0.004799	0.038746	0.040327	0.031080	-0.394394	8356500.000000
2016-07-05	0.007785	0.035919	0.053944	0.035551	0.634857	11403100.000000
2016-07-01	0.001299	0.037756	0.043526	0.037633	0.105820	9531100.000000
2016-06-30	0.009057	0.039598	0.050624	0.038482	0.731056	10969300.000000
2016-06-29	0.017584	0.045901	0.057878	0.045271	1.394768	7927500.000000
2016-06-28	0.015142	0.042285	0.055723	0.036014	1.183151	9257100.000000
2016-06-27	-0.012521	0.034163	0.034921	0.023674	-0.990776	9601800.000000
2016-06-24	-0.023156	0.019845	0.034783	0.012191	-1.875710	12401100.000000
2016-06-23	0.007658	0.042583	0.047559	0.039598	0.615616	7361300.000000
2016-06-22	0.001918	0.040719	0.043960	0.038102	0.153893	4940100.000000
2016-06-21	0.004456	0.040223	0.048862	0.040223	0.355911	6594700.000000
2016-06-20	-0.001083	0.044475	0.046726	0.038347	-0.086563	6164300.000000
2016-06-17	-0.003357	0.038351	0.039971	0.026386	-0.269348	11741700.000000
2016-06-16	0.005546	0.036088	0.047869	0.035963	0.442489	6630100.000000
2016-06-15	-0.004799	0.040221	0.041468	0.032987	-0.384765	7082200.000000
2016-06-14	0.009447	0.039346	0.049670	0.035820	0.750289	6868600.000000
2016-06-13	-0.007572	0.036599	0.042097	0.031226	-0.605995	6167400.000000
2016-06-10	0.000361	0.034598	0.041723	0.032598	0.028862	6840800.000000
2016-06-09	0.006292	0.038717	0.047270	0.036830	0.500191	6144900.000000
2016-06-08	0.004009	0.040229	0.045028	0.035809	0.317421	4712600.000000
2016-06-07	-0.005437	0.039472	0.041105	0.033066	-0.432854	6327500.000000
2016-06-06	0.003638	0.038715	0.044136	0.036572	0.288567	5292300.000000
2016-06-03	0.006345	0.039344	0.046448	0.037441	0.500198	6299800.000000
2016-06-02	0.001956	0.036293	0.041631	0.033751	0.153900	5186300.000000
2016-06-01	0.009255	0.038443	0.049347	0.037288	0.721428	6184100.000000
2016-05-31	-0.004789	0.041513	0.044577	0.030788	-0.375137	6705000.000000
2016-05-27	0.002586	0.040237	0.045229	0.038829	0.201996	4212000.000000
2016-05-26	-0.003191	0.039597	0.041128	0.034621	-0.250099	4622300.000000
2016-05-25	0.006299	0.041010	0.049869	0.040111	0.490585	6049800.000000
2016-05-24	0.009601	0.040894	0.054893	0.040894	0.740677	6293300.000000
2016-05-23	0.002249	0.039987	0.043625	0.037389	0.173134	5620600.000000
2016-05-20	-0.002120	0.042839	0.043616	0.034412	-0.163521	6526800.000000
2016-05-19	0.004258	0.036863	0.044415	0.034390	0.327049	6242500.000000
2016-05-18	-0.009551	0.039211	0.041532	0.023995	-0.740669	8344100.000000
2016-05-17	-0.012373	0.039725	0.045074	0.023041	-0.971535	10188200.000000
2016-05-16	0.004924	0.036782	0.048044	0.033454	0.384766	6497200.000000
2016-05-13	-0.014319	0.039724	0.039724	0.021810	-1.135063	6579000.000000
2016-05-12	0.003165	0.043774	0.047064	0.039091	0.250099	4925000.000000
2016-05-11	-0.004001	0.039849	0.044765	0.035186	-0.317436	5975000.000000
2016-05-10	0.004384	0.039977	0.046687	0.039598	0.346298	6222400.000000
2016-05-09	-0.000122	0.040610	0.047192	0.037572	-0.009613	6718800.000000
2016-05-06	0.010209	0.041132	0.051745	0.037935	0.798378	6297200.000000
2016-05-05	-0.003676	0.039598	0.045840	0.030934	-0.288567	6399500.000000
2016-05-04	0.006165	0.036649	0.048186	0.036649	0.480950	7365900.000000
2016-05-03	0.001606	0.037415	0.048970	0.036003	0.125053	7569400.000000
2016-05-02	0.010609	0.038300	0.054909	0.038300	0.817619	7862600.000000
2016-04-29	0.004513	0.038424	0.044681	0.034514	0.346283	9391000.000000
2016-04-28	-0.001627	0.034262	0.044542	0.033091	-0.125038	7615900.000000
2016-04-27	0.004274	0.038552	0.047438	0.033716	0.327034	7689700.000000
2016-04-26	-0.022847	0.040747	0.040747	0.011504	-1.789146	13742300.000000
2016-04-25	0.005683	0.039212	0.046404	0.032791	0.442489	7672800.000000
2016-04-22	0.001856	0.034451	0.041527	0.028147	0.144280	8027700.000000
2016-04-21	-0.009197	0.033096	0.036538	0.026850	-0.721428	8802100.000000
2016-04-20	-0.020773	0.039722	0.040346	0.017128	-1.664108	9124200.000000
2016-04-19	0.005433	0.040602	0.050517	0.039849	0.432861	6606100.000000
2016-04-18	0.006440	0.039597	0.048313	0.036060	0.509804	5545000.000000
2016-04-15	0.003536	0.040105	0.044922	0.037569	0.278961	7299300.000000
2016-04-14	0.002690	0.041631	0.046970	0.036420	0.211616	6904400.000000
2016-04-13	-0.004467	0.050897	0.055706	0.035586	-0.353019	11738600.000000
2016-04-12	0.001209	0.047860	0.054195	0.044566	0.095421	7081600.000000
2016-04-11	-0.005649	0.045972	0.049877	0.041311	-0.448433	7081500.000000
2016-04-08	-0.000480	0.050632	0.050758	0.042196	-0.038155	5453000.000000
2016-04-07	-0.006801	0.040985	0.046488	0.036358	-0.543839	6655900.000000
2016-04-06	0.007816	0.047862	0.056684	0.047105	0.620163	6292100.000000
2016-04-05	-0.000601	0.047484	0.052522	0.045342	-0.047706	5259100.000000
2016-04-04	-0.003831	0.049619	0.049619	0.041840	-0.305313	5593400.000000
2016-04-01	0.014822	0.044166	0.064795	0.043275	1.164001	8028600.000000
2016-03-31	-0.004475	0.049001	0.052170	0.041395	-0.353020	6819200.000000
2016-03-30	-0.001449	0.051784	0.055202	0.046215	-0.114494	6925400.000000
2016-03-29	0.002179	0.048621	0.054076	0.042278	0.171730	6731400.000000
2016-03-28	-0.003257	0.049378	0.055195	0.043435	-0.257591	4988500.000000
2016-03-24	0.000845	0.043558	0.051910	0.043178	0.066780	6645700.000000
2016-03-23	0.000967	0.047860	0.057614	0.046087	0.076332	5594600.000000
2016-03-22	-0.006961	0.047611	0.048114	0.037673	-0.553367	7205900.000000
2016-03-21	0.002044	0.047736	0.057189	0.045088	0.162193	8625600.000000
2016-03-18	0.004834	0.049507	0.057613	0.044187	0.381622	33635200.000000
2016-03-17	0.017335	0.047469	0.072467	0.047340	1.345284	12061500.000000
2016-03-16	0.000369	0.048114	0.054430	0.037415	0.028625	9490300.000000
2016-03-15	0.001725	0.045918	0.051858	0.042819	0.133568	9297800.000000
2016-03-14	-0.007095	0.045806	0.049396	0.034395	-0.553368	12389300.000000
2016-03-11	-0.006442	0.054100	0.054737	0.037413	-0.505684	11109500.000000
2016-03-10	-0.008197	0.050261	0.051525	0.032826	-0.648773	10385600.000000
2016-03-09	-0.001204	0.051142	0.056063	0.043319	-0.095405	8954800.000000
2016-03-08	-0.000481	0.046474	0.056312	0.042690	-0.038163	7788400.000000
2016-03-07	-0.004671	0.044222	0.050750	0.041962	-0.372108	6792400.000000
2016-03-04	0.007847	0.045330	0.059501	0.040775	0.620171	9406700.000000
2016-03-03	0.003513	0.047987	0.052938	0.043416	0.276680	8747100.000000
2016-03-02	0.016250	0.052630	0.066565	0.043210	1.259399	12096600.000000
2016-03-01	0.011708	0.051377	0.062081	0.051247	0.896858	9483900.000000
2016-02-29	-0.009988	0.048114	0.051344	0.036611	-0.772819	11065300.000000
2016-02-26	-0.015059	0.050405	0.052060	0.030420	-1.183075	9281100.000000
2016-02-25	0.009563	0.049912	0.058137	0.046957	0.744178	6789700.000000
2016-02-24	-0.003056	0.041067	0.045936	0.033380	-0.238510	6759800.000000
2016-02-23	-0.003896	0.046455	0.052325	0.041478	-0.305305	5840600.000000
2016-02-22	0.004157	0.048114	0.059390	0.047088	0.324386	6916500.000000
2016-02-19	-0.002318	0.047858	0.051693	0.040698	-0.181282	7709600.000000
2016-02-18	-0.005700	0.045317	0.046461	0.032350	-0.448425	7702600.000000
2016-02-17	0.012029	0.050429	0.065610	0.048628	0.935021	10892900.000000
2016-02-16	0.005927	0.061055	0.061055	0.046172	0.457962	9352600.000000
2016-02-12	0.013642	0.054148	0.062805	0.046671	1.039962	9306100.000000
2016-02-11	-0.021073	0.032319	0.040023	0.022559	-1.641044	12343900.000000
2016-02-10	-0.012342	0.051538	0.052680	0.033148	-0.973160	10585400.000000
2016-02-09	0.000242	0.038092	0.052934	0.027816	0.019058	14308900.000000
2016-02-08	0.017488	0.036368	0.067734	0.036368	1.354836	16530200.000000
2016-02-05	0.006196	0.046555	0.054607	0.046425	0.477035	9957600.000000
2016-02-04	-0.004932	0.044883	0.048114	0.038162	-0.381637	8295100.000000
2016-02-03	0.010970	0.051511	0.061440	0.045500	0.839599	10149600.000000
2016-02-02	-0.011095	0.034805	0.040620	0.031188	-0.858680	9116400.000000
2016-02-01	-0.006978	0.041955	0.044393	0.033230	-0.543839	9657200.000000
2016-01-29	0.023428	0.050215	0.076739	0.048245	1.784164	19895000.000000
2016-01-28	0.012944	0.056094	0.064075	0.045586	0.973176	9895100.000000
2016-01-27	-0.000127	0.044390	0.061945	0.039336	-0.009537	10816100.000000
2016-01-26	0.025504	0.063798	0.085346	0.057524	1.870018	16374800.000000
2016-01-25	-0.006593	0.045946	0.048114	0.037275	-0.486588	9870400.000000
2016-01-22	0.008342	0.057403	0.065190	0.045791	0.610619	9465800.000000
2016-01-21	0.011737	0.050739	0.066773	0.042308	0.849136	12712900.000000
2016-01-20	-0.003115	0.037408	0.048431	0.025971	-0.226097	17795000.000000
2016-01-19	0.023339	0.068811	0.084463	0.067683	1.655228	13457300.000000
2016-01-15	-0.015364	0.034341	0.050724	0.033924	-1.106644	16724400.000000
2016-01-14	0.003955	0.060734	0.072581	0.057667	0.283753	12835100.000000
2016-01-13	-0.008626	0.063605	0.063882	0.047300	-0.624260	9310100.000000
2016-01-12	-0.002087	0.061800	0.062075	0.044563	-0.151329	8774700.000000
2016-01-11	0.009214	0.060032	0.072140	0.052100	0.662086	10209200.000000
2016-01-08	-0.015678	0.059715	0.061359	0.036564	-1.144470	9676400.000000
2016-01-07	-0.008734	0.043534	0.053718	0.032943	-0.643181	11973900.000000
2016-01-06	-0.009667	0.044474	0.052811	0.037077	-0.718857	9551000.000000
2016-01-05	0.003190	0.058193	0.065208	0.055090	0.236458	8133700.000000
2016-01-04	-0.013097	0.043269	0.045133	0.032352	-0.983681	11529800.000000
2015-12-31	-0.008243	0.055136	0.056853	0.047214	-0.624252	5042000.000000
2015-12-30	-0.003609	0.058565	0.059091	0.052513	-0.274300	3793200.000000
2015-12-29	0.005506	0.061218	0.066377	0.056323	0.416176	4406100.000000
2015-12-28	0.001629	0.056586	0.059634	0.053009	0.122963	4150000.000000
2015-12-24	-0.001627	0.053809	0.060292	0.053016	-0.122963	2498000.000000
2015-12-23	0.004020	0.061898	0.068273	0.055921	0.302666	8254600.000000
2015-12-22	0.008233	0.060061	0.067962	0.056312	0.614815	9872200.000000
2015-12-21	0.010495	0.064015	0.068751	0.057520	0.775596	9105800.000000
2015-12-18	-0.026903	0.052772	0.055010	0.028806	-2.043045	21342100.000000
2015-12-17	-0.008643	0.057118	0.057771	0.046936	-0.662094	9864200.000000
2015-12-16	0.016441	0.061230	0.077815	0.058841	1.239067	14102600.000000
2015-12-15	0.017755	0.062921	0.080341	0.059815	1.314736	14113400.000000
2015-12-14	0.006557	0.055210	0.067443	0.052627	0.482376	12179000.000000
2015-12-11	-0.000129	0.053443	0.064588	0.048007	-0.009461	12280500.000000
2015-12-10	0.001158	0.060106	0.068679	0.055480	0.085137	8915900.000000
2015-12-09	-0.000643	0.055209	0.074110	0.053033	-0.047303	10081900.000000
2015-12-08	-0.007911	0.047940	0.059003	0.043488	-0.586433	8312700.000000
2015-12-07	0.006938	0.053310	0.066350	0.053310	0.510773	9460000.000000
2015-12-04	0.027595	0.060599	0.087400	0.059762	1.976837	11961000.000000
2015-12-03	-0.000660	0.057807	0.062968	0.048600	-0.047302	11177800.000000
2015-12-02	-0.001975	0.054325	0.064488	0.053211	-0.141884	8104200.000000
2015-12-01	0.014698	0.057673	0.076744	0.057673	1.040443	8391700.000000
2015-11-30	-0.011361	0.055573	0.058785	0.045238	-0.813431	8935700.000000
2015-11-27	-0.002635	0.057109	0.063796	0.051677	-0.189186	2390100.000000
2015-11-25	-0.007194	0.058355	0.061259	0.049366	-0.520210	4266500.000000
2015-11-24	0.006318	0.052378	0.067269	0.052239	0.454010	7086800.000000
2015-11-23	0.001978	0.057249	0.060596	0.051392	0.141884	9421300.000000
2015-11-20	-0.005248	0.061826	0.066126	0.049759	-0.378342	9533200.000000
2015-11-19	0.004216	0.060592	0.072014	0.058920	0.302658	7899500.000000
2015-11-18	0.011056	0.055981	0.069783	0.053587	0.785065	6447100.000000
2015-11-17	-0.003054	0.057670	0.067218	0.051211	-0.217545	8761800.000000
2015-11-16	0.018118	0.061395	0.076833	0.057964	1.267456	7410600.000000
2015-11-13	-0.009376	0.056966	0.061780	0.047195	-0.662109	8468800.000000
2015-11-12	-0.017114	0.053212	0.057945	0.039155	-1.229607	7678600.000000
2015-11-11	0.002508	0.060737	0.066458	0.059342	0.179726	5295900.000000
2015-11-10	0.004907	0.056968	0.069027	0.054865	0.349953	6551000.000000
2015-11-09	-0.002250	0.051932	0.058088	0.048295	-0.160805	8607200.000000
2015-11-06	-0.010734	0.050190	0.051851	0.033721	-0.775589	9483500.000000
2015-11-05	-0.008694	0.057661	0.059993	0.042157	-0.633705	6860900.000000
2015-11-04	0.000129	0.056974	0.058484	0.049839	0.009437	6375400.000000
2015-11-03	0.005875	0.053108	0.068567	0.048416	0.425644	8013200.000000
2015-11-02	0.002880	0.059879	0.062647	0.052681	0.208085	7152900.000000
2015-10-30	-0.008309	0.056700	0.058896	0.048464	-0.605332	9547700.000000
2015-10-29	0.006666	0.060565	0.066645	0.053518	0.482369	8230700.000000
2015-10-28	-0.010092	0.058617	0.060669	0.035362	-0.737771	10178400.000000
2015-10-27	-0.002581	0.052201	0.055475	0.047971	-0.189155	9423400.000000
2015-10-26	0.005972	0.056837	0.069190	0.056837	0.435081	11464700.000000
2015-10-23	0.029125	0.084228	0.108099	0.077871	2.061966	16451200.000000
2015-10-22	0.017122	0.061128	0.086270	0.057536	1.191773	14080900.000000
2015-10-21	-0.002400	0.057005	0.068328	0.053422	-0.167427	8302100.000000
2015-10-20	-0.009713	0.062635	0.065190	0.052558	-0.684319	8507100.000000
2015-10-19	0.003471	0.063191	0.070881	0.061481	0.243729	7292200.000000
2015-10-16	0.008483	0.073215	0.077811	0.067757	0.590599	9578900.000000
2015-10-15	0.000808	0.072932	0.075807	0.064164	0.056236	8607400.000000
2015-10-14	0.001349	0.068191	0.073948	0.063728	0.093735	8479200.000000
2015-10-13	-0.002960	0.065459	0.066033	0.057136	-0.206246	8390200.000000
2015-10-12	-0.002014	0.069759	0.070762	0.058587	-0.140602	6255900.000000
2015-10-09	0.001075	0.069475	0.074063	0.065604	0.074982	6880100.000000
2015-10-08	0.009224	0.066172	0.077170	0.063423	0.637451	6856600.000000
2015-10-07	0.004360	0.071402	0.073582	0.065589	0.299996	8013200.000000
2015-10-06	0.002458	0.068500	0.074910	0.057573	0.168731	8851500.000000
2015-10-05	0.011047	0.074853	0.081628	0.067930	0.749932	9187700.000000
2015-10-02	0.006532	0.058004	0.073720	0.056966	0.440597	9085600.000000
2015-10-01	0.000139	0.064082	0.070310	0.058744	0.009377	8547600.000000
2015-09-30	-0.004704	0.075311	0.078263	0.055978	-0.318726	11041900.000000
2015-09-29	0.007106	0.066751	0.076264	0.060509	0.478096	9033300.000000
2015-09-28	-0.012385	0.061467	0.066751	0.053246	-0.843689	9207300.000000
2015-09-25	0.018357	0.082148	0.096948	0.075571	1.228012	15080700.000000
2015-09-24	0.015656	0.060071	0.086792	0.058856	1.031166	13423500.000000
2015-09-23	0.000998	0.066599	0.071311	0.063256	0.065636	6294200.000000
2015-09-22	-0.006511	0.057843	0.066751	0.056635	-0.431229	10207800.000000
2015-09-21	0.010152	0.069954	0.081088	0.067819	0.665581	7742800.000000
2015-09-18	-0.004271	0.054601	0.074952	0.053538	-0.281227	18210200.000000
2015-09-17	0.001997	0.065229	0.084556	0.063099	0.131241	11029600.000000
2015-09-16	0.009359	0.077042	0.080729	0.070591	0.609321	8704200.000000
2015-09-15	0.020423	0.066124	0.093083	0.064244	1.303029	11043700.000000
2015-09-14	-0.005262	0.063789	0.064880	0.049757	-0.337468	9712800.000000
2015-09-11	0.001464	0.062692	0.069718	0.057539	0.093735	11291400.000000
2015-09-10	-0.002337	0.061143	0.074072	0.055379	-0.150001	12591100.000000
2015-09-09	-0.021435	0.073763	0.075288	0.042209	-1.406136	11070600.000000
2015-09-08	0.017743	0.090798	0.092815	0.079162	1.143669	9182300.000000
2015-09-04	-0.016731	0.056836	0.056836	0.044937	-1.096786	11497500.000000
2015-09-03	0.001719	0.072405	0.076683	0.065070	0.112472	8468300.000000
2015-09-02	0.013208	0.078363	0.081460	0.071706	0.853066	8903700.000000
2015-09-01	-0.025046	0.047128	0.054826	0.034297	-1.659233	15437700.000000
2015-08-31	-0.007583	0.063605	0.063605	0.053119	-0.506203	9520900.000000
2015-08-28	-0.003777	0.062125	0.063617	0.053469	-0.253113	10020000.000000
2015-08-27	0.008181	0.074274	0.079540	0.053511	0.543709	13434000.000000
2015-08-26	0.036247	0.089826	0.106977	0.075015	2.324821	17464700.000000
2015-08-25	-0.010414	0.113655	0.114426	0.053791	-0.674957	21476900.000000
2015-08-24	-0.037583	0.018195	0.055318	-0.034519	-2.531044	23696300.000000
2015-08-21	-0.028007	0.061555	0.066607	0.036730	-1.940483	15763900.000000
2015-08-20	-0.002833	0.061426	0.075387	0.057252	-0.196854	10696500.000000
2015-08-19	-0.013443	0.063912	0.063912	0.050991	-0.946792	9775200.000000
2015-08-18	-0.005296	0.067457	0.070565	0.059266	-0.374977	7445900.000000
2015-08-17	-0.001190	0.069431	0.069431	0.054478	-0.084366	8683900.000000
2015-08-14	-0.002112	0.066188	0.067173	0.061120	-0.150002	5586900.000000
2015-08-13	-0.007985	0.068148	0.068427	0.056138	-0.571823	5948000.000000
2015-08-12	0.002230	0.062132	0.069690	0.054435	0.159355	10397700.000000
2015-08-11	-0.002095	0.062003	0.067729	0.058790	-0.149971	7491900.000000
2015-08-10	0.011924	0.073394	0.081167	0.071274	0.843682	9165900.000000
2015-08-07	-0.003433	0.064639	0.066470	0.061118	-0.243721	10045400.000000
2015-08-06	-0.000396	0.070130	0.070130	0.059430	-0.028130	9353300.000000
2015-08-05	-0.001844	0.068719	0.075604	0.064503	-0.131248	10895400.000000
2015-08-04	-0.006414	0.061585	0.065913	0.057675	-0.459343	13369100.000000
2015-08-03	-0.003911	0.064109	0.072175	0.057155	-0.281212	9511300.000000
2015-07-31	-0.008916	0.070059	0.071576	0.056689	-0.646836	11877200.000000
2015-07-30	-0.040064	0.050608	0.051667	0.020837	-3.027885	22067800.000000
2015-07-29	0.004861	0.067150	0.076856	0.065820	0.365593	8921500.000000
2015-07-28	0.003251	0.069019	0.075955	0.065951	0.243736	8649900.000000
2015-07-27	-0.003985	0.060640	0.063828	0.055325	-0.299972	8613600.000000
2015-07-24	-0.005080	0.064240	0.067148	0.060539	-0.384339	5660800.000000
2015-07-23	-0.001608	0.066751	0.067543	0.057645	-0.121879	5380900.000000
2015-07-22	-0.001692	0.067581	0.071139	0.062838	-0.128418	6106400.000000
2015-07-21	-0.006813	0.073131	0.074701	0.064756	-0.520691	7512400.000000
2015-07-20	-0.000608	0.073525	0.076925	0.072348	-0.046494	5012900.000000
2015-07-17	-0.000729	0.070128	0.076532	0.066339	-0.055793	5827300.000000
2015-07-16	0.001826	0.079414	0.080723	0.074832	0.139465	6623400.000000
2015-07-15	0.001341	0.073782	0.079157	0.072864	0.102280	6673700.000000
2015-07-14	0.001587	0.077193	0.082708	0.076405	0.120872	6119500.000000
2015-07-13	0.011859	0.083059	0.089968	0.080668	0.892632	7332900.000000
2015-07-10	0.003595	0.083087	0.084820	0.076820	0.269645	6892500.000000
2015-07-09	-0.004074	0.085579	0.088898	0.069245	-0.306831	9769900.000000
2015-07-08	-0.008933	0.068774	0.075092	0.064563	-0.678772	6724700.000000
2015-07-07	0.020862	0.075621	0.099401	0.075621	1.552795	11690400.000000
2015-07-06	0.001501	0.071181	0.079388	0.069700	0.111565	6601200.000000
2015-07-02	0.002634	0.079399	0.083986	0.076161	0.195267	6602500.000000
2015-07-01	0.018916	0.077548	0.096518	0.073837	1.376121	8868000.000000
2015-06-30	-0.001021	0.083725	0.084961	0.072877	-0.074386	8451400.000000
2015-06-29	-0.012856	0.070200	0.075893	0.060847	-0.948395	7966200.000000
2015-06-26	-0.000630	0.077518	0.080228	0.073996	-0.046501	7703200.000000
2015-06-25	-0.001509	0.078192	0.080762	0.073863	-0.111588	5855700.000000
2015-06-24	-0.003509	0.075621	0.076295	0.071577	-0.260345	8843700.000000
2015-06-23	-0.008204	0.073882	0.075486	0.064391	-0.613663	7190600.000000
2015-06-22	-0.001118	0.080560	0.084032	0.072682	-0.083702	6907900.000000
2015-06-19	-0.003464	0.074023	0.080543	0.070962	-0.260330	15598800.000000
2015-06-18	0.009241	0.078844	0.090797	0.078441	0.688049	10712500.000000
2015-06-17	0.012389	0.076846	0.090307	0.076302	0.911224	9305800.000000
2015-06-16	0.012545	0.095862	0.095862	0.081269	0.911217	8285700.000000
2015-06-15	-0.009509	0.068123	0.069895	0.062668	-0.697365	7527900.000000
2015-06-12	-0.006800	0.072236	0.074267	0.064110	-0.502098	6508600.000000
2015-06-11	-0.001634	0.080760	0.080760	0.071430	-0.120880	7633300.000000
2015-06-10	0.008112	0.079985	0.087618	0.076986	0.595085	9483500.000000
2015-06-09	0.015313	0.079085	0.097907	0.077009	1.106476	11528900.000000
2015-06-08	0.003616	0.076181	0.083126	0.070903	0.260353	10916200.000000
2015-06-05	-0.009213	0.073973	0.075073	0.064752	-0.669472	9439700.000000
2015-06-04	-0.005219	0.073433	0.079320	0.068641	-0.381218	7714600.000000
2015-06-03	0.000255	0.080553	0.080827	0.071789	0.018586	5946800.000000
2015-06-02	-0.003931	0.070167	0.073713	0.066211	-0.288239	7380800.000000
2015-06-01	0.005868	0.079054	0.084816	0.073840	0.427727	7588000.000000
2015-05-29	-0.011849	0.073453	0.074266	0.060031	-0.874039	12551700.000000
2015-05-28	-0.000756	0.076028	0.076299	0.070474	-0.055778	5803400.000000
2015-05-27	0.003159	0.076573	0.086358	0.074807	0.232437	8094600.000000
2015-05-26	-0.010131	0.075755	0.077101	0.061900	-0.753136	6698300.000000
2015-05-22	-0.005721	0.073212	0.075352	0.068932	-0.427727	6003600.000000
2015-05-21	-0.000870	0.071344	0.076823	0.066934	-0.065071	6054700.000000
2015-05-20	-0.004330	0.076817	0.077748	0.070430	-0.325447	5487000.000000
2015-05-19	0.001115	0.075620	0.078284	0.070025	0.083695	5729500.000000
2015-05-18	-0.003825	0.074425	0.076548	0.068188	-0.288246	5590800.000000
2015-05-15	0.005958	0.078957	0.082828	0.077622	0.446311	7454800.000000
2015-05-14	0.010916	0.081019	0.088846	0.080749	0.808945	5634200.000000
2015-05-13	-0.003127	0.078311	0.084096	0.070106	-0.232460	6459900.000000
2015-05-12	-0.003986	0.072271	0.075754	0.063294	-0.297531	6305800.000000
2015-05-11	-0.008523	0.075354	0.075885	0.066188	-0.641563	5237800.000000
2015-05-08	0.009476	0.084739	0.089031	0.083801	0.706649	6929400.000000
2015-05-07	-0.002488	0.075085	0.077493	0.070135	-0.185981	7224300.000000
2015-05-06	0.004122	0.079113	0.082337	0.068099	0.306854	7335700.000000
2015-05-05	-0.003485	0.077494	0.079502	0.067857	-0.260361	6589400.000000
2015-05-04	0.000747	0.078031	0.084595	0.075620	0.055802	7203800.000000
2015-05-01	0.009810	0.078868	0.086443	0.077109	0.725242	8193000.000000
2015-04-30	-0.004258	0.076833	0.079527	0.064981	-0.316124	9409300.000000
2015-04-29	-0.007088	0.069870	0.074015	0.066125	-0.529983	11858500.000000
2015-04-28	-0.002234	0.077221	0.078422	0.070015	-0.167397	8395500.000000
2015-04-27	-0.004938	0.074291	0.078142	0.068449	-0.371918	9192300.000000
2015-04-24	0.000618	0.076682	0.083192	0.074822	0.046502	8785500.000000
2015-04-23	-0.017919	0.062347	0.071220	0.055562	-1.373337	14569500.000000
2015-04-22	0.000120	0.085964	0.087530	0.077873	0.009216	6753100.000000
2015-04-21	0.002534	0.090940	0.096303	0.084529	0.193703	7696400.000000
2015-04-20	0.004120	0.091493	0.103185	0.087684	0.313629	7416000.000000
2015-04-17	-0.011617	0.077645	0.080502	0.065051	-0.894722	9533800.000000
2015-04-16	-0.000120	0.084786	0.091407	0.082060	-0.009232	7615900.000000
2015-04-15	-0.001076	0.087379	0.091918	0.082581	-0.083007	7006400.000000
2015-04-14	0.002038	0.083617	0.089985	0.079199	0.156807	6792600.000000
2015-04-13	0.000960	0.079584	0.091941	0.078804	0.073776	8290500.000000
2015-04-10	0.005550	0.082960	0.093816	0.081914	0.424316	7001700.000000
2015-04-09	0.001450	0.082303	0.086495	0.074182	0.110687	6185000.000000
2015-04-08	0.004612	0.082953	0.094532	0.082558	0.350495	6523400.000000
2015-04-07	-0.007827	0.082701	0.087401	0.074867	-0.599549	6329900.000000
2015-04-06	0.007400	0.077429	0.094659	0.072037	0.562653	6856300.000000
2015-04-02	0.001336	0.082161	0.087693	0.078869	0.101471	6169800.000000
2015-04-01	0.004638	0.090752	0.090885	0.077654	0.350510	7395300.000000
2015-03-31	-0.009429	0.084661	0.086889	0.073914	-0.719467	8649700.000000
2015-03-30	0.004981	0.088352	0.092567	0.082030	0.378204	6416800.000000
2015-03-27	0.001947	0.083213	0.089284	0.082026	0.147568	6440600.000000
2015-03-26	-0.010360	0.078521	0.078913	0.070293	-0.793267	7311600.000000
2015-03-25	-0.010844	0.089950	0.089950	0.070443	-0.839370	8482200.000000
2015-03-24	-0.011077	0.084520	0.087331	0.071489	-0.867051	7478800.000000
2015-03-23	0.001416	0.079403	0.088103	0.079275	0.110672	9891100.000000
2015-03-20	0.016311	0.092068	0.102470	0.089208	1.254471	22580300.000000
2015-03-19	-0.004418	0.080383	0.084137	0.075982	-0.341301	9257500.000000
2015-03-18	0.010863	0.084268	0.099840	0.073276	0.830178	12607900.000000
2015-03-17	-0.008497	0.081542	0.081672	0.069476	-0.654900	7509300.000000
2015-03-16	0.021141	0.087449	0.112224	0.086257	1.595718	15618300.000000
2015-03-13	-0.003167	0.082684	0.086646	0.071723	-0.239814	7492500.000000
2015-03-12	0.008600	0.086801	0.093861	0.085735	0.645668	6951100.000000
2015-03-11	-0.001840	0.084004	0.087328	0.074431	-0.138367	10066600.000000
2015-03-10	-0.018654	0.076047	0.081397	0.063913	-1.429695	9681400.000000
2015-03-09	0.005202	0.085842	0.091350	0.084399	0.396622	7326700.000000
2015-03-06	-0.023278	0.080422	0.080806	0.055186	-1.817109	11338700.000000
2015-03-05	0.003320	0.087607	0.089407	0.080795	0.258278	5914200.000000
2015-03-04	-0.009512	0.082609	0.085155	0.072043	-0.747146	7370000.000000
2015-03-03	-0.002927	0.083375	0.084518	0.073094	-0.230606	6095600.000000
2015-03-02	0.003289	0.084137	0.087703	0.080444	0.258285	7235200.000000
2015-02-27	-0.000470	0.082228	0.086810	0.076499	-0.036903	7685000.000000
2015-02-26	-0.003393	0.083629	0.087943	0.076906	-0.267494	7964500.000000
2015-02-25	-0.000468	0.086673	0.087941	0.080840	-0.036896	5975800.000000
2015-02-24	0.001288	0.085660	0.088581	0.079312	0.101463	6502200.000000
2015-02-23	0.006127	0.085287	0.092185	0.081327	0.479652	7919200.000000
2015-02-20	-0.003990	0.080829	0.082101	0.071159	-0.313629	9581300.000000
2015-02-19	-0.012172	0.082252	0.084640	0.068929	-0.968506	7271600.000000
2015-02-18	0.009007	0.087561	0.095551	0.084518	0.710267	8132300.000000
2015-02-17	-0.004773	0.086156	0.086156	0.072778	-0.378197	10310400.000000
2015-02-13	-0.001511	0.084137	0.085649	0.077458	-0.119919	6272000.000000
2015-02-12	0.004554	0.089454	0.090593	0.081225	0.359726	6074600.000000
2015-02-11	0.002928	0.091247	0.094421	0.081090	0.230606	7184600.000000
2015-02-10	0.003998	0.087706	0.090765	0.081205	0.313614	7059300.000000
2015-02-09	-0.006541	0.080338	0.081858	0.071220	-0.516525	8811500.000000
2015-02-06	-0.012572	0.082386	0.083011	0.064755	-1.005425	8429800.000000
2015-02-05	0.010608	0.089824	0.096648	0.088055	0.839394	6531300.000000
2015-02-04	-0.001862	0.083380	0.090822	0.079092	-0.147591	9212800.000000
2015-02-03	0.009751	0.094708	0.095345	0.084137	0.765587	10747900.000000
2015-02-02	0.009847	0.087867	0.095070	0.076291	0.765572	10278700.000000
2015-01-30	-0.016108	0.076797	0.078442	0.066167	-1.272881	14685300.000000
2015-01-29	0.006107	0.092158	0.096360	0.084137	0.479630	12054500.000000
2015-01-28	-0.015493	0.085892	0.089402	0.065585	-1.236008	14033400.000000
2015-01-27	-0.034494	0.054123	0.055454	0.041052	-2.850182	14417400.000000
2015-01-26	-0.005551	0.082572	0.082572	0.068009	-0.461219	9371700.000000
2015-01-23	-0.016808	0.078812	0.079049	0.064376	-1.420472	6745700.000000
2015-01-22	0.009809	0.087841	0.095608	0.073861	0.820938	7211200.000000
2015-01-21	0.002032	0.082389	0.091848	0.073169	0.169709	6974500.000000
2015-01-20	-0.000657	0.091848	0.098309	0.082874	-0.054932	9869900.000000
2015-01-16	0.015468	0.092941	0.109831	0.091969	1.273056	8815700.000000
2015-01-15	-0.001445	0.097914	0.098035	0.083961	-0.119072	6768200.000000
2015-01-14	-0.003433	0.084956	0.090155	0.081328	-0.283920	6418200.000000
2015-01-13	0.004226	0.102290	0.111033	0.090027	0.348053	6727100.000000
2015-01-12	-0.003657	0.094630	0.096324	0.082895	-0.302254	5250900.000000
2015-01-09	-0.009330	0.092807	0.092807	0.080102	-0.778496	4872800.000000
2015-01-08	0.011436	0.096818	0.105910	0.092575	0.943367	6823300.000000
2015-01-07	0.005245	0.095991	0.101231	0.091360	0.430458	5986600.000000
2015-01-06	-0.004555	0.095487	0.098519	0.082750	-0.375518	7791200.000000
2015-01-05	-0.004755	0.089313	0.098608	0.084725	-0.393830	8626100.000000
2015-01-02	-0.007136	0.088851	0.090769	0.077824	-0.595314	7251400.000000
2014-12-31	-0.014177	0.087594	0.093620	0.075659	-1.199798	5712100.000000
2014-12-30	-0.002591	0.087251	0.093969	0.085483	-0.219818	4730000.000000
2014-12-29	-0.008774	0.087876	0.091497	0.080633	-0.751023	4657700.000000
2014-12-26	0.003436	0.091965	0.099702	0.090910	0.293091	3148700.000000
2014-12-24	-0.001608	0.094306	0.098870	0.090092	-0.137390	2403000.000000
2014-12-23	0.007451	0.093499	0.102224	0.093027	0.631958	5610600.000000
2014-12-22	0.005975	0.092441	0.099913	0.091255	0.503723	7157100.000000
2014-12-19	0.000544	0.093628	0.100511	0.088999	0.045799	14037800.000000
2014-12-18	0.014333	0.095580	0.107497	0.090042	1.190651	8724500.000000
2014-12-17	0.014996	0.094292	0.113841	0.092337	1.227280	7412700.000000
2014-12-16	0.001794	0.091113	0.113391	0.081811	0.146545	8773800.000000
2014-12-15	-0.003909	0.093677	0.104650	0.085508	-0.320564	6511900.000000
2014-12-12	-0.009512	0.087017	0.098611	0.081220	-0.787651	6574600.000000
2014-12-11	0.004556	0.091848	0.107377	0.091605	0.375519	6468700.000000
2014-12-10	-0.007827	0.094737	0.096542	0.082820	-0.650292	6293300.000000
2014-12-09	-0.000551	0.088359	0.092088	0.081141	-0.045791	5704000.000000
2014-12-08	0.004204	0.091365	0.099338	0.091123	0.348030	4721900.000000
2014-12-05	-0.002208	0.088714	0.089919	0.075334	-0.183167	6383400.000000
2014-12-04	0.006445	0.097914	0.103252	0.093061	0.531220	6406700.000000
2014-12-03	-0.011749	0.089090	0.090649	0.074703	-0.980004	6465600.000000
2014-12-02	0.010990	0.096211	0.105060	0.092333	0.906716	7432900.000000
2014-12-01	-0.003870	0.088708	0.094745	0.080860	-0.320564	6745100.000000
2014-11-28	0.017439	0.094428	0.112486	0.092953	1.419624	7661800.000000
2014-11-26	0.000901	0.092217	0.092831	0.087544	0.073257	4420000.000000
2014-11-25	0.007831	0.094946	0.100646	0.091476	0.631974	6439700.000000
2014-11-24	-0.005531	0.095298	0.095422	0.082729	-0.448784	5569200.000000
2014-11-21	0.001469	0.101598	0.103696	0.091724	0.119064	8984100.000000
2014-11-20	-0.002930	0.086926	0.092709	0.086926	-0.238144	5527600.000000
2014-11-19	0.008869	0.095448	0.103269	0.091599	0.714394	6570400.000000
2014-11-18	0.001252	0.094085	0.096074	0.087497	0.100753	6419400.000000
2014-11-17	-0.003064	0.090485	0.092715	0.082678	-0.247283	9475800.000000
2014-11-14	-0.005531	0.093080	0.095422	0.083591	-0.448784	7559400.000000
2014-11-13	-0.009835	0.085259	0.096241	0.079402	-0.805977	10191600.000000
2014-11-12	-0.002119	0.090996	0.094405	0.088804	-0.174011	6298700.000000
2014-11-11	0.002459	0.090993	0.095998	0.088430	0.201492	6343900.000000
2014-11-10	0.003590	0.089275	0.096380	0.081190	0.293075	5927100.000000
2014-11-07	0.002587	0.089883	0.095532	0.083865	0.210656	5975700.000000
2014-11-06	-0.001124	0.092829	0.094301	0.086572	-0.091599	6628900.000000
2014-11-05	0.004061	0.093080	0.102318	0.088399	0.329720	8462000.000000
2014-11-04	0.014420	0.093222	0.110466	0.092598	1.154014	10594800.000000
2014-11-03	0.001260	0.084216	0.093349	0.078461	0.100746	7789500.000000
2014-10-31	0.003796	0.093606	0.097122	0.088959	0.302239	9359800.000000
2014-10-30	0.004622	0.087053	0.097651	0.080871	0.366333	5560300.000000
2014-10-29	0.000810	0.094373	0.094373	0.084777	0.064125	6880600.000000
2014-10-28	0.006050	0.095024	0.100740	0.094642	0.476257	9437700.000000
2014-10-27	0.009277	0.089284	0.108772	0.087617	0.723542	10316600.000000
2014-10-24	0.023189	0.116379	0.127792	0.113887	1.767654	13465600.000000
2014-10-23	-0.011872	0.092237	0.093144	0.066830	-0.915886	14292100.000000
2014-10-22	0.003144	0.093070	0.099962	0.091250	0.241798	9747600.000000
2014-10-21	0.005108	0.104012	0.106234	0.093426	0.390831	12389600.000000
2014-10-20	0.010928	0.099958	0.114228	0.094409	0.827111	8558100.000000
2014-10-17	0.012524	0.109721	0.116811	0.097413	0.936180	11786600.000000
2014-10-16	-0.008560	0.082979	0.098232	0.081918	-0.645340	11310200.000000
2014-10-15	-0.007181	0.087580	0.100617	0.076651	-0.545342	13283200.000000
2014-10-14	0.002159	0.107348	0.107348	0.095735	0.163605	8210300.000000
2014-10-13	-0.015586	0.095285	0.097364	0.082294	-1.199760	10066100.000000
2014-10-10	0.012312	0.104036	0.121527	0.103510	0.936172	13732400.000000
2014-10-09	-0.006177	0.100614	0.109371	0.091727	-0.472626	7765700.000000
2014-10-08	0.012265	0.102603	0.115040	0.100883	0.927079	8107100.000000
2014-10-07	-0.004906	0.097721	0.104830	0.094298	-0.372643	7378200.000000
2014-10-06	-0.002626	0.097333	0.102192	0.092344	-0.199974	5656500.000000
2014-10-03	0.008910	0.105389	0.112145	0.097970	0.672600	6701500.000000
2014-10-02	-0.001083	0.099693	0.111206	0.097708	-0.081802	8858400.000000
2014-10-01	-0.007165	0.103901	0.104164	0.090894	-0.545342	9024700.000000
2014-09-30	-0.008290	0.098919	0.099180	0.090319	-0.636246	8074700.000000
2014-09-29	-0.001655	0.094108	0.098791	0.088255	-0.127235	6360000.000000
2014-09-26	0.002964	0.102962	0.105571	0.094090	0.227219	5478000.000000
2014-09-25	-0.010676	0.097382	0.098802	0.088476	-0.827103	8212300.000000
2014-09-24	0.009474	0.098789	0.112730	0.098789	0.727119	11694700.000000
2014-09-23	-0.004363	0.098146	0.101649	0.095422	-0.336288	7723500.000000
2014-09-22	0.004025	0.102436	0.106474	0.100482	0.309028	8397100.000000
2014-09-19	0.003326	0.104534	0.107801	0.100091	0.254487	11377700.000000
2014-09-18	0.000356	0.100483	0.103882	0.099045	0.027259	5309200.000000
2014-09-17	0.000952	0.099437	0.105718	0.098259	0.072724	8273800.000000
2014-09-16	0.002504	0.096418	0.107830	0.096155	0.190864	7143800.000000
2014-09-15	0.007327	0.099165	0.113304	0.098636	0.554444	7004700.000000
2014-09-12	-0.002755	0.096532	0.098773	0.091920	-0.209038	6358500.000000
2014-09-11	-0.001793	0.099828	0.101669	0.096671	-0.136330	6341600.000000
2014-09-10	0.007832	0.103006	0.113082	0.102343	0.590782	6715300.000000
2014-09-09	-0.003961	0.096657	0.099826	0.093752	-0.299942	5202900.000000
2014-09-08	-0.005372	0.097595	0.097989	0.091816	-0.409011	4899600.000000
2014-09-05	0.000836	0.096805	0.101537	0.091941	0.063629	5888900.000000
2014-09-04	0.009650	0.100487	0.111503	0.098629	0.727112	7444200.000000
2014-09-03	-0.000964	0.103935	0.106851	0.097438	-0.072709	5851800.000000
2014-09-02	-0.001564	0.101546	0.105252	0.094927	-0.118156	5528900.000000
2014-08-29	0.000963	0.101017	0.101547	0.094524	0.072708	4901300.000000
2014-08-28	-0.003361	0.096392	0.099033	0.092958	-0.254501	4278700.000000
2014-08-27	-0.000839	0.100882	0.103125	0.097319	-0.063614	4248300.000000
2014-08-26	-0.001915	0.101144	0.104041	0.097456	-0.145416	5188400.000000
2014-08-25	0.001799	0.104840	0.105895	0.099166	0.136329	5586800.000000
2014-08-22	0.001321	0.098637	0.105242	0.098373	0.099991	6978500.000000
2014-08-21	0.005676	0.100089	0.108991	0.098628	0.427178	7099800.000000
2014-08-20	0.001451	0.097162	0.103548	0.097162	0.109062	4581800.000000
2014-08-19	0.003032	0.099021	0.105960	0.095951	0.227211	6867700.000000
2014-08-18	0.008071	0.103047	0.114617	0.100626	0.599907	8450500.000000
2014-08-15	-0.002074	0.103981	0.103981	0.089884	-0.154518	7418400.000000
2014-08-14	0.005768	0.101707	0.107784	0.099682	0.427185	5930700.000000
2014-08-13	0.000737	0.103195	0.105357	0.096033	0.054542	5472200.000000
2014-08-12	-0.000736	0.100492	0.105353	0.096576	-0.054542	6591200.000000
2014-08-11	0.006547	0.104028	0.112726	0.101309	0.481727	8188000.000000
2014-08-08	0.010107	0.098987	0.112441	0.098849	0.736214	6215600.000000
2014-08-07	-0.011715	0.099272	0.101443	0.085569	-0.863464	7904000.000000
2014-08-06	0.021156	0.100083	0.126408	0.098282	1.526947	12839000.000000
2014-08-05	0.002399	0.097028	0.107444	0.096889	0.172706	7995900.000000
2014-08-04	-0.005399	0.097597	0.097597	0.086547	-0.390838	12075300.000000
2014-08-01	0.030135	0.127685	0.147891	0.121709	2.117767	18110700.000000
2014-07-31	-0.010747	0.094591	0.098110	0.087975	-0.763497	11235600.000000
2014-07-30	-0.006230	0.100921	0.105258	0.093088	-0.445365	8296500.000000
2014-07-29	-0.007696	0.097862	0.103553	0.091754	-0.554429	6419600.000000
2014-07-28	-0.003770	0.098148	0.101052	0.090404	-0.272651	6757300.000000
2014-07-25	-0.008722	0.096932	0.098851	0.088022	-0.636254	6293400.000000
2014-07-24	0.003376	0.102010	0.104761	0.098296	0.245415	6273100.000000
2014-07-23	-0.001373	0.103381	0.105716	0.096376	-0.099983	5891200.000000
2014-07-22	-0.002242	0.100359	0.104334	0.093233	-0.163605	6073200.000000
2014-07-21	-0.003352	0.097217	0.098173	0.092027	-0.245415	4434300.000000
2014-07-18	0.001866	0.102275	0.105012	0.096938	0.136345	6502400.000000
2014-07-17	-0.006672	0.100902	0.104028	0.092746	-0.490814	5844700.000000
2014-07-16	0.004019	0.104098	0.108192	0.102051	0.294487	8940500.000000
2014-07-15	-0.000738	0.111602	0.111738	0.105874	-0.054115	9637600.000000
2014-07-14	0.001971	0.111744	0.116936	0.110924	0.144272	6802000.000000
2014-07-11	-0.005514	0.101537	0.108468	0.100722	-0.405754	7519300.000000
2014-07-10	-0.000735	0.103579	0.112270	0.102493	-0.054100	8786500.000000
2014-07-09	0.013778	0.110388	0.126081	0.108185	1.000885	12113100.000000
2014-07-08	0.004614	0.106798	0.118139	0.105139	0.333641	9150200.000000
2014-07-07	0.002625	0.105822	0.112062	0.104574	0.189346	6673600.000000
2014-07-03	0.005279	0.114168	0.117096	0.110126	0.378708	5501100.000000
2014-07-02	0.003532	0.112928	0.117124	0.111249	0.252487	6276600.000000
2014-07-01	0.008780	0.112962	0.120582	0.107882	0.622177	8421200.000000
2014-06-30	-0.005442	0.108871	0.115186	0.100731	-0.387733	10297700.000000
2014-06-27	0.005088	0.108729	0.117052	0.107601	0.360695	8974900.000000
2014-06-26	-0.008825	0.107893	0.108592	0.098805	-0.631203	7258800.000000
2014-06-25	0.003924	0.109432	0.113924	0.103958	0.279526	12569300.000000
2014-06-24	-0.006413	0.107616	0.107895	0.100643	-0.459870	8157300.000000
2014-06-23	-0.005129	0.110815	0.110815	0.101103	-0.369690	6938900.000000
2014-06-20	-0.003863	0.111775	0.112605	0.103344	-0.279533	11659900.000000
2014-06-19	0.005640	0.109845	0.119852	0.109150	0.405762	12485100.000000
2014-06-18	0.002639	0.107060	0.114028	0.102740	0.189369	9614200.000000
2014-06-17	-0.001381	0.107898	0.110403	0.104279	-0.099205	5337300.000000
2014-06-16	0.000628	0.107340	0.113189	0.101631	0.045082	5334600.000000
2014-06-13	-0.001504	0.108594	0.111514	0.105396	-0.108200	5214000.000000
2014-06-12	-0.003747	0.105686	0.108595	0.103886	-0.270508	6526800.000000
2014-06-11	-0.001123	0.107627	0.111086	0.105275	-0.081161	7453700.000000
2014-06-10	0.000749	0.108180	0.111919	0.107765	0.054115	5658400.000000
2014-06-09	0.000750	0.107348	0.111921	0.106517	0.054100	6352500.000000
2014-06-06	-0.000999	0.108734	0.110811	0.104997	-0.072128	5520500.000000
2014-06-05	0.003130	0.112483	0.115260	0.110539	0.225425	5787700.000000
2014-06-04	-0.000876	0.109982	0.113035	0.104988	-0.063118	5427700.000000
2014-06-03	-0.005351	0.104595	0.108183	0.098523	-0.387741	6970600.000000
2014-06-02	-0.005322	0.107227	0.107364	0.102148	-0.387726	4331700.000000
2014-05-30	0.004851	0.106942	0.115218	0.105838	0.351654	7433000.000000
2014-05-29	0.003745	0.109011	0.113165	0.108734	0.270508	3886800.000000
2014-05-28	0.000250	0.108319	0.111781	0.108180	0.018036	4201400.000000
2014-05-27	-0.005464	0.109424	0.109838	0.102538	-0.396736	7003800.000000
2014-05-23	-0.001612	0.107086	0.111761	0.105573	-0.117233	4472600.000000
2014-05-22	0.001988	0.107358	0.111491	0.102949	0.144287	5561100.000000
2014-05-21	0.003241	0.110532	0.115093	0.106108	0.234436	6339800.000000
2014-05-20	0.003753	0.110260	0.118030	0.109566	0.270515	7057200.000000
2014-05-19	-0.004980	0.104593	0.105145	0.098105	-0.360695	6068100.000000
2014-05-16	-0.002483	0.110388	0.112179	0.101712	-0.180336	11558900.000000
2014-05-15	-0.007885	0.110104	0.111744	0.099037	-0.577087	9402100.000000
2014-05-14	-0.005392	0.110778	0.113088	0.102352	-0.396751	6867200.000000
2014-05-13	-0.001468	0.111861	0.112403	0.104804	-0.108216	6540200.000000
2014-05-12	-0.008010	0.111973	0.113319	0.099858	-0.595108	7859000.000000
2014-05-09	0.002799	0.109551	0.117650	0.108741	0.207390	7303500.000000
2014-05-08	0.000853	0.108606	0.112118	0.105364	0.063118	4631200.000000
2014-05-07	0.011833	0.113385	0.122817	0.112975	0.865639	6639500.000000
2014-05-06	-0.006977	0.109826	0.109826	0.101138	-0.513970	4591300.000000
2014-05-05	-0.002686	0.105220	0.108469	0.102919	-0.198387	4563600.000000
2014-05-02	-0.005101	0.107395	0.112513	0.101065	-0.378700	6629200.000000
2014-05-01	-0.002544	0.106861	0.107936	0.098398	-0.189377	5305000.000000
2014-04-30	0.001335	0.108339	0.113181	0.106321	0.099205	6243300.000000
2014-04-29	-0.006029	0.106471	0.109145	0.101256	-0.450859	7214300.000000
2014-04-28	0.018794	0.110782	0.130398	0.110373	1.379601	11595100.000000
2014-04-25	0.003204	0.109694	0.114888	0.106551	0.234443	7497400.000000
2014-04-24	0.009831	0.107631	0.123088	0.104181	0.712349	9523200.000000
2014-04-23	-0.003052	0.110580	0.110580	0.092143	-0.221809	9577500.000000
2014-04-22	-0.003801	0.117597	0.119379	0.112252	-0.277321	9259100.000000
2014-04-21	-0.002446	0.118555	0.118555	0.111445	-0.178917	6391000.000000
2014-04-17	0.001347	0.115407	0.121157	0.113627	0.098396	8374700.000000
2014-04-16	0.010020	0.123956	0.132253	0.120499	0.724602	8300700.000000
2014-04-15	0.000371	0.117595	0.121745	0.113860	0.026825	9000800.000000
2014-04-14	0.000619	0.121194	0.123962	0.114411	0.044746	7105600.000000
2014-04-11	-0.004070	0.116355	0.125729	0.109738	-0.295219	11831400.000000
2014-04-10	-0.004909	0.119106	0.126651	0.109641	-0.357819	12194300.000000
2014-04-09	0.001721	0.124055	0.130102	0.117459	0.125252	11550700.000000
2014-04-08	0.010685	0.118149	0.130232	0.111344	0.769318	11880700.000000
2014-04-07	0.009026	0.121375	0.136090	0.120114	0.644089	13229000.000000
2014-04-04	-0.004120	0.123035	0.124291	0.112987	-0.295220	8649600.000000
2014-04-03	-0.000374	0.119964	0.124149	0.115081	-0.026832	5646000.000000
2014-04-02	-0.002614	0.115784	0.117732	0.110358	-0.187859	6741800.000000
2014-04-01	-0.003226	0.117872	0.121200	0.112463	-0.232582	8222300.000000
2014-03-31	0.010532	0.121235	0.132868	0.114928	0.751427	8492800.000000
2014-03-28	0.001381	0.121942	0.127275	0.116047	0.098388	6413500.000000
2014-03-27	0.001887	0.118574	0.130948	0.116184	0.134178	8134100.000000
2014-03-26	-0.003884	0.120953	0.123054	0.111148	-0.277290	8269800.000000
2014-03-25	0.006431	0.120973	0.127598	0.119845	0.456223	8892500.000000
2014-03-24	0.018233	0.126771	0.145862	0.126340	1.270271	11221600.000000
2014-03-21	-0.005618	0.128148	0.138282	0.111591	-0.393601	21244400.000000
2014-03-20	-0.005839	0.116736	0.120000	0.108932	-0.411521	8659500.000000
2014-03-19	-0.012410	0.116611	0.119834	0.100215	-0.885582	8607200.000000
2014-03-18	-0.000877	0.117872	0.121232	0.113251	-0.062622	7703200.000000
2014-03-17	0.010889	0.118438	0.131601	0.118438	0.769302	8452100.000000
2014-03-14	-0.002652	0.116601	0.118436	0.110531	-0.187859	14850700.000000
2014-03-13	-0.000631	0.119000	0.125207	0.117166	-0.044731	9676600.000000
2014-03-12	0.003674	0.113766	0.124951	0.113199	0.259445	7469300.000000
2014-03-11	0.005348	0.118726	0.130114	0.118441	0.375718	6595800.000000
2014-03-10	0.001914	0.116588	0.120581	0.115304	0.134170	5229900.000000
2014-03-07	0.004099	0.122884	0.125605	0.118588	0.286255	5865400.000000
2014-03-06	0.003084	0.121032	0.126778	0.118159	0.214706	6475600.000000
2014-03-05	-0.008031	0.116019	0.117302	0.105047	-0.563583	8542300.000000
2014-03-04	0.012519	0.126673	0.135762	0.123931	0.867722	8306900.000000
2014-03-03	-0.015001	0.112187	0.114319	0.099255	-1.055581	8598600.000000
2014-02-28	0.006011	0.118586	0.128165	0.115298	0.420441	8489600.000000
2014-02-27	0.004238	0.116579	0.123184	0.113564	0.295212	6549800.000000
2014-02-26	-0.003328	0.119446	0.127173	0.113579	-0.232598	7764700.000000
2014-02-25	0.003340	0.116005	0.124332	0.111267	0.232598	8177500.000000
2014-02-24	-0.001411	0.118732	0.129341	0.112710	-0.098404	7838700.000000
2014-02-21	0.000642	0.119737	0.131788	0.117728	0.044731	8089200.000000
2014-02-20	-0.002816	0.115296	0.122163	0.108716	-0.196808	8275200.000000
2014-02-19	0.002180	0.113140	0.132065	0.111850	0.152077	8740000.000000
2014-02-18	-0.018010	0.118998	0.121110	0.091966	-1.279221	15750700.000000
2014-02-14	0.020565	0.116291	0.145890	0.109969	1.431275	10791900.000000
2014-02-13	0.004001	0.112101	0.124075	0.110803	0.277336	7420600.000000
2014-02-12	-0.017123	0.107804	0.113476	0.092633	-1.207665	11019700.000000
2014-02-11	0.010381	0.118874	0.133344	0.112284	0.724587	10500800.000000
2014-02-10	0.009313	0.119607	0.129150	0.116136	0.644096	8959700.000000
2014-02-07	0.005331	0.119180	0.124994	0.115691	0.366760	7259200.000000
2014-02-06	0.005886	0.119041	0.125768	0.118310	0.402558	7819700.000000
2014-02-05	0.004731	0.115668	0.128303	0.111701	0.322052	9734100.000000
2014-02-04	0.005152	0.122302	0.128061	0.113442	0.348869	12055400.000000
2014-02-03	-0.012007	0.118893	0.119914	0.102990	-0.822998	14292700.000000
2014-01-31	-0.003252	0.105656	0.122525	0.094458	-0.223640	12988800.000000
2014-01-30	-0.009918	0.123775	0.123775	0.105345	-0.688813	9450500.000000
2014-01-29	-0.018582	0.113491	0.113491	0.093426	-1.314987	13443100.000000
2014-01-28	0.008156	0.120721	0.132830	0.117302	0.572502	10060800.000000
2014-01-27	-0.008967	0.118719	0.119566	0.107142	-0.635116	10395400.000000
2014-01-24	0.012014	0.133445	0.167307	0.125587	0.840874	20163200.000000
2014-01-23	-0.012495	0.110535	0.114203	0.102210	-0.885628	12667700.000000
2014-01-22	-0.004373	0.117759	0.122114	0.110454	-0.311302	8455600.000000
2014-01-21	0.003756	0.136339	0.138172	0.121534	0.266357	13216400.000000
2014-01-17	-0.008441	0.124371	0.127446	0.115702	-0.603737	13629800.000000
2014-01-16	-0.002847	0.124376	0.126886	0.118939	-0.204193	11673300.000000
2014-01-15	-0.000989	0.123960	0.130645	0.117693	-0.071045	8221900.000000
2014-01-14	0.010749	0.127032	0.139138	0.126469	0.763550	8737100.000000
2014-01-13	-0.003611	0.122260	0.129133	0.117772	-0.257469	9360800.000000
2014-01-10	-0.001492	0.128709	0.132911	0.123247	-0.106545	8448300.000000
2014-01-09	0.002244	0.130539	0.134189	0.123380	0.159828	10833900.000000
2014-01-08	-0.014493	0.120103	0.122593	0.107376	-1.047653	13458800.000000
2014-01-07	0.009673	0.127306	0.139458	0.126049	0.692513	7158200.000000
2014-01-06	0.002362	0.128568	0.133748	0.124228	0.168693	7208200.000000
2014-01-03	-0.001117	0.129405	0.130664	0.121434	-0.079902	6925600.000000
2014-01-02	-0.010687	0.125221	0.125636	0.111248	-0.772438	6981700.000000
2013-12-31	-0.007195	0.123993	0.126328	0.113829	-0.523819	5765300.000000
2013-12-30	-0.000122	0.126191	0.126878	0.120285	-0.008881	4145600.000000
2013-12-27	0.003058	0.130874	0.136247	0.127706	0.221962	4006000.000000
2013-12-26	0.005534	0.128822	0.134362	0.126051	0.399528	5347000.000000
2013-12-24	0.000000	0.126605	0.130484	0.125497	0.000000	2899100.000000
2013-12-23	-0.006476	0.130457	0.130457	0.114905	-0.470542	8653600.000000
2013-12-20	-0.000733	0.127428	0.135130	0.125228	-0.053284	13206100.000000
2013-12-19	-0.005827	0.120859	0.125098	0.114433	-0.426155	6442600.000000
2013-12-18	0.018168	0.130504	0.147348	0.120342	1.305115	12036100.000000
2013-12-17	-0.009548	0.127707	0.128534	0.112540	-0.692521	11416400.000000
2013-12-16	-0.008255	0.131114	0.135900	0.115799	-0.603721	8849700.000000
2013-12-13	0.000850	0.126602	0.128518	0.116201	0.062134	7441600.000000
2013-12-12	-0.020471	0.123647	0.124317	0.098311	-1.527077	10176300.000000
2013-12-11	0.004423	0.127540	0.137773	0.125789	0.328491	9787900.000000
2013-12-10	-0.013328	0.121413	0.121678	0.108393	-1.003235	7373300.000000
2013-12-09	0.003076	0.125795	0.131925	0.123929	0.230828	7395300.000000
2013-12-06	0.022131	0.133684	0.151391	0.132866	1.624748	7189400.000000
2013-12-05	-0.007918	0.126869	0.127680	0.112139	-0.585968	8186600.000000
2013-12-04	-0.005726	0.120282	0.121760	0.109668	-0.426171	6807200.000000
2013-12-03	0.005880	0.125788	0.135248	0.124842	0.435051	7533200.000000
2013-12-02	-0.010449	0.123921	0.125392	0.111350	-0.781311	7497500.000000
2013-11-29	-0.000712	0.132876	0.138757	0.124591	-0.053276	4954500.000000
2013-11-27	-0.004253	0.129522	0.129655	0.118077	-0.319626	4905000.000000
2013-11-26	-0.009015	0.123559	0.130944	0.116174	-0.683624	7111600.000000
2013-11-25	0.005415	0.126461	0.137863	0.125002	0.408402	9670500.000000
2013-11-22	0.003307	0.124466	0.130718	0.120475	0.248596	7436200.000000
2013-11-21	-0.000236	0.128323	0.128988	0.123934	-0.017761	7287700.000000
2013-11-20	0.004150	0.125928	0.134875	0.124993	0.310760	7680900.000000
2013-11-19	-0.002720	0.122865	0.126595	0.121534	-0.204208	7924200.000000
2013-11-18	-0.003183	0.125664	0.127656	0.117566	-0.239723	8507300.000000
2013-11-15	0.006167	0.124324	0.134343	0.124191	0.461669	9664700.000000
2013-11-14	0.009820	0.125384	0.139277	0.125384	0.728020	7580500.000000
2013-11-13	0.008454	0.123199	0.135850	0.121703	0.621498	7581600.000000
2013-11-12	0.006565	0.125917	0.137008	0.124411	0.479447	8201700.000000
2013-11-11	-0.003030	0.124144	0.128649	0.119639	-0.221955	6173600.000000
2013-11-08	0.002308	0.125781	0.129749	0.117435	0.168679	9768400.000000
2013-11-07	-0.005917	0.127688	0.130272	0.116807	-0.435044	10087700.000000
2013-11-06	0.016947	0.129233	0.149427	0.124945	1.225220	9526400.000000
2013-11-05	0.001229	0.123558	0.132006	0.119680	0.088768	4949300.000000
2013-11-04	0.002218	0.130631	0.134378	0.122997	0.159828	5460100.000000
2013-11-01	0.004954	0.125352	0.134418	0.124794	0.355149	6802300.000000
2013-10-31	-0.009446	0.121907	0.127433	0.115275	-0.683655	7786800.000000
2013-10-30	-0.011399	0.127284	0.127694	0.109528	-0.834549	6490000.000000
2013-10-29	0.014268	0.128545	0.144615	0.123557	1.029876	9482900.000000
2013-10-28	0.016250	0.127877	0.152515	0.125624	1.154198	9820900.000000
2013-10-25	-0.007567	0.125490	0.127865	0.110958	-0.541588	9606500.000000
2013-10-24	-0.003708	0.124379	0.126885	0.117140	-0.266349	7521100.000000
2013-10-23	0.006594	0.125768	0.138519	0.124507	0.470565	8960700.000000
2013-10-22	0.017855	0.131177	0.149719	0.130750	1.251847	9572300.000000
2013-10-21	-0.005541	0.124342	0.125052	0.112570	-0.390648	6478700.000000
2013-10-18	-0.000126	0.125903	0.128455	0.117252	-0.008888	7958500.000000
2013-10-17	0.013786	0.124172	0.142575	0.121152	0.958885	8671300.000000
2013-10-16	0.017429	0.131477	0.148153	0.130161	1.191482	6562600.000000
2013-10-15	-0.014478	0.129944	0.133260	0.116393	-1.004295	11192500.000000
2013-10-14	0.003313	0.128336	0.139762	0.127179	0.229034	6326100.000000
2013-10-11	0.007575	0.136737	0.143878	0.133968	0.519776	6082200.000000
2013-10-10	0.012215	0.141920	0.149443	0.138084	0.828079	10121900.000000
2013-10-09	0.008123	0.138852	0.147478	0.131714	0.546211	8470700.000000
2013-10-08	0.008989	0.146238	0.155391	0.141136	0.599045	9656600.000000
2013-10-07	-0.004867	0.129759	0.136329	0.127071	-0.325958	6373300.000000
2013-10-04	0.002374	0.137230	0.139325	0.130195	0.158584	4984700.000000
2013-10-03	-0.001186	0.134536	0.138273	0.124221	-0.079307	9251600.000000
2013-10-02	-0.003020	0.131408	0.134836	0.124105	-0.202606	8522900.000000
2013-10-01	0.007540	0.134083	0.148799	0.132881	0.502128	8076100.000000
2013-09-30	-0.020981	0.129107	0.134399	0.107789	-1.427124	15028300.000000
2013-09-27	-0.010763	0.130771	0.130771	0.116518	-0.740013	6551300.000000
2013-09-26	0.004246	0.137909	0.141268	0.133674	0.290726	4632600.000000
2013-09-25	-0.011448	0.138310	0.140621	0.121995	-0.792870	7589300.000000
2013-09-24	-0.008325	0.130695	0.137998	0.125255	-0.581428	7692100.000000
2013-09-23	-0.001385	0.132418	0.137851	0.124840	-0.096878	6304900.000000
2013-09-20	-0.009111	0.134709	0.135984	0.124792	-0.643105	11146100.000000
2013-09-19	-0.002242	0.137961	0.138385	0.127783	-0.158592	8157300.000000
2013-09-18	0.005887	0.124185	0.144377	0.116649	0.414047	10372100.000000
2013-09-17	-0.004117	0.132302	0.136409	0.127770	-0.290710	5457700.000000
2013-09-16	0.014042	0.144755	0.151792	0.144612	0.977874	7512800.000000
2013-09-13	0.010094	0.137745	0.148478	0.137310	0.695931	4894100.000000
2013-09-12	-0.000127	0.137020	0.142821	0.133684	-0.008789	6944900.000000
2013-09-11	0.004105	0.125086	0.139794	0.124941	0.281898	7049800.000000
2013-09-10	-0.002687	0.140072	0.142105	0.129615	-0.185013	6650200.000000
2013-09-09	0.013092	0.138371	0.150583	0.138371	0.889771	6089300.000000
2013-09-06	0.000130	0.134840	0.142050	0.124245	0.008820	6977400.000000
2013-09-05	-0.004517	0.136453	0.137185	0.125466	-0.308327	7163200.000000
2013-09-04	-0.003345	0.131776	0.135134	0.125936	-0.229080	6031300.000000
2013-09-03	-0.001797	0.140672	0.142858	0.128576	-0.123314	6743800.000000
2013-08-30	0.007502	0.138364	0.146293	0.080808	0.510956	9039100.000000
2013-08-29	0.005986	0.133805	0.149757	0.128783	0.405235	5961000.000000
2013-08-28	-0.014365	0.133533	0.133533	0.118828	-0.986672	9008500.000000
2013-08-27	-0.007257	0.125451	0.132533	0.117646	-0.502136	7052200.000000
2013-08-26	-0.018373	0.133857	0.134709	0.114137	-1.294998	6385400.000000
2013-08-23	0.003009	0.136557	0.139403	0.132573	0.211426	5219600.000000
2013-08-22	0.004913	0.133990	0.144715	0.127841	0.343582	6274400.000000
2013-08-21	-0.001886	0.134706	0.143555	0.128283	-0.132164	7390900.000000
2013-08-20	-0.000754	0.136988	0.142408	0.130713	-0.052849	5172500.000000
2013-08-19	-0.003880	0.131441	0.137834	0.128315	-0.273086	5959400.000000
2013-08-16	-0.007207	0.132172	0.135134	0.115106	-0.510956	9451600.000000
2013-08-15	-0.009477	0.131083	0.132759	0.120046	-0.678345	7415300.000000
2013-08-14	-0.005021	0.135273	0.136802	0.128601	-0.361191	5167500.000000
2013-08-13	0.000490	0.137359	0.140280	0.131101	0.035240	4936400.000000
2013-08-12	-0.000245	0.129434	0.136386	0.126792	-0.017616	4922200.000000
2013-08-09	-0.006450	0.131681	0.133615	0.121596	-0.466896	6127200.000000
2013-08-08	0.002562	0.137212	0.141228	0.128902	0.184998	6207900.000000
2013-08-07	0.002691	0.130552	0.141661	0.130135	0.193809	5828500.000000
2013-08-06	0.004177	0.133740	0.143083	0.133740	0.299523	6212500.000000
2013-08-05	0.001353	0.131783	0.140161	0.130526	0.096893	4662800.000000
2013-08-02	-0.004287	0.132075	0.133188	0.120118	-0.308327	6626300.000000
2013-08-01	0.016687	0.153794	0.162417	0.147998	1.180466	10724800.000000
2013-07-31	-0.001740	0.135134	0.148822	0.131183	-0.123337	11857000.000000
2013-07-30	0.004370	0.140804	0.146615	0.136127	0.308357	6434100.000000
2013-07-29	-0.003732	0.131039	0.135981	0.130333	-0.264290	4389400.000000
2013-07-26	-0.000249	0.129629	0.135275	0.120735	-0.017623	6543500.000000
2013-07-25	0.001744	0.131458	0.139377	0.129053	0.123344	6239900.000000
2013-07-24	-0.008400	0.135134	0.135835	0.123636	-0.599052	5606600.000000
2013-07-23	-0.003324	0.135134	0.137650	0.128985	-0.237862	4311700.000000
2013-07-22	-0.001844	0.133181	0.136250	0.128578	-0.132149	4813600.000000
2013-07-19	0.013325	0.135982	0.150825	0.131600	0.942612	7862600.000000
2013-07-18	0.002622	0.134284	0.144489	0.134284	0.185020	5526000.000000
2013-07-17	-0.003459	0.136857	0.141942	0.130078	-0.244919	7644300.000000
2013-07-16	-0.006625	0.140971	0.141673	0.135219	-0.472168	11208600.000000
2013-07-15	-0.000491	0.141112	0.144198	0.133820	-0.034996	10024700.000000
2013-07-12	0.009657	0.142221	0.155955	0.142221	0.682038	12586300.000000
2013-07-11	0.012155	0.154385	0.160691	0.150659	0.848175	9185400.000000
2013-07-10	0.002891	0.144787	0.151255	0.139756	0.201126	6862800.000000
2013-07-09	0.010284	0.148138	0.160190	0.148138	0.708252	11456200.000000
2013-07-08	0.005361	0.146557	0.154440	0.145973	0.367256	11141400.000000
2013-07-05	-0.002927	0.148295	0.150187	0.132138	-0.201111	7264700.000000
2013-07-03	0.001657	0.141304	0.148157	0.128911	0.113671	5339900.000000
2013-07-02	0.005383	0.142611	0.152285	0.139093	0.367248	10228500.000000
2013-07-01	0.013378	0.144083	0.165324	0.143786	0.900642	6699200.000000
2013-06-28	-0.008755	0.142901	0.147612	0.132299	-0.594604	9865300.000000
2013-06-27	0.003488	0.151911	0.158117	0.146149	0.236092	14731500.000000
2013-06-26	0.009258	0.151690	0.157058	0.148558	0.620834	7326500.000000
2013-06-25	0.001436	0.151403	0.153493	0.139306	0.096184	7909400.000000
2013-06-24	-0.010978	0.136547	0.143637	0.117051	-0.743241	12563300.000000
2013-06-21	0.028970	0.158835	0.178288	0.150324	1.906197	20055700.000000
2013-06-20	-0.030408	0.137743	0.139511	0.106650	-2.063591	15555700.000000
2013-06-19	-0.018092	0.143782	0.149859	0.122657	-1.250404	7424500.000000
2013-06-18	0.001013	0.143492	0.147548	0.139871	0.069961	6051400.000000
2013-06-17	0.011918	0.147008	0.164742	0.146861	0.813194	7359900.000000
2013-06-14	-0.005100	0.144512	0.148887	0.132555	-0.349754	6825900.000000
2013-06-13	0.010696	0.142753	0.159701	0.136858	0.725746	6927700.000000
2013-06-12	-0.006657	0.151249	0.154909	0.134268	-0.454704	7834200.000000
2013-06-11	0.000641	0.137924	0.153598	0.134554	0.043724	6781200.000000
2013-06-10	0.004116	0.142755	0.150551	0.136430	0.279831	8966400.000000
2013-06-07	0.012106	0.152867	0.165372	0.150336	0.813171	7839500.000000
2013-06-06	0.002087	0.142145	0.148262	0.131255	0.139908	11099900.000000
2013-06-05	-0.009176	0.139351	0.141272	0.132699	-0.620811	8826900.000000
2013-06-04	-0.003734	0.144373	0.155565	0.130236	-0.253586	11379300.000000
2013-06-03	0.011725	0.145276	0.157642	0.134102	0.786957	11720600.000000
2013-05-31	-0.029460	0.139299	0.139588	0.109801	-2.037361	16461900.000000
2013-05-30	0.002408	0.143637	0.157842	0.143637	0.166137	14761500.000000
2013-05-29	-0.024239	0.133737	0.135010	0.115492	-1.713821	9992500.000000
2013-05-28	-0.012457	0.146012	0.147129	0.128134	-0.891876	14372700.000000
2013-05-24	0.040406	0.189848	0.196677	0.183454	2.780594	25580900.000000
2013-05-23	-0.001523	0.135657	0.147845	0.135076	-0.104935	7141200.000000
2013-05-22	0.000254	0.144218	0.156409	0.141025	0.017502	8873300.000000
2013-05-21	-0.003667	0.144794	0.145517	0.131057	-0.253601	7377700.000000
2013-05-20	-0.011622	0.143066	0.143066	0.125915	-0.813172	7307300.000000
2013-05-17	-0.002245	0.139502	0.143352	0.130946	-0.157402	8549900.000000
2013-05-16	-0.005949	0.140944	0.144487	0.132439	-0.419716	8065600.000000
2013-05-15	0.015226	0.143637	0.165655	0.143637	1.058029	11154400.000000
2013-05-14	0.011198	0.148585	0.156443	0.145820	0.769486	6867400.000000
2013-05-13	-0.002159	0.140007	0.146686	0.138700	-0.148674	5420200.000000
2013-05-10	0.007033	0.146562	0.152118	0.143929	0.480934	6162500.000000
2013-05-09	-0.002932	0.145532	0.150198	0.137513	-0.201118	7189400.000000
2013-05-08	0.006415	0.143050	0.152001	0.133219	0.437202	12067300.000000
2013-05-07	0.002444	0.147020	0.150256	0.136577	0.166153	9574200.000000
2013-05-06	-0.005628	0.141296	0.146708	0.133837	-0.384773	7204200.000000
2013-05-03	0.005530	0.148638	0.153932	0.142166	0.376022	7884000.000000
2013-05-02	0.010001	0.149579	0.162799	0.145865	0.673286	7288200.000000
2013-05-01	0.002866	0.144531	0.158534	0.142892	0.192360	8388800.000000
2013-04-30	-0.011715	0.146287	0.146729	0.127737	-0.795700	9653800.000000
2013-04-29	0.007523	0.150460	0.156690	0.145565	0.507149	6638100.000000
2013-04-26	0.006790	0.145728	0.153195	0.143637	0.454697	8769100.000000
2013-04-25	-0.007002	0.151793	0.151793	0.132218	-0.472191	14702300.000000
2013-04-24	-0.058801	0.109469	0.111144	0.073738	-4.212875	25708200.000000
2013-04-23	0.014005	0.152888	0.168174	0.139443	0.989563	12684800.000000
2013-04-22	-0.000368	0.150342	0.154303	0.147654	-0.026032	7530300.000000
2013-04-19	0.019531	0.159251	0.178435	0.156799	1.354095	13147600.000000
2013-04-18	0.010246	0.152477	0.168360	0.152039	0.703125	10896200.000000
2013-04-17	-0.012984	0.150313	0.152614	0.134061	-0.902763	10964600.000000
2013-04-16	0.005650	0.154643	0.160139	0.147989	0.390617	9365600.000000
2013-04-15	-0.005370	0.147867	0.162973	0.145134	-0.373245	10877200.000000
2013-04-12	0.005146	0.149725	0.166355	0.149147	0.355866	9383400.000000
2013-04-11	0.005427	0.153930	0.164979	0.153348	0.373283	11831600.000000
2013-04-10	0.012522	0.155425	0.170146	0.154542	0.850662	7947600.000000
2013-04-09	-0.006727	0.152478	0.153501	0.141512	-0.460060	6760600.000000
2013-04-08	0.007158	0.150420	0.161611	0.146885	0.486099	6284500.000000
2013-04-05	-0.003947	0.142358	0.149839	0.141625	-0.269096	6562600.000000
2013-04-04	0.005376	0.154989	0.164722	0.153956	0.364571	8770600.000000
2013-04-03	-0.010638	0.150872	0.153790	0.135698	-0.729142	8426700.000000
2013-04-02	0.016216	0.154115	0.173538	0.151298	1.093720	13373600.000000
2013-04-01	0.008305	0.148900	0.163850	0.147106	0.555534	7266000.000000
2013-03-28	0.000000	0.150395	0.153534	0.146059	0.000000	8016700.000000
2013-03-27	-0.004393	0.145788	0.147723	0.139685	-0.295143	5274600.000000
2013-03-26	0.009390	0.157148	0.164359	0.155195	0.625008	5386000.000000
2013-03-25	-0.007636	0.152039	0.157257	0.139665	-0.512161	6843600.000000
2013-03-22	0.000777	0.151592	0.155620	0.148906	0.052101	5868400.000000
2013-03-21	-0.004770	0.149663	0.153376	0.145505	-0.321190	6319500.000000
2013-03-20	0.006095	0.154729	0.162647	0.154430	0.407982	8615800.000000
2013-03-19	0.012474	0.151737	0.167468	0.151283	0.824623	9326400.000000
2013-03-18	-0.002358	0.145399	0.155209	0.143890	-0.156235	7081800.000000
2013-03-15	-0.013568	0.147425	0.151890	0.136409	-0.911438	15237000.000000
2013-03-14	0.007682	0.153089	0.162090	0.152489	0.512138	8079100.000000
2013-03-13	-0.004794	0.150547	0.150994	0.142336	-0.321159	6340300.000000
2013-03-12	-0.002327	0.149656	0.153529	0.146827	-0.156250	7016700.000000
2013-03-11	0.002203	0.149651	0.155174	0.147860	0.147568	6621000.000000
2013-03-08	0.003641	0.153687	0.156534	0.145448	0.243042	7252800.000000
2013-03-07	-0.003886	0.152338	0.156367	0.145772	-0.260414	7111400.000000
2013-03-06	0.001947	0.151441	0.158020	0.148451	0.130211	7194700.000000
2013-03-05	0.004825	0.153542	0.162707	0.152641	0.321182	9716200.000000
2013-03-04	0.002484	0.148425	0.154901	0.144207	0.164909	7631000.000000
2013-03-01	0.004069	0.144780	0.160206	0.142663	0.269089	9599700.000000
2013-02-28	-0.007427	0.150688	0.154441	0.143333	-0.494782	10466900.000000
2013-02-27	0.008806	0.150071	0.165213	0.146285	0.581574	7567800.000000
2013-02-26	0.002108	0.153102	0.159020	0.149763	0.138901	8378900.000000
2013-02-25	-0.013898	0.153237	0.162215	0.136029	-0.928780	9970400.000000
2013-02-22	-0.000649	0.152189	0.154283	0.147703	-0.043411	8433200.000000
2013-02-21	-0.000519	0.140082	0.153833	0.134403	-0.034729	10305200.000000
2013-02-20	-0.003877	0.150402	0.154124	0.145191	-0.260407	9275400.000000
2013-02-19	0.010975	0.152340	0.170553	0.151287	0.729142	11783500.000000
2013-02-15	-0.003126	0.151139	0.154740	0.143487	-0.208313	11165600.000000
2013-02-14	0.002873	0.148127	0.158209	0.147375	0.190956	10049400.000000
2013-02-13	0.007633	0.152494	0.161137	0.152039	0.503441	7113300.000000
2013-02-12	0.002243	0.154319	0.159638	0.152039	0.147583	6281000.000000
2013-02-11	0.000792	0.146869	0.154625	0.142458	0.052085	6928200.000000
2013-02-08	-0.005253	0.152039	0.157032	0.143113	-0.347221	9130700.000000
2013-02-07	0.000000	0.149468	0.156124	0.146593	0.000000	9897000.000000
2013-02-06	0.005945	0.146257	0.159497	0.141995	0.390625	17015800.000000
2013-02-05	0.005980	0.154948	0.174085	0.153111	0.390595	14851700.000000
2013-02-04	-0.008825	0.148549	0.150219	0.137320	-0.581566	11086000.000000
2013-02-01	0.010112	0.154185	0.164455	0.152192	0.659683	12204000.000000
2013-01-31	0.001066	0.148203	0.154801	0.145748	0.069450	11661500.000000
2013-01-30	0.001067	0.148199	0.159412	0.146970	0.069435	12677800.000000
2013-01-29	0.016674	0.148604	0.176089	0.148136	1.067704	17576700.000000
2013-01-28	0.007099	0.159589	0.167452	0.151096	0.451347	14010000.000000
2013-01-25	0.040187	0.173798	0.198337	0.173798	2.456516	28760300.000000
2013-01-24	-0.003819	0.151876	0.154647	0.144054	-0.234363	8877200.000000
2013-01-23	0.010579	0.150228	0.164392	0.149569	0.642345	10588600.000000
2013-01-22	0.000143	0.150722	0.152698	0.148910	0.008667	8313600.000000
2013-01-18	0.003875	0.152370	0.157496	0.152039	0.234356	10610800.000000
2013-01-17	0.004759	0.155694	0.162340	0.152039	0.286465	6263300.000000
2013-01-16	0.000317	0.153735	0.158388	0.148583	0.019100	7061000.000000
2013-01-15	0.003591	0.153541	0.166884	0.153374	0.215271	7563400.000000
2013-01-14	0.005923	0.162889	0.173963	0.161547	0.353008	11570700.000000
2013-01-11	-0.000722	0.161882	0.161882	0.157020	-0.043060	12193500.000000
2013-01-10	0.005662	0.163066	0.168293	0.158008	0.335831	12855000.000000
2013-01-09	0.005400	0.165787	0.171551	0.163075	0.318576	5762900.000000
2013-01-08	-0.001603	0.159687	0.163241	0.157656	-0.094719	7362000.000000
2013-01-07	-0.006803	0.158522	0.158522	0.149445	-0.404682	5269800.000000
2013-01-04	0.002030	0.162390	0.165085	0.156832	0.120541	5853700.000000
2013-01-03	-0.006341	0.162217	0.163221	0.153848	-0.378853	7741900.000000
2013-01-02	0.022095	0.174381	0.187040	0.169249	1.291565	9987000.000000
2012-12-31	0.011020	0.158785	0.175562	0.155845	0.637161	9061900.000000
2012-12-28	-0.012064	0.157279	0.160355	0.145831	-0.706043	6463300.000000
2012-12-27	-0.000441	0.159330	0.164112	0.151303	-0.025845	7648800.000000
2012-12-26	-0.007589	0.162227	0.162566	0.147481	-0.447723	6937000.000000
2012-12-24	-0.002911	0.160535	0.160873	0.153268	-0.172218	3578800.000000
2012-12-21	-0.015755	0.154892	0.161379	0.137427	-0.947159	17746900.000000
2012-12-20	0.006923	0.160710	0.176621	0.160710	0.413315	10218200.000000
2012-12-19	-0.009004	0.157894	0.161711	0.141462	-0.542469	10304800.000000
2012-12-18	0.000572	0.160715	0.167192	0.153076	0.034446	13568900.000000
2012-12-17	0.000000	0.161712	0.165033	0.156231	0.000000	8791500.000000
2012-12-14	-0.002852	0.157902	0.167010	0.155584	-0.172195	8997600.000000
2012-12-13	-0.008904	0.157933	0.159410	0.147264	-0.542477	8478200.000000
2012-12-12	0.001415	0.163023	0.166803	0.160558	0.086098	8405900.000000
2012-12-11	0.006266	0.162537	0.173784	0.160056	0.378868	9298000.000000
2012-12-10	-0.000996	0.158570	0.163527	0.157083	-0.060287	8124100.000000
2012-12-07	0.004861	0.159719	0.173168	0.159719	0.292762	11590900.000000
2012-12-06	0.007780	0.162551	0.175267	0.161882	0.464985	10686900.000000
2012-12-05	0.001442	0.164228	0.170930	0.157525	0.086083	7623400.000000
2012-12-04	-0.003880	0.160044	0.165886	0.152867	-0.232479	6634900.000000
2012-12-03	-0.003580	0.161546	0.163043	0.155891	-0.215245	7404600.000000
2012-11-30	0.004748	0.159207	0.167897	0.159207	0.284131	8886800.000000
2012-11-29	0.000864	0.160878	0.167400	0.156194	0.051651	8783800.000000
2012-11-28	0.006523	0.161548	0.174005	0.159865	0.387496	11255800.000000
2012-11-27	-0.007052	0.156699	0.161380	0.151852	-0.421916	8154300.000000
2012-11-26	-0.001581	0.153870	0.161046	0.152368	-0.094712	7493600.000000
2012-11-23	0.016357	0.166129	0.180716	0.165450	0.964363	4598200.000000
2012-11-21	0.002489	0.158999	0.164781	0.155768	0.146385	6201400.000000
2012-11-20	0.005595	0.159499	0.171126	0.158644	0.327195	7611600.000000
2012-11-19	0.016462	0.164334	0.180498	0.162075	0.947143	8741400.000000
2012-11-16	0.007539	0.162080	0.172762	0.158227	0.430516	11354200.000000
2012-11-15	-0.003156	0.165395	0.169584	0.149160	-0.180817	9290000.000000
2012-11-14	-0.004787	0.162075	0.165028	0.151651	-0.275528	9680100.000000
2012-11-13	-0.003429	0.156012	0.170383	0.156012	-0.198040	6769100.000000
2012-11-12	0.001044	0.163806	0.168139	0.159646	0.060261	4371300.000000
2012-11-09	0.001495	0.159991	0.170926	0.158776	0.086117	8147700.000000
2012-11-08	-0.016897	0.160014	0.161891	0.141585	-0.990208	7917700.000000
2012-11-07	-0.012621	0.159526	0.160369	0.142172	-0.749108	8849600.000000
2012-11-06	0.003786	0.160196	0.166961	0.156137	0.223881	6639800.000000
2012-11-05	-0.007516	0.161883	0.161883	0.147280	-0.447750	6525700.000000
2012-11-02	-0.000866	0.169597	0.170100	0.158193	-0.051658	6963100.000000
2012-11-01	0.000145	0.160038	0.165909	0.159703	0.008621	7703800.000000
2012-10-31	-0.002881	0.162550	0.169909	0.154188	-0.172241	9095400.000000
2012-10-26	-0.008991	0.155910	0.166186	0.150109	-0.542435	11945200.000000
2012-10-25	0.029230	0.189868	0.208292	0.186968	1.713474	24479700.000000
2012-10-24	0.009490	0.160174	0.177395	0.160174	0.551067	10209600.000000
2012-10-23	-0.015474	0.152563	0.155106	0.140356	-0.912708	8030800.000000
2012-10-22	-0.001021	0.157653	0.161041	0.149524	-0.060268	7516800.000000
2012-10-19	-0.012956	0.159540	0.161714	0.144327	-0.774960	10125600.000000
2012-10-18	0.000000	0.161045	0.161881	0.154191	0.000000	7358100.000000
2012-10-17	0.015079	0.163280	0.181777	0.162601	0.888603	11061000.000000
2012-10-16	0.004221	0.175177	0.180289	0.172280	0.247673	7702700.000000
2012-10-15	0.011333	0.176604	0.187289	0.171433	0.657601	8359300.000000
2012-10-12	-0.000882	0.174877	0.178838	0.168678	-0.051228	6537400.000000
2012-10-11	-0.002055	0.174181	0.175212	0.165418	-0.119575	6600700.000000
2012-10-10	-0.008151	0.172451	0.175007	0.158134	-0.478253	8937500.000000
2012-10-09	-0.005789	0.167866	0.173967	0.161088	-0.341617	8200100.000000
2012-10-08	-0.007612	0.168394	0.168394	0.158473	-0.452629	6577000.000000
2012-10-05	0.003603	0.177667	0.178849	0.171423	0.213504	6907800.000000
2012-10-04	0.003036	0.174133	0.181242	0.173286	0.179337	7792700.000000
2012-10-03	0.005524	0.174831	0.183683	0.169895	0.324535	8869500.000000
2012-10-02	-0.009503	0.172265	0.175469	0.155237	-0.563648	11241400.000000
2012-10-01	0.001298	0.170410	0.177838	0.166527	0.076866	8588600.000000
2012-09-28	0.000865	0.170071	0.172944	0.159765	0.051220	8955100.000000
2012-09-27	0.000000	0.172775	0.175309	0.166861	0.000000	6773100.000000
2012-09-26	-0.004167	0.169234	0.175291	0.166037	-0.247654	7698400.000000
2012-09-25	-0.002437	0.169909	0.174441	0.167224	-0.145187	10026700.000000
2012-09-24	0.004898	0.169567	0.178170	0.167881	0.290379	8361000.000000
2012-09-21	-0.002013	0.173273	0.175462	0.167887	-0.119572	20290300.000000
2012-09-20	0.004331	0.168381	0.177341	0.168381	0.256203	8652700.000000
2012-09-19	0.000578	0.168886	0.177006	0.167533	0.034156	8682900.000000
2012-09-18	-0.000433	0.169902	0.178356	0.168549	-0.025612	12833500.000000
2012-09-17	0.001301	0.166176	0.172440	0.165837	0.076848	11274600.000000
2012-09-14	0.003628	0.169217	0.176184	0.168538	0.213520	12269800.000000
2012-09-13	0.011894	0.167306	0.186047	0.167306	0.691764	10495400.000000
2012-09-12	-0.002344	0.172460	0.176577	0.167314	-0.136646	6896000.000000
2012-09-11	-0.003649	0.169549	0.173310	0.163568	-0.213493	8840900.000000
2012-09-10	-0.000146	0.169037	0.171942	0.164081	-0.008557	8920600.000000
2012-09-07	0.004103	0.169544	0.177094	0.166455	0.239144	12656300.000000
2012-09-06	0.014118	0.177703	0.187621	0.176311	0.811317	13200500.000000
2012-09-05	-0.001632	0.167616	0.173349	0.167616	-0.093937	7741100.000000
