2017-09-01	-0.003313	0.002039	0.004077	-0.006371	-0.130001	1797100.000000
2017-08-31	0.001531	0.002042	0.003573	-0.000255	0.060002	2086200.000000
2017-08-30	-0.005079	-0.002793	0.001016	-0.006856	-0.200001	1825100.000000
2017-08-29	-0.003795	0.001518	0.003036	-0.004300	-0.149998	1443900.000000
2017-08-28	-0.001516	0.000505	0.002273	-0.007325	-0.060001	2119900.000000
2017-08-25	0.002278	0.001519	0.007848	0.000000	0.090000	1597300.000000
2017-08-24	-0.000506	-0.001265	0.001012	-0.004555	-0.020000	2133900.000000
2017-08-23	0.012295	-0.000769	0.013063	-0.003842	0.479999	3034300.000000
2017-08-22	0.002568	-0.001284	0.002568	-0.003595	0.100002	3073700.000000
2017-08-21	0.000514	-0.001542	0.002312	-0.004625	0.020001	1598600.000000
2017-08-18	0.002576	0.000258	0.005667	-0.004122	0.099998	2413000.000000
2017-08-17	-0.005890	0.000256	0.002817	-0.006402	-0.229999	2235100.000000
2017-08-16	0.003340	-0.000771	0.005653	-0.002569	0.130001	1868100.000000
2017-08-15	0.006465	-0.003620	0.006982	-0.004138	0.250000	1778600.000000
2017-08-14	0.004676	0.002078	0.005716	-0.000780	0.179996	2339400.000000
2017-08-11	-0.006710	-0.000258	0.002323	-0.009290	-0.259998	1661700.000000
2017-08-10	0.003886	0.000259	0.005959	-0.003368	0.150002	1877100.000000
2017-08-09	-0.005923	0.001030	0.001803	-0.006953	-0.230004	3095100.000000
2017-08-08	0.000000	-0.002318	0.000515	-0.003606	0.000000	1863600.000000
2017-08-07	0.001031	-0.002320	0.001547	-0.003351	0.040001	1581100.000000
2017-08-04	-0.008182	-0.003068	-0.001023	-0.011506	-0.320000	2562000.000000
2017-08-03	0.003850	-0.013860	0.005647	-0.015657	0.150002	3207900.000000
2017-08-02	0.009065	-0.003367	0.009065	-0.006734	0.349998	3731200.000000
2017-08-01	0.007305	0.001826	0.012523	0.001565	0.279999	3314900.000000
2017-07-31	0.003929	0.000524	0.006024	-0.003143	0.150002	3391100.000000
2017-07-28	0.001574	0.000000	0.002099	-0.006821	0.060001	2988900.000000
2017-07-27	0.000788	-0.002100	0.004201	-0.005513	0.029999	3185800.000000
2017-07-26	0.003160	-0.000790	0.003687	-0.004214	0.119999	2871000.000000
2017-07-25	-0.011198	0.000781	0.002083	-0.012760	-0.430001	2248000.000000
2017-07-24	-0.003891	-0.001038	0.003891	-0.007004	-0.149997	3767800.000000
2017-07-21	0.008107	-0.000262	0.008891	-0.002877	0.309997	2791600.000000
2017-07-20	0.003148	0.000000	0.004984	-0.004197	0.120003	4100000.000000
2017-07-19	0.011409	0.021491	0.021491	0.010082	0.430000	5476700.000000
2017-07-18	0.000531	0.001062	0.004778	-0.002389	0.020001	2286900.000000
2017-07-17	0.008298	0.000535	0.009368	-0.001071	0.309997	2997500.000000
2017-07-14	-0.002137	0.007479	0.007746	-0.006677	-0.079998	6090500.000000
2017-07-13	-0.009524	-0.001587	0.000000	-0.009524	-0.360000	2511200.000000
2017-07-12	0.001059	0.005826	0.008475	-0.001854	0.040001	4301100.000000
2017-07-11	-0.004744	0.001581	0.003163	-0.010543	-0.180001	3229400.000000
2017-07-10	-0.003415	0.003152	0.006567	-0.004203	-0.130001	3817000.000000
2017-07-07	0.001052	0.000000	0.006837	-0.000789	0.040001	2333600.000000
2017-07-06	-0.006790	-0.002873	-0.000261	-0.009402	-0.260002	3622500.000000
2017-07-05	0.000261	0.002090	0.002351	-0.005747	0.010002	3263400.000000
2017-07-03	-0.009829	0.003621	0.004656	-0.010864	-0.380001	1989300.000000
2017-06-30	0.000000	0.002069	0.006725	-0.000259	0.000000	3082000.000000
2017-06-29	-0.004634	-0.004634	-0.001545	-0.010299	-0.180000	3723100.000000
2017-06-28	-0.004613	0.003844	0.009995	-0.005894	-0.180000	3207500.000000
2017-06-27	-0.006872	-0.003563	0.001018	-0.009672	-0.270001	3035600.000000
2017-06-26	0.011846	0.004121	0.016740	0.000000	0.459999	3743300.000000
2017-06-23	-0.004869	-0.000513	0.003075	-0.008201	-0.189998	3576800.000000
2017-06-22	-0.009393	-0.002285	-0.000254	-0.010409	-0.369999	2874400.000000
2017-06-21	0.001271	-0.001017	0.002034	-0.012456	0.049999	4945200.000000
2017-06-20	-0.006064	-0.001516	-0.000505	-0.007074	-0.240002	2891800.000000
2017-06-19	0.002279	0.001519	0.005318	-0.003039	0.090000	3057300.000000
2017-06-16	0.001268	0.003296	0.006592	-0.001014	0.050003	6182000.000000
2017-06-15	0.003818	-0.001273	0.005854	-0.004327	0.149998	2869000.000000
2017-06-14	0.007953	0.007440	0.012057	0.005644	0.310001	3878700.000000
2017-06-13	0.002572	0.001286	0.004372	-0.001543	0.099999	2877800.000000
2017-06-12	-0.008163	0.000000	0.004592	-0.008163	-0.320000	4988500.000000
2017-06-09	-0.005329	-0.004567	-0.001523	-0.011672	-0.209999	3896200.000000
2017-06-08	-0.006304	0.000000	0.000000	-0.014120	-0.250000	3697700.000000
2017-06-07	0.003924	0.002658	0.007467	0.001139	0.154999	4639900.000000
2017-06-06	-0.002999	0.012775	0.014541	0.006213	-0.118813	3444000.000000
2017-06-05	-0.000999	0.010755	0.012772	0.006469	-0.039604	2370300.000000
2017-06-02	0.002503	0.015812	0.016065	0.007724	0.099011	3490700.000000
2017-06-01	0.001253	0.005190	0.011517	0.003925	0.049507	3754500.000000
2017-05-31	0.001003	0.011012	0.015825	0.004426	0.039604	5623000.000000
2017-05-30	0.000251	0.010252	0.012026	0.007972	0.009899	2199600.000000
2017-05-26	-0.001003	0.008480	0.012530	0.007467	-0.039604	2144800.000000
2017-05-25	0.008340	0.009488	0.019443	0.008722	0.326733	2125500.000000
2017-05-24	0.007127	0.011541	0.019253	0.011541	0.277229	2542700.000000
2017-05-23	0.003576	0.012836	0.020834	0.010773	0.138611	2650600.000000
2017-05-22	0.008501	0.009478	0.021186	0.009478	0.326736	3150900.000000
2017-05-19	0.000515	0.009218	0.013643	0.002450	0.019802	4762600.000000
2017-05-18	0.002843	0.011826	0.017569	0.003995	0.108914	3289600.000000
2017-05-17	0.005457	0.009999	0.021285	0.009999	0.207920	3960900.000000
2017-05-16	-0.009014	0.008438	0.011559	0.000895	-0.346539	2658100.000000
2017-05-15	0.001806	0.009738	0.015992	0.007653	0.069309	2134100.000000
2017-05-12	0.005708	0.010523	0.017861	0.008688	0.217820	1884600.000000
2017-05-11	0.000260	0.008426	0.011309	0.002921	0.009903	2633600.000000
2017-05-10	0.004170	0.010525	0.015000	0.009472	0.158416	3706100.000000
2017-05-09	-0.008271	0.007910	0.009216	0.000079	-0.316829	3356100.000000
2017-05-08	0.004153	0.011309	0.014979	0.008950	0.158413	2690200.000000
2017-05-05	0.002341	0.012626	0.019195	0.008160	0.089111	3165500.000000
2017-05-04	0.012112	-0.005425	0.023561	-0.005425	0.455444	3834200.000000
2017-05-03	-0.001577	0.008671	0.012654	0.004954	-0.059406	2904000.000000
2017-05-02	0.001580	0.010265	0.015317	0.005212	0.059406	2835400.000000
2017-05-01	-0.003411	0.011589	0.011854	0.003903	-0.128715	3565500.000000
2017-04-28	0.000788	0.010529	0.013712	0.007612	0.029705	3254000.000000
2017-04-27	0.003690	0.009733	0.020115	0.009200	0.138614	2067400.000000
2017-04-26	-0.005765	0.006823	0.012645	0.003911	-0.217823	2802800.000000
2017-04-25	0.004211	0.008138	0.014251	0.006278	0.158417	2756200.000000
2017-04-24	0.001845	0.011330	0.013727	0.004407	0.069306	3471300.000000
2017-04-21	0.003439	0.009732	0.018816	0.008663	0.128715	3919900.000000
2017-04-20	0.000794	0.009999	0.012405	0.000639	0.029701	2644900.000000
2017-04-19	-0.008661	0.007348	0.008408	-0.002991	-0.326732	3175100.000000
2017-04-18	0.004482	0.008667	0.019585	0.008667	0.168316	4097900.000000
2017-04-17	0.009313	0.011880	0.019405	0.011342	0.346534	3341700.000000
2017-04-13	-0.005294	0.008662	0.010533	0.001711	-0.198017	2756900.000000
2017-04-12	0.011513	0.009999	0.021627	0.006483	0.425743	3258500.000000
2017-04-11	0.001878	0.009457	0.014604	0.005122	0.069306	2573900.000000
2017-04-10	0.000268	0.009457	0.011896	0.002953	0.009899	2472900.000000
2017-04-07	-0.003742	0.011889	0.015128	0.005679	-0.138611	2586900.000000
2017-04-06	-0.002666	0.009191	0.009729	0.003267	-0.099010	3097100.000000
2017-04-05	0.003746	0.008107	0.015134	0.005674	0.138614	3362500.000000
2017-04-04	0.007006	0.011632	0.020341	0.009454	0.257424	3121100.000000
2017-04-03	-0.007489	0.009729	0.009729	-0.002967	-0.277226	6326900.000000
2017-03-31	0.004028	0.011355	0.019762	0.009185	0.148514	3518700.000000
2017-03-30	-0.005342	0.006762	0.008110	0.000557	-0.198017	2969000.000000
2017-03-29	-0.006897	0.007588	0.007588	-0.004736	-0.257431	4513200.000000
2017-03-28	0.003727	0.005696	0.014839	0.004352	0.138614	4009700.000000
2017-03-27	-0.001064	0.015103	0.018326	0.004089	-0.039600	3220200.000000
2017-03-24	-0.001063	0.009730	0.015097	0.005974	-0.039604	2269000.000000
2017-03-23	0.000000	0.008925	0.018317	0.007047	0.000000	2901900.000000
2017-03-22	0.004537	0.014042	0.021320	0.010268	0.168316	3597500.000000
2017-03-21	0.018207	0.009724	0.032504	0.009724	0.663368	3871400.000000
2017-03-20	-0.005137	0.010818	0.013821	0.000988	-0.188122	2548900.000000
2017-03-17	0.006805	0.012748	0.022644	0.010823	0.247524	5653700.000000
2017-03-16	-0.004336	0.008356	0.008630	0.001514	-0.158416	2841500.000000
2017-03-15	0.012902	0.011662	0.028020	0.011385	0.465351	3548400.000000
2017-03-14	-0.000549	0.008059	0.009999	0.004180	-0.019806	1976300.000000
2017-03-13	0.003579	0.008608	0.013892	0.006384	0.128715	3234200.000000
2017-03-10	0.008049	0.015325	0.019530	0.010840	0.287129	2789200.000000
2017-03-09	-0.000278	0.009158	0.015604	0.007476	-0.009903	3192900.000000
2017-03-08	-0.009754	0.001257	0.002922	-0.005958	-0.351482	4177400.000000
2017-03-07	0.000272	0.020405	0.024014	0.015686	0.009792	3334600.000000
2017-03-06	0.002726	0.020404	0.024300	0.014280	0.097946	2999400.000000
2017-03-03	-0.004343	0.021515	0.021792	0.008766	-0.156715	3151500.000000
2017-03-02	0.002995	0.016513	0.029299	0.015957	0.107746	2655700.000000
2017-03-01	-0.004067	0.010441	0.022898	0.005735	-0.146923	3614900.000000
2017-02-28	0.008477	0.020960	0.033244	0.020960	0.303634	4154300.000000
2017-02-27	-0.007060	0.020960	0.021792	0.012921	-0.254665	3023800.000000
2017-02-24	0.008489	0.022917	0.029627	0.018444	0.303642	3255900.000000
2017-02-23	0.008840	0.025191	0.033652	0.021806	0.313427	2609600.000000
2017-02-22	0.004718	0.021811	0.027761	0.018694	0.166516	2367800.000000
2017-02-21	0.011226	0.020387	0.034715	0.016662	0.391784	2632500.000000
2017-02-17	-0.002520	0.021818	0.022961	0.010099	-0.088154	3438400.000000
2017-02-16	0.006764	0.018083	0.027867	0.017220	0.235077	2694700.000000
2017-02-15	0.000282	0.014052	0.023551	0.009735	0.009789	2317200.000000
2017-02-14	-0.007277	0.018103	0.019532	0.008959	-0.254662	2663700.000000
2017-02-13	0.006479	0.022111	0.027575	0.016934	0.225281	2261500.000000
2017-02-10	0.002259	0.018943	0.026725	0.018655	0.078361	3707000.000000
2017-02-09	-0.006452	0.020960	0.022392	0.011223	-0.225284	3444300.000000
2017-02-08	0.007062	0.018365	0.029036	0.018076	0.244865	2601200.000000
2017-02-07	0.004540	0.023857	0.028203	0.020671	0.156716	2206000.000000
2017-02-06	-0.006204	0.023840	0.025855	0.014050	-0.215481	4001900.000000
2017-02-03	0.005102	0.022407	0.029642	0.021539	0.176308	3200200.000000
2017-02-02	0.009442	0.025050	0.032937	0.019208	0.323223	3231900.000000
2017-02-01	0.003157	0.015685	0.037078	0.013341	0.107738	4932300.000000
2017-01-31	0.013380	0.021554	0.036996	0.020069	0.450562	5204300.000000
2017-01-30	0.003210	0.023046	0.024535	0.015300	0.107738	3147600.000000
2017-01-27	-0.004069	0.023631	0.024818	0.013246	-0.137123	2556100.000000
2017-01-26	-0.003187	0.020369	0.027467	0.013271	-0.107742	2140400.000000
2017-01-25	-0.002600	0.017421	0.022435	0.014471	-0.088154	2582700.000000
2017-01-24	0.007276	0.020960	0.030171	0.017989	0.244865	2801300.000000
2017-01-23	-0.001163	0.023038	0.027787	0.017399	-0.039177	2403100.000000
2017-01-20	0.004966	0.022750	0.026329	0.016785	0.166508	2596500.000000
2017-01-19	-0.008975	0.014162	0.021552	0.008841	-0.303634	2359900.000000
2017-01-18	-0.004324	0.019194	0.022432	0.014780	-0.146920	2218800.000000
2017-01-17	0.009604	0.016800	0.033440	0.016800	0.323223	6164700.000000
2017-01-13	-0.004058	0.018297	0.021256	0.011491	-0.137123	2692900.000000
2017-01-12	0.007593	0.020662	0.032291	0.019469	0.254662	3872000.000000
2017-01-11	0.008839	0.021562	0.032391	0.020660	0.293842	2423100.000000
2017-01-10	-0.008182	0.018872	0.020364	0.006043	-0.274254	3255400.000000
2017-01-09	-0.009838	0.020370	0.024210	0.009144	-0.333019	5473500.000000
2017-01-06	0.007580	0.017091	0.029592	0.014412	0.254662	3542700.000000
2017-01-05	0.005865	0.023056	0.027547	0.011679	0.195900	3497000.000000
2017-01-04	0.002057	0.021560	0.035361	0.020060	0.068557	3187400.000000
2017-01-03	-0.000587	0.020960	0.025758	0.012865	-0.019588	3367000.000000
2016-12-30	-0.006130	0.022450	0.023940	0.011722	-0.205689	2751700.000000
2016-12-29	0.011813	0.024880	0.035132	0.021563	0.391789	2885700.000000
2016-12-28	-0.010231	0.023049	0.023646	0.008127	-0.342816	3203200.000000
2016-12-27	-0.002333	0.020960	0.023044	0.014410	-0.078361	2290400.000000
2016-12-23	-0.004933	0.022442	0.022442	0.010294	-0.166504	1730600.000000
2016-12-22	0.000871	0.020071	0.022740	0.013844	0.029381	2621100.000000
2016-12-21	-0.002029	0.019777	0.030134	0.018297	-0.068562	2770100.000000
2016-12-20	-0.002314	0.020665	0.024503	0.015646	-0.078361	3195300.000000
2016-12-19	-0.001444	0.025088	0.027151	0.006514	-0.048973	3911600.000000
2016-12-16	0.014056	0.022754	0.043383	0.018569	0.470146	9949700.000000
2016-12-15	0.010953	0.014311	0.034863	0.013102	0.362408	4126300.000000
2016-12-14	-0.012569	0.026929	0.033196	0.005143	-0.421174	4936900.000000
2016-12-13	0.007955	0.022164	0.030286	0.018554	0.264458	3751900.000000
2016-12-12	0.012832	0.018523	0.037717	0.017304	0.421173	3808900.000000
2016-12-09	0.012081	0.022810	0.034528	0.021577	0.391785	4871100.000000
2016-12-08	0.000302	0.014791	0.024970	0.008931	0.009796	4636800.000000
2016-12-07	0.012232	0.024082	0.033761	0.020648	0.391785	4298400.000000
2016-12-06	-0.005113	0.034378	0.036552	0.023195	-0.164593	4690100.000000
2016-12-05	-0.002699	0.027558	0.030656	0.018265	-0.087139	5499000.000000
2016-12-02	0.007251	0.039689	0.047490	0.031889	0.232372	3488700.000000
2016-12-01	-0.010759	0.027269	0.029121	0.011835	-0.348560	4619000.000000
2016-11-30	-0.021351	0.019533	0.030710	0.010772	-0.706803	6759900.000000
2016-11-29	0.001171	0.030708	0.039781	0.029195	0.038731	4035500.000000
2016-11-28	0.024910	0.035614	0.063512	0.035614	0.803623	4966600.000000
2016-11-25	0.015544	0.035343	0.053286	0.035343	0.493792	1783900.000000
2016-11-23	-0.015306	0.023526	0.030345	0.013607	-0.493792	3219200.000000
2016-11-22	-0.000600	0.029727	0.036852	0.024461	-0.019363	3352100.000000
2016-11-21	0.015225	0.037228	0.049179	0.033139	0.484106	4023900.000000
2016-11-18	0.000305	0.034712	0.041319	0.027791	0.009684	2901100.000000
2016-11-17	-0.001217	0.030625	0.039109	0.029368	-0.038729	2987600.000000
2016-11-16	-0.011131	0.035932	0.038728	0.015114	-0.358240	3562000.000000
2016-11-15	0.011564	0.037225	0.045397	0.033139	0.367920	5239100.000000
2016-11-14	-0.008748	0.028151	0.030955	0.015689	-0.280781	7600700.000000
2016-11-11	0.001208	0.032825	0.046862	0.028458	0.038730	4951100.000000
2016-11-10	-0.013997	0.027596	0.035593	-0.001623	-0.455070	6914600.000000
2016-11-09	-0.033391	0.012311	0.014689	-0.005527	-1.123127	5569600.000000
2016-11-08	0.005499	0.034618	0.044184	0.031031	0.183960	3378400.000000
2016-11-07	0.015579	0.037378	0.048915	0.027360	0.513153	4026800.000000
2016-11-04	-0.002346	0.037974	0.043426	0.030099	-0.077454	3861500.000000
2016-11-03	0.005603	0.032825	0.048967	0.029474	0.183960	4768900.000000
2016-11-02	-0.002647	0.030698	0.036166	0.018244	-0.087139	4624500.000000
2016-11-01	-0.009901	0.052074	0.052074	0.018689	-0.329193	6690100.000000
2016-10-31	0.015676	0.037407	0.055736	0.034046	0.513153	5208600.000000
2016-10-28	0.003860	0.033438	0.041104	0.031291	0.125870	3562300.000000
2016-10-27	-0.004728	0.027636	0.032520	0.023668	-0.154915	3847000.000000
2016-10-26	0.004154	0.030373	0.039261	0.024550	0.135552	2950500.000000
2016-10-25	0.005070	0.029744	0.039293	0.028820	0.164596	2796200.000000
2016-10-24	0.006303	0.036234	0.041504	0.030035	0.203327	2485000.000000
2016-10-21	-0.007743	0.027903	0.032825	0.019291	-0.251743	3454500.000000
2016-10-20	0.006595	0.034682	0.042732	0.030658	0.213013	5049800.000000
2016-10-19	-0.001497	0.030352	0.036534	0.027260	-0.048413	3401800.000000
2016-10-18	0.010587	0.039698	0.045634	0.031575	0.338883	3877400.000000
2016-10-17	0.004253	0.033766	0.040041	0.030942	0.135549	3411400.000000
2016-10-14	-0.002424	0.031573	0.038145	0.026565	-0.077457	5691600.000000
2016-10-13	0.014760	0.030919	0.060773	0.028061	0.464741	12995500.000000
2016-10-12	0.010252	0.040846	0.049509	0.037958	0.319515	5738200.000000
2016-10-11	-0.009843	0.031236	0.035684	0.020435	-0.309830	4339800.000000
2016-10-10	0.008062	0.035067	0.043073	0.033145	0.251736	3945700.000000
2016-10-07	-0.007692	0.033778	0.056341	0.019477	-0.242056	8085400.000000
2016-10-06	-0.004594	0.029978	0.034723	0.024600	-0.145233	8117100.000000
2016-10-05	-0.007599	0.034394	0.035964	0.015559	-0.242056	10898300.000000
2016-10-04	-0.030928	0.032825	0.034346	-0.003682	-1.016626	9571700.000000
2016-10-03	-0.017935	0.030136	0.032825	0.007131	-0.600293	5283400.000000
2016-09-30	-0.007180	0.034308	0.040240	0.020367	-0.242061	4998500.000000
2016-09-29	-0.008260	0.030177	0.031060	0.021352	-0.280781	4647400.000000
2016-09-28	-0.003689	0.036928	0.039859	0.020515	-0.125870	4123000.000000
2016-09-27	-0.014541	0.037157	0.038023	0.014918	-0.503471	4739100.000000
2016-09-26	0.001681	0.031957	0.036007	0.026460	0.058094	4682300.000000
2016-09-23	-0.003350	0.023598	0.032536	0.020715	-0.116188	4155500.000000
2016-09-22	0.010437	0.037778	0.045644	0.036321	0.358242	3435500.000000
2016-09-21	0.019557	0.032825	0.054212	0.032231	0.658386	4460000.000000
2016-09-20	-0.009684	0.035178	0.036943	0.022235	-0.329193	4428400.000000
2016-09-19	0.000570	0.034885	0.036357	0.026938	0.019363	3970200.000000
2016-09-16	0.011822	0.030442	0.045929	0.025082	0.396973	7192400.000000
2016-09-15	0.016115	0.032219	0.051284	0.028285	0.532516	4838600.000000
2016-09-14	0.011259	0.038945	0.054858	0.036803	0.367924	5171900.000000
2016-09-13	-0.013446	0.032523	0.032825	0.015918	-0.445377	4794400.000000
2016-09-12	0.017246	0.029753	0.051866	0.029446	0.561561	6921600.000000
2016-09-09	-0.037493	0.026026	0.026026	-0.006490	-1.268360	5697000.000000
2016-09-08	0.006626	0.031634	0.041454	0.031634	0.222687	4375200.000000
2016-09-07	-0.006298	0.032825	0.033416	0.021589	-0.213013	3798300.000000
2016-09-06	0.007993	0.047935	0.057771	0.046445	0.268193	4180000.000000
2016-09-02	0.017131	0.049214	0.062856	0.048911	0.565097	4873000.000000
2016-09-01	-0.009776	0.043160	0.045862	0.032053	-0.325649	4781500.000000
2016-08-31	0.007824	0.044061	0.052532	0.039220	0.258606	6481300.000000
2016-08-30	-0.013436	0.043464	0.049433	0.027346	-0.450168	5063400.000000
2016-08-29	0.009233	0.050085	0.056110	0.041952	0.306495	3079000.000000
2016-08-26	-0.018686	0.043765	0.052633	0.023369	-0.632145	3505300.000000
2016-08-25	0.001702	0.046430	0.048502	0.042284	0.057469	2701200.000000
2016-08-24	0.000000	0.044357	0.048206	0.034289	0.000000	4336800.000000
2016-08-23	-0.004517	0.046124	0.054083	0.039344	-0.153248	3456600.000000
2016-08-22	0.007681	0.047922	0.052675	0.041684	0.258602	4191400.000000
2016-08-19	-0.012086	0.038192	0.040833	0.025574	-0.411858	4016700.000000
2016-08-18	0.005937	0.041109	0.050850	0.041109	0.201142	4370200.000000
2016-08-17	0.011438	0.042866	0.058989	0.031820	0.383117	6565000.000000
2016-08-16	-0.012704	0.041113	0.041408	0.029912	-0.431003	4913200.000000
2016-08-15	-0.023166	0.044061	0.047804	0.018722	-0.804550	5366500.000000
2016-08-12	-0.003846	0.048650	0.054100	0.039471	-0.134095	3372400.000000
2016-08-11	0.010269	0.044351	0.055072	0.040294	0.354390	4333000.000000
2016-08-10	-0.006069	0.039452	0.042621	0.030524	-0.210724	4498600.000000
2016-08-09	-0.010644	0.036367	0.042921	0.020410	-0.373535	5184400.000000
2016-08-08	-0.003264	0.047753	0.052581	0.039800	-0.114937	4379100.000000
2016-08-05	-0.005411	0.039541	0.043213	0.032479	-0.191563	4534800.000000
2016-08-04	-0.003774	0.046031	0.048563	0.037307	-0.134090	3035300.000000
2016-08-03	-0.001615	0.044061	0.046028	0.036475	-0.057465	3503800.000000
2016-08-02	-0.011702	0.039896	0.042950	0.027400	-0.421436	3725700.000000
2016-08-01	-0.002917	0.042676	0.045445	0.036585	-0.105354	2768400.000000
2016-07-29	0.012621	0.043500	0.057798	0.043500	0.450160	3644700.000000
2016-07-28	0.005943	0.041805	0.052240	0.040112	0.210721	2564000.000000
2016-07-27	-0.008304	0.041823	0.044061	0.028398	-0.296921	3738600.000000
2016-07-26	-0.005329	0.043504	0.047399	0.028204	-0.191559	4495300.000000
2016-07-25	-0.004509	0.042676	0.043784	0.031598	-0.162827	3406200.000000
2016-07-22	0.015351	0.044623	0.061213	0.043779	0.545945	4067400.000000
2016-07-21	0.004871	0.040105	0.049994	0.036714	0.172405	3015500.000000
2016-07-20	-0.005919	0.045184	0.047712	0.036477	-0.210716	3804400.000000
2016-07-19	-0.004019	0.044061	0.046858	0.037067	-0.143670	3619200.000000
2016-07-18	0.004576	0.046590	0.052211	0.044623	0.162823	3456800.000000
2016-07-15	0.001618	0.045750	0.048565	0.040401	0.057469	3766200.000000
2016-07-14	-0.011460	0.036826	0.040165	0.031260	-0.411850	6094300.000000
2016-07-13	0.005898	0.049379	0.051338	0.041542	0.210716	4166500.000000
2016-07-12	-0.009033	0.037126	0.044893	0.033243	-0.325649	4980100.000000
2016-07-11	0.004805	0.040995	0.049914	0.035699	0.172401	3770100.000000
2016-07-08	0.013254	0.046885	0.058464	0.035306	0.469322	3948300.000000
2016-07-07	-0.008847	0.044901	0.047420	0.033424	-0.316074	5092400.000000
2016-07-06	-0.008506	0.043783	0.046003	0.022691	-0.306496	6336100.000000
2016-07-05	0.000532	0.044061	0.047948	0.040451	0.019154	5298300.000000
2016-07-01	-0.003973	0.045444	0.047656	0.031062	-0.143669	4513300.000000
2016-06-30	0.018893	0.047442	0.065477	0.044343	0.670459	7844300.000000
2016-06-29	0.010638	0.049472	0.055737	0.043206	0.373543	5886700.000000
2016-06-28	0.002461	0.049200	0.053768	0.037209	0.086201	8153200.000000
2016-06-27	-0.016407	0.033390	0.040129	0.020472	-0.584259	8933500.000000
2016-06-24	-0.057302	0.001176	0.019177	-0.021590	-2.164620	16873500.000000
2016-06-23	0.003307	0.048310	0.049372	0.040342	0.124505	5231500.000000
2016-06-22	-0.009075	0.044061	0.049588	0.033796	-0.344799	3676900.000000
2016-06-21	-0.000252	0.043008	0.050376	0.037746	-0.009579	3633100.000000
2016-06-20	0.016393	0.047270	0.064920	0.044863	0.612987	7514700.000000
2016-06-17	0.001026	0.042454	0.048612	0.040045	0.038311	10131400.000000
2016-06-16	0.004378	0.048094	0.049976	0.038145	0.162823	5758400.000000
2016-06-15	-0.004359	0.045935	0.046738	0.036833	-0.162823	6038900.000000
2016-06-14	0.005673	0.046215	0.050522	0.036253	0.210724	4726600.000000
2016-06-13	-0.013734	0.042998	0.048309	0.027863	-0.517219	7121800.000000
2016-06-10	0.001784	0.041933	0.049115	0.040869	0.067051	4889900.000000
2016-06-09	0.009776	0.044329	0.055611	0.044061	0.363964	3420800.000000
2016-06-08	0.000257	0.040568	0.045404	0.039762	0.009575	3729600.000000
2016-06-07	0.000510	0.053733	0.061797	0.052389	0.018970	4206300.000000
2016-06-06	-0.002036	0.054270	0.060172	0.047295	-0.075882	4101400.000000
2016-06-03	0.018927	0.064384	0.077504	0.063017	0.692425	5485300.000000
2016-06-02	-0.001812	0.051542	0.053452	0.042811	-0.066403	2738300.000000
2016-06-01	0.002595	0.052355	0.060015	0.051535	0.094853	4451200.000000
2016-05-31	-0.003619	0.051817	0.058086	0.043913	-0.132794	5127000.000000
2016-05-27	0.003372	0.055911	0.058372	0.048254	0.123311	3183000.000000
2016-05-26	0.014474	0.055380	0.070362	0.052051	0.521690	3537200.000000
2016-05-25	-0.001576	0.047899	0.055378	0.043190	-0.056912	2796300.000000
2016-05-24	0.016288	0.059337	0.073976	0.055959	0.578595	4609200.000000
2016-05-23	-0.013435	0.054826	0.056770	0.039550	-0.483746	4228700.000000
2016-05-20	0.001583	0.058165	0.059277	0.050376	0.056912	3891300.000000
2016-05-19	0.011206	0.048644	0.066928	0.043581	0.398380	3854200.000000
2016-05-18	-0.021410	0.048214	0.051518	0.024266	-0.777786	6576300.000000
2016-05-17	-0.013141	0.052369	0.053455	0.034168	-0.483750	3958400.000000
2016-05-16	-0.002057	0.050475	0.053457	0.044511	-0.075882	5012500.000000
2016-05-13	-0.000514	0.051561	0.056438	0.046142	-0.018970	4388300.000000
2016-05-12	0.005167	0.052636	0.064347	0.048823	0.189705	3079600.000000
2016-05-11	0.006239	0.057011	0.061944	0.050159	0.227642	3430300.000000
2016-05-10	0.000781	0.060304	0.061675	0.051253	0.028461	4010000.000000
2016-05-09	0.003655	0.055922	0.061978	0.053720	0.132794	3210100.000000
2016-05-06	-0.000522	0.053995	0.055095	0.041890	-0.018975	3081600.000000
2016-05-05	-0.001303	0.051797	0.065536	0.048775	-0.047424	4598200.000000
2016-05-04	0.007616	0.052332	0.068667	0.047903	0.275074	3740800.000000
2016-05-03	-0.007040	0.052071	0.057294	0.041899	-0.256104	4723400.000000
2016-05-02	0.018863	0.054270	0.080599	0.054270	0.673455	6228200.000000
2016-04-29	0.009927	0.054836	0.067848	0.046067	0.350948	5431000.000000
2016-04-28	0.011123	0.045976	0.066569	0.041685	0.388901	4012300.000000
2016-04-27	0.010971	0.058897	0.074222	0.054270	0.379410	5312300.000000
2016-04-26	-0.002462	0.054847	0.057155	0.046482	-0.085370	6044600.000000
2016-04-25	0.001096	0.053981	0.057447	0.049650	0.037938	3261200.000000
2016-04-22	0.006617	0.054270	0.063281	0.054270	0.227649	2863100.000000
2016-04-21	-0.021053	0.053701	0.054270	0.028376	-0.739849	6576100.000000
2016-04-20	-0.019841	0.053434	0.055665	0.032237	-0.711391	4406800.000000
2016-04-19	0.001855	0.056226	0.059579	0.047564	0.066395	3349000.000000
2016-04-18	0.005061	0.057079	0.061291	0.048653	0.180217	2540500.000000
2016-04-15	0.013225	0.055124	0.069636	0.052278	0.464779	3350000.000000
2016-04-14	-0.001617	0.050577	0.058247	0.049725	-0.056915	1763500.000000
2016-04-13	-0.009343	0.054552	0.054552	0.037102	-0.331978	3345400.000000
2016-04-12	0.007260	0.055121	0.064192	0.051719	0.256096	2252800.000000
2016-04-11	-0.005615	0.052579	0.062163	0.047787	-0.199188	2136400.000000
2016-04-08	0.001071	0.059350	0.064711	0.052295	0.037945	2644900.000000
2016-04-07	-0.005325	0.053428	0.058481	0.045288	-0.189705	2960600.000000
2016-04-06	0.006161	0.052858	0.062178	0.042691	0.218155	3917600.000000
2016-04-05	-0.018406	0.051221	0.053161	0.031261	-0.663964	4191700.000000
2016-04-04	-0.004190	0.055651	0.057307	0.042952	-0.151764	2377100.000000
2016-04-01	0.003152	0.055101	0.058701	0.042085	0.113823	3563900.000000
2016-03-31	0.009814	0.053152	0.065176	0.050635	0.350952	4788900.000000
2016-03-30	0.002660	0.057915	0.061280	0.050345	0.094857	2157500.000000
2016-03-29	0.011568	0.057390	0.066750	0.052568	0.407863	3051900.000000
2016-03-28	-0.000538	0.056254	0.061357	0.047750	-0.018974	1648700.000000
2016-03-24	0.003508	0.054270	0.061382	0.049150	0.123310	2370600.000000
2016-03-23	0.001351	0.053131	0.060822	0.046294	0.047424	4762900.000000
2016-03-22	-0.004840	0.055971	0.059089	0.047750	-0.170734	4799700.000000
2016-03-21	0.003508	0.057399	0.064796	0.046874	0.123310	3285500.000000
2016-03-18	-0.013575	0.050622	0.057076	0.039117	-0.483745	7565900.000000
2016-03-17	0.017330	0.053414	0.075681	0.049988	0.607055	5114600.000000
2016-03-16	0.011504	0.054270	0.067842	0.043586	0.398377	3361600.000000
2016-03-15	0.004125	0.050211	0.062099	0.049341	0.142276	2629900.000000
2016-03-14	-0.005470	0.051098	0.057442	0.043601	-0.189701	2698800.000000
2016-03-11	0.000274	0.055136	0.060616	0.049655	0.009487	3440600.000000
2016-03-10	0.002469	0.053981	0.058029	0.045017	0.085370	4777500.000000
2016-03-09	0.013904	0.055443	0.073034	0.055443	0.474262	4374100.000000
2016-03-08	0.007848	0.053975	0.065794	0.049247	0.265587	3934100.000000
2016-03-07	0.010933	0.065498	0.080732	0.060719	0.366016	5442600.000000
2016-03-04	0.011628	0.057944	0.085140	0.052202	0.384804	4531900.000000
2016-03-03	0.009736	0.068855	0.076178	0.054819	0.319095	4235600.000000
2016-03-02	0.002584	0.061521	0.068863	0.040107	0.084462	5463700.000000
2016-03-01	-0.004573	0.072502	0.075547	0.053927	-0.150158	6173700.000000
2016-02-29	0.004882	0.065498	0.089061	0.059990	0.159549	6843900.000000
2016-02-26	-0.042091	0.060222	0.064033	0.018599	-1.435947	9262600.000000
2016-02-25	0.011689	0.069650	0.078546	0.060457	0.394180	5827700.000000
2016-02-24	-0.003881	0.063431	0.068452	0.046297	-0.131393	6767300.000000
2016-02-23	0.001944	0.065498	0.076153	0.062539	0.065697	3031300.000000
2016-02-22	-0.007170	0.066086	0.068143	0.043166	-0.244019	6808600.000000
2016-02-19	-0.007120	0.065206	0.065790	0.052077	-0.244022	5287300.000000
2016-02-18	0.014726	0.067571	0.085038	0.063722	0.497425	3729100.000000
2016-02-17	-0.001110	0.067569	0.070526	0.058401	-0.037533	3542300.000000
2016-02-16	0.008114	0.070567	0.080703	0.061325	0.272171	4805500.000000
2016-02-12	-0.004457	0.066982	0.069950	0.054517	-0.150169	4590800.000000
2016-02-11	-0.010201	0.060504	0.067849	0.051985	-0.347252	4446700.000000
2016-02-10	0.003875	0.062254	0.075525	0.050163	0.131389	4498000.000000
2016-02-09	0.003890	0.064906	0.082077	0.058393	0.131394	5172200.000000
2016-02-08	-0.004701	0.054007	0.072865	0.049587	-0.159546	5847800.000000
2016-02-05	-0.013639	0.055617	0.062301	0.041956	-0.469265	7619500.000000
2016-02-04	-0.000818	0.056205	0.081180	0.042557	-0.028153	8225200.000000
2016-02-03	0.008798	0.068428	0.085420	0.065205	0.300324	7882000.000000
2016-02-02	0.012528	0.055116	0.084779	0.053633	0.422340	8670800.000000
2016-02-01	0.024529	0.068234	0.097105	0.066106	0.807133	10278200.000000
2016-01-29	0.021562	0.076985	0.091267	0.071087	0.694511	5248900.000000
2016-01-28	0.014184	0.065498	0.087854	0.057942	0.450495	3880700.000000
2016-01-27	0.000295	0.061719	0.074317	0.056365	0.009382	3901000.000000
2016-01-26	0.002074	0.066761	0.082226	0.062342	0.065701	4058200.000000
2016-01-25	-0.007351	0.064559	0.070511	0.056100	-0.234627	4359600.000000
2016-01-22	0.023473	0.072873	0.093394	0.065819	0.732046	4789700.000000
2016-01-21	0.013110	0.068747	0.082066	0.059651	0.403565	5108800.000000
2016-01-20	-0.024680	0.058211	0.062964	0.019558	-0.778982	8371500.000000
2016-01-19	0.010213	0.073820	0.080541	0.064538	0.319101	6161400.000000
2016-01-15	-0.025468	0.048343	0.060196	0.028381	-0.816511	6194400.000000
2016-01-14	0.019701	0.067089	0.094442	0.056911	0.619427	6294400.000000
2016-01-13	-0.001490	0.067722	0.075026	0.060735	-0.046929	4977500.000000
2016-01-12	-0.010033	0.068642	0.068642	0.045691	-0.319105	5806400.000000
2016-01-11	0.014975	0.071881	0.085283	0.067413	0.469269	5937800.000000
2016-01-08	-0.004472	0.066451	0.074393	0.058827	-0.140784	5717700.000000
2016-01-07	-0.011494	0.057334	0.062358	0.049483	-0.366024	3897700.000000
2016-01-06	-0.003232	0.057047	0.068315	0.052978	-0.103242	4119100.000000
2016-01-05	0.010689	0.065815	0.078785	0.051262	0.337873	5068800.000000
2016-01-04	-0.013185	0.058318	0.059255	0.041772	-0.422337	5092500.000000
2015-12-31	-0.006115	0.067050	0.067050	0.047192	-0.197086	3044700.000000
2015-12-30	-0.002904	0.065808	0.066427	0.056836	-0.093853	2568000.000000
2015-12-29	0.008787	0.071740	0.076110	0.068620	0.281559	2857900.000000
2015-12-28	-0.003503	0.060833	0.066742	0.058034	-0.112625	2733700.000000
2015-12-24	0.000584	0.063009	0.071100	0.061142	0.018764	1269100.000000
2015-12-23	0.012718	0.070541	0.084092	0.069910	0.403573	3840100.000000
2015-12-22	0.012882	0.068690	0.082416	0.058157	0.403562	4702900.000000
2015-12-21	-0.007729	0.068349	0.071833	0.053779	-0.244015	3737400.000000
2015-12-18	-0.008255	0.062671	0.063614	0.044138	-0.262783	6779600.000000
2015-12-17	0.002660	0.064868	0.074002	0.056680	0.084463	3339300.000000
2015-12-16	0.017138	0.069663	0.086322	0.068382	0.534966	5380100.000000
2015-12-15	0.014953	0.068750	0.084357	0.066799	0.459873	3940400.000000
2015-12-14	0.001834	0.063544	0.071362	0.054097	0.056313	4005900.000000
2015-12-11	-0.006681	0.059027	0.068410	0.053850	-0.206476	3855300.000000
2015-12-10	-0.014957	0.063267	0.064861	0.047650	-0.469264	3079900.000000
2015-12-09	0.009665	0.060993	0.083841	0.060028	0.300330	4937000.000000
2015-12-08	-0.002471	0.063187	0.066397	0.057730	-0.076962	4660100.000000
2015-12-07	-0.005039	0.073800	0.079549	0.062621	-0.157755	6527100.000000
2015-12-04	0.022115	0.081876	0.103423	0.081876	0.677412	5228700.000000
2015-12-03	-0.005123	0.072436	0.077633	0.066915	-0.157751	5776500.000000
2015-12-02	-0.029825	0.072591	0.076057	0.042657	-0.946518	5805800.000000
2015-12-01	0.004700	0.082698	0.087130	0.070668	0.148472	7239000.000000
2015-11-30	0.011590	0.079874	0.098769	0.077312	0.361902	6453100.000000
2015-11-27	0.000000	0.077633	0.082116	0.075391	0.000000	2026400.000000
2015-11-25	-0.008252	0.076997	0.077633	0.061435	-0.259826	3172800.000000
2015-11-24	-0.001178	0.071605	0.077950	0.062088	-0.037123	4136200.000000
2015-11-23	-0.015362	0.091064	0.093250	0.057329	-0.491814	4436600.000000
2015-11-20	0.011433	0.084583	0.099432	0.079844	0.361901	6515100.000000
2015-11-19	0.014575	0.081479	0.095262	0.081159	0.454706	4281100.000000
2015-11-18	0.007492	0.078601	0.088612	0.065684	0.231987	3662900.000000
2015-11-17	-0.019394	0.073833	0.082066	0.052932	-0.612448	3353300.000000
2015-11-16	0.029340	0.079588	0.109577	0.078936	0.900114	4382300.000000
2015-11-13	-0.007505	0.079574	0.090250	0.066633	-0.231989	4640300.000000
2015-11-12	-0.020006	0.073511	0.087144	0.055439	-0.631016	7406600.000000
2015-11-11	0.021334	0.082814	0.102566	0.080871	0.658858	4481000.000000
2015-11-10	0.006959	0.078285	0.088067	0.077307	0.213432	3427700.000000
2015-11-09	-0.000907	0.074701	0.080564	0.062647	-0.027840	3387100.000000
2015-11-06	-0.033314	0.058423	0.062517	0.032285	-1.057880	6791700.000000
2015-11-05	-0.008691	0.075759	0.080130	0.068267	-0.278387	2259000.000000
2015-11-04	0.004949	0.075750	0.085476	0.075123	0.157757	3289400.000000
2015-11-03	0.005857	0.076055	0.085206	0.069428	0.185594	3143000.000000
2015-11-02	-0.007268	0.075440	0.080139	0.059776	-0.231998	5790600.000000
2015-10-30	0.018053	0.082416	0.099638	0.078589	0.566061	5514800.000000
2015-10-29	0.011071	0.089886	0.094078	0.064090	0.343346	7157700.000000
2015-10-28	-0.025656	0.078889	0.082974	0.040874	-0.816605	7043500.000000
2015-10-27	-0.000874	0.073238	0.078260	0.069471	-0.027840	2963700.000000
2015-10-26	0.004389	0.079524	0.082362	0.068805	0.139197	3262700.000000
2015-10-23	-0.016403	0.075152	0.075772	0.055925	-0.528937	3130600.000000
2015-10-22	0.014598	0.080464	0.098713	0.078891	0.463976	3655900.000000
2015-10-21	-0.000875	0.082348	0.086749	0.074175	-0.027839	2871300.000000
2015-10-20	-0.000292	0.073861	0.082347	0.069147	-0.009280	3590700.000000
2015-10-19	-0.004933	0.070440	0.077633	0.063560	-0.157751	4629700.000000
2015-10-16	0.007897	0.083306	0.088979	0.077317	0.250546	4364400.000000
2015-10-15	0.015143	0.081792	0.097790	0.076353	0.473261	4655500.000000
2015-10-14	0.007478	0.078600	0.089882	0.076343	0.231988	3915800.000000
2015-10-13	0.000299	0.075375	0.082469	0.069894	0.009284	5841800.000000
2015-10-12	0.011807	0.077633	0.092641	0.077633	0.361904	4200800.000000
2015-10-09	-0.001813	0.075678	0.079912	0.071771	-0.055680	5295800.000000
2015-10-08	0.014098	0.075321	0.094146	0.071027	0.426865	6386500.000000
2015-10-07	-0.013007	0.077958	0.080566	0.059053	-0.399027	7000500.000000
2015-10-06	-0.012545	0.077311	0.078276	0.058964	-0.389740	5045000.000000
2015-10-05	0.013317	0.082199	0.093941	0.076328	0.408301	5862000.000000
2015-10-02	0.013497	0.083252	0.094822	0.075319	0.408306	7273600.000000
2015-10-01	-0.008817	0.081237	0.081237	0.055680	-0.269112	8029000.000000
2015-09-30	0.021111	0.082316	0.101052	0.079975	0.631014	5785000.000000
2015-09-29	0.009718	0.079322	0.091483	0.077970	0.287668	6507500.000000
2015-09-28	-0.002190	0.080666	0.086397	0.072239	-0.064958	7474400.000000
2015-09-25	0.012350	0.078656	0.098107	0.072173	0.361906	4284100.000000
2015-09-24	0.016088	0.073472	0.099130	0.072085	0.463981	5739800.000000
2015-09-23	0.001288	0.080063	0.082840	0.071383	0.037113	3180500.000000
2015-09-22	-0.009256	0.072817	0.077633	0.059059	-0.269104	6594400.000000
2015-09-21	0.011951	0.081113	0.090859	0.079373	0.343344	4777400.000000
2015-09-18	0.005195	0.072734	0.092677	0.072734	0.148472	7144000.000000
2015-09-17	0.015496	0.078699	0.106412	0.075501	0.436142	4979800.000000
2015-09-16	0.008311	0.079424	0.091246	0.078349	0.231991	3729500.000000
2015-09-15	0.007705	0.079799	0.087380	0.071495	0.213426	3395400.000000
2015-09-14	0.006067	0.079085	0.092887	0.078359	0.167036	4727000.000000
2015-09-11	0.005081	0.072887	0.083108	0.065221	0.139193	3738300.000000
2015-09-10	0.003740	0.078365	0.092656	0.077266	0.102077	4947300.000000
2015-09-09	-0.015730	0.081960	0.083764	0.058518	-0.436142	5553600.000000
2015-09-08	0.020074	0.093010	0.100000	0.086021	0.545641	5852700.000000
2015-09-04	-0.019498	0.082160	0.084325	0.067371	-0.540519	4138500.000000
2015-09-03	0.003648	0.095159	0.103486	0.088643	0.100774	3508700.000000
2015-09-02	0.005000	0.103546	0.105729	0.086809	0.137423	4539700.000000
2015-09-01	-0.031946	0.077802	0.080268	0.050681	-0.906977	6138900.000000
2015-08-31	-0.012114	0.087711	0.088755	0.065790	-0.348135	4992300.000000
2015-08-28	-0.011968	0.090508	0.091195	0.063348	-0.348131	4667000.000000
2015-08-27	0.015026	0.099565	0.108289	0.090841	0.430584	3626700.000000
2015-08-26	0.024230	0.105835	0.121919	0.090467	0.677940	6394900.000000
2015-08-25	-0.026458	0.109981	0.112764	0.061963	-0.760393	6989200.000000
2015-08-24	-0.046505	0.058030	0.077273	0.035137	-1.401693	7913900.000000
2015-08-21	-0.014085	0.087287	0.094810	0.076165	-0.430586	4154200.000000
2015-08-20	-0.004475	0.084375	0.101634	0.081118	-0.137419	3333000.000000
2015-08-19	0.002692	0.087947	0.099375	0.082723	0.082453	2775700.000000
2015-08-18	-0.004467	0.089263	0.090564	0.082112	-0.137419	3044100.000000
2015-08-17	0.006595	0.095465	0.102009	0.088921	0.201548	3477100.000000
2015-08-14	0.006335	0.091539	0.101088	0.084295	0.192392	2515600.000000
2015-08-13	-0.003007	0.087928	0.092852	0.076110	-0.091611	5110100.000000
2015-08-12	0.018377	0.087861	0.112601	0.087193	0.549678	6089500.000000
2015-08-11	0.007405	0.096928	0.105347	0.089855	0.219876	3975500.000000
2015-08-10	0.001545	0.090190	0.101996	0.090190	0.045805	3252800.000000
2015-08-07	0.008414	0.091199	0.107526	0.081675	0.247358	5414200.000000
2015-08-06	0.011346	0.092227	0.105299	0.081907	0.329811	3003300.000000
2015-08-05	0.006343	0.096386	0.104002	0.093270	0.183226	3036900.000000
2015-08-04	-0.010979	0.087773	0.090512	0.077843	-0.320650	2881200.000000
2015-08-03	0.002201	0.094627	0.101490	0.087764	0.064130	4393400.000000
2015-07-31	0.009521	0.099853	0.111284	0.099506	0.274842	3787900.000000
2015-07-30	0.006709	0.085959	0.100606	0.085610	0.192388	4287000.000000
2015-07-29	0.002563	0.089092	0.094336	0.084197	0.073294	3278600.000000
2015-07-28	0.005151	0.096810	0.101379	0.090485	0.146580	3603600.000000
2015-07-27	0.011726	0.092961	0.109672	0.092606	0.329809	3582100.000000
2015-07-24	-0.000326	0.090473	0.096160	0.085497	-0.009159	3662500.000000
2015-07-23	-0.008715	0.090482	0.091539	0.076741	-0.247359	4534800.000000
2015-07-22	0.002589	0.091186	0.102137	0.090833	0.073294	4076100.000000
2015-07-21	-0.004510	0.086616	0.091539	0.083099	-0.128261	3326800.000000
2015-07-20	-0.001929	0.091539	0.092241	0.081009	-0.054974	3179000.000000
2015-07-17	-0.010184	0.089455	0.089455	0.080075	-0.293160	3527400.000000
2015-07-16	0.006084	0.091539	0.102024	0.091189	0.174067	4679200.000000
2015-07-15	0.007745	0.091539	0.099992	0.083790	0.219875	4693800.000000
2015-07-14	0.000646	0.095063	0.098588	0.087310	0.018322	3470300.000000
2015-07-13	-0.001934	0.096112	0.097519	0.084152	-0.054968	3792100.000000
2015-07-10	0.012729	0.096527	0.114695	0.092964	0.357295	7854900.000000
2015-07-09	-0.006807	0.096139	0.099323	0.080217	-0.192391	4454100.000000
2015-07-08	-0.002586	0.086598	0.093656	0.083775	-0.073290	5764800.000000
2015-07-07	0.030313	0.095539	0.128990	0.095539	0.833685	7925500.000000
2015-07-06	0.007382	0.094835	0.101795	0.090806	0.201548	7680100.000000
2015-07-02	0.008460	0.098927	0.108161	0.093755	0.229032	5986700.000000
2015-07-01	0.002715	0.098576	0.099317	0.085983	0.073296	5556100.000000
2015-06-30	0.000679	0.096357	0.097099	0.087091	0.018322	6454200.000000
2015-06-29	-0.010084	0.092273	0.104014	0.080165	-0.274841	5166400.000000
2015-06-26	0.003711	0.091171	0.101850	0.086751	0.100772	4237400.000000
2015-06-25	-0.002692	0.095212	0.097783	0.087132	-0.073288	3431000.000000
2015-06-24	-0.011311	0.091539	0.096986	0.079193	-0.311485	4777100.000000
2015-06-23	-0.017968	0.090112	0.092609	0.070856	-0.503881	3934000.000000
2015-06-22	0.002620	0.104410	0.105840	0.091896	0.073291	3808300.000000
2015-06-19	-0.009409	0.087289	0.096143	0.080914	-0.265678	4645900.000000
2015-06-18	0.015152	0.091898	0.113111	0.091539	0.421423	4600800.000000
2015-06-17	0.010989	0.090449	0.106078	0.088631	0.302328	4897400.000000
2015-06-16	0.003676	0.091539	0.099200	0.085337	0.100771	5661300.000000
2015-06-15	-0.007628	0.090815	0.094073	0.083212	-0.210709	3994600.000000
2015-06-12	-0.012447	0.086891	0.090824	0.076880	-0.348135	3058500.000000
2015-06-11	0.010258	0.100569	0.105264	0.094428	0.284005	5840400.000000
2015-06-10	0.003987	0.100242	0.105682	0.092989	0.109935	5853100.000000
2015-06-09	-0.000664	0.093351	0.096612	0.089364	-0.018322	5472000.000000
2015-06-08	-0.014946	0.089504	0.091289	0.074511	-0.418670	7184700.000000
2015-06-05	-0.015898	0.093261	0.094667	0.080263	-0.452551	6069000.000000
2015-06-04	-0.000318	0.103449	0.112932	0.101694	-0.009054	5658200.000000
2015-06-03	-0.011003	0.107980	0.110412	0.089919	-0.316782	6317400.000000
2015-06-02	-0.017748	0.103668	0.106056	0.079786	-0.520230	10570500.000000
2015-06-01	0.001729	0.105491	0.113130	0.100080	0.050581	5413400.000000
2015-05-29	-0.002586	0.103267	0.108029	0.097870	-0.075870	3895600.000000
2015-05-28	0.003750	0.104854	0.112821	0.100074	0.109588	4665300.000000
2015-05-27	0.010198	0.109361	0.119341	0.106786	0.295054	4084300.000000
2015-05-26	-0.002905	0.104212	0.105496	0.096509	-0.084297	4059900.000000
2015-05-22	-0.004051	0.101018	0.106453	0.091107	-0.118029	3860700.000000
2015-05-21	-0.008321	0.104537	0.108976	0.092490	-0.244469	4910200.000000
2015-05-20	0.007225	0.105812	0.120501	0.102300	0.210753	5085900.000000
2015-05-19	0.009335	0.099375	0.120003	0.095185	0.269764	7058500.000000
2015-05-18	0.010315	0.099319	0.117879	0.096714	0.295050	3802300.000000
2015-05-15	0.010423	0.108145	0.120318	0.106170	0.295053	3141500.000000
2015-05-14	0.008711	0.109169	0.117798	0.107178	0.244473	3509200.000000
2015-05-13	-0.010404	0.105840	0.108796	0.086462	-0.295052	4540800.000000
2015-05-12	-0.003259	0.099289	0.105182	0.092414	-0.092731	4347400.000000
2015-05-11	-0.004425	0.099966	0.115609	0.098988	-0.126452	4545700.000000
2015-05-08	0.014970	0.124371	0.132641	0.114117	0.421505	5852400.000000
2015-05-07	0.000599	0.111143	0.120742	0.098565	0.016857	5830900.000000
2015-05-06	-0.010963	0.103218	0.107801	0.077683	-0.311910	6278500.000000
2015-05-05	-0.020319	0.099723	0.102609	0.080801	-0.590107	3992100.000000
2015-05-04	0.007605	0.105824	0.122305	0.103239	0.219184	3381400.000000
2015-05-01	0.004702	0.107776	0.111672	0.096088	0.134880	5120800.000000
2015-04-30	-0.011043	0.103249	0.107423	0.085589	-0.320343	6383400.000000
2015-04-29	0.001164	0.093925	0.108712	0.091674	0.033720	3939900.000000
2015-04-28	0.010288	0.100957	0.116871	0.098034	0.295050	4125500.000000
2015-04-27	-0.016194	0.093991	0.110286	0.084725	-0.472082	4652800.000000
2015-04-24	0.009930	0.104532	0.120343	0.100337	0.286623	4599100.000000
2015-04-23	0.007948	0.103228	0.121767	0.102578	0.227612	4560800.000000
2015-04-22	0.010711	0.106827	0.119318	0.101238	0.303484	4956900.000000
2015-04-21	-0.005621	0.106489	0.114661	0.095702	-0.160170	2662700.000000
2015-04-20	0.015320	0.107841	0.125100	0.107841	0.429932	3719000.000000
2015-04-17	-0.005081	0.100562	0.109477	0.096599	-0.143313	3269100.000000
2015-04-16	-0.002980	0.104525	0.104525	0.088394	-0.084299	4894100.000000
2015-04-15	-0.008860	0.105833	0.115622	0.093434	-0.252903	5359400.000000
2015-04-14	0.009842	0.110126	0.118035	0.105843	0.278194	3120900.000000
2015-04-13	-0.015272	0.102583	0.103232	0.087008	-0.438364	3560100.000000
2015-04-10	0.009787	0.106165	0.119599	0.104854	0.278193	4348300.000000
2015-04-09	-0.010563	0.101288	0.102909	0.083133	-0.303484	4829800.000000
2015-04-08	0.004125	0.107459	0.111691	0.098018	0.118021	3894000.000000
2015-04-07	-0.012798	0.104854	0.105497	0.089429	-0.370924	3398300.000000
2015-04-06	0.015657	0.108118	0.129334	0.106486	0.446798	4715700.000000
2015-04-02	0.005346	0.103870	0.116668	0.103870	0.151741	3593600.000000
2015-04-01	0.000297	0.090740	0.107480	0.077939	0.008427	6185700.000000
2015-03-31	0.002980	0.101562	0.113743	0.100245	0.084301	6235900.000000
2015-03-30	0.012368	0.108520	0.121519	0.099522	0.345631	4437300.000000
2015-03-27	0.003937	0.106862	0.118573	0.099835	0.109592	3249300.000000
2015-03-26	-0.002718	0.102185	0.114865	0.098848	-0.075874	4925800.000000
2015-03-25	-0.020704	0.105835	0.111063	0.079692	-0.590100	11660300.000000
2015-03-24	-0.010246	0.106795	0.111646	0.091270	-0.295053	5989500.000000
2015-03-23	-0.005821	0.104854	0.105819	0.092314	-0.168602	5616100.000000
2015-03-20	0.019887	0.111741	0.130434	0.109446	0.564814	11664300.000000
2015-03-19	-0.010573	0.099987	0.106801	0.088306	-0.303481	6554600.000000
2015-03-18	0.054506	0.105196	0.171234	0.102459	1.483691	13900700.000000
2015-03-17	-0.000309	0.100066	0.112722	0.098355	-0.008427	4497300.000000
2015-03-16	0.015723	0.109371	0.128828	0.109371	0.421503	3724700.000000
2015-03-13	-0.003447	0.102084	0.104854	0.091351	-0.092731	4632700.000000
2015-03-12	0.016242	0.112947	0.127022	0.111891	0.429929	5084900.000000
2015-03-11	-0.007271	0.108697	0.110793	0.093677	-0.193887	3499500.000000
2015-03-10	-0.003466	0.101373	0.115645	0.097196	-0.092732	5194000.000000
2015-03-09	0.000000	0.109380	0.114949	0.097196	0.000000	5694300.000000
2015-03-06	-0.039259	0.088902	0.088902	0.056797	-1.093382	7587600.000000
2015-03-05	0.004812	0.122369	0.131442	0.116992	0.133375	5974600.000000
2015-03-04	-0.007463	0.113326	0.113326	0.099985	-0.208400	4288700.000000
2015-03-03	0.002994	0.115321	0.123685	0.108296	0.083360	4128500.000000
2015-03-02	-0.020528	0.115035	0.117001	0.087184	-0.583515	7322000.000000
2015-02-27	-0.005251	0.120588	0.120588	0.108854	-0.150043	5741400.000000
2015-02-26	-0.009821	0.119910	0.121847	0.101837	-0.283427	4706500.000000
2015-02-25	-0.017872	0.113842	0.117328	0.094506	-0.525165	4633900.000000
2015-02-24	0.002275	0.115422	0.127177	0.111928	0.066687	4216400.000000
2015-02-23	0.005432	0.119564	0.123397	0.110940	0.158382	3515000.000000
2015-02-20	-0.005119	0.116693	0.118600	0.096037	-0.150045	6122500.000000
2015-02-19	-0.007340	0.117644	0.118906	0.102818	-0.216734	5178500.000000
2015-02-18	0.024588	0.116036	0.146094	0.115389	0.708557	5468900.000000
2015-02-17	-0.003459	0.112819	0.121515	0.105411	-0.100037	5927500.000000
2015-02-13	-0.004591	0.113481	0.116687	0.098733	-0.133373	5464600.000000
2015-02-12	0.003455	0.117650	0.124728	0.113790	0.100033	5363800.000000
2015-02-11	-0.016147	0.109732	0.112264	0.093589	-0.475149	4590600.000000
2015-02-10	0.018759	0.116361	0.139256	0.116361	0.541833	4416900.000000
2015-02-09	-0.016184	0.113521	0.118915	0.095121	-0.475149	6660800.000000
2015-02-06	-0.030286	0.111791	0.114560	0.077644	-0.916954	7253700.000000
2015-02-05	0.014242	0.127625	0.146346	0.121385	0.425133	3955600.000000
2015-02-04	-0.015668	0.114564	0.117328	0.098286	-0.475151	4436200.000000
2015-02-03	0.013371	0.116084	0.132268	0.109548	0.400131	5993500.000000
2015-02-02	0.011267	0.117328	0.129918	0.103165	0.333431	5462000.000000
2015-01-30	-0.011142	0.113282	0.118885	0.102701	-0.333431	5998500.000000
2015-01-29	0.010698	0.114183	0.131484	0.107263	0.316765	4583900.000000
2015-01-28	-0.005042	0.112008	0.127344	0.108878	-0.150045	5649700.000000
2015-01-27	-0.000280	0.112635	0.122022	0.110758	-0.008341	3401800.000000
2015-01-26	-0.001677	0.113268	0.115767	0.103272	-0.050017	2823300.000000
2015-01-23	0.001961	0.121084	0.126405	0.117329	0.058358	3127200.000000
2015-01-22	-0.008884	0.123843	0.124773	0.097166	-0.266755	4796200.000000
2015-01-21	0.012082	0.111991	0.133654	0.108538	0.358448	4621900.000000
2015-01-20	0.007359	0.122705	0.126816	0.116696	0.216732	4173300.000000
2015-01-16	0.000283	0.118277	0.118277	0.109736	0.008337	5624400.000000
2015-01-15	0.002839	0.117328	0.124942	0.113521	0.083359	4668600.000000
2015-01-14	0.012069	0.116044	0.132419	0.114118	0.350109	4764200.000000
2015-01-13	-0.010520	0.125271	0.133531	0.103350	-0.308427	11210500.000000
2015-01-12	-0.005092	0.121121	0.122386	0.101525	-0.150046	5430400.000000
2015-01-09	-0.005066	0.121102	0.122675	0.110096	-0.150047	4703800.000000
2015-01-08	-0.003925	0.121714	0.126413	0.108871	-0.116701	5903400.000000
2015-01-07	0.004506	0.119531	0.129285	0.112609	0.133373	4335800.000000
2015-01-06	-0.000282	0.115441	0.129911	0.109779	-0.008337	5634500.000000
2015-01-05	-0.023102	0.110568	0.116099	0.083833	-0.700218	5920000.000000
2015-01-02	0.000826	0.121942	0.125017	0.106872	0.025003	4041800.000000
2014-12-31	-0.023912	0.118829	0.120931	0.089110	-0.741901	3771100.000000
2014-12-30	-0.018977	0.113500	0.114972	0.094063	-0.600188	2544000.000000
2014-12-29	0.016068	0.117627	0.141267	0.117627	0.500153	4116800.000000
2014-12-26	0.009462	0.117631	0.134546	0.117631	0.291765	4165100.000000
2014-12-24	0.016488	0.117022	0.141278	0.117022	0.500159	2765000.000000
2014-12-23	0.010272	0.121361	0.132838	0.118879	0.308427	2799700.000000
2014-12-22	0.000278	0.131291	0.131602	0.106158	0.008339	4293100.000000
2014-12-19	0.004183	0.115771	0.130415	0.111720	0.125038	7217100.000000
2014-12-18	0.029277	0.124705	0.150361	0.120215	0.850266	5592700.000000
2014-12-17	0.018714	0.120596	0.142158	0.118962	0.533503	4215400.000000
2014-12-16	-0.006392	0.119276	0.130638	0.107265	-0.183392	4593100.000000
2014-12-15	-0.017133	0.118286	0.122752	0.097228	-0.500156	4538300.000000
2014-12-12	-0.008494	0.113849	0.123339	0.106889	-0.250081	3537700.000000
2014-12-11	0.009720	0.119884	0.137771	0.119884	0.283423	3523700.000000
2014-12-10	-0.012980	0.117644	0.125526	0.101880	-0.383453	3235800.000000
2014-12-09	0.006246	0.112887	0.130335	0.112887	0.183389	3898900.000000
2014-12-08	0.009835	0.119026	0.133763	0.119026	0.285923	3908300.000000
2014-12-05	-0.010665	0.121037	0.131180	0.112163	-0.313415	4385500.000000
2014-12-04	-0.007521	0.127705	0.134311	0.117639	-0.222689	4341200.000000
2014-12-03	0.000557	0.128333	0.132425	0.125501	0.016489	6258400.000000
2014-12-02	0.007865	0.127375	0.138794	0.121665	0.230946	4380600.000000
2014-12-01	0.001970	0.127689	0.136270	0.122286	0.057735	3419700.000000
2014-11-28	0.008229	0.134085	0.144980	0.130239	0.239180	1737200.000000
2014-11-26	0.001136	0.127994	0.135373	0.127032	0.032989	3083900.000000
2014-11-25	0.001423	0.132169	0.133133	0.119640	0.041243	4137900.000000
2014-11-24	-0.010138	0.132140	0.134684	0.115285	-0.296917	3652400.000000
2014-11-21	0.007090	0.141128	0.141128	0.127676	0.206190	4427100.000000
2014-11-20	-0.003673	0.131831	0.131831	0.120343	-0.107220	4210100.000000
2014-11-19	-0.006457	0.126108	0.128961	0.117865	-0.189699	5360700.000000
2014-11-18	-0.000561	0.131813	0.138150	0.124842	-0.016497	3570800.000000
2014-11-17	0.005643	0.128959	0.138200	0.124498	0.164957	5112200.000000
2014-11-14	-0.007561	0.125167	0.127697	0.118526	-0.222688	5247600.000000
2014-11-13	-0.004183	0.131167	0.139040	0.122035	-0.123720	3481000.000000
2014-11-12	-0.019415	0.116000	0.120940	0.103956	-0.585587	6025300.000000
2014-11-11	-0.005710	0.127743	0.130199	0.119453	-0.173202	3785300.000000
2014-11-10	0.007395	0.125876	0.138248	0.124638	0.222688	4628400.000000
2014-11-07	0.014448	0.129592	0.145594	0.126768	0.428881	4466900.000000
2014-11-06	-0.010992	0.127416	0.127416	0.105383	-0.329910	8247200.000000
2014-11-05	0.041500	0.144145	0.177112	0.138651	1.195926	12069700.000000
2014-11-04	-0.005692	0.127671	0.138276	0.117709	-0.164955	3511700.000000
2014-11-03	0.004287	0.130246	0.137669	0.126050	0.123713	4649200.000000
2014-10-31	0.004882	0.134143	0.135764	0.124738	0.140217	6966700.000000
2014-10-30	0.008983	0.131241	0.144658	0.127969	0.255682	7648400.000000
2014-10-29	-0.009188	0.129602	0.133168	0.107879	-0.263936	3494400.000000
2014-10-28	0.004615	0.130255	0.134490	0.120484	0.131970	4112900.000000
2014-10-27	0.004054	0.132221	0.136473	0.125026	0.115469	3338800.000000
2014-10-24	0.005240	0.128292	0.137497	0.125004	0.148456	2764300.000000
2014-10-23	-0.000291	0.137494	0.139138	0.125991	-0.008247	3919400.000000
2014-10-22	0.012375	0.131274	0.148243	0.130276	0.346405	5036500.000000
2014-10-21	0.000000	0.131607	0.133936	0.122623	0.000000	3150200.000000
2014-10-20	0.017691	0.130971	0.149595	0.129616	0.486616	4031800.000000
2014-10-17	0.009077	0.136111	0.141237	0.122444	0.247431	5131500.000000
2014-10-16	0.017236	0.116418	0.152566	0.115375	0.461878	6570600.000000
2014-10-15	-0.032748	0.126588	0.133648	0.079857	-0.907257	12542900.000000
2014-10-14	-0.001486	0.134985	0.147405	0.120214	-0.041237	9774400.000000
2014-10-13	-0.004144	0.131952	0.141647	0.124598	-0.115465	4762000.000000
2014-10-10	0.002374	0.131959	0.149719	0.128608	0.065984	4859000.000000
2014-10-09	-0.016633	0.127960	0.136528	0.110495	-0.470125	5179200.000000
2014-10-08	0.020548	0.131632	0.153491	0.129950	0.569094	4007900.000000
2014-10-07	0.003287	0.127591	0.148510	0.125566	0.090725	3972100.000000
2014-10-06	-0.000299	0.129952	0.134337	0.121857	-0.008247	1751600.000000
2014-10-03	0.009955	0.133025	0.143926	0.121783	0.272174	2682700.000000
2014-10-02	0.001511	0.128937	0.137807	0.126549	0.041243	3310600.000000
2014-10-01	0.007917	0.133060	0.150598	0.131685	0.214437	5321100.000000
2014-09-30	-0.003036	0.132021	0.142991	0.122421	-0.082475	4403000.000000
2014-09-29	0.006724	0.125136	0.139287	0.122720	0.181452	3357100.000000
2014-09-26	-0.003047	0.131343	0.132375	0.115171	-0.082478	3036100.000000
2014-09-25	0.001220	0.129623	0.138580	0.128244	0.032993	4238000.000000
2014-09-24	-0.009967	0.130642	0.131665	0.112224	-0.272180	4657900.000000
2014-09-23	-0.006303	0.128600	0.131311	0.122161	-0.173203	3103500.000000
2014-09-22	-0.009513	0.125921	0.126256	0.112829	-0.263929	3056300.000000
2014-09-19	0.010817	0.129957	0.143869	0.127581	0.296923	7352700.000000
2014-09-18	-0.005380	0.129278	0.131303	0.117128	-0.148459	4427900.000000
2014-09-17	-0.001194	0.131975	0.141076	0.123884	-0.032995	4763200.000000
2014-09-16	0.026348	0.126510	0.159378	0.125472	0.709310	6092500.000000
2014-09-15	0.000306	0.129624	0.134815	0.126163	0.008246	3269200.000000
2014-09-12	-0.016576	0.124173	0.125194	0.106815	-0.453627	3771600.000000
2014-09-11	0.006369	0.127223	0.139211	0.123113	0.173203	5001200.000000
2014-09-10	-0.010504	0.126905	0.128600	0.111993	-0.288672	5640800.000000
2014-09-09	-0.011276	0.123246	0.123581	0.112523	-0.313410	5276000.000000
2014-09-08	-0.014533	0.130038	0.130038	0.106261	-0.409914	5020600.000000
2014-09-05	0.004066	0.143253	0.148558	0.140932	0.114216	4267300.000000
2014-09-04	-0.002029	0.137625	0.142919	0.131668	-0.057111	3244000.000000
2014-09-03	0.006712	0.148591	0.153588	0.145260	0.187654	2233400.000000
2014-09-02	-0.010396	0.138299	0.144562	0.123794	-0.293716	3272200.000000
2014-08-29	0.005225	0.140270	0.147892	0.138613	0.146860	4012200.000000
2014-08-28	0.004373	0.138267	0.148918	0.136270	0.122383	2129100.000000
2014-08-27	0.010905	0.142605	0.154717	0.142605	0.301872	3363100.000000
2014-08-26	-0.011364	0.145254	0.149246	0.126960	-0.318193	3053300.000000
2014-08-25	0.004390	0.143266	0.153289	0.140593	0.122381	2376900.000000
2014-08-22	-0.003499	0.142261	0.147255	0.131275	-0.097900	2182300.000000
2014-08-21	0.006162	0.143605	0.154324	0.142935	0.171327	2599100.000000
2014-08-20	-0.000293	0.142600	0.143939	0.133558	-0.008158	2466800.000000
2014-08-19	0.013076	0.144309	0.157201	0.140917	0.358986	3157100.000000
2014-08-18	-0.004732	0.142946	0.146322	0.131466	-0.130539	2932900.000000
2014-08-15	0.003860	0.141934	0.154136	0.140239	0.106062	4698600.000000
2014-08-14	0.011411	0.141938	0.155308	0.141938	0.310034	2742100.000000
2014-08-13	0.004828	0.141251	0.148140	0.135739	0.130539	4270300.000000
2014-08-12	0.004242	0.141941	0.152665	0.138482	0.114223	3723900.000000
2014-08-11	0.000000	0.146438	0.150590	0.139174	0.000000	3486800.000000
2014-08-08	0.018833	0.146882	0.164152	0.146882	0.497685	10282700.000000
2014-08-07	0.014089	0.146599	0.160896	0.146599	0.367146	5000200.000000
2014-08-06	-0.018439	0.136684	0.139490	0.115283	-0.489527	8861400.000000
2014-08-05	-0.015133	0.136067	0.143323	0.120519	-0.407938	4017800.000000
2014-08-04	-0.003018	0.143662	0.145384	0.115071	-0.081589	6529700.000000
2014-08-01	0.004547	0.134674	0.153015	0.132252	0.122383	4401500.000000
2014-07-31	-0.004226	0.139183	0.154689	0.125056	-0.114223	4945200.000000
2014-07-30	-0.016914	0.143289	0.149387	0.120931	-0.465050	3651200.000000
2014-07-29	-0.009988	0.144614	0.144614	0.129857	-0.277397	2205300.000000
2014-07-28	0.018247	0.141595	0.164475	0.140229	0.497680	3077500.000000
2014-07-25	-0.010361	0.140919	0.146327	0.127739	-0.285551	2137600.000000
2014-07-24	0.003267	0.141934	0.147020	0.136170	0.089745	2421100.000000
2014-07-23	0.000892	0.142613	0.146007	0.138880	0.024473	2604400.000000
2014-07-22	-0.003850	0.143624	0.145990	0.135848	-0.106062	2948600.000000
2014-07-21	-0.002068	0.134511	0.140583	0.128439	-0.057108	4497000.000000
2014-07-18	0.015301	0.146390	0.161803	0.140225	0.416092	4286200.000000
2014-07-17	-0.009510	0.139221	0.141935	0.130400	-0.261078	3186200.000000
2014-07-16	0.003579	0.143298	0.149086	0.137169	0.097906	3139300.000000
2014-07-15	0.004494	0.141253	0.151171	0.140227	0.122382	3420100.000000
2014-07-14	-0.013302	0.143957	0.144970	0.125735	-0.367146	4291400.000000
2014-07-11	-0.011974	0.139928	0.143929	0.123925	-0.334509	4020400.000000
2014-07-10	0.007059	0.141931	0.152340	0.141595	0.195810	2344700.000000
2014-07-09	-0.003517	0.144941	0.146949	0.131223	-0.097902	4294900.000000
2014-07-08	0.001174	0.137911	0.145950	0.136236	0.032631	3817800.000000
2014-07-07	0.001469	0.140253	0.149311	0.136899	0.040796	2961900.000000
2014-07-03	-0.008739	0.139600	0.139600	0.125634	-0.244764	2838500.000000
2014-07-02	-0.023606	0.138998	0.139323	0.109127	-0.677175	4333300.000000
2014-07-01	-0.010414	0.141274	0.141274	0.129386	-0.301877	3774100.000000
2014-06-30	0.009662	0.143866	0.153599	0.135756	0.277401	4693200.000000
2014-06-27	0.012371	0.141595	0.156046	0.136341	0.350829	6346100.000000
2014-06-26	0.005787	0.142256	0.149193	0.138292	0.163169	3676800.000000
2014-06-25	0.001449	0.139611	0.146227	0.132994	0.040797	3806400.000000
2014-06-24	0.001160	0.139277	0.149213	0.138946	0.032636	3498500.000000
2014-06-23	-0.004333	0.139946	0.144563	0.129065	-0.122385	3358900.000000
2014-06-20	-0.004600	0.143565	0.146519	0.135031	-0.130535	3747400.000000
2014-06-19	0.002594	0.127445	0.153113	0.127445	0.073426	4259200.000000
2014-06-18	0.019694	0.141931	0.165085	0.140924	0.546640	5119000.000000
2014-06-17	-0.007295	0.137598	0.142928	0.132268	-0.203972	4209800.000000
2014-06-16	0.007053	0.138912	0.160046	0.137905	0.195810	5066600.000000
2014-06-13	0.015215	0.145001	0.164414	0.138871	0.416098	5983900.000000
2014-06-12	-0.005931	0.143965	0.144981	0.122975	-0.163179	7532600.000000
2014-06-11	-0.027962	0.139950	0.140608	0.108358	-0.791397	9782400.000000
2014-06-10	0.013735	0.166616	0.173621	0.156607	0.383461	8461800.000000
2014-06-09	-0.012695	0.138631	0.142583	0.123151	-0.358983	3736500.000000
2014-06-06	0.003561	0.142686	0.149627	0.141364	0.100346	4447100.000000
2014-06-05	0.001434	0.153924	0.161207	0.150283	0.040360	4251300.000000
2014-06-04	-0.003715	0.149637	0.153265	0.144031	-0.104933	2552900.000000
2014-06-03	0.006038	0.150607	0.169518	0.149279	0.169504	4965900.000000
2014-06-02	-0.008834	0.150636	0.152938	0.141757	-0.250218	2826700.000000
2014-05-30	0.008913	0.153261	0.165205	0.151602	0.250218	4783700.000000
2014-05-29	0.004042	0.158588	0.161586	0.146263	0.113005	4493600.000000
2014-05-28	0.008736	0.152581	0.164678	0.146196	0.242151	6277200.000000
2014-05-27	0.028760	0.175703	0.191259	0.173629	0.774866	9277400.000000
2014-05-23	-0.005660	0.152549	0.159424	0.146362	-0.153358	4276000.000000
2014-05-22	0.007503	0.157388	0.166045	0.155310	0.201789	4941800.000000
2014-05-21	0.001503	0.156352	0.158086	0.149415	0.040354	3531100.000000
2014-05-20	-0.009232	0.153581	0.160797	0.141210	-0.250215	3856100.000000
2014-05-19	-0.016403	0.153248	0.153924	0.127898	-0.452010	6392100.000000
2014-05-16	0.010956	0.155291	0.166909	0.148115	0.298649	7689700.000000
2014-05-15	0.006557	0.155644	0.162523	0.153924	0.177578	5306600.000000
2014-05-14	0.004792	0.155307	0.162910	0.149432	0.129145	3943300.000000
2014-05-13	0.008456	0.156015	0.164031	0.153576	0.226000	4647800.000000
2014-05-12	-0.015462	0.158042	0.158042	0.132308	-0.419718	4317600.000000
2014-05-09	-0.012915	0.156634	0.158666	0.136651	-0.355152	4409900.000000
2014-05-08	-0.012464	0.155931	0.155931	0.137201	-0.347079	3653400.000000
2014-05-07	0.008772	0.155611	0.168433	0.150888	0.242148	7371700.000000
2014-05-06	-0.004657	0.148215	0.156611	0.141834	-0.129145	6066200.000000
2014-05-05	0.016568	0.154266	0.173726	0.152559	0.452009	5111700.000000
2014-05-02	-0.011985	0.145155	0.161345	0.136722	-0.330934	7028200.000000
2014-05-01	0.026095	0.161193	0.189920	0.152540	0.702227	7880500.000000
2014-04-30	-0.003288	0.153579	0.170828	0.145990	-0.088787	11180400.000000
2014-04-29	-0.005352	0.153581	0.159758	0.143288	-0.145287	4721100.000000
2014-04-28	0.002385	0.153924	0.164587	0.149797	0.064573	5475800.000000
2014-04-25	0.004792	0.155307	0.164638	0.153579	0.129145	4734400.000000
2014-04-24	0.008456	0.160198	0.169956	0.154621	0.226000	4749100.000000
2014-04-23	0.005161	0.156026	0.175644	0.153924	0.137216	9631500.000000
2014-04-22	0.000000	0.152523	0.156376	0.147969	0.000000	6037300.000000
2014-04-21	-0.006035	0.157755	0.160540	0.141738	-0.161426	6777000.000000
2014-04-17	-0.008378	0.150817	0.158068	0.140804	-0.226004	4329400.000000
2014-04-16	0.006323	0.158094	0.161221	0.151145	0.169502	3384300.000000
2014-04-15	0.014046	0.157095	0.174713	0.156039	0.371291	6568800.000000
2014-04-14	0.004601	0.158172	0.164189	0.152862	0.121072	6178800.000000
2014-04-11	-0.012719	0.153226	0.160914	0.138548	-0.339000	7740700.000000
2014-04-10	-0.000303	0.156370	0.169646	0.150082	-0.008074	4934300.000000
2014-04-09	-0.007810	0.154618	0.156004	0.135207	-0.209862	5813000.000000
2014-04-08	0.014939	0.151110	0.171515	0.144426	0.395504	5721500.000000
2014-04-07	0.002752	0.155336	0.174738	0.152513	0.072649	4637500.000000
2014-04-04	0.007391	0.149660	0.173470	0.148594	0.193716	4749800.000000
2014-04-03	0.001542	0.156772	0.160687	0.150365	0.040363	3670000.000000
2014-04-02	-0.010681	0.154629	0.154629	0.141248	-0.282510	5600200.000000
2014-04-01	-0.011165	0.157407	0.157407	0.138952	-0.298647	6388800.000000
2014-03-31	0.004851	0.154974	0.163022	0.144827	0.129143	6292500.000000
2014-03-28	0.005181	0.151814	0.160607	0.147946	0.137220	3212600.000000
2014-03-27	0.012342	0.152144	0.170658	0.148584	0.322859	7869600.000000
2014-03-26	0.001236	0.155707	0.164975	0.151786	0.032287	4959500.000000
2014-03-25	0.000000	0.154994	0.159628	0.144299	0.000000	4879100.000000
2014-03-24	-0.002158	0.155703	0.163173	0.150367	-0.056499	4549800.000000
2014-03-21	0.007141	0.160373	0.175778	0.156432	0.185648	7954400.000000
2014-03-20	0.000000	0.153208	0.154283	0.139236	0.000000	5175800.000000
2014-03-19	-0.017988	0.153924	0.155683	0.127539	-0.476229	3973800.000000
2014-03-18	0.001221	0.153220	0.158504	0.149345	0.032291	3322200.000000
2014-03-17	-0.000305	0.155333	0.156389	0.146530	-0.008073	3571300.000000
2014-03-14	0.012357	0.151073	0.173174	0.149290	0.322862	5916700.000000
2014-03-13	0.005592	0.153566	0.165037	0.149623	0.145291	6956200.000000
2014-03-12	0.016740	0.152831	0.173241	0.152467	0.427793	4912700.000000
2014-03-11	-0.002206	0.155015	0.158289	0.143742	-0.056501	3517100.000000
2014-03-10	-0.003455	0.152475	0.156099	0.145951	-0.088787	4879900.000000
2014-03-07	0.014982	0.152085	0.171213	0.147303	0.379364	5684000.000000
2014-03-06	-0.008126	0.154399	0.156223	0.139440	-0.207442	4410200.000000
2014-03-05	-0.009595	0.167533	0.168617	0.153440	-0.247306	5413000.000000
2014-03-04	0.009372	0.174828	0.181394	0.171546	0.239334	5253700.000000
2014-03-03	-0.008672	0.163917	0.167533	0.150901	-0.223381	4778400.000000
2014-02-28	0.010326	0.172648	0.180685	0.169725	0.263265	3986700.000000
2014-02-27	-0.005600	0.167897	0.169713	0.157725	-0.143594	4156400.000000
2014-02-26	0.007208	0.170095	0.177778	0.167899	0.183481	4455700.000000
2014-02-25	0.003144	0.168635	0.180747	0.166065	0.079775	3955900.000000
2014-02-24	0.000314	0.171572	0.180017	0.167533	0.007978	4047100.000000
2014-02-21	0.000314	0.170472	0.177450	0.166799	0.007975	3324100.000000
2014-02-20	0.005694	0.168642	0.178983	0.167903	0.143596	3868000.000000
2014-02-19	-0.005350	0.165329	0.171574	0.157981	-0.135624	2988800.000000
2014-02-18	0.008249	0.173090	0.181239	0.170126	0.207421	3280900.000000
2014-02-14	0.004782	0.164556	0.173116	0.163439	0.119663	2959700.000000
2014-02-13	0.009006	0.163403	0.179926	0.163027	0.223370	3256400.000000
2014-02-12	0.000322	0.163777	0.170163	0.158893	0.007980	2754900.000000
2014-02-11	0.011060	0.166014	0.183865	0.166014	0.271231	4415100.000000
2014-02-10	0.013184	0.166764	0.183311	0.160607	0.319099	4315500.000000
2014-02-07	0.001651	0.169461	0.172544	0.162523	0.039890	5443600.000000
2014-02-06	0.005978	0.174901	0.183044	0.168697	0.143597	6692900.000000
2014-02-05	-0.006271	0.164836	0.166763	0.157515	-0.151577	3442600.000000
2014-02-04	-0.006231	0.170980	0.171746	0.152599	-0.151571	5062200.000000
2014-02-03	-0.002617	0.180137	0.180901	0.161423	-0.063820	6207300.000000
2014-01-31	0.005923	0.157929	0.176754	0.155240	0.143596	6230300.000000
2014-01-30	0.010642	0.169863	0.182676	0.164815	0.255278	4034000.000000
2014-01-29	0.000333	0.167145	0.175301	0.160154	0.007979	5473700.000000
2014-01-28	0.010420	0.169496	0.181269	0.166356	0.247304	4755200.000000
2014-01-27	-0.004018	0.167924	0.169879	0.161279	-0.095733	3496100.000000
2014-01-24	-0.009615	0.163275	0.175663	0.155920	-0.231344	3841200.000000
2014-01-23	0.000332	0.166372	0.169857	0.157078	0.007980	3666700.000000
2014-01-22	0.009374	0.169097	0.180432	0.166361	0.223364	4605900.000000
2014-01-21	0.009463	0.179371	0.179765	0.165561	0.223375	4026400.000000
2014-01-17	-0.009042	0.170661	0.172225	0.156976	-0.215397	4963100.000000
2014-01-16	0.005726	0.169500	0.176185	0.166747	0.135618	4169100.000000
2014-01-15	-0.011651	0.166367	0.168699	0.153542	-0.279213	6719500.000000
2014-01-14	-0.003318	0.167534	0.171795	0.162110	-0.079771	3630700.000000
2014-01-13	-0.004952	0.162137	0.168304	0.155584	-0.119665	4287400.000000
2014-01-10	0.019865	0.175395	0.192692	0.175002	0.470669	5343700.000000
2014-01-09	0.001687	0.169503	0.172259	0.164777	0.039896	5600900.000000
2014-01-08	-0.009024	0.163241	0.164802	0.151925	-0.215397	4792900.000000
2014-01-07	0.005714	0.168711	0.174990	0.163609	0.135618	4551200.000000
2014-01-06	0.004389	0.174629	0.177782	0.168322	0.103709	4730500.000000
2014-01-03	-0.001012	0.182103	0.183678	0.157689	-0.023930	4519500.000000
2014-01-02	-0.014623	0.169086	0.169086	0.150073	-0.351013	5007500.000000
2013-12-31	0.004674	0.167534	0.176499	0.163635	0.111683	2639900.000000
2013-12-30	0.003350	0.164796	0.172227	0.164796	0.079778	2314300.000000
2013-12-27	0.003361	0.171066	0.173420	0.164394	0.079773	1769900.000000
2013-12-26	-0.003684	0.166360	0.167924	0.159322	-0.087755	1888100.000000
2013-12-24	0.003360	0.168318	0.174203	0.162433	0.079775	1293200.000000
2013-12-23	0.002696	0.171861	0.178548	0.167533	0.063822	3551900.000000
2013-12-20	0.011933	0.171116	0.183854	0.170718	0.279213	6248200.000000
2013-12-19	-0.011792	0.163600	0.165567	0.145898	-0.279213	3177300.000000
2013-12-18	0.013315	0.169925	0.183478	0.153981	0.311123	4717500.000000
2013-12-17	-0.004080	0.163167	0.165946	0.156418	-0.095730	3951400.000000
2013-12-16	0.005470	0.173122	0.181903	0.169929	0.127642	2935900.000000
2013-12-13	-0.000683	0.171123	0.172320	0.159157	-0.015959	4166600.000000
2013-12-12	-0.001365	0.169127	0.176695	0.165143	-0.031908	4214500.000000
2013-12-11	-0.011134	0.165958	0.167533	0.152171	-0.263256	4722200.000000
2013-12-10	-0.013972	0.168699	0.170641	0.149667	-0.335058	4330600.000000
2013-12-09	0.002668	0.165976	0.172596	0.159355	0.063821	4478100.000000
2013-12-06	0.001939	0.172528	0.180332	0.160822	0.046275	7526300.000000
2013-12-05	-0.018152	0.180360	0.181510	0.157757	-0.441313	5681700.000000
2013-12-04	0.003578	0.178432	0.186506	0.173434	0.086685	3272500.000000
2013-12-03	0.010519	0.180339	0.195103	0.179173	0.252180	4924000.000000
2013-12-02	-0.009443	0.181893	0.183047	0.166883	-0.228537	4349200.000000
2013-11-29	0.006885	0.184218	0.198168	0.180343	0.165495	2868800.000000
2013-11-27	0.003950	0.179948	0.188117	0.174890	0.094565	3977600.000000
2013-11-26	-0.011068	0.184970	0.185740	0.168812	-0.267943	5150500.000000
2013-11-25	0.000652	0.182278	0.188052	0.178813	0.015763	4067300.000000
2013-11-22	0.004253	0.186146	0.200450	0.184213	0.102449	5552700.000000
2013-11-21	0.005923	0.182282	0.192393	0.177226	0.141850	4361500.000000
2013-11-20	-0.009452	0.179196	0.189212	0.170721	-0.228537	4639800.000000
2013-11-19	-0.007120	0.181510	0.182658	0.167741	-0.173376	3600000.000000
2013-11-18	-0.005791	0.182653	0.184555	0.170104	-0.141846	3833700.000000
2013-11-15	0.007782	0.182276	0.191090	0.178060	0.189129	4597800.000000
2013-11-14	0.016815	0.188128	0.203715	0.186569	0.401915	4798000.000000
2013-11-13	0.004304	0.174848	0.187372	0.170543	0.102443	3752400.000000
2013-11-12	-0.009186	0.177240	0.180342	0.165607	-0.220655	3050700.000000
2013-11-11	-0.000983	0.183829	0.185766	0.173758	-0.023644	3121000.000000
2013-11-08	-0.004892	0.175725	0.179965	0.160306	-0.118208	4886200.000000
2013-11-07	-0.000652	0.187286	0.201925	0.177655	-0.015758	6449900.000000
2013-11-06	0.009210	0.185003	0.195500	0.183059	0.220655	5309400.000000
2013-11-05	-0.013947	0.179976	0.181509	0.165408	-0.338865	5796300.000000
2013-11-04	0.003254	0.187662	0.190354	0.176508	0.078804	3340000.000000
2013-11-01	0.003265	0.183822	0.191925	0.177648	0.078808	3737800.000000
2013-10-31	-0.004550	0.181125	0.184966	0.159999	-0.110329	5963300.000000
2013-10-30	-0.004529	0.183804	0.187628	0.173863	-0.110328	3971300.000000
2013-10-29	0.004223	0.185348	0.190340	0.180357	0.102445	3647900.000000
2013-10-28	-0.000325	0.182276	0.187266	0.176518	-0.007883	4059800.000000
2013-10-25	0.006209	0.179962	0.190004	0.175713	0.149737	3510600.000000
2013-10-24	-0.001631	0.179965	0.185749	0.178037	-0.039404	4196000.000000
2013-10-23	0.002617	0.181506	0.195811	0.180346	0.063047	5036900.000000
2013-10-22	0.009244	0.186185	0.200232	0.181503	0.220656	4461300.000000
2013-10-21	-0.000330	0.182283	0.185793	0.174481	-0.007885	4147100.000000
2013-10-18	-0.005579	0.180341	0.184608	0.174523	-0.133965	6221100.000000
2013-10-17	0.022826	0.177528	0.212045	0.173561	0.535875	5919600.000000
2013-10-16	0.007440	0.189087	0.192684	0.181093	0.173376	5570500.000000
2013-10-15	-0.019562	0.177974	0.245768	0.158772	-0.464954	7679700.000000
2013-10-14	-0.011147	0.176080	0.178018	0.157480	-0.267937	6498800.000000
2013-10-11	-0.000983	0.183054	0.187699	0.177634	-0.023649	3881300.000000
2013-10-10	0.017667	0.187014	0.203955	0.178347	0.417671	5973600.000000
2013-10-09	-0.000999	0.186222	0.200391	0.179531	-0.023639	6022900.000000
2013-10-08	0.001668	0.181893	0.195296	0.179922	0.039404	7145800.000000
2013-10-07	-0.004978	0.177970	0.184639	0.175616	-0.118210	4305100.000000
2013-10-04	-0.003638	0.180720	0.184628	0.174467	-0.086689	3331100.000000
2013-10-03	-0.014663	0.177271	0.178041	0.161867	-0.354626	3913600.000000
2013-10-02	0.001305	0.180350	0.186134	0.175337	0.031525	7173600.000000
2013-10-01	0.008888	0.186172	0.192397	0.180337	0.212778	6916600.000000
2013-09-30	0.001318	0.176439	0.188905	0.175660	0.031522	5638500.000000
2013-09-27	-0.004266	0.189651	0.195469	0.171420	-0.102447	7572400.000000
2013-09-26	-0.000656	0.181893	0.191584	0.176854	-0.015762	3369200.000000
2013-09-25	-0.008778	0.183045	0.183430	0.164602	-0.212778	6302300.000000
2013-09-24	0.004244	0.183436	0.192311	0.182279	0.102449	5255900.000000
2013-09-23	0.017270	0.182285	0.204266	0.178360	0.409786	5687100.000000
2013-09-20	-0.018579	0.179196	0.182663	0.159935	-0.449188	10485800.000000
2013-09-19	-0.008403	0.184949	0.189151	0.168141	-0.204895	6361200.000000
2013-09-18	0.024164	0.182675	0.217885	0.176024	0.575281	6001300.000000
2013-09-17	0.009692	0.179917	0.197298	0.177547	0.228533	3373300.000000
2013-09-16	-0.002667	0.190954	0.198439	0.176377	-0.063044	4626700.000000
2013-09-13	0.002004	0.186630	0.192156	0.181103	0.047287	2776400.000000
2013-09-12	-0.007294	0.184244	0.189338	0.172096	-0.173372	2692900.000000
2013-09-11	-0.005933	0.185009	0.185399	0.163584	-0.141850	5328100.000000
2013-09-10	0.002312	0.184626	0.186968	0.175645	0.055159	3467600.000000
2013-09-09	0.006651	0.183072	0.191326	0.179928	0.157616	5007000.000000
2013-09-06	-0.001395	0.181029	0.193589	0.179067	-0.033097	4825300.000000
2013-09-05	-0.007813	0.195558	0.197505	0.183875	-0.186851	3560000.000000
2013-09-04	0.003594	0.193601	0.204935	0.188520	0.085640	3353300.000000
2013-09-03	-0.002932	0.206858	0.208807	0.187764	-0.070068	4693000.000000
2013-08-30	-0.003570	0.197890	0.204879	0.187794	-0.085644	5696800.000000
2013-08-29	-0.007410	0.192868	0.195566	0.182847	-0.179058	3285500.000000
2013-08-28	0.009431	0.198671	0.211510	0.193224	0.225774	4408200.000000
2013-08-27	0.003918	0.190478	0.211569	0.188525	0.093428	5216600.000000
2013-08-26	-0.008096	0.197886	0.200598	0.184714	-0.194641	3240200.000000
2013-08-23	0.010471	0.198294	0.211213	0.192031	0.249136	10313000.000000
2013-08-22	0.005925	0.196731	0.210907	0.192793	0.140139	17042200.000000
2013-08-21	-0.012033	0.193224	0.195948	0.178051	-0.288062	3779900.000000
2013-08-20	0.006547	0.193596	0.211218	0.193596	0.155713	3518700.000000
2013-08-19	0.000000	0.194771	0.205735	0.191638	0.000000	3107400.000000
2013-08-16	-0.010687	0.194787	0.199823	0.179678	-0.256926	4335000.000000
2013-08-15	-0.013103	0.187543	0.193660	0.180661	-0.319200	4551600.000000
2013-08-14	-0.005404	0.195196	0.195196	0.183408	-0.132351	3881400.000000
2013-08-13	-0.008509	0.197845	0.200107	0.185403	-0.210209	2488500.000000
2013-08-12	-0.005329	0.192962	0.194462	0.184336	-0.132351	2562300.000000
2013-08-09	0.001570	0.197464	0.203849	0.195210	0.038927	3065500.000000
2013-08-08	-0.000627	0.201968	0.204595	0.189956	-0.015568	3617000.000000
2013-08-07	0.006633	0.194448	0.204650	0.188402	0.163494	3230400.000000
2013-08-06	-0.010934	0.194468	0.194468	0.179892	-0.272493	3641800.000000
2013-08-05	0.002506	0.194464	0.201208	0.187719	0.062286	3804700.000000
2013-08-02	-0.001563	0.197085	0.198207	0.188481	-0.038927	2192100.000000
2013-08-01	0.006610	0.201232	0.206880	0.188805	0.163488	4711100.000000
2013-07-31	0.001261	0.194452	0.198222	0.180124	0.031144	5536900.000000
2013-07-30	0.001262	0.200490	0.206530	0.192562	0.031147	4403700.000000
2013-07-29	0.011491	0.193282	0.211229	0.192518	0.280275	3915600.000000
2013-07-26	0.002239	0.194041	0.202078	0.189066	0.054497	3534100.000000
2013-07-25	0.003209	0.190194	0.201328	0.189426	0.077852	3309200.000000
2013-07-24	-0.014236	0.196715	0.197472	0.174007	-0.350349	2699200.000000
2013-07-23	0.002219	0.196337	0.201647	0.189509	0.054500	2289800.000000
2013-07-22	-0.000317	0.198233	0.201266	0.193683	-0.007782	2649000.000000
2013-07-19	-0.000317	0.197474	0.200886	0.189514	-0.007786	3502500.000000
2013-07-18	0.015444	0.199416	0.214813	0.199416	0.373702	4129600.000000
2013-07-17	0.007129	0.201377	0.208742	0.198663	0.171281	3490000.000000
2013-07-16	-0.000971	0.194400	0.198661	0.187816	-0.023359	3722800.000000
2013-07-15	0.014450	0.193194	0.216767	0.190836	0.342560	3780500.000000
2013-07-12	0.001315	0.195944	0.199091	0.185715	0.031143	3639600.000000
2013-07-11	0.013667	0.206306	0.212687	0.200724	0.319202	3907600.000000
2013-07-10	0.003344	0.195537	0.204739	0.189135	0.077853	4199100.000000
2013-07-09	0.001675	0.199944	0.205555	0.193932	0.038925	5042300.000000
2013-07-08	0.017036	0.200413	0.216717	0.197560	0.389274	5818000.000000
2013-07-05	-0.008111	0.195124	0.197145	0.173696	-0.186855	14269300.000000
2013-07-03	-0.005378	0.190305	0.194728	0.187892	-0.124561	4729200.000000
2013-07-02	-0.005017	0.195537	0.209140	0.187534	-0.116783	10584200.000000
2013-07-01	-0.011897	0.212942	0.213337	0.176964	-0.280276	10665800.000000
2013-06-28	0.019198	0.220916	0.226155	0.198755	0.443772	11737400.000000
2013-06-27	-0.000673	0.201169	0.214860	0.192310	-0.015574	4871500.000000
2013-06-26	0.007119	0.206070	0.212558	0.198365	0.163498	5163900.000000
2013-06-25	0.014443	0.200451	0.214850	0.194691	0.326985	5362300.000000
2013-06-24	0.003451	0.187255	0.208721	0.176522	0.077856	5266300.000000
2013-06-21	0.016129	0.202629	0.218149	0.194659	0.358129	8148700.000000
2013-06-20	-0.018244	0.189336	0.191395	0.171216	-0.412630	6977200.000000
2013-06-19	-0.013917	0.195525	0.208926	0.179687	-0.319199	7472900.000000
2013-06-18	0.011328	0.198390	0.216050	0.195105	0.256918	9049600.000000
2013-06-17	0.000000	0.199212	0.209890	0.193051	0.000000	5676900.000000
2013-06-14	0.004829	0.191385	0.207479	0.191385	0.108996	6152400.000000
2013-06-13	0.018981	0.196757	0.219885	0.196337	0.420412	6916100.000000
2013-06-12	-0.018288	0.202116	0.202116	0.174458	-0.412626	7476900.000000
2013-06-11	-0.005149	0.191409	0.205783	0.184838	-0.116782	8425300.000000
2013-06-10	-0.005463	0.200013	0.203689	0.189393	-0.124565	6561500.000000
2013-06-07	-0.003742	0.199999	0.209765	0.190233	-0.085644	6090400.000000
2013-06-06	0.010900	0.197858	0.210199	0.193745	0.246792	5573400.000000
2013-06-05	-0.008417	0.207354	0.210618	0.200012	-0.192205	4790600.000000
2013-06-04	0.001349	0.211433	0.216743	0.204898	0.030756	6011700.000000
2013-06-03	-0.001347	0.211025	0.224894	0.200012	-0.030756	6991400.000000
2013-05-31	-0.006689	0.208192	0.224398	0.203330	-0.153769	6811300.000000
2013-05-30	-0.004661	0.216676	0.229580	0.204578	-0.107641	5625600.000000
2013-05-29	-0.000665	0.204582	0.215866	0.189671	-0.015371	8863900.000000
2013-05-28	-0.017326	0.214205	0.214997	0.180543	-0.407492	19348300.000000
2013-05-24	-0.013226	0.206744	0.210652	0.193066	-0.315222	13299200.000000
2013-05-23	-0.008634	0.207559	0.210271	0.179666	-0.207586	15270300.000000
2013-05-22	-0.017285	0.209530	0.217144	0.186687	-0.422861	5412500.000000
2013-05-21	0.000314	0.212195	0.217146	0.205721	0.007687	4183800.000000
2013-05-20	-0.010576	0.211433	0.214071	0.197491	-0.261408	4788200.000000
2013-05-17	0.006575	0.214088	0.220536	0.211054	0.161457	6092500.000000
2013-05-16	-0.002187	0.208027	0.214082	0.204621	-0.053820	3628200.000000
2013-05-15	0.004078	0.211433	0.222453	0.206873	0.099951	3699900.000000
2013-05-14	0.004727	0.213724	0.221742	0.211051	0.115326	4743500.000000
2013-05-13	-0.003455	0.208389	0.210672	0.194312	-0.084574	5166700.000000
2013-05-10	0.000943	0.211052	0.214099	0.193534	0.023068	5659700.000000
2013-05-09	-0.005627	0.211055	0.215220	0.202345	-0.138390	6553800.000000
2013-05-08	-0.012654	0.209190	0.214799	0.191243	-0.315226	5112200.000000
2013-05-07	0.013133	0.214085	0.227343	0.212949	0.322913	5383700.000000
2013-05-06	-0.022915	0.208472	0.211804	0.182563	-0.576632	5352300.000000
2013-05-03	-0.006375	0.214375	0.219524	0.203342	-0.161455	6220700.000000
2013-05-02	-0.009621	0.212162	0.216168	0.185209	-0.246029	7167000.000000
2013-05-01	-0.003595	0.212159	0.217603	0.203086	-0.092264	3693000.000000
2013-04-30	0.002102	0.211070	0.213979	0.207433	0.053821	3681100.000000
2013-04-29	0.008477	0.215468	0.225004	0.210333	0.215275	4778800.000000
2013-04-26	0.006092	0.210326	0.223241	0.209219	0.153767	3988100.000000
2013-04-25	0.000915	0.214757	0.217343	0.207740	0.023069	2093900.000000
2013-04-24	0.003058	0.211433	0.219954	0.204765	0.076878	2973700.000000
2013-04-23	0.004917	0.214411	0.217390	0.205849	0.123016	4138500.000000
2013-04-22	-0.000921	0.211806	0.215897	0.202507	-0.023060	3448100.000000
2013-04-19	0.015907	0.215212	0.231082	0.212189	0.392104	9374900.000000
2013-04-18	0.007226	0.214478	0.222090	0.212194	0.176834	3392600.000000
2013-04-17	-0.000942	0.216757	0.219799	0.200406	-0.023064	4307600.000000
2013-04-16	0.011429	0.215279	0.227586	0.206434	0.276783	3677300.000000
2013-04-15	-0.015317	0.203860	0.210676	0.192878	-0.376730	3256700.000000
2013-04-12	0.002821	0.211053	0.216370	0.209535	0.069193	2277100.000000
2013-04-11	0.007581	0.212199	0.222530	0.208372	0.184523	3701400.000000
2013-04-10	0.005718	0.213742	0.227211	0.212203	0.138393	4998100.000000
2013-04-09	-0.005999	0.212963	0.212963	0.200340	-0.146080	3862700.000000
2013-04-08	0.007316	0.210663	0.220296	0.202186	0.176834	3300700.000000
2013-04-05	0.004794	0.202915	0.218789	0.202915	0.115318	4102300.000000
2013-04-04	0.013277	0.211433	0.227910	0.210649	0.315228	3786700.000000
2013-04-03	-0.008986	0.214543	0.214543	0.197826	-0.215275	5399700.000000
2013-04-02	-0.002880	0.214147	0.216473	0.203292	-0.069195	3538800.000000
2013-04-01	-0.001916	0.212981	0.213368	0.205630	-0.046127	3558000.000000
2013-03-28	0.017549	0.212614	0.234268	0.210646	0.415171	8552100.000000
2013-03-27	0.005884	0.206681	0.218958	0.201929	0.138389	3771000.000000
2013-03-26	0.015604	0.215455	0.230739	0.211836	0.361359	4123400.000000
2013-03-25	0.000997	0.216667	0.219486	0.205797	0.023067	4462700.000000
2013-03-22	-0.002321	0.211433	0.213442	0.204605	-0.053821	4705800.000000
2013-03-21	-0.003305	0.210633	0.216237	0.207029	-0.076884	4181300.000000
2013-03-20	0.003316	0.215048	0.221877	0.212638	0.076884	3294400.000000
2013-03-19	-0.000332	0.215047	0.221070	0.204607	-0.007691	4624800.000000
2013-03-18	-0.010495	0.206268	0.206268	0.197527	-0.246029	2829400.000000
2013-03-15	0.009269	0.206220	0.222661	0.205418	0.215279	6110000.000000
2013-03-14	-0.010481	0.212624	0.212624	0.197545	-0.246029	6193600.000000
2013-03-13	0.004607	0.213426	0.218609	0.209041	0.107637	2111900.000000
2013-03-12	0.003964	0.212634	0.220238	0.210233	0.092261	3776000.000000
2013-03-11	-0.012076	0.199968	0.203526	0.191665	-0.284468	7501900.000000
2013-03-08	0.003932	0.213021	0.219769	0.205082	0.092257	4140800.000000
2013-03-07	-0.008125	0.211040	0.215764	0.201197	-0.192211	2709600.000000
2013-03-06	-0.005591	0.215231	0.215231	0.200354	-0.133008	3493200.000000
2013-03-05	0.008373	0.228565	0.237645	0.225012	0.197550	3648800.000000
2013-03-04	0.007463	0.224211	0.235745	0.221029	0.174763	4076400.000000
2013-03-01	0.000000	0.225006	0.229381	0.217051	0.000000	3874000.000000
2013-02-28	0.003582	0.225402	0.234583	0.222209	0.083582	6626300.000000
2013-02-27	0.006885	0.225801	0.235045	0.225400	0.159565	2790200.000000
2013-02-26	0.004942	0.229840	0.239130	0.224186	0.113974	14825200.000000
2013-02-25	-0.014290	0.229384	0.232171	0.208284	-0.334328	14105300.000000
2013-02-22	0.012163	0.231443	0.240711	0.230637	0.281137	9698600.000000
2013-02-21	-0.001968	0.225801	0.228214	0.220573	-0.045589	4588700.000000
2013-02-20	0.000328	0.222985	0.236261	0.222583	0.007601	3166800.000000
2013-02-19	0.001973	0.220561	0.232251	0.219755	0.045589	4952100.000000
2013-02-15	-0.003931	0.228612	0.228612	0.217771	-0.091179	4385100.000000
2013-02-14	0.001969	0.214939	0.230629	0.209307	0.045590	4572700.000000
2013-02-13	-0.001638	0.226203	0.229014	0.219777	-0.037995	2287400.000000
2013-02-12	0.004278	0.226608	0.232255	0.222171	0.098778	2650700.000000
2013-02-11	0.002639	0.226206	0.230654	0.222162	0.060787	1651700.000000
2013-02-08	0.000330	0.225801	0.228229	0.219733	0.007599	2349700.000000
2013-02-07	0.000991	0.224586	0.230256	0.220537	0.022795	2911400.000000
2013-02-06	0.003647	0.224988	0.230679	0.217673	0.083580	2386600.000000
2013-02-05	0.000996	0.229056	0.233531	0.225801	0.022798	2555700.000000
2013-02-04	-0.007903	0.221765	0.222572	0.214903	-0.182363	2797200.000000
2013-02-01	0.002641	0.231062	0.236323	0.226206	0.060787	5786600.000000
2013-01-31	0.016443	0.223745	0.248837	0.223745	0.372320	6450800.000000
2013-01-30	-0.002344	0.227032	0.227443	0.217183	-0.053192	5162900.000000
2013-01-29	0.009122	0.227044	0.237811	0.225801	0.205156	2858000.000000
2013-01-28	0.000000	0.225801	0.227044	0.215862	0.000000	2797500.000000
2013-01-25	0.003050	0.228293	0.232032	0.222063	0.068381	3110500.000000
2013-01-24	0.004083	0.227053	0.233726	0.224968	0.091188	3255500.000000
2013-01-23	-0.007095	0.222074	0.224559	0.215034	-0.159569	4263900.000000
2013-01-22	0.007488	0.225801	0.240404	0.219543	0.167164	4772400.000000
2013-01-18	0.013453	0.232567	0.242292	0.230453	0.296330	3949400.000000
2013-01-17	0.009753	0.228790	0.243307	0.228363	0.212751	4171000.000000
2013-01-16	-0.006918	0.224106	0.225802	0.214353	-0.151958	3385100.000000
2013-01-15	-0.001382	0.221991	0.226225	0.219873	-0.030400	4832200.000000
2013-01-14	0.000000	0.227495	0.232999	0.223684	0.000000	2074600.000000
2013-01-11	-0.001724	0.231719	0.231719	0.218616	-0.037988	2816800.000000
2013-01-10	0.001381	0.231727	0.231727	0.222415	0.030395	3732600.000000
2013-01-09	0.005905	0.233891	0.236446	0.227079	0.129172	3775300.000000
2013-01-08	-0.004495	0.224954	0.228345	0.218596	-0.098782	3141700.000000
2013-01-07	-0.009928	0.222864	0.225802	0.211534	-0.220346	4760800.000000
2013-01-04	0.000342	0.228740	0.230839	0.220764	0.007597	4046100.000000
2013-01-03	0.003781	0.227908	0.236336	0.225380	0.083578	3883600.000000
2013-01-02	0.016067	0.241215	0.248493	0.231796	0.349521	5077100.000000
2012-12-31	0.015969	0.222757	0.246246	0.219712	0.341925	3602900.000000
2012-12-28	-0.011922	0.220644	0.226661	0.210758	-0.258345	2603700.000000
2012-12-27	-0.003494	0.223660	0.228800	0.208669	-0.075981	4057800.000000
2012-12-26	-0.010373	0.227073	0.228768	0.213086	-0.227949	2727700.000000
2012-12-24	0.000000	0.224106	0.227497	0.216476	0.000000	1268300.000000
2012-12-21	-0.006527	0.228328	0.228749	0.212327	-0.144365	6015600.000000
2012-12-20	-0.001030	0.229587	0.230849	0.218650	-0.022799	3844300.000000
2012-12-19	-0.010526	0.227883	0.227883	0.212066	-0.235544	3405600.000000
2012-12-18	0.006150	0.227895	0.237109	0.223289	0.136768	7828400.000000
2012-12-17	0.016673	0.227079	0.246665	0.227079	0.364722	4623500.000000
2012-12-14	-0.010653	0.224117	0.225801	0.209373	-0.235550	3516300.000000
2012-12-13	0.001376	0.224958	0.229176	0.219474	0.030393	7820900.000000
2012-12-12	0.002760	0.227070	0.238914	0.224955	0.060784	5409500.000000
2012-12-11	-0.000690	0.227915	0.234255	0.222420	-0.015194	4489300.000000
2012-12-10	0.000690	0.224532	0.231723	0.222417	0.015194	3149700.000000
2012-12-07	-0.000690	0.225379	0.228760	0.219038	-0.015194	2998800.000000
2012-12-06	0.000345	0.229184	0.230029	0.219881	0.007591	4800100.000000
2012-12-05	0.013467	0.242309	0.264164	0.238452	0.292700	4356100.000000
2012-12-04	-0.003784	0.243158	0.246146	0.234193	-0.082558	2393200.000000
2012-12-03	-0.009540	0.241446	0.242714	0.226647	-0.210142	4028000.000000
2012-11-30	0.009979	0.239315	0.255116	0.238461	0.217649	3986500.000000
2012-11-29	0.004147	0.243596	0.248313	0.237593	0.090062	2880400.000000
2012-11-28	0.004512	0.241023	0.246623	0.236716	0.097568	2945800.000000
2012-11-27	0.013010	0.244514	0.261969	0.244514	0.277685	4577800.000000
2012-11-26	0.012821	0.242791	0.262680	0.241907	0.270190	3816700.000000
2012-11-23	-0.005314	0.241463	0.244101	0.226956	-0.112578	1895300.000000
2012-11-21	-0.003530	0.242337	0.243214	0.227005	-0.075054	3448000.000000
2012-11-20	-0.001410	0.241461	0.246272	0.227900	-0.030022	3377200.000000
2012-11-19	-0.005956	0.246676	0.247111	0.227109	-0.127582	4718600.000000
2012-11-16	0.021109	0.241467	0.268108	0.234363	0.442798	6671900.000000
2012-11-15	-0.001072	0.241023	0.249007	0.230378	-0.022514	5003300.000000
2012-11-14	-0.012006	0.242338	0.244967	0.224371	-0.255173	4047800.000000
2012-11-13	0.002123	0.238388	0.255515	0.234875	0.045027	3625700.000000
2012-11-12	-0.014644	0.239292	0.239725	0.218955	-0.315212	3302100.000000
2012-11-09	-0.001741	0.235840	0.248366	0.231952	-0.037529	6086800.000000
2012-11-08	0.015195	0.244531	0.278298	0.244093	0.322723	8666400.000000
2012-11-07	-0.017702	0.235854	0.238439	0.213024	-0.382759	6395300.000000
2012-11-06	0.001042	0.240592	0.251372	0.239730	0.022514	3996500.000000
2012-11-05	-0.014046	0.235921	0.239323	0.222316	-0.307710	4536800.000000
2012-11-02	-0.008155	0.243553	0.247348	0.230481	-0.180123	7128000.000000
2012-11-01	-0.004734	0.245220	0.248578	0.230951	-0.105068	3294600.000000
2012-10-31	0.002713	0.244811	0.253648	0.240182	0.060038	2858300.000000
2012-10-26	-0.002031	0.242283	0.244383	0.234303	-0.045033	2713000.000000
2012-10-25	0.006129	0.245671	0.251164	0.237220	0.135094	2527900.000000
2012-10-24	-0.006427	0.243123	0.249840	0.230528	-0.142591	2834100.000000
2012-10-23	-0.006053	0.235181	0.240189	0.229339	-0.135096	2489800.000000
2012-10-22	-0.001343	0.237689	0.246440	0.232272	-0.030025	2752200.000000
2012-10-19	-0.012272	0.238553	0.241846	0.225793	-0.277686	3389700.000000
2012-10-18	0.009712	0.241854	0.254323	0.241439	0.217648	3615400.000000
2012-10-17	0.011518	0.245227	0.260782	0.242705	0.255175	3714700.000000
2012-10-16	0.002377	0.243973	0.249451	0.237231	0.052534	3312000.000000
2012-10-15	0.000340	0.243553	0.243553	0.233014	0.007507	2968400.000000
2012-10-12	-0.001018	0.245234	0.249867	0.237233	-0.022516	3508300.000000
2012-10-11	0.005802	0.245259	0.253730	0.238906	0.127588	3659000.000000
2012-10-10	-0.000682	0.241870	0.243140	0.234251	-0.015009	4529500.000000
2012-10-09	0.002736	0.240599	0.248663	0.238477	0.060038	3653500.000000
2012-10-08	0.004121	0.239745	0.246138	0.235909	0.090063	3386600.000000
2012-10-05	-0.008175	0.244405	0.244405	0.229188	-0.180125	3598700.000000
2012-10-04	0.005824	0.240173	0.251652	0.238472	0.127587	2631500.000000
2012-10-03	0.007942	0.242737	0.252593	0.241023	0.172617	2967600.000000
2012-10-02	0.005556	0.246625	0.251365	0.240162	0.120088	2616000.000000
2012-10-01	-0.008606	0.245722	0.251276	0.229916	-0.187633	4298400.000000
2012-09-28	0.014316	0.240157	0.260523	0.237124	0.307712	6025400.000000
2012-09-27	-0.007967	0.242743	0.244892	0.231136	-0.172618	4403200.000000
2012-09-26	-0.003796	0.243164	0.250444	0.236313	-0.082558	5529800.000000
2012-09-25	-0.003096	0.244438	0.248707	0.237181	-0.067549	3783600.000000
2012-09-24	0.011834	0.244047	0.260029	0.239727	0.255173	5842000.000000
2012-09-21	0.001046	0.245347	0.245780	0.234970	0.022520	6048600.000000
2012-09-20	-0.002433	0.238866	0.242749	0.233259	-0.052538	4743100.000000
2012-09-19	-0.002081	0.242745	0.246619	0.238440	-0.045031	3609700.000000
2012-09-18	-0.004833	0.237596	0.242737	0.233741	-0.105070	4170900.000000
2012-09-17	-0.003440	0.238889	0.242304	0.234193	-0.075054	8382200.000000
2012-09-14	-0.005814	0.241448	0.242297	0.230413	-0.127584	5944600.000000
2012-09-13	0.014925	0.240162	0.259546	0.234993	0.322721	6009200.000000
2012-09-12	-0.004148	0.241023	0.245742	0.234589	-0.090063	3750400.000000
2012-09-11	-0.006866	0.242727	0.247414	0.230799	-0.150101	4831000.000000
2012-09-10	-0.003762	0.245268	0.245268	0.236355	-0.082557	2729300.000000
2012-09-07	0.001027	0.243148	0.246971	0.238049	0.022518	2729500.000000
2012-09-06	-0.002391	0.246533	0.246533	0.235513	-0.052540	5406200.000000
2012-09-05	0.001013	0.259676	0.264343	0.251615	0.022242	6460300.000000
