2017-09-01	0.012749	0.008551	0.016014	0.007774	0.819999	192600.000000
2017-08-31	0.002338	-0.000312	0.005143	-0.000779	0.150002	103300.000000
2017-08-30	0.001092	-0.001560	0.003744	-0.002964	0.070000	97900.000000
2017-08-29	-0.000156	-0.004991	0.001092	-0.014506	-0.010003	97200.000000
2017-08-28	-0.007585	-0.008049	-0.006037	-0.012229	-0.489997	109700.000000
2017-08-25	0.004666	0.005910	0.010886	0.002488	0.299995	94800.000000
2017-08-24	0.023396	-0.002706	0.032150	-0.003502	1.470001	340400.000000
2017-08-23	0.004476	-0.004636	0.009273	-0.006235	0.280003	72200.000000
2017-08-22	0.006436	0.001609	0.006436	-0.001126	0.399997	70000.000000
2017-08-21	0.013701	0.008155	0.016637	0.008155	0.840001	75500.000000
2017-08-18	0.006072	0.006728	0.008369	0.003446	0.370002	214800.000000
2017-08-17	-0.015191	-0.000970	-0.000970	-0.015191	-0.940002	78600.000000
2017-08-16	-0.003703	0.006762	0.006762	-0.003864	-0.230000	66800.000000
2017-08-15	-0.010830	-0.006211	-0.006211	-0.015608	-0.680000	74700.000000
2017-08-14	-0.009778	0.002050	0.002050	-0.010724	-0.619999	79200.000000
2017-08-11	0.012939	0.004952	0.015176	0.003994	0.810002	55900.000000
2017-08-10	-0.019116	0.001567	0.001567	-0.020056	-1.220002	83900.000000
2017-08-09	-0.008390	-0.002641	-0.002641	-0.013984	-0.540001	78100.000000
2017-08-08	0.000622	0.001399	0.005442	-0.001555	0.040001	61000.000000
2017-08-07	-0.005566	-0.001546	-0.001392	-0.007421	-0.360000	80100.000000
2017-08-04	0.006536	0.004202	0.007158	-0.001245	0.419998	54300.000000
2017-08-03	-0.006340	-0.001392	-0.000309	-0.007113	-0.409996	70800.000000
2017-08-02	-0.003544	-0.007396	-0.000616	-0.010786	-0.230004	141100.000000
2017-08-01	0.004488	0.007894	0.010525	0.004488	0.290001	101500.000000
2017-07-31	0.001550	-0.002480	0.002635	-0.002945	0.099999	125000.000000
2017-07-28	-0.003091	-0.003245	-0.002936	-0.013599	-0.199997	72500.000000
2017-07-27	-0.009035	-0.003522	-0.003369	-0.015314	-0.590004	103900.000000
2017-07-26	0.035193	0.028535	0.037254	0.024096	2.220001	156600.000000
2017-07-25	0.005579	0.004304	0.009087	0.003029	0.350002	60300.000000
2017-07-24	0.001757	0.005749	0.005749	-0.002555	0.110001	56600.000000
2017-07-21	-0.014014	-0.006141	-0.006141	-0.016218	-0.889999	63500.000000
2017-07-20	-0.002670	-0.000785	-0.000785	-0.009736	-0.170002	76500.000000
2017-07-19	0.014821	0.009084	0.016574	0.008287	0.930000	88800.000000
2017-07-18	0.006577	0.007218	0.008823	0.003689	0.410000	58400.000000
2017-07-17	-0.009533	-0.005243	-0.004449	-0.010804	-0.599999	66300.000000
2017-07-14	0.014016	0.008539	0.016272	0.008055	0.869999	60400.000000
2017-07-13	0.004531	0.000324	0.008416	0.000324	0.279999	111800.000000
2017-07-12	0.007829	0.006850	0.012070	0.002610	0.480000	135000.000000
2017-07-11	0.005742	0.000656	0.007546	0.000000	0.350002	72500.000000
2017-07-10	-0.009586	-0.004874	-0.004874	-0.013972	-0.590000	99300.000000
2017-07-07	-0.001622	0.000487	0.002271	-0.007786	-0.100003	100200.000000
2017-07-06	-0.010433	-0.000963	0.001766	-0.010433	-0.649997	123800.000000
2017-07-05	0.015982	0.026256	0.028050	0.014677	0.979999	154000.000000
2017-07-03	0.000653	0.003264	0.006691	-0.000326	0.040001	55500.000000
2017-06-30	-0.005518	-0.001298	0.000162	-0.008926	-0.340000	99000.000000
2017-06-29	-0.011232	-0.003370	-0.001123	-0.013960	-0.700001	144800.000000
2017-06-28	0.007436	0.002425	0.011154	0.002425	0.459999	74300.000000
2017-06-27	-0.005786	-0.002893	0.000000	-0.006268	-0.360000	84000.000000
2017-06-26	0.004034	0.008391	0.008391	0.001775	0.250000	60700.000000
2017-06-23	-0.000323	0.000161	0.003710	-0.002742	-0.020001	65100.000000
2017-06-22	-0.003857	0.003214	0.004339	-0.004660	-0.239998	78800.000000
2017-06-21	-0.001925	0.001764	0.003047	-0.006897	-0.119998	168100.000000
2017-06-20	-0.019346	-0.013212	-0.008336	-0.019503	-1.230004	116500.000000
2017-06-19	-0.000157	0.000786	0.005819	-0.002202	-0.009998	153200.000000
2017-06-16	0.007287	0.005069	0.009663	-0.000475	0.459999	97800.000000
2017-06-15	-0.009881	-0.004862	-0.000627	-0.010508	-0.629997	163300.000000
2017-06-14	-0.013766	0.000773	0.002320	-0.015004	-0.890004	118100.000000
2017-06-13	0.006069	0.001712	0.007470	-0.000311	0.390000	133000.000000
2017-06-12	-0.002003	0.001724	0.004675	-0.005265	-0.128998	109600.000000
2017-06-09	-0.002304	0.009642	0.009952	0.002514	-0.148720	179400.000000
2017-06-08	-0.001687	0.011651	0.011961	0.005928	-0.109070	70200.000000
2017-06-07	-0.014361	0.005356	0.006423	-0.008976	-0.941940	86800.000000
2017-06-06	0.000000	0.006270	0.009167	-0.001963	0.000000	67600.000000
2017-06-05	-0.005263	0.002188	0.005676	0.001429	-0.347030	54200.000000
2017-06-02	-0.002101	0.005530	0.007801	0.003412	-0.138817	39600.000000
2017-06-01	0.005128	0.009318	0.018141	0.007188	0.337112	84800.000000
2017-05-31	-0.008672	0.007351	0.007351	-0.004110	-0.575073	87200.000000
2017-05-30	-0.013278	0.000225	0.000225	-0.004983	-0.892365	128900.000000
2017-05-26	-0.005137	0.006929	0.007817	-0.000769	-0.347023	101700.000000
2017-05-25	-0.005256	0.011650	0.014595	0.001489	-0.356949	128200.000000
2017-05-24	-0.005806	0.004312	0.006361	-0.001398	-0.396606	63300.000000
2017-05-23	0.004520	0.009146	0.013852	0.008704	0.307365	81100.000000
2017-05-22	0.003659	0.008853	0.015199	0.006048	0.247879	85600.000000
2017-05-19	0.005888	0.011972	0.016872	0.008706	0.396607	126000.000000
2017-05-18	0.001770	0.003947	0.015102	0.003501	0.118988	101100.000000
2017-05-17	-0.011948	0.005618	0.010468	-0.004081	-0.813042	89800.000000
2017-05-16	-0.001455	0.008411	0.011052	0.004155	-0.099159	93800.000000
2017-05-15	0.006591	0.011512	0.016091	0.008262	0.446182	91100.000000
2017-05-12	0.004561	0.011822	0.016867	0.009893	0.307373	93300.000000
2017-05-11	-0.006722	0.006494	0.006641	-0.003970	-0.456100	100400.000000
2017-05-10	0.005732	0.009743	0.017155	0.005445	0.386688	81900.000000
2017-05-09	0.009046	0.018579	0.022916	0.016335	0.604828	84900.000000
2017-05-08	-0.006922	0.005735	0.005735	-0.000058	-0.466011	81300.000000
2017-05-05	0.001327	0.006029	0.013317	0.003947	0.089241	126700.000000
2017-05-04	-0.022770	0.002162	0.002162	-0.015134	-1.566597	170700.000000
2017-05-03	-0.003590	0.004937	0.010295	0.003633	-0.247879	69000.000000
2017-05-02	-0.007553	0.008126	0.008845	-0.000354	-0.525505	116000.000000
2017-05-01	-0.001139	0.009275	0.015305	0.006835	-0.079323	137500.000000
2017-04-28	-0.002980	0.010848	0.010848	0.003691	-0.208214	75300.000000
2017-04-27	-0.009001	0.000472	0.003593	-0.008890	-0.634567	65600.000000
2017-04-26	-0.000843	0.002888	0.014510	0.001612	-0.059502	98700.000000
2017-04-25	0.006222	0.012408	0.018112	0.009413	0.436272	77800.000000
2017-04-24	0.001842	0.018273	0.018273	0.007129	0.128899	159200.000000
2017-04-21	-0.007452	-0.001086	0.004870	-0.001086	-0.525505	92300.000000
2017-04-20	0.009510	0.019867	0.022587	0.016145	0.664321	93500.000000
2017-04-19	-0.018939	0.006591	0.006732	-0.012791	-1.348464	127800.000000
2017-04-18	-0.015222	-0.002784	0.002610	-0.008731	-1.100579	95700.000000
2017-04-17	0.006904	0.008836	0.015799	0.008836	0.495758	62700.000000
2017-04-13	-0.003714	0.012859	0.018408	0.004534	-0.267715	75700.000000
2017-04-12	-0.002881	0.003853	0.007866	0.000810	-0.208222	85300.000000
2017-04-11	-0.011391	0.003634	0.003634	-0.007855	-0.832862	114500.000000
2017-04-10	-0.002165	0.005691	0.008967	0.003644	-0.158654	206100.000000
2017-04-07	0.011913	0.014910	0.027754	0.014910	0.862625	169500.000000
2017-04-06	0.000137	0.009110	0.010215	0.005381	0.009919	81500.000000
2017-04-05	-0.011507	0.006646	0.009240	-0.005232	-0.842797	111300.000000
2017-04-04	0.007914	0.003879	0.019704	0.003879	0.575081	78300.000000
2017-04-03	0.000546	0.009934	0.009934	0.000296	0.039665	67800.000000
2017-03-31	-0.005566	0.004450	0.007188	-0.000206	-0.406524	94500.000000
2017-03-30	-0.013394	0.005315	0.007612	-0.007113	-0.991516	119000.000000
2017-03-29	-0.001204	0.000867	0.008018	-0.003856	-0.089234	68400.000000
2017-03-28	0.005515	0.005844	0.017376	0.005844	0.406525	65000.000000
2017-03-27	-0.002415	-0.002947	0.007881	-0.002947	-0.178475	39900.000000
2017-03-24	-0.001474	0.007476	0.009098	0.003557	-0.109069	46000.000000
2017-03-23	0.000670	0.002472	0.012750	-0.001991	0.049575	177000.000000
2017-03-22	-0.000134	0.002338	0.011938	0.002067	-0.009910	99600.000000
2017-03-21	-0.014403	0.011356	0.015754	-0.008367	-1.080757	96600.000000
2017-03-20	0.011359	0.012466	0.024057	0.012466	0.842788	72600.000000
2017-03-17	0.003352	0.014913	0.016671	0.010992	0.247879	77300.000000
2017-03-16	0.013315	0.023220	0.028016	0.020479	0.971688	115200.000000
2017-03-15	0.017418	0.009115	0.030865	0.009115	1.249313	243100.000000
2017-03-14	-0.015381	0.000595	0.000595	-0.009288	-1.120422	78100.000000
2017-03-13	0.006025	0.014081	0.018086	0.008972	0.436271	67700.000000
2017-03-10	-0.008956	0.010063	0.010063	-0.002939	-0.654403	68800.000000
2017-03-09	-0.005533	0.005291	0.008421	-0.004917	-0.406517	120100.000000
2017-03-08	-0.022556	0.006562	0.006562	-0.014458	-1.695488	107400.000000
2017-03-07	-0.001317	0.009089	0.012676	0.004970	-0.099160	75900.000000
2017-03-06	0.007165	0.015649	0.017523	0.010431	0.535416	40800.000000
2017-03-03	0.006409	0.014483	0.020408	0.013675	0.475929	107000.000000
2017-03-02	-0.015512	-0.002182	0.000470	-0.007220	-1.169983	70800.000000
2017-03-01	0.001448	0.009620	0.014134	0.005238	0.109063	157700.000000
2017-02-28	-0.014147	-0.002438	-0.001914	-0.008328	-1.080750	69200.000000
2017-02-27	-0.012053	0.001962	0.001962	-0.005797	-0.932022	111000.000000
2017-02-24	-0.007382	0.007530	0.007530	-0.000300	-0.575081	70600.000000
2017-02-23	-0.003677	0.012394	0.015847	0.001779	-0.287536	94800.000000
2017-02-22	-0.008549	0.001710	0.005261	-0.003615	-0.674233	97300.000000
2017-02-21	0.028579	0.033338	0.040380	0.030860	2.191246	77500.000000
2017-02-17	0.000000	0.002949	0.010122	0.002949	0.000000	77400.000000
2017-02-16	-0.017283	-0.002081	0.003559	-0.009514	-1.348457	76600.000000
2017-02-15	-0.006314	0.006010	0.006010	-0.002395	-0.495758	88300.000000
2017-02-14	-0.001639	0.008557	0.009320	-0.000597	-0.128899	57500.000000
2017-02-13	-0.003392	0.007544	0.011852	0.002855	-0.267708	59300.000000
2017-02-10	0.028427	0.028888	0.037489	0.024848	2.181336	82800.000000
2017-02-09	-0.005270	0.008557	0.008557	-0.001295	-0.406525	129400.000000
2017-02-08	0.006208	0.010905	0.016384	0.002166	0.475929	107400.000000
2017-02-07	-0.003223	0.011808	0.015318	0.002837	-0.247879	69700.000000
2017-02-06	-0.007040	0.010365	0.010623	0.001199	-0.545334	44200.000000
2017-02-03	-0.004968	0.008686	0.012283	0.000850	-0.386695	61900.000000
2017-02-02	-0.002161	0.008814	0.009711	0.003045	-0.168557	59900.000000
2017-02-01	-0.010190	0.009572	0.012998	-0.011236	-0.803123	110100.000000
2017-01-31	0.004042	0.009831	0.013526	0.006392	0.317284	60700.000000
2017-01-30	-0.004527	0.002090	0.007797	-0.003236	-0.356942	64700.000000
2017-01-27	-0.022493	-0.007682	-0.003839	-0.017847	-1.814476	71800.000000
2017-01-26	0.001477	0.005454	0.015510	0.002474	0.118981	91000.000000
2017-01-25	0.024206	0.012372	0.034115	0.010846	1.903709	125800.000000
2017-01-24	0.007494	0.015091	0.023033	0.014578	0.584992	171200.000000
2017-01-23	-0.004552	0.004477	0.005369	-0.004577	-0.356942	77400.000000
2017-01-20	-0.010509	0.010324	0.010324	-0.003934	-0.832870	99500.000000
2017-01-19	-0.008313	0.005304	0.007682	-0.005958	-0.664314	64500.000000
2017-01-18	-0.003832	0.010053	0.012795	0.003197	-0.307381	81800.000000
2017-01-17	0.001733	0.009931	0.016299	0.004811	0.138824	83200.000000
2017-01-13	0.012790	0.015639	0.026009	0.014375	1.011338	87300.000000
2017-01-12	-0.004494	0.004780	0.006291	-0.003277	-0.356942	96200.000000
2017-01-11	0.004388	0.008052	0.016271	-0.000294	0.347023	68400.000000
2017-01-10	0.013727	0.015479	0.027529	0.013172	1.070839	169900.000000
2017-01-09	0.011051	0.020999	0.029294	0.019703	0.852707	147200.000000
2017-01-06	0.000772	0.009725	0.011670	0.006352	0.059487	55600.000000
2017-01-05	0.039850	0.035262	0.051986	0.035262	2.954719	182800.000000
2017-01-04	0.000401	0.002216	0.012605	-0.001292	0.029747	116800.000000
2017-01-03	0.014247	0.028126	0.034832	0.016084	1.041092	107000.000000
2016-12-30	-0.006605	0.008014	0.008014	-0.000143	-0.485847	53200.000000
2016-12-29	-0.007624	0.008422	0.009367	-0.000212	-0.565163	94200.000000
2016-12-28	-0.002801	0.014073	0.014073	0.004521	-0.208221	64800.000000
2016-12-27	0.005364	0.010586	0.015455	0.010316	0.396614	55900.000000
2016-12-23	-0.006396	0.003854	0.006273	-0.000178	-0.475937	42100.000000
2016-12-22	-0.013538	-0.004964	-0.003506	-0.012653	-1.021256	81900.000000
2016-12-21	0.001184	0.014264	0.016521	0.007761	0.089241	60700.000000
2016-12-20	-0.001183	0.009618	0.011739	0.002062	-0.089241	72600.000000
2016-12-19	-0.000919	0.011869	0.017696	0.005908	-0.069404	109200.000000
2016-12-16	0.000657	0.003919	0.010810	0.001401	0.049575	193500.000000
2016-12-15	0.009552	0.006684	0.022338	0.005614	0.713891	189500.000000
2016-12-14	-0.008810	0.018106	0.035611	-0.002052	-0.664315	259100.000000
2016-12-13	0.084879	0.064381	0.100781	0.056611	5.899513	567500.000000
2016-12-12	-0.007785	0.006273	0.014553	-0.001150	-0.545333	154500.000000
2016-12-09	-0.011612	-0.004565	0.004183	-0.011619	-0.822960	138300.000000
2016-12-08	-0.003346	0.003636	0.010104	-0.001989	-0.237961	72300.000000
2016-12-07	0.013567	0.009413	0.023381	0.006704	0.951851	91800.000000
2016-12-06	-0.001975	0.006566	0.009838	0.003010	-0.138809	69400.000000
2016-12-05	0.001130	0.006848	0.012830	0.006279	0.079322	84100.000000
2016-12-02	-0.003237	0.010971	0.013809	0.001744	-0.228050	117300.000000
2016-12-01	0.007230	0.019424	0.031434	0.008700	0.505676	141900.000000
2016-11-30	0.040260	0.031611	0.058680	0.031611	2.706841	197400.000000
2016-11-29	-0.007029	-0.001338	0.009296	-0.001338	-0.475937	88500.000000
2016-11-28	-0.003357	0.016653	0.019891	0.004730	-0.228043	107700.000000
2016-11-25	-0.002039	0.010614	0.012083	0.003269	-0.138816	50100.000000
2016-11-23	-0.009235	-0.003959	0.005210	-0.003959	-0.634568	143300.000000
2016-11-22	0.018668	0.027385	0.034501	0.023234	1.259224	139300.000000
2016-11-21	0.019329	0.017171	0.028958	0.016264	1.279061	143100.000000
2016-11-18	0.005120	0.013114	0.019038	0.007494	0.337112	130900.000000
2016-11-17	-0.001053	0.011895	0.019178	0.005371	-0.069412	106900.000000
2016-11-16	-0.012186	-0.004632	0.005560	-0.007180	-0.813042	102000.000000
2016-11-15	0.024669	0.020537	0.035127	0.020076	1.606262	156300.000000
2016-11-14	-0.001369	0.004723	0.012238	-0.002639	-0.089241	109600.000000
2016-11-11	-0.014979	-0.007003	-0.000658	-0.016370	-0.991516	114200.000000
2016-11-10	-0.021831	-0.004890	-0.002082	-0.019076	-1.477356	140700.000000
2016-11-09	-0.022206	-0.017162	-0.001991	-0.021931	-1.536850	276100.000000
2016-11-08	-0.001002	-0.006022	0.017651	-0.006888	-0.069404	129900.000000
2016-11-07	0.040506	0.040849	0.050011	0.038747	2.696922	140800.000000
2016-11-04	-0.002081	0.008857	0.016051	0.004810	-0.138817	114000.000000
2016-11-03	0.001637	0.016814	0.023420	0.007356	0.109070	71100.000000
2016-11-02	-0.023547	-0.005516	0.002400	-0.021347	-1.606255	141100.000000
2016-11-01	0.015798	0.032532	0.038488	0.016598	1.060921	145200.000000
2016-10-31	-0.003824	0.009893	0.013453	0.002476	-0.257789	157900.000000
2016-10-28	-0.030791	-0.000788	0.000362	-0.023216	-2.141678	123100.000000
2016-10-27	-0.012806	-0.000810	0.000751	-0.006629	-0.902275	110600.000000
2016-10-26	-0.010306	-0.004366	0.004062	-0.007737	-0.733727	48400.000000
2016-10-25	-0.019394	-0.000947	0.004838	-0.011829	-1.407951	101500.000000
2016-10-24	0.029238	0.032658	0.040739	0.024294	2.062355	240300.000000
2016-10-21	-0.004896	0.001504	0.008981	0.001221	-0.347031	133000.000000
2016-10-20	0.019393	0.024664	0.031999	0.017761	1.348465	130800.000000
2016-10-19	0.007470	0.013483	0.026378	0.009137	0.515579	140000.000000
2016-10-18	0.012656	0.025577	0.025577	0.019121	0.862625	44000.000000
2016-10-17	-0.011078	0.001883	0.003479	-0.005807	-0.763473	85300.000000
2016-10-14	0.002307	0.015538	0.017283	0.005794	0.158646	93900.000000
2016-10-13	-0.013233	-0.011964	-0.002349	-0.023875	-0.922104	124100.000000
2016-10-12	-0.009443	-0.000967	0.000455	-0.010349	-0.664315	122400.000000
2016-10-11	-0.026215	-0.005285	-0.005008	-0.023557	-1.893798	94000.000000
2016-10-10	0.026486	0.017793	0.041238	0.014525	1.864044	223700.000000
2016-10-07	-0.018529	-0.000368	0.001863	-0.017103	-1.328629	95600.000000
2016-10-06	0.036846	0.033283	0.052515	0.032560	2.548195	338000.000000
2016-10-05	0.048872	0.043137	0.061184	0.036767	3.222428	276200.000000
2016-10-04	0.000602	0.014172	0.022063	0.005674	0.039657	63700.000000
2016-10-03	-0.005090	-0.004578	0.006142	-0.010466	-0.337120	105100.000000
2016-09-30	0.015198	0.012542	0.030629	0.012542	0.991516	106900.000000
2016-09-29	-0.003332	0.006724	0.020320	0.000766	-0.218124	165400.000000
2016-09-28	0.032208	0.011711	0.041356	0.003196	2.042518	111700.000000
2016-09-27	0.001096	0.012188	0.012346	0.003032	0.069405	85800.000000
2016-09-26	-0.008689	-0.000832	0.008401	-0.000832	-0.555244	83200.000000
2016-09-23	-0.015128	0.000081	0.008711	-0.008242	-0.981606	77000.000000
2016-09-22	-0.003654	0.011936	0.015467	0.001494	-0.237961	82400.000000
2016-09-21	0.025289	0.018948	0.035165	0.015800	1.606255	175000.000000
2016-09-20	-0.002491	0.009657	0.015153	0.004003	-0.158646	82700.000000
2016-09-19	-0.004032	0.007775	0.010747	0.000580	-0.257793	209200.000000
2016-09-16	-0.000310	-0.003326	0.011841	-0.004421	-0.019829	164300.000000
2016-09-15	0.009864	0.013611	0.023243	0.009505	0.624657	71700.000000
2016-09-14	-0.010074	0.006369	0.014654	-0.005667	-0.644482	181700.000000
2016-09-13	-0.033698	-0.016970	-0.012287	-0.032981	-2.230911	191600.000000
2016-09-12	0.025495	0.006234	0.037834	0.005614	1.645912	104100.000000
2016-09-09	-0.033388	-0.009245	-0.002657	-0.025566	-2.229920	122100.000000
2016-09-08	0.011357	0.019118	0.026992	0.009881	0.749985	183900.000000
2016-09-07	-0.011813	0.011418	0.012615	0.001243	-0.789459	139600.000000
2016-09-06	0.002517	0.014864	0.017714	0.006463	0.167755	75000.000000
2016-09-02	0.025505	0.041055	0.044901	0.032748	1.657852	163100.000000
2016-09-01	-0.002876	0.009375	0.013057	0.002012	-0.187492	85400.000000
2016-08-31	-0.017403	0.012911	0.012911	-0.007889	-1.154579	103800.000000
2016-08-30	0.001490	0.017439	0.023327	0.012156	0.098686	47800.000000
2016-08-29	-0.001488	0.006279	0.017433	0.006279	-0.098686	90300.000000
2016-08-26	-0.000446	0.019993	0.035813	0.005378	-0.029602	100800.000000
2016-08-25	0.001937	0.008684	0.019100	0.008684	0.128288	99700.000000
2016-08-24	-0.010174	-0.000233	0.008582	-0.005463	-0.680901	87800.000000
2016-08-23	0.008476	0.020446	0.027076	0.016528	0.562485	125800.000000
2016-08-22	-0.020679	-0.000213	-0.000213	-0.009805	-1.401268	140500.000000
2016-08-19	-0.011089	-0.003419	0.003586	-0.005170	-0.759857	74100.000000
2016-08-18	-0.000144	0.011029	0.013218	0.006360	-0.009857	78400.000000
2016-08-17	-0.007006	0.001048	0.006699	-0.007790	-0.483544	62900.000000
2016-08-16	0.003875	0.008564	0.019036	0.008564	0.266442	57000.000000
2016-08-15	0.008833	0.018059	0.023489	0.009549	0.601959	120800.000000
2016-08-12	0.003050	0.011156	0.018221	0.011156	0.207230	82800.000000
2016-08-11	0.013991	0.023811	0.028885	0.015155	0.937469	98700.000000
2016-08-10	-0.013798	0.018074	0.018074	-0.000766	-0.937469	72100.000000
2016-08-09	0.009531	0.022130	0.027777	0.018267	0.641426	202600.000000
2016-08-08	-0.000440	0.021235	0.022126	0.011581	-0.029610	75300.000000
2016-08-05	0.003973	0.015600	0.017390	0.009487	0.266441	75000.000000
2016-08-04	0.001621	0.008286	0.019487	0.008286	0.108551	50900.000000
2016-08-03	0.016327	0.009265	0.032034	0.009265	1.075623	90100.000000
2016-08-02	-0.001496	0.015637	0.020184	0.001996	-0.098686	94400.000000
2016-08-01	-0.018929	0.013512	0.013810	-0.007751	-1.272988	125700.000000
2016-07-29	0.008584	0.008565	0.026411	0.008565	0.572357	68000.000000
2016-07-28	-0.009237	0.013364	0.017821	-0.000009	-0.621688	143600.000000
2016-07-27	-0.000293	0.017226	0.028961	0.005639	-0.019738	86400.000000
2016-07-26	0.005898	0.009628	0.020087	0.008732	0.394722	112200.000000
2016-07-25	-0.015818	0.005864	0.005864	-0.008695	-1.075622	102500.000000
2016-07-22	0.007162	0.023731	0.024028	0.015733	0.483536	82800.000000
2016-07-21	-0.014121	0.011757	0.011757	-0.004305	-0.967080	67700.000000
2016-07-20	0.007696	0.017042	0.024694	0.013069	0.523011	66700.000000
2016-07-19	-0.024919	-0.003710	-0.000410	-0.012175	-1.736786	121300.000000
2016-07-18	0.004266	0.009185	0.017686	0.004286	0.296043	86100.000000
2016-07-15	-0.004529	0.016806	0.016806	0.005044	-0.315780	78800.000000
2016-07-14	0.027039	0.043857	0.047393	0.035608	1.835472	171700.000000
2016-07-13	-0.023008	0.007751	0.007751	-0.012255	-1.598641	109000.000000
2016-07-12	0.026535	0.034934	0.043946	0.029911	1.796005	104700.000000
2016-07-11	0.006456	0.020352	0.025705	0.018568	0.434189	84300.000000
2016-07-08	0.029923	0.035723	0.047362	0.033885	1.953903	115500.000000
2016-07-07	-0.012683	0.023948	0.027728	-0.005083	-0.838790	129500.000000
2016-07-06	0.011775	0.002502	0.025755	0.002043	0.769706	102500.000000
2016-07-05	-0.034684	-0.003176	-0.003176	-0.028429	-2.348610	119400.000000
2016-07-01	0.010306	0.020227	0.028731	0.018586	0.690766	123500.000000
2016-06-30	0.031122	0.044748	0.052901	0.037671	2.022964	146400.000000
2016-06-28	0.030507	0.041266	0.050778	0.034291	1.924290	88400.000000
2016-06-27	-0.027833	0.001034	0.001650	-0.022393	-1.805874	129200.000000
2016-06-24	-0.080934	-0.059303	-0.043013	-0.072618	-5.713638	187100.000000
2016-06-23	0.038316	0.039838	0.052192	0.034102	2.605179	113900.000000
2016-06-22	-0.000580	0.023800	0.028063	0.012776	-0.039467	89600.000000
2016-06-21	0.008484	0.014550	0.024482	0.006100	0.572349	112300.000000
2016-06-20	0.020908	0.033946	0.041210	0.030919	1.381539	137000.000000
2016-06-17	0.001346	0.015637	0.026245	0.010787	0.088813	402700.000000
2016-06-16	-0.016762	-0.005262	0.000400	-0.019864	-1.124977	165200.000000
2016-06-15	-0.003224	0.015443	0.020790	0.008611	-0.217094	121600.000000
2016-06-14	-0.013304	0.006036	0.010726	-0.012282	-0.907868	193700.000000
2016-06-13	-0.025095	-0.009781	0.002363	-0.015067	-1.756523	132400.000000
2016-06-10	-0.027290	-0.005119	0.001690	-0.017626	-1.963752	102300.000000
2016-06-09	-0.010046	0.003871	0.005935	-0.001219	-0.730248	61300.000000
2016-06-08	0.015440	0.028172	0.036833	0.026635	1.105232	134800.000000
2016-06-07	0.025155	0.028258	0.039285	0.027971	1.756523	124600.000000
2016-06-06	0.023875	0.028613	0.043276	0.028613	1.628243	142700.000000
2016-06-03	-0.008607	0.011329	0.013218	-0.002191	-0.592087	82400.000000
2016-06-02	0.009412	0.015565	0.030238	0.010576	0.641434	137400.000000
2016-06-01	0.007881	0.007152	0.025787	-0.000686	0.532875	144900.000000
2016-05-31	0.002927	0.018555	0.028493	0.011880	0.197357	159800.000000
2016-05-27	0.001613	0.011730	0.021386	0.004301	0.108559	95600.000000
2016-05-26	-0.009123	0.014276	0.017220	-0.002064	-0.619728	102600.000000
2016-05-25	0.031595	0.040399	0.053763	0.039185	2.080497	253300.000000
2016-05-24	0.012525	0.023907	0.034671	0.022370	0.814537	324700.000000
2016-05-23	-0.012664	0.010182	0.019898	0.005172	-0.834167	253200.000000
2016-05-20	0.003739	0.026149	0.032549	0.022035	0.245338	133600.000000
2016-05-19	-0.011530	0.010100	0.011154	-0.004511	-0.765457	131600.000000
2016-05-18	-0.020275	0.008509	0.018839	-0.004772	-1.373916	156300.000000
2016-05-17	0.000145	0.022087	0.030942	0.015002	0.009819	143100.000000
2016-05-16	0.029526	0.033423	0.051353	0.033423	1.943107	134800.000000
2016-05-13	-0.025149	0.008470	0.012173	-0.009454	-1.697769	133600.000000
2016-05-12	-0.006929	0.027519	0.029432	0.005895	-0.471054	83900.000000
2016-05-11	-0.007735	0.005704	0.021760	-0.002032	-0.529938	122200.000000
2016-05-10	0.036372	0.036989	0.058621	0.029122	2.404343	249800.000000
2016-05-09	-0.034680	0.005844	0.005844	-0.019565	-2.374908	305400.000000
2016-05-06	-0.020494	-0.008047	0.008831	-0.013053	-1.432793	198500.000000
2016-05-05	0.008637	0.032116	0.042936	0.024181	0.598640	179100.000000
2016-05-04	-0.005211	0.018413	0.025445	0.005066	-0.363105	201200.000000
2016-05-03	-0.023384	0.007494	0.011839	-0.006803	-1.668320	152100.000000
2016-05-02	-0.004927	0.015082	0.019406	0.007411	-0.353295	124600.000000
2016-04-29	-0.006257	0.019542	0.024808	0.000276	-0.451423	113500.000000
2016-04-28	-0.030846	0.004346	0.011062	-0.020907	-2.296410	202800.000000
2016-04-27	0.040318	0.033660	0.062866	0.033241	2.885231	223100.000000
2016-04-26	0.008715	0.023498	0.028572	0.015181	0.618248	123700.000000
2016-04-25	0.006544	0.026791	0.031189	0.017994	0.461251	165900.000000
2016-04-22	0.016992	0.033416	0.050443	0.030098	1.177635	160200.000000
2016-04-21	-0.001555	0.025614	0.025614	0.013368	-0.107949	139700.000000
2016-04-20	-0.006182	-0.006498	0.023712	-0.010507	-0.431800	177500.000000
2016-04-19	0.028617	0.030475	0.050504	0.025025	1.943107	177100.000000
2016-04-18	0.021556	0.016279	0.043962	0.011766	1.432793	255300.000000
2016-04-15	-0.018121	0.008942	0.008942	-0.003467	-1.226708	135200.000000
2016-04-14	0.001597	0.021206	0.026089	0.014992	0.107949	112800.000000
2016-04-13	0.042064	0.064008	0.069867	0.054603	2.728202	289200.000000
2016-04-12	0.034920	0.022817	0.063346	0.021381	2.188443	254000.000000
2016-04-11	0.003142	0.028751	0.035954	0.021228	0.196270	95800.000000
2016-04-08	0.027603	0.043989	0.050239	0.037574	1.678138	221600.000000
2016-04-07	-0.031729	-0.000284	0.003857	-0.015574	-1.992172	266900.000000
2016-04-06	0.025814	0.020784	0.047578	0.011962	1.580002	167200.000000
2016-04-05	-0.029110	-0.006710	-0.002585	-0.014641	-1.835155	161900.000000
2016-04-04	-0.019835	0.018987	0.025206	-0.004334	-1.275784	112800.000000
2016-04-01	-0.011463	-0.007756	0.011149	-0.014211	-0.745834	111400.000000
2016-03-31	-0.003307	0.020366	0.030170	0.014238	-0.215897	96200.000000
2016-03-30	0.015883	0.038595	0.052756	0.033304	1.020615	108600.000000
2016-03-29	-0.014746	-0.014437	0.008101	-0.021030	-0.961731	156300.000000
2016-03-28	0.004838	0.019911	0.026536	0.010513	0.314033	63600.000000
2016-03-24	-0.005563	0.002287	0.013318	-0.005986	-0.363106	142400.000000
2016-03-23	-0.028909	0.033567	0.033567	-0.013298	-1.943107	168200.000000
2016-03-22	-0.010117	0.004260	0.018251	0.001462	-0.686951	77300.000000
2016-03-21	-0.011006	0.008355	0.017531	0.000489	-0.755653	164700.000000
2016-03-18	-0.009346	0.018554	0.022306	0.006145	-0.647705	205300.000000
2016-03-17	0.019195	0.024281	0.042811	0.022369	1.305214	160100.000000
2016-03-16	0.006099	-0.005130	0.027865	-0.008977	0.412178	207200.000000
2016-03-15	-0.003905	0.004691	0.016482	-0.000025	-0.264969	87300.000000
2016-03-14	-0.029478	-0.006616	-0.003470	-0.016343	-2.060875	110700.000000
2016-03-11	0.055564	0.056884	0.077116	0.054619	3.680137	204400.000000
2016-03-10	-0.011281	0.022719	0.022719	-0.012362	-0.755661	173300.000000
2016-03-09	0.005450	0.026492	0.035648	0.015835	0.363106	165600.000000
2016-03-08	-0.043129	-0.000114	0.000029	-0.025679	-3.002975	219500.000000
2016-03-07	-0.012389	-0.011083	0.011328	-0.015622	-0.873421	194400.000000
2016-03-04	0.024529	0.017824	0.054155	0.017534	1.687943	381600.000000
2016-03-03	-0.004260	-0.003731	0.016961	-0.009230	-0.294403	224400.000000
2016-03-02	0.032400	0.024515	0.054243	0.018539	2.168823	175900.000000
2016-03-01	0.040738	0.039510	0.066718	0.031425	2.620239	103100.000000
2016-02-29	-0.011761	0.006234	0.014378	-0.001294	-0.765457	100700.000000
2016-02-26	0.017490	0.047909	0.060259	0.035402	1.118751	91900.000000
2016-02-25	-0.004277	-0.000004	0.016497	-0.009500	-0.274772	82400.000000
2016-02-24	0.005684	-0.003400	0.035738	-0.008096	0.363106	142400.000000
2016-02-23	-0.037415	0.004822	0.008740	-0.020495	-2.482865	122600.000000
2016-02-22	0.042714	0.039100	0.066597	0.039100	2.718380	166400.000000
2016-02-19	0.001854	0.020404	0.023237	0.007968	0.117767	138200.000000
2016-02-18	-0.000618	0.037237	0.042271	0.015211	-0.039253	170000.000000
2016-02-17	0.053342	0.048484	0.075993	0.045336	3.218880	199500.000000
2016-02-16	0.034141	0.070228	0.074169	0.045721	1.992176	267700.000000
2016-02-12	0.053882	0.050413	0.078046	0.043730	2.983356	131100.000000
2016-02-11	-0.006165	-0.001116	0.018628	-0.010988	-0.343479	156500.000000
2016-02-10	0.005669	0.027291	0.057978	0.022597	0.314041	73200.000000
2016-02-09	-0.013112	-0.007735	0.017206	-0.007735	-0.736026	206900.000000
2016-02-08	-0.034599	-0.000619	-0.000619	-0.031919	-2.011803	133900.000000
2016-02-05	0.000169	0.029824	0.038940	0.013827	0.009811	104400.000000
2016-02-04	0.005772	0.025561	0.044245	0.012240	0.333664	269200.000000
2016-02-03	0.041925	0.025657	0.066575	-0.004086	2.325840	158900.000000
2016-02-02	-0.034170	0.004885	0.008367	-0.018618	-1.962730	198100.000000
2016-02-01	-0.042376	-0.028361	-0.019025	-0.035697	-2.541737	186400.000000
2016-01-29	0.027227	0.030461	0.050327	0.007855	1.589810	220500.000000
2016-01-28	0.008646	0.032806	0.046453	0.013978	0.500496	177600.000000
2016-01-27	0.009066	0.013758	0.046527	0.007134	0.520126	129400.000000
2016-01-26	0.019888	0.022898	0.043875	0.010632	1.118755	151200.000000
2016-01-25	-0.033878	0.011774	0.018987	-0.015878	-1.972545	148800.000000
2016-01-22	0.068047	0.073101	0.090527	0.066314	3.709572	177400.000000
2016-01-21	0.027752	0.021249	0.060651	0.017102	1.472045	241500.000000
2016-01-20	-0.041667	-0.028891	-0.012269	-0.055088	-2.306213	269900.000000
2016-01-19	0.025082	0.059547	0.064362	0.036026	1.354286	193300.000000
2016-01-15	-0.057877	-0.038069	-0.031962	-0.060054	-3.317016	191500.000000
2016-01-14	0.039516	0.031321	0.061067	0.024791	2.178634	219700.000000
2016-01-13	-0.021254	0.024845	0.039757	-0.006399	-1.197273	129600.000000
2016-01-12	0.008079	0.036167	0.036525	0.011113	0.451431	161600.000000
2016-01-11	-0.026001	0.012886	0.014455	-0.017966	-1.491676	121400.000000
2016-01-08	-0.007470	0.026253	0.035422	0.009818	-0.431805	110100.000000
2016-01-07	-0.043521	-0.023374	0.007238	-0.026187	-2.630062	226600.000000
2016-01-06	-0.034947	-0.007362	-0.000815	-0.019658	-2.188446	105900.000000
2016-01-05	-0.010237	0.011874	0.012665	0.000653	-0.647705	98200.000000
2016-01-04	-0.017076	0.003141	0.011375	-0.010065	-1.099121	138800.000000
2015-12-31	-0.002737	0.011240	0.021776	0.007057	-0.176651	109600.000000
2015-12-30	-0.020405	0.008970	0.009577	-0.001806	-1.344475	109100.000000
2015-12-29	-0.009588	0.014628	0.020490	0.008615	-0.637886	140400.000000
2015-12-28	-0.028240	-0.009789	0.000582	-0.011688	-1.933296	109800.000000
2015-12-24	-0.009372	0.012910	0.019132	0.003359	-0.647697	61700.000000
2015-12-23	0.061181	0.044477	0.081791	0.044477	3.984352	178600.000000
2015-12-22	-0.004351	0.002781	0.016694	0.001405	-0.284607	187700.000000
2015-12-21	-0.000150	0.010427	0.026477	0.007828	-0.009812	119700.000000
2015-12-18	0.011686	0.016513	0.035380	0.010791	0.755654	449700.000000
2015-12-17	-0.026592	0.009654	0.014320	-0.010819	-1.766457	140700.000000
2015-12-16	0.020350	0.044024	0.048786	0.026514	1.324852	193200.000000
2015-12-15	0.025665	0.035371	0.049393	0.029542	1.629055	207100.000000
2015-12-14	0.012207	0.023771	0.033020	0.014203	0.765469	155500.000000
2015-12-11	-0.034889	-0.002713	-0.001482	-0.020720	-2.266953	349700.000000
2015-12-10	-0.013117	0.011545	0.017620	-0.001062	-0.863602	201000.000000
2015-12-09	-0.010910	0.007570	0.029052	-0.000993	-0.726211	172700.000000
2015-12-08	-0.001031	0.006081	0.027241	0.002629	-0.068695	186600.000000
2015-12-07	-0.042853	0.003905	0.003905	-0.030138	-2.983368	233100.000000
2015-12-04	-0.016362	0.004010	0.006695	-0.009695	-1.158005	174500.000000
2015-12-03	0.004317	0.031049	0.038286	0.018703	0.304230	166200.000000
2015-12-02	-0.010473	0.024884	0.030220	0.004946	-0.745850	175400.000000
2015-12-01	0.019099	0.036731	0.044315	0.030292	1.334664	156700.000000
2015-11-30	0.013233	0.034356	0.036676	0.025947	0.912674	148700.000000
2015-11-27	-0.055757	-0.015650	-0.015650	-0.038239	-4.072670	196100.000000
2015-11-25	0.001480	0.012543	0.026802	0.009115	0.107948	135400.000000
2015-11-24	0.026945	0.029688	0.056863	0.029688	1.913666	176800.000000
2015-11-23	0.004163	0.029591	0.033409	0.021532	0.294410	200900.000000
2015-11-20	0.017076	0.035812	0.049330	0.032073	1.187455	180000.000000
2015-11-19	0.010121	0.026395	0.033368	0.023926	0.696769	106700.000000
2015-11-18	-0.016681	-0.000010	0.005275	-0.012865	-1.167823	326400.000000
2015-11-17	-0.018302	0.013378	0.013659	-0.001485	-1.305222	125300.000000
2015-11-16	0.015937	0.013146	0.037079	0.005311	1.118759	183100.000000
2015-11-13	-0.030233	0.002409	0.002409	-0.016103	-2.188453	209100.000000
2015-11-12	0.009719	0.044933	0.054139	0.024706	0.696777	187000.000000
2015-11-11	-0.022612	0.016397	0.020896	-0.008280	-1.658508	166800.000000
2015-11-10	-0.009148	0.018717	0.018717	0.005478	-0.677155	155700.000000
2015-11-09	-0.022041	0.010136	0.017270	-0.007303	-1.668312	133300.000000
2015-11-06	-0.024289	-0.006794	-0.002540	-0.016462	-1.884232	95600.000000
2015-11-05	-0.006910	0.013739	0.022187	0.008362	-0.539749	78800.000000
2015-11-04	0.003403	0.035942	0.038254	0.013464	0.264961	118100.000000
2015-11-03	0.013413	0.011437	0.043590	0.010396	1.030442	218300.000000
2015-11-02	-0.004451	0.005769	0.015488	0.000196	-0.343468	140100.000000
2015-10-30	0.015104	0.028196	0.040693	0.022539	1.148193	140600.000000
2015-10-29	-0.021846	0.010237	0.010237	-0.012024	-1.697769	184000.000000
2015-10-28	0.009819	0.018857	0.044975	0.010671	0.755661	199200.000000
2015-10-27	-0.010473	0.005101	0.012429	0.001629	-0.814544	105300.000000
2015-10-26	-0.037995	-0.009091	-0.006865	-0.021584	-3.071679	215100.000000
2015-10-23	0.006352	0.028323	0.031435	0.014879	0.510315	116600.000000
2015-10-22	0.020317	0.023940	0.041468	0.023940	1.599625	125100.000000
2015-10-21	-0.022539	0.019980	0.020477	-0.003980	-1.815529	104000.000000
2015-10-20	-0.009413	0.013576	0.019602	0.005583	-0.765457	129900.000000
2015-10-19	-0.013219	0.007216	0.014133	-0.001278	-1.089317	123400.000000
2015-10-16	0.006472	0.020575	0.026560	0.005674	0.529930	171500.000000
2015-10-15	0.031783	0.045325	0.051374	0.021003	2.522110	215700.000000
2015-10-14	0.019672	0.043145	0.053938	0.035178	1.530937	218900.000000
2015-10-13	-0.020625	0.008919	0.016470	-0.004043	-1.638886	143000.000000
2015-10-12	0.010988	0.044942	0.049268	0.023313	0.863610	169400.000000
2015-10-09	-0.011479	0.029929	0.032570	0.003517	-0.912674	197000.000000
2015-10-08	0.019376	0.012448	0.039628	0.000012	1.511299	202300.000000
2015-10-07	0.052436	0.090230	0.101834	0.056497	3.886215	295700.000000
2015-10-06	0.029304	0.033570	0.053291	0.033014	2.109940	264800.000000
2015-10-05	0.006585	0.018847	0.029192	0.016750	0.471061	201800.000000
2015-10-02	0.036253	0.022319	0.057087	0.016959	2.502488	122000.000000
2015-10-01	0.009182	0.032291	0.040186	0.014017	0.628074	251900.000000
2015-09-30	0.029694	0.048492	0.063697	0.031783	1.972542	204400.000000
2015-09-29	-0.022103	-0.011927	0.002500	-0.011927	-1.501495	142500.000000
2015-09-28	-0.021764	0.007467	0.007467	-0.008374	-1.511307	154800.000000
2015-09-25	-0.009518	0.027403	0.030113	0.008717	-0.667328	98700.000000
2015-09-24	0.005772	0.012388	0.026734	0.004785	0.402367	127900.000000
2015-09-23	-0.032948	0.005808	0.006640	-0.016390	-2.374909	111100.000000
2015-09-22	-0.002445	0.016911	0.026045	0.006809	-0.176643	142900.000000
2015-09-21	0.000952	0.024667	0.027299	0.013585	0.068695	139700.000000
2015-09-18	-0.027241	0.003626	0.007533	-0.013623	-2.021614	125500.000000
2015-09-17	-0.015749	-0.002499	0.020977	-0.005815	-1.187462	130100.000000
2015-09-16	0.035166	0.043288	0.059351	0.038345	2.561371	175100.000000
2015-09-15	0.006919	0.015393	0.032673	0.013734	0.500496	140300.000000
2015-09-14	-0.009673	0.011457	0.012279	-0.001412	-0.706581	106900.000000
2015-09-11	-0.033251	-0.014101	-0.012645	-0.022175	-2.512291	106900.000000
2015-09-10	-0.005426	0.011615	0.025042	0.004902	-0.412194	162400.000000
2015-09-09	0.011896	0.066806	0.072134	0.028977	0.893052	254700.000000
2015-09-08	0.057477	0.077133	0.080513	0.066146	4.080528	202100.000000
2015-09-04	-0.065154	-0.012535	-0.012535	-0.038739	-4.947891	297400.000000
2015-09-03	0.004740	0.035277	0.060944	0.033954	0.358261	170900.000000
2015-09-02	0.004116	0.040601	0.040601	0.013500	0.309845	212000.000000
2015-09-01	-0.069428	-0.018789	-0.013473	-0.043143	-5.616005	450800.000000
2015-08-31	-0.018793	0.015538	0.021360	-0.007752	-1.549248	273300.000000
2015-08-28	-0.022391	0.003947	0.016042	0.000033	-1.888130	189700.000000
2015-08-27	0.059618	0.056512	0.107025	0.056512	4.744552	331000.000000
2015-08-26	0.035660	0.073105	0.076228	0.041352	2.740227	169600.000000
2015-08-25	0.000883	0.082258	0.085515	0.030549	0.067772	233500.000000
2015-08-24	-0.046537	-0.032561	0.030776	-0.039516	-3.747230	283600.000000
2015-08-21	-0.038057	0.018666	0.021892	-0.006780	-3.185631	161700.000000
2015-08-20	-0.040191	0.003868	0.008340	-0.010006	-3.505150	208200.000000
2015-08-19	-0.027952	0.019945	0.019945	-0.005467	-2.507843	179200.000000
2015-08-18	-0.009725	0.019408	0.029231	0.017531	-0.881127	84900.000000
2015-08-17	-0.001814	0.026483	0.033204	0.019212	-0.164611	144900.000000
2015-08-14	-0.011286	0.020345	0.025138	0.016641	-1.036049	133000.000000
2015-08-13	0.000105	0.042568	0.042568	0.032109	0.009681	155400.000000
2015-08-12	0.005089	0.025098	0.040099	0.020609	0.464768	150600.000000
2015-08-11	-0.011528	0.013822	0.023563	0.009709	-1.065102	174400.000000
2015-08-10	0.020753	0.044032	0.054306	0.042817	1.878456	116700.000000
2015-08-07	-0.010794	0.031670	0.034949	0.018665	-0.987648	113500.000000
2015-08-06	0.001059	0.034076	0.038233	0.028606	0.096833	110500.000000
2015-08-05	-0.005059	0.039076	0.047240	0.027103	-0.464760	141700.000000
2015-08-04	-0.006700	0.032763	0.036763	0.022275	-0.619705	128400.000000
2015-08-03	-0.029170	0.013764	0.015024	-0.001246	-2.778946	168000.000000
2015-07-31	-0.017181	0.027811	0.029668	0.012646	-1.665444	90000.000000
2015-07-30	-0.023508	0.013925	0.014932	0.004355	-2.333549	104900.000000
2015-07-29	0.033155	0.043067	0.071272	0.042754	3.185623	240200.000000
2015-07-28	0.042661	0.069116	0.080402	0.060978	3.931213	180600.000000
2015-07-27	-0.047538	-0.010958	-0.004860	-0.019227	-4.599311	217700.000000
2015-07-24	-0.014984	0.028283	0.031439	0.013724	-1.471795	112400.000000
2015-07-23	-0.002164	0.036725	0.036725	0.027074	-0.213020	96100.000000
2015-07-22	-0.003431	0.032560	0.036205	0.026992	-0.338890	95700.000000
2015-07-21	0.000196	0.038434	0.046636	0.032864	0.019371	105900.000000
2015-07-20	-0.013827	0.023176	0.026572	0.015587	-1.384636	140300.000000
2015-07-17	-0.006818	0.030978	0.030978	0.023341	-0.687477	81900.000000
2015-07-16	0.017391	0.047495	0.051834	0.042046	1.723526	115200.000000
2015-07-15	-0.011015	0.030767	0.032763	0.019191	-1.103828	148700.000000
2015-07-14	-0.008906	0.019015	0.028807	0.019015	-0.900498	157200.000000
2015-07-13	-0.001148	0.037801	0.039184	0.031182	-0.116196	169700.000000
2015-07-10	0.007323	0.044107	0.046098	0.027190	0.735878	157200.000000
2015-07-09	0.021960	0.059917	0.065103	0.048831	2.159264	225200.000000
2015-07-08	-0.048266	0.006049	0.010791	-0.018053	-4.986618	277500.000000
2015-07-07	-0.018399	0.010531	0.019557	-0.015312	-1.936546	374300.000000
2015-07-06	-0.017357	0.017545	0.033977	0.013157	-1.859101	152400.000000
2015-07-02	0.012725	0.054604	0.063681	0.043636	1.345902	115500.000000
2015-07-01	-0.014259	0.031738	0.034907	0.015894	-1.529869	118400.000000
2015-06-30	0.008647	0.056077	0.056077	0.037181	0.919861	94600.000000
2015-06-29	-0.011721	0.026139	0.033293	0.019450	-1.261658	93700.000000
2015-06-26	-0.024494	0.025384	0.028375	0.017409	-2.702614	109100.000000
2015-06-25	-0.011972	0.041673	0.041673	0.034241	-1.336983	111200.000000
2015-06-24	0.016163	0.072886	0.076708	0.061512	1.776276	144600.000000
2015-06-23	0.019038	0.066329	0.069018	0.061137	2.053207	88800.000000
2015-06-22	0.010559	0.056881	0.063815	0.053788	1.126892	93000.000000
2015-06-19	0.004314	0.049300	0.054382	0.047135	0.458397	158500.000000
2015-06-18	-0.002421	0.042629	0.048919	0.039907	-0.257843	98600.000000
2015-06-17	-0.002682	0.047042	0.049008	0.036649	-0.286491	104100.000000
2015-06-16	-0.010791	0.029075	0.037411	0.024537	-1.165085	92800.000000
2015-06-15	-0.017211	0.037578	0.037578	0.023378	-1.890869	80900.000000
2015-06-12	0.004365	0.052164	0.055546	0.050884	0.477486	69100.000000
2015-06-11	-0.003480	0.044676	0.048593	0.038754	-0.382004	109300.000000
2015-06-10	-0.000522	0.041399	0.049594	0.040671	-0.057282	137700.000000
2015-06-09	-0.012367	0.035804	0.035984	0.030498	-1.375198	82800.000000
2015-06-08	0.009100	0.054849	0.063379	0.054849	1.002731	98600.000000
2015-06-05	-0.011733	0.031351	0.040768	0.025612	-1.308319	74500.000000
2015-06-04	-0.009669	0.043227	0.043227	0.032570	-1.088692	83500.000000
2015-06-03	-0.003886	0.046162	0.048816	0.041385	-0.439285	118300.000000
2015-06-02	0.007491	0.049631	0.061842	0.048205	0.840378	114800.000000
2015-06-01	-0.008524	0.044573	0.045280	0.037061	-0.964531	112000.000000
2015-05-29	-0.012007	0.042595	0.042595	0.032292	-1.375175	145200.000000
2015-05-28	-0.031886	0.016029	0.016029	0.003941	-3.772202	203600.000000
2015-05-27	0.004297	0.046626	0.054266	0.043655	0.506149	89700.000000
2015-05-26	-0.011381	0.050325	0.051164	0.033875	-1.356079	143800.000000
2015-05-22	0.019446	0.061423	0.073401	0.060055	2.272858	178200.000000
2015-05-21	-0.008265	0.036699	0.042553	0.033559	-0.974091	138800.000000
2015-05-20	-0.002506	0.044427	0.048405	0.040110	-0.296043	90000.000000
2015-05-19	0.004873	0.056661	0.058532	0.049432	0.572998	127600.000000
2015-05-18	-0.014961	0.025437	0.036998	0.019991	-1.785828	304400.000000
2015-05-15	0.030336	0.063450	0.081577	0.061723	3.514359	439800.000000
2015-05-14	0.000825	0.049986	0.056984	0.041606	0.095497	176100.000000
2015-05-13	-0.008183	0.041823	0.045165	0.035825	-0.954987	104200.000000
2015-05-12	0.000655	0.033589	0.049193	0.030673	0.076394	134900.000000
2015-05-11	-0.029019	0.023742	0.027571	0.015500	-3.485695	206100.000000
2015-05-08	0.007610	0.054014	0.062654	0.041180	0.907234	145100.000000
2015-05-07	-0.006289	0.029630	0.042051	0.019961	-0.754448	304800.000000
2015-05-06	-0.018133	0.047135	0.049263	0.024464	-2.215561	179100.000000
2015-05-05	-0.020443	0.034228	0.037114	0.022282	-2.549812	143000.000000
2015-05-04	0.008571	0.049966	0.059022	0.048591	1.060035	166200.000000
2015-05-01	0.004499	0.048354	0.056557	0.044211	0.553894	94700.000000
2015-04-30	-0.008613	0.034091	0.041901	0.031031	-1.069580	158300.000000
2015-04-29	-0.010877	0.026905	0.036940	0.021887	-1.365646	187400.000000
2015-04-28	-0.021072	0.025070	0.028812	0.015480	-2.702621	165300.000000
2015-04-27	0.032680	0.077974	0.096895	0.075800	4.058700	353600.000000
2015-04-24	-0.009067	0.034289	0.038598	0.028864	-1.136436	190200.000000
2015-04-23	-0.000990	0.040041	0.048251	0.036056	-0.124146	196300.000000
2015-04-22	0.002978	0.053291	0.054171	0.045856	0.372467	129100.000000
2015-04-21	0.010726	0.065397	0.068548	0.057155	1.327416	188400.000000
2015-04-20	-0.027321	0.016247	0.028822	0.012082	-3.476143	326800.000000
2015-04-17	-0.023026	0.015039	0.024176	0.007130	-2.998650	348800.000000
2015-04-16	0.041072	0.078872	0.095019	0.074875	5.137810	417800.000000
2015-04-15	0.020489	0.060596	0.071283	0.055212	2.511619	406300.000000
2015-04-14	0.000156	0.042730	0.057742	0.037753	0.019104	587400.000000
2015-04-13	-0.014967	0.044644	0.051154	0.029293	-1.862228	241900.000000
2015-04-10	-0.006709	0.033804	0.041547	0.025900	-0.840393	365800.000000
2015-04-09	0.067725	0.092567	0.119587	0.075605	7.945488	820200.000000
2015-04-08	0.061431	0.109290	0.126661	0.096805	6.789955	411800.000000
2015-04-07	0.001384	0.042515	0.052571	0.040522	0.152802	130000.000000
2015-04-06	0.024010	0.055114	0.077008	0.055114	2.588005	138200.000000
2015-04-02	0.000976	0.046207	0.053636	0.046114	0.105049	106700.000000
2015-04-01	0.013938	0.048454	0.065779	0.048454	1.480240	115200.000000
2015-03-31	0.000450	0.037809	0.050809	0.037621	0.047737	139400.000000
2015-03-30	0.042679	0.078763	0.094576	0.078566	4.345199	202000.000000
2015-03-27	0.005280	0.064020	0.065106	0.048024	0.534783	277200.000000
2015-03-26	0.000094	0.054048	0.061454	0.038347	0.009552	138500.000000
2015-03-25	0.011157	0.069502	0.072697	0.055423	1.117325	177400.000000
2015-03-24	-0.019265	0.036265	0.037147	0.022947	-1.967263	157800.000000
2015-03-23	-0.018090	0.033097	0.038481	0.027231	-1.881317	100700.000000
2015-03-20	0.008053	0.047135	0.058476	0.047135	0.830826	92000.000000
2015-03-19	-0.003413	0.045203	0.050903	0.039890	-0.353340	117100.000000
2015-03-18	0.031202	0.056001	0.085686	0.052415	3.132355	202300.000000
2015-03-17	0.013303	0.050870	0.063891	0.050769	1.317886	96900.000000
2015-03-16	-0.017334	0.051004	0.051004	0.025016	-1.747627	214300.000000
2015-03-13	0.003326	0.052111	0.052111	0.041562	0.334244	110400.000000
2015-03-12	-0.001708	0.055381	0.056573	0.043360	-0.171898	75300.000000
2015-03-11	-0.002838	0.049216	0.049513	0.040795	-0.286492	70400.000000
2015-03-10	-0.016744	0.037784	0.037979	0.025998	-1.718979	115900.000000
2015-03-09	0.007498	0.059992	0.061856	0.053416	0.763993	92600.000000
2015-03-06	-0.023073	0.038698	0.038698	0.018661	-2.406578	190400.000000
2015-03-05	-0.014438	0.033056	0.037497	0.030033	-1.527970	118800.000000
2015-03-04	-0.022579	0.024323	0.027002	0.013148	-2.444771	203200.000000
2015-03-03	-0.013830	0.029193	0.034749	0.024639	-1.518417	118100.000000
2015-03-02	-0.012031	0.034718	0.037687	0.030218	-1.336990	118600.000000
2015-02-27	0.009368	0.044411	0.062485	0.044411	1.031387	106300.000000
2015-02-26	0.010695	0.059620	0.062007	0.056774	1.165085	120200.000000
2015-02-25	-0.002274	0.043838	0.048234	0.041274	-0.248291	60100.000000
2015-02-24	0.007313	0.053040	0.060974	0.050549	0.792633	99600.000000
2015-02-23	-0.011410	0.039383	0.043031	0.032269	-1.251030	77000.000000
2015-02-20	0.006223	0.048237	0.054202	0.045300	0.678040	98900.000000
2015-02-19	-0.012890	0.037080	0.043965	0.032641	-1.422921	115500.000000
2015-02-18	0.014927	0.061111	0.064421	0.055502	1.623474	142100.000000
2015-02-17	0.018785	0.056315	0.068867	0.054535	2.005463	174200.000000
2015-02-13	0.003321	0.046948	0.053432	0.046102	0.353355	80800.000000
2015-02-12	0.017534	0.059185	0.071808	0.057655	1.833565	104800.000000
2015-02-11	-0.002187	0.047326	0.047422	0.037403	-0.229194	108200.000000
2015-02-10	-0.012063	0.049209	0.049209	0.030450	-1.279694	199200.000000
2015-02-09	0.010002	0.058085	0.064654	0.053515	1.050499	118500.000000
2015-02-06	-0.020921	0.029517	0.034737	0.024763	-2.244225	121900.000000
2015-02-05	-0.015685	0.023829	0.032179	0.020067	-1.709434	111500.000000
2015-02-04	-0.001313	0.049701	0.060239	0.042920	-0.143234	158300.000000
2015-02-03	0.030388	0.058372	0.084999	0.054028	3.218307	242300.000000
2015-02-02	0.021461	0.063339	0.073080	0.054273	2.225113	148100.000000
2015-01-30	-0.007133	0.036889	0.053264	0.031335	-0.744881	176400.000000
2015-01-29	0.008857	0.054381	0.057569	0.036122	0.916779	154300.000000
2015-01-28	-0.028938	0.037191	0.037566	0.016177	-3.084610	122800.000000
2015-01-27	-0.028546	0.019522	0.021982	0.010317	-3.132347	201600.000000
2015-01-26	0.003844	0.046129	0.052899	0.042195	0.420189	78700.000000
2015-01-23	0.006684	0.054779	0.066384	0.052569	0.725792	115500.000000
2015-01-22	0.014182	0.055261	0.064602	0.048256	1.518425	131200.000000
2015-01-21	0.016502	0.050458	0.069827	0.049129	1.738075	149700.000000
2015-01-20	-0.032968	0.017480	0.018030	0.006554	-3.590744	202000.000000
2015-01-16	0.011799	0.042026	0.060234	0.041933	1.270126	193500.000000
2015-01-15	-0.004856	0.047135	0.064885	0.040849	-0.525230	183300.000000
2015-01-14	-0.005269	0.038767	0.041618	0.018260	-0.573006	197200.000000
2015-01-13	0.027615	0.079926	0.086730	0.054601	2.922272	317800.000000
2015-01-12	-0.020161	0.045284	0.047876	0.019543	-2.177376	231000.000000
2015-01-09	-0.009980	0.046769	0.047044	0.025043	-1.088692	120300.000000
2015-01-08	0.016191	0.061574	0.072100	0.059245	1.738068	127200.000000
2015-01-07	0.039967	0.074455	0.092764	0.073001	4.125565	282200.000000
2015-01-06	-0.018702	0.044854	0.045900	0.018046	-1.967278	247100.000000
2015-01-05	-0.002265	0.061552	0.062216	0.040117	-0.238754	238400.000000
2015-01-02	-0.005047	0.048929	0.053364	0.039491	-0.534783	130700.000000
2014-12-31	0.009829	0.061144	0.065051	0.050185	1.031380	118300.000000
2014-12-30	-0.020066	0.026871	0.027618	0.019213	-2.148720	99400.000000
2014-12-29	-0.013374	0.046675	0.047780	0.031933	-1.451584	91600.000000
2014-12-26	0.021573	0.082432	0.083844	0.065866	2.291977	141800.000000
2014-12-24	-0.013391	0.032556	0.039428	0.023455	-1.442039	63700.000000
2014-12-23	0.019253	0.051489	0.067770	0.044769	2.034134	162400.000000
2014-12-22	-0.010288	0.040484	0.049196	0.034864	-1.098244	192500.000000
2014-12-19	0.022409	0.045603	0.074623	0.039952	2.339714	297000.000000
2014-12-18	-0.001279	0.056988	0.056988	0.030874	-0.133697	278700.000000
2014-12-17	0.052799	0.068384	0.118334	0.067478	5.242881	429700.000000
2014-12-16	0.004735	0.032869	0.070205	0.032059	0.467949	190400.000000
2014-12-15	0.014508	0.086656	0.093841	0.059864	1.413376	317800.000000
2014-12-12	-0.014872	0.046731	0.053607	0.027821	-1.470688	200000.000000
2014-12-11	0.005535	0.057202	0.069201	0.051813	0.544342	263900.000000
2014-12-10	-0.026010	0.030002	0.034656	0.014750	-2.626213	181100.000000
2014-12-09	-0.010019	0.033017	0.041155	0.030173	-1.021835	161900.000000
2014-12-08	-0.040604	0.026629	0.028510	0.001796	-4.316536	194900.000000
2014-12-05	0.016064	0.064721	0.068449	0.056597	1.680778	183000.000000
2014-12-04	0.061834	0.103054	0.115436	0.100720	6.092820	228100.000000
2014-12-03	-0.026879	0.010299	0.031137	0.010101	-2.721718	239600.000000
2014-12-02	0.006168	0.050911	0.064127	0.048427	0.620743	122400.000000
2014-12-01	-0.015324	0.024925	0.034905	0.019054	-1.566178	251600.000000
2014-11-28	-0.053925	0.010478	0.011589	-0.019792	-5.825424	234300.000000
2014-11-26	0.016352	0.060589	0.070656	0.057390	1.738075	128700.000000
2014-11-25	-0.032174	0.032385	0.034479	0.009439	-3.533432	179000.000000
2014-11-24	-0.009133	0.046143	0.046865	0.036489	-1.012291	88500.000000
2014-11-21	0.048798	0.091515	0.107129	0.091515	5.156922	287100.000000
2014-11-20	0.004265	0.048086	0.053882	0.044665	0.448837	122200.000000
2014-11-19	-0.003166	0.042967	0.049314	0.037378	-0.334251	154500.000000
2014-11-18	-0.013212	0.034329	0.034703	0.026196	-1.413369	117600.000000
2014-11-17	-0.019261	0.022658	0.029900	0.017982	-2.100975	87300.000000
2014-11-14	0.014297	0.052064	0.065547	0.048623	1.537537	120100.000000
2014-11-13	-0.028051	0.032132	0.032132	0.011255	-3.103706	254500.000000
2014-11-12	-0.002840	0.050560	0.057590	0.041998	-0.315155	105000.000000
2014-11-11	-0.014838	0.032575	0.033995	0.025294	-1.671227	98000.000000
2014-11-10	-0.013137	0.047573	0.049413	0.030575	-1.499321	129700.000000
2014-11-07	0.000921	0.037050	0.048100	0.035471	0.105049	156900.000000
2014-11-06	-0.018576	0.038873	0.038873	0.021142	-2.158279	209900.000000
2014-11-05	-0.011858	0.026468	0.034888	0.017368	-1.394272	226100.000000
2014-11-04	0.015925	0.062775	0.069773	0.053357	1.843132	173200.000000
2014-11-03	-0.034343	0.026109	0.027110	0.008671	-4.115997	158600.000000
2014-10-31	0.014387	0.057546	0.065925	0.055853	1.699867	125100.000000
2014-10-30	-0.011505	0.038351	0.042199	0.031072	-1.375176	147300.000000
2014-10-29	0.003126	0.052591	0.065851	0.040505	0.372452	262500.000000
2014-10-28	0.030050	0.063301	0.080504	0.060448	3.476151	241900.000000
2014-10-27	-0.019746	0.028154	0.029255	0.022306	-2.330178	170800.000000
2014-10-24	-0.003709	0.044856	0.046122	0.038862	-0.439285	158700.000000
2014-10-23	0.011829	0.062255	0.065331	0.055422	1.384720	87200.000000
2014-10-22	0.001716	0.059458	0.068614	0.048419	0.200546	153200.000000
2014-10-21	0.006250	0.046533	0.055918	0.044552	0.725792	157800.000000
2014-10-20	0.003631	0.046099	0.053444	0.042642	0.420212	113000.000000
2014-10-17	0.007315	0.058713	0.062804	0.051836	0.840370	190800.000000
2014-10-16	0.009737	0.038082	0.065682	0.036148	1.107796	193500.000000
2014-10-15	-0.021520	0.021419	0.027784	-0.010403	-2.502068	248200.000000
2014-10-14	-0.005148	0.044569	0.054580	0.037809	-0.601638	133800.000000
2014-10-13	-0.002608	0.054219	0.064289	0.043892	-0.305596	106600.000000
2014-10-10	-0.022544	0.032537	0.036208	0.021360	-2.702614	147200.000000
2014-10-09	-0.028781	0.034578	0.034578	0.016430	-3.552543	183700.000000
2014-10-08	0.009371	0.042556	0.058012	0.029063	1.145973	165400.000000
2014-10-07	-0.008364	0.050136	0.050136	0.037891	-1.031387	117400.000000
2014-10-06	0.012467	0.061996	0.069467	0.058958	1.518425	91900.000000
2014-10-03	0.014880	0.069800	0.070466	0.061051	1.785835	147500.000000
2014-10-02	-0.004358	0.046389	0.049873	0.025068	-0.525246	116900.000000
2014-10-01	-0.017820	0.042980	0.045750	0.025135	-2.186920	179600.000000
2014-09-30	-0.005186	0.041137	0.046406	0.037651	-0.639824	82400.000000
2014-09-29	-0.032432	0.015606	0.018586	0.011371	-4.135101	136700.000000
2014-09-26	0.003533	0.048946	0.056423	0.046978	0.448852	56200.000000
2014-09-25	-0.013130	0.037815	0.040766	0.030669	-1.690315	81300.000000
2014-09-24	0.032868	0.073691	0.084522	0.069198	4.096870	129000.000000
2014-09-23	-0.001454	0.050180	0.054666	0.044171	-0.181457	117800.000000
2014-09-22	-0.028251	0.030242	0.031021	0.013427	-3.628929	215500.000000
2014-09-19	-0.012408	0.043137	0.045060	0.031221	-1.613938	119200.000000
2014-09-18	-0.009383	0.040814	0.040814	0.034873	-1.231948	78000.000000
2014-09-17	0.014162	0.072702	0.072702	0.059725	1.833572	152400.000000
2014-09-16	0.007881	0.040596	0.069322	0.037327	1.012314	183900.000000
2014-09-15	-0.010228	0.042435	0.046288	0.035115	-1.327454	135800.000000
2014-09-12	-0.017353	0.031841	0.033431	0.024270	-2.291946	171300.000000
2014-09-11	-0.018731	0.021132	0.031162	0.019423	-2.521164	177900.000000
2014-09-10	-0.021726	0.020752	0.024604	0.014646	-2.989136	141800.000000
2014-09-09	-0.006701	0.047121	0.048782	0.036436	-0.928207	133400.000000
2014-09-08	-0.010977	0.056690	0.057833	0.050264	-1.537369	115100.000000
2014-09-05	-0.000535	0.059550	0.066473	0.057980	-0.075012	100700.000000
2014-09-04	0.008841	0.081301	0.085693	0.070430	1.228027	132900.000000
2014-09-03	0.026321	0.093137	0.097201	0.088408	3.562180	122900.000000
2014-09-02	0.018124	0.088424	0.090982	0.084287	2.409164	137300.000000
2014-08-29	-0.002743	0.066758	0.069609	0.061656	-0.365601	139200.000000
2014-08-28	-0.021673	0.040041	0.054574	0.029986	-2.952850	131100.000000
2014-08-27	0.002483	0.074263	0.074263	0.067347	0.337494	116200.000000
2014-08-26	0.013917	0.080485	0.085111	0.079814	1.865433	142400.000000
2014-08-25	0.028040	0.085242	0.097053	0.083785	3.655960	194500.000000
2014-08-22	0.001584	0.070599	0.074594	0.064991	0.206238	91800.000000
2014-08-21	-0.002514	0.065379	0.066988	0.059402	-0.328110	71100.000000
2014-08-20	-0.009322	0.051349	0.057194	0.050286	-1.228012	86800.000000
2014-08-19	0.005222	0.068284	0.074618	0.068284	0.684295	72500.000000
2014-08-18	0.010554	0.071616	0.079327	0.070151	1.368638	99800.000000
2014-08-15	-0.002524	0.068835	0.069758	0.059143	-0.328095	106600.000000
2014-08-14	-0.007088	0.055302	0.059808	0.052400	-0.928039	125400.000000
2014-08-13	0.003160	0.076718	0.080242	0.063540	0.412460	307700.000000
2014-08-12	0.024049	0.090295	0.093904	0.088333	3.065346	272300.000000
2014-08-11	0.013869	0.086485	0.087598	0.074872	1.743606	196400.000000
2014-08-08	0.030506	0.090447	0.099628	0.087415	3.721565	143800.000000
2014-08-07	0.003857	0.077373	0.077373	0.064536	0.468705	79800.000000
2014-08-06	0.000386	0.065194	0.072603	0.063548	0.046875	98800.000000
2014-08-05	-0.012572	0.057736	0.059524	0.049364	-1.546753	73800.000000
2014-08-04	0.003287	0.067900	0.071080	0.057624	0.403091	118400.000000
2014-08-01	0.013481	0.078907	0.084362	0.070064	1.631111	168700.000000
2014-07-31	-0.034702	0.043621	0.046095	0.029660	-4.349624	274400.000000
2014-07-30	0.005868	0.082969	0.087142	0.068203	0.731193	155900.000000
2014-07-29	-0.035411	0.050425	0.050425	0.023332	-4.574600	372000.000000
2014-07-28	-0.010128	0.055265	0.057180	0.051127	-1.321762	156900.000000
2014-07-25	-0.010378	0.058038	0.058038	0.051744	-1.368652	169700.000000
2014-07-24	0.010197	0.073116	0.079168	0.071124	1.331146	168500.000000
2014-07-23	0.026613	0.094833	0.097349	0.091923	3.384079	363600.000000
2014-07-22	0.025089	0.090539	0.093925	0.088765	3.112228	118600.000000
2014-07-21	0.007001	0.065946	0.075606	0.063836	0.862435	91000.000000
2014-07-18	0.012716	0.080734	0.085338	0.078761	1.546745	81900.000000
2014-07-17	-0.011729	0.060015	0.062940	0.052053	-1.443634	70700.000000
2014-07-16	0.014056	0.081258	0.086119	0.079116	1.706108	98700.000000
2014-07-15	-0.002081	0.065936	0.068238	0.057550	-0.253098	100300.000000
2014-07-14	0.016372	0.077955	0.085142	0.077621	1.959198	99100.000000
2014-07-11	0.010848	0.079513	0.081118	0.075627	1.284264	92600.000000
2014-07-10	0.005494	0.061322	0.075761	0.056991	0.646835	132700.000000
2014-07-09	0.004559	0.061809	0.072048	0.060359	0.534317	103900.000000
2014-07-08	-0.007226	0.067266	0.070146	0.055577	-0.853050	115800.000000
2014-07-07	-0.011770	0.058806	0.063075	0.050184	-1.406128	78100.000000
2014-07-03	-0.002817	0.057326	0.063753	0.057075	-0.337471	48100.000000
2014-07-02	0.006458	0.075243	0.075327	0.071211	0.768685	97300.000000
2014-07-01	0.011390	0.074235	0.080353	0.072706	1.340507	107000.000000
2014-06-30	-0.005466	0.068026	0.069040	0.060420	-0.646812	66300.000000
2014-06-27	-0.000317	0.062788	0.066505	0.053749	-0.037506	81100.000000
2014-06-26	0.018798	0.085950	0.090942	0.083368	2.184181	146000.000000
2014-06-25	0.004376	0.065288	0.073846	0.064338	0.506202	78300.000000
2014-06-24	-0.011850	0.062829	0.064281	0.053860	-1.387359	119500.000000
2014-06-23	0.000481	0.067356	0.068211	0.059409	0.056236	186100.000000
2014-06-20	-0.002238	0.065053	0.067355	0.064030	-0.262474	81700.000000
2014-06-19	0.002163	0.066758	0.069920	0.066502	0.253105	74600.000000
2014-06-18	0.009624	0.068225	0.077369	0.063221	1.115517	94500.000000
2014-06-17	0.001053	0.062613	0.067881	0.061144	0.121872	80400.000000
2014-06-16	0.004309	0.071095	0.071962	0.065457	0.496834	90700.000000
2014-06-13	0.010019	0.070700	0.077971	0.068423	1.143646	102800.000000
2014-06-12	-0.000410	0.065970	0.074202	0.065094	-0.046852	188900.000000
2014-06-11	-0.009996	0.058436	0.058956	0.053494	-1.153038	81200.000000
2014-06-10	0.011425	0.070879	0.079735	0.069213	1.303001	199400.000000
2014-06-09	0.010885	0.073761	0.080320	0.072520	1.228035	106600.000000
2014-06-06	-0.005372	0.066582	0.071254	0.059793	-0.609329	151200.000000
2014-06-05	0.013485	0.077659	0.082841	0.073102	1.509254	201200.000000
2014-06-04	-0.010033	0.059416	0.060212	0.054905	-1.134285	99200.000000
2014-06-03	0.004247	0.065870	0.072621	0.063738	0.478096	190100.000000
2014-06-02	0.010008	0.074833	0.081113	0.071513	1.115509	120700.000000
2014-05-30	-0.000840	0.074467	0.074467	0.065862	-0.093727	173600.000000
2014-05-29	0.002950	0.070804	0.072872	0.067028	0.328095	134300.000000
2014-05-28	0.004657	0.074887	0.075520	0.068113	0.515571	140200.000000
2014-05-27	-0.008563	0.070609	0.070609	0.050459	-0.956161	211900.000000
2014-05-23	0.002685	0.075908	0.077614	0.065223	0.299034	166100.000000
2014-05-22	0.012096	0.104190	0.106825	0.098373	1.330940	198700.000000
2014-05-21	0.009091	0.100747	0.101847	0.095611	0.991303	139300.000000
2014-05-20	-0.003690	0.089467	0.089467	0.080604	-0.403870	97100.000000
2014-05-19	0.007520	0.102723	0.102723	0.092321	0.816917	144400.000000
2014-05-16	0.005523	0.099464	0.103814	0.090485	0.596627	149500.000000
2014-05-15	-0.004735	0.087993	0.088638	0.075003	-0.514023	98200.000000
2014-05-14	-0.005717	0.085437	0.089925	0.080765	-0.624146	137000.000000
2014-05-13	0.014500	0.101176	0.108145	0.097459	1.560387	191300.000000
2014-05-12	0.021521	0.103136	0.112914	0.102377	2.267166	230400.000000
2014-05-09	0.003234	0.095181	0.097752	0.091467	0.339600	81400.000000
2014-05-08	0.005361	0.099999	0.101052	0.093297	0.559921	104100.000000
2014-05-07	0.008777	0.097194	0.102023	0.091882	0.908699	68900.000000
2014-05-06	0.005975	0.093936	0.102001	0.092770	0.614983	90100.000000
2014-05-05	-0.027494	0.067262	0.067923	0.056584	-2.909691	262700.000000
2014-05-02	-0.004060	0.086456	0.086644	0.077892	-0.431397	111100.000000
2014-05-01	0.003902	0.089467	0.094568	0.083043	0.413041	109000.000000
2014-04-30	0.005055	0.096873	0.102095	0.091936	0.532371	104000.000000
2014-04-29	-0.007353	0.086451	0.094934	0.080890	-0.780189	113500.000000
2014-04-28	0.021294	0.105061	0.116901	0.100826	2.212097	230700.000000
2014-04-25	0.006492	0.094699	0.097896	0.090339	0.670044	124700.000000
2014-04-24	-0.004691	0.099303	0.099303	0.082042	-0.486489	85700.000000
2014-04-23	0.002929	0.091208	0.097397	0.089273	0.302903	111100.000000
2014-04-22	0.003027	0.099653	0.100817	0.088885	0.312095	215700.000000
2014-04-21	-0.007687	0.090911	0.090911	0.078108	-0.798553	191200.000000
2014-04-17	-0.002819	0.089563	0.091387	0.084188	-0.293732	110800.000000
2014-04-16	0.017572	0.103239	0.113104	0.097281	1.799034	164200.000000
2014-04-15	-0.025681	0.067293	0.070053	0.054160	-2.698547	128800.000000
2014-04-14	0.002276	0.096907	0.101008	0.088227	0.238632	98400.000000
2014-04-11	0.002634	0.084781	0.098170	0.080669	0.275383	236100.000000
2014-04-10	0.011453	0.107652	0.119647	0.101558	1.184052	229100.000000
2014-04-09	0.001333	0.092276	0.093825	0.081137	0.137664	82100.000000
2014-04-08	0.005992	0.099113	0.110806	0.091708	0.614998	133300.000000
2014-04-07	-0.004363	0.088497	0.091213	0.082094	-0.449760	107900.000000
2014-04-04	0.016658	0.117083	0.129609	0.105248	1.688904	346700.000000
2014-04-03	-0.003518	0.085044	0.087010	0.076395	-0.357972	143700.000000
2014-04-02	-0.000631	0.084850	0.089958	0.079939	-0.064262	155700.000000
2014-04-01	0.022304	0.105834	0.115072	0.105834	2.221283	206800.000000
2014-03-31	-0.015516	0.081460	0.082448	0.072365	-1.569580	166400.000000
2014-03-28	0.012122	0.092669	0.108577	0.092068	1.211593	187300.000000
2014-03-27	0.010862	0.097861	0.105851	0.096648	1.073922	169900.000000
2014-03-26	0.002793	0.094132	0.100116	0.091090	0.275367	186600.000000
2014-03-25	0.010917	0.091928	0.104846	0.091928	1.064736	211400.000000
2014-03-24	0.032252	0.125028	0.130319	0.120477	3.047363	248600.000000
2014-03-21	0.033638	0.118238	0.141867	0.117800	3.074906	485400.000000
2014-03-20	0.008200	0.106452	0.106452	0.086379	0.743476	133000.000000
2014-03-19	-0.009426	0.080508	0.092745	0.072533	-0.862800	137900.000000
2014-03-18	0.001305	0.086185	0.095156	0.082575	0.119324	224300.000000
2014-03-17	0.010758	0.094885	0.103952	0.093116	0.972946	227100.000000
2014-03-14	0.004691	0.094910	0.103464	0.089245	0.422226	134800.000000
2014-03-13	-0.022428	0.081213	0.081756	0.057756	-2.065224	224900.000000
2014-03-12	-0.000996	0.084910	0.089467	0.078618	-0.091789	124000.000000
2014-03-11	-0.024480	0.082164	0.083434	0.059410	-2.313065	270800.000000
2014-03-10	-0.013985	0.074335	0.080910	0.059413	-1.340111	302900.000000
2014-03-07	-0.004956	0.091232	0.092478	0.075449	-0.477279	154000.000000
2014-03-06	0.005462	0.092390	0.101474	0.089467	0.523185	129400.000000
2014-03-05	-0.022208	0.062210	0.066191	0.055983	-2.175369	267700.000000
2014-03-04	0.016478	0.107419	0.109806	0.099948	1.587921	349600.000000
2014-03-03	-0.005776	0.071825	0.086372	0.071825	-0.559898	284400.000000
2014-02-28	0.000474	0.089364	0.095453	0.084719	0.045883	320300.000000
2014-02-27	0.028352	0.108679	0.122902	0.105707	2.671036	234700.000000
2014-02-26	0.012428	0.108595	0.108703	0.099139	1.156524	111800.000000
2014-02-25	-0.013909	0.081943	0.082685	0.071558	-1.312561	164100.000000
2014-02-24	-0.017113	0.063428	0.073739	0.061137	-1.643013	193700.000000
2014-02-21	-0.007684	0.083162	0.085126	0.079028	-0.743484	175400.000000
2014-02-20	0.018061	0.105566	0.109985	0.097043	1.716446	262200.000000
2014-02-19	0.017292	0.087112	0.116762	0.087112	1.615463	396800.000000
2014-02-18	-0.002059	0.090962	0.093206	0.080814	-0.192749	122500.000000
2014-02-14	0.004234	0.085605	0.098478	0.079383	0.394684	100600.000000
2014-02-13	-0.006845	0.070929	0.084566	0.069757	-0.642517	107900.000000
2014-02-12	0.003041	0.096734	0.100688	0.090963	0.284546	188000.000000
2014-02-11	0.031569	0.101483	0.127058	0.099278	2.863785	369500.000000
2014-02-10	0.011359	0.103069	0.107974	0.095376	1.018844	257800.000000
2014-02-07	0.007734	0.095084	0.102612	0.094186	0.688408	240100.000000
2014-02-06	0.010630	0.091851	0.105931	0.091624	0.936234	172200.000000
2014-02-05	0.000417	0.086173	0.097873	0.077994	0.036720	193700.000000
2014-02-04	0.012243	0.092342	0.108669	0.089812	1.064751	234800.000000
2014-02-03	-0.012095	0.092988	0.096169	0.076290	-1.064751	419200.000000
2014-01-31	-0.010421	0.078114	0.089354	0.074516	-0.927063	203300.000000
2014-01-30	-0.002470	0.087449	0.090252	0.080496	-0.220284	134400.000000
2014-01-29	-0.024400	0.069229	0.073058	0.053257	-2.230445	415100.000000
2014-01-28	-0.001904	0.086300	0.094817	0.083898	-0.174401	201200.000000
2014-01-27	-0.000200	0.088921	0.095908	0.080843	-0.018364	318600.000000
2014-01-24	-0.013151	0.088066	0.088066	0.074062	-1.220779	278800.000000
2014-01-23	-0.030765	0.069732	0.073596	0.047283	-2.946396	333500.000000
2014-01-22	0.003849	0.086322	0.097223	0.082235	0.367165	115600.000000
2014-01-21	0.004057	0.094413	0.099360	0.085783	0.385505	102200.000000
2014-01-17	0.003101	0.101607	0.106780	0.092634	0.293717	175900.000000
2014-01-16	-0.002802	0.091994	0.093889	0.084730	-0.266175	106700.000000
2014-01-15	-0.003467	0.086844	0.089992	0.079081	-0.330444	170800.000000
2014-01-14	0.012578	0.094141	0.105189	0.088830	1.184059	180800.000000
2014-01-13	-0.017154	0.081637	0.084769	0.070152	-1.642998	170700.000000
2014-01-10	0.013697	0.093065	0.109046	0.091901	1.294205	124300.000000
2014-01-09	-0.010097	0.087162	0.087162	0.071657	-0.963768	237100.000000
2014-01-08	-0.006781	0.093629	0.093629	0.074379	-0.651695	281800.000000
2014-01-07	0.001052	0.089780	0.099363	0.085405	0.100975	250700.000000
2014-01-06	-0.019408	0.076903	0.079968	0.064339	-1.900025	252300.000000
2014-01-03	-0.011217	0.079064	0.079064	0.070580	-1.110626	220300.000000
2014-01-02	-0.017040	0.083808	0.083808	0.070704	-1.716430	180500.000000
2013-12-31	0.000091	0.089665	0.092644	0.082219	0.009162	203200.000000
2013-12-30	-0.002636	0.085506	0.093725	0.080951	-0.266174	106700.000000
2013-12-27	0.005024	0.092055	0.095040	0.086979	0.504830	125400.000000
2013-12-26	-0.001824	0.086189	0.090659	0.081718	-0.183587	99100.000000
2013-12-24	0.006239	0.095365	0.101962	0.093465	0.624161	42300.000000
2013-12-23	0.001378	0.093171	0.100978	0.089467	0.137696	100300.000000
2013-12-20	-0.006572	0.086484	0.094439	0.081910	-0.660874	193600.000000
2013-12-19	-0.016252	0.069609	0.076261	0.061978	-1.661377	110700.000000
2013-12-18	0.019218	0.105420	0.110804	0.084581	1.927551	243200.000000
2013-12-17	-0.022280	0.076794	0.077379	0.062074	-2.285522	284600.000000
2013-12-16	-0.002232	0.085090	0.094233	0.079740	-0.229469	114200.000000
2013-12-13	0.006289	0.095340	0.102582	0.091522	0.642517	73500.000000
2013-12-12	-0.000359	0.091913	0.092794	0.083107	-0.036705	132300.000000
2013-12-11	-0.043467	0.063636	0.064572	0.042111	-4.644486	387600.000000
2013-12-10	-0.005807	0.078022	0.087699	0.077185	-0.624153	169900.000000
2013-12-09	-0.016629	0.075925	0.075925	0.069886	-1.817398	74600.000000
2013-12-06	0.027706	0.110436	0.122943	0.108274	2.946388	124100.000000
2013-12-05	0.004334	0.101178	0.102878	0.092111	0.458947	77300.000000
2013-12-04	-0.011398	0.078543	0.088813	0.069394	-1.220788	102800.000000
2013-12-03	-0.008413	0.081598	0.081598	0.074099	-0.908699	101700.000000
2013-12-02	-0.011425	0.086996	0.088735	0.075464	-1.248298	88900.000000
2013-11-29	-0.000168	0.090290	0.097336	0.082695	-0.018379	61100.000000
2013-11-27	0.004980	0.093605	0.098479	0.087628	0.541549	69200.000000
2013-11-26	-0.006041	0.087913	0.087913	0.077767	-0.660873	97500.000000
2013-11-25	-0.025190	0.074676	0.074676	0.057390	-2.827065	140600.000000
2013-11-22	-0.001388	0.083772	0.091247	0.078611	-0.156036	135200.000000
2013-11-21	-0.003905	0.081667	0.086454	0.077324	-0.440582	198600.000000
2013-11-20	0.000000	0.095937	0.098951	0.085922	0.000000	166000.000000
2013-11-19	0.018561	0.101654	0.113481	0.101383	2.056038	325300.000000
2013-11-18	0.032247	0.117889	0.130936	0.111366	3.460411	320200.000000
2013-11-15	0.049461	0.113819	0.145603	0.113819	5.057518	351100.000000
2013-11-14	0.007415	0.093408	0.100403	0.084836	0.752662	83200.000000
2013-11-13	-0.004322	0.074654	0.086524	0.074556	-0.440574	74400.000000
2013-11-12	-0.014552	0.085020	0.087533	0.071100	-1.505333	79300.000000
2013-11-11	0.013672	0.103480	0.106518	0.097502	1.395195	121100.000000
2013-11-08	0.012937	0.100981	0.104256	0.094926	1.303367	140000.000000
2013-11-07	-0.013925	0.094263	0.094263	0.071751	-1.422706	142600.000000
2013-11-06	-0.000180	0.080072	0.099840	0.080072	-0.018364	141400.000000
2013-11-05	-0.017388	0.091871	0.091871	0.069754	-1.808228	217400.000000
2013-11-04	-0.001234	0.093885	0.094653	0.077462	-0.128509	145200.000000
2013-11-01	0.001501	0.086389	0.091968	0.081580	0.156059	163800.000000
2013-10-31	-0.019053	0.086636	0.086636	0.068710	-2.019340	151100.000000
2013-10-30	0.014675	0.107752	0.114071	0.098849	1.532859	133800.000000
2013-10-29	0.001849	0.103950	0.103950	0.080068	0.192765	156900.000000
2013-10-28	-0.000968	0.088796	0.093970	0.082185	-0.100975	154700.000000
2013-10-25	-0.004727	0.078500	0.089181	0.071729	-0.495652	156400.000000
2013-10-24	-0.012106	0.082495	0.082495	0.070907	-1.285026	129300.000000
2013-10-23	-0.023806	0.063807	0.069326	0.059117	-2.588433	168800.000000
2013-10-22	0.011787	0.098493	0.105658	0.096074	1.266678	76600.000000
2013-10-21	-0.009475	0.078499	0.083199	0.073706	-1.028022	118700.000000
2013-10-18	0.009394	0.091979	0.101097	0.091979	1.009666	91100.000000
2013-10-17	-0.008300	0.073044	0.081163	0.069814	-0.899529	140300.000000
2013-10-16	0.022072	0.107384	0.115023	0.102669	2.340592	139900.000000
2013-10-15	-0.011296	0.082754	0.090493	0.076880	-1.211594	126200.000000
2013-10-14	0.006027	0.079055	0.100629	0.079055	0.642502	125600.000000
2013-10-11	-0.005224	0.079203	0.087787	0.075937	-0.559898	102800.000000
2013-10-10	0.020629	0.092990	0.112228	0.089562	2.166191	228700.000000
2013-10-09	0.023256	0.114511	0.117532	0.104474	2.386497	213200.000000
2013-10-08	0.007117	0.104483	0.117633	0.095454	0.725129	285500.000000
2013-10-07	-0.006355	0.077667	0.091222	0.073669	-0.651696	76400.000000
2013-10-04	0.009305	0.093896	0.099605	0.088286	0.945404	49300.000000
2013-10-03	-0.003152	0.095060	0.098494	0.080342	-0.321235	76700.000000
2013-10-02	-0.003858	0.077641	0.087219	0.076077	-0.394707	99700.000000
2013-10-01	0.013824	0.091052	0.106213	0.090359	1.395180	71200.000000
2013-09-30	-0.019879	0.073248	0.074608	0.066353	-2.046868	363900.000000
2013-09-27	0.002771	0.086935	0.095602	0.085864	0.284546	76000.000000
2013-09-26	0.006840	0.093193	0.098194	0.088094	0.697594	108900.000000
2013-09-25	-0.004748	0.092882	0.092980	0.082245	-0.486488	66400.000000
2013-09-24	-0.013781	0.081286	0.085810	0.074068	-1.431885	72500.000000
2013-09-23	0.009903	0.102297	0.104727	0.095396	1.018852	156400.000000
2013-09-20	-0.015978	0.096927	0.101327	0.068808	-1.670563	333800.000000
2013-09-19	-0.011455	0.089561	0.089561	0.062521	-1.211593	375000.000000
2013-09-18	0.022449	0.095944	0.114698	0.087630	2.322235	145000.000000
2013-09-17	-0.000089	0.094107	0.098650	0.086470	-0.009171	121800.000000
2013-09-16	0.002758	0.104006	0.108368	0.090921	0.284538	206000.000000
2013-09-13	0.012613	0.090841	0.104189	0.090841	1.285027	151000.000000
2013-09-12	0.003163	0.103842	0.104531	0.090156	0.321259	90400.000000
2013-09-11	-0.033709	0.060354	0.060354	0.048746	-3.543015	203400.000000
2013-09-10	0.004474	0.091569	0.095201	0.082395	0.468124	134600.000000
2013-09-09	0.011715	0.097009	0.102230	0.090047	1.211602	115000.000000
2013-09-06	0.012399	0.106107	0.112959	0.095634	1.266670	179600.000000
2013-09-05	0.017274	0.110278	0.114660	0.105399	1.734779	176200.000000
2013-09-04	0.008685	0.096116	0.109977	0.091596	0.864655	137900.000000
2013-09-03	0.020956	0.128623	0.139185	0.123496	2.043556	185100.000000
2013-08-30	0.012564	0.122348	0.134600	0.115287	1.210007	138000.000000
2013-08-29	-0.003432	0.117772	0.124498	0.108976	-0.331642	151500.000000
2013-08-28	-0.035081	0.061784	0.085947	0.051300	-3.513474	418000.000000
2013-08-27	0.000000	0.115702	0.115702	0.115702	0.000000	0.000000
2013-08-26	0.021763	0.135800	0.146819	0.133760	2.133186	248700.000000
2013-08-23	-0.005637	0.119354	0.124528	0.107282	-0.555702	244400.000000
2013-08-22	-0.005336	0.127912	0.128618	0.103089	-0.528816	312100.000000
2013-08-21	-0.012327	0.110918	0.118194	0.096268	-1.236893	108800.000000
2013-08-20	-0.021758	0.089867	0.104003	0.083530	-2.231781	182900.000000
2013-08-19	-0.017092	0.108036	0.110528	0.095579	-1.783622	89800.000000
2013-08-16	-0.015391	0.103059	0.104946	0.094190	-1.631249	196200.000000
2013-08-15	-0.010791	0.105249	0.109449	0.088449	-1.156235	192900.000000
2013-08-14	-0.002087	0.115795	0.117565	0.106575	-0.224083	93000.000000
2013-08-13	0.017066	0.130764	0.136447	0.127733	1.801560	146800.000000
2013-08-12	0.021775	0.138642	0.145320	0.135835	2.249718	154500.000000
2013-08-09	0.003220	0.111818	0.122305	0.106769	0.331611	124800.000000
2013-08-08	0.013943	0.115801	0.135196	0.111468	1.416146	127100.000000
2013-08-07	-0.016319	0.101175	0.103887	0.091974	-1.685021	113100.000000
2013-08-06	-0.013783	0.111500	0.111500	0.094116	-1.443039	202600.000000
2013-08-05	-0.008993	0.112011	0.112011	0.101409	-0.950081	108200.000000
2013-08-02	-0.010411	0.110550	0.110644	0.099123	-1.111404	148400.000000
2013-08-01	0.021702	0.128431	0.140872	0.124603	2.267631	148900.000000
2013-07-31	-0.003419	0.114748	0.118945	0.103876	-0.358513	91700.000000
2013-07-30	-0.002048	0.127029	0.131216	0.108088	-0.215126	252700.000000
2013-07-29	-0.014295	0.108666	0.108947	0.097314	-1.523689	68100.000000
2013-07-26	0.001094	0.114857	0.116923	0.099078	0.116516	77000.000000
2013-07-25	0.005332	0.115702	0.123067	0.110698	0.564659	89600.000000
2013-07-24	-0.025806	0.102456	0.104572	0.078356	-2.805412	197500.000000
2013-07-23	0.010161	0.129733	0.131778	0.119698	1.093491	113000.000000
2013-07-22	0.011968	0.121532	0.129995	0.121250	1.272735	111400.000000
2013-07-19	-0.006947	0.114955	0.117570	0.106551	-0.743934	138500.000000
2013-07-18	0.007760	0.123607	0.127748	0.117208	0.824615	101800.000000
2013-07-17	0.006964	0.124136	0.127642	0.119872	0.734955	90600.000000
2013-07-16	0.000340	0.117219	0.118830	0.108688	0.035851	119200.000000
2013-07-15	-0.007923	0.114762	0.116078	0.103289	-0.842515	73900.000000
2013-07-12	-0.016007	0.100804	0.102285	0.088219	-1.729850	218900.000000
2013-07-11	0.036894	0.150916	0.158016	0.142184	3.845108	306400.000000
2013-07-10	0.005274	0.122743	0.127566	0.116377	0.546737	262200.000000
2013-07-09	0.014560	0.130773	0.138112	0.126858	1.487847	205100.000000
2013-07-08	0.001581	0.124720	0.127170	0.113840	0.161339	204100.000000
2013-07-05	0.002907	0.122288	0.122976	0.104496	0.295776	173400.000000
2013-07-03	0.006920	0.123324	0.129757	0.109763	0.699104	273700.000000
2013-07-02	0.024634	0.147750	0.153835	0.134769	2.428971	378900.000000
2013-07-01	-0.005964	0.118122	0.121549	0.097556	-0.591553	293300.000000
2013-06-28	0.068450	0.164604	0.197242	0.154802	6.354744	1065400.000000
2013-06-27	0.004753	0.115919	0.128798	0.113646	0.439186	117300.000000
2013-06-26	0.006247	0.121147	0.126919	0.108188	0.573639	81100.000000
2013-06-25	0.009658	0.133954	0.135824	0.119551	0.878357	153800.000000
2013-06-24	-0.019519	0.086055	0.100070	0.070315	-1.810501	355200.000000
2013-06-21	0.004172	0.124796	0.128043	0.104443	0.385391	259000.000000
2013-06-20	-0.032300	0.105959	0.106588	0.072750	-3.083260	336400.000000
2013-06-19	-0.037940	0.099879	0.099980	0.073070	-3.764427	206100.000000
2013-06-18	0.011421	0.123449	0.129566	0.121818	1.120354	106300.000000
2013-06-17	0.034988	0.157904	0.160541	0.145771	3.316299	151700.000000
2013-06-14	-0.039073	0.089140	0.090357	0.070790	-3.854080	260200.000000
2013-06-13	-0.002267	0.094966	0.116309	0.093449	-0.224075	153700.000000
2013-06-12	-0.007647	0.120219	0.120821	0.103757	-0.761856	80700.000000
2013-06-11	-0.016372	0.096251	0.104051	0.091611	-1.658142	105000.000000
2013-06-10	-0.019097	0.100206	0.102918	0.091490	-1.971848	104900.000000
2013-06-07	-0.003029	0.109329	0.119854	0.101798	-0.313713	89800.000000
2013-06-06	0.007323	0.119787	0.123872	0.108018	0.752899	116800.000000
2013-06-05	-0.022663	0.102774	0.105151	0.089656	-2.384147	106900.000000
2013-06-04	0.002563	0.125804	0.126948	0.109603	0.268882	96500.000000
2013-06-03	0.012016	0.119560	0.130941	0.117342	1.245858	90200.000000
2013-05-31	-0.029204	0.102407	0.103156	0.083119	-3.119118	133800.000000
2013-05-30	0.001344	0.113827	0.119452	0.111202	0.143402	80500.000000
2013-05-29	-0.010806	0.106335	0.112178	0.101327	-1.165177	77800.000000
2013-05-28	0.009143	0.133017	0.135450	0.121692	0.976960	151300.000000
2013-05-24	-0.006418	0.113843	0.116632	0.102126	-0.690132	163000.000000
2013-05-23	-0.016433	0.110264	0.125904	0.104502	-1.796708	130000.000000
2013-05-22	-0.023980	0.124347	0.128453	0.105332	-2.686241	118300.000000
2013-05-21	-0.008342	0.123288	0.133115	0.119128	-0.942383	71100.000000
2013-05-20	0.010956	0.138280	0.149556	0.137922	1.224213	60900.000000
2013-05-17	0.007464	0.140105	0.146326	0.137310	0.827881	91100.000000
2013-05-16	-0.021447	0.117506	0.120153	0.108506	-2.430817	72400.000000
2013-05-15	-0.001474	0.133742	0.135504	0.128104	-0.167335	51100.000000
2013-05-14	0.000621	0.130303	0.139207	0.128540	0.070457	77300.000000
2013-05-13	-0.015817	0.127348	0.128389	0.114160	-1.823120	85000.000000
2013-05-10	-0.001830	0.137755	0.138361	0.127709	-0.211365	89000.000000
2013-05-09	-0.006968	0.136792	0.136792	0.123205	-0.810295	92700.000000
2013-05-08	0.023330	0.150993	0.161905	0.146064	2.651009	109400.000000
2013-05-07	0.022427	0.158990	0.166188	0.155841	2.492485	72600.000000
2013-05-06	0.009924	0.137143	0.147956	0.136052	1.092110	34400.000000
2013-05-03	-0.005096	0.124025	0.131890	0.118781	-0.563668	84600.000000
2013-05-02	-0.000159	0.127733	0.137405	0.119417	-0.017624	55100.000000
2013-05-01	-0.017597	0.133463	0.133463	0.115347	-1.981643	60000.000000
2013-04-30	0.004478	0.132740	0.141482	0.125337	0.502022	85200.000000
2013-04-29	0.009037	0.145677	0.146937	0.137576	1.004035	91400.000000
2013-04-26	-0.005440	0.137475	0.144368	0.122437	-0.607696	107500.000000
2013-04-25	0.020927	0.137792	0.163473	0.137792	2.289902	79700.000000
2013-04-24	0.008442	0.130993	0.147305	0.127122	0.915970	99100.000000
2013-04-23	-0.001216	0.124739	0.141676	0.119952	-0.132119	122100.000000
2013-04-22	0.000406	0.135600	0.135877	0.127497	0.044037	73100.000000
2013-04-19	0.024427	0.147774	0.163528	0.144755	2.589363	250800.000000
2013-04-18	0.003920	0.142235	0.147349	0.135037	0.413933	313400.000000
2013-04-17	-0.031270	0.106242	0.110187	0.094132	-3.408432	145000.000000
2013-04-16	0.014426	0.140721	0.152820	0.136905	1.550095	136500.000000
2013-04-15	-0.038234	0.114382	0.114382	0.092004	-4.271576	159200.000000
2013-04-12	-0.010839	0.126474	0.128333	0.113990	-1.224221	60700.000000
2013-04-11	-0.011866	0.124130	0.130342	0.121681	-1.356323	60500.000000
2013-04-10	0.003868	0.134977	0.142881	0.131288	0.440369	68600.000000
2013-04-09	0.011660	0.139503	0.155052	0.139059	1.312294	67800.000000
2013-04-08	0.001097	0.133282	0.137818	0.128211	0.123306	83000.000000
2013-04-05	-0.018907	0.097805	0.116654	0.089689	-2.166603	103500.000000
2013-04-04	0.005176	0.141206	0.144451	0.134013	0.590080	116400.000000
2013-04-03	-0.018427	0.136708	0.139807	0.112858	-2.140175	104200.000000
2013-04-02	0.010730	0.154214	0.154562	0.144467	1.233025	115200.000000
2013-04-01	-0.010241	0.134038	0.134038	0.120171	-1.188988	63100.000000
2013-03-28	-0.000910	0.131199	0.136965	0.128274	-0.105697	70000.000000
2013-03-27	-0.001438	0.125792	0.135158	0.122440	-0.167343	152400.000000
2013-03-26	0.013267	0.142817	0.151525	0.142382	1.523689	104900.000000
2013-03-25	-0.011447	0.128358	0.130940	0.116135	-1.329926	220400.000000
2013-03-22	-0.001514	0.137221	0.139026	0.130775	-0.176140	123500.000000
2013-03-21	-0.019955	0.123119	0.131626	0.112758	-2.369171	102800.000000
2013-03-20	0.010798	0.146059	0.147676	0.138737	1.268242	121100.000000
2013-03-19	-0.009580	0.131285	0.131285	0.119058	-1.136116	80300.000000
2013-03-18	-0.007518	0.125457	0.133157	0.125457	-0.898361	89500.000000
2013-03-15	-0.017951	0.116924	0.121445	0.113801	-2.184212	84800.000000
2013-03-14	0.004946	0.139298	0.141611	0.136738	0.598885	46900.000000
2013-03-13	-0.006792	0.130822	0.130822	0.123768	-0.827904	76700.000000
2013-03-12	-0.011004	0.133307	0.134199	0.119515	-1.356331	127200.000000
2013-03-11	0.005316	0.138842	0.142594	0.138108	0.651749	80000.000000
2013-03-08	0.010526	0.148933	0.150994	0.137394	1.277077	179100.000000
2013-03-07	0.000944	0.133601	0.142263	0.133601	0.114471	63400.000000
2013-03-06	0.012879	0.141683	0.153131	0.141683	1.541298	109600.000000
2013-03-05	0.016990	0.149268	0.155642	0.148333	1.999275	114400.000000
2013-03-04	-0.016706	0.120960	0.123300	0.111769	-1.999275	106500.000000
2013-03-01	-0.008030	0.121822	0.126796	0.115108	-0.968811	79200.000000
2013-02-28	-0.008397	0.132293	0.134759	0.125635	-1.021645	61400.000000
2013-02-27	0.011348	0.130262	0.150212	0.128849	1.365128	71900.000000
2013-02-26	0.005447	0.143105	0.145278	0.132491	0.651749	65000.000000
2013-02-25	-0.017431	0.136730	0.141329	0.115625	-2.122567	97500.000000
2013-02-22	0.016020	0.151770	0.153605	0.144010	1.919998	86300.000000
2013-02-21	-0.002419	0.137081	0.138579	0.124928	-0.290649	88700.000000
2013-02-20	0.003089	0.150612	0.152449	0.138923	0.369927	92500.000000
2013-02-19	-0.006357	0.123304	0.129443	0.123304	-0.766251	145500.000000
2013-02-15	-0.001823	0.136493	0.137238	0.130696	-0.220169	36400.000000
2013-02-14	-0.000802	0.133678	0.136575	0.130286	-0.096901	36100.000000
2013-02-13	0.001825	0.133344	0.138483	0.133344	0.220192	42800.000000
2013-02-12	0.003076	0.137329	0.140405	0.130843	0.369903	48200.000000
2013-02-11	-0.006042	0.136077	0.136077	0.124011	-0.731010	43800.000000
2013-02-08	-0.000073	0.129549	0.136739	0.126904	-0.008797	64600.000000
2013-02-07	-0.003265	0.140194	0.141677	0.125202	-0.396316	98300.000000
2013-02-06	-0.004909	0.119515	0.129842	0.118121	-0.598908	88500.000000
2013-02-05	0.011242	0.138980	0.148264	0.136162	1.356316	121500.000000
2013-02-04	-0.047692	0.108499	0.109210	0.079845	-6.041824	253300.000000
2013-02-01	0.011533	0.148352	0.148511	0.141964	1.444412	72100.000000
2013-01-31	-0.004411	0.131203	0.136052	0.127705	-0.554878	68400.000000
2013-01-30	-0.008813	0.132501	0.133604	0.121312	-1.118546	86500.000000
2013-01-29	0.014575	0.139254	0.153004	0.138214	1.823158	64000.000000
2013-01-28	-0.006992	0.136686	0.137321	0.125731	-0.880783	50500.000000
2013-01-25	-0.007219	0.127693	0.131712	0.122570	-0.915954	76000.000000
2013-01-24	0.005163	0.134466	0.146665	0.134466	0.651764	68000.000000
2013-01-23	-0.008234	0.128503	0.132352	0.125753	-1.048081	45100.000000
2013-01-22	0.001594	0.133370	0.137462	0.129672	0.202583	155400.000000
2013-01-18	0.011496	0.142978	0.149027	0.139555	1.444382	77400.000000
2013-01-17	0.004507	0.137735	0.143092	0.134377	0.563683	99100.000000
2013-01-16	0.006307	0.132842	0.145956	0.130669	0.783859	125400.000000
2013-01-15	-0.005217	0.125091	0.131094	0.121890	-0.651756	66700.000000
2013-01-14	0.005671	0.137831	0.143707	0.137428	0.704582	61400.000000
2013-01-11	-0.008714	0.124964	0.126480	0.122969	-1.092087	63900.000000
2013-01-10	0.003384	0.135416	0.139980	0.130613	0.422737	44600.000000
2013-01-09	0.003822	0.134934	0.140961	0.133809	0.475594	61800.000000
2013-01-08	-0.011475	0.121911	0.123023	0.116191	-1.444412	110600.000000
2013-01-07	-0.018743	0.117487	0.117643	0.110471	-2.404374	75000.000000
2013-01-04	-0.001029	0.125682	0.134248	0.124436	-0.132141	52800.000000
2013-01-03	0.000069	0.135728	0.142348	0.128641	0.008820	83500.000000
2013-01-02	0.013980	0.143945	0.151842	0.142997	1.770294	185900.000000
2012-12-31	0.019716	0.137832	0.159091	0.137832	2.448418	88300.000000
2012-12-28	-0.005361	0.126766	0.135256	0.126045	-0.669358	65700.000000
2012-12-27	-0.000916	0.137097	0.139977	0.127494	-0.114494	69700.000000
2012-12-26	0.013717	0.140770	0.157075	0.140770	1.691040	151300.000000
2012-12-24	-0.014712	0.134058	0.134058	0.118632	-1.840744	57100.000000
2012-12-21	-0.003507	0.128248	0.135894	0.128248	-0.440376	157100.000000
2012-12-20	0.014012	0.145108	0.151407	0.143412	1.735046	93100.000000
2012-12-19	-0.000711	0.141711	0.142922	0.134286	-0.088089	124900.000000
2012-12-18	0.003925	0.132662	0.139872	0.127638	0.484406	150700.000000
2012-12-17	0.001644	0.135903	0.137770	0.130222	0.202568	170400.000000
2012-12-14	0.014208	0.153030	0.153030	0.147845	1.726242	222900.000000
2012-12-13	-0.005766	0.136235	0.138608	0.124042	-0.704590	194700.000000
2012-12-12	0.005653	0.142494	0.151052	0.139860	0.686974	75600.000000
2012-12-11	0.000580	0.137475	0.142168	0.134922	0.070472	80900.000000
2012-12-10	-0.000870	0.136733	0.136979	0.130398	-0.105697	86700.000000
2012-12-07	0.005757	0.144021	0.145263	0.137898	0.695770	77800.000000
2012-12-06	0.003217	0.136827	0.140978	0.132096	0.387535	82300.000000
2012-12-05	0.029195	0.156775	0.172836	0.156775	3.417259	134800.000000
2012-12-04	0.007582	0.145144	0.153493	0.143164	0.880737	52700.000000
2012-12-03	-0.009388	0.131323	0.133967	0.121602	-1.100929	101300.000000
2012-11-30	0.014631	0.153326	0.158171	0.150125	1.691010	136500.000000
2012-11-29	-0.000457	0.138703	0.141211	0.129190	-0.052841	124000.000000
2012-11-28	-0.003113	0.124812	0.131881	0.121881	-0.361115	158900.000000
2012-11-27	0.001673	0.139561	0.141375	0.131530	0.193771	90200.000000
2012-11-26	-0.011429	0.129099	0.129270	0.118086	-1.338722	107800.000000
2012-11-23	0.012562	0.144579	0.149679	0.142332	1.453224	54500.000000
2012-11-21	-0.002582	0.136192	0.136709	0.128691	-0.299461	92700.000000
2012-11-20	-0.014149	0.118416	0.120031	0.111446	-1.664597	89200.000000
2012-11-19	0.022740	0.150455	0.161235	0.149673	2.615799	107400.000000
2012-11-16	0.003843	0.138296	0.139780	0.125904	0.440369	127100.000000
2012-11-15	-0.005427	0.130035	0.135937	0.123612	-0.625343	63900.000000
2012-11-14	0.000459	0.138890	0.148789	0.132725	0.052871	91300.000000
2012-11-13	-0.022575	0.114877	0.119036	0.108003	-2.659835	98000.000000
2012-11-12	0.010042	0.141760	0.149904	0.140817	1.171386	65500.000000
2012-11-09	0.001058	0.127435	0.142196	0.124947	0.123299	93600.000000
2012-11-08	-0.021086	0.122059	0.131384	0.108618	-2.510101	168200.000000
2012-11-07	-0.018660	0.120330	0.120413	0.106728	-2.263474	132800.000000
2012-11-06	0.008568	0.138908	0.147389	0.135666	1.030457	72800.000000
2012-11-05	0.001834	0.131584	0.138998	0.128169	0.220161	68600.000000
2012-11-02	-0.001245	0.148311	0.148311	0.131922	-0.149704	79900.000000
2012-11-01	0.005304	0.135835	0.148631	0.129897	0.634148	138000.000000
2012-10-31	-0.004911	0.133086	0.142490	0.126179	-0.590111	113000.000000
2012-10-26	-0.011305	0.126941	0.133359	0.122169	-1.373955	66500.000000
2012-10-25	0.005905	0.139555	0.146176	0.135085	0.713425	163800.000000
2012-10-24	-0.005221	0.137886	0.140192	0.127841	-0.634155	94100.000000
2012-10-23	-0.018854	0.118856	0.120956	0.110777	-2.333931	82000.000000
2012-10-22	-0.001208	0.137514	0.137514	0.125411	-0.149735	116900.000000
2012-10-19	-0.003541	0.144502	0.144984	0.127055	-0.440361	175700.000000
2012-10-18	0.006845	0.145778	0.155735	0.140678	0.845520	198000.000000
2012-10-17	0.012561	0.144597	0.150744	0.135826	1.532463	253900.000000
2012-10-16	0.020405	0.157414	0.162516	0.152312	2.439621	218500.000000
2012-10-15	0.020370	0.151034	0.160507	0.145316	2.386803	176800.000000
2012-10-12	-0.005308	0.136690	0.138048	0.125824	-0.625328	53500.000000
2012-10-11	0.020291	0.162353	0.166078	0.155770	2.342758	161800.000000
2012-10-10	0.009083	0.145555	0.146778	0.140573	1.039269	105300.000000
2012-10-09	0.008853	0.153404	0.156401	0.143616	1.004020	79900.000000
2012-10-08	-0.011742	0.119383	0.124088	0.117204	-1.347526	88200.000000
2012-10-05	0.004239	0.150205	0.153968	0.136991	0.484413	87500.000000
2012-10-04	0.007141	0.137796	0.146962	0.132155	0.810287	69000.000000
2012-10-03	-0.014835	0.127341	0.128296	0.116922	-1.708648	86600.000000
2012-10-02	0.002453	0.139681	0.142640	0.130629	0.281852	56600.000000
2012-10-01	0.009988	0.143943	0.157041	0.143328	1.136139	99700.000000
2012-09-28	-0.016298	0.127028	0.129276	0.116824	-1.884765	105900.000000
2012-09-27	0.025141	0.156692	0.164759	0.151462	2.835968	164700.000000
2012-09-26	-0.009359	0.131377	0.131377	0.120838	-1.065682	136200.000000
2012-09-25	-0.007371	0.141954	0.144482	0.126612	-0.845512	123300.000000
2012-09-24	-0.006862	0.128577	0.129270	0.122517	-0.792656	92000.000000
2012-09-21	0.013837	0.155077	0.156306	0.147529	1.576507	187300.000000
2012-09-20	-0.009343	0.123417	0.129851	0.118113	-1.074493	127200.000000
2012-09-19	0.019439	0.164668	0.166618	0.155804	2.193024	257100.000000
2012-09-18	0.002348	0.140214	0.141280	0.131951	0.264221	82300.000000
2012-09-17	-0.012060	0.131817	0.133836	0.119089	-1.373963	121900.000000
2012-09-14	0.025611	0.150090	0.188262	0.150090	2.844780	340900.000000
2012-09-13	0.018822	0.130922	0.162382	0.127436	2.052117	188700.000000
2012-09-12	0.011604	0.145530	0.151004	0.143581	1.250641	137000.000000
2012-09-11	0.022562	0.152874	0.161034	0.151356	2.377983	204600.000000
2012-09-10	-0.007053	0.139938	0.148982	0.126372	-0.748627	160800.000000
2012-09-07	0.012603	0.151061	0.158979	0.145910	1.321106	213400.000000
2012-09-06	0.016309	0.139779	0.157037	0.139294	1.682198	150900.000000
2012-09-05	-0.006363	0.136669	0.136669	0.120869	-0.660546	162600.000000
