2017-09-01	0.001413	0.000177	0.004768	-0.003355	0.079998	1313500.000000
2017-08-31	0.002124	-0.001062	0.004424	-0.003185	0.120003	1189800.000000
2017-08-30	-0.005981	-0.005629	-0.000528	-0.006332	-0.340000	903200.000000
2017-08-29	0.000000	-0.008443	0.000528	-0.008795	0.000000	1020400.000000
2017-08-28	-0.001931	0.002107	0.002107	-0.004213	-0.110001	790600.000000
2017-08-25	0.010646	0.006033	0.012420	0.004791	0.599998	878200.000000
2017-08-24	-0.003184	-0.000177	0.000000	-0.006013	-0.180000	1323900.000000
2017-08-23	0.009643	-0.001071	0.010179	-0.001964	0.540001	927400.000000
2017-08-22	0.001431	0.005544	0.006259	0.000715	0.080002	1276600.000000
2017-08-21	-0.006220	-0.000711	-0.000533	-0.006931	-0.350002	931700.000000
2017-08-18	0.000000	-0.004976	0.003199	-0.006398	0.000000	1673400.000000
2017-08-17	-0.004247	-0.001062	0.002478	-0.004247	-0.239998	1009000.000000
2017-08-16	-0.006680	0.001582	0.003340	-0.007734	-0.380001	963800.000000
2017-08-15	-0.005072	-0.006646	-0.003498	-0.013641	-0.290001	1019100.000000
2017-08-14	-0.004873	-0.001740	0.004873	-0.005743	-0.279999	860100.000000
2017-08-11	-0.003469	-0.008325	0.000347	-0.009018	-0.200001	1192300.000000
2017-08-10	-0.013516	-0.004106	-0.003080	-0.014542	-0.790001	1167600.000000
2017-08-09	0.009848	0.006393	0.010712	0.004838	0.570000	1473900.000000
2017-08-08	-0.002882	0.020547	0.022959	0.012450	-0.167282	1267400.000000
2017-08-07	0.000509	0.015551	0.017792	0.013655	0.029522	910100.000000
2017-08-04	0.006143	0.018668	0.023177	0.015027	0.354248	889000.000000
2017-08-03	-0.004248	0.016586	0.018140	0.010197	-0.246006	1507700.000000
2017-08-02	0.011516	0.017638	0.029690	0.015891	0.659290	1236900.000000
2017-08-01	0.005531	0.018348	0.025374	0.016943	0.314888	1653900.000000
2017-07-31	0.015622	0.029619	0.035684	0.023376	0.875775	2083800.000000
2017-07-28	0.010106	0.015159	0.030115	0.013718	0.560890	1583700.000000
2017-07-27	0.015667	0.031430	0.033077	0.023012	0.856102	1389000.000000
2017-07-26	0.004886	0.023964	0.025987	0.019183	0.265682	1180500.000000
2017-07-25	0.009315	0.031275	0.034616	0.024408	0.501850	1392800.000000
2017-07-24	-0.004364	0.014392	0.014762	0.006631	-0.236168	1791300.000000
2017-07-21	-0.008296	0.016240	0.017523	0.005611	-0.452648	2004800.000000
2017-07-20	0.006352	0.024171	0.027491	0.021774	0.344410	1802900.000000
2017-07-19	0.005842	0.015313	0.022548	0.014571	0.314888	1489800.000000
2017-07-18	0.003848	0.023503	0.023503	0.015496	0.206642	1838400.000000
2017-07-17	-0.004379	0.016240	0.019763	0.010678	-0.236168	1989500.000000
2017-07-14	0.003479	0.026102	0.029264	0.018101	0.186966	2181200.000000
2017-07-13	0.000183	0.014752	0.016799	0.009169	0.009838	1499200.000000
2017-07-12	0.011109	0.031858	0.035809	0.025837	0.590416	1550000.000000
2017-07-11	0.001112	0.012096	0.018313	0.008894	0.059036	1667000.000000
2017-07-10	-0.004245	0.009863	0.014740	0.008738	-0.226322	1456300.000000
2017-07-07	-0.003128	0.011005	0.014184	0.002778	-0.167282	2938300.000000
2017-07-06	0.000368	0.016240	0.023910	0.012874	0.019676	2316500.000000
2017-07-05	-0.012182	0.007741	0.008480	-0.000758	-0.659290	1939300.000000
2017-07-03	0.010472	0.022402	0.030990	0.022028	0.560890	664800.000000
2017-06-30	-0.003296	0.016427	0.017729	0.007680	-0.177124	1679300.000000
2017-06-29	-0.014616	0.015324	0.016241	0.000654	-0.797050	2476500.000000
2017-06-28	0.011314	0.019208	0.030149	0.016797	0.610088	2934000.000000
2017-06-27	0.012565	0.029573	0.035957	0.026380	0.669136	2398800.000000
2017-06-26	0.001851	0.026023	0.026023	0.017557	0.098400	1455700.000000
2017-06-23	0.004276	0.016240	0.024742	0.016240	0.226322	3140400.000000
2017-06-22	-0.000743	0.012087	0.019072	0.010011	-0.039360	1677500.000000
2017-06-21	-0.014644	0.011404	0.012892	-0.002920	-0.787216	2581100.000000
2017-06-20	-0.025682	-0.003878	-0.003153	-0.014027	-1.416984	2466500.000000
2017-06-19	-0.002845	0.017686	0.021120	0.012445	-0.157444	985900.000000
2017-06-16	0.021621	0.028980	0.041166	0.026396	1.170982	1706800.000000
2017-06-15	-0.011317	0.003462	0.007843	0.002002	-0.619930	1521700.000000
2017-06-14	-0.013818	0.017141	0.017141	-0.000682	-0.767536	1853500.000000
2017-06-13	0.004448	0.020580	0.022750	0.015517	0.246002	1264000.000000
2017-06-12	0.007891	0.027358	0.031732	0.024260	0.432972	1541100.000000
2017-06-09	0.007772	0.016241	0.026526	0.010730	0.423126	2678500.000000
2017-06-08	-0.006107	0.015693	0.016971	0.008939	-0.334564	2093300.000000
2017-06-07	-0.012243	0.014437	0.016241	-0.000529	-0.678974	2146900.000000
2017-06-06	0.000177	0.007584	0.017323	0.006863	0.009841	1785100.000000
2017-06-05	0.005173	0.015878	0.022585	0.014790	0.285363	985500.000000
2017-06-02	-0.005852	0.011375	0.012096	0.003085	-0.324726	1691400.000000
2017-06-01	0.003202	0.015337	0.024376	0.014071	0.177124	972800.000000
2017-05-31	-0.005309	0.014622	0.017679	0.009587	-0.295205	1176500.000000
2017-05-30	0.003195	0.019849	0.023276	0.017323	0.177121	964000.000000
2017-05-26	0.000711	0.017324	0.019851	0.013532	0.039360	852100.000000
2017-05-25	-0.010894	0.009455	0.019455	0.002669	-0.610089	1621600.000000
2017-05-24	0.000000	0.011241	0.018383	0.011241	0.000000	1499400.000000
2017-05-23	-0.001929	0.015884	0.018914	0.011963	-0.108242	1562100.000000
2017-05-22	-0.003844	0.016773	0.017483	0.005411	-0.216488	3742600.000000
2017-05-19	0.002979	0.016953	0.020692	0.016062	0.167286	7309900.000000
2017-05-18	-0.008513	0.009708	0.014652	0.005294	-0.482170	1611300.000000
2017-05-17	0.000869	0.019244	0.028787	0.016064	0.049198	1817800.000000
2017-05-16	0.011946	0.043044	0.046620	0.040004	0.668057	1936000.000000
2017-05-15	0.008732	0.050708	0.051250	0.038984	0.484096	1504200.000000
2017-05-12	-0.000524	0.029425	0.034834	0.026902	-0.029045	1467200.000000
2017-05-11	0.006854	0.038115	0.042108	0.032306	0.377594	1789300.000000
2017-05-10	0.011556	0.042032	0.052314	0.040196	0.629326	1989100.000000
2017-05-09	-0.002660	0.033950	0.034316	0.027174	-0.145229	1620800.000000
2017-05-08	0.005706	0.034877	0.040770	0.029352	0.309822	1722900.000000
2017-05-05	0.034877	0.043334	0.069065	0.043143	1.829891	2359100.000000
2017-05-04	-0.001106	0.036849	0.037420	0.024855	-0.058094	4564900.000000
2017-05-03	0.009490	0.033812	0.044767	0.031121	0.493778	1505100.000000
2017-05-02	-0.005367	0.031130	0.034571	0.024249	-0.280777	1792200.000000
2017-05-01	-0.001663	0.035714	0.035714	0.030179	-0.087135	829400.000000
2017-04-28	0.000925	0.033806	0.037435	0.029986	0.048409	1360000.000000
2017-04-27	-0.007526	0.029818	0.029818	0.019959	-0.396962	2399600.000000
2017-04-26	-0.009094	0.026464	0.035857	0.023270	-0.484096	1326300.000000
2017-04-25	0.005303	0.038139	0.040027	0.034173	0.280781	1256900.000000
2017-04-24	0.019005	0.050748	0.054405	0.046899	0.987552	1206700.000000
2017-04-21	0.005998	0.030721	0.042337	0.028011	0.309822	1861400.000000
2017-04-20	-0.004664	0.032080	0.035741	0.028033	-0.242046	2758600.000000
2017-04-19	-0.028281	0.016560	0.021803	0.001206	-1.510384	4432600.000000
2017-04-18	-0.011824	0.020084	0.025265	0.016013	-0.639003	1528000.000000
2017-04-17	0.009951	0.036402	0.043690	0.035093	0.532505	968400.000000
2017-04-13	-0.021770	0.019323	0.022797	0.008903	-1.190880	2523100.000000
2017-04-12	-0.005632	0.030488	0.033578	0.023580	-0.309822	1007600.000000
2017-04-11	0.004775	0.035408	0.038330	0.024997	0.261413	1133000.000000
2017-04-10	0.002126	0.029556	0.037061	0.029007	0.116181	1316600.000000
2017-04-07	0.005703	0.034323	0.042791	0.033219	0.309822	1576600.000000
2017-04-06	0.008447	0.035821	0.045103	0.035821	0.455055	1459800.000000
2017-04-05	-0.004829	0.038762	0.046521	0.027494	-0.261413	1898600.000000
2017-04-04	0.009570	0.032851	0.042736	0.026883	0.513141	1627000.000000
2017-04-03	-0.008060	0.030076	0.031741	0.014906	-0.435688	1646100.000000
2017-03-31	-0.006053	0.026047	0.029173	0.023105	-0.329185	2025500.000000
2017-03-30	-0.002309	0.034135	0.035419	0.030283	-0.125866	1663100.000000
2017-03-29	0.004998	0.022526	0.038935	0.022157	0.271095	1544900.000000
2017-03-28	0.010826	0.037510	0.048692	0.036019	0.580917	1144900.000000
2017-03-27	0.002351	0.030983	0.038268	0.029488	0.125862	1170300.000000
2017-03-24	-0.007183	0.025803	0.028214	0.023207	-0.387275	1500500.000000
2017-03-23	-0.002865	0.026193	0.034885	0.024529	-0.154911	1362000.000000
2017-03-22	-0.001966	0.022884	0.033774	0.019377	-0.106499	1675000.000000
2017-03-21	0.005029	0.041755	0.043239	0.032294	0.271091	1150400.000000
2017-03-20	-0.005714	0.029162	0.030638	0.022707	-0.309822	889900.000000
2017-03-17	0.006832	0.042693	0.043436	0.037679	0.367913	1424500.000000
2017-03-16	0.006697	0.041824	0.042759	0.035094	0.358234	1762800.000000
2017-03-15	0.023907	0.041273	0.057926	0.038402	1.248970	2087100.000000
2017-03-14	-0.022464	0.019940	0.019940	0.005533	-1.200561	2273500.000000
2017-03-13	0.008035	0.037378	0.042282	0.036623	0.426006	1281200.000000
2017-03-10	0.006433	0.043861	0.044051	0.033041	0.338867	1996400.000000
2017-03-09	0.001104	0.020118	0.035131	0.015938	0.058090	2405900.000000
2017-03-08	-0.026160	0.022487	0.023227	0.004906	-1.413566	1981200.000000
2017-03-07	-0.002145	0.031743	0.034328	0.026572	-0.116181	1181200.000000
2017-03-06	0.005754	0.031736	0.039909	0.028393	0.309822	1263600.000000
2017-03-03	0.002343	0.031362	0.038250	0.031362	0.125866	1144600.000000
2017-03-02	-0.001979	0.033780	0.036195	0.030621	-0.106498	1119100.000000
2017-03-01	0.010727	0.040550	0.047874	0.039424	0.571235	1537900.000000
2017-02-28	-0.003804	0.028174	0.032664	0.026490	-0.203323	1393900.000000
2017-02-27	0.004732	0.033039	0.039430	0.032663	0.251732	1447500.000000
2017-02-24	-0.012401	0.019300	0.023755	0.015959	-0.668053	1733300.000000
2017-02-23	0.007971	0.041084	0.044639	0.036219	0.426003	1525000.000000
2017-02-22	-0.007908	0.021713	0.026539	0.020414	-0.426003	2330900.000000
2017-02-21	0.005785	0.030611	0.041813	0.029864	0.309822	2566000.000000
2017-02-17	-0.017930	0.015065	0.020749	0.009931	-0.977878	4988100.000000
2017-02-16	-0.012447	0.028686	0.032489	0.019089	-0.687420	2445500.000000
2017-02-15	0.000351	0.023794	0.033213	0.022526	0.019367	3557800.000000
2017-02-14	0.000691	0.050966	0.052597	0.042084	0.038101	2618500.000000
2017-02-13	0.006429	0.053891	0.056810	0.051155	0.352417	1628700.000000
2017-02-10	0.010181	0.055775	0.063146	0.055222	0.552445	1658200.000000
2017-02-09	0.012080	0.049878	0.066104	0.049878	0.647693	1720300.000000
2017-02-08	-0.010547	0.032900	0.039543	0.025333	-0.571491	4231200.000000
2017-02-07	-0.014038	0.043328	0.044783	0.030409	-0.771519	3169800.000000
2017-02-06	-0.007397	0.042473	0.044460	0.039403	-0.409572	4180000.000000
2017-02-03	0.007976	0.053701	0.061347	0.052063	0.438148	2213700.000000
2017-02-02	0.005580	0.063974	0.066171	0.048963	0.304798	1789600.000000
2017-02-01	-0.002088	0.051887	0.052801	0.037455	-0.114303	2064700.000000
2017-01-31	0.010373	0.065198	0.065936	0.054123	0.561969	1550600.000000
2017-01-30	-0.019648	0.036668	0.037754	0.026535	-1.085842	2039000.000000
2017-01-27	-0.007017	0.046464	0.047722	0.040355	-0.390518	1846500.000000
2017-01-26	-0.008316	0.042394	0.045958	0.037227	-0.466717	1331000.000000
2017-01-25	0.006835	0.056695	0.058669	0.054363	0.380993	1191100.000000
2017-01-24	0.009140	0.052050	0.061284	0.051688	0.504822	1402400.000000
2017-01-23	0.000518	0.049878	0.052776	0.045531	0.028576	2153300.000000
2017-01-20	0.005726	0.057165	0.059715	0.053157	0.314320	1868400.000000
2017-01-19	-0.011662	0.040515	0.042316	0.031333	-0.647698	2564000.000000
2017-01-18	-0.010185	0.042749	0.046848	0.037759	-0.571491	1388100.000000
2017-01-17	0.004091	0.051131	0.055425	0.050236	0.228599	1727400.000000
2017-01-13	-0.003059	0.047559	0.048808	0.043099	-0.171447	947000.000000
2017-01-12	0.004266	0.060269	0.060628	0.053103	0.238121	1276800.000000
2017-01-11	0.017714	0.054619	0.070846	0.051884	0.971538	1652100.000000
2017-01-10	-0.004323	0.048607	0.051330	0.042798	-0.238125	2024100.000000
2017-01-09	-0.018333	0.037759	0.037937	0.029205	-1.028686	2058500.000000
2017-01-06	-0.008082	0.038034	0.043868	0.037150	-0.457195	1064500.000000
2017-01-05	0.004227	0.049700	0.057334	0.049700	0.238124	1686000.000000
2017-01-04	0.005782	0.055056	0.059341	0.052913	0.323841	1410700.000000
2017-01-03	0.014318	0.064367	0.070343	0.059114	0.790574	1787700.000000
2016-12-30	-0.003096	0.054753	0.056017	0.045364	-0.171452	906700.000000
2016-12-29	0.008498	0.060256	0.063716	0.056615	0.466721	1015200.000000
2016-12-28	-0.004489	0.050966	0.055860	0.044803	-0.247643	2951900.000000
2016-12-27	0.003465	0.050969	0.056062	0.050969	0.190495	665000.000000
2016-12-23	-0.001730	0.046428	0.050786	0.045883	-0.095250	1500000.000000
2016-12-22	-0.003275	0.048249	0.050964	0.044991	-0.180969	4788800.000000
2016-12-21	0.000172	0.051688	0.053136	0.048068	0.009518	912700.000000
2016-12-20	0.002246	0.056228	0.058767	0.050785	0.123825	1730200.000000
2016-12-19	-0.000345	0.051873	0.054775	0.048427	-0.019047	1303100.000000
2016-12-16	0.010473	0.049878	0.062889	0.049145	0.571495	1550100.000000
2016-12-15	0.008272	0.048769	0.060410	0.042302	0.447666	1854900.000000
2016-12-14	-0.016444	0.049151	0.055148	0.031523	-0.904861	1946800.000000
2016-12-13	0.018153	0.062460	0.072267	0.055059	0.981064	2316800.000000
2016-12-12	0.010868	0.078496	0.080740	0.058856	0.581020	2461700.000000
2016-12-09	-0.003727	0.040933	0.045965	0.037952	-0.200020	2808700.000000
2016-12-08	0.000711	0.050065	0.053048	0.037757	0.038102	2691400.000000
2016-12-07	0.010409	0.056473	0.061560	0.053081	0.552440	2052000.000000
2016-12-06	0.003783	0.051013	0.055930	0.046474	0.200024	1308700.000000
2016-12-05	0.002710	0.058222	0.059550	0.052343	0.142872	1187700.000000
2016-12-02	0.003626	0.045500	0.056920	0.042455	0.190502	2264100.000000
2016-12-01	0.018276	0.071003	0.080694	0.064801	0.942966	3009400.000000
2016-11-30	0.045955	0.087584	0.106031	0.086570	2.266930	4513800.000000
2016-11-29	-0.004038	0.034735	0.049474	0.031707	-0.200024	1863700.000000
2016-11-28	-0.026217	0.032380	0.033756	0.021567	-1.333492	2841900.000000
2016-11-25	0.002252	0.049878	0.053228	0.048301	0.114300	1048300.000000
2016-11-23	-0.007821	0.033260	0.043817	0.031500	-0.400048	2052100.000000
2016-11-22	0.006938	0.052831	0.059131	0.045941	0.352425	2146200.000000
2016-11-21	0.024789	0.069649	0.077315	0.069649	1.228714	1966300.000000
2016-11-18	-0.004781	0.041445	0.048472	0.034217	-0.238125	2363900.000000
2016-11-17	0.002685	0.054911	0.061756	0.050482	0.133351	1512900.000000
2016-11-16	-0.011374	0.036543	0.045499	0.033757	-0.571495	1455700.000000
2016-11-15	0.021495	0.054961	0.074681	0.054961	1.057270	2351400.000000
2016-11-14	-0.012242	0.027989	0.037829	0.022968	-0.609597	2167400.000000
2016-11-11	-0.038794	0.015712	0.020924	0.000077	-2.009761	2563200.000000
2016-11-10	0.008156	0.064668	0.067003	0.052019	0.419097	2056800.000000
2016-11-09	0.010300	0.041227	0.067966	0.040244	0.523869	2598400.000000
2016-11-08	0.003194	0.044947	0.059937	0.044158	0.161926	1565300.000000
2016-11-07	0.022848	0.080926	0.093030	0.080724	1.132519	1687600.000000
2016-11-04	-0.010833	0.053850	0.063828	0.052054	-0.542862	1619000.000000
2016-11-03	-0.003907	0.066629	0.071400	0.056491	-0.196552	1851900.000000
2016-11-02	-0.020947	0.053238	0.055768	0.038448	-1.076363	1986500.000000
2016-11-01	0.049513	0.115191	0.125199	0.111310	2.424149	4741000.000000
2016-10-31	-0.008905	0.062952	0.065382	0.055665	-0.439900	1982000.000000
2016-10-28	-0.011425	0.058812	0.067017	0.054410	-0.570942	1926500.000000
2016-10-27	0.005651	0.071638	0.082304	0.069827	0.280793	2017700.000000
2016-10-26	-0.013380	0.046974	0.056703	0.043599	-0.673897	2400400.000000
2016-10-25	0.000744	0.069610	0.074180	0.063649	0.037445	1690400.000000
2016-10-24	-0.004812	0.071582	0.072571	0.053587	-0.243355	1606300.000000
2016-10-21	-0.003320	0.057775	0.065067	0.056593	-0.168472	1446900.000000
2016-10-20	0.000923	0.065064	0.071180	0.058554	0.046799	1689700.000000
2016-10-19	0.006130	0.063853	0.079334	0.061868	0.308860	2558600.000000
2016-10-18	0.007675	0.080218	0.080218	0.070018	0.383747	2874100.000000
2016-10-17	-0.012021	0.053400	0.057748	0.046484	-0.608371	5039800.000000
2016-10-14	0.000926	0.082065	0.085625	0.068022	0.046798	1965200.000000
2016-10-13	-0.006985	0.050742	0.065865	0.048189	-0.355671	1201900.000000
2016-10-12	-0.005303	0.066855	0.067636	0.057478	-0.271427	1468700.000000
2016-10-11	-0.019892	0.064397	0.065546	0.044292	-1.038917	1479600.000000
2016-10-10	0.020670	0.084053	0.093042	0.082294	1.057644	2498400.000000
2016-10-07	0.003487	0.075478	0.076655	0.066849	0.177826	3061700.000000
2016-10-06	-0.007470	0.064525	0.067445	0.058880	-0.383748	3115600.000000
2016-10-05	0.019881	0.084696	0.090850	0.075366	1.001484	2234800.000000
2016-10-04	0.008054	0.091031	0.092432	0.072420	0.402462	2912100.000000
2016-10-03	0.010600	0.079137	0.082170	0.071856	0.524144	1825600.000000
2016-09-30	0.001896	0.073889	0.077333	0.065986	0.093593	2460600.000000
2016-09-29	0.015601	0.090231	0.097433	0.076443	0.758133	3647700.000000
2016-09-28	0.036741	0.074605	0.109166	0.064791	1.722168	2940700.000000
2016-09-27	-0.007334	0.053593	0.061429	0.049570	-0.346306	2754800.000000
2016-09-26	-0.012140	0.060259	0.066744	0.055447	-0.580295	1542100.000000
2016-09-23	-0.013902	0.063879	0.068624	0.049026	-0.673893	1720900.000000
2016-09-22	0.015490	0.095652	0.097119	0.083292	0.739410	2227900.000000
2016-09-21	0.020000	0.079316	0.091496	0.075683	0.935963	2725400.000000
2016-09-20	-0.009116	0.070324	0.071170	0.058678	-0.430542	1801800.000000
2016-09-19	0.007186	0.088891	0.089957	0.076095	0.336948	1645800.000000
2016-09-16	-0.015524	0.050782	0.056661	0.048683	-0.739410	2816600.000000
2016-09-15	0.007922	0.066302	0.080480	0.062281	0.374382	3223700.000000
2016-09-14	-0.011550	0.064025	0.072183	0.053358	-0.552216	3609200.000000
2016-09-13	-0.027973	0.051746	0.054389	0.036091	-1.375866	3012800.000000
2016-09-12	0.002289	0.056599	0.072697	0.053338	0.112313	2578300.000000
2016-09-09	-0.029254	0.054373	0.056351	0.035580	-1.478821	1622900.000000
2016-09-08	0.011802	0.078225	0.084230	0.071020	0.589653	1862600.000000
2016-09-07	0.006980	0.079906	0.080712	0.074464	0.346310	1483000.000000
2016-09-06	0.010292	0.075341	0.080228	0.070454	0.505420	1667300.000000
2016-09-02	0.023605	0.092804	0.104060	0.083633	1.132519	2916200.000000
2016-09-01	-0.008319	0.058496	0.062424	0.053122	-0.402466	2536200.000000
2016-08-31	-0.018606	0.059290	0.059290	0.043873	-0.917244	2164100.000000
2016-08-30	0.000950	0.070245	0.074509	0.065778	0.046795	4768200.000000
2016-08-29	0.002477	0.064958	0.072489	0.064143	0.121674	1079500.000000
2016-08-26	0.001718	0.077389	0.092885	0.065563	0.084236	2512500.000000
2016-08-25	-0.002665	0.066181	0.069028	0.061097	-0.131035	2699200.000000
2016-08-24	-0.006242	0.069024	0.072662	0.058920	-0.308865	3732500.000000
2016-08-23	0.003226	0.068823	0.075514	0.065782	0.159111	2940400.000000
2016-08-22	-0.012184	0.052597	0.058204	0.048792	-0.608371	2201700.000000
2016-08-19	-0.016409	0.055811	0.055811	0.046750	-0.833012	2027900.000000
2016-08-18	0.008366	0.061863	0.077356	0.061863	0.421185	1975000.000000
2016-08-17	0.004107	0.064230	0.074601	0.057050	0.205917	1922300.000000
2016-08-16	0.014199	0.077925	0.085004	0.072666	0.701969	2279100.000000
2016-08-15	0.006670	0.079821	0.084097	0.072287	0.327587	2475400.000000
2016-08-12	-0.003419	0.072274	0.074100	0.063142	-0.168472	3854200.000000
2016-08-11	0.025316	0.073411	0.100876	0.072787	1.216751	4171200.000000
2016-08-10	-0.012690	0.059585	0.062050	0.053011	-0.617741	4000900.000000
2016-08-09	-0.003388	0.082814	0.086090	0.077901	-0.165474	7163600.000000
2016-08-08	0.005678	0.081551	0.094934	0.080933	0.275799	5197500.000000
2016-08-05	0.000568	0.081754	0.089788	0.077839	0.027581	4581300.000000
2016-08-04	0.013630	0.098377	0.105895	0.092113	0.652736	4310600.000000
2016-08-03	0.000384	0.073314	0.088772	0.069554	0.018387	4179100.000000
2016-08-02	0.001731	0.091913	0.096307	0.078102	0.082741	5250600.000000
2016-08-01	-0.041136	0.052413	0.056627	0.038769	-2.050144	11345800.000000
2016-07-29	-0.016866	0.055179	0.070566	0.054193	-0.854989	8105500.000000
2016-07-28	-0.027856	0.087728	0.087728	0.042278	-1.452575	9796800.000000
2016-07-27	-0.000705	0.088494	0.093094	0.072780	-0.036770	7894500.000000
2016-07-26	0.018117	0.087728	0.111141	0.086557	0.928543	15668700.000000
2016-07-25	-0.030603	0.061627	0.065788	0.050657	-1.618057	4507400.000000
2016-07-22	0.010011	0.089065	0.098999	0.086009	0.524032	3678100.000000
2016-07-21	-0.001753	0.080100	0.096118	0.079719	-0.091938	3056100.000000
2016-07-20	0.000351	0.075901	0.090971	0.070368	0.018387	4510700.000000
2016-07-19	-0.006620	0.079390	0.083559	0.075600	-0.349350	2987900.000000
2016-07-18	0.006841	0.084675	0.098031	0.077997	0.358544	4608800.000000
2016-07-15	-0.004192	0.080698	0.083928	0.077468	-0.220642	2845100.000000
2016-07-14	0.001574	0.100287	0.101429	0.088108	0.082737	3219000.000000
2016-07-13	-0.004181	0.090949	0.096255	0.074084	-0.220639	3574000.000000
2016-07-12	0.019357	0.103181	0.112067	0.099511	1.002087	2857700.000000
2016-07-11	0.006434	0.089283	0.099004	0.088505	0.330959	3423200.000000
2016-07-08	0.006114	0.090466	0.099073	0.089488	0.312584	3549100.000000
2016-07-07	-0.007319	0.090640	0.094718	0.073942	-0.376930	4227200.000000
2016-07-06	-0.003912	0.060264	0.084440	0.057943	-0.202263	3531700.000000
2016-07-05	-0.007763	0.079092	0.084082	0.072951	-0.404503	3408300.000000
2016-07-01	0.012143	0.089088	0.103267	0.087339	0.625153	1993200.000000
2016-06-30	0.018182	0.086146	0.107900	0.083377	0.919342	2692200.000000
2016-06-29	0.041272	0.112234	0.138799	0.107703	2.004184	2965700.000000
2016-06-28	0.019101	0.099061	0.109134	0.093604	0.910153	3836800.000000
2016-06-27	-0.007088	0.087311	0.089395	0.070849	-0.340160	3845100.000000
2016-06-24	-0.081956	-0.017295	0.035503	-0.017678	-4.284161	8632900.000000
2016-06-23	0.040439	0.121166	0.132909	0.109821	2.031757	4450100.000000
2016-06-22	-0.006183	0.094651	0.098805	0.077244	-0.312580	2602000.000000
2016-06-21	0.020601	0.093179	0.110338	0.087122	1.020477	2486000.000000
2016-06-20	0.027068	0.126294	0.126294	0.113853	1.305478	2681800.000000
2016-06-17	0.038401	0.108182	0.131220	0.105814	1.783531	2638600.000000
2016-06-16	0.016499	0.079630	0.110489	0.067155	0.753868	3237000.000000
2016-06-15	-0.008578	0.074275	0.087294	0.073841	-0.395321	2566800.000000
2016-06-14	-0.028488	0.071075	0.077610	0.047254	-1.351437	3093400.000000
2016-06-13	-0.012251	0.068572	0.088977	0.067114	-0.588386	3270100.000000
2016-06-10	-0.014897	0.071729	0.076242	0.063524	-0.726280	5980300.000000
2016-06-09	-0.007858	0.065342	0.081012	0.064936	-0.386128	2979900.000000
2016-06-08	0.025518	0.113189	0.122789	0.111728	1.222733	2598000.000000
2016-06-07	0.039282	0.120262	0.131107	0.117009	1.811111	2767800.000000
2016-06-06	0.007028	0.098430	0.105201	0.092970	0.321774	1712100.000000
2016-06-03	0.012607	0.100998	0.105643	0.090603	0.569996	1415900.000000
2016-06-02	0.002446	0.079081	0.091054	0.076864	0.110317	1713700.000000
2016-06-01	0.005740	0.077248	0.097093	0.074349	0.257419	1328300.000000
2016-05-31	-0.023032	0.081846	0.089689	0.057665	-1.057247	2368400.000000
2016-05-27	-0.007948	0.082541	0.083622	0.073032	-0.367740	847700.000000
2016-05-26	-0.010226	0.084947	0.089653	0.074465	-0.478066	1185400.000000
2016-05-25	0.027273	0.098715	0.118931	0.098495	1.241123	1671300.000000
2016-05-24	0.007736	0.092821	0.099686	0.087506	0.349350	1284600.000000
2016-05-23	-0.012266	0.071542	0.082260	0.070230	-0.560798	1460700.000000
2016-05-20	-0.001806	0.084235	0.094278	0.080523	-0.082741	1338100.000000
2016-05-19	-0.007174	0.071904	0.084260	0.064968	-0.330967	1632400.000000
2016-05-18	-0.003574	0.090320	0.098096	0.079952	-0.165478	1335300.000000
2016-05-17	-0.000195	0.106735	0.118181	0.101769	-0.009025	1483600.000000
2016-05-16	0.023335	0.124384	0.137422	0.123721	1.055927	1615600.000000
2016-05-13	-0.020512	0.084654	0.094395	0.078160	-0.947624	1675100.000000
2016-05-12	0.000586	0.129906	0.134454	0.100667	0.027069	2028200.000000
2016-05-11	0.001174	0.101309	0.116921	0.094154	0.054153	2193800.000000
2016-05-10	0.015905	0.108912	0.125874	0.108251	0.722000	1865400.000000
2016-05-09	-0.019875	0.099395	0.099611	0.081474	-0.920555	1901000.000000
2016-05-06	0.002540	0.091797	0.120802	0.091364	0.117333	1533200.000000
2016-05-05	0.007677	0.112830	0.129188	0.106504	0.351974	2268500.000000
2016-05-04	-0.024578	0.108031	0.108031	0.073139	-1.155212	2705600.000000
2016-05-03	-0.026724	0.078627	0.083183	0.072001	-1.290570	3390700.000000
2016-05-02	0.002999	0.112808	0.112808	0.098270	0.144402	1131400.000000
2016-04-29	-0.001871	0.111140	0.114457	0.097459	-0.090256	1558600.000000
2016-04-28	-0.008717	0.100222	0.112757	0.094879	-0.424175	1418200.000000
2016-04-27	0.023733	0.114973	0.138325	0.114973	1.128132	2268100.000000
2016-04-26	0.013079	0.113572	0.124654	0.110588	0.613689	1833200.000000
2016-04-25	-0.025492	0.087054	0.091000	0.071893	-1.227390	3335800.000000
2016-04-22	0.002443	0.097413	0.111987	0.096996	0.117321	1743700.000000
2016-04-21	0.003394	0.116805	0.120983	0.107195	0.162453	2025200.000000
2016-04-20	0.003026	0.099859	0.119975	0.097554	0.144397	1505800.000000
2016-04-19	0.014582	0.103992	0.126739	0.102929	0.685902	2660100.000000
2016-04-18	-0.000958	0.078722	0.111642	0.077872	-0.045120	2697200.000000
2016-04-15	0.001536	0.110371	0.111860	0.101650	0.072193	2684800.000000
2016-04-14	0.007933	0.109317	0.121324	0.107602	0.370026	1714200.000000
2016-04-13	0.009769	0.118423	0.123186	0.111928	0.451252	1596200.000000
2016-04-12	0.022986	0.106259	0.137708	0.104930	1.037880	1863500.000000
2016-04-11	0.006640	0.112267	0.122745	0.112267	0.297824	1202900.000000
2016-04-08	0.039532	0.144649	0.155773	0.141404	1.705731	2057300.000000
2016-04-07	-0.004995	0.096501	0.107800	0.094426	-0.216602	1474200.000000
2016-04-06	0.015642	0.107094	0.126533	0.102644	0.667854	2287000.000000
2016-04-05	-0.025541	0.078590	0.088632	0.074938	-1.119103	1976600.000000
2016-04-04	0.001444	0.112374	0.119687	0.107574	0.063176	2983800.000000
2016-04-01	-0.014434	0.072215	0.094065	0.071765	-0.640778	2386500.000000
2016-03-31	-0.010461	0.100898	0.107585	0.095549	-0.469299	1274800.000000
2016-03-30	0.018647	0.135505	0.146403	0.124833	0.821273	2040100.000000
2016-03-29	0.001642	0.089609	0.110987	0.083696	0.072197	1715200.000000
2016-03-28	0.000000	0.114399	0.114399	0.101208	0.000000	910100.000000
2016-03-24	0.009741	0.088741	0.119513	0.085985	0.424176	1887300.000000
2016-03-23	-0.013292	0.103499	0.104406	0.092170	-0.586624	2814500.000000
2016-03-22	-0.014113	0.083234	0.098649	0.081671	-0.631749	3025100.000000
2016-03-21	-0.009783	0.092546	0.100510	0.082149	-0.442234	2689700.000000
2016-03-18	-0.011642	0.101035	0.106063	0.088791	-0.532474	3903500.000000
2016-03-17	0.026534	0.124415	0.139676	0.116335	1.182281	2434400.000000
2016-03-16	0.025763	0.108952	0.137729	0.108261	1.119099	2128200.000000
2016-03-15	-0.007219	0.086090	0.100717	0.083347	-0.315868	3563300.000000
2016-03-14	-0.006557	0.090775	0.106215	0.085098	-0.288804	1857200.000000
2016-03-11	0.022632	0.125446	0.136591	0.121963	0.974698	3069800.000000
2016-03-10	-0.014253	0.089491	0.097273	0.081709	-0.622723	4558700.000000
2016-03-09	0.018086	0.110827	0.132732	0.105235	0.776150	3087500.000000
2016-03-08	-0.020597	0.095707	0.097076	0.072428	-0.902497	4076500.000000
2016-03-07	0.006426	0.074955	0.121123	0.074496	0.279774	2834200.000000
2016-03-04	0.007729	0.100393	0.126086	0.099930	0.333927	2749500.000000
2016-03-03	0.011837	0.104284	0.123723	0.100302	0.505402	2728200.000000
2016-03-02	0.016545	0.099698	0.126363	0.094460	0.694919	3145800.000000
2016-03-01	0.018158	0.117000	0.128635	0.105849	0.749077	2531600.000000
2016-02-29	-0.000219	0.115544	0.118694	0.105123	-0.009025	3401600.000000
2016-02-26	0.009272	0.121239	0.124175	0.112189	0.379055	3742600.000000
2016-02-25	0.020960	0.129008	0.134252	0.104535	0.839325	4225900.000000
2016-02-24	0.000451	0.073553	0.111029	0.070306	0.018051	3410000.000000
2016-02-23	-0.042324	0.084583	0.092957	0.058982	-1.768913	3072400.000000
2016-02-22	0.022296	0.116837	0.134448	0.116837	0.911537	4895300.000000
2016-02-19	-0.009186	0.091066	0.098822	0.078949	-0.379055	3240700.000000
2016-02-18	-0.010604	0.113306	0.114745	0.093404	-0.442223	1852900.000000
2016-02-17	0.040063	0.117757	0.157909	0.116011	1.606453	2919100.000000
2016-02-16	0.024848	0.155754	0.163422	0.137608	0.972187	3219200.000000
2016-02-12	0.038714	0.149526	0.181649	0.146606	1.458275	3920200.000000
2016-02-11	0.006851	0.120247	0.144571	0.112762	0.256294	3202800.000000
2016-02-10	-0.006804	0.123244	0.145278	0.116076	-0.256294	2856800.000000
2016-02-09	-0.042677	0.090810	0.097418	0.074290	-1.679226	3988600.000000
2016-02-08	-0.004472	0.115028	0.130714	0.100606	-0.176762	3075000.000000
2016-02-05	0.002466	0.140858	0.147453	0.124879	0.097218	3065000.000000
2016-02-04	0.035515	0.177699	0.188993	0.166143	1.352219	3804200.000000
2016-02-03	0.037322	0.158718	0.175338	0.125480	1.369895	4162300.000000
2016-02-02	-0.046602	0.075627	0.084978	0.068354	-1.794124	4318800.000000
2016-02-01	-0.012917	0.104295	0.123781	0.093783	-0.503773	4055500.000000
2016-01-29	0.014716	0.116644	0.148645	0.114042	0.565640	3808300.000000
2016-01-28	0.035476	0.184814	0.186431	0.156258	1.316867	4692100.000000
2016-01-27	0.019913	0.116911	0.166918	0.111965	0.724717	6759900.000000
2016-01-26	0.041214	0.161512	0.183827	0.145492	1.440601	2615200.000000
2016-01-25	-0.020555	0.111859	0.134556	0.105694	-0.733559	3529000.000000
2016-01-22	0.058176	0.199374	0.206787	0.179508	1.962048	3353000.000000
2016-01-21	0.032468	0.122902	0.174332	0.118922	1.060566	4008700.000000
2016-01-20	-0.039251	0.089120	0.099415	0.057650	-1.334545	5760700.000000
2016-01-19	-0.012831	0.146862	0.150055	0.105342	-0.441906	4017000.000000
2016-01-15	-0.051132	0.076374	0.089873	0.065078	-1.855988	3965400.000000
2016-01-14	0.069531	0.165359	0.217807	0.153278	2.359753	3828400.000000
2016-01-13	-0.028340	0.148079	0.153232	0.097689	-0.989857	3258000.000000
2016-01-12	-0.007285	0.140568	0.142842	0.103620	-0.256306	2600400.000000
2016-01-11	0.003276	0.146586	0.147157	0.123204	0.114899	5886200.000000
2016-01-08	-0.056137	0.118555	0.118824	0.065803	-2.085777	11210000.000000
2016-01-07	-0.048438	0.085118	0.110729	0.075386	-1.891338	5699300.000000
2016-01-06	-0.038520	0.087396	0.098970	0.083457	-1.564335	2052700.000000
2016-01-05	-0.009057	0.117077	0.122689	0.102192	-0.371189	2445600.000000
2016-01-04	0.007168	0.123609	0.140567	0.113042	0.291652	3602600.000000
2015-12-31	-0.005830	0.122433	0.133184	0.120723	-0.238628	1179100.000000
2015-12-30	-0.013421	0.124965	0.129786	0.114841	-0.556797	1383000.000000
2015-12-29	0.020213	0.151393	0.158771	0.145983	0.821941	1857500.000000
2015-12-28	-0.011813	0.119809	0.125398	0.111789	-0.486095	1701600.000000
2015-12-24	-0.017099	0.125502	0.131473	0.112126	-0.715878	685300.000000
2015-12-23	0.059258	0.184606	0.198522	0.178028	2.342079	2690400.000000
2015-12-22	0.023575	0.144940	0.159184	0.141056	0.910321	3071700.000000
2015-12-21	-0.003876	0.135859	0.147468	0.122960	-0.150257	2214700.000000
2015-12-18	0.003432	0.150370	0.151147	0.131474	0.132579	2209100.000000
2015-12-17	-0.027370	0.117626	0.119388	0.098239	-1.087082	2703400.000000
2015-12-16	0.002901	0.129453	0.142079	0.119101	0.114895	1949700.000000
2015-12-15	0.009689	0.141672	0.153909	0.138867	0.380036	2285600.000000
2015-12-14	-0.008268	0.122877	0.127934	0.100121	-0.327008	2661200.000000
2015-12-11	-0.036598	0.104192	0.106627	0.089576	-1.502464	2939700.000000
2015-12-10	-0.013591	0.118979	0.138682	0.115855	-0.565636	2181800.000000
2015-12-09	0.025479	0.155621	0.182479	0.149214	1.034050	2409300.000000
2015-12-08	-0.010771	0.110755	0.134155	0.101980	-0.441902	2744500.000000
2015-12-07	-0.048185	0.089481	0.091801	0.071617	-2.076938	2443500.000000
2015-12-04	-0.010349	0.128718	0.129407	0.105069	-0.450741	2400300.000000
2015-12-03	-0.012623	0.146889	0.148023	0.114924	-0.556793	2158400.000000
2015-12-02	-0.010311	0.137531	0.148750	0.117338	-0.459580	1561200.000000
2015-12-01	0.009812	0.137817	0.143708	0.134419	0.433064	1075200.000000
2015-11-30	-0.010305	0.137528	0.138425	0.119589	-0.459580	1912900.000000
2015-11-27	0.002185	0.136642	0.139563	0.132372	0.097222	737000.000000
2015-11-25	-0.004941	0.131473	0.136840	0.121187	-0.220952	1033200.000000
2015-11-24	0.020985	0.135583	0.158185	0.134441	0.919152	1255100.000000
2015-11-23	-0.008006	0.131020	0.136229	0.118111	-0.353520	1322300.000000
2015-11-20	-0.030468	0.122471	0.127082	0.095902	-1.387569	1565400.000000
2015-11-19	0.008020	0.137449	0.148516	0.134793	0.362358	1504000.000000
2015-11-18	0.026918	0.148521	0.162613	0.147611	1.184299	2888300.000000
2015-11-17	0.002618	0.140589	0.143096	0.129650	0.114892	2910200.000000
2015-11-16	0.024134	0.131707	0.158780	0.128206	1.034053	1334100.000000
2015-11-13	-0.004518	0.125433	0.132170	0.114745	-0.194439	1531500.000000
2015-11-12	-0.020515	0.118047	0.128515	0.105758	-0.901481	1235000.000000
2015-11-11	-0.015640	0.136402	0.137970	0.112881	-0.698200	1159100.000000
2015-11-10	-0.011159	0.115746	0.127265	0.114860	-0.503777	1354900.000000
2015-11-09	-0.003066	0.155166	0.162674	0.142800	-0.138847	1504900.000000
2015-11-06	-0.009867	0.134585	0.142456	0.128681	-0.451275	1146600.000000
2015-11-05	-0.034268	0.117665	0.125056	0.110486	-1.622845	1925700.000000
2015-11-04	-0.004923	0.154397	0.157759	0.138217	-0.234310	1384700.000000
2015-11-03	0.018952	0.150797	0.182484	0.149298	0.885185	1914900.000000
2015-11-02	0.021446	0.152733	0.178101	0.148578	0.980652	1577000.000000
2015-10-30	0.000380	0.147482	0.162359	0.142232	0.017357	2418400.000000
2015-10-29	-0.012746	0.130913	0.144952	0.128753	-0.590126	1710200.000000
2015-10-28	0.010225	0.159278	0.182407	0.151859	0.468628	1114900.000000
2015-10-27	-0.016757	0.127838	0.138350	0.123547	-0.781048	1260100.000000
2015-10-26	-0.021141	0.149145	0.150405	0.127515	-1.006687	1144600.000000
2015-10-23	-0.019653	0.137472	0.138707	0.122855	-0.954621	2029000.000000
2015-10-22	-0.004092	0.140813	0.150040	0.139993	-0.199600	1853300.000000
2015-10-21	0.007710	0.163246	0.170271	0.151676	0.373173	1325100.000000
2015-10-20	0.001616	0.140292	0.156848	0.136774	0.078102	1391800.000000
2015-10-19	-0.026914	0.134775	0.136386	0.116651	-1.336460	825500.000000
2015-10-16	0.008104	0.156559	0.162852	0.143363	0.399200	1322500.000000
2015-10-15	0.019030	0.151882	0.175052	0.146710	0.919899	1788700.000000
2015-10-14	0.019773	0.169806	0.178877	0.163898	0.937264	1069300.000000
2015-10-13	-0.019037	0.117114	0.141741	0.117114	-0.919903	1255700.000000
2015-10-12	-0.003757	0.157656	0.157656	0.143018	-0.182247	1010300.000000
2015-10-09	-0.014286	0.147011	0.154734	0.132786	-0.702946	1740200.000000
2015-10-08	0.015401	0.148581	0.170248	0.147756	0.746342	1608900.000000
2015-10-07	0.034266	0.192633	0.199676	0.181108	1.605488	2695100.000000
2015-10-06	0.037870	0.172674	0.197926	0.170238	1.709625	2143500.000000
2015-10-05	0.037082	0.176876	0.199159	0.175268	1.614178	1986700.000000
2015-10-02	0.035508	0.165141	0.193211	0.160621	1.492672	1713300.000000
2015-10-01	0.020219	0.198892	0.202775	0.168556	0.833118	1698300.000000
2015-09-30	0.016050	0.159939	0.172515	0.158213	0.650871	3271900.000000
2015-09-29	0.017640	0.178393	0.181655	0.168104	0.702950	3634600.000000
2015-09-28	-0.031632	0.137230	0.137230	0.115846	-1.301746	1675200.000000
2015-09-25	0.001055	0.158863	0.161782	0.147917	0.043388	1738500.000000
2015-09-24	-0.004832	0.151327	0.154958	0.136802	-0.199604	2026300.000000
2015-09-23	-0.006263	0.174427	0.174908	0.144357	-0.260349	1847700.000000
2015-09-22	-0.037379	0.115244	0.120802	0.102739	-1.614163	5264900.000000
2015-09-21	0.000603	0.149747	0.156235	0.145576	0.026032	1818600.000000
2015-09-18	-0.035493	0.123466	0.128606	0.107822	-1.588139	2064300.000000
2015-09-17	-0.006934	0.142974	0.160951	0.138757	-0.312416	1789200.000000
2015-09-16	0.033028	0.169720	0.193793	0.167886	1.440605	2030200.000000
2015-09-15	0.008225	0.155532	0.170556	0.155532	0.355805	1271000.000000
2015-09-14	-0.008157	0.142896	0.149774	0.133037	-0.355805	1277400.000000
2015-09-11	-0.007112	0.143873	0.145239	0.135223	-0.312424	1537900.000000
2015-09-10	0.010178	0.156205	0.170692	0.142637	0.442597	2069400.000000
2015-09-09	-0.010857	0.170265	0.174359	0.137283	-0.477310	2030900.000000
2015-09-08	0.025714	0.177492	0.182392	0.166994	1.102150	2255100.000000
2015-09-04	-0.027565	0.120987	0.126659	0.113954	-1.214970	2026700.000000
2015-09-03	-0.007426	0.147116	0.163105	0.140135	-0.329777	2922600.000000
2015-09-02	0.015278	0.172644	0.174244	0.141093	0.668236	2984900.000000
2015-09-01	-0.047799	0.110932	0.119422	0.090686	-2.195618	3540900.000000
2015-08-31	0.005891	0.138062	0.159960	0.126674	0.269028	1992400.000000
2015-08-28	0.012702	0.147417	0.175359	0.145642	0.572769	2619400.000000
2015-08-27	0.045052	0.152295	0.206527	0.152295	1.943943	4520600.000000
2015-08-26	-0.002808	0.175637	0.176330	0.130571	-0.121502	4061400.000000
2015-08-25	0.000000	0.200827	0.200827	0.152295	0.000000	1852500.000000
2015-08-24	-0.050828	0.094604	0.111714	0.076178	-2.317104	4039100.000000
2015-08-21	-0.034375	0.145941	0.147635	0.112685	-1.622860	2290500.000000
2015-08-20	-0.007299	0.155660	0.164491	0.143254	-0.347122	1502000.000000
2015-08-19	-0.023521	0.152295	0.152295	0.118827	-1.145538	1369300.000000
2015-08-18	-0.007428	0.140475	0.148016	0.140271	-0.364495	783100.000000
2015-08-17	-0.006501	0.147639	0.150878	0.140349	-0.321094	724100.000000
2015-08-14	-0.004200	0.144432	0.152295	0.142416	-0.208287	1239000.000000
2015-08-13	-0.026737	0.139540	0.139540	0.118739	-1.362495	1146300.000000
2015-08-12	0.004619	0.146381	0.159787	0.138298	0.234314	1896600.000000
2015-08-11	0.003210	0.167860	0.177156	0.158960	0.162281	2661500.000000
2015-08-10	0.006974	0.160072	0.178992	0.159276	0.350182	1880000.000000
2015-08-07	-0.001189	0.174009	0.181568	0.168838	-0.059788	1390900.000000
2015-08-06	0.013081	0.175462	0.188157	0.167401	0.649116	1100100.000000
2015-08-05	0.011314	0.194060	0.200581	0.183258	0.555157	1058200.000000
2015-08-04	-0.001390	0.174490	0.179171	0.164314	-0.068321	924600.000000
2015-08-03	-0.010662	0.168411	0.169820	0.155323	-0.529545	1013500.000000
2015-07-31	0.000172	0.189757	0.189757	0.165994	0.008545	1046000.000000
2015-07-30	0.041749	0.223903	0.228728	0.212784	1.990047	1353200.000000
2015-07-29	0.011051	0.165100	0.186735	0.164251	0.520996	990800.000000
2015-07-28	0.008588	0.176817	0.186443	0.169115	0.401425	1765900.000000
2015-07-27	-0.003641	0.172319	0.174450	0.162088	-0.170815	1889600.000000
2015-07-24	-0.018757	0.155140	0.157023	0.146774	-0.896804	1231400.000000
2015-07-23	-0.007623	0.165430	0.169166	0.155052	-0.367264	928600.000000
2015-07-22	-0.016219	0.154900	0.159800	0.147345	-0.794312	975000.000000
2015-07-21	0.004731	0.177187	0.186829	0.174520	0.230610	658800.000000
2015-07-20	-0.007651	0.166551	0.170827	0.160037	-0.375805	784800.000000
2015-07-17	-0.003638	0.173667	0.174072	0.161496	-0.179355	759000.000000
2015-07-16	0.000693	0.173466	0.179149	0.171233	0.034160	694200.000000
2015-07-15	-0.011144	0.161593	0.164002	0.153564	-0.555168	494300.000000
2015-07-14	0.017620	0.173686	0.192070	0.171235	0.862640	777700.000000
2015-07-13	-0.006413	0.163115	0.166768	0.157229	-0.316009	979900.000000
2015-07-10	0.026330	0.199780	0.203321	0.189365	1.264053	893700.000000
2015-07-09	0.011335	0.190629	0.192314	0.177147	0.538090	1061400.000000
2015-07-08	-0.007500	0.172709	0.173963	0.158910	-0.358719	1191300.000000
2015-07-07	-0.006916	0.151517	0.165844	0.132623	-0.333103	1689000.000000
2015-07-06	-0.015881	0.153254	0.157545	0.147737	-0.777226	1015600.000000
2015-07-02	0.009514	0.184235	0.190423	0.181140	0.461205	826400.000000
2015-07-01	-0.010288	0.174297	0.174706	0.156740	-0.503914	955700.000000
2015-06-30	-0.012229	0.164172	0.166794	0.146426	-0.606411	3703100.000000
2015-06-29	-0.031203	0.139178	0.148164	0.133707	-1.597153	1863200.000000
2015-06-26	-0.001000	0.162630	0.170241	0.160092	-0.051254	715400.000000
2015-06-25	-0.004480	0.178404	0.178404	0.163638	-0.230598	873700.000000
2015-06-24	0.007187	0.181981	0.188635	0.176110	0.367256	1117800.000000
2015-06-23	-0.003498	0.160296	0.169852	0.160101	-0.179360	865300.000000
2015-06-22	0.009245	0.185784	0.188736	0.181061	0.469750	781500.000000
2015-06-19	-0.000336	0.177910	0.182041	0.169056	-0.017079	593900.000000
2015-06-18	0.003711	0.176356	0.184650	0.169642	0.187901	700900.000000
2015-06-17	0.001859	0.171222	0.177553	0.161330	0.093952	800700.000000
2015-06-16	0.008005	0.165243	0.180200	0.164246	0.401428	661500.000000
2015-06-15	-0.002379	0.158691	0.174408	0.158094	-0.119571	719800.000000
2015-06-12	-0.017037	0.151857	0.155769	0.142666	-0.871182	1405100.000000
2015-06-11	0.002008	0.174746	0.176117	0.166712	0.102486	623000.000000
2015-06-10	0.022766	0.194075	0.204697	0.190868	1.135956	1129100.000000
2015-06-09	0.001371	0.171429	0.177249	0.161796	0.068325	1765100.000000
2015-06-08	-0.009676	0.167448	0.174007	0.159299	-0.486832	2003300.000000
2015-06-05	0.001530	0.157291	0.177794	0.156495	0.076866	3677500.000000
2015-06-04	-0.017210	0.161241	0.164567	0.150482	-0.879719	2287500.000000
2015-06-03	-0.003496	0.174141	0.178625	0.166343	-0.179355	3684800.000000
2015-06-02	0.009751	0.180275	0.190708	0.178504	0.495376	1142900.000000
2015-06-01	-0.019938	0.156165	0.157322	0.137838	-1.033466	2487700.000000
2015-05-29	-0.008009	0.165660	0.170253	0.154560	-0.418507	1320000.000000
2015-05-28	0.003444	0.170251	0.175244	0.160265	0.179360	727900.000000
2015-05-27	0.006936	0.169667	0.181655	0.168893	0.358723	996300.000000
2015-05-26	-0.026997	0.146556	0.148814	0.131693	-1.434887	1898700.000000
2015-05-22	-0.017835	0.153087	0.154750	0.146250	-0.965126	2367500.000000
2015-05-21	0.014409	0.184698	0.193883	0.183011	0.768684	738700.000000
2015-05-20	0.006608	0.179129	0.182148	0.175544	0.350185	636400.000000
2015-05-19	-0.016952	0.161738	0.162109	0.150052	-0.913887	895300.000000
2015-05-18	-0.017588	0.150964	0.154608	0.147319	-0.965133	733300.000000
2015-05-15	-0.004648	0.160307	0.168469	0.153958	-0.256230	531500.000000
2015-05-14	0.000465	0.181533	0.183348	0.169375	0.025631	1009000.000000
2015-05-13	0.010493	0.181279	0.188064	0.177428	0.572239	749900.000000
2015-05-12	-0.003077	0.178375	0.188795	0.177095	-0.168339	973900.000000
2015-05-11	0.000924	0.193004	0.195932	0.186417	0.050499	1471100.000000
2015-05-08	0.030471	0.223511	0.225962	0.207484	1.616074	1596900.000000
2015-05-07	-0.021128	0.171822	0.173667	0.156687	-1.144714	2988200.000000
2015-05-06	-0.000621	0.197471	0.202082	0.184559	-0.033673	1039200.000000
2015-05-05	-0.004636	0.195775	0.204771	0.182005	-0.252498	1329500.000000
2015-05-04	0.003722	0.195988	0.200411	0.190828	0.201999	714700.000000
2015-05-01	-0.001858	0.184937	0.185857	0.169486	-0.101001	964800.000000
2015-04-30	0.006702	0.194730	0.200655	0.189545	0.361930	1676400.000000
2015-04-29	0.001561	0.185838	0.198264	0.182315	0.084176	965400.000000
2015-04-28	0.002661	0.191597	0.195688	0.185460	0.143089	1043800.000000
2015-04-27	0.003455	0.194408	0.201499	0.190863	0.185169	915600.000000
2015-04-24	-0.001098	0.191419	0.192351	0.181540	-0.058922	893700.000000
2015-04-23	0.004254	0.193492	0.200605	0.191995	0.227265	1144600.000000
2015-04-22	0.000315	0.193306	0.193306	0.183570	0.016830	1987900.000000
2015-04-21	-0.004394	0.187877	0.191419	0.178929	-0.235680	1952500.000000
2015-04-20	-0.001097	0.195512	0.197933	0.186015	-0.058910	1369200.000000
2015-04-17	-0.014215	0.169340	0.173011	0.164200	-0.774372	1520300.000000
2015-04-16	0.015694	0.199810	0.213794	0.190860	0.841701	2302200.000000
2015-04-15	0.027742	0.213166	0.223322	0.203202	1.447739	2107000.000000
2015-04-14	0.021585	0.216057	0.218015	0.209402	1.102642	1704900.000000
2015-04-13	0.004801	0.196718	0.201832	0.191998	0.244080	1763200.000000
2015-04-10	0.003489	0.185300	0.195564	0.184906	0.176765	2802400.000000
2015-04-09	-0.020504	0.150749	0.170277	0.150749	-1.060547	8734100.000000
2015-04-08	-0.061259	0.125448	0.134704	0.094050	-3.375236	9422500.000000
2015-04-07	0.012842	0.205343	0.212880	0.200012	0.698608	876600.000000
2015-04-06	0.017155	0.195543	0.218915	0.194795	0.917458	664700.000000
2015-04-02	0.001576	0.190124	0.192184	0.180573	0.084171	717100.000000
2015-04-01	0.011802	0.203980	0.210423	0.196401	0.622864	963000.000000
2015-03-31	-0.020159	0.161514	0.171168	0.158172	-1.085800	1060800.000000
2015-03-30	0.006290	0.199274	0.205252	0.192735	0.336685	719100.000000
2015-03-27	-0.017460	0.174847	0.175948	0.162180	-0.951130	1162900.000000
2015-03-26	-0.015216	0.183363	0.187883	0.164020	-0.841713	921600.000000
2015-03-25	0.009524	0.204306	0.210511	0.198466	0.521866	982100.000000
2015-03-24	-0.013337	0.192745	0.192745	0.171498	-0.740704	1983800.000000
2015-03-23	0.020257	0.188064	0.220764	0.188064	1.102639	2792200.000000
2015-03-20	0.025369	0.211610	0.226868	0.208220	1.346729	1292000.000000
2015-03-19	-0.008645	0.180968	0.184142	0.169389	-0.462937	1330500.000000
2015-03-18	0.035482	0.198892	0.236019	0.191544	1.834916	1786400.000000
2015-03-17	0.015034	0.198859	0.209851	0.195719	0.765956	1830300.000000
2015-03-16	0.011192	0.195209	0.203941	0.185682	0.563927	2445600.000000
2015-03-13	-0.026191	0.158686	0.159459	0.146703	-1.355137	2867900.000000
2015-03-12	0.005562	0.218577	0.218771	0.191368	0.286183	1095500.000000
2015-03-11	-0.011641	0.182301	0.183838	0.169047	-0.606030	1676600.000000
2015-03-10	-0.041085	0.161540	0.164671	0.137410	-2.230514	2296700.000000
2015-03-09	0.000310	0.192302	0.199119	0.188064	0.016830	848800.000000
2015-03-06	-0.017373	0.174304	0.177200	0.166337	-0.959549	816600.000000
2015-03-05	-0.005305	0.183381	0.184462	0.177258	-0.294594	730000.000000
2015-03-04	-0.005127	0.181076	0.185197	0.169072	-0.286174	821500.000000
2015-03-03	-0.003756	0.181459	0.188242	0.177711	-0.210431	960600.000000
2015-03-02	-0.023331	0.169062	0.171851	0.154767	-1.338314	1171700.000000
2015-02-27	0.006498	0.194556	0.205259	0.192626	0.370354	700000.000000
2015-02-26	-0.017699	0.169794	0.171517	0.161176	-1.026890	1115700.000000
2015-02-25	0.004371	0.184428	0.194988	0.177504	0.252518	776000.000000
2015-02-24	0.012690	0.205069	0.205595	0.192973	0.723873	1140800.000000
2015-02-23	-0.007760	0.181106	0.187542	0.174148	-0.446114	717100.000000
2015-02-20	0.005003	0.182120	0.195756	0.181595	0.286179	880600.000000
2015-02-19	-0.020467	0.164433	0.170597	0.158268	-1.195217	914400.000000
2015-02-18	-0.000576	0.183785	0.192685	0.181047	-0.033669	559300.000000
2015-02-17	0.002310	0.177943	0.195611	0.170738	0.134671	850800.000000
2015-02-13	0.012573	0.192232	0.204738	0.192059	0.723873	736600.000000
2015-02-12	0.009743	0.191045	0.207181	0.189291	0.555527	920900.000000
2015-02-11	-0.006454	0.172206	0.182313	0.167153	-0.370362	897400.000000
2015-02-10	-0.005038	0.196295	0.198722	0.180691	-0.290588	1106700.000000
2015-02-09	0.009445	0.205319	0.223520	0.205319	0.539677	1310500.000000
2015-02-06	-0.014181	0.189778	0.195472	0.182187	-0.821957	2364800.000000
2015-02-05	0.026165	0.222679	0.240207	0.220909	1.477859	961600.000000
2015-02-04	-0.022698	0.170011	0.187660	0.165686	-1.311805	1147900.000000
2015-02-03	0.055337	0.235851	0.273285	0.235851	3.030445	1480600.000000
2015-02-02	0.030786	0.233242	0.244159	0.225336	1.635601	1283300.000000
2015-01-30	-0.014022	0.188112	0.198319	0.177905	-0.755535	2349400.000000
2015-01-29	-0.033075	0.176629	0.179500	0.155455	-1.843178	2200900.000000
2015-01-28	-0.039084	0.189097	0.189097	0.157370	-2.266594	1539900.000000
2015-01-27	0.004169	0.195786	0.214660	0.194747	0.240772	1169000.000000
2015-01-26	0.020390	0.214691	0.235363	0.209214	1.154053	1213100.000000
2015-01-23	-0.001172	0.194914	0.215738	0.192796	-0.066425	1247100.000000
2015-01-22	0.007380	0.206043	0.220977	0.201244	0.415134	2402800.000000
2015-01-21	0.014981	0.210218	0.225736	0.209676	0.830261	1424200.000000
2015-01-20	0.002102	0.208783	0.211495	0.194318	0.116230	1531200.000000
2015-01-16	0.033034	0.215838	0.245164	0.215091	1.768452	1602000.000000
2015-01-15	0.009867	0.221798	0.231041	0.207273	0.523067	1860900.000000
2015-01-14	-0.010231	0.174384	0.195482	0.168036	-0.547969	1624600.000000
2015-01-13	0.002642	0.210996	0.218296	0.194148	0.141147	1237500.000000
2015-01-12	-0.025594	0.179089	0.183284	0.161395	-1.403141	1913100.000000
2015-01-09	-0.013300	0.192925	0.196164	0.176726	-0.738937	1524900.000000
2015-01-08	0.022148	0.210330	0.232775	0.205363	1.203876	1616200.000000
2015-01-07	0.012527	0.214316	0.231267	0.206120	0.672512	4187200.000000
2015-01-06	-0.013126	0.196355	0.217128	0.185142	-0.714023	1665600.000000
2015-01-05	-0.052083	0.161925	0.165236	0.132825	-2.988934	2224300.000000
2015-01-02	-0.006325	0.202366	0.205309	0.186782	-0.365303	1062500.000000
2014-12-31	-0.005576	0.204616	0.205993	0.196006	-0.323810	784200.000000
2014-12-30	-0.014511	0.182554	0.192905	0.178821	-0.855175	993500.000000
2014-12-29	-0.006717	0.196522	0.204275	0.192477	-0.398507	734700.000000
2014-12-26	0.005629	0.207664	0.217156	0.206139	0.332097	427000.000000
2014-12-24	0.001127	0.205971	0.210382	0.195789	0.066410	509000.000000
2014-12-23	0.003677	0.193884	0.211426	0.192692	0.215885	1226800.000000
2014-12-22	0.002978	0.213668	0.214864	0.192145	0.174351	1544600.000000
2014-12-19	0.026645	0.215843	0.236887	0.210406	1.519371	1270300.000000
2014-12-18	0.011041	0.207812	0.217919	0.195755	0.622688	1404200.000000
2014-12-17	0.043953	0.225730	0.270894	0.221473	2.374542	1953500.000000
2014-12-16	0.040954	0.225253	0.278240	0.216197	2.125473	1345700.000000
2014-12-15	-0.019759	0.210110	0.218042	0.173091	-1.046127	1508700.000000
2014-12-12	-0.027007	0.190293	0.197644	0.171364	-1.469570	1401300.000000
2014-12-11	-0.010418	0.198260	0.215173	0.190440	-0.572880	1685600.000000
2014-12-10	-0.027602	0.185522	0.186583	0.164832	-1.560879	1460000.000000
2014-12-09	-0.002344	0.192623	0.217323	0.191918	-0.132835	1481400.000000
2014-12-08	-0.022340	0.190127	0.191507	0.172707	-1.295216	1114300.000000
2014-12-05	-0.005412	0.205473	0.207703	0.194665	-0.315506	1325100.000000
2014-12-04	-0.014043	0.192942	0.195648	0.184823	-0.830246	1169800.000000
2014-12-03	-0.010972	0.185540	0.198254	0.181860	-0.655907	2481800.000000
2014-12-02	0.023163	0.215911	0.236108	0.210092	1.353325	1044100.000000
2014-12-01	0.013393	0.205484	0.221095	0.201495	0.772145	1083600.000000
2014-11-28	-0.073145	0.125026	0.129688	0.114898	-4.549813	1683100.000000
2014-11-26	0.011203	0.216148	0.221513	0.208833	0.689118	403300.000000
2014-11-25	-0.009227	0.201061	0.206215	0.192203	-0.572895	542600.000000
2014-11-24	-0.006642	0.195484	0.201244	0.190524	-0.415131	599300.000000
2014-11-21	0.012508	0.218699	0.224045	0.211409	0.772144	556300.000000
2014-11-20	0.019750	0.213529	0.229718	0.212538	1.195568	634400.000000
2014-11-19	-0.005863	0.199352	0.201488	0.191962	-0.357006	712300.000000
2014-11-18	0.012005	0.220897	0.221562	0.211092	0.722329	610900.000000
2014-11-17	-0.001928	0.192832	0.204775	0.191837	-0.116238	425000.000000
2014-11-14	0.011140	0.202598	0.218197	0.201928	0.664204	583800.000000
2014-11-13	-0.008697	0.190144	0.195797	0.188648	-0.523075	661900.000000
2014-11-12	-0.013750	0.189685	0.201984	0.185422	-0.838536	490400.000000
2014-11-11	0.002966	0.208674	0.225943	0.204891	0.180344	613400.000000
2014-11-10	-0.003627	0.224446	0.226904	0.214614	-0.221337	554500.000000
2014-11-07	0.023793	0.240494	0.248882	0.235628	1.418194	585200.000000
2014-11-06	0.002205	0.222548	0.225574	0.212796	0.131150	734100.000000
2014-11-05	0.013410	0.218665	0.238261	0.215428	0.786995	803700.000000
2014-11-04	-0.020389	0.196489	0.199493	0.188811	-1.221463	1083100.000000
2014-11-03	-0.021293	0.206952	0.209566	0.191759	-1.303417	911800.000000
2014-10-31	0.004169	0.218381	0.224943	0.207226	0.254105	986900.000000
2014-10-30	0.001077	0.212961	0.223307	0.207705	0.065597	817400.000000
2014-10-29	-0.004023	0.223783	0.231961	0.207100	-0.245941	892600.000000
2014-10-28	0.009748	0.224482	0.231749	0.220023	0.590248	807800.000000
2014-10-27	-0.003104	0.210638	0.219529	0.206028	-0.188549	651100.000000
2014-10-24	0.001893	0.218868	0.222497	0.213095	0.114773	520400.000000
2014-10-23	0.012043	0.229040	0.241895	0.224699	0.721397	832700.000000
2014-10-22	-0.009086	0.212579	0.222009	0.207120	-0.549251	888000.000000
2014-10-21	0.031185	0.237428	0.258922	0.236746	1.828087	808400.000000
2014-10-20	-0.008596	0.198380	0.210218	0.195336	-0.508263	911800.000000
2014-10-17	0.027639	0.242799	0.259657	0.241061	1.590347	1247600.000000
2014-10-16	-0.015844	0.173848	0.205149	0.172309	-0.926330	2649300.000000
2014-10-15	-0.004883	0.218496	0.219858	0.187179	-0.286919	1289400.000000
2014-10-14	-0.011585	0.221877	0.222718	0.204212	-0.688606	1182200.000000
2014-10-13	-0.004667	0.231579	0.235598	0.212992	-0.278733	777500.000000
2014-10-10	-0.026590	0.194268	0.197854	0.183836	-1.631328	1060700.000000
2014-10-09	-0.037180	0.186117	0.191139	0.169953	-2.369118	1791800.000000
2014-10-08	0.022225	0.227237	0.247130	0.221302	1.385391	966700.000000
2014-10-07	-0.008088	0.214607	0.218107	0.208878	-0.508258	929100.000000
2014-10-06	0.000653	0.211101	0.223520	0.210623	0.041008	958100.000000
2014-10-03	-0.007257	0.212586	0.215116	0.204050	-0.459084	744200.000000
2014-10-02	-0.015186	0.213942	0.215655	0.188568	-0.975517	1044400.000000
2014-10-01	-0.009606	0.214308	0.214308	0.203053	-0.623024	633200.000000
2014-09-30	-0.009018	0.213899	0.215885	0.203968	-0.590248	2490900.000000
2014-09-29	0.000251	0.218177	0.224290	0.214509	0.016395	311100.000000
2014-09-26	0.003773	0.213875	0.226915	0.208353	0.245957	460300.000000
2014-09-25	-0.020087	0.202120	0.203623	0.190545	-1.336243	605100.000000
2014-09-24	0.001110	0.219557	0.221513	0.209023	0.073784	607700.000000
2014-09-23	-0.013989	0.203832	0.209323	0.200420	-0.942734	510800.000000
2014-09-22	-0.000729	0.218375	0.218968	0.213185	-0.049187	255600.000000
2014-09-19	0.003660	0.230275	0.231019	0.214649	0.245926	404300.000000
2014-09-18	0.008862	0.229166	0.233821	0.228115	0.590241	388500.000000
2014-09-17	-0.006116	0.218216	0.219858	0.211054	-0.409889	533800.000000
2014-09-16	0.008512	0.216698	0.235960	0.216698	0.565643	969800.000000
2014-09-15	0.002597	0.216689	0.224686	0.213068	0.172149	371000.000000
2014-09-12	-0.007123	0.213266	0.214315	0.207873	-0.475463	390300.000000
2014-09-11	-0.010571	0.212447	0.212447	0.203109	-0.713196	501300.000000
2014-09-10	0.015548	0.233556	0.238824	0.226631	1.032898	546200.000000
2014-09-09	-0.012309	0.204545	0.207815	0.201125	-0.827957	992400.000000
2014-09-08	-0.024144	0.198676	0.201867	0.189100	-1.664132	579900.000000
2014-09-05	0.002265	0.213605	0.223493	0.212733	0.155762	361200.000000
2014-09-04	-0.008861	0.221299	0.222452	0.205590	-0.614830	411000.000000
2014-09-03	0.005464	0.224350	0.228552	0.223770	0.377091	252600.000000
2014-09-02	-0.007896	0.217845	0.217845	0.206487	-0.549256	413200.000000
2014-08-29	-0.001177	0.215837	0.219427	0.211099	-0.081955	329500.000000
2014-08-28	0.003544	0.218705	0.224613	0.218128	0.245911	420600.000000
2014-08-27	0.005703	0.218264	0.226814	0.215945	0.393494	359800.000000
2014-08-26	0.009354	0.226295	0.234779	0.225709	0.639434	462300.000000
2014-08-25	0.004215	0.219270	0.227644	0.219270	0.286911	269100.000000
2014-08-22	-0.005390	0.215183	0.216936	0.209338	-0.368888	468600.000000
2014-08-21	-0.006308	0.212743	0.215212	0.210711	-0.434502	643600.000000
2014-08-20	-0.014659	0.202977	0.203549	0.198399	-1.024689	809400.000000
2014-08-19	0.007919	0.218128	0.229519	0.216686	0.549233	1175500.000000
2014-08-18	0.010994	0.232832	0.233269	0.227584	0.754181	443000.000000
2014-08-15	0.004562	0.224690	0.229523	0.217222	0.311515	535700.000000
2014-08-14	0.003373	0.226323	0.229849	0.221915	0.229538	432700.000000
2014-08-13	-0.001923	0.220298	0.220885	0.212232	-0.131149	925100.000000
2014-08-12	-0.008487	0.216921	0.224773	0.215613	-0.583641	946700.000000
2014-08-11	0.000826	0.229569	0.239174	0.228404	0.056747	552600.000000
2014-08-08	-0.002823	0.223630	0.232337	0.219567	-0.194564	754800.000000
2014-08-07	-0.011051	0.227329	0.228620	0.217139	-0.770066	1111900.000000
2014-08-06	-0.002090	0.221470	0.236221	0.221470	-0.145904	796200.000000
2014-08-05	-0.001276	0.241224	0.242225	0.229209	-0.089188	900600.000000
2014-08-04	0.009126	0.240427	0.244901	0.231190	0.632286	603600.000000
2014-08-01	-0.007778	0.227342	0.230063	0.217747	-0.543098	886200.000000
2014-07-31	0.020374	0.275291	0.275291	0.257170	1.394241	802400.000000
2014-07-30	-0.017230	0.219569	0.221723	0.205926	-1.199715	1081300.000000
2014-07-29	0.001983	0.236809	0.242133	0.234219	0.137825	285400.000000
2014-07-28	-0.007295	0.223929	0.227358	0.217644	-0.510696	369200.000000
2014-07-25	-0.007585	0.223720	0.225421	0.218900	-0.535004	265400.000000
2014-07-24	-0.000115	0.228540	0.236195	0.227406	-0.008094	254900.000000
2014-07-23	0.003691	0.237627	0.239761	0.234924	0.259399	317900.000000
2014-07-22	0.004053	0.242214	0.242785	0.238071	0.283699	349900.000000
2014-07-21	0.000116	0.222785	0.234786	0.221642	0.008102	207300.000000
2014-07-18	-0.001272	0.227223	0.233501	0.225225	-0.089157	295500.000000
2014-07-17	-0.010868	0.225175	0.230962	0.218683	-0.770088	430000.000000
2014-07-16	0.007144	0.239898	0.243451	0.237055	0.502587	471500.000000
2014-07-15	-0.001036	0.236199	0.238897	0.228389	-0.072960	403800.000000
2014-07-14	0.001037	0.232933	0.236912	0.229379	0.072960	516800.000000
2014-07-11	0.008365	0.243246	0.246113	0.239377	0.583641	457500.000000
2014-07-10	-0.012619	0.222180	0.222888	0.214821	-0.891671	335300.000000
2014-07-09	0.005305	0.229660	0.241468	0.226672	0.372887	383300.000000
2014-07-08	-0.005619	0.229682	0.231804	0.224730	-0.397209	357000.000000
2014-07-07	-0.004566	0.231672	0.232939	0.225616	-0.324234	325900.000000
2014-07-03	-0.003640	0.230276	0.231959	0.225365	-0.259407	207500.000000
2014-07-02	0.003653	0.235756	0.241107	0.234207	0.259407	309200.000000
2014-07-01	0.006781	0.240590	0.244844	0.237471	0.478241	532100.000000
2014-06-30	-0.000918	0.230102	0.235768	0.225286	-0.064842	603900.000000
2014-06-27	0.007403	0.242348	0.243632	0.238210	0.518791	753600.000000
2014-06-26	0.008281	0.237672	0.245441	0.228320	0.575531	908000.000000
2014-06-25	-0.003139	0.229914	0.232209	0.223747	-0.218857	437400.000000
2014-06-24	-0.011379	0.229673	0.230665	0.219180	-0.802506	664200.000000
2014-06-23	0.004387	0.234213	0.239055	0.234213	0.308030	283700.000000
2014-06-20	0.000231	0.234783	0.239199	0.231791	0.016212	480700.000000
2014-06-19	0.001272	0.240347	0.242487	0.233215	0.089172	481800.000000
2014-06-18	0.023187	0.252908	0.262248	0.251448	1.588791	597600.000000
2014-06-17	-0.004006	0.225212	0.229282	0.223468	-0.275619	324200.000000
2014-06-16	0.005569	0.238613	0.243290	0.236274	0.380997	342600.000000
2014-06-13	0.010415	0.249741	0.250480	0.242505	0.705230	413100.000000
2014-06-12	0.010403	0.246924	0.252297	0.245731	0.697129	195600.000000
2014-06-11	-0.002052	0.232452	0.235132	0.229920	-0.137825	201000.000000
2014-06-10	-0.000121	0.232750	0.235877	0.230963	-0.008103	193100.000000
2014-06-09	-0.002648	0.232752	0.233049	0.229188	-0.178329	316400.000000
2014-06-06	0.008743	0.239635	0.245178	0.238587	0.583633	242200.000000
2014-06-05	0.004024	0.236501	0.239960	0.232891	0.267510	318200.000000
2014-06-04	-0.009420	0.227981	0.228130	0.219787	-0.632287	467500.000000
2014-06-03	0.007054	0.238144	0.244296	0.237394	0.470162	447300.000000
2014-06-02	0.004643	0.240276	0.241180	0.233492	0.308021	541900.000000
2014-05-30	-0.003895	0.224784	0.229439	0.222082	-0.259384	573400.000000
2014-05-29	0.005384	0.243002	0.245267	0.237568	0.356644	391600.000000
2014-05-28	0.000000	0.235152	0.236058	0.231227	0.000000	478900.000000
2014-05-27	-0.006564	0.233343	0.234843	0.224345	-0.437721	505500.000000
2014-05-23	-0.008677	0.222939	0.225764	0.219966	-0.583618	856000.000000
2014-05-22	-0.037467	0.182128	0.190141	0.180840	-2.618271	2758900.000000
2014-05-21	0.003025	0.238523	0.238954	0.233213	0.210762	831300.000000
2014-05-20	-0.014900	0.218656	0.219645	0.211303	-1.053787	574000.000000
2014-05-19	0.007738	0.246182	0.248034	0.240482	0.543090	797700.000000
2014-05-16	0.007682	0.238238	0.243120	0.237663	0.535019	500400.000000
2014-05-15	0.003035	0.241708	0.242284	0.236092	0.210755	630500.000000
2014-05-14	-0.006034	0.222764	0.233214	0.222191	-0.421532	431200.000000
2014-05-13	0.002532	0.248390	0.250974	0.245664	0.176414	420600.000000
2014-05-12	0.003812	0.254878	0.256895	0.247531	0.264618	697400.000000
2014-05-09	-0.001614	0.247243	0.248250	0.241634	-0.112251	1085200.000000
2014-05-08	0.003936	0.256196	0.257639	0.250998	0.272629	726400.000000
2014-05-07	0.011358	0.260096	0.264769	0.255861	0.777801	932700.000000
2014-05-06	0.002347	0.249587	0.253393	0.246953	0.160370	884100.000000
2014-05-05	0.000000	0.242415	0.249294	0.241976	0.000000	510900.000000
2014-05-02	0.004480	0.246511	0.256509	0.245482	0.304718	1216400.000000
2014-05-01	0.002008	0.256970	0.256970	0.242826	0.136299	1031100.000000
2014-04-30	0.035221	0.300021	0.300326	0.289040	2.309372	2231100.000000
2014-04-29	0.011504	0.254504	0.263297	0.254195	0.745736	750200.000000
2014-04-28	0.003227	0.253290	0.255456	0.248337	0.208480	497800.000000
2014-04-25	-0.003956	0.242474	0.245403	0.238158	-0.256599	503200.000000
2014-04-24	0.004221	0.249266	0.253910	0.245706	0.272636	317800.000000
2014-04-23	0.004113	0.251296	0.253472	0.248964	0.264618	376900.000000
2014-04-22	-0.006563	0.241385	0.245709	0.238606	-0.425003	419100.000000
2014-04-21	0.000000	0.243084	0.248952	0.243084	0.000000	211900.000000
2014-04-17	0.009122	0.249904	0.259721	0.249904	0.585373	823300.000000
2014-04-16	-0.000624	0.246476	0.248345	0.243517	-0.040100	412100.000000
2014-04-15	0.009200	0.256215	0.259201	0.248356	0.585369	548300.000000
2014-04-14	0.009799	0.252654	0.261541	0.248845	0.617424	591900.000000
2014-04-11	-0.000509	0.242023	0.253602	0.242023	-0.032089	477000.000000
2014-04-10	-0.009574	0.245685	0.247099	0.234687	-0.609409	274500.000000
2014-04-09	0.008769	0.251854	0.258827	0.247733	0.553299	727600.000000
2014-04-08	0.011960	0.259448	0.262174	0.256882	0.745723	445100.000000
2014-04-07	-0.001284	0.248541	0.254147	0.244857	-0.080181	262400.000000
2014-04-04	0.001029	0.252551	0.258002	0.246939	0.064148	357500.000000
2014-04-03	0.000129	0.245976	0.248542	0.243250	0.008019	435800.000000
2014-04-02	-0.003970	0.244543	0.246300	0.237995	-0.248578	463000.000000
2014-04-01	-0.000384	0.247578	0.253006	0.241511	-0.024059	807300.000000
2014-03-31	0.002181	0.255899	0.259100	0.247579	0.136315	1357900.000000
2014-03-28	0.015108	0.261880	0.265940	0.259443	0.930164	694100.000000
2014-03-27	0.003923	0.252643	0.259655	0.250197	0.240555	536900.000000
2014-03-26	0.000393	0.254766	0.255908	0.245631	0.024063	680400.000000
2014-03-25	0.010174	0.257316	0.263742	0.250889	0.617431	307400.000000
2014-03-24	0.000396	0.251220	0.252539	0.239516	0.024052	446400.000000
2014-03-21	-0.000925	0.240182	0.255828	0.239029	-0.056137	651400.000000
2014-03-20	-0.004339	0.230045	0.243327	0.228405	-0.264606	558600.000000
2014-03-19	-0.006791	0.245959	0.251008	0.231626	-0.416974	432800.000000
2014-03-18	0.003013	0.247263	0.257718	0.245629	0.184449	778100.000000
2014-03-17	0.000262	0.253962	0.257557	0.243831	0.016014	706400.000000
2014-03-14	0.004343	0.246114	0.255469	0.245294	0.264625	772400.000000
2014-03-13	-0.017836	0.251773	0.254030	0.224210	-1.106575	514800.000000
2014-03-12	-0.004888	0.237315	0.245816	0.235390	-0.304710	418500.000000
2014-03-11	-0.005627	0.241038	0.247896	0.238805	-0.352814	480800.000000
2014-03-10	0.004626	0.244535	0.253829	0.243574	0.288681	425200.000000
2014-03-07	0.001158	0.249826	0.251912	0.244693	0.072163	341400.000000
2014-03-06	-0.005374	0.238802	0.244865	0.236728	-0.336792	394800.000000
2014-03-05	-0.004204	0.240903	0.247417	0.239790	-0.264599	405000.000000
2014-03-04	0.021739	0.267716	0.274534	0.266417	1.339081	832500.000000
2014-03-03	-0.014117	0.232215	0.237816	0.227253	-0.882023	906200.000000
2014-02-28	-0.002433	0.247418	0.251250	0.240553	-0.152363	612500.000000
2014-02-27	-0.002681	0.236749	0.245825	0.234679	-0.168381	489900.000000
2014-02-26	-0.004069	0.241707	0.245830	0.236157	-0.256610	1018700.000000
2014-02-25	-0.007321	0.239858	0.244108	0.231672	-0.465065	1036900.000000
2014-02-24	0.007375	0.245989	0.269776	0.243452	0.465065	994600.000000
2014-02-21	0.000382	0.251700	0.254397	0.246940	0.024070	1171900.000000
2014-02-20	0.011061	0.258487	0.262016	0.253515	0.689587	991900.000000
2014-02-19	-0.003077	0.248059	0.254615	0.242942	-0.192432	761700.000000
2014-02-18	0.018013	0.260285	0.271354	0.259796	1.106563	1834900.000000
2014-02-14	0.007231	0.246279	0.256117	0.245295	0.441010	480700.000000
2014-02-13	0.016030	0.263425	0.267923	0.257761	0.962242	3167800.000000
2014-02-12	0.008759	0.253149	0.261215	0.252645	0.521221	1270700.000000
2014-02-11	0.024274	0.277543	0.292862	0.276166	1.410198	804600.000000
2014-02-10	0.002050	0.262741	0.266708	0.259119	0.118847	838300.000000
2014-02-07	0.007572	0.264483	0.271956	0.262223	0.435726	508100.000000
2014-02-06	0.009171	0.270466	0.276429	0.269765	0.522888	1238400.000000
2014-02-05	0.005027	0.263634	0.270155	0.262400	0.285218	756500.000000
2014-02-04	0.002099	0.264167	0.270879	0.261694	0.118847	753400.000000
2014-02-03	-0.018811	0.254424	0.257371	0.237787	-1.085400	832300.000000
2014-01-31	-0.031258	0.231163	0.231835	0.222265	-1.861794	1013500.000000
2014-01-30	0.011300	0.283787	0.284127	0.267657	0.665501	1250700.000000
2014-01-29	0.002022	0.252356	0.266817	0.249974	0.118824	1652400.000000
2014-01-28	0.002974	0.265978	0.269049	0.261370	0.174305	1479600.000000
2014-01-27	-0.007780	0.262393	0.263409	0.250879	-0.459518	1635200.000000
2014-01-24	-0.018174	0.258234	0.258733	0.237621	-1.093289	1006000.000000
2014-01-23	0.001847	0.272216	0.272216	0.249566	0.110912	1842000.000000
2014-01-22	0.013642	0.274378	0.280962	0.272015	0.808098	3314800.000000
2014-01-21	0.009314	0.276536	0.276706	0.266483	0.546654	2753300.000000
2014-01-17	-0.017767	0.244484	0.254692	0.239630	-1.061619	4587300.000000
2014-01-16	0.004662	0.273321	0.273321	0.264073	0.277287	1755900.000000
2014-01-15	-0.000932	0.260712	0.263735	0.256008	-0.055462	1718700.000000
2014-01-14	0.004411	0.264417	0.270829	0.260536	0.261452	1960300.000000
2014-01-13	-0.015658	0.252259	0.255580	0.242128	-0.942788	1468400.000000
2014-01-10	0.018084	0.282007	0.285050	0.277103	1.069546	2560100.000000
2014-01-09	0.005387	0.269873	0.270383	0.263923	0.316895	746800.000000
2014-01-08	-0.004158	0.261208	0.261377	0.253759	-0.245606	552900.000000
2014-01-07	0.009068	0.274352	0.275719	0.269911	0.530815	620900.000000
2014-01-06	-0.007655	0.256121	0.257646	0.251035	-0.451591	717700.000000
2014-01-03	0.000941	0.270198	0.270538	0.262902	0.055462	502800.000000
2014-01-02	-0.009586	0.258527	0.259367	0.248612	-0.570408	651700.000000
2013-12-31	0.006971	0.268485	0.272208	0.265100	0.411964	588800.000000
2013-12-30	-0.003074	0.262730	0.265091	0.256994	-0.182216	615000.000000
2013-12-27	0.004970	0.274261	0.274600	0.264428	0.293140	534600.000000
2013-12-26	0.006081	0.259836	0.270240	0.259836	0.356510	389000.000000
2013-12-24	0.005162	0.267710	0.268739	0.265310	0.301056	203900.000000
2013-12-23	0.010431	0.278335	0.280587	0.274870	0.602101	615100.000000
2013-12-20	0.002063	0.262050	0.268647	0.262050	0.118839	1318100.000000
2013-12-19	0.009861	0.263100	0.275371	0.261697	0.562492	2036600.000000
2013-12-18	0.017524	0.271678	0.284343	0.265434	0.982403	724300.000000
2013-12-17	-0.000988	0.259016	0.262045	0.256877	-0.055458	451500.000000
2013-12-16	0.011135	0.273215	0.279522	0.272855	0.617962	439000.000000
2013-12-13	-0.008773	0.254008	0.257937	0.248828	-0.491188	620100.000000
2013-12-12	-0.006328	0.265950	0.266483	0.250510	-0.356541	1827100.000000
2013-12-11	-0.000983	0.265592	0.266833	0.258323	-0.055450	936200.000000
2013-12-10	0.004799	0.268637	0.271844	0.264896	0.269371	609000.000000
2013-12-09	0.004822	0.265983	0.272785	0.265625	0.269359	1193500.000000
2013-12-06	0.027094	0.297158	0.298812	0.293296	1.473599	2121700.000000
2013-12-05	-0.001600	0.255431	0.260204	0.253596	-0.087147	852400.000000
2013-12-04	-0.008651	0.245481	0.252579	0.245117	-0.475353	714400.000000
2013-12-03	-0.001727	0.255684	0.260407	0.253685	-0.095066	881600.000000
2013-12-02	-0.006577	0.254463	0.260780	0.252298	-0.364437	450000.000000
2013-11-29	0.000286	0.265473	0.271611	0.262585	0.015850	216200.000000
2013-11-27	-0.002710	0.264024	0.264924	0.254482	-0.150544	448600.000000
2013-11-26	-0.010724	0.259196	0.259908	0.243523	-0.602104	988400.000000
2013-11-25	-0.007423	0.256036	0.258865	0.252147	-0.419891	412300.000000
2013-11-22	0.004926	0.265776	0.269507	0.264178	0.277279	525000.000000
2013-11-21	0.005520	0.270798	0.271513	0.265618	0.308990	575000.000000
2013-11-20	0.002412	0.276728	0.278697	0.262582	0.134678	749200.000000
2013-11-19	-0.000425	0.262760	0.265266	0.260076	-0.023769	534600.000000
2013-11-18	0.001562	0.280867	0.280867	0.262582	0.087158	703400.000000
2013-11-15	0.019696	0.283794	0.287632	0.281052	1.077446	815900.000000
2013-11-14	0.011574	0.270915	0.279605	0.269250	0.625893	1412600.000000
2013-11-13	0.002349	0.256107	0.265374	0.252400	0.126758	2086300.000000
2013-11-12	-0.001736	0.272059	0.276870	0.270764	-0.093830	1327900.000000
2013-11-11	0.004213	0.283550	0.285965	0.280577	0.226753	564400.000000
2013-11-08	-0.002175	0.270376	0.276309	0.267410	-0.117286	964600.000000
2013-11-07	-0.013444	0.273235	0.274149	0.261346	-0.734997	719800.000000
2013-11-06	0.001863	0.290633	0.292465	0.278538	0.101639	1407100.000000
2013-11-05	-0.003427	0.273792	0.276348	0.267217	-0.187649	486800.000000
2013-11-04	-0.000428	0.280365	0.280365	0.274159	-0.023468	919700.000000
2013-11-01	0.007768	0.285528	0.288839	0.279273	0.422241	2585300.000000
2013-10-31	-0.045055	0.223216	0.225500	0.215662	-2.564693	2861200.000000
2013-10-30	0.000963	0.291917	0.292269	0.278202	0.054737	1699800.000000
2013-10-29	0.007759	0.292195	0.293259	0.284930	0.437866	578900.000000
2013-10-28	-0.002488	0.275547	0.278552	0.273425	-0.140736	398300.000000
2013-10-25	0.009911	0.294793	0.295864	0.287295	0.555157	726800.000000
2013-10-24	0.008588	0.293849	0.293849	0.287547	0.476963	733400.000000
2013-10-23	-0.002808	0.278007	0.278905	0.273159	-0.156380	602800.000000
2013-10-22	0.010498	0.284166	0.294508	0.283622	0.578621	1125000.000000
2013-10-21	0.006856	0.278722	0.290413	0.277261	0.375321	1121600.000000
2013-10-18	0.004592	0.283860	0.290099	0.282391	0.250206	1508000.000000
2013-10-17	0.011760	0.277977	0.294316	0.277605	0.633373	1813000.000000
2013-10-16	0.006870	0.293487	0.296104	0.285261	0.367496	1299100.000000
2013-10-15	0.003079	0.279843	0.287906	0.279655	0.164208	1247700.000000
2013-10-14	0.006939	0.284003	0.287779	0.281548	0.367489	447100.000000
2013-10-11	0.004598	0.281181	0.285165	0.277767	0.242401	371800.000000
2013-10-10	0.016280	0.291435	0.300111	0.289122	0.844467	702100.000000
2013-10-09	-0.006886	0.274884	0.276033	0.263589	-0.359680	670600.000000
2013-10-08	-0.012272	0.274556	0.276825	0.263020	-0.648983	660200.000000
2013-10-07	-0.010389	0.260940	0.271794	0.260940	-0.555168	544600.000000
2013-10-04	-0.001023	0.275727	0.280214	0.274044	-0.054734	396600.000000
2013-10-03	-0.002479	0.274056	0.277786	0.272751	-0.132927	654100.000000
2013-10-02	0.002778	0.277035	0.282458	0.270864	0.148568	369000.000000
2013-10-01	-0.006681	0.271103	0.277233	0.266274	-0.359692	538500.000000
2013-09-30	-0.005920	0.273180	0.277427	0.269672	-0.320599	773300.000000
2013-09-27	0.002606	0.278535	0.282608	0.274832	0.140763	556700.000000
2013-09-26	0.006850	0.280210	0.288225	0.279837	0.367500	554100.000000
2013-09-25	-0.002182	0.275185	0.280392	0.275185	-0.117302	1254800.000000
2013-09-24	-0.004632	0.273906	0.277424	0.271870	-0.250198	599300.000000
2013-09-23	-0.000290	0.279275	0.280571	0.273723	-0.015644	674100.000000
2013-09-20	-0.011021	0.274512	0.278905	0.263529	-0.602082	585700.000000
2013-09-19	0.002008	0.284591	0.285324	0.277621	0.109486	1585000.000000
2013-09-18	0.019593	0.289190	0.306207	0.279466	1.047768	985800.000000
2013-09-17	-0.001897	0.280958	0.283385	0.274799	-0.101651	893100.000000
2013-09-16	-0.001021	0.294940	0.295127	0.276108	-0.054733	1104000.000000
2013-09-13	0.004687	0.280216	0.287522	0.280216	0.250218	535900.000000
2013-09-12	-0.001755	0.280214	0.285637	0.275913	-0.093834	423800.000000
2013-09-11	0.012735	0.282314	0.295192	0.282314	0.672447	778500.000000
2013-09-10	-0.000148	0.277769	0.280609	0.276064	-0.007832	833900.000000
2013-09-09	0.000593	0.271326	0.282694	0.270947	0.031281	497100.000000
2013-09-06	0.002674	0.285744	0.285744	0.275675	0.140747	444900.000000
2013-09-05	-0.002371	0.272651	0.278336	0.271513	-0.125103	583000.000000
2013-09-04	0.002228	0.274346	0.286313	0.273397	0.117290	754600.000000
2013-09-03	0.002681	0.284999	0.286714	0.276048	0.140744	638700.000000
2013-08-30	-0.012790	0.265180	0.268752	0.259727	-0.680264	885600.000000
2013-08-29	-0.012199	0.266090	0.269061	0.262561	-0.656822	612200.000000
2013-08-28	0.022268	0.308713	0.312130	0.304726	1.172878	989200.000000
2013-08-27	0.007027	0.283493	0.295348	0.283111	0.367504	1535500.000000
2013-08-26	-0.002832	0.279668	0.281765	0.273948	-0.148563	609600.000000
2013-08-23	0.012528	0.287013	0.295893	0.286241	0.648998	456400.000000
2013-08-22	0.000906	0.280064	0.284508	0.277166	0.046913	502400.000000
2013-08-21	-0.004362	0.277943	0.280252	0.271595	-0.226757	585600.000000
2013-08-20	0.001959	0.282953	0.287771	0.280447	0.101650	457300.000000
2013-08-19	-0.005546	0.279097	0.281397	0.271046	-0.289314	684300.000000
2013-08-16	0.005425	0.288348	0.288348	0.282374	0.281494	579800.000000
2013-08-15	-0.004948	0.270850	0.273535	0.264139	-0.258041	1195300.000000
2013-08-14	-0.001647	0.288478	0.291158	0.276033	-0.086002	921300.000000
2013-08-13	0.005047	0.300946	0.306911	0.297867	0.262310	1287100.000000
2013-08-12	-0.004581	0.283685	0.290964	0.282153	-0.239174	1059900.000000
2013-08-09	0.004901	0.304027	0.307299	0.299215	0.254604	947500.000000
2013-08-08	0.008688	0.306620	0.307396	0.300019	0.447491	993300.000000
2013-08-07	-0.003433	0.300199	0.301747	0.288783	-0.177448	987000.000000
2013-08-06	0.000448	0.298071	0.300588	0.292071	0.023136	648400.000000
2013-08-05	0.003146	0.299242	0.302349	0.293417	0.162021	803000.000000
2013-08-02	-0.006844	0.288036	0.294979	0.286879	-0.354896	1465800.000000
2013-08-01	-0.051644	0.231027	0.237794	0.225540	-2.823788	2777700.000000
2013-07-31	0.012429	0.305394	0.314837	0.301876	0.671234	803100.000000
2013-07-30	-0.007515	0.296319	0.296319	0.284190	-0.408909	589700.000000
2013-07-29	-0.009410	0.287944	0.288308	0.281208	-0.516914	1384600.000000
2013-07-26	-0.004892	0.292151	0.295230	0.282368	-0.270031	1866300.000000
2013-07-25	0.004211	0.293771	0.302503	0.293589	0.231457	642900.000000
2013-07-24	0.000562	0.301960	0.301960	0.292313	0.030857	587100.000000
2013-07-23	0.002393	0.298872	0.300697	0.291209	0.131153	547200.000000
2013-07-22	0.003532	0.305107	0.311882	0.299431	0.192886	603000.000000
2013-07-19	0.000424	0.294121	0.299250	0.292106	0.023148	564900.000000
2013-07-18	0.005399	0.305160	0.312342	0.301661	0.293178	687400.000000
2013-07-17	0.005428	0.310023	0.310023	0.298913	0.293175	703000.000000
2013-07-16	0.010393	0.307361	0.310354	0.304368	0.555508	958100.000000
2013-07-15	-0.007450	0.290936	0.296878	0.285737	-0.401211	813500.000000
2013-07-12	0.001148	0.300226	0.301899	0.292232	0.061737	610200.000000
2013-07-11	0.026955	0.327255	0.332028	0.316564	1.411888	1306300.000000
2013-07-10	0.012528	0.303675	0.316433	0.301355	0.648072	880100.000000
2013-07-09	0.007665	0.301785	0.308992	0.294772	0.393482	1299200.000000
2013-07-08	0.011708	0.307566	0.312887	0.304413	0.594082	587400.000000
2013-07-05	-0.002578	0.293384	0.293384	0.282376	-0.131157	823500.000000
2013-07-03	-0.001817	0.288876	0.294566	0.283382	-0.092591	495500.000000
2013-07-02	-0.003620	0.291835	0.297700	0.286752	-0.185165	628700.000000
2013-07-01	0.000453	0.302786	0.307088	0.296136	0.023144	707500.000000
2013-06-28	-0.007637	0.290507	0.293613	0.281579	-0.393475	964900.000000
2013-06-27	0.010593	0.304766	0.314181	0.303785	0.540062	1694600.000000
2013-06-26	0.007778	0.305426	0.308391	0.295740	0.393471	1088100.000000
2013-06-25	-0.001827	0.300674	0.301266	0.289032	-0.092579	1544900.000000
2013-06-24	-0.010096	0.274846	0.293597	0.269963	-0.516914	1795600.000000
2013-06-21	-0.000903	0.291647	0.298672	0.282476	-0.046299	1296200.000000
2013-06-20	-0.015125	0.282874	0.284412	0.273073	-0.786953	1638400.000000
2013-06-19	-0.010708	0.297657	0.299368	0.280545	-0.563210	929000.000000
2013-06-18	0.000587	0.294994	0.299940	0.294614	0.030857	1062200.000000
2013-06-17	0.006054	0.312404	0.317955	0.299772	0.316319	1924600.000000
2013-06-14	-0.016698	0.276375	0.280703	0.272611	-0.887245	1606600.000000
2013-06-13	0.008493	0.296326	0.307524	0.294807	0.447486	1177500.000000
2013-06-12	-0.002775	0.307492	0.307492	0.292350	-0.146602	1278100.000000
2013-06-11	0.000438	0.295757	0.305603	0.292916	0.023144	1221200.000000
2013-06-10	0.010333	0.302258	0.312206	0.299006	0.540088	720100.000000
2013-06-07	-0.002797	0.291938	0.297852	0.285452	-0.146606	809400.000000
2013-06-06	0.003693	0.297667	0.303029	0.294029	0.192890	606900.000000
2013-06-05	-0.012113	0.292731	0.296892	0.279300	-0.640366	1493400.000000
2013-06-04	-0.011541	0.295388	0.295948	0.277812	-0.617225	1347300.000000
2013-06-03	0.007119	0.295382	0.306493	0.290486	0.378051	812000.000000
2013-05-31	-0.018677	0.290037	0.290961	0.271928	-1.010700	904100.000000
2013-05-30	0.001142	0.293731	0.298726	0.290401	0.061733	722200.000000
2013-05-29	0.003869	0.294093	0.301336	0.292236	0.208306	497000.000000
2013-05-28	0.003162	0.314394	0.316629	0.297998	0.169727	881200.000000
2013-05-24	-0.005859	0.283911	0.288542	0.279281	-0.316326	1013200.000000
2013-05-23	0.000143	0.291875	0.297247	0.284095	0.007721	1315900.000000
2013-05-22	-0.012838	0.292479	0.299610	0.277849	-0.702076	2775900.000000
2013-05-21	0.010550	0.300755	0.315354	0.299462	0.570915	887200.000000
2013-05-20	0.001142	0.292621	0.301131	0.289846	0.061733	3542700.000000
2013-05-17	0.006898	0.303587	0.310479	0.302842	0.370324	1400000.000000
2013-05-16	-0.000718	0.299672	0.307491	0.295205	-0.038575	1417600.000000
2013-05-15	-0.021088	0.283927	0.286114	0.268803	-1.157280	1667400.000000
2013-05-14	0.009106	0.314926	0.324488	0.314926	0.495221	732800.000000
2013-05-13	-0.000700	0.308677	0.311617	0.307023	-0.038098	492300.000000
2013-05-10	-0.003487	0.305211	0.307958	0.298436	-0.190456	529000.000000
2013-05-09	-0.004168	0.311077	0.314177	0.300865	-0.228581	795300.000000
2013-05-08	0.013803	0.330098	0.335644	0.326955	0.746655	846000.000000
2013-05-07	-0.000704	0.311612	0.315861	0.304592	-0.038109	648300.000000
2013-05-06	-0.005320	0.311800	0.312352	0.302062	-0.289509	996000.000000
2013-05-03	0.011756	0.326107	0.334845	0.324806	0.632370	1221000.000000
2013-05-02	0.011896	0.324387	0.329090	0.321753	0.632355	1627700.000000
2013-05-01	-0.000287	0.329273	0.330214	0.311031	-0.015244	1492500.000000
2013-04-30	0.005765	0.321804	0.326911	0.319156	0.304764	1403200.000000
2013-04-29	0.011221	0.323247	0.330515	0.323056	0.586647	702800.000000
2013-04-26	-0.002906	0.307196	0.311391	0.302618	-0.152366	581600.000000
2013-04-25	0.010721	0.327957	0.338366	0.324680	0.556167	1703900.000000
2013-04-24	0.012190	0.330096	0.336925	0.326974	0.624741	831900.000000
2013-04-23	0.018625	0.322473	0.338174	0.321678	0.937126	590600.000000
2013-04-22	0.006247	0.315135	0.324935	0.307736	0.312367	652900.000000
2013-04-19	0.002597	0.316546	0.317147	0.309929	0.129524	639500.000000
2013-04-18	-0.000916	0.315140	0.317544	0.305324	-0.045716	1068000.000000
2013-04-17	-0.015773	0.294002	0.294396	0.283749	-0.799980	1108400.000000
2013-04-16	0.010781	0.326885	0.327881	0.320109	0.540943	1189200.000000
2013-04-15	-0.015398	0.299192	0.302332	0.290362	-0.784740	882200.000000
2013-04-12	-0.000896	0.316456	0.316456	0.309791	-0.045723	1510200.000000
2013-04-11	0.007828	0.324391	0.331899	0.321624	0.396194	1498500.000000
2013-04-10	0.003323	0.317690	0.322447	0.314716	0.167611	824900.000000
2013-04-09	0.010685	0.314339	0.326961	0.313337	0.533317	2394600.000000
2013-04-08	-0.008626	0.308761	0.308761	0.296844	-0.434280	2186700.000000
2013-04-05	0.001364	0.303187	0.316115	0.298612	0.068569	1243700.000000
2013-04-04	-0.005276	0.306996	0.310953	0.301852	-0.266651	1928300.000000
2013-04-03	-0.006886	0.312339	0.314500	0.300353	-0.350472	1296900.000000
2013-04-02	0.003003	0.323178	0.324360	0.316477	0.152378	1070100.000000
2013-04-01	-0.003292	0.312536	0.314697	0.307036	-0.167602	758600.000000
2013-03-28	-0.003430	0.310578	0.313318	0.297854	-0.175244	1493300.000000
2013-03-27	-0.005636	0.297742	0.306501	0.295211	-0.289520	891600.000000
2013-03-26	0.011855	0.320414	0.329671	0.317263	0.601895	789100.000000
2013-03-25	-0.012302	0.306505	0.309228	0.293665	-0.632370	927300.000000
2013-03-22	0.009577	0.320784	0.334925	0.318035	0.487606	861100.000000
2013-03-21	-0.011098	0.301271	0.310982	0.297969	-0.571415	3145200.000000
2013-03-20	0.001779	0.317400	0.318567	0.307088	0.091442	1830500.000000
2013-03-19	0.002228	0.316630	0.317021	0.306491	0.114273	778600.000000
2013-03-18	-0.008251	0.301126	0.307314	0.300739	-0.426655	1074200.000000
2013-03-15	-0.008473	0.296237	0.301798	0.294703	-0.441891	870900.000000
2013-03-14	0.010332	0.316217	0.329197	0.314860	0.533318	901800.000000
2013-03-13	0.000148	0.313892	0.315248	0.308854	0.007618	553100.000000
2013-03-12	-0.004994	0.309451	0.310993	0.304438	-0.259037	1073600.000000
2013-03-11	-0.000734	0.304637	0.314848	0.302903	-0.038086	2419000.000000
2013-03-08	-0.010602	0.296524	0.299383	0.291950	-0.556191	1280000.000000
2013-03-07	0.005256	0.311769	0.319434	0.310619	0.274281	1032600.000000
2013-03-06	-0.000875	0.315981	0.316556	0.302006	-0.045723	814300.000000
2013-03-05	0.009275	0.331278	0.331664	0.320844	0.480003	707800.000000
2013-03-04	0.004139	0.312730	0.317968	0.310013	0.213322	809600.000000
2013-03-01	0.004603	0.311951	0.322671	0.306883	0.236179	712200.000000
2013-02-28	0.000149	0.313510	0.322088	0.311951	0.007626	538400.000000
2013-02-27	0.012938	0.312930	0.330110	0.309968	0.655216	685700.000000
2013-02-26	0.007121	0.323473	0.326655	0.313728	0.358078	748900.000000
2013-02-25	-0.021932	0.305922	0.313897	0.283748	-1.127582	1247000.000000
2013-02-22	0.009878	0.321375	0.326286	0.312929	0.502857	925000.000000
2013-02-21	-0.008606	0.303967	0.307277	0.295398	-0.441910	773300.000000
2013-02-20	-0.012309	0.311381	0.311958	0.294455	-0.639980	1777800.000000
2013-02-19	0.016687	0.327593	0.335611	0.327593	0.853317	1270000.000000
2013-02-15	-0.008274	0.301869	0.306135	0.295081	-0.426666	1747800.000000
2013-02-14	-0.008642	0.295617	0.322725	0.294079	-0.449509	2244100.000000
2013-02-13	-0.004956	0.306796	0.308135	0.301631	-0.259041	1601200.000000
2013-02-12	0.006812	0.330143	0.339389	0.327255	0.353668	1165800.000000
2013-02-11	-0.002890	0.323994	0.329180	0.319769	-0.150497	1780100.000000
2013-02-08	-0.003456	0.325351	0.331476	0.322672	-0.180595	1864900.000000
2013-02-07	-0.016570	0.314495	0.315436	0.299438	-0.880364	1582700.000000
2013-02-06	0.001276	0.322203	0.330684	0.319565	0.067722	1092000.000000
2013-02-05	-0.002546	0.335567	0.338011	0.323160	-0.135440	2044900.000000
2013-02-04	-0.028579	0.299954	0.303606	0.289728	-1.565106	3526500.000000
2013-02-01	0.000825	0.320398	0.330267	0.315281	0.045151	801900.000000
2013-01-31	-0.025854	0.310651	0.311363	0.293560	-1.452236	1103200.000000
2013-01-30	0.001341	0.331661	0.336118	0.328809	0.075229	518000.000000
2013-01-29	0.014976	0.338034	0.351243	0.337673	0.827713	786700.000000
2013-01-28	0.000818	0.330255	0.331704	0.325004	0.045147	665100.000000
2013-01-25	0.016060	0.352907	0.355115	0.342419	0.872841	946800.000000
2013-01-24	0.000000	0.321996	0.331379	0.321628	0.000000	467900.000000
2013-01-23	-0.002072	0.321276	0.327519	0.317604	-0.112854	595500.000000
2013-01-22	0.003327	0.325856	0.335251	0.323461	0.180584	613600.000000
2013-01-18	0.002362	0.331942	0.333419	0.322155	0.127907	737100.000000
2013-01-17	0.009964	0.336820	0.347264	0.334209	0.534241	1146200.000000
2013-01-16	-0.006829	0.322690	0.325468	0.318985	-0.368702	1044600.000000
2013-01-15	0.001116	0.318603	0.331584	0.318047	0.060200	1007700.000000
2013-01-14	0.000140	0.320642	0.329173	0.316006	0.007522	639600.000000
2013-01-11	0.007876	0.337960	0.340016	0.332165	0.421375	1125800.000000
2013-01-10	0.008511	0.338225	0.343126	0.335020	0.451477	2238600.000000
2013-01-09	-0.006342	0.323368	0.328988	0.320184	-0.338600	960000.000000
2013-01-08	-0.002391	0.326932	0.327493	0.318336	-0.127933	750100.000000
2013-01-07	-0.002245	0.319479	0.326564	0.319106	-0.120388	565900.000000
2013-01-04	0.004793	0.328238	0.337980	0.327114	0.255840	1498500.000000
2013-01-03	-0.001548	0.328052	0.333477	0.324686	-0.082771	732800.000000
2013-01-02	0.002257	0.339486	0.341548	0.324863	0.120395	742700.000000
2012-12-31	0.002404	0.322786	0.333686	0.322786	0.127907	803300.000000
2012-12-28	-0.009107	0.317629	0.324146	0.315580	-0.489094	674200.000000
2012-12-27	0.006345	0.347165	0.347165	0.329737	0.338616	862800.000000
2012-12-26	0.002403	0.336313	0.339695	0.330866	0.127910	241600.000000
2012-12-24	-0.007018	0.330107	0.330666	0.318542	-0.376228	156700.000000
2012-12-21	-0.007798	0.309370	0.321585	0.309370	-0.421375	474500.000000
2012-12-20	0.003354	0.330659	0.335116	0.328802	0.180603	489600.000000
2012-12-19	-0.005282	0.326586	0.328064	0.321414	-0.285950	897100.000000
2012-12-18	0.010250	0.338131	0.343543	0.336452	0.549298	619900.000000
2012-12-17	0.004230	0.328426	0.337608	0.328426	0.225742	323400.000000
2012-12-14	0.004106	0.332751	0.337831	0.331058	0.218212	373700.000000
2012-12-13	-0.003105	0.337429	0.337429	0.322798	-0.165539	417900.000000
2012-12-12	0.009403	0.343377	0.350762	0.341295	0.496605	575300.000000
2012-12-11	0.004724	0.333934	0.340592	0.333744	0.248318	442200.000000
2012-12-10	0.007064	0.336842	0.340866	0.336842	0.368702	319200.000000
2012-12-07	-0.001727	0.328987	0.330900	0.323824	-0.090302	344200.000000
2012-12-06	0.004481	0.343588	0.343588	0.331485	0.233269	428700.000000
2012-12-05	-0.000578	0.326492	0.334172	0.321500	-0.030094	532300.000000
2012-12-04	0.004207	0.338435	0.339013	0.329952	0.218201	1050600.000000
2012-12-03	-0.002171	0.332643	0.334951	0.325717	-0.112870	537500.000000
2012-11-30	-0.000144	0.334181	0.338606	0.325718	-0.007511	813600.000000
2012-11-29	0.000869	0.327640	0.336496	0.325907	0.045136	899300.000000
2012-11-28	0.006855	0.326274	0.339455	0.320652	0.353653	615800.000000
2012-11-27	-0.007240	0.327064	0.327256	0.317634	-0.376213	418800.000000
2012-11-26	-0.002744	0.321695	0.326109	0.317665	-0.142975	559700.000000
2012-11-23	0.013316	0.337933	0.346684	0.335988	0.684730	214900.000000
2012-11-21	0.004409	0.335433	0.338168	0.328597	0.225727	1015000.000000
2012-11-20	-0.004098	0.317122	0.324708	0.315371	-0.210682	681800.000000
2012-11-19	0.016667	0.331361	0.351137	0.330570	0.842747	1224500.000000
2012-11-16	-0.008996	0.314092	0.318012	0.298413	-0.459000	902500.000000
2012-11-15	-0.005135	0.326063	0.333667	0.317873	-0.263362	864800.000000
2012-11-14	-0.014744	0.326106	0.326875	0.309009	-0.767487	535100.000000
2012-11-13	-0.001711	0.337262	0.358358	0.335728	-0.089195	563800.000000
2012-11-12	0.001856	0.348391	0.350504	0.343203	0.096622	319900.000000
2012-11-09	0.000428	0.342817	0.353197	0.340895	0.022286	572700.000000
2012-11-08	-0.015610	0.338697	0.340589	0.324506	-0.824963	672600.000000
2012-11-07	-0.008228	0.340442	0.340442	0.326180	-0.438480	401900.000000
2012-11-06	0.002236	0.346637	0.352844	0.343064	0.118900	811400.000000
2012-11-05	0.000560	0.347390	0.348708	0.340051	0.029732	431300.000000
2012-11-02	-0.007634	0.348310	0.348310	0.333744	-0.408768	780500.000000
2012-11-01	0.020105	0.368749	0.384370	0.366654	1.055351	1123000.000000
2012-10-31	0.008280	0.371823	0.374128	0.355113	0.431080	522500.000000
2012-10-26	0.001143	0.348970	0.353970	0.342432	0.059452	587400.000000
2012-10-25	-0.001570	0.346661	0.349733	0.336293	-0.081753	637400.000000
2012-10-24	0.007620	0.361372	0.363694	0.354214	0.393898	803300.000000
2012-10-23	-0.018071	0.326323	0.328222	0.313025	-0.951301	1349900.000000
2012-10-22	0.007396	0.347805	0.356417	0.345892	0.386471	778600.000000
2012-10-19	-0.009439	0.345698	0.345698	0.330533	-0.497959	868800.000000
2012-10-18	-0.017985	0.321868	0.329500	0.319448	-0.966164	1258800.000000
2012-10-17	0.008793	0.352269	0.361471	0.351894	0.468216	456400.000000
2012-10-16	0.011292	0.360892	0.364880	0.355764	0.594578	571300.000000
2012-10-15	0.001980	0.345128	0.350456	0.337897	0.104038	365400.000000
2012-10-12	-0.000566	0.346840	0.351024	0.342085	-0.029739	326300.000000
2012-10-11	0.002693	0.357903	0.359429	0.348369	0.141220	360500.000000
2012-10-10	-0.005216	0.338680	0.348354	0.337352	-0.274987	808100.000000
2012-10-09	-0.009081	0.335358	0.339869	0.327651	-0.483089	963200.000000
2012-10-08	-0.000837	0.337996	0.344382	0.336494	-0.044590	412800.000000
2012-10-05	0.000978	0.355285	0.356601	0.343629	0.052029	498100.000000
2012-10-04	0.002521	0.344755	0.350409	0.339101	0.133773	1096800.000000
2012-10-03	-0.006402	0.338580	0.343262	0.333711	-0.341880	553400.000000
2012-10-02	0.006302	0.360019	0.361338	0.349843	0.334442	460600.000000
2012-10-01	0.001403	0.352114	0.366267	0.346452	0.074329	559300.000000
2012-09-28	-0.020066	0.324797	0.325721	0.311667	-1.085110	789900.000000
2012-09-27	0.003448	0.334375	0.350333	0.332148	0.185810	533700.000000
2012-09-26	-0.008071	0.336674	0.336674	0.327286	-0.438488	570700.000000
2012-09-25	-0.002048	0.349734	0.359285	0.342202	-0.111480	528200.000000
2012-09-24	-0.003266	0.338002	0.346058	0.335439	-0.178368	467700.000000
2012-09-21	-0.000136	0.344410	0.348987	0.341664	-0.007435	559200.000000
2012-09-20	-0.013687	0.316259	0.330162	0.313189	-0.758068	842300.000000
2012-09-19	-0.003610	0.347668	0.348207	0.339572	-0.200676	689700.000000
2012-09-18	-0.000935	0.344430	0.350721	0.340296	-0.052028	994600.000000
2012-09-17	-0.001867	0.348918	0.356632	0.342997	-0.104042	463700.000000
2012-09-14	-0.007411	0.352097	0.355659	0.334112	-0.416203	919700.000000
2012-09-13	0.023710	0.354077	0.384337	0.350066	1.300629	655900.000000
2012-09-12	0.000135	0.348061	0.350614	0.339857	0.007419	367500.000000
2012-09-11	0.009438	0.351030	0.361888	0.350110	0.512825	400900.000000
2012-09-10	-0.008678	0.341678	0.346239	0.333833	-0.475654	701600.000000
2012-09-07	0.006414	0.345325	0.355974	0.344040	0.349300	597600.000000
2012-09-06	0.024752	0.353411	0.379941	0.352283	1.315498	541600.000000
2012-09-05	-0.004455	0.346071	0.346633	0.338391	-0.237831	317800.000000
