2017-09-01	-0.003694	0.000693	0.018818	-0.009928	-0.320000	43500.000000
2017-08-31	-0.041920	0.004977	0.005420	-0.062161	-3.790001	148600.000000
2017-08-30	-0.037987	-0.041073	-0.013194	-0.046606	-3.569999	88100.000000
2017-08-29	-0.006134	-0.005288	0.013748	-0.020516	-0.579995	80900.000000
2017-08-28	-0.002742	0.000844	0.011917	-0.005590	-0.260002	42000.000000
2017-08-25	0.027525	0.003468	0.033702	0.003468	2.540001	34300.000000
2017-08-24	-0.018298	0.000000	0.018085	-0.028511	-1.720001	38100.000000
2017-08-23	0.006209	-0.003425	0.029651	-0.005887	0.580002	55000.000000
2017-08-22	0.014773	0.002498	0.023789	0.002498	1.360000	42800.000000
2017-08-21	-0.006582	-0.000863	0.008741	-0.006906	-0.610000	23400.000000
2017-08-18	0.027725	-0.004769	0.032716	-0.004769	2.500000	53600.000000
2017-08-17	-0.050042	-0.002844	-0.002844	-0.050042	-4.750000	30600.000000
2017-08-16	-0.003778	0.006822	0.028023	-0.012490	-0.360001	41200.000000
2017-08-15	-0.018440	0.000000	0.010817	-0.018646	-1.790001	38100.000000
2017-08-14	0.006637	0.008192	0.033392	0.001867	0.640000	112500.000000
2017-08-11	0.002182	-0.014758	0.009873	-0.014758	0.209999	34600.000000
2017-08-10	-0.013432	0.004204	0.015482	-0.015482	-1.309998	25900.000000
2017-08-09	-0.007833	0.001017	0.011801	-0.011597	-0.770004	35600.000000
2017-08-08	0.012150	-0.000206	0.027080	-0.000206	1.180000	53000.000000
2017-08-07	0.003409	-0.002170	0.015394	-0.006509	0.330002	49400.000000
2017-08-04	0.012554	-0.000105	0.023747	-0.010147	1.200005	36800.000000
2017-08-03	0.017456	-0.005109	0.021820	-0.015008	1.639999	55200.000000
2017-08-02	-0.014993	-0.000419	0.004404	-0.016985	-1.430000	54300.000000
2017-08-01	-0.046009	0.000100	0.000100	-0.050810	-4.600006	66700.000000
2017-07-31	0.004118	-0.000603	0.012855	-0.012253	0.410003	47200.000000
2017-07-28	0.012817	0.000102	0.019225	-0.013529	1.260002	41600.000000
2017-07-27	-0.017195	0.000900	0.019694	-0.027592	-1.720001	57200.000000
2017-07-26	0.006743	-0.000101	0.019726	-0.021940	0.669998	43300.000000
2017-07-25	0.034784	0.008227	0.038117	0.008123	3.340004	91200.000000
2017-07-24	0.001565	0.001356	0.007823	-0.008970	0.149994	27800.000000
2017-07-21	-0.003327	0.007381	0.007381	-0.009253	-0.319999	58300.000000
2017-07-20	-0.011611	0.002055	0.002055	-0.022092	-1.129998	42000.000000
2017-07-19	-0.001129	0.001437	0.024325	-0.004721	-0.110000	45500.000000
2017-07-18	-0.000103	0.000103	0.009647	-0.005850	-0.010002	36200.000000
2017-07-17	-0.010259	-0.001422	0.007923	-0.014119	-1.009995	35200.000000
2017-07-14	0.007883	-0.001638	0.014640	-0.015254	0.769997	78500.000000
2017-07-13	0.019837	0.000104	0.021090	-0.014199	1.900001	39300.000000
2017-07-12	-0.011762	0.008048	0.019707	-0.011969	-1.139999	56500.000000
2017-07-11	-0.001442	-0.000103	0.010406	-0.018442	-0.140000	51800.000000
2017-07-10	-0.008783	0.002043	0.005310	-0.020935	-0.860000	86900.000000
2017-07-07	0.008757	-0.001442	0.012568	-0.016998	0.849998	28800.000000
2017-07-06	0.014422	0.001045	0.023827	-0.011077	1.379998	50100.000000
2017-07-05	-0.016547	-0.006167	-0.006167	-0.029702	-1.610001	46300.000000
2017-07-03	0.007664	0.020920	0.020920	-0.000207	0.740005	28400.000000
2017-06-30	0.003429	0.004468	0.013301	-0.016939	0.329995	73800.000000
2017-06-29	-0.000519	0.004985	0.009971	-0.018592	-0.049996	41700.000000
2017-06-28	0.015505	0.006645	0.030904	-0.002004	1.470001	43400.000000
2017-06-27	-0.001159	-0.000105	0.031184	-0.004109	-0.110000	64300.000000
2017-06-26	-0.003569	0.000735	0.012702	-0.015326	-0.340004	32300.000000
2017-06-23	0.024411	0.016561	0.041617	0.002688	2.270004	92200.000000
2017-06-22	0.003237	-0.002697	0.026432	-0.002697	0.299996	67400.000000
2017-06-21	-0.005365	0.017277	0.019423	-0.022535	-0.500000	66400.000000
2017-06-20	-0.038088	-0.009083	-0.000413	-0.047481	-3.689995	58200.000000
2017-06-19	0.005501	0.004671	0.029061	0.001245	0.529999	36100.000000
2017-06-16	-0.004649	-0.014773	0.003926	-0.018595	-0.450005	106800.000000
2017-06-15	-0.003192	-0.003501	0.003707	-0.038513	-0.309998	53400.000000
2017-06-14	-0.030064	0.000999	0.008190	-0.044447	-3.010002	43300.000000
2017-06-13	0.000200	-0.000899	0.016983	-0.033866	0.020005	44600.000000
2017-06-12	0.016657	0.003250	0.016657	-0.001523	1.639999	75300.000000
2017-06-09	0.007882	-0.001945	0.031631	-0.001945	0.769997	48600.000000
2017-06-08	0.008465	0.002478	0.019511	-0.004645	0.819999	47900.000000
2017-06-07	-0.007479	0.002254	0.005738	-0.017213	-0.729995	100800.000000
2017-06-06	0.008264	-0.003099	0.019628	-0.003099	0.799995	57400.000000
2017-06-05	-0.000516	-0.007641	0.008673	-0.016314	-0.049995	43300.000000
2017-06-02	0.009170	-0.002813	0.030739	-0.026050	0.879997	56400.000000
2017-06-01	0.008936	0.001367	0.010093	-0.012931	0.849998	58700.000000
2017-05-31	0.041840	0.001533	0.042388	-0.031106	3.820000	128700.000000
2017-05-30	-0.023529	-0.004171	0.005348	-0.026738	-2.199997	89200.000000
2017-05-26	0.004404	0.001826	0.021592	-0.016328	0.410004	83200.000000
2017-05-25	-0.041495	0.002162	0.002162	-0.043040	-4.030007	77900.000000
2017-05-24	0.004551	0.002689	0.028238	-0.027720	0.440003	100700.000000
2017-05-23	0.002177	0.000726	0.024775	-0.027988	0.209999	135000.000000
2017-05-22	-0.028010	0.002116	0.014912	-0.036373	-2.779999	98400.000000
2017-05-19	0.006388	0.002839	0.017846	-0.012472	0.629997	76600.000000
2017-05-18	-0.003436	-0.000808	0.020210	-0.012935	-0.339996	107700.000000
2017-05-17	-0.035290	0.000000	0.000000	-0.036069	-3.620003	62700.000000
2017-05-16	-0.004271	-0.001165	0.004659	-0.012619	-0.439995	35300.000000
2017-05-15	0.010396	0.009514	0.029129	0.006473	1.059998	58800.000000
2017-05-12	-0.038748	0.000000	0.016970	-0.041199	-4.110001	87300.000000
2017-05-11	0.002552	0.003214	0.014178	-0.009452	0.269997	101700.000000
2017-05-10	0.033910	0.005766	0.043780	0.003127	3.470001	115300.000000
2017-05-09	0.029684	0.000503	0.031193	-0.001107	2.950005	116300.000000
2017-05-08	0.024642	0.000103	0.026910	-0.003093	2.389999	79100.000000
2017-05-05	0.003414	0.008173	0.011483	-0.002483	0.329994	69300.000000
2017-05-04	-0.007801	-0.000924	0.005235	-0.023301	-0.759994	63300.000000
2017-05-03	0.008280	-0.005796	0.011592	-0.010246	0.799995	42700.000000
2017-05-02	0.014490	-0.001050	0.019530	-0.009240	1.380005	37100.000000
2017-05-01	0.005915	0.003697	0.017110	-0.008238	0.559998	66900.000000
2017-04-28	-0.018148	0.002178	0.002178	-0.020948	-1.750000	68800.000000
2017-04-27	0.021396	0.000635	0.026268	-0.014935	2.019996	63200.000000
2017-04-26	0.003828	-0.002871	0.018394	-0.016693	0.360001	68100.000000
2017-04-25	0.054490	0.005830	0.063684	0.005158	4.860001	96200.000000
2017-04-24	0.018383	0.011646	0.022836	0.001028	1.610000	48000.000000
2017-04-21	-0.020687	-0.003690	-0.000671	-0.025383	-1.849998	50200.000000
2017-04-20	0.007662	0.002930	0.019268	-0.000338	0.680000	44900.000000
2017-04-19	-0.001125	0.002926	0.019696	-0.013956	-0.099998	45400.000000
2017-04-18	0.016474	0.000000	0.027457	-0.007779	1.439994	42600.000000
2017-04-17	-0.001371	0.007540	0.015423	-0.017365	-0.119995	38600.000000
2017-04-13	-0.002393	-0.002963	0.022111	-0.004331	-0.209999	77900.000000
2017-04-12	-0.019226	-0.003242	0.012184	-0.024033	-1.720001	58200.000000
2017-04-11	0.015091	-0.003291	0.019176	-0.010099	1.330002	46500.000000
2017-04-10	-0.001020	0.007595	0.027431	-0.003061	-0.090004	34500.000000
2017-04-07	-0.004176	0.002935	0.008692	-0.016819	-0.369995	43700.000000
2017-04-06	0.015358	0.007221	0.020286	0.001605	1.339996	49700.000000
2017-04-05	-0.040682	0.004728	0.015173	-0.046179	-3.699997	95100.000000
2017-04-04	0.002204	-0.000110	0.013444	-0.005399	0.199997	41200.000000
2017-04-03	0.002873	-0.000442	0.005194	-0.014035	0.260002	53500.000000
2017-03-31	0.038325	0.004704	0.042455	-0.000344	3.339996	103300.000000
2017-03-30	-0.039246	0.005843	0.007276	-0.042333	-3.559997	57500.000000
2017-03-29	0.043603	0.000230	0.046940	0.000230	3.790001	53800.000000
2017-03-28	0.012464	0.001514	0.014094	-0.018870	1.070000	54500.000000
2017-03-27	0.037838	-0.009913	0.056576	-0.026354	3.129997	145300.000000
2017-03-24	0.039065	0.027635	0.044592	-0.000126	3.110000	100100.000000
2017-03-23	-0.000377	-0.002511	0.023230	-0.004771	-0.029998	63800.000000
2017-03-22	0.000126	-0.001256	0.005651	-0.026623	0.010002	51900.000000
2017-03-21	-0.031972	0.002067	0.019937	-0.033552	-2.630005	44200.000000
2017-03-20	0.026454	-0.017345	0.027826	-0.017345	2.120003	37000.000000
2017-03-17	-0.001122	0.001371	0.003864	-0.022560	-0.090004	106700.000000
2017-03-16	0.012749	0.009720	0.014517	-0.014012	1.010002	47300.000000
2017-03-15	0.024838	-0.002329	0.037257	-0.010220	1.919998	36700.000000
2017-03-14	-0.021023	-0.006459	-0.006459	-0.032295	-1.659996	29900.000000
2017-03-13	0.018707	-0.002064	0.019094	-0.004903	1.449997	33600.000000
2017-03-10	0.003366	0.004142	0.015663	-0.009061	0.260002	23600.000000
2017-03-09	-0.007835	-0.012073	0.001927	-0.022605	-0.610001	35800.000000
2017-03-08	-0.032434	0.006089	0.006089	-0.036287	-2.610000	46700.000000
2017-03-07	-0.007646	-0.000247	0.016772	-0.016032	-0.619995	43800.000000
2017-03-06	-0.004420	-0.003192	0.000123	-0.013260	-0.360001	51400.000000
2017-03-03	-0.032775	-0.002256	0.007719	-0.044888	-2.760002	42400.000000
2017-03-02	-0.026924	-0.009822	0.001733	-0.029235	-2.330002	41800.000000
2017-03-01	0.039894	0.009373	0.041216	0.009373	3.320000	62500.000000
2017-02-28	0.013642	-0.004263	0.021194	-0.004263	1.120003	74800.000000
2017-02-27	0.019876	0.000000	0.023727	-0.001615	1.599998	41500.000000
2017-02-24	-0.018532	-0.007925	0.000244	-0.024262	-1.519997	35300.000000
2017-02-23	-0.005336	0.004851	0.006306	-0.015401	-0.440002	50500.000000
2017-02-22	-0.013400	-0.003350	0.002752	-0.014956	-1.120003	31200.000000
2017-02-21	-0.007363	0.005344	0.012589	-0.010214	-0.619995	35900.000000
2017-02-17	-0.001778	-0.005216	0.009366	-0.006046	-0.150001	42700.000000
2017-02-16	0.009575	0.001317	0.013405	-0.004788	0.799995	38700.000000
2017-02-15	-0.003340	0.001431	0.003579	-0.007873	-0.279999	33600.000000
2017-02-14	-0.007342	0.000000	0.005092	-0.011368	-0.619995	48800.000000
2017-02-13	-0.006003	0.001177	0.015654	-0.010240	-0.510002	31900.000000
2017-02-10	-0.019504	0.010271	0.010271	-0.023312	-1.690003	35300.000000
2017-02-09	0.024232	0.007210	0.031324	0.007210	2.050004	80500.000000
2017-02-08	0.031204	-0.004510	0.038518	-0.009142	2.559997	105600.000000
2017-02-07	0.001098	-0.000244	0.004759	-0.007444	0.090004	47500.000000
2017-02-06	-0.010146	0.000846	0.001087	-0.012683	-0.840004	38900.000000
2017-02-03	0.009511	0.005487	0.014023	-0.001219	0.779999	55900.000000
2017-02-02	-0.002675	0.000851	0.004621	-0.010580	-0.220001	54100.000000
2017-02-01	-0.009635	0.009635	0.017102	-0.019511	-0.799996	58400.000000
2017-01-31	-0.000120	-0.003613	0.002408	-0.019750	-0.010002	66300.000000
2017-01-30	-0.013542	-0.001901	-0.001901	-0.021977	-1.139999	76300.000000
2017-01-27	-0.033525	-0.001378	-0.001378	-0.034213	-2.919998	34700.000000
2017-01-26	-0.011238	0.002611	0.009195	-0.021342	-0.989998	68700.000000
2017-01-25	0.001364	0.000341	0.009776	-0.004433	0.119995	61200.000000
2017-01-24	0.000341	0.003070	0.008756	-0.003753	0.029999	71800.000000
2017-01-23	0.000341	-0.003981	0.005801	-0.008304	0.029998	33200.000000
2017-01-20	-0.005318	0.008033	0.016972	-0.008712	-0.469993	40700.000000
2017-01-19	-0.027830	-0.001980	-0.001760	-0.028820	-2.530007	45600.000000
2017-01-18	0.016777	-0.004026	0.018790	-0.004474	1.500000	56500.000000
2017-01-17	0.001456	0.000000	0.008065	-0.017361	0.130005	102900.000000
2017-01-13	-0.031985	-0.005855	0.002602	-0.036539	-2.950004	49900.000000
2017-01-12	-0.014321	0.002779	0.009298	-0.020947	-1.339997	61600.000000
2017-01-11	-0.015467	-0.000631	0.006839	-0.015572	-1.470001	70900.000000
2017-01-10	0.006673	-0.001377	0.020549	-0.004449	0.629997	87800.000000
2017-01-09	-0.008298	-0.007353	-0.001786	-0.030147	-0.789993	40300.000000
2017-01-06	-0.008850	-0.000625	0.000312	-0.023321	-0.850006	53000.000000
2017-01-05	-0.019298	0.003165	0.003165	-0.023280	-1.889999	68500.000000
2017-01-04	-0.009206	0.007688	0.007688	-0.012747	-0.909996	64600.000000
2017-01-03	0.001013	0.008304	0.012456	-0.008810	0.099998	43600.000000
2016-12-30	-0.006439	0.000906	0.005735	-0.012577	-0.639999	43300.000000
2016-12-29	-0.002809	0.000803	0.001706	-0.009632	-0.279999	29000.000000
2016-12-28	-0.000301	-0.000602	0.003009	-0.014142	-0.029999	53400.000000
2016-12-27	-0.001802	-0.000801	0.011314	-0.010012	-0.180000	35800.000000
2016-12-23	0.001002	-0.001503	0.013630	-0.009421	0.099998	67600.000000
2016-12-22	-0.021285	-0.002354	0.004610	-0.025306	-2.169998	49900.000000
2016-12-21	0.005622	0.002762	0.008088	-0.007003	0.570000	42300.000000
2016-12-20	0.006253	0.002481	0.006650	-0.019950	0.629997	57100.000000
2016-12-19	0.007299	-0.000700	0.016997	-0.004499	0.730003	57000.000000
2016-12-16	0.002506	0.001704	0.007016	-0.002406	0.250000	210900.000000
2016-12-15	0.014851	-0.003052	0.017903	-0.003052	1.459999	58500.000000
2016-12-14	-0.007371	-0.008784	0.007977	-0.034431	-0.730003	65600.000000
2016-12-13	-0.003622	0.005533	0.014789	-0.010362	-0.360001	65100.000000
2016-12-12	0.010985	0.007221	0.020037	-0.001119	1.080002	81600.000000
2016-12-09	-0.012653	0.000402	0.000502	-0.023800	-1.260002	65900.000000
2016-12-08	-0.003103	0.009410	0.009410	-0.005506	-0.309997	89600.000000
2016-12-07	0.010010	0.000708	0.018301	-0.007583	0.989997	75700.000000
2016-12-06	-0.013466	0.000100	0.004190	-0.022145	-1.349998	80200.000000
2016-12-05	0.008450	0.004527	0.031989	-0.004124	0.839996	113400.000000
2016-12-02	0.016150	-0.025861	0.018604	-0.025861	1.580002	136000.000000
2016-12-01	0.001536	0.003686	0.012694	-0.007985	0.150002	109900.000000
2016-11-30	0.053040	0.002479	0.059940	-0.051100	4.919998	241400.000000
2016-11-29	0.038165	-0.008842	0.043089	-0.028428	3.410004	167400.000000
2016-11-28	0.002243	0.001795	0.008861	-0.011441	0.199996	154000.000000
2016-11-25	-0.001903	0.001791	0.001791	-0.009740	-0.169998	21000.000000
2016-11-23	0.008696	0.000000	0.012987	-0.005195	0.769997	54300.000000
2016-11-22	0.002377	0.002717	0.008377	-0.004754	0.210007	65000.000000
2016-11-21	0.018916	0.004614	0.020761	0.004498	1.639999	58100.000000
2016-11-18	0.001039	-0.002194	0.003810	-0.009006	0.089996	87900.000000
2016-11-17	0.006625	0.000000	0.010460	0.000000	0.570000	103800.000000
2016-11-16	0.007258	-0.004449	0.010653	-0.020487	0.620003	80900.000000
2016-11-15	0.022749	0.004071	0.025982	-0.002634	1.900001	60800.000000
2016-11-14	0.000839	0.004673	0.011744	-0.014739	0.070000	96000.000000
2016-11-11	0.004333	-0.003851	0.011915	-0.012276	0.360001	104200.000000
2016-11-10	0.007029	0.008241	0.024967	-0.006423	0.579994	104900.000000
2016-11-09	0.023443	-0.010543	0.023815	-0.015629	1.889999	103100.000000
2016-11-08	-0.002598	-0.000124	0.010516	-0.011011	-0.209999	57900.000000
2016-11-07	0.007353	0.011715	0.021685	0.005982	0.590004	62200.000000
2016-11-04	-0.004714	-0.003721	0.020094	-0.015133	-0.380005	94200.000000
2016-11-03	-0.001115	0.004089	0.011771	-0.006443	-0.089996	68000.000000
2016-11-02	0.021129	-0.001898	0.030997	-0.010881	1.669998	153000.000000
2016-11-01	0.000633	0.000253	0.024813	-0.002912	0.050003	117000.000000
2016-10-31	-0.000380	0.000633	0.010757	-0.017211	-0.029999	114800.000000
2016-10-28	-0.012990	-0.004746	0.014989	-0.015114	-1.040001	54000.000000
2016-10-27	-0.004476	0.000497	0.013305	-0.006466	-0.360000	57500.000000
2016-10-26	0.000249	-0.003856	0.010697	-0.012438	0.019996	166700.000000
2016-10-25	-0.007407	0.009259	0.021358	-0.008395	-0.599998	53600.000000
2016-10-24	0.013767	0.007259	0.026158	0.007259	1.099998	155400.000000
2016-10-21	-0.004485	-0.004859	0.000748	-0.024421	-0.360000	46500.000000
2016-10-20	-0.007911	-0.001236	0.004079	-0.013968	-0.640000	59000.000000
2016-10-19	-0.006753	0.000859	0.010559	-0.012646	-0.549995	109200.000000
2016-10-18	-0.002205	0.015558	0.026093	-0.004410	-0.180000	59500.000000
2016-10-17	-0.008502	-0.000850	0.006680	-0.009839	-0.700005	83100.000000
2016-10-14	0.005373	0.009036	0.021736	0.001099	0.440003	81900.000000
2016-10-13	-0.023142	-0.006084	-0.001551	-0.025886	-1.940003	96000.000000
2016-10-12	-0.000119	0.002863	0.007514	-0.007037	-0.009994	75600.000000
2016-10-11	-0.025230	-0.002325	0.004069	-0.030694	-2.170006	56500.000000
2016-10-10	0.015107	0.010740	0.044140	-0.007199	1.279999	127800.000000
2016-10-07	-0.014996	0.005348	0.005348	-0.021739	-1.289994	38300.000000
2016-10-06	0.009743	-0.003287	0.023477	-0.003287	0.829995	120000.000000
2016-10-05	-0.001875	0.003984	0.009959	-0.015466	-0.159996	167500.000000
2016-10-04	0.006842	0.000354	0.013802	-0.001180	0.580001	158100.000000
2016-10-03	0.000118	0.000472	0.012152	-0.009085	0.009995	60400.000000
2016-09-30	0.006770	0.001069	0.009621	-0.004632	0.570000	115000.000000
2016-09-29	-0.007076	-0.003184	0.003420	-0.012855	-0.599999	134100.000000
2016-09-28	0.029255	0.005705	0.031318	-0.000971	2.410004	161400.000000
2016-09-27	-0.005073	0.000483	0.006763	-0.008092	-0.420006	79300.000000
2016-09-26	-0.000965	-0.000241	0.023166	-0.004223	-0.079994	142100.000000
2016-09-23	-0.019520	-0.006625	-0.003312	-0.033952	-1.650002	89800.000000
2016-09-22	0.005711	0.007615	0.011065	-0.003331	0.479996	106800.000000
2016-09-21	0.011067	0.005894	0.021893	0.004451	0.920006	119500.000000
2016-09-20	-0.008468	0.002624	0.002624	-0.012285	-0.709999	95800.000000
2016-09-19	-0.004276	0.006532	0.010570	-0.010808	-0.360001	132900.000000
2016-09-16	-0.013705	-0.007497	0.002811	-0.019210	-1.170006	250900.000000
2016-09-15	0.017400	-0.000238	0.036348	-0.000238	1.459999	230200.000000
2016-09-14	0.006598	-0.001559	0.014875	-0.002999	0.550003	113900.000000
2016-09-13	-0.039189	-0.005763	-0.001268	-0.054172	-3.400001	149800.000000
2016-09-12	0.047194	-0.006156	0.051660	-0.006156	3.910004	155700.000000
2016-09-09	-0.027354	-0.009157	-0.007866	-0.027471	-2.330002	77700.000000
2016-09-08	0.009960	0.000119	0.023002	-0.010434	0.840004	137900.000000
2016-09-07	0.000593	0.004034	0.006644	-0.006169	0.049995	89800.000000
2016-09-06	-0.002603	-0.005561	0.011478	-0.013016	-0.220001	78500.000000
2016-09-02	0.033635	0.009051	0.043787	0.000245	2.750000	225200.000000
2016-09-01	0.016410	0.003729	0.021382	-0.012805	1.320000	144000.000000
2016-08-31	-0.013248	-0.005643	0.009200	-0.030667	-1.079995	247600.000000
2016-08-30	0.005923	0.009995	0.021471	-0.002591	0.479996	93700.000000
2016-08-29	-0.014232	-0.002190	0.021044	-0.019706	-1.169998	181700.000000
2016-08-26	0.032400	0.010926	0.077860	-0.012432	2.580002	241900.000000
2016-08-25	0.075354	0.019986	0.139635	0.004321	5.579994	436800.000000
2016-08-24	-0.004035	-0.000269	0.002824	-0.012912	-0.299995	158700.000000
2016-08-23	0.018633	0.002466	0.022195	0.002466	1.360000	68300.000000
2016-08-22	-0.000821	-0.005202	0.003148	-0.013416	-0.060005	124200.000000
2016-08-19	0.006198	-0.002479	0.016253	-0.007162	0.450005	78600.000000
2016-08-18	0.005679	0.002770	0.012744	-0.003325	0.409996	61000.000000
2016-08-17	0.027323	0.002419	0.037569	-0.006688	1.920005	247200.000000
2016-08-16	0.014143	-0.003319	0.023236	-0.008082	0.979996	234500.000000
2016-08-15	0.012124	0.000584	0.020742	0.000584	0.830002	64600.000000
2016-08-12	0.008842	0.002063	0.018273	-0.003389	0.599998	93400.000000
2016-08-11	0.006974	0.003561	0.016471	-0.005787	0.470002	87900.000000
2016-08-10	-0.000741	-0.002966	0.009342	-0.008155	-0.050003	88300.000000
2016-08-09	-0.017482	0.000000	0.000728	-0.018502	-1.199997	79100.000000
2016-08-08	0.010452	0.000736	0.015604	-0.009716	0.709999	121600.000000
2016-08-05	0.030335	0.005612	0.030335	0.005460	2.000000	75400.000000
2016-08-04	-0.002572	-0.004690	0.009682	-0.004992	-0.169998	59900.000000
2016-08-03	0.016454	-0.003075	0.016454	-0.011994	1.069999	81600.000000
2016-08-02	-0.001229	-0.000154	0.009215	-0.009369	-0.080002	79800.000000
2016-08-01	-0.010486	-0.005015	0.001824	-0.017629	-0.690002	73100.000000
2016-07-29	0.014336	-0.004316	0.015878	-0.016032	0.930000	77500.000000
2016-07-28	-0.004756	-0.006444	0.007364	-0.010126	-0.309997	72900.000000
2016-07-27	0.006330	0.000772	0.020843	-0.000309	0.410003	92700.000000
2016-07-26	0.012981	-0.002502	0.016578	-0.002502	0.829998	74100.000000
2016-07-25	-0.002807	-0.003587	0.000780	-0.021366	-0.180004	115400.000000
2016-07-22	0.005173	-0.003292	0.015833	-0.006427	0.330002	25000.000000
2016-07-21	0.002200	-0.002357	0.013354	-0.007855	0.139999	74100.000000
2016-07-20	0.005212	-0.002369	0.015003	-0.012950	0.330002	110000.000000
2016-07-19	0.016372	-0.000642	0.022472	-0.000642	1.020001	64700.000000
2016-07-18	0.003867	-0.003867	0.012407	-0.009024	0.239998	60800.000000
2016-07-15	-0.000805	0.000644	0.002093	-0.008372	-0.050000	31400.000000
2016-07-14	-0.007352	0.007991	0.009270	-0.008311	-0.459999	51400.000000
2016-07-13	0.005141	0.002088	0.015100	-0.006265	0.320000	67100.000000
2016-07-12	0.011373	0.011535	0.019496	0.007474	0.700001	65100.000000
2016-07-11	0.001790	0.002930	0.012207	0.000000	0.110000	40300.000000
2016-07-08	0.028801	0.005693	0.036839	0.001842	1.719998	70900.000000
2016-07-07	-0.017763	0.008059	0.014803	-0.021217	-1.079998	88500.000000
2016-07-06	0.003135	-0.010064	0.005940	-0.014849	0.189998	121400.000000
2016-07-05	-0.009155	-0.004904	-0.000490	-0.021906	-0.559997	117800.000000
2016-07-01	0.022397	0.001838	0.032927	-0.002674	1.339996	79700.000000
2016-06-30	0.058002	0.044032	0.059063	0.033068	3.280003	65000.000000
2016-06-28	0.017819	0.016739	0.024838	0.005400	0.989998	71800.000000
2016-06-27	-0.034914	-0.005732	-0.003648	-0.040994	-2.009999	91900.000000
2016-06-24	-0.032112	-0.043712	-0.028749	-0.053295	-1.910000	150400.000000
2016-06-23	0.024987	0.012063	0.025676	0.004480	1.450001	75100.000000
2016-06-22	-0.005314	0.001028	0.001714	-0.012684	-0.310001	67900.000000
2016-06-21	-0.011689	0.000169	0.008979	-0.028121	-0.689999	54100.000000
2016-06-20	0.005622	0.010221	0.015332	0.003407	0.329998	104900.000000
2016-06-17	-0.011618	0.002021	0.016333	-0.013470	-0.689998	100800.000000
2016-06-16	0.005928	-0.013211	0.006944	-0.018631	0.349998	63500.000000
2016-06-15	-0.001522	-0.000507	0.006934	-0.019956	-0.090000	80200.000000
2016-06-14	0.002713	-0.005087	0.006105	-0.005087	0.160000	82700.000000
2016-06-13	-0.003885	-0.003210	0.002027	-0.009459	-0.230000	112400.000000
2016-06-10	-0.007877	0.006201	0.007877	-0.012904	-0.469997	57400.000000
2016-06-09	-0.006494	-0.009657	-0.005495	-0.021645	-0.390003	80300.000000
2016-06-08	-0.000832	-0.000832	0.010148	-0.000832	-0.050000	79100.000000
2016-06-07	-0.000665	0.006317	0.016459	-0.004988	-0.040001	92700.000000
2016-06-06	0.018283	0.004063	0.033350	0.004063	1.080002	96600.000000
2016-06-03	0.001696	0.000678	0.007461	-0.006105	0.099999	101900.000000
2016-06-02	-0.016019	-0.042883	-0.004005	-0.042883	-0.959999	89300.000000
2016-06-01	0.025847	-0.006162	0.028073	-0.016775	1.510002	103300.000000
2016-05-31	0.002230	0.003088	0.019729	0.000858	0.129997	155500.000000
2016-05-27	-0.010525	-0.002886	-0.001528	-0.015278	-0.619999	100100.000000
2016-05-26	-0.000339	0.006788	0.015103	-0.008824	-0.020000	82600.000000
2016-05-25	0.023090	0.006944	0.029167	0.006944	1.330002	64500.000000
2016-05-24	0.038586	0.003786	0.043274	-0.003606	2.139999	82300.000000
2016-05-23	0.006351	-0.002903	0.013791	-0.012520	0.349998	53800.000000
2016-05-20	0.030479	0.000935	0.031975	0.000935	1.630001	53200.000000
2016-05-19	0.011921	-0.011542	0.017975	-0.020435	0.630002	92300.000000
2016-05-18	0.014590	-0.003264	0.019389	-0.006911	0.759998	69800.000000
2016-05-17	-0.001151	-0.000575	0.016299	-0.004986	-0.060002	47200.000000
2016-05-16	0.010659	0.008333	0.020543	0.002519	0.550004	59000.000000
2016-05-13	-0.013573	-0.007456	0.007264	-0.014338	-0.710003	42000.000000
2016-05-12	-0.005513	0.004373	0.021483	-0.013308	-0.289997	70800.000000
2016-05-11	0.003817	0.000000	0.026717	0.000000	0.199996	56900.000000
2016-05-10	0.012952	0.001547	0.017785	0.001547	0.670002	53800.000000
2016-05-09	-0.014479	-0.001524	0.004191	-0.030291	-0.760002	82400.000000
2016-05-06	0.009229	-0.007499	0.014805	-0.007499	0.480004	73400.000000
2016-05-05	0.000192	0.009615	0.011346	-0.003846	0.009998	89000.000000
2016-05-04	-0.011219	-0.000380	0.013120	-0.021487	-0.590000	50200.000000
2016-05-03	-0.029167	-0.011630	-0.011630	-0.034521	-1.579998	49900.000000
2016-05-02	-0.003679	0.001655	0.006805	-0.013610	-0.200001	108700.000000
2016-04-29	-0.006759	0.004384	0.010230	-0.017903	-0.370003	68100.000000
2016-04-28	-0.006894	-0.001996	0.012881	-0.008890	-0.379997	129200.000000
2016-04-27	0.003276	0.000728	0.018020	-0.008919	0.180000	61400.000000
2016-04-26	0.021190	0.000000	0.023234	-0.008364	1.140000	71500.000000
2016-04-25	-0.027477	-0.007773	0.010665	-0.035249	-1.520001	114500.000000
2016-04-22	0.007283	-0.002003	0.009286	-0.006373	0.400002	63400.000000
2016-04-21	-0.007589	0.000903	0.008312	-0.018070	-0.420002	69900.000000
2016-04-20	-0.003780	-0.005040	0.010261	-0.017822	-0.209999	75800.000000
2016-04-19	0.002889	0.002889	0.018415	-0.013901	0.160000	74300.000000
2016-04-18	0.025171	-0.009624	0.031649	-0.010180	1.360000	96300.000000
2016-04-15	-0.004422	-0.006633	0.009766	-0.010319	-0.240001	137800.000000
2016-04-14	0.000553	0.002765	0.008112	-0.007559	0.029998	128800.000000
2016-04-13	0.014780	0.000374	0.020019	-0.002058	0.790001	69500.000000
2016-04-12	0.010397	0.002079	0.026654	-0.016068	0.549999	79900.000000
2016-04-11	-0.000378	-0.000378	0.011149	-0.008314	-0.019996	116700.000000
2016-04-08	0.024985	0.014139	0.038737	0.010846	1.289997	74800.000000
2016-04-07	-0.012055	-0.013395	-0.002870	-0.023536	-0.629997	173300.000000
2016-04-06	0.020903	0.003712	0.026372	-0.019340	1.069999	69800.000000
2016-04-05	-0.021972	-0.009935	-0.001911	-0.025602	-1.150001	128800.000000
2016-04-04	-0.055235	-0.002347	-0.001805	-0.055957	-3.060002	112400.000000
2016-04-01	-0.001262	-0.011358	0.004868	-0.019290	-0.069999	68300.000000
2016-03-31	-0.004665	0.001615	0.014893	-0.009690	-0.259999	120700.000000
2016-03-30	0.012904	0.002545	0.040349	-0.011450	0.710000	152100.000000
2016-03-29	0.009541	-0.005321	0.021835	-0.012844	0.520000	112000.000000
2016-03-28	0.017740	0.004295	0.025584	-0.007470	0.950001	107900.000000
2016-03-24	0.013437	0.000000	0.023467	-0.023089	0.709999	116200.000000
2016-03-23	-0.075577	-0.027817	-0.009622	-0.075752	-4.320000	174800.000000
2016-03-22	0.006693	-0.008806	0.021839	-0.009158	0.380001	127100.000000
2016-03-21	-0.017647	-0.001038	0.005882	-0.021972	-1.020000	106300.000000
2016-03-18	0.012791	0.013317	0.038374	0.010689	0.729999	146600.000000
2016-03-17	0.015300	0.003202	0.019036	-0.022772	0.860001	131500.000000
2016-03-16	0.024421	-0.000547	0.032805	-0.002734	1.340000	147100.000000
2016-03-15	-0.025573	-0.012786	0.005683	-0.038004	-1.440002	110000.000000
2016-03-14	0.003386	0.006058	0.017106	-0.013899	0.190002	125200.000000
2016-03-11	0.049168	0.009161	0.055150	0.009161	2.629997	83400.000000
2016-03-10	0.000936	0.002246	0.012725	-0.026198	0.050003	135600.000000
2016-03-09	-0.001868	0.002241	0.020732	-0.005603	-0.100002	109300.000000
2016-03-08	-0.037570	-0.004314	0.007909	-0.041524	-2.090000	152700.000000
2016-03-07	0.030376	0.002593	0.030376	-0.003519	1.639999	108700.000000
2016-03-04	0.023507	0.008152	0.052701	0.001137	1.240002	162300.000000
2016-03-03	0.038999	-0.001576	0.041757	-0.001576	1.980000	111700.000000
2016-03-02	0.016416	0.000801	0.016817	-0.005606	0.819999	189900.000000
2016-03-01	-0.010891	0.003960	0.013267	-0.013465	-0.549999	200700.000000
2016-02-29	-0.002568	-0.002568	0.019554	-0.013826	-0.130001	219000.000000
2016-02-26	-0.000592	0.002764	0.022700	-0.012633	-0.029999	110200.000000
2016-02-25	-0.002167	-0.006303	0.005909	-0.021666	-0.110000	64000.000000
2016-02-24	0.027109	-0.015780	0.032167	-0.023063	1.340000	102000.000000
2016-02-23	-0.029452	-0.006872	-0.006872	-0.035932	-1.500000	99600.000000
2016-02-22	-0.000196	0.011190	0.034158	-0.003534	-0.009999	143100.000000
2016-02-19	0.028883	-0.006059	0.030095	-0.015754	1.430001	97100.000000
2016-02-18	-0.019410	0.006536	0.023371	-0.029115	-0.980004	119300.000000
2016-02-17	0.014263	0.011250	0.044194	0.006428	0.710003	92000.000000
2016-02-16	0.009736	0.016227	0.025761	-0.010345	0.480000	92100.000000
2016-02-12	0.019016	0.015089	0.036379	0.007441	0.919998	71800.000000
2016-02-11	-0.024793	-0.020157	-0.018343	-0.061278	-1.230000	137600.000000
2016-02-10	0.000403	0.005646	0.016334	-0.004638	0.020001	71600.000000
2016-02-09	-0.016071	-0.004167	-0.001191	-0.027976	-0.810002	114700.000000
2016-02-08	0.008403	-0.015206	0.020408	-0.022409	0.420002	104200.000000
2016-02-05	-0.042162	-0.009966	0.014182	-0.043312	-2.200000	87000.000000
2016-02-04	0.003462	0.006731	0.038077	0.001154	0.180000	104300.000000
2016-02-03	0.027668	0.013241	0.038735	-0.017984	1.400002	148800.000000
2016-02-02	-0.013453	-0.019887	0.007604	-0.027296	-0.690003	125400.000000
2016-02-01	-0.040052	-0.015722	-0.009919	-0.049223	-2.139999	94100.000000
2016-01-29	0.055095	0.001580	0.058847	0.001580	2.790001	89400.000000
2016-01-28	0.037280	0.018435	0.044654	0.011880	1.819999	119800.000000
2016-01-27	-0.013737	-0.005657	0.025859	-0.017980	-0.680000	163900.000000
2016-01-26	0.034699	0.014214	0.050376	-0.000418	1.660000	161500.000000
2016-01-25	-0.026257	-0.010381	0.006920	-0.030328	-1.290001	112100.000000
2016-01-22	0.026750	0.011494	0.041170	0.006270	1.280003	105800.000000
2016-01-21	0.016787	-0.005525	0.033149	-0.017425	0.789997	151800.000000
2016-01-20	0.014224	-0.026724	0.021983	-0.041379	0.659999	142100.000000
2016-01-19	-0.023569	0.010943	0.017677	-0.034933	-1.119998	116000.000000
2016-01-15	-0.001890	-0.035287	-0.001680	-0.035287	-0.090001	118500.000000
2016-01-14	0.003161	0.003371	0.022756	-0.026970	0.150002	126200.000000
2016-01-13	-0.038882	0.000000	0.012353	-0.041920	-1.920002	157000.000000
2016-01-12	-0.016335	0.005777	0.015538	-0.036056	-0.820000	127700.000000
2016-01-11	0.002196	-0.002795	0.014174	-0.011380	0.110001	103800.000000
2016-01-08	-0.043171	0.002674	0.002865	-0.043744	-2.259998	143200.000000
2016-01-07	-0.014310	-0.017887	0.004895	-0.023913	-0.760003	129500.000000
2016-01-06	-0.028179	-0.014639	-0.002562	-0.030558	-1.540001	108700.000000
2016-01-05	-0.002373	-0.000183	0.004929	-0.031581	-0.129997	82500.000000
2016-01-04	0.013131	-0.014056	0.020529	-0.025338	0.709999	204700.000000
2015-12-31	0.000926	-0.001296	0.004073	-0.017401	0.050000	89300.000000
2015-12-30	-0.012792	-0.003655	0.000731	-0.015899	-0.700001	142300.000000
2015-12-29	0.017479	0.010041	0.023987	0.009111	0.940002	114600.000000
2015-12-28	-0.020936	-0.015474	-0.006736	-0.026943	-1.150001	57200.000000
2015-12-24	0.007890	0.003853	0.012661	-0.000183	0.430000	49500.000000
2015-12-23	0.039283	0.015256	0.041571	0.012777	2.060001	99600.000000
2015-12-22	0.014313	0.003095	0.019342	-0.000387	0.739998	78200.000000
2015-12-21	0.002326	-0.001939	0.015898	-0.008724	0.119999	91600.000000
2015-12-18	0.002332	-0.002915	0.016129	-0.016518	0.120003	234400.000000
2015-12-17	-0.012474	-0.004798	0.007484	-0.014393	-0.650002	171000.000000
2015-12-16	0.010863	-0.002910	0.024830	-0.008147	0.560002	135300.000000
2015-12-15	0.025462	0.016511	0.036006	0.000597	1.279999	97600.000000
2015-12-14	-0.004160	-0.005151	0.003962	-0.022187	-0.210000	73600.000000
2015-12-11	-0.013099	-0.012512	0.002541	-0.021701	-0.670002	75500.000000
2015-12-10	-0.006989	-0.005242	0.023491	-0.011454	-0.359996	84400.000000
2015-12-09	0.031025	0.009207	0.033627	0.000601	1.549999	145200.000000
2015-12-08	0.003011	-0.017667	0.013050	-0.024694	0.149998	199500.000000
2015-12-07	-0.045785	-0.013793	-0.013793	-0.057280	-2.390000	232700.000000
2015-12-04	-0.027571	-0.010060	-0.010060	-0.037817	-1.479999	243400.000000
2015-12-03	-0.035226	0.000539	0.000899	-0.078001	-1.959999	348900.000000
2015-12-02	-0.131710	-0.112984	-0.022004	-0.133895	-8.440003	352200.000000
2015-12-01	0.019570	0.002068	0.024662	-0.012570	1.230004	161200.000000
2015-11-30	0.037300	-0.004126	0.044067	-0.006767	2.259998	171900.000000
2015-11-27	0.038033	0.000857	0.044201	-0.001713	2.220001	50400.000000
2015-11-25	-0.009671	-0.006956	0.015270	-0.013573	-0.570000	51200.000000
2015-11-24	0.038407	-0.004757	0.046512	-0.004757	2.180001	83600.000000
2015-11-23	-0.012182	-0.008528	0.004003	-0.017055	-0.700001	54400.000000
2015-11-20	0.016092	0.005482	0.025641	0.001945	0.910000	75800.000000
2015-11-19	-0.005976	-0.000527	0.009140	-0.012129	-0.340000	44100.000000
2015-11-18	0.031550	0.013599	0.032457	0.002720	1.739997	75100.000000
2015-11-17	-0.037354	-0.001571	-0.000175	-0.037354	-2.139999	58500.000000
2015-11-16	0.006500	-0.005271	0.008257	-0.015812	0.370003	71200.000000
2015-11-13	0.006721	0.001238	0.019809	-0.011319	0.379997	72400.000000
2015-11-12	-0.011711	-0.009963	0.011536	-0.020801	-0.669998	120600.000000
2015-11-11	-0.030175	-0.003221	-0.003221	-0.033735	-1.780003	64500.000000
2015-11-10	0.006140	-0.003923	0.010916	-0.013133	0.360001	136100.000000
2015-11-09	-0.006103	-0.002204	0.000509	-0.019834	-0.360001	168400.000000
2015-11-06	0.002890	-0.003910	0.013261	-0.015981	0.170002	106200.000000
2015-11-05	0.001532	-0.004768	0.017878	-0.018560	0.090000	54300.000000
2015-11-04	-0.028775	0.002646	0.022656	-0.045312	-1.740001	89700.000000
2015-11-03	0.062182	0.004918	0.083787	0.004918	3.540001	117700.000000
2015-11-02	0.036787	-0.001093	0.056274	-0.001093	2.020000	181900.000000
2015-10-30	-0.013120	0.002157	0.013300	-0.017973	-0.729999	117300.000000
2015-10-29	0.011820	-0.002910	0.028732	-0.002910	0.649997	146900.000000
2015-10-28	0.026507	0.008214	0.047975	0.002987	1.420002	153000.000000
2015-10-27	-0.006675	-0.005006	0.010940	-0.022807	-0.360000	64300.000000
2015-10-26	-0.022476	0.000725	0.008157	-0.024288	-1.239998	114300.000000
2015-10-23	-0.001629	-0.003619	0.014658	-0.015563	-0.090000	196000.000000
2015-10-22	0.001631	0.006888	0.023201	-0.013232	0.090000	107300.000000
2015-10-21	-0.026125	0.004413	0.011827	-0.028773	-1.480004	95200.000000
2015-10-20	0.009804	-0.006595	0.027451	-0.006595	0.550004	145200.000000
2015-10-19	-0.015962	-0.011051	0.014734	-0.019470	-0.910000	106100.000000
2015-10-16	-0.026967	0.005632	0.005632	-0.033282	-1.580002	89600.000000
2015-10-15	0.040675	-0.001954	0.040853	-0.002664	2.290001	167400.000000
2015-10-14	0.015695	0.002165	0.024896	-0.007938	0.869999	76900.000000
2015-10-13	-0.003416	-0.005573	0.028767	-0.012046	-0.189999	79400.000000
2015-10-12	-0.007318	0.004819	0.015706	-0.020168	-0.410000	95300.000000
2015-10-09	-0.010246	0.000707	0.014132	-0.012542	-0.580002	90000.000000
2015-10-08	-0.006319	-0.006319	0.005266	-0.019835	-0.360000	117500.000000
2015-10-07	0.038840	0.023523	0.044128	0.013129	2.130001	245900.000000
2015-10-06	0.017440	0.000371	0.031169	0.000371	0.939998	118600.000000
2015-10-05	0.023159	0.007403	0.029613	-0.018793	1.220002	238200.000000
2015-10-02	0.058894	-0.011859	0.063317	-0.025327	2.930000	149100.000000
2015-10-01	-0.017187	0.000988	0.034571	-0.019162	-0.869999	168800.000000
2015-09-30	0.033061	0.012041	0.039184	0.002653	1.619999	247000.000000
2015-09-29	0.011143	0.001444	0.026620	-0.001857	0.540001	111800.000000
2015-09-28	-0.038492	-0.009127	-0.009127	-0.047222	-1.940003	154500.000000
2015-09-25	-0.019646	0.010893	0.035791	-0.023342	-1.009998	252900.000000
2015-09-24	0.001168	-0.005258	0.009542	-0.022201	0.060002	216700.000000
2015-09-23	-0.007154	0.001353	0.006961	-0.024362	-0.370003	100400.000000
2015-09-22	-0.005385	-0.017115	0.008846	-0.017500	-0.279999	147700.000000
2015-09-21	0.011870	0.002141	0.022962	-0.010119	0.610001	106800.000000
2015-09-18	-0.017775	-0.014335	0.002676	-0.027714	-0.930001	154400.000000
2015-09-17	-0.005512	-0.004752	0.014256	-0.014636	-0.290001	88000.000000
2015-09-16	0.018389	0.007549	0.030585	0.007356	0.950001	197900.000000
2015-09-15	0.028879	0.000996	0.045409	0.000996	1.450001	255800.000000
2015-09-14	-0.008100	0.001185	0.017187	-0.012248	-0.410000	113700.000000
2015-09-11	-0.000592	-0.009477	0.005133	-0.010859	-0.030003	107900.000000
2015-09-10	0.010776	0.002794	0.027739	-0.007184	0.540001	103300.000000
2015-09-09	-0.013000	0.003545	0.024030	-0.015166	-0.659999	164100.000000
2015-09-08	0.020708	0.015480	0.050462	0.005428	1.029998	145500.000000
2015-09-04	-0.007384	-0.011974	0.009978	-0.015765	-0.369999	78100.000000
2015-09-03	-0.000399	0.000598	0.029124	-0.006583	-0.020000	165500.000000
2015-09-02	-0.002190	0.008360	0.013336	-0.027070	-0.110001	184800.000000
2015-09-01	-0.063036	-0.030213	-0.007646	-0.070123	-3.379997	281400.000000
2015-08-31	0.015146	-0.002461	0.024044	-0.023476	0.799999	203400.000000
2015-08-28	-0.067773	-0.004942	0.013766	-0.073420	-3.840000	329700.000000
2015-08-27	0.241455	0.091148	0.292507	0.048422	11.020001	361000.000000
2015-08-26	0.040821	0.015964	0.044698	-0.007982	1.790001	154300.000000
2015-08-25	-0.008143	0.013345	0.030762	-0.011083	-0.360001	196900.000000
2015-08-24	-0.037867	-0.018063	-0.001741	-0.048313	-1.740002	259800.000000
2015-08-21	-0.051795	-0.001857	-0.001857	-0.052827	-2.509998	197400.000000
2015-08-20	-0.011424	0.001836	0.001836	-0.021624	-0.560001	156700.000000
2015-08-19	-0.015465	-0.006427	0.002209	-0.023499	-0.770001	168900.000000
2015-08-18	-0.056293	-0.003033	-0.002464	-0.071266	-2.969997	205800.000000
2015-08-17	0.016766	-0.002505	0.030642	-0.022355	0.869999	130300.000000
2015-08-14	-0.021497	0.001886	0.009240	-0.032434	-1.140000	73100.000000
2015-08-13	0.031511	-0.008753	0.039681	-0.008753	1.619999	201300.000000
2015-08-12	0.024104	-0.006375	0.028287	-0.010956	1.209999	190800.000000
2015-08-11	-0.009471	-0.009866	0.002762	-0.021113	-0.479999	131300.000000
2015-08-10	0.032179	0.000407	0.045621	0.000407	1.580002	147200.000000
2015-08-07	-0.049555	-0.008130	0.005420	-0.051297	-2.560002	186700.000000
2015-08-06	0.036725	0.001405	0.043548	-0.013044	1.829998	137200.000000
2015-08-05	-0.001203	0.008218	0.022049	-0.003808	-0.059997	152800.000000
2015-08-04	-0.010708	-0.008527	0.009320	-0.013881	-0.540001	162100.000000
2015-08-03	-0.023431	-0.004454	0.003292	-0.025949	-1.209999	214700.000000
2015-07-31	-0.016006	-0.001334	0.005526	-0.016959	-0.840001	140200.000000
2015-07-30	-0.021808	0.000000	0.006897	-0.024045	-1.170002	139400.000000
2015-07-29	0.007323	-0.001126	0.013706	-0.019151	0.390004	168800.000000
2015-07-28	0.006045	0.005856	0.017378	-0.020589	0.319999	128800.000000
2015-07-27	-0.022345	-0.009049	-0.007387	-0.033980	-1.210003	219800.000000
2015-07-24	-0.029396	-0.001792	0.001434	-0.043377	-1.639999	281200.000000
2015-07-23	-0.020369	0.000878	0.014574	-0.023178	-1.160000	259800.000000
2015-07-22	-0.041891	-0.000168	0.007066	-0.046265	-2.489998	253300.000000
2015-07-21	-0.062165	0.000000	0.010887	-0.080151	-3.940002	312000.000000
2015-07-20	-0.016602	0.000000	0.009310	-0.017223	-1.069996	689700.000000
2015-07-17	-0.012563	-0.002298	0.004290	-0.015627	-0.820000	105800.000000
2015-07-16	0.006787	0.003394	0.010643	-0.009409	0.439995	171700.000000
2015-07-15	0.018059	0.036432	0.039102	0.012563	1.150002	307000.000000
2015-07-14	0.015468	0.000638	0.018019	-0.000797	0.970001	121300.000000
2015-07-13	0.009173	-0.001287	0.016575	-0.011104	0.570000	98000.000000
2015-07-10	-0.007031	0.001278	0.008629	-0.009268	-0.440003	76700.000000
2015-07-09	0.017065	0.011539	0.019665	-0.008451	1.050003	108200.000000
2015-07-08	-0.017877	-0.003671	0.013567	-0.040702	-1.120003	216800.000000
2015-07-07	0.004167	-0.000160	0.013784	-0.018913	0.260003	102000.000000
2015-07-06	-0.004468	-0.004946	0.002074	-0.019467	-0.279999	144100.000000
2015-07-02	-0.005554	-0.000159	0.008251	-0.009521	-0.350002	96700.000000
2015-07-01	-0.009742	-0.002357	0.013514	-0.024356	-0.619999	80000.000000
2015-06-30	0.012408	0.006841	0.013204	-0.001273	0.779998	88400.000000
2015-06-29	-0.022547	-0.011973	-0.000466	-0.022547	-1.449997	106100.000000
2015-06-26	0.020146	0.000793	0.027601	-0.002221	1.269997	276200.000000
2015-06-25	-0.009428	-0.003928	0.007857	-0.019642	-0.599998	112100.000000
2015-06-24	0.019872	0.010417	0.032692	0.010417	1.239997	145800.000000
2015-06-23	0.007101	-0.003712	0.009199	-0.004842	0.440003	149800.000000
2015-06-22	0.001940	0.002102	0.009217	-0.004851	0.119999	64200.000000
2015-06-19	0.000000	-0.002749	0.006953	-0.002749	0.000000	87700.000000
2015-06-18	0.003082	0.001460	0.017194	0.001460	0.189998	163700.000000
2015-06-17	-0.010275	0.000161	0.008509	-0.012201	-0.639999	115600.000000
2015-06-16	0.013175	-0.003416	0.026025	-0.003416	0.810001	103500.000000
2015-06-15	-0.022731	-0.005087	-0.001590	-0.031315	-1.430000	133600.000000
2015-06-12	-0.009759	-0.001102	0.002676	-0.012907	-0.619999	90200.000000
2015-06-11	-0.000157	-0.001889	0.007082	-0.007397	-0.010002	129200.000000
2015-06-10	0.015665	0.010230	0.022059	0.007033	0.980000	129500.000000
2015-06-09	-0.007142	0.007935	0.012696	-0.010951	-0.449997	99900.000000
2015-06-08	0.006389	0.001278	0.014854	0.001278	0.399997	140000.000000
2015-06-05	0.034705	0.000992	0.034870	0.000992	2.100003	113800.000000
2015-06-04	-0.014013	-0.006029	-0.003259	-0.021183	-0.860001	235900.000000
2015-06-03	-0.026954	-0.000793	0.007611	-0.032821	-1.700001	249100.000000
2015-06-02	-0.016682	-0.002339	0.007795	-0.018397	-1.069999	211100.000000
2015-06-01	0.004227	0.005323	0.010177	-0.013621	0.270000	149700.000000
2015-05-29	0.013810	0.001905	0.020794	-0.001587	0.869999	197500.000000
2015-05-28	0.001112	-0.002860	0.009058	-0.008899	0.070000	85600.000000
2015-05-27	0.000954	0.004295	0.006044	-0.007953	0.060001	151300.000000
2015-05-26	-0.006322	0.000000	0.000000	-0.029398	-0.400001	256000.000000
2015-05-22	-0.028707	0.000154	0.001535	-0.040068	-1.869999	325900.000000
2015-05-21	-0.005192	-0.045510	0.025504	-0.063989	-0.340004	353800.000000
2015-05-20	-0.016964	-0.000150	-0.000150	-0.039033	-1.129998	322100.000000
2015-05-19	-0.005969	-0.004775	0.014625	-0.029996	-0.400001	210200.000000
2015-05-18	0.004497	-0.005397	0.011992	-0.008245	0.300003	129800.000000
2015-05-15	0.015218	-0.004261	0.020393	-0.013088	1.000000	116200.000000
2015-05-14	-0.008001	0.003774	0.011322	-0.018418	-0.529999	150400.000000
2015-05-13	0.007606	0.005780	0.017037	-0.012778	0.500000	152800.000000
2015-05-12	0.020807	-0.002174	0.023137	-0.021584	1.339996	146700.000000
2015-05-11	0.016254	0.002525	0.020672	-0.007732	1.030003	131700.000000
2015-05-08	0.026235	0.008745	0.033036	-0.009069	1.619999	129600.000000
2015-05-07	0.001947	0.002109	0.008437	-0.018335	0.119999	114100.000000
2015-05-06	0.002929	0.010740	0.015460	-0.010415	0.180000	131200.000000
2015-05-05	-0.005019	0.007286	0.020078	-0.009877	-0.309997	107000.000000
2015-05-04	-0.022939	0.000158	0.011232	-0.025787	-1.450001	99900.000000
2015-05-01	-0.000158	0.001740	0.009807	-0.018190	-0.010002	95300.000000
2015-04-30	-0.024834	0.000925	0.000925	-0.026377	-1.610001	154200.000000
2015-04-29	0.004182	-0.009913	0.007435	-0.022150	0.270004	214000.000000
2015-04-28	0.020550	-0.002529	0.026083	-0.021657	1.300000	145800.000000
2015-04-27	-0.013874	0.001715	0.028683	-0.015121	-0.890004	118800.000000
2015-04-24	0.000624	0.000468	0.002184	-0.012635	0.040001	125700.000000
2015-04-23	-0.003730	-0.000311	0.007615	-0.010878	-0.239997	104800.000000
2015-04-22	0.003744	0.002808	0.019342	-0.007019	0.239997	128300.000000
2015-04-21	0.001093	0.003904	0.011243	-0.006558	0.070000	125800.000000
2015-04-20	0.012650	0.007274	0.027040	0.002056	0.799999	167000.000000
2015-04-17	-0.002681	-0.005993	-0.001104	-0.015455	-0.169998	176500.000000
2015-04-16	0.010518	-0.008446	0.018486	-0.014821	0.660000	180600.000000
2015-04-15	0.022487	0.004400	0.022975	-0.002770	1.380001	212800.000000
2015-04-14	-0.007279	0.004368	0.016176	-0.010514	-0.450001	229400.000000
2015-04-13	0.005040	0.002276	0.018046	-0.006015	0.310002	120000.000000
2015-04-10	-0.003241	0.001783	0.008427	-0.007778	-0.200001	118100.000000
2015-04-09	-0.000648	-0.004858	0.010526	-0.018947	-0.040001	174000.000000
2015-04-08	-0.013578	0.000000	0.013259	-0.014217	-0.849998	121800.000000
2015-04-07	-0.020804	-0.000156	0.001877	-0.023307	-1.330002	187600.000000
2015-04-06	0.042904	0.000000	0.058728	-0.000653	2.630001	226400.000000
2015-04-02	0.000816	-0.006367	0.022694	-0.006367	0.049999	118600.000000
2015-04-01	0.007236	-0.000329	0.027298	-0.013485	0.439999	206900.000000
2015-03-31	0.013500	-0.007500	0.023667	-0.016167	0.810001	115700.000000
2015-03-30	0.000000	0.006000	0.017167	-0.010833	0.000000	203900.000000
2015-03-27	-0.037845	-0.006414	-0.006414	-0.043778	-2.360001	193000.000000
2015-03-26	-0.018725	0.000000	0.002046	-0.052714	-1.189998	258200.000000
2015-03-25	0.102533	0.036086	0.139140	0.031055	5.910000	537500.000000
2015-03-24	-0.015038	-0.001538	-0.000684	-0.029904	-0.880001	218200.000000
2015-03-23	0.011407	0.002074	0.038196	-0.011753	0.659999	269500.000000
2015-03-20	-0.013470	0.006479	0.032737	-0.013470	-0.790001	516900.000000
2015-03-19	-0.049124	-0.012970	-0.012970	-0.053340	-3.029998	159500.000000
2015-03-18	0.057976	-0.006003	0.068096	-0.014580	3.380001	157800.000000
2015-03-17	0.006040	-0.008110	0.021398	-0.017256	0.349998	99800.000000
2015-03-16	-0.004296	-0.002234	0.024914	-0.013058	-0.250000	101500.000000
2015-03-13	-0.002058	-0.008059	0.005830	-0.019033	-0.119999	89600.000000
2015-03-12	-0.016028	0.007761	0.020415	-0.021259	-0.950000	110600.000000
2015-03-11	0.027210	0.003813	0.039688	-0.006066	1.569999	159100.000000
2015-03-10	-0.025008	-0.012673	-0.012673	-0.040554	-1.479999	217400.000000
2015-03-09	0.020345	0.005172	0.029310	-0.001207	1.180000	104700.000000
2015-03-06	-0.012598	-0.012598	0.004767	-0.027068	-0.740002	144300.000000
2015-03-05	0.055905	0.000180	0.067769	0.000180	3.110001	186100.000000
2015-03-04	0.025816	0.000184	0.031164	-0.010695	1.400001	132400.000000
2015-03-03	-0.013103	-0.001092	0.008735	-0.015287	-0.720001	111400.000000
2015-03-02	0.010854	-0.000552	0.033113	-0.009934	0.590000	148500.000000
2015-02-27	-0.010377	0.006190	0.006190	-0.022392	-0.569999	97800.000000
2015-02-26	-0.012938	-0.006110	0.003594	-0.025157	-0.720002	109900.000000
2015-02-25	-0.005362	0.005719	0.009473	-0.020197	-0.299999	166900.000000
2015-02-24	-0.013575	0.003174	0.022391	-0.019217	-0.770000	107900.000000
2015-02-23	-0.008911	-0.009785	0.002971	-0.026909	-0.509999	111600.000000
2015-02-20	-0.004696	0.001739	0.006783	-0.014087	-0.270000	64800.000000
2015-02-19	-0.007423	-0.020197	0.011566	-0.036596	-0.430000	95300.000000
2015-02-18	-0.038825	-0.007632	0.008794	-0.044467	-2.340000	97900.000000
2015-02-17	-0.016803	0.000000	0.004405	-0.020555	-1.029999	66600.000000
2015-02-13	-0.002928	0.009922	0.018055	-0.019193	-0.180001	100600.000000
2015-02-12	0.035540	0.010275	0.060468	0.001516	2.110001	195200.000000
2015-02-11	0.013659	-0.003927	0.015366	-0.026635	0.799999	171200.000000
2015-02-10	-0.019913	0.001506	0.004016	-0.028782	-1.189998	158400.000000
2015-02-09	0.023112	0.004794	0.043828	0.000685	1.349998	182000.000000
2015-02-06	0.036925	0.002663	0.054323	0.002663	2.079998	196500.000000
2015-02-05	-0.002302	0.009564	0.037903	-0.012752	-0.129997	177800.000000
2015-02-04	-0.047892	-0.015346	-0.005059	-0.080438	-2.840000	170600.000000
2015-02-03	-0.004532	0.004868	0.031056	-0.026523	-0.270001	220700.000000
2015-02-02	0.073140	0.012610	0.076923	0.006125	4.060002	239900.000000
2015-01-30	0.000721	-0.004867	0.021092	-0.026501	0.039997	137600.000000
2015-01-29	-0.014567	0.007994	0.007994	-0.034464	-0.820000	240700.000000
2015-01-28	-0.029483	0.001724	0.010345	-0.032586	-1.709999	188200.000000
2015-01-27	0.007819	-0.013553	0.016334	-0.019461	0.450001	138800.000000
2015-01-26	0.037311	-0.003064	0.041276	-0.015862	2.069999	174800.000000
2015-01-23	0.024372	0.003139	0.062223	0.000185	1.320000	203500.000000
2015-01-22	0.008754	0.003539	0.022537	-0.019370	0.470001	197500.000000
2015-01-21	0.001679	0.002052	0.050373	-0.012127	0.090001	189100.000000
2015-01-20	0.002806	0.000000	0.014219	-0.034051	0.149997	190600.000000
2015-01-16	0.020817	0.000573	0.022536	-0.008976	1.090000	364800.000000
2015-01-15	-0.061817	0.008063	0.017201	-0.066834	-3.450000	247000.000000
2015-01-14	-0.016044	-0.007405	0.021509	-0.056241	-0.910000	284200.000000
2015-01-13	0.003184	0.008136	0.035373	-0.016979	0.180000	219400.000000
2015-01-12	-0.014467	-0.004881	-0.004881	-0.034861	-0.829998	164500.000000
2015-01-09	0.015578	0.001239	0.026907	-0.020889	0.879997	115900.000000
2015-01-08	-0.004581	0.008811	0.016035	-0.020088	-0.259998	190800.000000
2015-01-07	0.010506	0.015135	0.032586	-0.022970	0.590000	236000.000000
2015-01-06	-0.051512	0.001689	0.008445	-0.075325	-3.049999	210200.000000
2015-01-05	-0.056565	-0.010357	0.011791	-0.058158	-3.549999	316200.000000
2015-01-02	0.012748	0.000000	0.014523	-0.025980	0.789997	149100.000000
2014-12-31	0.006660	-0.003574	0.009584	-0.017869	0.410000	142600.000000
2014-12-30	-0.010289	-0.007074	0.012379	-0.019293	-0.640000	128800.000000
2014-12-29	-0.021551	0.003775	0.013686	-0.028787	-1.369999	111600.000000
2014-12-26	-0.006408	0.000000	0.019068	-0.026258	-0.410000	119700.000000
2014-12-24	0.007242	-0.007872	0.013224	-0.017790	0.460000	62100.000000
2014-12-23	0.011465	0.005414	0.034076	-0.005255	0.720001	167400.000000
2014-12-22	-0.020586	-0.006550	-0.003587	-0.039769	-1.320004	138300.000000
2014-12-19	0.044810	0.007170	0.049536	0.000652	2.750004	215500.000000
2014-12-18	-0.021212	0.020255	0.040670	-0.040351	-1.330002	199800.000000
2014-12-17	0.087598	0.006071	0.105637	0.004857	5.049999	321200.000000
2014-12-16	0.013716	-0.000176	0.067874	-0.008440	0.780003	337000.000000
2014-12-15	-0.027032	0.009410	0.033533	-0.034046	-1.580002	214300.000000
2014-12-12	-0.004429	-0.019247	0.003236	-0.037643	-0.259998	206500.000000
2014-12-11	-0.011949	0.004039	0.045776	-0.018007	-0.709999	202900.000000
2014-12-10	-0.062036	-0.020994	-0.008840	-0.067561	-3.930000	321500.000000
2014-12-09	0.046934	-0.017518	0.056685	-0.043794	2.840000	199400.000000
2014-12-08	-0.093483	-0.002697	-0.000599	-0.102772	-6.240002	438900.000000
2014-12-05	0.021267	0.005967	0.064412	0.005967	1.389999	340500.000000
2014-12-04	0.005229	0.057675	0.091049	-0.037988	0.340004	517900.000000
2014-12-03	0.052955	0.006478	0.060729	0.002591	3.269997	339500.000000
2014-12-02	-0.016406	0.003345	0.035680	-0.020229	-1.029999	208900.000000
2014-12-01	-0.007745	-0.004267	0.004742	-0.034297	-0.490001	324500.000000
2014-11-28	-0.070516	0.000000	0.000000	-0.097987	-4.800000	222000.000000
2014-11-26	-0.020294	-0.001439	0.010363	-0.021445	-1.410003	192500.000000
2014-11-25	-0.027572	0.004619	0.016095	-0.033030	-1.969994	158100.000000
2014-11-24	0.011896	-0.003541	0.017136	-0.007223	0.839996	147900.000000
2014-11-21	0.003981	0.017205	0.022892	-0.028295	0.279999	277600.000000
2014-11-20	0.010198	-0.000144	0.024562	-0.018242	0.709999	182000.000000
2014-11-19	-0.017499	-0.003387	0.011713	-0.035563	-1.239998	178800.000000
2014-11-18	0.006391	0.004119	0.021730	-0.001136	0.449997	182500.000000
2014-11-17	0.008595	-0.000859	0.021344	-0.010170	0.600006	203400.000000
2014-11-14	0.032234	0.002957	0.038592	-0.010942	2.180001	134100.000000
2014-11-13	-0.021557	-0.000289	-0.000289	-0.041377	-1.490006	221500.000000
2014-11-12	-0.017065	-0.003982	0.019198	-0.017918	-1.199997	156500.000000
2014-11-11	-0.011527	-0.000984	-0.000281	-0.039781	-0.819999	271400.000000
2014-11-10	-0.013725	0.005684	0.021350	-0.031748	-0.989998	317900.000000
2014-11-07	-0.009883	-0.003432	0.009197	-0.017021	-0.720001	242300.000000
2014-11-06	0.001375	-0.004811	0.010722	-0.027217	0.099998	271100.000000
2014-11-05	0.052517	-0.001736	0.053096	-0.014612	3.629997	244500.000000
2014-11-04	-0.048589	-0.015141	0.007433	-0.052030	-3.529999	268700.000000
2014-11-03	-0.001512	0.000550	0.048516	-0.012782	-0.110000	299600.000000
2014-10-31	0.034993	0.016501	0.037411	-0.028450	2.459999	213500.000000
2014-10-30	-0.029408	-0.015601	-0.005937	-0.065166	-2.129997	255200.000000
2014-10-29	0.002908	0.001800	0.047078	-0.010246	0.209999	313300.000000
2014-10-28	0.079360	0.002391	0.081154	-0.002242	5.309997	387100.000000
2014-10-27	-0.010207	-0.003550	0.005473	-0.049408	-0.689994	189500.000000
2014-10-24	-0.021283	-0.003185	0.009700	-0.027653	-1.470002	289300.000000
2014-10-23	0.019935	0.020378	0.046515	-0.005611	1.349999	302900.000000
2014-10-22	-0.008201	0.007030	0.050234	-0.009959	-0.559998	322100.000000
2014-10-21	0.029709	0.018248	0.062434	0.017946	1.970001	250700.000000
2014-10-20	0.047055	0.000000	0.049897	-0.014527	2.979996	203500.000000
2014-10-17	-0.062195	0.006960	0.043980	-0.072412	-4.199997	268300.000000
2014-10-16	0.040845	-0.006473	0.071517	-0.019575	2.650002	372800.000000
2014-10-15	0.091521	-0.009758	0.102793	-0.066958	5.439998	480800.000000
2014-10-14	-0.022690	0.016606	0.024992	-0.045709	-1.380001	353600.000000
2014-10-13	-0.041148	-0.000473	0.019549	-0.052656	-2.610000	267500.000000
2014-10-10	-0.034257	-0.011876	0.027558	-0.037911	-2.250000	363000.000000
2014-10-09	-0.059969	-0.005439	-0.004008	-0.061257	-4.190003	252000.000000
2014-10-08	0.022089	-0.001463	0.026624	-0.039789	1.510002	379500.000000
2014-10-07	0.001025	-0.014204	0.015522	-0.018304	0.070000	313200.000000
2014-10-06	-0.027208	0.007123	0.011539	-0.051567	-1.909996	285000.000000
2014-10-03	0.027217	0.017706	0.046532	0.001902	1.860001	285600.000000
2014-10-02	-0.022877	-0.007578	0.003574	-0.053903	-1.600006	426300.000000
2014-10-01	-0.040340	0.000000	0.026070	-0.047475	-2.939995	380400.000000
2014-09-30	-0.062757	-0.002572	0.010159	-0.064172	-4.880005	378400.000000
2014-09-29	-0.001797	-0.013350	0.003081	-0.041335	-0.140000	230100.000000
2014-09-26	0.001414	-0.003471	0.010541	-0.008613	0.110001	292200.000000
2014-09-25	-0.043291	-0.005534	0.003567	-0.057434	-3.519997	221600.000000
2014-09-24	0.017774	-0.002629	0.025160	-0.023032	1.419999	267600.000000
2014-09-23	0.016671	-0.007381	0.024179	-0.017307	1.309997	397100.000000
2014-09-22	-0.045200	-0.006075	0.013244	-0.050061	-3.720001	410300.000000
2014-09-19	-0.031765	0.001765	0.011882	-0.054353	-2.699997	722000.000000
2014-09-18	-0.017568	0.009940	0.018377	-0.036523	-1.519997	320100.000000
2014-09-17	-0.044717	0.000662	0.046042	-0.050127	-4.050003	400000.000000
2014-09-16	0.058061	-0.004907	0.066589	-0.012850	4.970002	356600.000000
2014-09-15	-0.041004	-0.003025	-0.002913	-0.051087	-3.660004	311600.000000
2014-09-12	-0.072334	-0.007691	0.001351	-0.077842	-6.959999	359100.000000
2014-09-11	-0.070159	-0.007441	-0.007441	-0.077986	-7.260002	350600.000000
2014-09-10	0.015605	-0.005987	0.026401	-0.005987	1.590004	199600.000000
2014-09-09	-0.010777	0.001650	0.004757	-0.018252	-1.110001	170400.000000
2014-09-08	-0.022214	-0.001804	-0.000570	-0.024017	-2.339996	162500.000000
2014-09-05	-0.018632	-0.004379	-0.004379	-0.048537	-2.000000	141700.000000
2014-09-04	0.003928	0.008792	0.027684	-0.002806	0.419998	151100.000000
2014-09-03	0.004132	0.008546	0.011927	-0.021694	0.439995	140800.000000
2014-09-02	-0.003276	0.000000	0.016849	-0.013947	-0.349999	182100.000000
2014-08-29	-0.012297	0.003328	0.023021	-0.019416	-1.330002	202600.000000
2014-08-28	0.075684	0.000995	0.081253	0.000995	7.610001	374700.000000
2014-08-27	0.107989	0.082645	0.186777	0.082534	9.800003	673300.000000
2014-08-26	0.002430	0.002430	0.014470	-0.010162	0.220001	186500.000000
2014-08-25	-0.050351	0.001783	0.005035	-0.086856	-4.800003	398900.000000
2014-08-22	0.035408	-0.015640	0.051917	-0.027805	3.260002	247400.000000
2014-08-21	-0.100264	-0.010456	-0.010456	-0.106420	-10.260002	428300.000000
2014-08-20	0.023914	0.000300	0.029818	-0.003802	2.390000	149300.000000
2014-08-19	0.010516	0.009606	0.017695	0.001011	1.040000	107700.000000
2014-08-18	0.049560	0.015918	0.050833	0.006686	4.669999	154100.000000
2014-08-15	0.002660	0.008725	0.011173	-0.020430	0.250000	186700.000000
2014-08-14	-0.020838	0.001250	0.014899	-0.023338	-2.000000	246800.000000
2014-08-13	0.035160	0.003990	0.037532	0.003883	3.260002	182900.000000
2014-08-12	0.000540	0.000540	0.011654	-0.007554	0.050003	214400.000000
2014-08-11	0.043464	0.010472	0.057088	0.004954	3.860000	223500.000000
2014-08-08	0.006460	0.005780	0.016546	-0.006120	0.570000	144200.000000
2014-08-07	0.000454	0.007937	0.023243	-0.021542	0.040001	184000.000000
2014-08-06	-0.022390	-0.005099	0.024385	-0.024274	-2.020004	178200.000000
2014-08-05	-0.003424	-0.003093	0.005523	-0.009279	-0.309998	116500.000000
2014-08-04	0.049623	-0.000348	0.052174	-0.003130	4.279999	136600.000000
2014-08-01	0.022525	-0.000119	0.025015	-0.012211	1.900002	149600.000000
2014-07-31	-0.030571	-0.013332	-0.006551	-0.050569	-2.660004	137800.000000
2014-07-30	-0.007528	0.004677	0.008441	-0.021216	-0.659996	120700.000000
2014-07-29	-0.015607	0.005390	0.018302	-0.023018	-1.390000	189400.000000
2014-07-28	0.024738	0.004717	0.030146	-0.021286	2.149994	231400.000000
2014-07-25	0.010581	-0.001861	0.013721	-0.027674	0.910004	175000.000000
2014-07-24	-0.033491	0.001461	0.013711	-0.033715	-2.980003	142800.000000
2014-07-23	0.005992	0.007801	0.009158	-0.004975	0.530006	135400.000000
2014-07-22	0.024201	0.015285	0.025938	0.006137	2.089996	190600.000000
2014-07-21	0.021045	0.016198	0.032395	0.000236	1.779999	214800.000000
2014-07-18	0.027828	-0.000243	0.034391	-0.000243	2.290001	139400.000000
2014-07-17	-0.030057	-0.008015	-0.002239	-0.033475	-2.549995	111000.000000
2014-07-16	0.013136	0.000955	0.018749	-0.014449	1.099998	111400.000000
2014-07-15	0.001196	0.008608	0.032999	-0.006815	0.099999	144700.000000
2014-07-14	0.068882	0.013291	0.071565	0.013035	5.389999	229800.000000
2014-07-11	-0.003312	-0.005987	0.013756	-0.007897	-0.260002	74300.000000
2014-07-10	-0.005069	-0.020276	-0.003295	-0.035990	-0.400002	192000.000000
2014-07-09	0.021224	0.006471	0.031966	0.001424	1.640007	135900.000000
2014-07-08	-0.009613	-0.003717	0.004230	-0.025634	-0.750000	144700.000000
2014-07-07	0.010491	0.000000	0.032509	-0.012304	0.809998	190900.000000
2014-07-03	0.037490	0.004300	0.042999	-0.001344	2.790001	68200.000000
2014-07-02	-0.025023	0.002358	0.020045	-0.030787	-1.910004	199200.000000
2014-07-01	0.041195	0.000409	0.044878	0.000409	3.020004	146600.000000
2014-06-30	0.028047	-0.006170	0.032955	-0.006871	2.000000	140400.000000
2014-06-27	-0.017904	-0.005509	0.007024	-0.028095	-1.300003	212600.000000
2014-06-26	-0.012243	-0.000136	0.007482	-0.024895	-0.900001	65100.000000
2014-06-25	-0.003795	-0.006505	0.002981	-0.016669	-0.279999	85200.000000
2014-06-24	-0.034920	-0.005362	0.002223	-0.037274	-2.669998	132600.000000
2014-06-23	-0.036785	0.000000	0.000630	-0.043210	-2.919998	131300.000000
2014-06-20	0.029572	0.001297	0.049157	-0.020233	2.279999	218100.000000
2014-06-19	-0.007083	0.001545	0.008113	-0.020863	-0.550004	89200.000000
2014-06-18	0.002194	-0.003485	0.011874	-0.017166	0.169999	195000.000000
2014-06-17	0.012017	-0.003004	0.021029	-0.005486	0.920005	122500.000000
2014-06-16	-0.003125	0.000000	0.019141	-0.005729	-0.240005	128800.000000
2014-06-13	0.023045	0.005195	0.033702	-0.009591	1.730003	168300.000000
2014-06-12	0.005896	0.004556	0.010050	-0.008442	0.440003	75200.000000
2014-06-11	-0.004668	-0.003201	0.003201	-0.023206	-0.350006	61400.000000
2014-06-10	0.000400	0.000000	0.006805	-0.015077	0.030006	62200.000000
2014-06-09	0.018619	-0.005165	0.025550	-0.015901	1.369995	82200.000000
2014-06-06	-0.002711	0.005828	0.006641	-0.007184	-0.199997	88700.000000
2014-06-05	0.002173	-0.000408	0.005705	-0.024993	0.159996	80600.000000
2014-06-04	-0.000950	0.000271	0.008278	-0.029041	-0.069999	140800.000000
2014-06-03	0.020072	-0.002076	0.024917	-0.008029	1.450004	153900.000000
2014-06-02	0.039275	0.010214	0.048482	0.004316	2.729996	226300.000000
2014-05-30	-0.031355	0.000557	0.021878	-0.033445	-2.250000	294800.000000
2014-05-29	0.040905	0.000000	0.060342	0.000000	2.820000	193000.000000
2014-05-28	0.103570	0.028494	0.116856	0.028334	6.470001	204700.000000
2014-05-27	0.025780	0.000000	0.039573	0.000000	1.569999	157400.000000
2014-05-23	0.017714	0.000000	0.020388	-0.022393	1.060002	99700.000000
2014-05-22	0.019074	0.000000	0.031676	-0.000511	1.119999	88500.000000
2014-05-21	0.023353	0.007494	0.033287	-0.006971	1.340000	58200.000000
2014-05-20	-0.017297	0.003425	0.005480	-0.027916	-1.009998	113400.000000
2014-05-19	-0.003584	-0.010239	0.019454	-0.018771	-0.209999	90100.000000
2014-05-16	0.015774	-0.001387	0.022188	-0.019067	0.909999	56500.000000
2014-05-15	-0.023527	-0.008971	-0.008294	-0.041131	-1.390003	87800.000000
2014-05-14	-0.023148	0.000165	0.011739	-0.041997	-1.399998	94200.000000
2014-05-13	-0.008850	0.000492	0.016388	-0.022779	-0.540000	72200.000000
2014-05-12	0.014633	0.000831	0.032424	-0.005155	0.880001	87500.000000
2014-05-09	0.000000	-0.004157	0.016794	-0.018956	0.000000	84900.000000
2014-05-08	-0.018923	0.001958	0.024796	-0.021207	-1.160000	104000.000000
2014-05-07	-0.044427	0.000624	0.002806	-0.061419	-2.850003	156300.000000
2014-05-06	-0.012469	-0.001847	0.023707	-0.014470	-0.809997	140000.000000
2014-05-05	0.016907	-0.004696	0.031935	-0.015811	1.079998	161800.000000
2014-05-02	0.008366	0.007735	0.018942	-0.017837	0.530003	145400.000000
2014-05-01	-0.030753	0.003213	0.012852	-0.033660	-2.010003	150500.000000
2014-04-30	0.021569	0.002813	0.023914	-0.011410	1.380001	106700.000000
2014-04-29	-0.012959	0.001543	0.018204	-0.017587	-0.840000	86100.000000
2014-04-28	-0.000617	0.000154	0.026827	-0.021893	-0.040001	139200.000000
2014-04-25	-0.030638	-0.001046	-0.001046	-0.041548	-2.050003	89600.000000
2014-04-24	0.020125	0.007471	0.032170	-0.005489	1.320008	210600.000000
2014-04-23	-0.005006	0.003641	0.013805	-0.013956	-0.330002	99500.000000
2014-04-22	0.006259	0.005648	0.044268	0.002595	0.409996	271000.000000
2014-04-21	0.050008	0.000000	0.055137	0.000000	3.120003	189300.000000
2014-04-17	0.037068	0.004820	0.053690	0.002992	2.229999	175300.000000
2014-04-16	0.003168	0.009505	0.017009	-0.000334	0.189999	170500.000000
2014-04-15	0.007730	0.004873	0.016636	-0.011931	0.460003	106600.000000
2014-04-14	0.002696	0.011626	0.028307	-0.017523	0.160000	196800.000000
2014-04-11	0.013664	-0.002733	0.028352	-0.011102	0.799999	113400.000000
2014-04-10	0.004805	0.001545	0.021280	-0.010983	0.279999	66700.000000
2014-04-09	0.005175	0.002242	0.020183	-0.003278	0.299999	139900.000000
2014-04-08	0.051324	0.002539	0.061117	-0.012514	2.830002	114800.000000
2014-04-07	-0.004873	0.002707	0.024183	-0.019852	-0.270001	98000.000000
2014-04-04	-0.026357	0.000176	0.013882	-0.044105	-1.500000	197100.000000
2014-04-03	-0.009399	-0.000348	0.007833	-0.046301	-0.540001	176100.000000
2014-04-02	0.002443	0.003141	0.023905	-0.006980	0.140000	185000.000000
2014-04-01	0.004557	0.001052	0.014724	-0.009641	0.260002	165400.000000
2014-03-31	0.001053	0.014213	0.050886	-0.007194	0.059997	284100.000000
2014-03-28	0.025923	0.000360	0.047705	0.000360	1.440003	70400.000000
2014-03-27	0.020764	0.000368	0.040426	-0.060639	1.130001	140300.000000
2014-03-26	-0.079188	0.044670	0.070389	-0.116751	-4.680000	378300.000000
2014-03-25	0.020373	0.007769	0.063191	-0.010014	1.180000	233100.000000
2014-03-24	0.043040	0.008104	0.049523	-0.016027	2.389999	189000.000000
2014-03-21	0.009269	0.006725	0.026718	-0.001999	0.509999	86900.000000
2014-03-20	-0.013448	0.000717	0.029048	-0.022951	-0.750000	58400.000000
2014-03-19	0.038741	0.002794	0.060719	-0.006333	2.080001	70800.000000
2014-03-18	0.033295	0.005389	0.040223	-0.009045	1.730000	57800.000000
2014-03-17	0.003476	0.009270	0.062186	-0.013519	0.180000	72600.000000
2014-03-14	0.021503	-0.004143	0.029197	-0.004143	1.090000	41700.000000
2014-03-13	-0.007829	0.001957	0.024662	-0.027794	-0.400001	35200.000000
2014-03-12	-0.004482	-0.002143	0.011302	-0.014224	-0.230000	17200.000000
2014-03-11	-0.000390	0.003311	0.018894	-0.011492	-0.020000	61800.000000
2014-03-10	-0.002526	-0.005634	0.012434	-0.012629	-0.130001	22800.000000
2014-03-07	-0.008476	0.008861	0.014063	-0.023310	-0.439999	40500.000000
2014-03-06	-0.006127	0.001532	0.026230	-0.011296	-0.320000	40000.000000
2014-03-05	-0.011731	-0.007379	-0.001135	-0.018543	-0.619998	56000.000000
2014-03-04	0.078351	0.031218	0.110998	0.030402	3.840000	124700.000000
2014-03-03	0.027894	-0.007341	0.036703	-0.019086	1.329998	84500.000000
2014-02-28	-0.002302	0.004603	0.024064	-0.019251	-0.110001	64500.000000
2014-02-27	0.070565	0.002016	0.108871	0.002016	3.150002	80900.000000
2014-02-26	0.019644	0.005254	0.025126	-0.007309	0.860000	42200.000000
2014-02-25	0.044869	0.003341	0.062052	0.003341	1.879997	50000.000000
2014-02-24	-0.004987	-0.004037	0.006412	-0.026122	-0.209999	40100.000000
2014-02-21	-0.009176	0.000706	0.004471	-0.025176	-0.389999	32500.000000
2014-02-20	0.020408	0.005042	0.025210	-0.003361	0.849998	21900.000000
2014-02-19	-0.020691	-0.001646	0.005643	-0.028215	-0.879997	46000.000000
2014-02-18	0.021374	0.000000	0.022575	-0.015370	0.890000	82300.000000
2014-02-14	0.021590	-0.001227	0.030913	-0.023307	0.880001	88700.000000
2014-02-13	-0.006338	-0.007801	0.016090	-0.039005	-0.260002	80100.000000
2014-02-12	-0.027501	0.001660	0.017781	-0.034851	-1.160000	51800.000000
2014-02-11	0.000000	-0.001660	0.017307	-0.012802	0.000000	74200.000000
2014-02-10	0.012968	0.014409	0.044429	0.005524	0.540001	81600.000000
2014-02-07	0.015857	0.010246	0.030495	-0.010734	0.649997	37800.000000
2014-02-06	-0.021952	0.001670	0.010976	-0.043665	-0.919998	78100.000000
2014-02-05	0.095686	0.000784	0.128366	0.000784	3.660000	141200.000000
2014-02-04	-0.012648	0.010325	0.023490	-0.021941	-0.490002	95400.000000
2014-02-03	-0.054199	-0.022217	-0.010498	-0.088623	-2.219997	103200.000000
2014-01-31	-0.059256	-0.020900	-0.017915	-0.067754	-2.580002	65500.000000
2014-01-30	0.048146	0.016851	0.057535	-0.012759	2.000000	57500.000000
2014-01-29	-0.039981	-0.004853	0.002311	-0.044835	-1.729999	49900.000000
2014-01-28	0.079322	0.072587	0.099526	0.023697	3.180000	124600.000000
2014-01-27	0.031918	-0.013900	0.054826	-0.013900	1.240002	120800.000000
2014-01-24	-0.063404	-0.008920	-0.008920	-0.083655	-2.630002	73400.000000
2014-01-23	-0.036021	-0.001627	0.014873	-0.063909	-1.549999	52100.000000
2014-01-22	0.007964	-0.002342	0.017569	-0.010775	0.340000	50100.000000
2014-01-21	-0.001404	0.000000	0.018947	-0.010526	-0.060001	100700.000000
2014-01-17	0.037118	0.002183	0.056526	-0.011402	1.529999	86900.000000
2014-01-16	0.014022	0.005658	0.036408	-0.003198	0.569999	53000.000000
2014-01-15	0.008185	0.004960	0.013889	-0.007192	0.330002	58000.000000
2014-01-14	0.016898	0.008575	0.039849	-0.009079	0.669998	123900.000000
2014-01-13	-0.041576	-0.040851	-0.009185	-0.070099	-1.719997	80700.000000
2014-01-10	0.001695	0.007748	0.007748	-0.016707	0.070000	64200.000000
2014-01-09	-0.004579	0.003374	0.011087	-0.027718	-0.190003	90900.000000
2014-01-08	0.004601	-0.000726	0.009927	-0.026877	0.190003	91400.000000
2014-01-07	-0.001692	0.000000	0.037225	-0.020788	-0.070000	173700.000000
2014-01-06	-0.010287	-0.001435	0.002392	-0.037560	-0.430000	82100.000000
2014-01-03	-0.043259	-0.002747	0.004120	-0.047379	-1.890000	86700.000000
2014-01-02	-0.022814	0.000000	0.002908	-0.038023	-1.020000	68700.000000
2013-12-31	-0.016714	-0.009677	0.002859	-0.021993	-0.760002	29700.000000
2013-12-30	-0.002194	0.000658	0.002633	-0.012069	-0.099999	44300.000000
2013-12-27	-0.005890	-0.005017	0.016798	-0.010689	-0.270000	44200.000000
2013-12-26	-0.010576	0.000000	0.003669	-0.028707	-0.490002	71500.000000
2013-12-24	-0.029738	-0.009424	0.012565	-0.038115	-1.419998	69100.000000
2013-12-23	0.030205	0.029126	0.077238	0.020065	1.400002	75000.000000
2013-12-20	0.023405	-0.020755	0.036653	-0.042614	1.059997	97000.000000
2013-12-19	-0.033298	0.009819	0.010672	-0.038420	-1.559997	66400.000000
2013-12-18	0.023820	0.005900	0.024476	-0.006774	1.090000	37400.000000
2013-12-17	-0.004568	0.010007	0.018055	-0.010877	-0.210003	50700.000000
2013-12-16	0.075573	0.000000	0.123070	0.000000	3.229999	116300.000000
2013-12-13	0.027404	0.012019	0.051442	0.001683	1.140004	45800.000000
2013-12-12	0.005803	0.001209	0.040619	-0.048598	0.239997	58600.000000
2013-12-11	0.034000	0.006500	0.053500	-0.009250	1.360001	80300.000000
2013-12-10	-0.036145	0.000482	0.051325	-0.042892	-1.500000	80700.000000
2013-12-09	0.080729	0.037500	0.089583	0.017708	3.099998	65500.000000
2013-12-06	0.021548	0.002660	0.029263	0.002660	0.810002	30500.000000
2013-12-05	-0.031186	-0.003866	0.002835	-0.040722	-1.209999	26400.000000
2013-12-04	0.034943	-0.000267	0.059749	-0.019472	1.309997	43000.000000
2013-12-03	0.223165	0.052202	0.261990	0.045677	6.840002	85700.000000
2013-12-02	-0.063836	0.000000	0.000000	-0.069640	-2.090002	34800.000000
2013-11-29	0.018351	0.000000	0.026439	-0.000933	0.590000	14500.000000
2013-11-27	0.037766	0.000968	0.048418	0.000968	1.170002	28900.000000
2013-11-26	0.003563	-0.004535	0.003887	-0.010366	0.109999	27200.000000
2013-11-25	0.003250	0.000975	0.007475	-0.014300	0.100001	14500.000000
2013-11-22	-0.007099	0.000323	0.000323	-0.018070	-0.220000	22500.000000
2013-11-21	0.066047	0.019952	0.066391	0.009288	1.920000	18200.000000
2013-11-20	-0.012568	-0.003397	0.003736	-0.021739	-0.370001	25100.000000
2013-11-19	-0.024520	-0.000994	0.015242	-0.030152	-0.739999	27900.000000
2013-11-18	0.004995	-0.005328	0.023643	-0.022977	0.149999	82600.000000
2013-11-15	0.022124	-0.006127	0.025187	-0.019741	0.650002	17200.000000
2013-11-14	-0.028439	-0.004299	-0.004299	-0.043651	-0.860001	10700.000000
2013-11-13	0.043118	0.001035	0.046568	0.001035	1.250000	16500.000000
2013-11-12	-0.000689	-0.000345	0.017235	-0.007239	-0.020000	28100.000000
2013-11-11	-0.010573	-0.010914	0.007162	-0.017053	-0.310000	37900.000000
2013-11-08	0.017702	0.001388	0.046165	-0.008330	0.510001	30600.000000
2013-11-07	-0.017729	-0.024889	0.015343	-0.024889	-0.520001	21500.000000
2013-11-06	-0.027197	0.008292	0.008292	-0.043118	-0.820000	18400.000000
2013-11-05	0.017207	-0.009447	0.019568	-0.009447	0.510001	19300.000000
2013-11-04	-0.002020	-0.008081	0.025589	-0.049832	-0.060002	26600.000000
2013-11-01	0.029820	-0.000347	0.037448	-0.013176	0.860001	59300.000000
2013-10-31	-0.030588	-0.006050	0.005042	-0.034958	-0.910000	42000.000000
2013-10-30	-0.002682	-0.008381	0.001341	-0.023466	-0.080000	14800.000000
2013-10-29	-0.000670	-0.003015	0.020770	-0.011725	-0.020000	18300.000000
2013-10-28	-0.003339	0.009683	0.009683	-0.043406	-0.100001	27200.000000
2013-10-25	-0.062304	0.005636	0.005636	-0.068253	-1.990000	29300.000000
2013-10-24	-0.000626	-0.005319	0.010013	-0.017835	-0.019998	13700.000000
2013-10-23	-0.005600	0.000000	0.021780	-0.027691	-0.180000	20800.000000
2013-10-22	-0.015017	0.008581	0.008581	-0.044744	-0.490002	61400.000000
2013-10-21	0.023205	-0.005958	0.024146	-0.015992	0.740002	68100.000000
2013-10-18	0.005359	0.005359	0.007566	-0.029319	0.170000	40300.000000
2013-10-17	0.024217	-0.000323	0.026800	-0.007427	0.750000	31400.000000
2013-10-16	0.045577	0.013842	0.052667	0.000338	1.349998	45100.000000
2013-10-15	-0.015620	0.000997	0.008973	-0.026587	-0.469999	36500.000000
2013-10-14	0.033665	-0.001374	0.037101	-0.020612	0.979999	26000.000000
2013-10-11	-0.013555	0.000000	0.009488	-0.034565	-0.399999	54600.000000
2013-10-10	0.019696	0.002073	0.035591	0.001728	0.569999	77000.000000
2013-10-09	-0.001725	-0.001725	0.005864	-0.018972	-0.049999	36600.000000
2013-10-08	-0.005489	-0.005146	0.015437	-0.025043	-0.160000	69000.000000
2013-10-07	-0.018188	-0.002358	0.000000	-0.032671	-0.540001	37200.000000
2013-10-04	0.014696	0.000000	0.023240	-0.010253	0.430001	10500.000000
2013-10-03	-0.035914	-0.006590	-0.005272	-0.050082	-1.090000	28700.000000
2013-10-02	-0.011079	-0.007820	0.003910	-0.021180	-0.340001	39000.000000
2013-10-01	-0.001627	-0.007157	0.001627	-0.024073	-0.049999	29100.000000
2013-09-30	-0.026291	-0.001267	0.019005	-0.036744	-0.830000	82400.000000
2013-09-27	0.035421	0.006560	0.059364	-0.002296	1.080000	40000.000000
2013-09-26	-0.018035	-0.000322	0.035427	-0.049597	-0.559999	92600.000000
2013-09-25	0.022054	-0.008229	0.035221	-0.018104	0.670000	63300.000000
2013-09-24	-0.021263	-0.006121	-0.004510	-0.047036	-0.660002	120300.000000
2013-09-23	-0.007990	0.014701	0.014701	-0.047300	-0.250000	33600.000000
2013-09-20	0.018555	0.011719	0.053711	-0.001628	0.570002	52900.000000
2013-09-19	-0.018844	0.013414	0.013414	-0.027787	-0.590000	21300.000000
2013-09-18	0.053499	0.001346	0.057874	-0.008748	1.590000	42700.000000
2013-09-17	-0.000673	-0.007061	0.034633	-0.011432	-0.020001	57200.000000
2013-09-16	0.011909	0.002722	0.031303	-0.073154	0.350001	50100.000000
2013-09-13	-0.001359	0.008495	0.011213	-0.020387	-0.040001	16600.000000
2013-09-12	-0.039491	0.010118	0.010118	-0.045039	-1.209999	19700.000000
2013-09-11	0.072829	-0.001050	0.091737	-0.003851	2.080000	49000.000000
2013-09-10	-0.015512	0.008618	0.009997	-0.045502	-0.450001	49600.000000
2013-09-09	0.034225	0.013904	0.060250	0.001426	0.960001	64400.000000
2013-09-06	-0.005672	0.000000	0.002481	-0.053527	-0.160000	86200.000000
2013-09-05	-0.083794	0.003897	0.006820	-0.084768	-2.580002	53900.000000
2013-09-04	-0.001621	0.009079	0.146239	-0.007458	-0.049999	108900.000000
2013-09-03	0.044008	0.000000	0.047393	0.000000	1.299999	34800.000000
2013-08-30	-0.069899	0.000000	0.005038	-0.070214	-2.219999	33700.000000
2013-08-29	0.006975	-0.000634	0.012999	-0.006341	0.219999	11500.000000
2013-08-28	0.000000	0.006658	0.013633	-0.011414	0.000000	36800.000000
2013-08-27	0.005740	-0.005102	0.019451	-0.005102	0.180000	67400.000000
2013-08-26	0.008360	0.000000	0.028296	-0.021865	0.260001	53100.000000
2013-08-23	-0.000321	0.009965	0.009965	-0.010929	-0.010001	11300.000000
2013-08-22	0.000965	0.000000	0.014479	-0.023810	0.030001	37700.000000
2013-08-21	0.009419	-0.012342	0.037350	-0.021436	0.289999	22900.000000
2013-08-20	-0.002592	0.009394	0.009394	-0.028183	-0.080000	28300.000000
2013-08-19	0.010144	0.027487	0.050720	0.007526	0.310002	30000.000000
2013-08-16	-0.037783	-0.003778	0.027393	-0.047859	-1.200001	50600.000000
2013-08-15	-0.016414	-0.012388	0.027872	-0.051099	-0.530001	41000.000000
2013-08-14	-0.045804	0.006501	0.018026	-0.052600	-1.549999	33600.000000
2013-08-13	0.010451	0.014631	0.028665	-0.010152	0.349998	52000.000000
2013-08-12	-0.012094	0.000000	0.000000	-0.030974	-0.410000	31800.000000
2013-08-09	-0.011085	0.004667	0.024212	-0.052217	-0.379997	38500.000000
2013-08-08	0.016005	0.018376	0.024303	-0.009188	0.539997	23200.000000
2013-08-07	-0.001480	-0.001480	0.006215	-0.017461	-0.049999	43600.000000
2013-08-06	-0.071703	0.005494	0.005494	-0.104396	-2.610001	93300.000000
2013-08-05	-0.010869	0.000000	0.002717	-0.042935	-0.399997	32700.000000
2013-08-02	0.030235	0.009798	0.036114	-0.037794	1.079998	48200.000000
2013-08-01	-0.018412	0.016763	0.022259	-0.023083	-0.669998	53800.000000
2013-07-31	-0.014355	0.002167	0.013814	-0.016251	-0.529999	34200.000000
2013-07-30	0.001356	0.008950	0.008950	-0.005153	0.049999	45000.000000
2013-07-29	0.005728	0.003001	0.028369	0.000546	0.209999	41700.000000
2013-07-26	-0.006235	-0.024126	0.009759	-0.024126	-0.229999	59200.000000
2013-07-25	0.032755	-0.001680	0.050952	-0.001680	1.169998	58400.000000
2013-07-24	-0.031453	-0.014913	-0.008948	-0.055043	-1.160000	50600.000000
2013-07-23	-0.054359	-0.009744	0.005128	-0.073846	-2.119999	68500.000000
2013-07-22	-0.011657	-0.021794	-0.011404	-0.042068	-0.459999	45000.000000
2013-07-19	-0.007296	-0.000503	0.031447	-0.016604	-0.290001	40900.000000
2013-07-18	0.035966	0.006516	0.047433	0.003388	1.380001	76600.000000
2013-07-17	0.051233	0.013699	0.062740	-0.000548	1.869999	61800.000000
2013-07-16	-0.057821	0.004904	0.004904	-0.064275	-2.240002	55400.000000
2013-07-15	0.075514	0.000000	0.076346	0.000000	2.720002	43100.000000
2013-07-12	-0.013421	-0.005752	0.008491	-0.032594	-0.489998	24800.000000
2013-07-11	-0.007071	-0.000272	0.025836	-0.025292	-0.260002	39800.000000
2013-07-10	-0.022335	0.008774	0.011167	-0.023664	-0.840001	29200.000000
2013-07-09	0.011022	0.028495	0.028495	-0.019355	0.410000	46700.000000
2013-07-08	-0.014830	0.000000	0.018803	-0.023835	-0.559997	54200.000000
2013-07-05	0.053571	0.000000	0.074219	0.000000	1.919998	48500.000000
2013-07-03	0.042467	-0.004654	0.063409	-0.025305	1.459999	43000.000000
2013-07-02	0.074375	0.015000	0.085312	0.004063	2.380001	110600.000000
2013-07-01	0.112270	0.009732	0.128606	0.009385	3.230000	53900.000000
2013-06-28	-0.071935	-0.006774	0.027097	-0.073548	-2.230000	136700.000000
2013-06-27	0.048005	0.006761	0.068289	-0.018256	1.420000	39000.000000
2013-06-26	0.002372	0.012877	0.017621	0.000000	0.070000	27100.000000
2013-06-25	-0.005057	0.000674	0.035738	-0.008092	-0.150000	36300.000000
2013-06-24	-0.085978	-0.043143	-0.038213	-0.132203	-2.790001	77000.000000
2013-06-21	-0.003378	0.005835	0.017506	-0.051290	-0.110000	73400.000000
2013-06-20	-0.056779	-0.011008	-0.004345	-0.063731	-1.959999	39900.000000
2013-06-19	0.017689	0.002359	0.031840	-0.008549	0.600002	68200.000000
2013-06-18	0.052436	0.008377	0.060813	-0.000310	1.689998	47000.000000
2013-06-17	0.067572	0.021862	0.074859	0.013249	2.039999	68000.000000
2013-06-14	-0.017892	-0.003253	-0.003253	-0.062785	-0.549999	34000.000000
2013-06-13	-0.001948	-0.025974	0.000974	-0.063312	-0.059999	48600.000000
2013-06-12	-0.046144	-0.005265	0.001548	-0.052028	-1.490002	38700.000000
2013-06-11	0.029327	-0.019127	0.039847	-0.019127	0.920000	62000.000000
2013-06-10	0.069553	0.000000	0.073645	-0.001023	2.040001	65200.000000
2013-06-07	-0.006100	0.013216	0.025076	-0.013555	-0.180000	70100.000000
2013-06-06	0.018640	0.010010	0.027615	-0.002071	0.540001	16500.000000
2013-06-05	-0.020953	-0.011490	0.016560	-0.021291	-0.620001	39300.000000
2013-06-04	0.002371	0.012873	0.028117	-0.017615	0.070000	30400.000000
2013-06-03	0.057307	-0.016118	0.066619	-0.025072	1.600000	86300.000000
2013-05-31	-0.064970	0.004689	0.004689	-0.068654	-1.940001	55200.000000
2013-05-30	0.005049	-0.013127	0.023225	-0.013127	0.150002	43700.000000
2013-05-29	0.000000	-0.005385	0.028947	-0.015146	0.000000	51200.000000
2013-05-28	0.076839	0.000000	0.122508	0.000000	2.119999	152400.000000
2013-05-24	0.084513	0.005110	0.089229	0.002752	2.149999	62100.000000
2013-05-23	0.036253	-0.008961	0.042363	-0.044399	0.890002	64000.000000
2013-05-22	0.126147	0.059633	0.215596	0.045872	2.750000	76700.000000
2013-05-21	0.049591	-0.001926	0.061627	-0.006741	1.029999	29500.000000
2013-05-20	0.051113	-0.012652	0.056174	-0.017713	1.010000	36200.000000
2013-05-17	0.033473	0.012029	0.038703	0.006799	0.639999	24500.000000
2013-05-16	-0.073643	-0.013566	-0.013566	-0.087209	-1.519998	32200.000000
2013-05-15	0.020772	-0.009397	0.022750	-0.032641	0.420000	18500.000000
2013-05-14	0.007474	-0.008969	0.008969	-0.025909	0.149999	15800.000000
2013-05-13	-0.000498	0.000000	0.004980	-0.012450	-0.010000	9200.000000
2013-05-10	-0.021442	0.006823	0.006823	-0.024854	-0.440000	9100.000000
2013-05-09	0.002443	-0.003420	0.004885	-0.007816	0.050001	12200.000000
2013-05-08	0.018408	0.005473	0.027363	-0.006468	0.369999	22400.000000
2013-05-07	0.061246	-0.000528	0.068110	-0.000528	1.159999	29900.000000
2013-05-06	0.002116	0.000000	0.004233	-0.008995	0.040001	11600.000000
2013-05-03	0.019968	0.008095	0.030761	0.001079	0.369999	25300.000000
2013-05-02	-0.002154	0.000000	0.015078	-0.005924	-0.039999	34900.000000
2013-05-01	-0.006421	0.007491	0.008026	-0.012841	-0.120001	43300.000000
2013-04-30	0.000000	-0.002675	0.005350	-0.011236	0.000000	27300.000000
2013-04-29	0.004299	0.013434	0.013971	0.002149	0.080000	13700.000000
2013-04-26	-0.033247	0.000000	0.000000	-0.034286	-0.639999	39800.000000
2013-04-25	0.007326	0.008896	0.027211	0.004710	0.139999	18100.000000
2013-04-24	0.020288	0.001068	0.026695	-0.001068	0.380001	32400.000000
2013-04-23	0.059989	0.001698	0.061121	0.001698	1.060000	15400.000000
2013-04-22	-0.001695	0.003955	0.005650	-0.013559	-0.030001	17600.000000
2013-04-19	0.007399	0.002846	0.013090	-0.012521	0.130001	17300.000000
2013-04-18	0.004000	0.013714	0.013714	-0.021714	0.070000	43500.000000
2013-04-17	-0.038990	-0.002746	-0.002746	-0.056562	-0.709999	32800.000000
2013-04-16	0.026494	0.024239	0.038331	0.001127	0.469999	28300.000000
2013-04-15	-0.091189	-0.003586	-0.003074	-0.094262	-1.780000	45600.000000
2013-04-12	0.000000	0.004098	0.008709	-0.002049	0.000000	11000.000000
2013-04-11	0.004115	-0.011831	0.022119	-0.012860	0.079999	30100.000000
2013-04-10	0.016736	-0.001569	0.016736	-0.008368	0.320000	22200.000000
2013-04-09	0.013249	0.000530	0.034976	-0.003180	0.250000	37500.000000
2013-04-08	0.015062	-0.002152	0.016676	-0.003765	0.280001	19800.000000
2013-04-05	-0.015881	-0.005823	-0.003176	-0.018528	-0.299999	17500.000000
2013-04-04	-0.012546	-0.000523	0.004705	-0.029273	-0.240000	26100.000000
2013-04-03	-0.038210	0.000503	0.000503	-0.038210	-0.760000	13100.000000
2013-04-02	-0.048781	-0.006217	0.004304	-0.058345	-1.020001	27300.000000
2013-04-01	-0.054702	0.000000	0.000000	-0.069168	-1.210001	34500.000000
2013-03-28	-0.062712	-0.003814	-0.002966	-0.067373	-1.479999	35700.000000
2013-03-27	-0.024793	-0.008265	0.002066	-0.024793	-0.600001	15600.000000
2013-03-26	0.016807	0.007983	0.023109	0.007983	0.400002	7400.000000
2013-03-25	0.006768	0.012267	0.014382	0.001269	0.160000	7700.000000
2013-03-22	-0.005051	0.008838	0.008838	-0.010522	-0.120001	17900.000000
2013-03-21	-0.018182	0.010331	0.010331	-0.028512	-0.440001	21800.000000
2013-03-20	0.052174	0.003043	0.062174	0.003043	1.200001	14200.000000
2013-03-19	0.010989	0.010989	0.047033	0.003077	0.250000	31500.000000
2013-03-18	-0.019397	-0.004741	0.002155	-0.021121	-0.450001	72900.000000
2013-03-15	0.020229	0.011434	0.032542	0.000880	0.460001	53300.000000
2013-03-14	0.000440	0.000000	0.007479	-0.014958	0.010000	20000.000000
2013-03-13	0.052802	-0.001390	0.062992	-0.002779	1.140000	31900.000000
2013-03-12	0.029566	0.011445	0.029566	0.009537	0.620001	40800.000000
2013-03-11	0.028950	0.000000	0.032875	-0.025515	0.590000	34600.000000
2013-03-08	0.010913	-0.001984	0.018353	-0.030258	0.219999	41100.000000
2013-03-07	-0.054409	-0.004221	0.006098	-0.061914	-1.160000	36000.000000
2013-03-06	-0.002806	0.007484	0.016370	-0.007484	-0.059999	9300.000000
2013-03-05	-0.034763	0.000000	0.000000	-0.041987	-0.770001	35700.000000
2013-03-04	-0.007172	-0.000896	0.010309	-0.017929	-0.159999	18800.000000
2013-03-01	-0.034199	-0.011255	-0.002597	-0.036364	-0.790001	8000.000000
2013-02-28	0.007853	0.000000	0.023124	-0.003927	0.180000	35300.000000
2013-02-27	0.021390	0.001337	0.058378	-0.000891	0.479999	23600.000000
2013-02-26	0.030303	0.006428	0.041781	0.005510	0.660000	22400.000000
2013-02-25	-0.070422	0.006402	0.006402	-0.071276	-1.649999	28200.000000
2013-02-22	0.026281	0.007446	0.033728	0.000876	0.600000	19700.000000
2013-02-21	-0.051122	0.000000	0.000000	-0.059850	-1.229999	28100.000000
2013-02-20	-0.030621	0.000000	0.000000	-0.030621	-0.760001	22000.000000
2013-02-19	-0.002412	0.000000	0.020096	-0.005225	-0.059999	18600.000000
2013-02-15	0.009331	0.006085	0.010548	0.000000	0.229999	35400.000000
2013-02-14	-0.006849	-0.005238	0.007252	-0.008461	-0.170000	20800.000000
2013-02-13	0.002019	0.006056	0.013726	-0.010093	0.050000	29000.000000
2013-02-12	0.005684	0.000812	0.013398	-0.015428	0.140001	25300.000000
2013-02-11	0.006950	-0.002044	0.009812	-0.004906	0.170000	35100.000000
2013-02-08	0.020017	0.005004	0.022519	0.000417	0.479999	18400.000000
2013-02-07	0.039445	0.003901	0.046814	0.003901	0.910000	18700.000000
2013-02-06	-0.023699	-0.025391	-0.015658	-0.073635	-0.559999	50600.000000
2013-02-05	0.027391	-0.003913	0.032174	-0.003913	0.629999	29800.000000
2013-02-04	0.054079	0.003666	0.054079	-0.000917	1.180000	72500.000000
2013-02-01	-0.000916	0.002747	0.016026	-0.005495	-0.020000	127400.000000
2013-01-31	-0.000915	-0.001830	0.003660	-0.005947	-0.020001	33200.000000
2013-01-30	-0.004100	-0.000456	0.001367	-0.005467	-0.090000	36100.000000
2013-01-29	0.019034	0.000000	0.019963	0.000000	0.410000	37400.000000
2013-01-28	0.012694	0.003761	0.012694	0.001410	0.270001	38900.000000
2013-01-25	0.002356	0.003770	0.005655	0.000000	0.050001	10900.000000
2013-01-24	-0.003288	0.000470	0.002348	-0.006106	-0.070002	15200.000000
2013-01-23	0.001882	0.002353	0.009882	-0.002353	0.040001	16000.000000
2013-01-22	0.001886	0.000000	0.004243	-0.009429	0.040001	12700.000000
2013-01-18	-0.009804	-0.000467	-0.000467	-0.019141	-0.210001	18800.000000
2013-01-17	-0.009251	0.001388	0.001388	-0.015264	-0.200001	14100.000000
2013-01-16	-0.007802	-0.007343	-0.000459	-0.013309	-0.170000	21000.000000
2013-01-15	0.001379	-0.000460	0.002757	-0.012408	0.030001	28200.000000
2013-01-14	0.014925	0.006063	0.015392	-0.000933	0.319999	23200.000000
2013-01-11	0.010844	0.005658	0.018388	0.005658	0.230002	17300.000000
2013-01-10	0.015318	-0.001915	0.020584	-0.003351	0.320000	13700.000000
2013-01-09	0.009666	0.008217	0.018366	0.003383	0.199998	13900.000000
2013-01-08	0.012726	0.000000	0.017132	-0.000979	0.260001	26200.000000
2013-01-07	-0.004386	0.001949	0.039961	-0.005848	-0.090000	38400.000000
2013-01-04	0.046405	0.005609	0.062213	0.005609	0.909999	21300.000000
2013-01-03	-0.009596	0.007576	0.010101	-0.012121	-0.189998	24200.000000
2013-01-02	0.026438	0.000000	0.035770	-0.004147	0.509998	75500.000000
2012-12-31	0.015798	-0.006846	0.016324	-0.010005	0.300001	22800.000000
2012-12-28	0.001582	-0.009494	0.011603	-0.015295	0.030001	15400.000000
2012-12-27	0.001056	0.000528	0.006336	-0.017423	0.019998	15300.000000
2012-12-26	-0.001055	0.000000	0.006329	-0.005802	-0.019998	8800.000000
2012-12-24	0.001585	-0.001585	0.008980	-0.001585	0.029999	5000.000000
2012-12-21	-0.002634	0.000000	0.011064	-0.007376	-0.050000	54600.000000
2012-12-20	-0.002627	-0.000526	0.008933	-0.009459	-0.050001	20600.000000
2012-12-19	0.002106	0.000527	0.015798	-0.010532	0.040001	18000.000000
2012-12-18	0.025378	0.000540	0.025918	0.000000	0.470000	13300.000000
2012-12-17	0.021511	0.000000	0.024821	-0.005516	0.390001	12900.000000
2012-12-14	0.005546	-0.001109	0.014975	-0.001109	0.099998	9600.000000
2012-12-13	-0.023822	-0.010287	-0.010287	-0.024364	-0.439998	9900.000000
2012-12-12	0.013721	0.007135	0.033480	0.003842	0.250000	20400.000000
2012-12-11	0.000000	-0.000549	0.001647	-0.011526	0.000000	14700.000000
2012-12-10	0.023021	-0.000561	0.023582	-0.002807	0.410000	15800.000000
2012-12-07	-0.007800	-0.010585	-0.001114	-0.017827	-0.140002	9400.000000
2012-12-06	-0.025516	-0.011401	-0.001086	-0.041260	-0.469999	26400.000000
2012-12-05	-0.004324	0.000000	0.000000	-0.013514	-0.080000	11500.000000
2012-12-04	0.006529	-0.008161	0.012514	-0.008705	0.120001	6900.000000
2012-12-03	-0.024416	0.008493	0.008493	-0.043524	-0.460001	13900.000000
2012-11-30	0.056646	0.006730	0.064498	-0.003926	1.010000	32700.000000
2012-11-29	0.022949	0.002295	0.024670	-0.009180	0.400000	11700.000000
2012-11-28	0.008680	-0.002894	0.008680	-0.011574	0.149999	6500.000000
2012-11-27	0.015873	0.004703	0.022340	0.001176	0.270001	11000.000000
2012-11-26	0.021622	0.000000	0.025826	-0.000601	0.360000	14800.000000
2012-11-23	0.012158	0.000000	0.017629	-0.007295	0.199999	9000.000000
2012-11-21	0.015432	0.010494	0.018518	0.000617	0.250000	9500.000000
2012-11-20	0.037132	0.000000	0.047375	-0.001280	0.580001	21100.000000
2012-11-19	0.049026	0.003358	0.051713	0.003358	0.730000	16100.000000
2012-11-16	0.017077	-0.004781	0.021858	-0.009563	0.250000	21700.000000
2012-11-15	-0.002045	-0.004772	0.016360	-0.016360	-0.030000	20200.000000
2012-11-14	-0.096675	0.000616	0.000616	-0.098522	-1.570000	34700.000000
2012-11-13	-0.020507	-0.003016	-0.003016	-0.023522	-0.340000	14100.000000
2012-11-12	-0.001205	0.006024	0.010843	-0.001205	-0.020000	4500.000000
2012-11-09	0.003021	-0.001208	0.022961	-0.001208	0.050001	9200.000000
2012-11-08	-0.017804	-0.005341	0.007715	-0.017804	-0.300001	19200.000000
2012-11-07	-0.039886	-0.004558	-0.004558	-0.044444	-0.699999	16500.000000
2012-11-06	0.000570	-0.000570	0.011402	-0.012543	0.009998	14800.000000
2012-11-05	0.009787	0.000000	0.018423	0.000000	0.170000	20900.000000
2012-11-02	-0.001150	0.004600	0.019552	-0.008051	-0.019998	18800.000000
2012-11-01	-0.012493	0.005678	0.006246	-0.020443	-0.220002	17500.000000
2012-10-31	-0.016750	0.000000	0.003350	-0.019542	-0.299999	16400.000000
2012-10-26	0.015882	0.005105	0.020420	-0.005105	0.280001	14200.000000
2012-10-25	0.020255	0.000000	0.021991	0.000000	0.349998	11600.000000
2012-10-24	-0.016505	-0.003415	0.003415	-0.016505	-0.289999	27300.000000
2012-10-23	-0.013476	-0.003369	-0.002246	-0.017406	-0.239999	22300.000000
2012-10-22	0.003380	0.004507	0.007887	-0.006761	0.059999	14500.000000
2012-10-19	0.001693	0.004515	0.036682	-0.000564	0.030001	20200.000000
2012-10-18	-0.008949	0.003915	0.012304	-0.010067	-0.160000	13800.000000
2012-10-17	0.007892	0.003382	0.015784	0.003382	0.139999	11700.000000
2012-10-16	-0.016084	0.012202	0.017748	-0.018303	-0.290001	25500.000000
2012-10-15	0.006138	-0.002232	0.006138	-0.008929	0.110001	8700.000000
2012-10-12	-0.001115	0.005017	0.005017	-0.010591	-0.020001	11100.000000
2012-10-11	0.005042	0.010644	0.010644	-0.003922	0.090001	15600.000000
2012-10-10	-0.020845	0.000000	0.008777	-0.027976	-0.380000	7000.000000
2012-10-09	-0.008700	0.005982	0.005982	-0.015769	-0.159999	6600.000000
2012-10-08	0.011551	-0.008801	0.016502	-0.009901	0.209999	5200.000000
2012-10-05	-0.016234	-0.002164	0.008117	-0.020563	-0.300000	14400.000000
2012-10-04	0.023256	-0.001661	0.023256	-0.001661	0.420001	10700.000000
2012-10-03	0.006128	0.007799	0.020056	0.000557	0.109998	12400.000000
2012-10-02	0.006166	-0.000561	0.012892	-0.005045	0.110001	12400.000000
2012-10-01	-0.009439	-0.000555	0.006108	-0.011660	-0.170000	12400.000000
2012-09-28	-0.034834	-0.009646	-0.005359	-0.034834	-0.650000	21200.000000
2012-09-27	-0.030649	0.010390	0.011429	-0.043117	-0.590000	32400.000000
2012-09-26	0.037736	0.007547	0.054987	0.007547	0.700001	36900.000000
2012-09-25	0.023731	0.006622	0.030353	0.006622	0.429998	19500.000000
2012-09-24	0.010597	-0.002231	0.011154	-0.005577	0.190001	8000.000000
2012-09-21	0.017594	0.014756	0.028377	-0.000568	0.309999	65000.000000
2012-09-20	-0.015642	-0.004469	0.003352	-0.016760	-0.279999	26100.000000
2012-09-19	-0.002786	0.000000	0.009471	-0.007242	-0.050001	25000.000000
2012-09-18	-0.012651	0.001650	0.013751	-0.019252	-0.229999	25000.000000
2012-09-17	0.004975	0.002211	0.008292	-0.007739	0.090000	15300.000000
2012-09-14	0.008361	0.000557	0.012263	-0.008919	0.149999	16800.000000
2012-09-13	0.008432	-0.009556	0.017425	-0.011804	0.150000	18900.000000
2012-09-12	0.005085	-0.003955	0.014689	-0.003955	0.090000	19200.000000
2012-09-11	-0.008959	-0.001680	0.017357	-0.012878	-0.160000	19900.000000
2012-09-10	-0.028820	-0.004894	-0.001631	-0.029908	-0.529998	18700.000000
2012-09-07	0.017146	-0.003872	0.025443	-0.015487	0.309999	10300.000000
2012-09-06	0.023783	0.010759	0.023783	0.002831	0.420000	12500.000000
2012-09-05	-0.003386	0.002257	0.032731	-0.007336	-0.059999	34500.000000
