2017-09-01	0.005396	0.003015	0.014442	-0.000635	0.340000	4896300.000000
2017-08-31	0.001893	0.011274	0.014136	0.004278	0.119053	5833500.000000
2017-08-30	-0.001732	0.006348	0.012062	0.001110	-0.109135	4629100.000000
2017-08-29	0.000788	0.004917	0.010636	-0.002231	0.049606	4076300.000000
2017-08-28	-0.006731	0.007304	0.011091	-0.005950	-0.426616	4505600.000000
2017-08-25	0.015903	0.011622	0.027972	0.009699	0.992130	5712600.000000
2017-08-24	-0.004906	0.006500	0.008733	-0.002114	-0.307560	5674100.000000
2017-08-23	-0.002526	0.003958	0.010322	0.000298	-0.158737	4433400.000000
2017-08-22	0.005555	0.010495	0.018175	0.009695	0.347240	4710200.000000
2017-08-21	-0.005054	0.004592	0.009368	0.002682	-0.317478	4498200.000000
2017-08-18	0.004601	0.008575	0.020409	0.006336	0.287716	9096300.000000
2017-08-17	-0.010673	0.003980	0.009359	-0.004088	-0.674648	5292100.000000
2017-08-16	0.004256	0.011113	0.016038	0.004599	0.267875	6329600.000000
2017-08-15	-0.007975	0.007778	0.007778	-0.006565	-0.505985	6850800.000000
2017-08-14	0.001880	0.010620	0.015041	0.005409	0.119053	4908300.000000
2017-08-11	-0.008851	0.003240	0.012161	-0.002395	-0.565510	4627500.000000
2017-08-10	-0.016644	0.008859	0.012399	-0.012073	-1.081417	8060500.000000
2017-08-09	0.000000	0.011629	0.014245	0.001471	0.000000	6274900.000000
2017-08-08	-0.015928	0.003392	0.009147	-0.011603	-1.051659	8700100.000000
2017-08-07	-0.014658	0.003607	0.007338	-0.007138	-0.982208	5756600.000000
2017-08-04	-0.009968	0.006901	0.010447	-0.003294	-0.674644	5411600.000000
2017-08-03	-0.013164	0.005457	0.009685	-0.012186	-0.902832	9869700.000000
2017-08-02	0.001739	0.006036	0.013193	-0.000682	0.119049	7973400.000000
2017-08-01	0.005977	0.006466	0.013959	-0.000146	0.406776	10295700.000000
2017-07-31	0.002045	0.007641	0.012794	-0.003401	0.138901	10621100.000000
2017-07-28	0.010032	0.004366	0.026672	0.003771	0.674644	10545600.000000
2017-07-27	0.011793	0.007484	0.020123	-0.001092	0.783783	6968600.000000
2017-07-26	-0.000298	0.015005	0.025233	0.003573	-0.019844	8350800.000000
2017-07-25	0.008883	0.016737	0.025083	0.015675	0.585358	6947200.000000
2017-07-24	-0.001653	0.010208	0.012632	-0.002367	-0.109139	6211000.000000
2017-07-21	-0.007311	0.019666	0.037112	-0.004397	-0.486137	10910300.000000
2017-07-20	-0.006228	0.012867	0.014810	-0.002228	-0.416702	7458200.000000
2017-07-19	0.019039	0.007174	0.030171	0.006717	1.250084	6642300.000000
2017-07-18	-0.009726	0.015175	0.015325	-0.004884	-0.644883	5359800.000000
2017-07-17	-0.000299	0.006427	0.018339	0.004920	-0.019844	6438500.000000
2017-07-14	0.005414	0.008087	0.017031	0.006116	0.357171	5340600.000000
2017-07-13	0.013876	0.006245	0.022690	0.005784	0.902832	6252300.000000
2017-07-12	-0.003192	0.019119	0.020345	0.001041	-0.208344	6497600.000000
2017-07-11	0.006733	0.007935	0.021662	0.003617	0.436539	5534000.000000
2017-07-10	0.004149	0.003908	0.017383	0.003289	0.267868	5873600.000000
2017-07-07	-0.000768	0.005769	0.008709	-0.007231	-0.049599	6743400.000000
2017-07-06	-0.009279	0.014375	0.019588	-0.003104	-0.605202	6503800.000000
2017-07-05	-0.018366	0.012300	0.012300	-0.016597	-1.220321	8872900.000000
2017-07-03	0.017163	0.012222	0.031817	0.008854	1.121109	5201400.000000
2017-06-30	0.007036	0.015181	0.019189	0.007935	0.456382	7902900.000000
2017-06-29	0.001992	0.013342	0.024155	0.008708	0.128968	7190000.000000
2017-06-28	-0.001683	0.009169	0.018422	0.003926	-0.109131	6243500.000000
2017-06-27	-0.008044	0.004264	0.010230	-0.003691	-0.525826	6498400.000000
2017-06-26	-0.000607	0.010687	0.015121	0.001820	-0.039688	8042700.000000
2017-06-23	0.008567	0.007318	0.020116	0.004543	0.555588	7402500.000000
2017-06-22	-0.001527	0.008397	0.022715	0.003009	-0.099213	8088000.000000
2017-06-21	-0.019176	0.003858	0.004009	-0.014564	-1.269920	11374200.000000
2017-06-20	-0.019824	-0.007606	-0.007606	-0.022554	-1.339371	9580000.000000
2017-06-19	-0.006999	0.007200	0.010875	-0.002059	-0.476219	5037600.000000
2017-06-16	0.018565	0.011977	0.026648	0.003744	1.240158	10179200.000000
2017-06-15	-0.012467	0.004683	0.006457	-0.009509	-0.843307	9465900.000000
2017-06-14	-0.016871	0.003720	0.004156	-0.021278	-1.160790	10261300.000000
2017-06-13	0.000577	0.007935	0.013607	0.001100	0.039688	7882700.000000
2017-06-12	-0.005310	0.016180	0.022545	-0.000889	-0.367088	7999200.000000
2017-06-09	0.020056	0.008525	0.038626	0.008083	1.359215	8141100.000000
2017-06-08	-0.005243	0.007935	0.014394	0.001477	-0.357170	7641900.000000
2017-06-07	-0.018579	0.001885	0.006351	-0.021596	-1.289765	10227700.000000
2017-06-06	0.010105	0.006044	0.021322	-0.000213	0.694496	6588600.000000
2017-06-05	0.004495	0.005451	0.015828	0.003112	0.307557	4670800.000000
2017-06-02	-0.011751	-0.005065	-0.001598	-0.017343	-0.813546	8646500.000000
2017-06-01	0.002730	0.009094	0.016626	0.002576	0.188507	5874800.000000
2017-05-31	0.012365	0.001630	0.025384	0.000457	0.843308	8944200.000000
2017-05-30	-0.012214	0.002576	0.006487	-0.005680	-0.843308	7263500.000000
2017-05-26	0.010088	0.016786	0.029222	0.009471	0.689530	8960700.000000
2017-05-25	-0.027607	0.013897	0.019872	-0.019250	-1.940552	14649400.000000
2017-05-24	-0.010126	0.015740	0.017853	0.000814	-0.719078	5257900.000000
2017-05-23	0.002782	0.019131	0.021108	0.009952	0.197006	4969900.000000
2017-05-22	0.001951	0.022393	0.024091	0.009801	0.137909	6209800.000000
2017-05-19	0.004480	0.020009	0.027684	0.017025	0.315216	7681800.000000
2017-05-18	0.006198	0.010458	0.028476	0.010458	0.433419	6073400.000000
2017-05-17	-0.005324	0.015177	0.019018	0.007069	-0.374321	6347700.000000
2017-05-16	-0.008750	0.019407	0.020958	-0.000473	-0.620575	7029200.000000
2017-05-15	0.013799	0.036047	0.039049	0.028328	0.965347	8573000.000000
2017-05-12	-0.010588	0.014611	0.015601	0.001034	-0.748642	7308500.000000
2017-05-11	-0.012247	0.020346	0.020905	0.000928	-0.876694	7380200.000000
2017-05-10	0.005396	0.023042	0.028099	0.016160	0.384171	7021200.000000
2017-05-09	0.000831	0.016864	0.020519	0.010538	0.059097	6631900.000000
2017-05-08	0.003474	0.019691	0.029142	0.016024	0.246269	8160500.000000
2017-05-05	0.014519	0.016608	0.033208	0.014605	1.014603	11115400.000000
2017-05-04	-0.008248	0.009926	0.011203	-0.003415	-0.581184	12175200.000000
2017-05-03	0.001120	0.014609	0.022281	0.008357	0.078804	7843600.000000
2017-05-02	-0.011757	0.015739	0.016581	-0.003498	-0.837296	9142000.000000
2017-05-01	-0.003995	0.016715	0.022170	0.008884	-0.285660	6909400.000000
2017-04-28	-0.003432	0.022982	0.023818	0.010020	-0.246261	7214400.000000
2017-04-27	-0.017137	0.011616	0.012711	-0.012356	-1.251015	10844900.000000
2017-04-26	0.000270	0.010519	0.026413	0.010245	0.019707	6064800.000000
2017-04-25	-0.000135	0.016821	0.018328	0.010656	-0.009858	9066400.000000
2017-04-24	-0.009888	0.017347	0.018704	0.002969	-0.728935	8461800.000000
2017-04-21	-0.021827	-0.018525	-0.002735	-0.029405	-1.645035	14539700.000000
2017-04-20	0.000392	0.015310	0.026593	0.010531	0.029557	8053900.000000
2017-04-19	-0.018607	0.019867	0.022342	-0.007880	-1.428330	8138400.000000
2017-04-18	-0.003962	0.009079	0.019718	0.007781	-0.305359	4078800.000000
2017-04-17	0.001152	0.010890	0.018684	0.010501	0.088654	5559300.000000
2017-04-13	-0.017846	0.012115	0.013008	-0.005364	-1.398773	5030200.000000
2017-04-12	-0.001004	0.016197	0.030982	0.010079	-0.078804	6024200.000000
2017-04-11	0.011943	0.015177	0.028075	0.007052	0.925949	6722200.000000
2017-04-10	0.004851	0.019584	0.023212	0.016084	0.374313	3339900.000000
2017-04-07	-0.003689	0.016598	0.018405	0.009108	-0.285660	4265200.000000
2017-04-06	0.004087	0.020363	0.023345	0.015955	0.315209	5128500.000000
2017-04-05	0.001151	0.021018	0.031662	0.015826	0.088661	5290600.000000
2017-04-04	0.006564	0.015308	0.024062	0.008906	0.502380	4687800.000000
2017-04-03	-0.005122	0.017777	0.018167	0.002569	-0.394027	6994700.000000
2017-03-31	0.003340	0.011395	0.022089	0.008526	0.256118	5858500.000000
2017-03-30	-0.010550	0.015951	0.017758	0.000853	-0.817596	5585100.000000
2017-03-29	0.004597	0.013881	0.023604	0.005714	0.354630	4403000.000000
2017-03-28	0.016749	0.020186	0.035871	0.014123	1.270713	7274600.000000
2017-03-27	0.000779	0.005284	0.018079	0.004360	0.059090	6435100.000000
2017-03-24	-0.009141	0.016354	0.018706	0.003414	-0.699379	9805900.000000
2017-03-23	-0.009058	0.011680	0.016084	0.004556	-0.699387	5804100.000000
2017-03-22	-0.003940	0.010791	0.014274	0.003050	-0.305366	5341500.000000
2017-03-21	-0.002914	0.023024	0.024567	0.010675	-0.226563	6210500.000000
2017-03-20	-0.007920	0.009052	0.009052	-0.002561	-0.620582	7318900.000000
2017-03-17	-0.001255	0.015177	0.022952	0.013138	-0.098503	8645700.000000
2017-03-16	-0.007477	0.015557	0.018087	0.002654	-0.591027	6196400.000000
2017-03-15	0.023858	0.023207	0.043801	0.022042	1.842041	7968100.000000
2017-03-14	-0.002672	0.007814	0.014660	-0.001486	-0.206863	6541800.000000
2017-03-13	-0.001271	0.016983	0.020854	0.007308	-0.098503	6708900.000000
2017-03-10	-0.000127	0.023691	0.024207	0.011952	-0.009850	5633400.000000
2017-03-09	0.007682	0.007638	0.026096	0.004518	0.591027	9411800.000000
2017-03-08	-0.023139	0.009971	0.014796	-0.010726	-1.822335	10152900.000000
2017-03-07	-0.009539	0.014800	0.015806	0.002852	-0.758491	5807400.000000
2017-03-06	0.000248	0.010648	0.017567	0.006749	0.019699	5524600.000000
2017-03-03	-0.003088	0.018563	0.023078	0.011415	-0.246262	3357000.000000
2017-03-02	-0.016045	0.007403	0.013820	-0.002715	-1.300262	5104500.000000
2017-03-01	0.023768	0.022125	0.044612	0.018209	1.881439	6692400.000000
2017-02-28	-0.008636	0.012672	0.012672	0.001902	-0.689529	7842000.000000
2017-02-27	0.011354	0.016190	0.036329	0.015304	0.896393	8033000.000000
2017-02-24	-0.003977	0.004959	0.014294	0.002688	-0.315217	5464100.000000
2017-02-23	0.009661	0.024985	0.028042	0.017470	0.758492	5754100.000000
2017-02-22	-0.012147	0.011402	0.013416	0.002343	-0.965347	5905400.000000
2017-02-21	0.000372	0.025625	0.026506	0.014548	0.029548	4746100.000000
2017-02-17	-0.005916	0.012925	0.015052	0.007795	-0.472824	4345600.000000
2017-02-16	-0.007584	0.019896	0.020393	0.005864	-0.610733	5097900.000000
2017-02-15	-0.008610	0.009514	0.014069	0.004836	-0.699386	4947600.000000
2017-02-14	0.007822	0.017907	0.023614	0.011703	0.630439	4672300.000000
2017-02-13	0.001959	0.016296	0.021020	0.013064	0.157601	4135800.000000
2017-02-10	0.011698	0.031077	0.040259	0.029442	0.930099	6199900.000000
2017-02-09	0.001110	0.021393	0.029451	0.021393	0.088127	6119000.000000
2017-02-08	0.000617	0.015598	0.022905	0.001865	0.048951	5366400.000000
2017-02-07	-0.007590	0.015391	0.022018	0.006389	-0.607026	5841700.000000
2017-02-06	-0.009818	0.022012	0.027212	0.008517	-0.793029	5958000.000000
2017-02-03	0.000728	0.023871	0.030933	0.020773	0.058738	5084000.000000
2017-02-02	-0.008777	0.026674	0.026797	0.001744	-0.714698	8857700.000000
2017-02-01	-0.006451	0.025663	0.030300	0.009069	-0.528702	5193600.000000
2017-01-31	0.001196	0.024936	0.029211	0.015285	0.097915	4567900.000000
2017-01-30	-0.010532	0.017404	0.021031	0.005679	-0.871353	5550700.000000
2017-01-27	-0.004477	0.021152	0.025123	0.014534	-0.372047	4758200.000000
2017-01-26	-0.007368	0.026410	0.027843	0.008493	-0.616814	5623600.000000
2017-01-25	0.010996	0.027431	0.034797	0.022238	0.910523	5939500.000000
2017-01-24	0.003679	0.022847	0.029029	0.015696	0.303512	6027400.000000
2017-01-23	-0.025668	0.013835	0.014780	-0.009193	-2.173500	6870200.000000
2017-01-20	-0.008142	0.020456	0.028187	0.002301	-0.695129	10368600.000000
2017-01-19	-0.003201	0.016372	0.025596	0.014738	-0.274140	7261400.000000
2017-01-18	0.012149	0.013830	0.034511	0.013830	1.028008	8744900.000000
2017-01-17	0.018981	0.021273	0.041985	0.021152	1.576279	5795300.000000
2017-01-13	-0.005977	0.016844	0.026301	0.014810	-0.499314	5117000.000000
2017-01-12	-0.003852	0.021751	0.021870	0.009350	-0.323089	4286500.000000
2017-01-11	0.012530	0.026102	0.036002	0.021635	1.037796	4149600.000000
2017-01-10	-0.013641	0.020440	0.020679	0.007222	-1.145485	4306200.000000
2017-01-09	-0.008210	0.015606	0.020448	0.008992	-0.695137	4335100.000000
2017-01-06	0.013833	0.023548	0.039713	0.015885	1.155281	5689900.000000
2017-01-05	-0.001522	0.023186	0.026654	0.018524	-0.127274	4543000.000000
2017-01-04	0.007429	0.023802	0.032354	0.018261	0.616799	4655400.000000
2017-01-03	0.010125	0.032465	0.035506	0.018473	0.832206	6667100.000000
2016-12-30	-0.002969	0.022606	0.025032	0.014843	-0.244766	4149700.000000
2016-12-29	-0.005081	0.016928	0.024048	0.011255	-0.420998	3535400.000000
2016-12-28	-0.009480	0.019480	0.021871	0.009080	-0.793037	4222700.000000
2016-12-27	-0.000819	0.024857	0.026649	0.018048	-0.068535	2634200.000000
2016-12-23	-0.010072	0.017255	0.020092	0.007795	-0.851768	2894200.000000
2016-12-22	0.002553	0.017007	0.031351	0.014636	0.215385	3991700.000000
2016-12-21	0.010319	0.024866	0.033131	0.018758	0.861580	4825200.000000
2016-12-20	0.001880	0.027273	0.030513	0.020313	0.156639	5185600.000000
2016-12-19	-0.004444	0.020198	0.023782	0.015062	-0.372040	3155900.000000
2016-12-16	0.002580	0.024028	0.024627	0.017800	0.215401	9524800.000000
2016-12-15	0.001409	0.013477	0.027870	0.011078	0.117477	6171000.000000
2016-12-14	-0.011262	0.014278	0.025306	0.005739	-0.949684	5858700.000000
2016-12-13	0.013175	0.030044	0.042059	0.021874	1.096543	6273400.000000
2016-12-12	0.002713	0.037175	0.045970	0.020068	0.225189	8233600.000000
2016-12-09	0.003670	0.026230	0.027560	0.014984	0.303505	4829000.000000
2016-12-08	0.001423	0.022483	0.026358	0.014733	0.117485	4848400.000000
2016-12-07	0.004645	0.022488	0.031612	0.016527	0.381836	5138900.000000
2016-12-06	-0.005567	0.013288	0.019699	0.006029	-0.460159	4878600.000000
2016-12-05	-0.000947	0.026348	0.029491	0.018009	-0.078324	5976100.000000
2016-12-02	0.004728	0.027315	0.037515	0.023186	0.389313	5090300.000000
2016-12-01	0.006663	0.038927	0.056285	0.031348	0.545044	7991700.000000
2016-11-30	0.051677	0.060218	0.084644	0.054819	4.019714	13534300.000000
2016-11-29	-0.014064	0.009057	0.017676	-0.001970	-1.109550	6326400.000000
2016-11-28	-0.002829	0.028953	0.036789	0.021622	-0.223862	5909400.000000
2016-11-25	-0.001351	0.022766	0.027310	0.019232	-0.107063	1819700.000000
2016-11-23	-0.001227	0.022015	0.032731	0.021259	-0.097328	3122000.000000
2016-11-22	-0.002570	0.030831	0.031083	0.009455	-0.204392	4646400.000000
2016-11-21	0.021375	0.041692	0.051966	0.040664	1.664337	5202100.000000
2016-11-18	-0.001248	0.027436	0.032823	0.022562	-0.097328	3951100.000000
2016-11-17	-0.011599	0.033395	0.037959	0.012603	-0.914902	4733600.000000
2016-11-16	-0.001479	0.025664	0.036804	0.022499	-0.116798	4501300.000000
2016-11-15	0.031127	0.036965	0.064638	0.036443	2.384582	5833900.000000
2016-11-14	0.000636	0.024040	0.030832	0.012023	0.048661	6060900.000000
2016-11-11	-0.015273	0.018690	0.021648	0.004156	-1.187409	4955700.000000
2016-11-10	-0.000751	0.021524	0.037332	0.021524	-0.058418	6798600.000000
2016-11-09	0.001253	0.019972	0.035029	0.014696	0.097343	6737600.000000
2016-11-08	0.001128	0.022025	0.036970	0.019448	0.087594	4012600.000000
2016-11-07	0.024538	0.041427	0.053307	0.038920	1.859001	4756400.000000
2016-11-04	-0.007902	0.028222	0.033591	0.016960	-0.603440	5178300.000000
2016-11-03	0.009002	0.029682	0.039328	0.027965	0.681298	4935800.000000
2016-11-02	-0.011944	0.019342	0.021170	0.004198	-0.914894	6395900.000000
2016-11-01	0.006008	0.033083	0.035053	0.020607	0.457435	6825500.000000
2016-10-31	-0.012247	0.023285	0.026139	0.012258	-0.944092	6225100.000000
2016-10-28	-0.005025	0.029501	0.035052	0.014916	-0.389312	5001000.000000
2016-10-27	-0.005249	0.032315	0.034626	0.021145	-0.408783	3919600.000000
2016-10-26	-0.002493	0.018086	0.032943	0.015909	-0.194664	4238200.000000
2016-10-25	-0.001121	0.027948	0.042660	0.022447	-0.087586	5436600.000000
2016-10-24	-0.001988	0.028585	0.030883	0.015179	-0.155739	5617400.000000
2016-10-21	-0.030365	0.013323	0.020379	-0.013542	-2.452697	10221800.000000
2016-10-20	-0.005393	0.018940	0.026451	0.008227	-0.437996	7773200.000000
2016-10-19	0.025187	0.035136	0.064171	0.035136	1.995262	9926100.000000
2016-10-18	0.005063	0.035049	0.037840	0.023503	0.399048	3956800.000000
2016-10-17	-0.004181	0.027436	0.032995	0.019476	-0.330918	3710900.000000
2016-10-14	-0.002576	0.032981	0.037896	0.024664	-0.204391	4681500.000000
2016-10-13	0.001105	0.022137	0.033492	0.017091	0.087601	4656600.000000
2016-10-12	-0.003060	0.028317	0.028694	0.019135	-0.243325	4059400.000000
2016-10-11	-0.007774	0.024316	0.026188	0.012835	-0.622917	5063000.000000
2016-10-10	0.012545	0.032743	0.041715	0.032743	0.992775	4565100.000000
2016-10-07	-0.001351	0.032105	0.036017	0.021884	-0.107071	5305300.000000
2016-10-06	0.015845	0.031025	0.045895	0.028974	1.236084	6469500.000000
2016-10-05	0.020499	0.038817	0.058963	0.034239	1.567009	7249400.000000
2016-10-04	-0.004563	0.028478	0.030040	0.020144	-0.350387	5211100.000000
2016-10-03	0.003306	0.029788	0.032923	0.023647	0.253051	4854700.000000
2016-09-30	0.016415	0.033677	0.048949	0.030623	1.236092	6485700.000000
2016-09-29	-0.008204	0.028753	0.040080	0.019007	-0.622902	9859500.000000
2016-09-28	0.035577	0.030982	0.065217	0.023890	2.608437	9420800.000000
2016-09-27	-0.003308	0.021319	0.025805	0.010444	-0.243332	6457200.000000
2016-09-26	-0.004478	0.030278	0.036774	0.021482	-0.330925	5499300.000000
2016-09-23	-0.014154	0.023167	0.028103	0.008224	-1.060891	6847400.000000
2016-09-22	0.005878	0.036025	0.041930	0.032133	0.437989	5639400.000000
2016-09-21	0.015789	0.036024	0.045703	0.034116	1.158211	7152500.000000
2016-09-20	-0.007767	0.029059	0.030682	0.019456	-0.574242	6821800.000000
2016-09-19	-0.004847	0.034301	0.041839	0.022052	-0.360115	5925000.000000
2016-09-16	-0.006120	0.018071	0.031449	0.015797	-0.457451	7243200.000000
2016-09-15	0.005630	0.024611	0.037930	0.023669	0.418510	5177400.000000
2016-09-14	-0.009211	0.025037	0.038366	0.015306	-0.691032	5190400.000000
2016-09-13	-0.021827	0.016745	0.018309	0.002402	-1.674072	7482000.000000
2016-09-12	0.015988	0.030748	0.050088	0.021343	1.206894	6343100.000000
2016-09-09	-0.022928	0.019411	0.025365	0.003879	-1.771401	7626600.000000
2016-09-08	0.009795	0.032403	0.042467	0.022470	0.749436	4845300.000000
2016-09-07	-0.002158	0.028088	0.030957	0.023523	-0.165467	3970700.000000
2016-09-06	0.002928	0.028875	0.032668	0.023512	0.223862	5560900.000000
2016-09-02	0.001147	0.037781	0.043674	0.028091	0.087608	4912100.000000
2016-09-01	-0.000507	0.026654	0.035685	0.024036	-0.038704	6705200.000000
2016-08-31	-0.020337	0.027701	0.030137	0.008211	-1.586090	8306100.000000
2016-08-30	-0.006162	0.040737	0.043668	0.025700	-0.483566	7873600.000000
2016-08-29	0.002967	0.030277	0.041652	0.030277	0.232117	3359000.000000
2016-08-26	-0.005409	0.033221	0.042755	0.022924	-0.425537	4535400.000000
2016-08-25	0.000123	0.034746	0.039069	0.030169	0.009658	3767100.000000
2016-08-24	-0.005137	0.030569	0.034869	0.025889	-0.406181	4462500.000000
2016-08-23	-0.003656	0.035496	0.038394	0.027557	-0.290153	4473700.000000
2016-08-22	-0.015124	0.025792	0.026537	0.012885	-1.218575	5091600.000000
2016-08-19	-0.006559	0.029668	0.031641	0.019928	-0.531929	5185600.000000
2016-08-18	0.020070	0.037379	0.056120	0.035870	1.595764	5467000.000000
2016-08-17	0.003540	0.029945	0.038149	0.025148	0.280480	3905500.000000
2016-08-16	-0.001463	0.032597	0.038269	0.026548	-0.116059	3584400.000000
2016-08-15	0.010345	0.040987	0.045826	0.032583	0.812386	4016000.000000
2016-08-12	-0.003681	0.037790	0.041469	0.026752	-0.290146	3902400.000000
2016-08-11	0.008040	0.037692	0.053934	0.035518	0.628647	4385400.000000
2016-08-10	-0.011976	0.036511	0.040428	0.018947	-0.947800	3863100.000000
2016-08-09	-0.008121	0.040626	0.040751	0.021200	-0.647980	4143800.000000
2016-08-08	0.016010	0.039586	0.056777	0.038695	1.257279	6213900.000000
2016-08-05	0.010076	0.036942	0.047232	0.029225	0.783378	6838600.000000
2016-08-04	0.009671	0.033724	0.044243	0.027361	0.744698	8183100.000000
2016-08-03	0.009253	0.031624	0.043814	0.025857	0.706001	5416300.000000
2016-08-02	0.005481	0.038596	0.040046	0.026736	0.415879	6648300.000000
2016-08-01	-0.025584	0.024610	0.025765	0.002651	-1.992295	8197800.000000
2016-07-29	0.018596	0.023258	0.054519	0.021688	1.421677	6200600.000000
2016-07-28	-0.010391	0.032560	0.042139	0.017415	-0.802719	5567300.000000
2016-07-27	-0.008933	0.035010	0.038730	0.021925	-0.696335	8415100.000000
2016-07-26	-0.001363	0.023607	0.032703	0.011436	-0.106384	11685500.000000
2016-07-25	-0.011028	0.030056	0.032590	0.014852	-0.870415	11223400.000000
2016-07-22	0.019870	0.033984	0.054529	0.019124	1.537743	10027500.000000
2016-07-21	-0.007196	0.032829	0.043733	0.021925	-0.560944	6140700.000000
2016-07-20	0.009899	0.029061	0.047198	0.021805	0.764038	5937900.000000
2016-07-19	0.001380	0.032556	0.041768	0.031519	0.106377	5780700.000000
2016-07-18	0.004411	0.026947	0.038675	0.022647	0.338501	4333600.000000
2016-07-15	0.003161	0.043395	0.045225	0.033069	0.241783	4723400.000000
2016-07-14	0.002789	0.045650	0.047747	0.035295	0.212776	3817600.000000
2016-07-13	-0.009667	0.033984	0.040215	0.016588	-0.744705	5328900.000000
2016-07-12	0.020892	0.048827	0.062345	0.042863	1.576439	6356300.000000
2016-07-11	-0.009144	0.037398	0.040156	0.023741	-0.696335	4702800.000000
2016-07-08	0.013385	0.042234	0.050884	0.039573	1.005814	4217400.000000
2016-07-07	-0.004612	0.037163	0.049349	0.020075	-0.348176	4922500.000000
2016-07-06	0.005539	0.031320	0.040377	0.023328	0.415879	4562800.000000
2016-07-05	-0.023768	0.023712	0.026702	-0.000344	-1.827881	5656900.000000
2016-07-01	0.005564	0.034768	0.044836	0.033068	0.425529	4050100.000000
2016-06-30	0.016061	0.035711	0.051387	0.034249	1.208908	4941300.000000
2016-06-29	0.015660	0.046128	0.064478	0.044373	1.160576	5854500.000000
2016-06-28	0.020781	0.046242	0.056848	0.040182	1.508728	5364400.000000
2016-06-27	-0.020741	0.017124	0.021035	0.005254	-1.537758	7036800.000000
2016-06-24	-0.036813	-0.004471	0.010339	-0.009667	-2.833686	9561500.000000
2016-06-23	0.016865	0.043495	0.051421	0.039532	1.276611	4734400.000000
2016-06-22	-0.003184	0.040436	0.042148	0.029770	-0.241783	5274000.000000
2016-06-21	0.011986	0.032784	0.052374	0.028520	0.899437	5634800.000000
2016-06-20	0.001161	0.052395	0.055597	0.034250	0.087028	5257200.000000
2016-06-17	0.015195	0.041298	0.053623	0.032358	1.121887	6583900.000000
2016-06-16	-0.006636	0.024566	0.029006	0.008016	-0.493232	6033100.000000
2016-06-15	-0.007875	0.030246	0.039724	0.024239	-0.589958	5384800.000000
2016-06-14	-0.002318	0.027858	0.037313	0.020400	-0.174080	5361900.000000
2016-06-13	-0.011333	0.027137	0.039382	0.021344	-0.860749	5115400.000000
2016-06-10	-0.017884	0.017561	0.027906	0.012001	-1.382995	5585100.000000
2016-06-09	-0.010519	0.016838	0.025155	0.014791	-0.822067	5030200.000000
2016-06-08	0.008864	0.042116	0.050894	0.032822	0.686660	6979900.000000
2016-06-07	0.012770	0.038690	0.050718	0.036468	0.976807	8546400.000000
2016-06-06	0.045749	0.046698	0.083885	0.042050	3.346283	8019200.000000
2016-06-03	0.002386	0.037410	0.042891	0.025898	0.174080	4342200.000000
2016-06-02	-0.005405	0.028668	0.031939	0.016946	-0.396523	4827300.000000
2016-06-01	-0.005767	0.033984	0.034526	0.015147	-0.425544	5542200.000000
2016-05-31	-0.011274	0.032644	0.039745	0.015761	-0.841408	5780000.000000
2016-05-27	-0.002714	0.029574	0.032247	0.020621	-0.203087	5050300.000000
2016-05-26	-0.000385	0.046943	0.054824	0.037593	-0.028832	7932200.000000
2016-05-25	0.030283	0.045894	0.073418	0.044793	2.200509	7489300.000000
2016-05-24	0.008132	0.047463	0.055093	0.042052	0.586166	6500600.000000
2016-05-23	0.000667	0.048439	0.050383	0.032613	0.048057	6250900.000000
2016-05-20	0.010243	0.047257	0.053849	0.040384	0.730301	7389400.000000
2016-05-19	0.014077	0.032131	0.057590	0.024024	0.989746	8874800.000000
2016-05-18	-0.022836	0.035384	0.038163	0.009673	-1.643173	6077900.000000
2016-05-17	0.011892	0.044040	0.058103	0.042071	0.845604	7226300.000000
2016-05-16	0.021676	0.053165	0.069688	0.049142	1.508652	5407100.000000
2016-05-13	-0.022405	0.033220	0.043615	0.017208	-1.595131	6090400.000000
2016-05-12	0.003793	0.046727	0.055187	0.037704	0.269051	5058100.000000
2016-05-11	-0.006060	0.037162	0.048933	0.029594	-0.432404	5815800.000000
2016-05-10	0.020475	0.048673	0.065977	0.045241	1.431778	7380900.000000
2016-05-09	-0.031283	0.018084	0.029166	0.002291	-2.258186	10161700.000000
2016-05-06	-0.003713	0.035558	0.049084	0.029623	-0.269051	8083800.000000
2016-05-05	-0.004358	0.054819	0.056880	0.029671	-0.317108	7306900.000000
2016-05-04	-0.019423	0.040395	0.046863	0.013311	-1.441391	7859000.000000
2016-05-03	-0.027330	0.026641	0.027951	0.002525	-2.085198	8861400.000000
2016-05-02	-0.011700	0.035613	0.045587	0.014111	-0.903266	7388100.000000
2016-04-29	0.007019	0.043404	0.060101	0.031143	0.538116	8606600.000000
2016-04-28	-0.010174	0.032789	0.049961	0.025558	-0.787964	6661100.000000
2016-04-27	0.017677	0.048286	0.066681	0.045921	1.345299	7311700.000000
2016-04-26	0.005459	0.045421	0.048327	0.036041	0.413200	5452600.000000
2016-04-25	-0.014513	0.035847	0.038972	0.015016	-1.114677	6684400.000000
2016-04-22	-0.004236	0.007605	0.050388	0.007605	-0.326714	9933400.000000
2016-04-21	-0.010234	0.037842	0.051700	0.028603	-0.797561	8294100.000000
2016-04-20	0.018332	0.034262	0.070197	0.034262	1.402946	12106100.000000
2016-04-19	0.028276	0.047921	0.070360	0.046039	2.104424	10334200.000000
2016-04-18	0.015605	0.019923	0.057586	0.015829	1.143501	5947500.000000
2016-04-15	-0.011664	0.040665	0.040665	0.024345	-0.864845	6869900.000000
2016-04-14	-0.002714	0.041875	0.044565	0.029904	-0.201790	5349700.000000
2016-04-13	0.019368	0.041762	0.063288	0.037923	1.412567	8647500.000000
2016-04-12	0.027342	0.044750	0.072781	0.040383	1.941070	8227600.000000
2016-04-11	0.000406	0.047852	0.055602	0.040947	0.028824	7465100.000000
2016-04-08	0.025552	0.061331	0.073325	0.055405	1.768090	6129600.000000
2016-04-07	-0.015719	0.031419	0.037535	0.019755	-1.105065	7505800.000000
2016-04-06	0.006881	0.045534	0.065872	0.029780	0.480469	10080700.000000
2016-04-05	0.000276	0.031639	0.047971	0.030923	0.019234	9575200.000000
2016-04-04	0.007210	0.045282	0.052208	0.037490	0.499664	9265300.000000
2016-04-01	-0.022102	0.021192	0.032904	0.012585	-1.566299	21467800.000000
2016-03-31	-0.008870	0.038987	0.049336	0.027658	-0.634217	8608700.000000
2016-03-30	0.019315	0.050216	0.063759	0.044514	1.354904	8328700.000000
2016-03-29	0.002747	0.023225	0.044810	0.019794	0.192200	10450200.000000
2016-03-28	0.003031	0.045110	0.047117	0.032062	0.211388	8008800.000000
2016-03-24	-0.005208	0.025688	0.036386	0.019840	-0.365151	8185200.000000
2016-03-23	-0.008830	0.032606	0.039392	0.026810	-0.624603	5923600.000000
2016-03-22	-0.017092	0.028992	0.045389	0.021905	-1.229980	6230700.000000
2016-03-21	0.018634	0.024387	0.062180	0.021697	1.316467	7508500.000000
2016-03-18	-0.013684	0.047227	0.047227	0.022934	-0.980141	9549100.000000
2016-03-17	0.016224	0.051447	0.064074	0.043360	1.143494	7072100.000000
2016-03-16	0.001639	0.047060	0.049475	0.025459	0.115311	7173100.000000
2016-03-15	-0.002859	0.027061	0.037972	0.019409	-0.201790	6815400.000000
2016-03-14	-0.020800	0.026373	0.031923	0.013052	-1.499047	5949500.000000
2016-03-11	0.024870	0.050904	0.068537	0.042513	1.748886	8054500.000000
2016-03-10	0.005911	0.041380	0.049248	0.031653	0.413201	7058400.000000
2016-03-09	0.000688	0.055695	0.058272	0.039233	0.048050	6966600.000000
2016-03-08	-0.045431	0.028367	0.034653	-0.006887	-3.324806	8727100.000000
2016-03-07	0.017774	0.033433	0.059161	0.018692	1.278030	9614000.000000
2016-03-04	-0.000267	0.044280	0.056793	0.026205	-0.019226	11415900.000000
2016-03-03	0.005913	0.035490	0.048497	0.031854	0.422813	7811500.000000
2016-03-02	0.005405	0.033072	0.046711	0.019011	0.384369	8584000.000000
2016-03-01	0.031930	0.051402	0.074618	0.048790	2.200516	8321000.000000
2016-02-29	-0.010349	0.038942	0.053876	0.029464	-0.720680	7726100.000000
2016-02-26	0.001658	0.051740	0.058788	0.038507	0.115303	6000700.000000
2016-02-25	0.001939	0.036630	0.042683	0.018183	0.134536	6358300.000000
2016-02-24	0.001804	0.023484	0.044130	0.016410	0.124917	7857700.000000
2016-02-23	-0.030792	0.033808	0.046262	0.005542	-2.200516	8201900.000000
2016-02-22	0.020584	0.054232	0.065799	0.050804	1.441376	7649900.000000
2016-02-19	0.002614	0.030499	0.043672	0.027778	0.182586	8339000.000000
2016-02-18	-0.003428	0.052080	0.052080	0.031961	-0.240234	8123700.000000
2016-02-17	0.016446	0.052268	0.068803	0.046757	1.133903	10132100.000000
2016-02-16	0.020480	0.056058	0.069231	0.041849	1.383713	9571800.000000
2016-02-12	0.028977	0.049041	0.078435	0.047366	1.902626	10756300.000000
2016-02-11	0.016241	0.026147	0.074901	0.023052	1.049339	12122900.000000
2016-02-10	-0.001032	0.047816	0.066060	0.041941	-0.066772	8324500.000000
2016-02-09	-0.028375	0.035210	0.047228	0.006517	-1.888809	11138200.000000
2016-02-08	0.014097	0.036397	0.070370	0.025885	0.925323	12547500.000000
2016-02-05	-0.024525	0.036391	0.041295	0.011871	-1.650314	16470500.000000
2016-02-04	-0.004095	0.058640	0.078472	0.040584	-0.276657	10892700.000000
2016-02-03	0.028908	0.066401	0.079040	0.030006	1.898353	12837100.000000
2016-02-02	-0.036664	0.016887	0.026569	0.002951	-2.499328	13600800.000000
2016-02-01	-0.011208	0.031599	0.039577	0.015934	-0.772698	12047100.000000
2016-01-29	0.039707	0.055368	0.093372	0.049185	2.632889	18255300.000000
2016-01-28	0.060412	0.091139	0.113048	0.075306	3.777619	16450700.000000
2016-01-27	0.003367	0.048440	0.077162	0.036245	0.209865	12629000.000000
2016-01-26	0.032070	0.066331	0.089184	0.050267	1.936508	13829900.000000
2016-01-25	-0.029141	0.027379	0.063232	0.016606	-1.812488	13865300.000000
2016-01-22	0.061025	0.100651	0.130163	0.074210	3.577282	19387700.000000
2016-01-21	0.006387	0.050855	0.089655	0.036434	0.372032	12999400.000000
2016-01-20	-0.028016	0.024584	0.039102	-0.005452	-1.678932	16075400.000000
2016-01-19	-0.003015	0.050775	0.069741	0.032309	-0.181252	11463500.000000
2016-01-15	-0.025819	0.005817	0.034504	0.000144	-1.593086	14702300.000000
2016-01-14	0.011415	0.055001	0.071229	0.012217	0.696377	13814700.000000
2016-01-13	-0.012202	0.062205	0.074349	0.028364	-0.753605	12729900.000000
2016-01-12	-0.001388	0.066390	0.068977	0.021761	-0.085869	10189000.000000
2016-01-11	-0.003841	0.050052	0.054562	0.027501	-0.238483	8693100.000000
2016-01-08	-0.016770	0.050972	0.058099	0.027691	-1.058880	9657900.000000
2016-01-07	-0.022304	0.025518	0.049209	0.018860	-1.440441	12041000.000000
2016-01-06	-0.025899	0.024448	0.046772	0.017661	-1.717103	11923000.000000
2016-01-05	0.004625	0.050704	0.058281	0.031763	0.305253	6783600.000000
2016-01-04	-0.008172	0.043771	0.052338	0.021378	-0.543747	9160200.000000
2015-12-31	0.001580	0.044216	0.059419	0.038646	0.104942	5271100.000000
2015-12-30	-0.012339	0.031926	0.048577	0.031480	-0.829933	5744600.000000
2015-12-29	0.001278	0.067036	0.069567	0.040539	0.085861	6987000.000000
2015-12-28	-0.001560	0.033268	0.047091	0.025985	-0.104942	6616900.000000
2015-12-24	-0.006760	0.046656	0.051232	0.038832	-0.457894	2968800.000000
2015-12-23	0.021874	0.065175	0.071662	0.055672	1.449997	7757700.000000
2015-12-22	0.022664	0.055531	0.076358	0.051674	1.469086	7950900.000000
2015-12-21	0.009058	0.049837	0.063847	0.045322	0.581894	7861300.000000
2015-12-18	-0.026879	0.045856	0.047825	0.019952	-1.774338	15152600.000000
2015-12-17	-0.028363	0.046661	0.051959	0.017664	-1.926971	8278600.000000
2015-12-16	-0.008630	0.043319	0.054992	0.032666	-0.591439	7865600.000000
2015-12-15	0.025993	0.062952	0.079869	0.056364	1.736184	10481100.000000
2015-12-14	0.002864	0.041674	0.058940	0.037620	0.190780	11322500.000000
2015-12-11	-0.023223	0.048280	0.048280	0.022469	-1.583549	9436100.000000
2015-12-10	-0.008874	0.043483	0.064414	0.037814	-0.610535	7200900.000000
2015-12-09	0.008671	0.057076	0.085666	0.047107	0.591454	9310300.000000
2015-12-08	-0.017857	0.025529	0.051016	0.003641	-1.240128	8305200.000000
2015-12-07	-0.025565	0.019375	0.028215	0.011237	-1.822029	10563000.000000
2015-12-04	-0.001337	0.034548	0.051783	0.025159	-0.095390	8605300.000000
2015-12-03	-0.013191	0.057268	0.059480	0.025188	-0.953934	8292700.000000
2015-12-02	-0.030191	0.037820	0.048682	0.014084	-2.251312	9595000.000000
2015-12-01	0.013221	0.043660	0.062818	0.039448	0.973014	8172200.000000
2015-11-30	0.004165	0.051827	0.062470	0.048143	0.305268	7979400.000000
2015-11-27	-0.002580	0.045031	0.054693	0.040268	-0.189568	3147300.000000
2015-11-25	-0.008314	0.044980	0.059420	0.031889	-0.616058	4055400.000000
2015-11-24	0.012432	0.059064	0.079150	0.052779	0.909874	6960500.000000
2015-11-23	0.000907	0.048811	0.058794	0.043614	0.066337	5859600.000000
2015-11-20	-0.009882	0.055102	0.057945	0.032218	-0.729782	8480500.000000
2015-11-19	-0.008020	0.044087	0.057117	0.042744	-0.597099	6674600.000000
2015-11-18	0.023586	0.058677	0.081775	0.055377	1.715485	6955100.000000
2015-11-17	-0.020299	0.051196	0.055236	0.032607	-1.506974	5579200.000000
2015-11-16	0.028763	0.056903	0.087805	0.049975	2.075630	6662500.000000
2015-11-13	-0.006005	0.050281	0.061163	0.042843	-0.435974	7311400.000000
2015-11-12	-0.013268	0.037705	0.057276	0.031725	-0.976211	8141900.000000
2015-11-11	-0.014472	0.051217	0.052691	0.028179	-1.080460	5575200.000000
2015-11-10	0.011038	0.048195	0.068103	0.046570	0.815087	5949900.000000
2015-11-09	-0.014546	0.051899	0.058172	0.032014	-1.089928	5860000.000000
2015-11-06	0.003299	0.045060	0.058717	0.031001	0.246414	7444300.000000
2015-11-05	-0.018802	0.047613	0.060488	0.032767	-1.431152	6730900.000000
2015-11-04	-0.014843	0.054196	0.057561	0.032840	-1.146797	8788400.000000
2015-11-03	0.026313	0.060947	0.094952	0.058556	1.980857	10257000.000000
2015-11-02	0.016249	0.048217	0.076296	0.045517	1.203659	8480100.000000
2015-10-30	-0.006735	0.054432	0.057784	0.027883	-0.502311	9474800.000000
2015-10-29	-0.005560	0.049769	0.066036	0.044968	-0.417023	6612800.000000
2015-10-28	0.028330	0.067442	0.092946	0.058530	2.066139	11293200.000000
2015-10-27	-0.002592	0.031989	0.058794	0.030485	-0.189560	9291600.000000
2015-10-26	-0.015316	0.051196	0.052408	0.036518	-1.137329	7887200.000000
2015-10-23	0.001150	0.049439	0.068314	0.043507	0.085305	8867400.000000
2015-10-22	0.034775	0.065426	0.095420	0.063612	2.492660	9091200.000000
2015-10-21	0.001059	0.051610	0.075073	0.048957	0.075806	7928600.000000
2015-10-20	0.019018	0.051544	0.082853	0.050975	1.336364	8901400.000000
2015-10-19	-0.004966	0.038675	0.067988	0.036693	-0.350677	7586000.000000
2015-10-16	-0.021665	0.049422	0.050114	0.004258	-1.563828	17795100.000000
2015-10-15	0.015331	0.060025	0.072825	0.039207	1.089951	11034700.000000
2015-10-14	0.004957	0.054536	0.064997	0.042804	0.350677	7187800.000000
2015-10-13	-0.004003	0.044542	0.071152	0.041867	-0.284339	6666300.000000
2015-10-12	-0.018596	0.059109	0.059109	0.026223	-1.345833	7575700.000000
2015-10-09	-0.003654	0.062123	0.065152	0.044364	-0.265389	6842500.000000
2015-10-08	0.017120	0.054122	0.077226	0.041939	1.222641	8446600.000000
2015-10-07	0.019069	0.076364	0.097340	0.063806	1.336357	12631100.000000
2015-10-06	0.025663	0.058176	0.089057	0.052028	1.753395	11672500.000000
2015-10-05	0.025171	0.069056	0.091262	0.066055	1.677567	8800800.000000
2015-10-02	0.039468	0.043872	0.098772	0.038258	2.530548	12738800.000000
2015-10-01	-0.019139	0.072541	0.086004	0.031237	-1.251068	12055400.000000
2015-09-30	-0.001881	0.057850	0.065791	0.034489	-0.123192	11785800.000000
2015-09-29	-0.003892	0.058752	0.063011	0.034721	-0.255913	11467000.000000
2015-09-28	-0.048422	0.037010	0.038023	0.003288	-3.345642	9189100.000000
2015-09-25	0.002889	0.063231	0.064101	0.048425	0.199044	5655600.000000
2015-09-24	0.010425	0.047035	0.076808	0.042929	0.710815	7655300.000000
2015-09-23	-0.008681	0.064407	0.066878	0.045361	-0.597099	5726700.000000
2015-09-22	-0.004117	0.035555	0.058722	0.035265	-0.284333	5894900.000000
2015-09-21	0.004549	0.065574	0.068774	0.051320	0.312775	5935900.000000
2015-09-18	-0.036654	0.036606	0.038287	0.011665	-2.615875	12646500.000000
2015-09-17	-0.011292	0.055102	0.064245	0.040140	-0.815087	8500100.000000
2015-09-16	0.034924	0.064135	0.096824	0.060837	2.435807	7685200.000000
2015-09-15	0.010296	0.061475	0.069297	0.053074	0.710823	8408800.000000
2015-09-14	-0.011669	0.050807	0.050807	0.035775	-0.815087	5997600.000000
2015-09-11	-0.004995	0.046555	0.050116	0.029461	-0.350685	8359800.000000
2015-09-10	-0.004436	0.057229	0.061342	0.033688	-0.312774	8261000.000000
2015-09-09	-0.015091	0.056778	0.078846	0.036944	-1.080460	10927200.000000
2015-09-08	0.007200	0.059322	0.067200	0.051444	0.511803	7189500.000000
2015-09-04	-0.016522	0.039468	0.043065	0.029644	-1.194199	9072100.000000
2015-09-03	0.011272	0.065596	0.084624	0.049645	0.805611	11091000.000000
2015-09-02	-0.000133	0.072449	0.075807	0.033278	-0.009476	12993100.000000
2015-09-01	-0.018863	0.033552	0.050984	0.027238	-1.374283	14970000.000000
2015-08-31	0.023955	0.055921	0.092182	0.048613	1.704399	17008400.000000
2015-08-28	0.029925	0.072611	0.112562	0.060741	2.067360	15702900.000000
2015-08-27	0.053645	0.102699	0.128474	0.081346	3.517342	28622100.000000
2015-08-26	-0.033508	0.068992	0.068992	0.002512	-2.273178	58004300.000000
2015-08-25	-0.018275	0.108499	0.108643	0.049166	-1.262871	12085200.000000
2015-08-24	-0.046839	0.019612	0.052440	0.007197	-3.395721	17350900.000000
2015-08-21	-0.024421	0.060380	0.075182	0.042886	-1.814805	11130500.000000
2015-08-20	-0.015247	0.066342	0.084364	0.052693	-1.150604	8483800.000000
2015-08-19	-0.029826	0.058964	0.066292	0.033638	-2.319938	9410300.000000
2015-08-18	-0.004192	0.069632	0.072577	0.057726	-0.327431	5106500.000000
2015-08-17	-0.004293	0.058794	0.068865	0.058794	-0.336754	4845400.000000
2015-08-14	-0.002735	0.068102	0.082086	0.061746	-0.215149	4201500.000000
2015-08-13	-0.008723	0.063447	0.067228	0.051476	-0.692253	5908500.000000
2015-08-12	0.005571	0.064303	0.077609	0.050111	0.439674	6682100.000000
2015-08-11	-0.000948	0.050382	0.069119	0.045192	-0.074844	6088400.000000
2015-08-10	0.026626	0.068342	0.097975	0.067822	2.048660	6776600.000000
2015-08-07	-0.016031	0.064260	0.072317	0.048019	-1.253509	6275900.000000
2015-08-06	0.013212	0.064198	0.090890	0.059274	1.019653	8265700.000000
2015-08-05	0.002796	0.077698	0.090822	0.067173	0.215157	5812500.000000
2015-08-04	0.002315	0.072378	0.080974	0.066257	0.177734	4707300.000000
2015-08-03	-0.008935	0.058924	0.073251	0.054019	-0.692246	6808800.000000
2015-07-31	-0.008381	0.063616	0.068864	0.057601	-0.654815	5568600.000000
2015-07-30	-0.004411	0.071158	0.075746	0.058670	-0.346123	4653500.000000
2015-07-29	0.016849	0.062513	0.091927	0.061477	1.300293	8491100.000000
2015-07-28	0.009051	0.079190	0.085989	0.061016	0.692230	8330600.000000
2015-07-27	-0.013751	0.057387	0.063834	0.047715	-1.066421	7186200.000000
2015-07-24	-0.036270	0.065637	0.066382	0.027237	-2.918625	8745800.000000
2015-07-23	0.008914	0.068616	0.085919	0.064729	0.710953	6419300.000000
2015-07-22	0.011388	0.064934	0.088774	0.059482	0.898033	10589000.000000
2015-07-21	0.009339	0.067200	0.091647	0.063872	0.729660	7809200.000000
2015-07-20	-0.002270	0.075760	0.079463	0.065672	-0.177750	7110800.000000
2015-07-17	-0.002146	0.073070	0.082499	0.059817	-0.168373	9097800.000000
2015-07-16	0.003109	0.081135	0.083436	0.069503	0.243218	6623500.000000
2015-07-15	-0.019463	0.062349	0.065107	0.046808	-1.552857	8792900.000000
2015-07-14	0.011864	0.070387	0.092074	0.067597	0.935448	6151600.000000
2015-07-13	0.003931	0.069756	0.075613	0.062753	0.308716	5613700.000000
2015-07-10	0.004907	0.078332	0.081787	0.065026	0.383522	6512200.000000
2015-07-09	0.007598	0.086525	0.087298	0.074278	0.589347	7410500.000000
2015-07-08	-0.015202	0.065691	0.072293	0.048425	-1.197387	6747000.000000
2015-07-07	0.008504	0.070785	0.083716	0.052731	0.664177	9442300.000000
2015-07-06	-0.006190	0.054486	0.071791	0.048505	-0.486450	7612700.000000
2015-07-02	-0.003440	0.072796	0.076474	0.064427	-0.271271	7607200.000000
2015-07-01	-0.021928	0.071845	0.075193	0.040838	-1.768028	10109000.000000
2015-06-30	0.006187	0.077977	0.079350	0.060880	0.495788	8043500.000000
2015-06-29	-0.011653	0.055795	0.068252	0.055178	-0.944809	7008400.000000
2015-06-26	0.000000	0.065538	0.077009	0.061592	0.000000	25487300.000000
2015-06-25	-0.009599	0.067160	0.071557	0.058731	-0.785789	5865800.000000
2015-06-24	-0.005568	0.060003	0.070450	0.057209	-0.458367	6565600.000000
2015-06-23	0.011843	0.065427	0.082758	0.063092	0.963509	5931000.000000
2015-06-22	0.004041	0.072571	0.076643	0.058872	0.327408	7415400.000000
2015-06-19	-0.022678	0.056207	0.058619	0.040045	-1.880257	13888600.000000
2015-06-18	-0.011598	0.073999	0.079483	0.056236	-0.972885	7862800.000000
2015-06-17	-0.000223	0.073044	0.080076	0.063152	-0.018715	4656400.000000
2015-06-16	0.002907	0.071024	0.073176	0.065047	0.243225	3731700.000000
2015-06-15	-0.007987	0.060217	0.064842	0.051798	-0.673538	5330500.000000
2015-06-12	-0.005735	0.063922	0.068167	0.058971	-0.486427	3997800.000000
2015-06-11	-0.010477	0.068992	0.069575	0.056392	-0.898049	5134600.000000
2015-06-10	0.019697	0.082316	0.092427	0.079342	1.655754	6045600.000000
2015-06-09	0.005483	0.078442	0.084063	0.074016	0.458382	5077800.000000
2015-06-08	-0.008872	0.064961	0.074920	0.056781	-0.748360	7115200.000000
2015-06-05	0.001110	0.064482	0.088575	0.062702	0.093552	7120000.000000
2015-06-04	-0.014120	0.062907	0.068758	0.053079	-1.206757	6451800.000000
2015-06-03	-0.001530	0.066422	0.080324	0.064085	-0.130966	3967200.000000
2015-06-02	0.009377	0.073827	0.092105	0.070171	0.795151	5290600.000000
2015-06-01	0.004210	0.068045	0.078229	0.062005	0.355469	5003300.000000
2015-05-29	0.001324	0.079301	0.086771	0.076218	0.111648	6089700.000000
2015-05-28	-0.003846	0.070897	0.073023	0.059794	-0.325607	4400300.000000
2015-05-27	0.002865	0.067213	0.086167	0.067213	0.241875	5406800.000000
2015-05-26	-0.013910	0.064400	0.071058	0.054237	-1.190796	6106700.000000
2015-05-22	-0.000109	0.068256	0.078651	0.060196	-0.009301	4104200.000000
2015-05-21	0.014105	0.082139	0.097655	0.075269	1.190804	5117000.000000
2015-05-20	0.002098	0.076575	0.082272	0.066130	0.176750	4476300.000000
2015-05-19	-0.023612	0.063208	0.063208	0.042347	-2.037376	6213000.000000
2015-05-18	0.006620	0.072813	0.084946	0.069197	0.567489	4023600.000000
2015-05-15	-0.000326	0.071181	0.080977	0.063251	-0.027916	4640500.000000
2015-05-14	-0.003675	0.078283	0.083512	0.067825	-0.316299	5266400.000000
2015-05-13	0.000433	0.082469	0.083050	0.066776	0.037209	5913600.000000
2015-05-12	0.007628	0.070345	0.088618	0.067534	0.651222	5088100.000000
2015-05-11	-0.007141	0.086077	0.086310	0.066075	-0.614022	7335800.000000
2015-05-08	0.024382	0.087898	0.102670	0.073722	2.046692	6078900.000000
2015-05-07	-0.022109	0.067224	0.068040	0.043459	-1.897827	8670100.000000
2015-05-06	0.002499	0.082738	0.092782	0.069191	0.213982	6665500.000000
2015-05-05	-0.010110	0.082775	0.091445	0.063931	-0.874497	7349800.000000
2015-05-04	-0.000215	0.088552	0.088552	0.067747	-0.018623	4993700.000000
2015-05-01	-0.017017	0.073436	0.078094	0.054462	-1.497787	6926700.000000
2015-04-30	0.003500	0.074343	0.084604	0.065222	0.306999	8166600.000000
2015-04-29	0.017483	0.073985	0.095098	0.066097	1.507103	8134100.000000
2015-04-28	0.003574	0.072119	0.080385	0.065017	0.306991	4480500.000000
2015-04-27	0.007859	0.081601	0.086412	0.073036	0.669823	7422500.000000
2015-04-24	-0.015475	0.068675	0.070754	0.053080	-1.339638	7604000.000000
2015-04-23	0.009657	0.076779	0.095674	0.076779	0.827980	6192500.000000
2015-04-22	0.009530	0.081742	0.088689	0.072794	0.809357	5910200.000000
2015-04-21	-0.012761	0.074797	0.077354	0.053292	-1.097755	6850200.000000
2015-04-20	-0.004200	0.071672	0.085794	0.067389	-0.362832	8938000.000000
2015-04-17	0.010556	0.100882	0.110007	0.070819	0.902420	20002600.000000
2015-04-16	-0.001196	0.066150	0.089635	0.054233	-0.102333	17143200.000000
2015-04-15	0.036036	0.082902	0.113649	0.076124	2.976983	13207800.000000
2015-04-14	0.008862	0.081874	0.091033	0.078943	0.725631	12053100.000000
2015-04-13	-0.012232	0.073345	0.077205	0.058628	-1.014038	7936900.000000
2015-04-10	0.007462	0.078924	0.086094	0.071875	0.614006	7315700.000000
2015-04-09	0.027055	0.078158	0.109986	0.076661	2.167618	9207300.000000
2015-04-08	-0.001739	0.078527	0.085006	0.062329	-0.139542	8739200.000000
2015-04-07	0.004190	0.077791	0.088426	0.066655	0.334916	7175700.000000
2015-04-06	0.018012	0.082174	0.108668	0.080263	1.414070	8092500.000000
2015-04-02	0.001305	0.072490	0.089580	0.069939	0.102317	6039400.000000
2015-04-01	0.010067	0.082128	0.092434	0.076974	0.781479	7808400.000000
2015-03-31	-0.012311	0.065243	0.072114	0.060535	-0.967529	7304700.000000
2015-03-30	0.014044	0.082268	0.093235	0.076204	1.088463	6537900.000000
2015-03-27	0.001804	0.072974	0.078920	0.064055	0.139541	5729100.000000
2015-03-26	-0.001561	0.084076	0.091819	0.068073	-0.120948	8150500.000000
2015-03-25	0.017593	0.085419	0.104725	0.081086	1.339653	8243100.000000
2015-03-24	-0.001829	0.073602	0.081599	0.070456	-0.139557	6446100.000000
2015-03-23	-0.004492	0.076479	0.090573	0.070085	-0.344208	8932100.000000
2015-03-20	0.016788	0.082874	0.103706	0.081945	1.265205	14383800.000000
2015-03-19	-0.012675	0.057620	0.072948	0.056048	-0.967506	8425600.000000
2015-03-18	0.019635	0.069436	0.104167	0.060486	1.469879	11542100.000000
2015-03-17	-0.009722	0.062876	0.072664	0.058114	-0.734932	7954600.000000
2015-03-16	0.010445	0.068096	0.088012	0.064888	0.781449	8265500.000000
2015-03-13	-0.006424	0.065617	0.074382	0.058047	-0.483757	8836700.000000
2015-03-12	-0.004061	0.077426	0.079807	0.068300	-0.307000	7630200.000000
2015-03-11	-0.000492	0.076632	0.082977	0.072666	-0.037208	6157000.000000
2015-03-10	-0.012749	0.061340	0.076088	0.060295	-0.976830	8140600.000000
2015-03-09	-0.009024	0.071809	0.078534	0.061203	-0.697738	6296400.000000
2015-03-06	-0.020160	0.064775	0.070604	0.050581	-1.590821	9674500.000000
2015-03-05	-0.003758	0.064813	0.074156	0.059510	-0.297683	5798200.000000
2015-03-04	0.002708	0.076812	0.079724	0.060355	0.213951	8229900.000000
2015-03-03	0.003427	0.077962	0.086092	0.066656	0.269806	6774800.000000
2015-03-02	0.005466	0.068910	0.083854	0.062141	0.427932	7725600.000000
2015-02-27	0.003218	0.075938	0.086061	0.075938	0.251183	7836000.000000
2015-02-26	-0.015491	0.065704	0.067470	0.050440	-1.227997	8485400.000000
2015-02-25	-0.001172	0.075921	0.079071	0.065337	-0.093025	5597000.000000
2015-02-24	-0.002689	0.088108	0.089867	0.062221	-0.213982	8430700.000000
2015-02-23	-0.003959	0.061270	0.078793	0.056264	-0.316299	6033800.000000
2015-02-20	-0.012647	0.071082	0.078126	0.053534	-1.023338	8123200.000000
2015-02-19	-0.008662	0.044285	0.072953	0.042815	-0.707039	6764800.000000
2015-02-18	-0.012937	0.065602	0.068141	0.056291	-1.069847	7182100.000000
2015-02-17	0.005770	0.075521	0.082454	0.061534	0.474449	7958300.000000
2015-02-13	0.028153	0.092545	0.107050	0.087418	2.251335	7562900.000000
2015-02-12	0.014517	0.093055	0.108786	0.084428	1.144287	6561100.000000
2015-02-11	-0.005750	0.058264	0.076301	0.053218	-0.455849	6630800.000000
2015-02-10	-0.006991	0.074412	0.078420	0.052493	-0.558189	7217600.000000
2015-02-09	0.001868	0.081188	0.090097	0.073282	0.148857	7614600.000000
2015-02-06	0.002793	0.092513	0.100063	0.079677	0.221970	8530800.000000
2015-02-05	0.016204	0.095126	0.105356	0.085791	1.267135	7749700.000000
2015-02-04	-0.029054	0.064674	0.066164	0.038476	-2.340034	12071700.000000
2015-02-03	0.028828	0.098432	0.125130	0.096899	2.256767	15913300.000000
2015-02-02	0.027309	0.102184	0.112157	0.082631	2.081070	9426800.000000
2015-01-30	0.005983	0.073795	0.106534	0.066270	0.453216	9947200.000000
2015-01-29	0.014241	0.086677	0.098727	0.064718	1.063614	9037300.000000
2015-01-28	-0.044944	0.076712	0.077223	0.029782	-3.514633	10041700.000000
2015-01-27	0.010397	0.068784	0.098243	0.068784	0.804665	7332800.000000
2015-01-26	0.020488	0.081979	0.108876	0.075254	1.553848	7060500.000000
2015-01-23	-0.001704	0.078423	0.095140	0.074079	-0.129494	8032800.000000
2015-01-22	-0.000851	0.090788	0.093156	0.061460	-0.064727	9040000.000000
2015-01-21	0.021496	0.080381	0.110205	0.069365	1.600074	9178800.000000
2015-01-20	-0.010451	0.068558	0.076003	0.048883	-0.786171	10948600.000000
2015-01-16	0.061334	0.093180	0.150181	0.093039	4.347077	17587500.000000
2015-01-15	-0.022452	0.086015	0.091808	0.054154	-1.627846	10918900.000000
2015-01-14	0.007843	0.056305	0.092030	0.050884	0.564194	12226700.000000
2015-01-13	-0.003459	0.080495	0.094347	0.067058	-0.249718	11931600.000000
2015-01-12	-0.039030	0.053366	0.053366	0.021417	-2.931969	13257100.000000
2015-01-09	-0.017896	0.088770	0.089947	0.053471	-1.368858	7649800.000000
2015-01-08	0.012116	0.091508	0.102094	0.084231	0.915657	7911600.000000
2015-01-07	-0.000122	0.092169	0.093624	0.065443	-0.009254	7951600.000000
2015-01-06	-0.019556	0.075869	0.081317	0.046294	-1.507592	9758400.000000
2015-01-05	-0.027081	0.065159	0.065159	0.042316	-2.145805	10039400.000000
2015-01-02	0.003044	0.073592	0.091188	0.071187	0.240494	5500800.000000
2014-12-31	-0.011916	0.072182	0.081062	0.060674	-0.952660	5346800.000000
2014-12-30	-0.010418	0.077598	0.079331	0.065097	-0.841659	6116200.000000
2014-12-29	0.002525	0.084538	0.093100	0.074114	0.203483	5872800.000000
2014-12-26	0.000804	0.087273	0.093234	0.074481	0.064736	4835500.000000
2014-12-24	-0.002978	0.074253	0.085150	0.059890	-0.240487	3624100.000000
2014-12-23	0.006571	0.085549	0.092903	0.075080	0.527199	8377900.000000
2014-12-22	-0.008798	0.078964	0.084647	0.061175	-0.712166	10563800.000000
2014-12-19	0.039060	0.082214	0.125985	0.078492	3.042939	15493800.000000
2014-12-18	0.016289	0.112105	0.115627	0.070621	1.248634	13255300.000000
2014-12-17	0.033545	0.094401	0.138355	0.081996	2.487999	13900600.000000
2014-12-16	0.003630	0.067250	0.128684	0.061837	0.268234	16034600.000000
2014-12-15	-0.001250	0.084431	0.105920	0.079025	-0.092491	11164500.000000
2014-12-12	-0.036261	0.068684	0.079103	0.038466	-2.783989	17708800.000000
2014-12-11	-0.001924	0.078327	0.107577	0.075728	-0.147980	12332600.000000
2014-12-10	-0.026910	0.062465	0.063351	0.038937	-2.127296	11166500.000000
2014-12-09	0.014963	0.069632	0.098135	0.064368	1.165398	10595600.000000
2014-12-08	-0.033846	0.067294	0.069031	0.040872	-2.728486	11306800.000000
2014-12-05	-0.003088	0.078467	0.090215	0.063504	-0.249725	8983600.000000
2014-12-04	0.007722	0.072713	0.098634	0.064239	0.619682	9000100.000000
2014-12-03	0.018071	0.088165	0.105927	0.079665	1.424370	11464800.000000
2014-12-02	0.004479	0.083991	0.097245	0.068316	0.351456	13740300.000000
2014-12-01	-0.008299	0.068297	0.084600	0.044664	-0.656677	18083200.000000
2014-11-28	-0.073915	0.010050	0.014497	-0.025647	-6.315354	18876100.000000
2014-11-26	-0.025105	0.082021	0.082934	0.053153	-2.200233	9882600.000000
2014-11-25	-0.033012	0.090215	0.092532	0.048729	-2.991951	10729600.000000
2014-11-24	0.005926	0.095566	0.101115	0.087352	0.533920	10324700.000000
2014-11-21	0.017995	0.108162	0.115732	0.093700	1.592652	9293500.000000
2014-11-20	0.012000	0.086243	0.100535	0.082355	1.049491	8198700.000000
2014-11-19	-0.002939	0.084419	0.091601	0.070852	-0.257766	6553200.000000
2014-11-18	-0.003660	0.098056	0.098056	0.078519	-0.322205	5971400.000000
2014-11-17	0.003252	0.085445	0.099690	0.081912	0.285370	8499600.000000
2014-11-14	0.004955	0.102390	0.109147	0.081318	0.432686	11825000.000000
2014-11-13	-0.026480	0.077101	0.086689	0.033731	-2.375145	18116000.000000
2014-11-12	-0.009455	0.079506	0.100931	0.073874	-0.856171	6679000.000000
2014-11-11	0.000712	0.087127	0.088453	0.069224	0.064446	6111500.000000
2014-11-10	-0.004457	0.094164	0.106157	0.080192	-0.405068	7972900.000000
2014-11-07	0.018045	0.090835	0.119284	0.089491	1.611038	7826000.000000
2014-11-06	0.003518	0.073429	0.091188	0.057693	0.313027	9507500.000000
2014-11-05	0.026338	0.091088	0.120736	0.086127	2.283081	7443600.000000
2014-11-04	-0.024451	0.074989	0.074989	0.051580	-2.172600	9568200.000000
2014-11-03	-0.021691	0.079196	0.091968	0.058718	-1.970108	7732700.000000
2014-10-31	0.010654	0.077118	0.099373	0.074225	0.957428	8293900.000000
2014-10-30	0.002156	0.080332	0.091818	0.070854	0.193329	5104000.000000
2014-10-29	0.009325	0.101550	0.110441	0.085567	0.828545	7375200.000000
2014-10-28	0.031972	0.094489	0.123759	0.086475	2.752601	8307400.000000
2014-10-27	-0.038256	0.064683	0.064683	0.032735	-3.424637	15256800.000000
2014-10-24	-0.010381	0.085579	0.085579	0.064354	-0.939026	7489500.000000
2014-10-23	0.023648	0.111365	0.124831	0.098464	2.089783	7767700.000000
2014-10-22	-0.018005	0.091021	0.096355	0.066018	-1.620277	8312300.000000
2014-10-21	0.033298	0.113341	0.122413	0.098529	2.899917	9180700.000000
2014-10-20	0.006704	0.092601	0.097456	0.083700	0.579987	8209900.000000
2014-10-17	0.036739	0.166177	0.179719	0.115484	3.065605	17948500.000000
2014-10-16	0.016029	0.056289	0.110717	0.047157	1.316452	15422000.000000
2014-10-15	0.002810	0.073300	0.096255	0.052542	0.230164	18304100.000000
2014-10-14	-0.021665	0.088273	0.105237	0.053750	-1.813599	14772500.000000
2014-10-13	-0.022993	0.083442	0.099781	0.059049	-1.970093	13965300.000000
2014-10-10	-0.019490	0.076859	0.086815	0.053628	-1.703117	13965100.000000
2014-10-09	-0.035758	0.080946	0.081056	0.044973	-3.240532	14844800.000000
2014-10-08	0.002138	0.080382	0.089560	0.058818	0.193329	10521000.000000
2014-10-07	-0.003348	0.082055	0.104097	0.075111	-0.303803	9573500.000000
2014-10-06	0.006741	0.091568	0.107546	0.083247	0.607590	6058800.000000
2014-10-03	0.001227	0.091353	0.093686	0.072579	0.110481	6807000.000000
2014-10-02	-0.010824	0.078441	0.081847	0.063716	-0.985031	10864100.000000
2014-10-01	-0.027928	0.083252	0.093827	0.050885	-2.614532	8674100.000000
2014-09-30	-0.015395	0.089924	0.097812	0.065628	-1.463761	8082800.000000
2014-09-29	-0.001740	0.073539	0.088133	0.066924	-0.165687	7040600.000000
2014-09-26	0.024255	0.089899	0.114310	0.084522	2.255462	6353800.000000
2014-09-25	-0.010385	0.100290	0.100716	0.068151	-0.975837	7353300.000000
2014-09-24	-0.000196	0.087519	0.093584	0.067197	-0.018418	6742900.000000
2014-09-23	0.003637	0.087204	0.100659	0.081224	0.340622	4969000.000000
2014-09-22	-0.014437	0.086558	0.086558	0.065509	-1.371704	5644100.000000
2014-09-19	-0.012061	0.087282	0.093625	0.073142	-1.159958	9520200.000000
2014-09-18	0.011229	0.091185	0.103381	0.086348	1.067917	6514100.000000
2014-09-17	-0.015720	0.090900	0.095143	0.066993	-1.519012	8185000.000000
2014-09-16	0.018535	0.084345	0.115757	0.084240	1.758354	6676400.000000
2014-09-15	0.008120	0.084223	0.100907	0.082311	0.764091	5737800.000000
2014-09-12	-0.021350	0.078755	0.082395	0.061699	-2.052932	7383100.000000
2014-09-11	0.001726	0.075304	0.092806	0.073012	0.165718	5823100.000000
2014-09-10	0.002885	0.087287	0.091048	0.073496	0.276161	5709500.000000
2014-09-09	-0.004976	0.088114	0.095911	0.073456	-0.478691	6221300.000000
2014-09-08	-0.021263	0.077696	0.078408	0.055821	-2.089775	7000000.000000
2014-09-05	0.010602	0.090253	0.098068	0.078531	1.031074	5971700.000000
2014-09-04	-0.023389	0.086946	0.087247	0.055313	-2.329132	7410500.000000
2014-09-03	0.001018	0.098205	0.105040	0.086745	0.101258	4598900.000000
2014-09-02	-0.014411	0.086144	0.086441	0.065239	-1.454552	6242700.000000
2014-08-29	-0.001093	0.091488	0.092378	0.080404	-0.110474	4594700.000000
2014-08-28	-0.007925	0.088238	0.088238	0.080089	-0.807197	3515800.000000
2014-08-27	0.000180	0.094718	0.099825	0.085291	0.018348	4339700.000000
2014-08-26	0.007258	0.095444	0.106620	0.094751	0.733811	4827000.000000
2014-08-25	0.010914	0.096601	0.104900	0.093201	1.091545	4497400.000000
2014-08-22	-0.003746	0.086416	0.092891	0.076454	-0.376083	4162600.000000
2014-08-21	-0.003732	0.091293	0.091591	0.080773	-0.376076	4642900.000000
2014-08-20	0.003930	0.094585	0.096279	0.083127	0.394424	4627300.000000
2014-08-19	0.011836	0.099577	0.105424	0.092520	1.174088	6228900.000000
2014-08-18	0.015113	0.118139	0.120493	0.100537	1.476806	7806500.000000
2014-08-15	0.005854	0.094216	0.100186	0.084849	0.568718	5322500.000000
2014-08-14	-0.015889	0.093645	0.098204	0.069232	-1.568542	5857600.000000
2014-08-13	-0.002318	0.098489	0.104047	0.085653	-0.229324	4294700.000000
2014-08-12	-0.012270	0.087606	0.091199	0.073331	-1.229126	4625000.000000
2014-08-11	0.007658	0.096136	0.110018	0.091609	0.761329	5354100.000000
2014-08-08	0.012803	0.092646	0.105177	0.092137	1.256653	4168900.000000
2014-08-07	-0.005206	0.094255	0.100843	0.080370	-0.513664	4653100.000000
2014-08-06	0.004576	0.083686	0.108731	0.082260	0.449478	5352900.000000
2014-08-05	-0.023617	0.082447	0.083243	0.057198	-2.375732	6946200.000000
2014-08-04	0.015933	0.091110	0.111410	0.085859	1.577697	5759800.000000
2014-08-01	-0.004060	0.084870	0.097242	0.074611	-0.403610	6045800.000000
2014-07-31	-0.017049	0.083379	0.086840	0.067165	-1.724441	7561900.000000
2014-07-30	-0.007649	0.094224	0.098541	0.077839	-0.779671	5750400.000000
2014-07-29	-0.006882	0.093222	0.097217	0.082699	-0.706291	3981800.000000
2014-07-28	0.000984	0.091664	0.094980	0.081619	0.100891	4811000.000000
2014-07-25	-0.011671	0.086828	0.088273	0.076417	-1.210778	5837300.000000
2014-07-24	0.008831	0.092049	0.101676	0.091271	0.908081	4750600.000000
2014-07-23	-0.011463	0.091932	0.091932	0.075974	-1.192428	4745400.000000
2014-07-22	0.003273	0.096952	0.100906	0.092323	0.339363	4174100.000000
2014-07-21	0.006052	0.090395	0.105823	0.090201	0.623756	4427800.000000
2014-07-18	-0.019888	0.079360	0.080787	0.053398	-2.091354	9057900.000000
2014-07-17	-0.010701	0.088037	0.088037	0.072514	-1.137413	5348000.000000
2014-07-16	0.012406	0.095345	0.103917	0.088772	1.302513	5303200.000000
2014-07-15	-0.012765	0.076190	0.088509	0.067728	-1.357559	6472400.000000
2014-07-14	0.010811	0.091342	0.103128	0.090486	1.137421	5160000.000000
2014-07-11	-0.006066	0.089351	0.090768	0.078203	-0.642098	4831900.000000
2014-07-10	-0.013338	0.079762	0.084795	0.070068	-1.430900	5112800.000000
2014-07-09	0.001799	0.095057	0.095524	0.084505	0.192611	6769500.000000
2014-07-08	-0.005791	0.086673	0.089458	0.079153	-0.623749	6460900.000000
2014-07-07	-0.000596	0.088717	0.091407	0.082871	-0.064201	4887400.000000
2014-07-03	-0.001954	0.090294	0.092146	0.077700	-0.210976	3574000.000000
2014-07-02	-0.001018	0.091404	0.093902	0.084096	-0.110061	4321100.000000
2014-07-01	-0.000848	0.093436	0.097688	0.084656	-0.091728	6644900.000000
2014-06-30	0.001273	0.087332	0.093255	0.083075	0.137588	6529400.000000
2014-06-27	0.014468	0.088511	0.105974	0.082033	1.541000	7830900.000000
2014-06-26	0.019939	0.100447	0.125727	0.098341	2.082192	14230400.000000
2014-06-25	0.064217	0.088876	0.166224	0.088876	6.301567	17541800.000000
2014-06-24	-0.017631	0.089701	0.096208	0.068978	-1.761139	5762000.000000
2014-06-23	0.000643	0.094809	0.096111	0.086094	0.064201	4284100.000000
2014-06-20	0.011431	0.094659	0.111985	0.092734	1.128258	8860300.000000
2014-06-19	0.004856	0.090914	0.099466	0.087045	0.476990	5892900.000000
2014-06-18	0.009236	0.090099	0.101196	0.083420	0.898903	6129400.000000
2014-06-17	-0.008875	0.086229	0.091627	0.079610	-0.871414	4321500.000000
2014-06-16	-0.011085	0.085669	0.086475	0.073886	-1.100708	4126700.000000
2014-06-13	0.018057	0.096045	0.110092	0.087023	1.761139	4749000.000000
2014-06-12	-0.001971	0.093271	0.105960	0.086108	-0.192627	5847600.000000
2014-06-11	0.000094	0.087438	0.095114	0.084777	0.009185	3199100.000000
2014-06-10	-0.001780	0.084991	0.095207	0.084174	-0.174285	4148000.000000
2014-06-09	0.006888	0.089790	0.100076	0.085367	0.669609	5692300.000000
2014-06-06	0.020017	0.095972	0.112024	0.092614	1.907890	6205600.000000
2014-06-05	0.001832	0.089361	0.094196	0.084315	0.174301	4055600.000000
2014-06-04	-0.001252	0.086737	0.089676	0.080333	-0.119255	4815100.000000
2014-06-03	-0.000578	0.090411	0.090726	0.079814	-0.055046	3503900.000000
2014-06-02	0.002605	0.094724	0.101141	0.085678	0.247650	3748000.000000
2014-05-30	0.001733	0.092617	0.098097	0.087454	0.164475	4666500.000000
2014-05-29	0.019535	0.099458	0.118581	0.099029	1.818351	4792000.000000
2014-05-28	-0.002839	0.096980	0.098158	0.082196	-0.264991	3660000.000000
2014-05-27	0.007595	0.100022	0.104663	0.095596	0.703582	3660300.000000
2014-05-23	-0.002067	0.094409	0.097641	0.088485	-0.191879	4463200.000000
2014-05-22	0.000197	0.093008	0.098503	0.090423	0.018272	3757800.000000
2014-05-21	0.011854	0.099314	0.109126	0.098987	1.087334	4114200.000000
2014-05-20	0.000997	0.091572	0.101284	0.090917	0.091377	3904100.000000
2014-05-19	0.007029	0.091991	0.103750	0.090783	0.639618	4095900.000000
2014-05-16	0.000904	0.091109	0.098039	0.083410	0.082230	4965100.000000
2014-05-15	-0.012309	0.090281	0.090281	0.068336	-1.133011	6593900.000000
2014-05-14	0.004888	0.094518	0.105107	0.094518	0.447723	5134100.000000
2014-05-13	-0.000399	0.094300	0.100192	0.088625	-0.036560	4518200.000000
2014-05-12	0.000698	0.099104	0.100415	0.091242	0.063950	4071200.000000
2014-05-09	-0.000598	0.094300	0.097028	0.087861	-0.054810	4659700.000000
2014-05-08	-0.015705	0.093979	0.096987	0.076040	-1.461982	4374900.000000
2014-05-07	0.008713	0.097443	0.106112	0.092350	0.804100	4075200.000000
2014-05-06	-0.000989	0.093868	0.098739	0.089213	-0.091378	4681300.000000
2014-05-05	0.000693	0.090292	0.101341	0.088559	0.063942	3112000.000000
2014-05-02	0.002282	0.100815	0.104397	0.093432	0.210167	4471200.000000
2014-05-01	-0.007386	0.094732	0.096887	0.083847	-0.685302	4174900.000000
2014-04-30	0.001578	0.092682	0.100022	0.088580	0.146209	5426900.000000
2014-04-29	0.000987	0.100352	0.119152	0.094949	0.091378	7020600.000000
2014-04-28	-0.004521	0.098496	0.100002	0.079458	-0.420319	6183500.000000
2014-04-25	-0.000491	0.091936	0.098171	0.087098	-0.045708	6998500.000000
2014-04-24	-0.004011	0.092803	0.098799	0.087021	-0.374611	5168700.000000
2014-04-23	0.001764	0.094302	0.102668	0.091620	0.164467	5547200.000000
2014-04-22	0.002259	0.089141	0.103654	0.084733	0.210144	6939500.000000
2014-04-21	0.018917	0.099010	0.118289	0.094409	1.726982	7005300.000000
2014-04-17	-0.010204	0.101348	0.104492	0.075760	-0.941154	10169700.000000
2014-04-16	0.008291	0.098891	0.104794	0.093753	0.758400	6955500.000000
2014-04-15	0.016552	0.094409	0.116857	0.090408	1.489387	8585700.000000
2014-04-14	0.014212	0.102862	0.119543	0.101284	1.260956	6203500.000000
2014-04-11	-0.002261	0.089911	0.096883	0.086987	-0.201019	5563900.000000
2014-04-10	-0.017168	0.092972	0.099161	0.073851	-1.553360	5482500.000000
2014-04-09	0.005892	0.095743	0.102413	0.084625	0.529961	5434000.000000
2014-04-08	0.008607	0.092391	0.106631	0.091718	0.767562	6689200.000000
2014-04-07	-0.004387	0.093181	0.099991	0.089050	-0.392929	7552900.000000
2014-04-04	-0.000408	0.096306	0.112487	0.091507	-0.036537	8265600.000000
2014-04-03	0.003890	0.097658	0.105836	0.095529	0.347222	4499100.000000
2014-04-02	-0.002756	0.095638	0.099436	0.090164	-0.246712	4997600.000000
2014-04-01	0.004718	0.090929	0.101817	0.090256	0.420318	4185300.000000
2014-03-31	-0.000717	0.097325	0.102373	0.090483	-0.063964	5278100.000000
2014-03-28	0.011193	0.096678	0.116640	0.094409	0.986854	7801000.000000
2014-03-27	0.011107	0.094180	0.117345	0.092345	0.968536	7174100.000000
2014-03-26	-0.001360	0.097616	0.104373	0.092118	-0.118782	6515700.000000
2014-03-25	0.024992	0.109200	0.125517	0.108261	2.128991	9651800.000000
2014-03-24	0.006043	0.099487	0.119564	0.098542	0.511711	7381600.000000
2014-03-21	0.017122	0.104019	0.121916	0.092487	1.425422	11148800.000000
2014-03-20	0.008300	0.094288	0.107490	0.088959	0.685303	4289500.000000
2014-03-19	-0.001547	0.095376	0.101665	0.086669	-0.127922	4160200.000000
2014-03-18	0.008020	0.099529	0.109159	0.096481	0.657883	4377000.000000
2014-03-17	0.007745	0.095146	0.105219	0.095146	0.630485	8924900.000000
2014-03-14	-0.013072	0.093681	0.098288	0.077557	-1.078209	7657300.000000
2014-03-13	-0.009872	0.099211	0.101131	0.075563	-0.822357	6466500.000000
2014-03-12	-0.008483	0.085363	0.087982	0.075841	-0.712738	4992700.000000
2014-03-11	-0.009906	0.099240	0.103247	0.078971	-0.840622	5301500.000000
2014-03-10	-0.001183	0.090760	0.094644	0.083580	-0.100502	3301800.000000
2014-03-07	0.002480	0.100073	0.101488	0.091459	0.210144	4690300.000000
2014-03-06	0.008043	0.097026	0.106898	0.092982	0.676171	4612000.000000
2014-03-05	-0.005190	0.090267	0.095710	0.083641	-0.438591	3995800.000000
2014-03-04	0.013478	0.109279	0.115395	0.101844	1.123901	6768400.000000
2014-03-03	-0.018710	0.085701	0.092997	0.066166	-1.589912	7741200.000000
2014-02-28	0.004645	0.101502	0.109423	0.095591	0.392913	5966900.000000
2014-02-27	0.002382	0.090024	0.098557	0.084099	0.201027	3947400.000000
2014-02-26	-0.002269	0.103040	0.105169	0.089088	-0.191879	4337700.000000
2014-02-25	-0.001726	0.088743	0.094763	0.079301	-0.146210	5254300.000000
2014-02-24	0.029422	0.098662	0.138151	0.098297	2.421402	8868900.000000
2014-02-21	-0.010546	0.097054	0.099819	0.082747	-0.877174	6322800.000000
2014-02-20	0.006078	0.093562	0.102271	0.092232	0.502533	4917000.000000
2014-02-19	-0.001655	0.090182	0.107088	0.090182	-0.137062	5990400.000000
2014-02-18	0.001990	0.094530	0.098281	0.085334	0.164482	5336000.000000
2014-02-14	0.006566	0.096845	0.110607	0.095505	0.539108	4661800.000000
2014-02-13	0.002555	0.093420	0.107583	0.088536	0.209229	5060900.000000
2014-02-12	-0.003763	0.099889	0.107674	0.094293	-0.309311	4285000.000000
2014-02-11	0.014937	0.099157	0.119158	0.098910	1.209900	5925100.000000
2014-02-10	-0.005140	0.098789	0.099035	0.085647	-0.418450	5186900.000000
2014-02-07	0.011185	0.105242	0.114557	0.097045	0.900589	5985000.000000
2014-02-06	0.027275	0.104256	0.132580	0.103491	2.137749	5384000.000000
2014-02-05	-0.011813	0.098776	0.104954	0.084277	-0.936966	6650900.000000
2014-02-04	0.011133	0.100810	0.119678	0.099025	0.873276	6288000.000000
2014-02-03	-0.015302	0.102168	0.104679	0.078191	-1.218956	7207100.000000
2014-01-31	-0.013963	0.087645	0.096557	0.080590	-1.128021	6337900.000000
2014-01-30	0.017296	0.106836	0.126857	0.106710	1.373611	5613700.000000
2014-01-29	-0.005242	0.090763	0.096274	0.082621	-0.418457	6662400.000000
2014-01-28	-0.001706	0.103157	0.106908	0.090277	-0.136452	4677700.000000
2014-01-27	-0.002723	0.101151	0.105142	0.083692	-0.218315	6073300.000000
2014-01-24	-0.023377	0.086736	0.088076	0.069564	-1.919426	8402100.000000
2014-01-23	-0.010415	0.092411	0.099040	0.084457	-0.864189	6603500.000000
2014-01-22	0.001317	0.102056	0.102539	0.089505	0.109154	5123800.000000
2014-01-21	0.009755	0.111344	0.122434	0.101352	0.800514	8312400.000000
2014-01-17	0.018057	0.114168	0.121611	0.091713	1.455505	11923900.000000
2014-01-16	-0.003150	0.099157	0.105464	0.090005	-0.254722	6930700.000000
2014-01-15	0.000225	0.099775	0.104600	0.087282	0.018203	6804700.000000
2014-01-14	0.016122	0.104937	0.117757	0.098149	1.282647	5523900.000000
2014-01-13	-0.008052	0.102148	0.103894	0.088309	-0.645859	6824000.000000
2014-01-10	0.019542	0.094196	0.121144	0.090255	1.537346	8417100.000000
2014-01-09	-0.005748	0.106105	0.107748	0.087527	-0.454834	6559200.000000
2014-01-08	-0.006056	0.097396	0.101165	0.085086	-0.482132	8527100.000000
2014-01-07	-0.005794	0.099655	0.104776	0.083669	-0.463944	6423800.000000
2014-01-06	-0.003735	0.105875	0.106373	0.086216	-0.300186	6370100.000000
2014-01-03	-0.005291	0.100766	0.105840	0.091731	-0.427543	4212000.000000
2014-01-02	-0.014316	0.091595	0.099403	0.080982	-1.173508	4958100.000000
2013-12-31	0.010541	0.103349	0.112101	0.098048	0.855087	3397400.000000
2013-12-30	-0.008120	0.100136	0.103683	0.089987	-0.664055	4028500.000000
2013-12-27	0.005705	0.101125	0.106659	0.095099	0.463944	3488600.000000
2013-12-26	0.012230	0.101397	0.114841	0.100401	0.982467	3640400.000000
2013-12-24	0.011338	0.101924	0.114136	0.099910	0.900582	1849900.000000
2013-12-23	0.000573	0.106964	0.110113	0.099281	0.045486	5214500.000000
2013-12-20	0.009252	0.099789	0.115680	0.093306	0.727753	9322500.000000
2013-12-19	-0.009054	0.096509	0.097013	0.078998	-0.718674	6374800.000000
2013-12-18	0.020108	0.099795	0.122027	0.091184	1.564675	8990400.000000
2013-12-17	-0.016782	0.099660	0.105851	0.079696	-1.328133	7275800.000000
2013-12-16	0.007294	0.107172	0.108954	0.096481	0.573105	5083600.000000
2013-12-13	-0.006785	0.104590	0.106233	0.085249	-0.536728	6089300.000000
2013-12-12	0.009519	0.100429	0.118423	0.097111	0.745941	5923400.000000
2013-12-11	-0.009999	0.099154	0.105219	0.085257	-0.791420	5387500.000000
2013-12-10	-0.011587	0.095160	0.100155	0.084545	-0.927887	4867100.000000
2013-12-09	-0.001361	0.103894	0.103894	0.084191	-0.109169	5066900.000000
2013-12-06	0.014735	0.114845	0.120287	0.110669	1.164406	6102400.000000
2013-12-05	-0.004698	0.092479	0.107215	0.090212	-0.372971	5986200.000000
2013-12-04	-0.004108	0.095894	0.102542	0.084982	-0.327476	6694500.000000
2013-12-03	0.000456	0.093759	0.105555	0.083971	0.036377	5831900.000000
2013-12-02	-0.005760	0.105925	0.110291	0.089705	-0.461647	4653800.000000
2013-11-29	0.005344	0.105437	0.124629	0.099793	0.426025	4093900.000000
2013-11-27	-0.016879	0.101453	0.103550	0.070255	-1.368751	8571100.000000
2013-11-26	-0.003897	0.103916	0.105636	0.092001	-0.317292	6987200.000000
2013-11-25	-0.031489	0.099967	0.102822	0.064753	-2.646904	7255000.000000
2013-11-22	0.018899	0.106816	0.124756	0.103058	1.559143	5274000.000000
2013-11-21	0.006191	0.107570	0.111595	0.102448	0.507615	5774700.000000
2013-11-20	-0.009093	0.111156	0.111519	0.091456	-0.752358	5554300.000000
2013-11-19	-0.008042	0.098983	0.105337	0.085796	-0.670792	6261800.000000
2013-11-18	-0.010325	0.105908	0.106976	0.087162	-0.870231	4352100.000000
2013-11-15	-0.003536	0.104125	0.109800	0.091593	-0.299111	5056400.000000
2013-11-14	0.002471	0.104365	0.108157	0.098320	0.208481	4226700.000000
2013-11-13	0.011849	0.099222	0.116491	0.088669	0.988068	6008000.000000
2013-11-12	-0.020028	0.098479	0.099654	0.072859	-1.704178	6598400.000000
2013-11-11	0.000853	0.103062	0.115177	0.099886	0.072510	3847200.000000
2013-11-08	0.018903	0.101022	0.125231	0.100303	1.577263	6832400.000000
2013-11-07	-0.012657	0.108149	0.109806	0.086732	-1.069634	5349000.000000
2013-11-06	0.009092	0.111299	0.120971	0.105687	0.761444	4244300.000000
2013-11-05	-0.011977	0.096809	0.098461	0.083714	-1.015251	4892700.000000
2013-11-04	0.005484	0.107924	0.111720	0.101163	0.462303	3841400.000000
2013-11-01	-0.007683	0.105887	0.107652	0.084463	-0.652672	5907400.000000
2013-10-31	-0.001704	0.103180	0.109878	0.096011	-0.145019	5305400.000000
2013-10-30	-0.001276	0.108226	0.112216	0.095669	-0.108765	5615900.000000
2013-10-29	0.012385	0.107813	0.116962	0.103655	1.042420	4078100.000000
2013-10-28	-0.000538	0.100923	0.106029	0.093917	-0.045334	4936700.000000
2013-10-25	0.000539	0.098665	0.108288	0.097952	0.045334	4697700.000000
2013-10-24	0.000108	0.102823	0.110428	0.096882	0.009056	4376500.000000
2013-10-23	-0.017150	0.093953	0.094888	0.081691	-1.468468	7718600.000000
2013-10-22	0.010484	0.102117	0.119937	0.100937	0.888344	7692500.000000
2013-10-21	-0.005426	0.104705	0.113978	0.090503	-0.462296	7325900.000000
2013-10-18	0.027999	0.123329	0.144807	0.122002	2.320549	11240000.000000
2013-10-17	-0.008136	0.098991	0.099230	0.085587	-0.679840	8871400.000000
2013-10-16	0.018114	0.107931	0.125843	0.106957	1.486611	9084500.000000
2013-10-15	-0.006910	0.095556	0.104269	0.084545	-0.571083	6370800.000000
2013-10-14	0.012775	0.094723	0.118865	0.093620	1.042427	5475000.000000
2013-10-11	0.006710	0.098615	0.113913	0.092076	0.543899	5335400.000000
2013-10-10	0.027344	0.114967	0.133598	0.114080	2.157402	6081800.000000
2013-10-09	-0.010347	0.103179	0.104810	0.082483	-0.824890	6185100.000000
2013-10-08	-0.015007	0.103674	0.104662	0.085265	-1.214676	5902800.000000
2013-10-07	-0.007999	0.094232	0.104282	0.090923	-0.652672	4570100.000000
2013-10-04	0.006373	0.104660	0.115884	0.097752	0.516701	3983600.000000
2013-10-03	-0.004563	0.100478	0.104776	0.092743	-0.371658	6618300.000000
2013-10-02	0.008984	0.102560	0.113710	0.099463	0.725181	7487100.000000
2013-10-01	0.007809	0.098560	0.118536	0.098435	0.625458	5580200.000000
2013-09-30	-0.005179	0.086660	0.103925	0.082562	-0.416954	5597200.000000
2013-09-27	-0.000113	0.096722	0.106533	0.094362	-0.009079	4980100.000000
2013-09-26	0.002935	0.105670	0.111649	0.101436	0.235672	5042900.000000
2013-09-25	0.007508	0.102176	0.119870	0.098160	0.598282	8082500.000000
2013-09-24	0.009995	0.107996	0.121938	0.097223	0.788635	5688300.000000
2013-09-23	-0.004575	0.099647	0.108478	0.098007	-0.362594	5480900.000000
2013-09-20	-0.015204	0.106783	0.109268	0.086406	-1.223732	8555600.000000
2013-09-19	-0.001799	0.101815	0.112729	0.100327	-0.145035	6010200.000000
2013-09-18	0.013791	0.101922	0.125057	0.093121	1.096825	6756500.000000
2013-09-17	0.008506	0.102672	0.118649	0.098868	0.670799	6074500.000000
2013-09-16	0.003229	0.111321	0.114501	0.101526	0.253799	4213300.000000
2013-09-13	0.001617	0.101778	0.107384	0.096808	0.126892	3874800.000000
2013-09-12	-0.005399	0.100645	0.104827	0.089873	-0.426025	5860700.000000
2013-09-11	0.001726	0.102037	0.105845	0.094166	0.135956	5414000.000000
2013-09-10	0.005205	0.099351	0.108922	0.090546	0.407921	10257200.000000
2013-09-09	0.015386	0.103697	0.124040	0.103697	1.187461	5954500.000000
2013-09-06	0.010924	0.109729	0.125447	0.096630	0.833977	9117100.000000
2013-09-05	0.016413	0.108106	0.125680	0.105043	1.232796	8640500.000000
2013-09-04	0.005339	0.099030	0.117501	0.095684	0.398857	5521100.000000
2013-09-03	0.018285	0.113402	0.128939	0.113265	1.341568	5299300.000000
2013-08-30	-0.004275	0.106878	0.107420	0.094935	-0.314995	4455500.000000
2013-08-29	-0.013062	0.107688	0.110501	0.091348	-0.975242	4834400.000000
2013-08-28	0.018603	0.110558	0.136890	0.108375	1.363525	5511700.000000
2013-08-27	-0.008913	0.096603	0.110530	0.094169	-0.659180	4422500.000000
2013-08-26	0.002816	0.109590	0.118946	0.108370	0.207695	4677000.000000
2013-08-23	-0.006569	0.111461	0.111461	0.095835	-0.487648	5122500.000000
2013-08-22	0.026983	0.117381	0.143251	0.113784	1.950501	4504300.000000
2013-08-21	-0.007070	0.102475	0.111679	0.098904	-0.514717	4118100.000000
2013-08-20	0.002612	0.108247	0.118025	0.103840	0.189644	3642200.000000
2013-08-19	-0.018433	0.098499	0.107150	0.085521	-1.363533	4684300.000000
2013-08-16	-0.000854	0.106475	0.112013	0.103774	-0.063202	4754300.000000
2013-08-15	-0.002070	0.100142	0.109577	0.098255	-0.153542	4601100.000000
2013-08-14	-0.000730	0.108498	0.114424	0.104322	-0.054176	4401200.000000
2013-08-13	0.024549	0.113216	0.138470	0.111975	1.778930	7282400.000000
2013-08-12	-0.002982	0.101091	0.110722	0.097927	-0.216735	4988700.000000
2013-08-09	-0.009110	0.106193	0.111510	0.094196	-0.668221	4523100.000000
2013-08-08	0.002221	0.114525	0.120810	0.108377	0.162537	3996900.000000
2013-08-07	-0.014230	0.099608	0.101763	0.083041	-1.056511	7098700.000000
2013-08-06	-0.008083	0.105283	0.108355	0.096866	-0.605011	5372400.000000
2013-08-05	0.000000	0.107153	0.109024	0.094862	0.000000	4036200.000000
2013-08-02	-0.007899	0.106625	0.107951	0.094166	-0.595970	5881400.000000
2013-08-01	0.027296	0.121309	0.139691	0.121309	2.004676	7005700.000000
2013-07-31	-0.001228	0.115036	0.116940	0.103069	-0.090316	5034500.000000
2013-07-30	0.003450	0.111924	0.117382	0.108648	0.252823	5142600.000000
2013-07-29	-0.009278	0.096604	0.102148	0.092413	-0.686265	4867300.000000
2013-07-26	-0.007993	0.103397	0.103397	0.088376	-0.595962	5040600.000000
2013-07-25	-0.003380	0.103010	0.113168	0.096326	-0.252838	5837900.000000
2013-07-24	-0.008616	0.109541	0.110468	0.090989	-0.650177	5378100.000000
2013-07-23	-0.002863	0.108081	0.116142	0.102003	-0.216706	6866900.000000
2013-07-22	0.012932	0.102335	0.137937	0.100461	0.966218	11197700.000000
2013-07-19	0.054281	0.145943	0.178962	0.141427	3.846740	17430400.000000
2013-07-18	0.011210	0.109561	0.125114	0.109561	0.785637	6141300.000000
2013-07-17	0.014245	0.110894	0.125511	0.110894	0.984268	6667600.000000
2013-07-16	-0.006492	0.109865	0.114754	0.091892	-0.451500	6037200.000000
2013-07-15	0.002342	0.107420	0.114194	0.100935	0.162529	3927800.000000
2013-07-12	0.002741	0.104386	0.111034	0.103230	0.189652	4254400.000000
2013-07-11	0.005907	0.120504	0.122539	0.104949	0.406319	4889800.000000
2013-07-10	-0.004703	0.104961	0.107421	0.099029	-0.325058	4594000.000000
2013-07-09	0.023399	0.113936	0.137035	0.113936	1.580246	7159600.000000
2013-07-08	0.009448	0.115342	0.124310	0.110709	0.632087	5457700.000000
2013-07-05	0.014792	0.113639	0.128201	0.106965	0.975235	3992100.000000
2013-07-03	0.005509	0.105590	0.115504	0.095677	0.361214	3147100.000000
2013-07-02	-0.002336	0.115485	0.115485	0.099356	-0.153496	4931300.000000
2013-07-01	0.015629	0.115611	0.133383	0.111902	1.011353	6432900.000000
2013-06-28	-0.003754	0.105573	0.112809	0.102340	-0.243828	7497100.000000
2013-06-27	0.001671	0.112201	0.118678	0.108037	0.108368	5951000.000000
2013-06-26	-0.003884	0.115562	0.117252	0.100047	-0.252846	5199700.000000
2013-06-25	0.011932	0.119857	0.134624	0.117214	0.767563	6693400.000000
2013-06-24	-0.021832	0.092367	0.094496	0.068190	-1.435768	7984300.000000
2013-06-21	0.009564	0.117245	0.122618	0.102354	0.623047	9785400.000000
2013-06-20	-0.017166	0.095501	0.098670	0.083431	-1.137764	8916000.000000
2013-06-19	-0.010248	0.108913	0.116828	0.096071	-0.686303	6332400.000000
2013-06-18	0.014501	0.108632	0.130145	0.106814	0.957200	5682300.000000
2013-06-17	0.020950	0.119794	0.135725	0.119794	1.354492	5376400.000000
2013-06-14	-0.011869	0.108185	0.110783	0.093513	-0.776573	4937500.000000
2013-06-13	0.021283	0.109918	0.132706	0.108201	1.363525	6800300.000000
2013-06-12	-0.006859	0.118271	0.119046	0.098739	-0.442474	6256100.000000
2013-06-11	-0.025375	0.093370	0.096996	0.077355	-1.679566	8572800.000000
2013-06-10	-0.008522	0.110117	0.114311	0.095137	-0.568893	6263700.000000
2013-06-07	0.008595	0.118601	0.123284	0.107269	0.568893	6703700.000000
2013-06-06	0.015517	0.106500	0.124604	0.101590	1.011345	7292900.000000
2013-06-05	-0.009197	0.103620	0.111373	0.096019	-0.605003	7499400.000000
2013-06-04	-0.005461	0.105757	0.112107	0.097140	-0.361199	9450800.000000
2013-06-03	0.007323	0.114616	0.119794	0.107763	0.480858	8164000.000000
2013-05-31	-0.023794	0.105936	0.107720	0.085568	-1.600456	7897400.000000
2013-05-30	-0.002267	0.106247	0.115443	0.096902	-0.152855	5747400.000000
2013-05-29	-0.005571	0.103624	0.110999	0.095659	-0.377655	4889900.000000
2013-05-28	0.009912	0.130204	0.134822	0.120968	0.665359	6700100.000000
2013-05-24	-0.009551	0.101704	0.104803	0.086803	-0.647346	6632100.000000
2013-05-23	-0.002647	0.095404	0.110266	0.086281	-0.179855	6712900.000000
2013-05-22	-0.019460	0.110304	0.122425	0.083755	-1.348671	9235500.000000
2013-05-21	-0.004392	0.111749	0.118213	0.101405	-0.305733	6334800.000000
2013-05-20	0.022181	0.109537	0.137877	0.107481	1.510559	9940800.000000
2013-05-17	0.006244	0.121488	0.125478	0.106417	0.422585	9533300.000000
2013-05-16	-0.005418	0.113355	0.119380	0.103215	-0.368653	6200800.000000
2013-05-15	-0.015352	0.093803	0.103064	0.084686	-1.060966	9423800.000000
2013-05-14	-0.002337	0.107704	0.115500	0.105539	-0.161858	6602300.000000
2013-05-13	0.002864	0.111021	0.120722	0.108995	0.197823	8105600.000000
2013-05-10	-0.005566	0.107717	0.109156	0.091736	-0.386620	6331900.000000
2013-05-09	-0.004382	0.110603	0.113183	0.099996	-0.305702	4382700.000000
2013-05-08	0.009103	0.111890	0.123751	0.106972	0.629364	4793800.000000
2013-05-07	0.009585	0.118459	0.131018	0.115831	0.656395	5866100.000000
2013-05-06	0.005811	0.112180	0.122461	0.108654	0.395599	4501800.000000
2013-05-03	0.019798	0.124013	0.144384	0.123563	1.321724	6582600.000000
2013-05-02	0.006234	0.112632	0.124087	0.107206	0.413620	4641400.000000
2013-05-01	-0.008599	0.104708	0.108444	0.095892	-0.575462	6586500.000000
2013-04-30	0.005403	0.114283	0.121044	0.101814	0.359672	7392800.000000
2013-04-29	0.009408	0.115516	0.126435	0.106114	0.620400	5212200.000000
2013-04-26	-0.001362	0.110362	0.117177	0.099913	-0.089920	5270100.000000
2013-04-25	0.003690	0.113396	0.125860	0.106556	0.242775	7380700.000000
2013-04-24	0.017098	0.119446	0.139544	0.114035	1.105934	8791200.000000
2013-04-23	0.009968	0.118581	0.124046	0.105934	0.638389	7122100.000000
2013-04-22	0.018299	0.129034	0.137937	0.109159	1.150902	9191500.000000
2013-04-19	-0.014789	0.154474	0.154474	0.082104	-0.944118	13971800.000000
2013-04-18	0.000423	0.118918	0.122993	0.099956	0.026977	8245500.000000
2013-04-17	-0.031655	0.098522	0.098522	0.065289	-2.085987	10266600.000000
2013-04-16	0.019474	0.125639	0.136159	0.110168	1.258789	7792200.000000
2013-04-15	-0.049828	0.096745	0.096745	0.052499	-3.389732	11536400.000000
2013-04-12	-0.019186	0.104682	0.106557	0.079740	-1.330734	6829700.000000
2013-04-11	0.001948	0.115069	0.120414	0.105390	0.134872	5097900.000000
2013-04-10	0.020682	0.112770	0.139752	0.112475	1.402672	7208300.000000
2013-04-09	0.006270	0.114405	0.124346	0.105800	0.422592	4047700.000000
2013-04-08	0.008204	0.111432	0.123399	0.108440	0.548454	3874200.000000
2013-04-05	0.005545	0.099394	0.120453	0.093528	0.368653	4829200.000000
2013-04-04	-0.000946	0.110677	0.116838	0.103163	-0.062950	5456900.000000
2013-04-03	-0.010694	0.112328	0.117234	0.092853	-0.719292	9089700.000000
2013-04-02	0.010673	0.119091	0.130210	0.112029	0.710312	7297900.000000
2013-04-01	-0.011617	0.115001	0.117229	0.089458	-0.782250	5535800.000000
2013-03-28	-0.002796	0.110254	0.120177	0.103294	-0.188820	7267200.000000
2013-03-27	0.009137	0.104259	0.124883	0.099178	0.611412	5632400.000000
2013-03-26	0.007582	0.120462	0.122118	0.111728	0.503518	6183800.000000
2013-03-25	-0.006858	0.117414	0.120853	0.097075	-0.458565	5960100.000000
2013-03-22	0.012663	0.118237	0.126566	0.113997	0.836197	6395500.000000
2013-03-21	-0.004743	0.105096	0.115496	0.104041	-0.314690	6693800.000000
2013-03-20	-0.002569	0.115186	0.116238	0.103610	-0.170853	8933000.000000
2013-03-19	-0.030914	0.116405	0.116405	0.063666	-2.121933	14392200.000000
2013-03-18	-0.038539	0.083185	0.089628	0.066096	-2.751365	9343800.000000
2013-03-15	0.008254	0.108366	0.126161	0.108366	0.584419	8072800.000000
2013-03-14	0.017573	0.118646	0.134311	0.114910	1.222832	5630900.000000
2013-03-13	-0.000645	0.116058	0.117781	0.109307	-0.044937	3744000.000000
2013-03-12	-0.004372	0.115039	0.120616	0.101169	-0.305741	5544100.000000
2013-03-11	-0.002309	0.106616	0.110753	0.100196	-0.161819	4377600.000000
2013-03-08	0.001799	0.115038	0.121041	0.103891	0.125885	3916100.000000
2013-03-07	0.008554	0.112756	0.124287	0.111315	0.593422	3620500.000000
2013-03-06	0.002729	0.120707	0.124031	0.104953	0.188820	4648700.000000
2013-03-05	0.005882	0.122938	0.128171	0.108981	0.404594	8957500.000000
2013-03-04	-0.014683	0.110031	0.111463	0.084676	-1.025009	5076700.000000
2013-03-01	-0.002698	0.105036	0.113179	0.098893	-0.188820	4893300.000000
2013-02-28	-0.000642	0.111037	0.121888	0.106040	-0.044952	5396500.000000
2013-02-27	0.020569	0.110431	0.139136	0.107080	1.411659	4923100.000000
2013-02-26	0.006594	0.119660	0.125967	0.099860	0.449570	6506100.000000
2013-02-25	-0.025196	0.120329	0.128765	0.082871	-1.762307	6143800.000000
2013-02-22	0.004649	0.119362	0.122522	0.104136	0.323685	4085100.000000
2013-02-21	-0.014007	0.104249	0.104249	0.084138	-0.989052	5789200.000000
2013-02-20	-0.018252	0.113292	0.115099	0.091046	-1.312744	6395300.000000
2013-02-19	-0.000500	0.113013	0.119406	0.105787	-0.035972	5096900.000000
2013-02-15	-0.014985	0.109202	0.111803	0.088258	-1.094689	8755900.000000
2013-02-14	0.037263	0.114753	0.164307	0.109500	2.624359	11691800.000000
2013-02-13	0.001274	0.115889	0.119301	0.112477	0.089577	3552000.000000
2013-02-12	0.007699	0.124767	0.126772	0.117747	0.537415	4646300.000000
2013-02-11	-0.014418	0.109256	0.113351	0.098666	-1.021088	4785000.000000
2013-02-08	0.013718	0.119892	0.131773	0.118318	0.958382	4632700.000000
2013-02-07	-0.009272	0.118301	0.123264	0.103553	-0.653847	6101200.000000
2013-02-06	-0.017839	0.106151	0.108240	0.083030	-1.280838	7131200.000000
2013-02-05	0.008936	0.121657	0.130228	0.117160	0.635933	5389200.000000
2013-02-04	-0.003136	0.108193	0.118559	0.104971	-0.223892	6620700.000000
2013-02-01	0.021140	0.129188	0.141919	0.121464	1.477851	6224100.000000
2013-01-31	-0.006997	0.114185	0.119156	0.101543	-0.492607	5751500.000000
2013-01-30	-0.016885	0.114782	0.115759	0.095651	-1.209167	8794700.000000
2013-01-29	0.008451	0.113077	0.126456	0.109416	0.600082	6286500.000000
2013-01-28	-0.002892	0.119547	0.120670	0.110700	-0.205993	7152800.000000
2013-01-25	0.019098	0.125186	0.141929	0.117602	1.334579	7817800.000000
2013-01-24	-0.001919	0.116315	0.126455	0.110602	-0.134361	7167100.000000
2013-01-23	0.002179	0.113451	0.125332	0.107297	0.152260	7556800.000000
2013-01-22	0.019608	0.117479	0.138933	0.117479	1.343551	9649300.000000
2013-01-18	0.042660	0.125283	0.167586	0.118435	2.803497	14231500.000000
2013-01-17	0.002049	0.120117	0.127741	0.106089	0.134362	6501200.000000
2013-01-16	0.008679	0.115534	0.132453	0.115534	0.564277	4952000.000000
2013-01-15	-0.002473	0.111855	0.117838	0.107559	-0.161216	4285900.000000
2013-01-14	-0.013288	0.111007	0.116760	0.098140	-0.877785	4155100.000000
2013-01-11	0.006826	0.115543	0.124840	0.113561	0.447845	4101500.000000
2013-01-10	0.014543	0.124189	0.132694	0.121715	0.940491	5591000.000000
2013-01-09	-0.004275	0.120307	0.123540	0.108759	-0.277664	4626500.000000
2013-01-08	0.004155	0.112283	0.122487	0.105480	0.268707	5274500.000000
2013-01-07	0.002778	0.109016	0.119869	0.107310	0.179146	4104500.000000
2013-01-04	0.015369	0.122912	0.136922	0.118346	0.976280	5165300.000000
2013-01-03	-0.006723	0.114112	0.125839	0.104886	-0.429931	6063000.000000
2013-01-02	0.030303	0.140623	0.150451	0.129668	1.880954	6391400.000000
2012-12-31	0.019718	0.114979	0.139293	0.111200	1.200230	6375100.000000
2012-12-28	-0.017493	0.106934	0.109517	0.095636	-1.083794	5635200.000000
2012-12-27	0.001013	0.116296	0.119527	0.102885	0.062699	5283300.000000
2012-12-26	-0.002598	0.123870	0.126288	0.110656	-0.161221	3373000.000000
2012-12-24	-0.005883	0.114214	0.119661	0.104602	-0.367237	2272100.000000
2012-12-21	-0.019831	0.102639	0.107821	0.082226	-1.262897	12506400.000000
2012-12-20	0.006227	0.108241	0.130204	0.106029	0.394077	5973900.000000
2012-12-19	-0.009671	0.122560	0.126628	0.104878	-0.618023	5797500.000000
2012-12-18	0.023967	0.112932	0.150105	0.110369	1.495804	8909600.000000
2012-12-17	0.011174	0.121642	0.132821	0.118239	0.689674	7851600.000000
2012-12-14	-0.050303	0.075529	0.077067	0.040139	-3.269268	27755400.000000
2012-12-13	-0.003160	0.104954	0.119525	0.104954	-0.206009	7116600.000000
2012-12-12	0.002617	0.124608	0.130451	0.114766	0.170182	9634100.000000
2012-12-11	0.008334	0.121885	0.128863	0.116148	0.537445	7017700.000000
2012-12-10	0.002366	0.114748	0.123763	0.112105	0.152244	3963500.000000
2012-12-07	0.004616	0.121142	0.124265	0.113022	0.295586	4348500.000000
2012-12-06	0.002524	0.113170	0.120997	0.106908	0.161213	4154300.000000
2012-12-05	0.001404	0.120376	0.130409	0.115673	0.089561	5416700.000000
2012-12-04	0.002816	0.114885	0.131392	0.112056	0.179150	4302000.000000
2012-12-03	-0.008378	0.122381	0.130019	0.104766	-0.537422	6352300.000000
2012-11-30	0.014448	0.115509	0.136857	0.113611	0.913612	6505500.000000
2012-11-29	0.002058	0.124459	0.130640	0.115427	0.129856	4465700.000000
2012-11-28	0.012309	0.114398	0.135734	0.105415	0.767311	6187500.000000
2012-11-27	-0.007951	0.115564	0.119860	0.106811	-0.499622	6397500.000000
2012-11-26	-0.010537	0.105541	0.111210	0.101132	-0.669167	3490100.000000
2012-11-23	0.013816	0.129595	0.136779	0.122092	0.865444	1730800.000000
2012-11-21	0.002713	0.125777	0.128498	0.116173	0.169510	3021400.000000
2012-11-20	-0.009478	0.116693	0.120022	0.104167	-0.597763	5425600.000000
2012-11-19	0.036206	0.132809	0.161560	0.131001	2.203751	6742500.000000
2012-11-16	-0.013592	0.123570	0.123732	0.083379	-0.838677	10051900.000000
2012-11-15	0.019608	0.120320	0.147584	0.118502	1.186638	7414700.000000
2012-11-14	-0.017953	0.125196	0.127306	0.097286	-1.106338	8248100.000000
2012-11-13	0.008615	0.108212	0.145693	0.104775	0.526390	7922200.000000
2012-11-12	0.001609	0.122455	0.138684	0.116389	0.098163	2780300.000000
2012-11-09	0.008853	0.116350	0.148765	0.113373	0.535313	6409800.000000
2012-11-08	-0.033652	0.117938	0.123372	0.081979	-2.105614	10199900.000000
2012-11-07	-0.014336	0.102384	0.111521	0.091987	-0.910053	7556900.000000
2012-11-06	0.017155	0.125782	0.143408	0.122097	1.070656	6442400.000000
2012-11-05	0.017159	0.118859	0.143795	0.118533	1.052799	5648200.000000
2012-11-02	-0.019672	0.128005	0.131999	0.095890	-1.231239	6240100.000000
2012-11-01	0.008917	0.124684	0.132421	0.105824	0.553169	6532500.000000
2012-10-31	-0.008131	0.124013	0.132807	0.104187	-0.508568	6975800.000000
2012-10-26	-0.009047	0.120815	0.125569	0.107506	-0.570999	4879200.000000
2012-10-25	0.009274	0.135367	0.140644	0.119536	0.579941	6077800.000000
2012-10-24	-0.016419	0.127263	0.129151	0.097065	-1.043915	6442700.000000
2012-10-23	-0.025970	0.101818	0.102431	0.087418	-1.695171	6442400.000000
2012-10-22	-0.011352	0.115211	0.123844	0.094309	-0.749466	5340400.000000
2012-10-19	-0.010695	0.130855	0.134301	0.105082	-0.713760	8325600.000000
2012-10-18	0.003353	0.120815	0.128934	0.113298	0.223045	6578200.000000
2012-10-17	0.014010	0.120968	0.139719	0.113650	0.918983	5799300.000000
2012-10-16	0.010445	0.127439	0.139916	0.126823	0.678063	5731100.000000
2012-10-15	0.007896	0.121126	0.133546	0.110568	0.508568	4638200.000000
2012-10-12	-0.003176	0.125922	0.128399	0.109053	-0.205216	3598500.000000
2012-10-11	0.018852	0.138791	0.148567	0.135322	1.195564	4523900.000000
2012-10-10	-0.009062	0.119721	0.121127	0.107377	-0.579952	4344000.000000
2012-10-09	0.001676	0.120815	0.133493	0.120189	0.107075	3933000.000000
2012-10-08	0.001679	0.112035	0.124891	0.108429	0.107071	3478800.000000
2012-10-05	-0.002511	0.132231	0.135203	0.114716	-0.160584	5798700.000000
2012-10-04	0.006742	0.128215	0.132938	0.121130	0.428257	5121200.000000
2012-10-03	-0.014808	0.120660	0.125003	0.096928	-0.954685	5846400.000000
2012-10-02	-0.004409	0.125602	0.130389	0.110623	-0.285492	4760400.000000
2012-10-01	0.003456	0.131042	0.141734	0.121280	0.223038	4289600.000000
2012-09-28	-0.012425	0.122039	0.122039	0.101686	-0.811897	5769000.000000
2012-09-27	0.016516	0.127659	0.143838	0.120348	1.061714	6131800.000000
2012-09-26	-0.008804	0.115418	0.119119	0.105704	-0.570999	5103700.000000
2012-09-25	-0.021142	0.125343	0.125343	0.095609	-1.400772	9193500.000000
2012-09-24	-0.010130	0.105875	0.117528	0.105576	-0.678063	4747000.000000
2012-09-21	-0.002792	0.131542	0.132287	0.109939	-0.187385	8943900.000000
2012-09-20	0.006961	0.114965	0.129517	0.106413	0.463981	6961900.000000
2012-09-19	-0.019940	0.119344	0.121844	0.092438	-1.356193	6214100.000000
2012-09-18	-0.011797	0.116747	0.116892	0.094226	-0.811905	7164100.000000
2012-09-17	-0.005928	0.116338	0.130492	0.109405	-0.410401	6258900.000000
2012-09-14	0.025506	0.152068	0.162289	0.144218	1.721970	8624900.000000
2012-09-13	0.018165	0.123680	0.145548	0.119609	1.204468	6425700.000000
2012-09-12	0.008960	0.131466	0.137096	0.126749	0.588852	5425900.000000
2012-09-11	0.013344	0.122665	0.136543	0.119582	0.865448	5165400.000000
2012-09-10	-0.006560	0.118977	0.130465	0.113309	-0.428261	4900100.000000
2012-09-07	0.009798	0.124218	0.139222	0.122671	0.633461	5466500.000000
2012-09-06	0.016983	0.130568	0.158254	0.130411	1.079582	8041100.000000
2012-09-05	-0.002380	0.119246	0.131487	0.109045	-0.151672	6499000.000000
