2017-09-01	0.000000	0.001243	0.001243	-0.007874	0.000000	3097600.000000
2017-08-31	0.001037	0.002904	0.006015	0.000000	0.049999	4325500.000000
2017-08-30	0.000623	-0.000623	0.001245	-0.004774	0.029999	2460800.000000
2017-08-29	-0.003516	0.001241	0.002689	-0.004964	-0.169998	2334300.000000
2017-08-28	0.000828	0.002484	0.003726	-0.004347	0.039997	2549300.000000
2017-08-25	0.006039	0.003748	0.010204	-0.000833	0.290001	3792600.000000
2017-08-24	-0.000416	-0.000208	0.002082	-0.003331	-0.020001	2877800.000000
2017-08-23	0.001877	0.000834	0.002711	-0.002086	0.090000	3224200.000000
2017-08-22	-0.007041	-0.001864	-0.001450	-0.010561	-0.340000	4134600.000000
2017-08-21	-0.000207	0.000828	0.002692	-0.004762	-0.009998	4699300.000000
2017-08-18	0.007930	-0.001669	0.011895	-0.004800	0.380001	4853000.000000
2017-08-17	-0.010122	0.000207	0.000826	-0.010535	-0.490002	3346400.000000
2017-08-16	0.000613	0.010327	0.015908	0.009914	0.029644	3033300.000000
2017-08-15	0.006579	0.009692	0.018639	0.009068	0.316212	2917400.000000
2017-08-14	0.004544	0.011981	0.016788	0.009891	0.217396	3767700.000000
2017-08-11	-0.007990	0.011981	0.013018	0.000578	-0.385384	3227000.000000
2017-08-10	-0.000819	0.011152	0.014260	0.006181	-0.039524	3319000.000000
2017-08-09	-0.005497	0.013629	0.014041	0.004976	-0.266804	5181900.000000
2017-08-08	0.002449	0.010122	0.016112	0.007437	0.118580	5256800.000000
2017-08-07	0.004304	0.011774	0.017166	0.009907	0.207512	4051000.000000
2017-08-04	-0.011548	0.006650	0.009521	-0.004831	-0.563252	5375300.000000
2017-08-03	-0.008437	0.005882	0.010355	-0.000216	-0.415027	6066700.000000
2017-08-02	0.025757	0.011564	0.044303	-0.000948	1.235203	9067300.000000
2017-08-01	0.012518	0.014092	0.035840	0.013670	0.592895	8875900.000000
2017-07-31	0.008840	0.011981	0.022418	0.008147	0.415028	5973100.000000
2017-07-28	-0.006483	0.011769	0.015155	0.000130	-0.306332	4263400.000000
2017-07-27	0.008861	0.007497	0.020948	0.004509	0.415028	4629100.000000
2017-07-26	0.013254	0.011981	0.025393	0.010467	0.612663	4153200.000000
2017-07-25	-0.009947	0.012838	0.013480	0.001486	-0.464439	4010400.000000
2017-07-24	-0.013158	0.011558	0.011981	-0.001546	-0.622540	4513300.000000
2017-07-21	0.011834	0.010912	0.023957	0.009415	0.553372	4117200.000000
2017-07-20	0.001906	0.013695	0.016266	0.011124	0.088932	3373800.000000
2017-07-19	0.002334	0.013699	0.015847	0.011122	0.108699	3519900.000000
2017-07-18	0.001701	0.013272	0.014778	0.008324	0.079052	4916700.000000
2017-07-17	-0.004655	0.011767	0.013052	0.004486	-0.217395	5191000.000000
2017-07-14	0.002971	0.018424	0.021431	0.014129	0.138343	3453800.000000
2017-07-13	-0.008209	0.014324	0.014963	0.003248	-0.385383	3334900.000000
2017-07-12	0.004865	0.017760	0.020115	0.016048	0.227276	3439700.000000
2017-07-11	0.000000	0.013693	0.014978	0.007914	0.000000	3380700.000000
2017-07-10	-0.001689	0.018391	0.018605	0.010058	-0.079052	3980100.000000
2017-07-07	-0.000844	0.013048	0.016251	0.009419	-0.039528	3510100.000000
2017-07-06	-0.000422	0.008993	0.013475	0.005792	-0.019760	4044800.000000
2017-07-05	-0.004827	0.013468	0.013680	0.005397	-0.227280	4753800.000000
2017-07-03	-0.004804	0.014306	0.015574	0.005640	-0.227276	2804200.000000
2017-06-30	-0.008490	0.010933	0.015334	0.003179	-0.405147	5718200.000000
2017-06-29	-0.017497	0.003539	0.003745	-0.008403	-0.849820	7198700.000000
2017-06-28	-0.005061	0.014439	0.015054	0.005835	-0.247039	4316100.000000
2017-06-27	-0.013972	0.007941	0.009759	-0.004582	-0.691712	4399200.000000
2017-06-26	0.005217	0.012996	0.022539	0.009748	0.256924	3721100.000000
2017-06-23	-0.010719	0.010374	0.012383	-0.000473	-0.533611	5480700.000000
2017-06-22	-0.016016	0.009016	0.009016	-0.006796	-0.810292	5180000.000000
2017-06-21	-0.009863	0.012372	0.013155	-0.001914	-0.503959	3678000.000000
2017-06-20	0.005640	0.012178	0.018279	0.011981	0.286567	2724000.000000
2017-06-19	-0.002135	0.011196	0.014730	0.006089	-0.108696	4144600.000000
2017-06-16	-0.003481	0.013351	0.017069	0.006893	-0.177871	8791500.000000
2017-06-15	0.009566	0.011783	0.022452	0.011388	0.484195	5185300.000000
2017-06-14	0.003134	0.017927	0.023278	0.014954	0.158108	4916000.000000
2017-06-13	0.004130	0.010986	0.018150	0.008797	0.207516	3653400.000000
2017-06-12	0.003354	0.015575	0.025160	0.013379	0.167988	4967500.000000
2017-06-09	-0.001183	0.009787	0.011782	0.004003	-0.059292	3498100.000000
2017-06-08	-0.005293	0.011981	0.011981	0.001665	-0.266800	5651700.000000
2017-06-07	0.004331	0.011383	0.018556	0.010387	0.217392	4475500.000000
2017-06-06	-0.000394	0.017558	0.019350	0.009989	-0.019764	3850700.000000
2017-06-05	-0.003921	0.010394	0.011386	0.007220	-0.197628	3221700.000000
2017-06-02	0.001571	0.013968	0.016750	0.010193	0.079048	4994400.000000
2017-06-01	0.006323	0.012781	0.019379	0.010381	0.316212	5270300.000000
2017-05-31	0.000791	0.013782	0.019185	0.012581	0.039528	8671000.000000
2017-05-30	0.002379	0.012382	0.017798	0.009774	0.118579	3848600.000000
2017-05-26	-0.000990	0.011981	0.012983	0.008975	-0.049407	3265900.000000
2017-05-25	0.002382	0.011981	0.016802	0.009370	0.118576	5144200.000000
2017-05-24	0.005990	0.014204	0.019862	0.013395	0.296447	4048700.000000
2017-05-23	0.001400	0.012790	0.019873	0.011779	0.069176	5441600.000000
2017-05-22	0.002606	0.010764	0.015227	0.007518	0.128460	5880200.000000
2017-05-19	0.002210	0.010151	0.014218	0.007304	0.108696	6325400.000000
2017-05-18	0.002619	0.015243	0.018912	0.007496	0.128464	4243600.000000
2017-05-17	0.006080	0.011981	0.022646	0.011981	0.296447	4554600.000000
2017-05-16	-0.012805	0.010159	0.011171	-0.000978	-0.632423	4477900.000000
2017-05-15	0.002206	0.011778	0.015228	0.009952	0.108700	3452600.000000
2017-05-12	0.002009	0.012794	0.017064	0.011371	0.098812	3996400.000000
2017-05-11	0.009738	0.011160	0.022041	0.009107	0.474319	5507100.000000
2017-05-10	-0.002201	0.024299	0.024913	0.016104	-0.107433	5279700.000000
2017-05-09	-0.000999	0.023275	0.024912	0.019387	-0.048836	5246100.000000
2017-05-08	-0.000799	0.024502	0.025116	0.018163	-0.039066	3817400.000000
2017-05-05	0.005624	0.025740	0.031086	0.023889	0.273468	4593200.000000
2017-05-04	0.006469	0.022440	0.031754	0.019543	0.312534	4635300.000000
2017-05-03	-0.000808	0.025337	0.030714	0.022648	-0.039066	4202100.000000
2017-05-02	-0.001613	0.026160	0.029464	0.020999	-0.078133	4031100.000000
2017-05-01	-0.004217	0.024095	0.025123	0.018749	-0.205101	3018200.000000
2017-04-28	-0.005392	0.022458	0.023071	0.016118	-0.263702	7684700.000000
2017-04-27	0.002001	0.025118	0.031061	0.024504	0.097664	2944400.000000
2017-04-26	-0.003788	0.021848	0.027359	0.019398	-0.185562	2781600.000000
2017-04-25	0.000199	0.020622	0.024501	0.017152	0.009762	3176500.000000
2017-04-24	0.003401	0.024913	0.028396	0.017743	0.166038	4097100.000000
2017-04-21	0.004219	0.022655	0.031707	0.022655	0.205101	4433200.000000
2017-04-20	0.000402	0.023889	0.024506	0.014422	0.019531	5219000.000000
2017-04-19	-0.004403	0.022660	0.023889	0.016308	-0.214870	3742400.000000
2017-04-18	0.003817	0.025535	0.029443	0.023478	0.185573	3755700.000000
2017-04-17	0.007285	0.025961	0.032384	0.025132	0.351601	3201700.000000
2017-04-13	-0.004833	0.024301	0.024301	0.016673	-0.234405	5981700.000000
2017-04-12	0.007302	0.019943	0.033650	0.017866	0.351604	7684800.000000
2017-04-11	-0.007449	0.023271	0.024508	0.013788	-0.361366	9536000.000000
2017-04-10	-0.000403	0.023889	0.027392	0.017501	-0.019535	5021300.000000
2017-04-07	-0.008777	0.025523	0.026953	0.014289	-0.429737	7308600.000000
2017-04-06	-0.005949	0.020234	0.021859	0.013128	-0.293000	6301900.000000
2017-04-05	0.008197	0.021842	0.033305	0.020205	0.400437	3586700.000000
2017-04-04	0.001201	0.023889	0.028603	0.019790	0.058601	3854400.000000
2017-04-03	0.003616	0.021832	0.028003	0.016073	0.175800	5177600.000000
2017-03-31	0.002215	0.023065	0.030692	0.022652	0.107434	6506900.000000
2017-03-30	-0.005606	0.019789	0.021839	0.010770	-0.273472	5575700.000000
2017-03-29	-0.002795	0.018370	0.024911	0.012646	-0.136734	7637000.000000
2017-03-28	-0.004175	0.021446	0.024296	0.017172	-0.205097	5733600.000000
2017-03-27	-0.002380	0.026529	0.031606	0.017797	-0.117199	3680500.000000
2017-03-24	0.000993	0.023889	0.028971	0.019620	0.048832	5248800.000000
2017-03-23	-0.007096	0.021871	0.030348	0.012788	-0.351601	8531000.000000
2017-03-22	-0.005489	0.025093	0.033122	0.017867	-0.273464	6175500.000000
2017-03-21	0.012505	0.022466	0.039741	0.020231	0.615295	5945200.000000
2017-03-20	-0.005723	0.024495	0.028133	0.015604	-0.283226	3839300.000000
2017-03-17	0.009564	0.028581	0.039393	0.024093	0.468796	9720000.000000
2017-03-16	-0.008690	0.020249	0.021260	0.011755	-0.429733	3785900.000000
2017-03-15	0.015036	0.025121	0.043800	0.022247	0.732498	4398600.000000
2017-03-14	0.003016	0.023066	0.030066	0.021212	0.146503	3294200.000000
2017-03-13	0.002015	0.023064	0.027190	0.021826	0.097664	4403000.000000
2017-03-10	0.002626	0.029474	0.029474	0.019752	0.126969	5128100.000000
2017-03-09	-0.005425	0.026564	0.028415	0.017306	-0.263699	4246900.000000
2017-03-08	-0.012500	0.016576	0.016576	0.008653	-0.615307	4324800.000000
2017-03-07	0.003185	0.021036	0.029188	0.020221	0.156273	4507300.000000
2017-03-06	-0.002581	0.028564	0.028768	0.019620	-0.126968	4245200.000000
2017-03-03	0.000994	0.024296	0.029790	0.016157	0.048832	5710800.000000
2017-03-02	0.005194	0.018162	0.034320	0.015299	0.253933	5343900.000000
2017-03-01	-0.014955	0.012808	0.018852	0.006764	-0.742264	7153800.000000
2017-02-28	0.010941	0.021241	0.036517	0.020834	0.537166	6668400.000000
2017-02-27	-0.004555	0.022875	0.022875	0.017807	-0.224636	4650300.000000
2017-02-24	0.016710	0.026569	0.042648	0.026157	0.810639	8351200.000000
2017-02-23	0.013880	0.024098	0.042072	0.022844	0.664131	8940900.000000
2017-02-22	0.014706	0.023465	0.041067	0.018163	0.693436	7522600.000000
2017-02-21	0.010042	0.022604	0.035456	0.018962	0.468799	8673400.000000
2017-02-17	-0.009121	0.024950	0.026436	0.012003	-0.429733	7118300.000000
2017-02-16	0.009416	0.025174	0.034173	0.023246	0.439499	5632700.000000
2017-02-15	-0.004939	0.030770	0.031836	0.022243	-0.231686	6017600.000000
2017-02-14	-0.012800	0.031467	0.031678	0.015472	-0.608173	5319300.000000
2017-02-13	0.003466	0.036098	0.040956	0.031874	0.164112	3348800.000000
2017-02-10	0.003889	0.034827	0.042247	0.033343	0.183418	3502600.000000
2017-02-09	-0.007314	0.035887	0.039886	0.025153	-0.347530	4827900.000000
2017-02-08	0.009227	0.037586	0.047994	0.036949	0.434414	3932000.000000
2017-02-07	0.000205	0.038011	0.039074	0.032700	0.009651	3710500.000000
2017-02-06	-0.001434	0.038857	0.041403	0.033553	-0.067577	3145700.000000
2017-02-03	-0.003062	0.036733	0.039271	0.030811	-0.144803	3389300.000000
2017-02-02	0.008857	0.036527	0.045915	0.033967	0.415108	4380500.000000
2017-02-01	-0.017803	0.029390	0.029390	0.008224	-0.849514	7546400.000000
2017-01-31	0.015824	0.037590	0.055898	0.036313	0.743321	5863000.000000
2017-01-30	0.003713	0.038878	0.039947	0.030972	0.173763	4040900.000000
2017-01-27	-0.003084	0.038230	0.040786	0.030136	-0.144802	4255200.000000
2017-01-26	0.002887	0.035032	0.041228	0.032682	0.135147	3485700.000000
2017-01-25	-0.001647	0.033754	0.034820	0.028635	-0.077229	4373400.000000
2017-01-24	-0.005325	0.035887	0.042463	0.028886	-0.250991	5507300.000000
2017-01-23	-0.004688	0.039054	0.040954	0.030819	-0.222031	3170500.000000
2017-01-20	0.000204	0.036732	0.040111	0.031030	0.009655	3598500.000000
2017-01-19	-0.011487	0.028789	0.033382	0.020856	-0.550255	3738500.000000
2017-01-18	-0.001409	0.032968	0.039222	0.031926	-0.067573	3444500.000000
2017-01-17	0.018238	0.039071	0.055628	0.037797	0.859169	4882300.000000
2017-01-13	-0.004082	0.032293	0.034196	0.023203	-0.193074	3590700.000000
2017-01-12	0.005334	0.037162	0.043538	0.031636	0.250992	3500500.000000
2017-01-11	0.007441	0.033746	0.045308	0.033103	0.347527	2636400.000000
2017-01-10	-0.003091	0.037381	0.037381	0.028629	-0.144802	3569400.000000
2017-01-09	-0.009794	0.033562	0.039057	0.024685	-0.463372	4260900.000000
2017-01-06	-0.002645	0.032092	0.037152	0.027876	-0.125496	4800200.000000
2017-01-05	0.003062	0.037156	0.040539	0.027852	0.144806	4844400.000000
2017-01-04	-0.001020	0.035464	0.041379	0.031662	-0.048275	3864000.000000
2017-01-03	-0.003049	0.035045	0.037150	0.024936	-0.144798	3974400.000000
2016-12-30	-0.003646	0.037356	0.039664	0.028753	-0.173763	3484300.000000
2016-12-29	0.009611	0.042030	0.047326	0.036099	0.453712	2766600.000000
2016-12-28	-0.008113	0.037148	0.038829	0.025381	-0.386135	2520600.000000
2016-12-27	-0.000608	0.035677	0.038617	0.030847	-0.028965	1992900.000000
2016-12-23	-0.000608	0.035887	0.038825	0.032529	-0.028957	1923900.000000
2016-12-22	0.002437	0.033994	0.038832	0.029996	0.115841	2953300.000000
2016-12-21	0.000813	0.037150	0.043256	0.035887	0.038608	2837400.000000
2016-12-20	0.002241	0.035887	0.042006	0.031878	0.106194	2949400.000000
2016-12-19	0.003475	0.038640	0.043722	0.030805	0.164112	2990700.000000
2016-12-16	0.009492	0.036742	0.047430	0.034818	0.444061	6843500.000000
2016-12-15	-0.000413	0.026272	0.037810	0.021143	-0.019306	6247800.000000
2016-12-14	-0.014434	0.039467	0.045363	0.019250	-0.685402	6903800.000000
2016-12-13	0.009647	0.038013	0.046305	0.033973	0.453716	5624500.000000
2016-12-12	0.016270	0.033510	0.053389	0.033078	0.752980	5017600.000000
2016-12-09	0.011179	0.035887	0.047686	0.033920	0.511634	5025300.000000
2016-12-08	0.005514	0.030175	0.042698	0.023364	0.250996	5520100.000000
2016-12-07	0.004688	0.037432	0.046703	0.037432	0.212379	5727200.000000
2016-12-06	0.001280	0.042075	0.042075	0.033456	0.057923	4573200.000000
2016-12-05	0.002352	0.032342	0.038545	0.024367	0.106190	5010000.000000
2016-12-02	0.003649	0.043224	0.048783	0.034331	0.164108	4386200.000000
2016-12-01	-0.004912	0.033896	0.034117	0.022169	-0.222035	5569200.000000
2016-11-30	-0.030842	0.026023	0.026023	0.003294	-1.438381	9665800.000000
2016-11-29	0.000000	0.032885	0.044464	0.031384	0.000000	7445800.000000
2016-11-28	0.011093	0.036971	0.048895	0.036321	0.511643	5546900.000000
2016-11-25	0.011645	0.039835	0.051679	0.039835	0.530944	2486200.000000
2016-11-23	-0.007773	0.027835	0.035016	0.024788	-0.357181	4562700.000000
2016-11-22	0.001262	0.034579	0.040027	0.028260	0.057918	4976800.000000
2016-11-21	0.008699	0.038524	0.046657	0.034129	0.395798	5330100.000000
2016-11-18	-0.007789	0.037195	0.039158	0.022584	-0.357178	5611600.000000
2016-11-17	-0.007729	0.034156	0.035238	0.026798	-0.357185	5224300.000000
2016-11-16	0.001862	0.051474	0.053859	0.038899	0.085877	7003800.000000
2016-11-15	0.014907	0.059447	0.067808	0.053286	0.677475	5828500.000000
2016-11-14	-0.003139	0.042083	0.046689	0.026948	-0.143128	7942000.000000
2016-11-11	-0.002713	0.048880	0.055005	0.040568	-0.124042	6956300.000000
2016-11-10	-0.026615	0.043747	0.043747	0.002440	-1.249997	11719200.000000
2016-11-09	-0.030339	0.026327	0.029836	0.010016	-1.469451	13795200.000000
2016-11-08	0.002766	0.050697	0.056701	0.046142	0.133583	5678000.000000
2016-11-07	0.010178	0.051142	0.058880	0.033993	0.486641	6570700.000000
2016-11-04	-0.005557	0.051541	0.055908	0.039894	-0.267174	4807200.000000
2016-11-03	0.003985	0.048840	0.057193	0.044246	0.190834	4428800.000000
2016-11-02	-0.005745	0.044683	0.046344	0.028075	-0.276715	6211100.000000
2016-11-01	-0.021136	0.049021	0.050240	0.021993	-1.040077	6475800.000000
2016-10-31	0.017160	0.051106	0.079631	0.047385	0.830155	6497900.000000
2016-10-28	-0.001182	0.049657	0.052754	0.042431	-0.057247	5012700.000000
2016-10-27	-0.004120	0.045332	0.047183	0.035874	-0.200387	4776700.000000
2016-10-26	0.000000	0.047799	0.049856	0.039575	0.000000	3983900.000000
2016-10-25	0.002360	0.046150	0.052539	0.044501	0.114506	3587000.000000
2016-10-24	0.006333	0.052568	0.056094	0.044687	0.305340	3335100.000000
2016-10-21	-0.003746	0.043459	0.049245	0.039327	-0.181293	3342700.000000
2016-10-20	-0.000197	0.050484	0.057921	0.044906	-0.009545	3180500.000000
2016-10-19	-0.007046	0.047185	0.048826	0.037749	-0.343509	4769800.000000
2016-10-18	0.007891	0.054001	0.059790	0.040562	0.381679	4333300.000000
2016-10-17	0.002571	0.050492	0.055053	0.048420	0.124039	3054200.000000
2016-10-14	-0.003940	0.045528	0.053580	0.041398	-0.190830	3947800.000000
2016-10-13	0.014591	0.049471	0.069790	0.048634	0.696556	5275400.000000
2016-10-12	0.012548	0.053944	0.063701	0.049702	0.591602	5651400.000000
2016-10-11	-0.006834	0.044424	0.047373	0.035576	-0.324429	5868600.000000
2016-10-10	0.012002	0.050563	0.061222	0.048218	0.562977	4510200.000000
2016-10-07	-0.005462	0.056698	0.061786	0.042281	-0.257633	5247100.000000
2016-10-06	-0.001818	0.044831	0.052238	0.039963	-0.085880	6087200.000000
2016-10-05	-0.006421	0.049056	0.056416	0.038963	-0.305340	5617300.000000
2016-10-04	-0.017350	0.046765	0.046765	0.023623	-0.839687	10301300.000000
2016-10-03	-0.011306	0.046166	0.047392	0.028393	-0.553437	5459100.000000
2016-09-30	-0.014409	0.048609	0.054649	0.029079	-0.715645	7048700.000000
2016-09-29	-0.012334	0.044227	0.045818	0.030505	-0.620224	5877900.000000
2016-09-28	-0.002650	0.050187	0.051575	0.041460	-0.133590	5819700.000000
2016-09-27	-0.008816	0.052133	0.056262	0.037193	-0.448471	5774100.000000
2016-09-26	-0.004110	0.048397	0.049963	0.043111	-0.209919	4689600.000000
2016-09-23	0.000935	0.045066	0.050945	0.043498	0.047710	4282700.000000
2016-09-22	0.005641	0.051552	0.055494	0.046231	0.286255	4134100.000000
2016-09-21	0.019946	0.047000	0.069512	0.042176	0.992359	4880000.000000
2016-09-20	-0.005531	0.049804	0.052602	0.042008	-0.276718	3429100.000000
2016-09-19	0.008851	0.050627	0.057886	0.048610	0.438934	4464900.000000
2016-09-16	0.009911	0.051263	0.061853	0.044339	0.486637	16959300.000000
2016-09-15	0.002142	0.046372	0.053515	0.044127	0.104962	4984800.000000
2016-09-14	0.001756	0.050867	0.057205	0.044938	0.085880	5147900.000000
2016-09-13	-0.013472	0.044375	0.046190	0.026625	-0.667938	7083900.000000
2016-09-12	0.021427	0.046151	0.073345	0.045945	1.040073	10137000.000000
2016-09-09	-0.030494	0.040215	0.042013	0.014649	-1.526718	6415800.000000
2016-09-08	0.004788	0.048808	0.053825	0.045195	0.238556	4375900.000000
2016-09-07	0.001726	0.048608	0.052227	0.044185	0.085877	3564500.000000
2016-09-06	0.006371	0.050231	0.061156	0.048612	0.314888	5491400.000000
2016-09-02	0.012114	0.048415	0.061724	0.047391	0.591594	3869300.000000
2016-09-01	-0.002922	0.046168	0.048822	0.041472	-0.143127	3613600.000000
2016-08-31	0.007261	0.048005	0.056231	0.045537	0.353050	6173400.000000
2016-08-30	-0.007402	0.045760	0.052496	0.039227	-0.362595	5579900.000000
2016-08-29	0.005681	0.057448	0.057448	0.049853	0.276722	4705000.000000
2016-08-26	-0.015619	0.048813	0.056088	0.028201	-0.772903	6110800.000000
2016-08-25	0.001352	0.049826	0.053064	0.046791	0.066795	4108300.000000
2016-08-24	0.001547	0.044965	0.051653	0.040101	0.076340	4076800.000000
2016-08-23	-0.005577	0.048811	0.053648	0.041959	-0.276718	3655700.000000
2016-08-22	0.000770	0.050627	0.053653	0.047400	0.038166	4830900.000000
2016-08-19	-0.006691	0.043798	0.043998	0.035383	-0.333969	6552800.000000
2016-08-18	0.016320	0.046783	0.065516	0.045154	0.801521	7694200.000000
2016-08-17	0.010008	0.030113	0.060550	0.028262	0.486641	21768000.000000
2016-08-16	-0.010293	0.046377	0.046784	0.034368	-0.505726	5030200.000000
2016-08-15	-0.016428	0.047805	0.050608	0.030188	-0.820598	4124500.000000
2016-08-12	0.000573	0.051210	0.055617	0.048205	0.028621	3190800.000000
2016-08-11	0.000000	0.048205	0.049207	0.041595	0.000000	4479800.000000
2016-08-10	0.000757	0.060626	0.065036	0.058220	0.037770	5836900.000000
2016-08-09	0.002847	0.060227	0.065655	0.056609	0.141605	4201500.000000
2016-08-08	0.000950	0.060631	0.067271	0.055198	0.047207	3422100.000000
2016-08-05	-0.009782	0.056034	0.058226	0.045872	-0.490925	5165100.000000
2016-08-04	0.002262	0.060420	0.066412	0.058623	0.113289	3228900.000000
2016-08-03	-0.005997	0.060215	0.061604	0.047113	-0.302109	5053600.000000
2016-08-02	-0.005405	0.056063	0.057840	0.049351	-0.273785	3715900.000000
2016-08-01	0.002804	0.058034	0.065162	0.056648	0.141613	4159600.000000
2016-07-29	0.004506	0.059222	0.067973	0.058427	0.226586	5759700.000000
2016-07-28	-0.005230	0.059024	0.059024	0.049133	-0.264347	6076800.000000
2016-07-27	-0.016713	0.053192	0.059806	0.035295	-0.859127	8647300.000000
2016-07-26	-0.001650	0.059028	0.059805	0.052813	-0.084965	6097900.000000
2016-07-25	0.000000	0.058445	0.060387	0.052813	0.000000	3925300.000000
2016-07-22	0.011874	0.058240	0.073764	0.056864	0.604214	5064700.000000
2016-07-21	0.010688	0.057037	0.071934	0.054257	0.538135	5540900.000000
2016-07-20	-0.005408	0.059815	0.062581	0.050926	-0.273784	3869400.000000
2016-07-19	0.000000	0.059420	0.062778	0.055864	0.000000	3091800.000000
2016-07-18	-0.000186	0.059617	0.064752	0.057840	-0.009442	3561100.000000
2016-07-15	0.000373	0.060803	0.064359	0.050924	0.018879	4609200.000000
2016-07-14	0.009035	0.063010	0.070586	0.057627	0.453167	8252100.000000
2016-07-13	0.005488	0.064434	0.066238	0.059022	0.273789	4883300.000000
2016-07-12	-0.017661	0.053512	0.056268	0.039333	-0.896893	6030600.000000
2016-07-11	-0.006465	0.054331	0.058049	0.046114	-0.330421	6353700.000000
2016-07-08	0.008945	0.054485	0.069289	0.045207	0.453155	5985800.000000
2016-07-07	-0.014328	0.056887	0.056887	0.040933	-0.736393	5507900.000000
2016-07-06	0.003502	0.061175	0.063908	0.052974	0.179379	5605600.000000
2016-07-05	0.007802	0.058632	0.070832	0.058632	0.396518	6321700.000000
2016-07-01	0.003729	0.061592	0.065542	0.047372	0.188820	6238600.000000
2016-06-30	0.027001	0.061251	0.088025	0.059222	1.331162	9498400.000000
2016-06-29	-0.001720	0.061045	0.063070	0.053755	-0.084965	5943500.000000
2016-06-28	0.002107	0.056381	0.064498	0.047250	0.103847	8531400.000000
2016-06-27	0.019731	0.060257	0.083225	0.058602	0.953534	9457200.000000
2016-06-24	0.002546	0.052791	0.072291	0.050302	0.122726	10508200.000000
2016-06-23	0.004130	0.060056	0.063805	0.054848	0.198269	4063400.000000
2016-06-22	-0.000982	0.060887	0.062760	0.055685	-0.047211	3022900.000000
2016-06-21	-0.000785	0.060262	0.065044	0.053816	-0.037765	3472000.000000
2016-06-20	-0.004106	0.056116	0.059222	0.044105	-0.198262	5473700.000000
2016-06-17	0.001763	0.061712	0.062334	0.050924	0.084969	9984900.000000
2016-06-16	0.003538	0.060055	0.066300	0.056308	0.169941	4323300.000000
2016-06-15	-0.008767	0.059222	0.060667	0.046428	-0.424843	4478000.000000
2016-06-14	0.006668	0.059638	0.066285	0.054029	0.320988	5316200.000000
2016-06-13	-0.002348	0.056943	0.063989	0.055077	-0.113285	5246700.000000
2016-06-10	0.004915	0.055890	0.066928	0.055890	0.236019	5303600.000000
2016-06-09	0.009728	0.060063	0.070998	0.059643	0.462604	3642000.000000
2016-06-08	0.005590	0.057530	0.065143	0.057530	0.264344	2650300.000000
2016-06-07	-0.000798	0.059645	0.065984	0.056687	-0.037762	3767900.000000
2016-06-06	-0.000996	0.064077	0.064077	0.052256	-0.047207	4687400.000000
2016-06-03	0.016613	0.066733	0.082183	0.066733	0.774155	4953400.000000
2016-06-02	-0.004236	0.057940	0.060291	0.047256	-0.198254	3547500.000000
2016-06-01	0.002629	0.059008	0.063721	0.056223	0.122730	5770500.000000
2016-05-31	0.005696	0.054697	0.065255	0.052327	0.264340	7286700.000000
2016-05-27	-0.001219	0.059437	0.062020	0.053412	-0.056645	3111400.000000
2016-05-26	0.013800	0.057477	0.074494	0.057477	0.632546	3309600.000000
2016-05-25	0.001857	0.058348	0.065998	0.053321	0.084965	3825300.000000
2016-05-24	0.007694	0.064068	0.069134	0.058341	0.349312	4166400.000000
2016-05-23	-0.011511	0.061617	0.063141	0.046594	-0.528691	3789000.000000
2016-05-20	-0.000411	0.062487	0.063357	0.052911	-0.018879	4093500.000000
2016-05-19	0.013114	0.058120	0.073554	0.049962	0.594776	4039400.000000
2016-05-18	-0.021190	0.054258	0.059222	0.034619	-0.981861	4851600.000000
2016-05-17	-0.017220	0.054132	0.057950	0.033558	-0.811908	5245400.000000
2016-05-16	0.001002	0.056250	0.060708	0.051154	0.047203	4016700.000000
2016-05-13	-0.005383	0.057955	0.060278	0.049086	-0.254902	4032000.000000
2016-05-12	0.008039	0.059222	0.071356	0.050282	0.377636	5412500.000000
2016-05-11	0.003590	0.074347	0.075629	0.065375	0.168049	5655800.000000
2016-05-10	0.006625	0.075444	0.082325	0.067702	0.308074	6568700.000000
2016-05-09	0.006466	0.074606	0.086077	0.072658	0.298749	7855400.000000
2016-05-06	-0.022323	0.040037	0.048713	0.033266	-1.054947	23158700.000000
2016-05-05	-0.014408	0.066763	0.075314	0.049870	-0.690854	7703300.000000
2016-05-04	0.017030	0.067325	0.093202	0.067325	0.802880	6279400.000000
2016-05-03	0.001785	0.069868	0.076242	0.068168	0.084019	3847400.000000
2016-05-02	0.006188	0.074350	0.083757	0.070929	0.289413	5694600.000000
2016-04-29	0.003003	0.067497	0.074788	0.056561	0.140038	5558600.000000
2016-04-28	0.008276	0.065521	0.080224	0.062278	0.382766	4577100.000000
2016-04-27	0.006911	0.079416	0.087471	0.061563	0.317421	5822100.000000
2016-04-26	-0.001421	0.067664	0.074621	0.066143	-0.065346	4334700.000000
2016-04-25	0.000203	0.069621	0.073535	0.063315	0.009331	4136800.000000
2016-04-22	0.006539	0.076396	0.082305	0.074207	0.298752	3285100.000000
2016-04-21	-0.016677	0.070712	0.071143	0.048545	-0.774879	6023300.000000
2016-04-20	-0.024118	0.070303	0.073453	0.044679	-1.148304	4965300.000000
2016-04-19	0.001768	0.072616	0.074299	0.064200	0.084022	3499500.000000
2016-04-18	0.004538	0.071143	0.076004	0.064379	0.214722	3017200.000000
2016-04-15	0.004559	0.070930	0.078574	0.069232	0.214725	2689500.000000
2016-04-14	0.001787	0.071143	0.075397	0.066889	0.084023	2993300.000000
2016-04-13	-0.008076	0.073042	0.074096	0.056374	-0.382767	3029400.000000
2016-04-12	0.005944	0.072628	0.078783	0.067322	0.280068	3475500.000000
2016-04-11	-0.005125	0.067976	0.076633	0.065231	-0.242722	2965700.000000
2016-04-08	0.001184	0.073680	0.080656	0.070720	0.056015	3778500.000000
2016-04-07	0.006156	0.069654	0.081778	0.067952	0.289406	3670900.000000
2016-04-06	-0.005726	0.070297	0.071354	0.057608	-0.270745	6000200.000000
2016-04-05	-0.017077	0.066154	0.072182	0.052227	-0.821544	4815000.000000
2016-04-04	-0.003288	0.071350	0.072800	0.059540	-0.158711	4262100.000000
2016-04-01	-0.000580	0.066380	0.072385	0.059340	-0.028007	3728500.000000
2016-03-31	0.010154	0.071352	0.082019	0.069260	0.485458	4999000.000000
2016-03-30	0.000195	0.071352	0.072189	0.063402	0.009339	2851400.000000
2016-03-29	0.012258	0.074743	0.084696	0.070931	0.578819	3943800.000000
2016-03-28	-0.006287	0.069670	0.076825	0.063356	-0.298744	3063200.000000
2016-03-24	0.004539	0.071143	0.077696	0.069240	0.214729	3587200.000000
2016-03-23	0.007957	0.071995	0.083927	0.066881	0.373428	3151600.000000
2016-03-22	-0.004160	0.070718	0.077296	0.065414	-0.196048	2882500.000000
2016-03-21	-0.005516	0.065656	0.072620	0.057637	-0.261406	3499800.000000
2016-03-18	-0.001181	0.074094	0.075147	0.065452	-0.056015	8057900.000000
2016-03-17	0.002762	0.069452	0.077906	0.064379	0.130699	5230400.000000
2016-03-16	0.006954	0.068376	0.081784	0.058586	0.326755	4506500.000000
2016-03-15	0.007608	0.065353	0.081221	0.063637	0.354760	4564500.000000
2016-03-14	0.003214	0.073294	0.076951	0.065765	0.149379	3787800.000000
2016-03-11	-0.001604	0.072861	0.076942	0.067062	-0.074688	4940500.000000
2016-03-10	0.006255	0.073304	0.079140	0.065307	0.289410	6727700.000000
2016-03-09	0.008342	0.070925	0.082911	0.068310	0.382767	4501100.000000
2016-03-08	0.013611	0.075119	0.088815	0.069817	0.616161	5362900.000000
2016-03-07	-0.002879	0.069381	0.073125	0.058808	-0.130699	5271100.000000
2016-03-04	0.009131	0.064252	0.084035	0.061141	0.410782	5305400.000000
2016-03-03	0.004377	0.074715	0.075831	0.059757	0.196045	5192500.000000
2016-03-02	0.010318	0.072496	0.084225	0.050167	0.457458	5464500.000000
2016-03-01	-0.014321	0.074255	0.080480	0.050912	-0.644173	6889000.000000
2016-02-29	-0.000207	0.073143	0.081812	0.069365	-0.009330	6043300.000000
2016-02-26	-0.023704	0.070709	0.071143	0.043800	-1.092297	5511300.000000
2016-02-25	0.007758	0.070049	0.080984	0.068737	0.354759	3652800.000000
2016-02-24	-0.002444	0.065253	0.077469	0.060017	-0.112026	3567300.000000
2016-02-23	0.000000	0.068307	0.074851	0.063507	0.000000	3495200.000000
2016-02-22	0.010912	0.072025	0.082831	0.068717	0.494797	3403800.000000
2016-02-19	-0.006139	0.065882	0.072458	0.057115	-0.280071	4602000.000000
2016-02-18	0.021744	0.070471	0.095329	0.068455	0.970928	5743900.000000
2016-02-17	-0.005407	0.070920	0.072702	0.058447	-0.242737	5218300.000000
2016-02-16	0.003757	0.073378	0.075167	0.061306	0.168045	5147700.000000
2016-02-12	-0.002914	0.070028	0.076270	0.060220	-0.130699	5077400.000000
2016-02-11	-0.012678	0.060644	0.073190	0.056903	-0.576023	5963800.000000
2016-02-10	0.000203	0.076490	0.086396	0.062621	0.009235	6086900.000000
2016-02-09	0.007784	0.077770	0.094187	0.071114	0.350845	7085700.000000
2016-02-08	0.012443	0.082196	0.097245	0.079051	0.553975	7027400.000000
2016-02-05	-0.004131	0.074147	0.084883	0.057146	-0.184662	8747200.000000
2016-02-04	-0.001855	0.082871	0.087113	0.059427	-0.083088	9049000.000000
2016-02-03	-0.022567	0.078293	0.096406	0.054287	-1.034081	15188000.000000
2016-02-02	-0.005411	0.075497	0.080706	0.072675	-0.249286	6308200.000000
2016-02-01	0.020033	0.083537	0.106784	0.080216	0.904819	9996700.000000
2016-01-29	0.013256	0.089824	0.099246	0.087581	0.590897	7181700.000000
2016-01-28	0.013434	0.083094	0.104010	0.074227	0.590896	3980400.000000
2016-01-27	0.001261	0.079452	0.090151	0.075354	0.055397	3350500.000000
2016-01-26	0.004009	0.086065	0.098864	0.083094	0.175423	3946700.000000
2016-01-25	0.000845	0.084695	0.086983	0.077147	0.036934	4287100.000000
2016-01-22	0.011536	0.082631	0.096283	0.077309	0.498569	6019000.000000
2016-01-21	-0.007421	0.085850	0.092051	0.064262	-0.323143	5876800.000000
2016-01-20	-0.016270	0.077672	0.084224	0.054175	-0.720165	8026100.000000
2016-01-19	0.016324	0.084931	0.103071	0.083324	0.710934	7627600.000000
2016-01-15	0.000636	0.072755	0.085392	0.069308	0.027691	6518300.000000
2016-01-14	0.007265	0.083094	0.100451	0.074762	0.313915	6057100.000000
2016-01-13	0.007535	0.085426	0.096618	0.082861	0.323147	5860100.000000
2016-01-12	-0.008326	0.084944	0.084944	0.063670	-0.360077	5762300.000000
2016-01-11	0.004719	0.087276	0.092155	0.083326	0.203125	5870500.000000
2016-01-08	-0.007452	0.083555	0.090473	0.073640	-0.323151	5220200.000000
2016-01-07	-0.008444	0.074634	0.084923	0.069833	-0.369308	5837700.000000
2016-01-06	0.000211	0.076233	0.086296	0.070744	0.009228	5868700.000000
2016-01-05	0.007017	0.081252	0.091155	0.072961	0.304687	5830900.000000
2016-01-04	0.005129	0.074529	0.089575	0.070594	0.221577	6946500.000000
2015-12-31	-0.010154	0.082177	0.083781	0.062931	-0.443169	3874300.000000
2015-12-30	0.000212	0.085615	0.087448	0.081719	0.009236	2524800.000000
2015-12-29	0.003184	0.086543	0.092060	0.085393	0.138492	3175200.000000
2015-12-28	0.000212	0.080565	0.087693	0.078725	0.009236	2801500.000000
2015-12-24	0.000000	0.082404	0.086543	0.079185	0.000000	1503000.000000
2015-12-23	0.013993	0.086125	0.101748	0.085192	0.600124	4714100.000000
2015-12-22	0.004759	0.086843	0.091763	0.077706	0.203129	5124800.000000
2015-12-21	0.000649	0.087783	0.092003	0.078405	0.027694	4250200.000000
2015-12-18	-0.006665	0.081231	0.083094	0.065861	-0.286216	7841100.000000
2015-12-17	0.003885	0.083094	0.094081	0.076314	0.166187	4499700.000000
2015-12-16	0.020260	0.085241	0.106230	0.085241	0.849426	7342700.000000
2015-12-15	0.010234	0.086949	0.098515	0.084540	0.424710	4650400.000000
2015-12-14	0.012387	0.084558	0.099194	0.082850	0.507804	5394400.000000
2015-12-11	-0.002023	0.077008	0.086746	0.069461	-0.083099	3720700.000000
2015-12-10	-0.014399	0.086213	0.086693	0.066058	-0.600124	3732600.000000
2015-12-09	-0.003532	0.077117	0.093853	0.071378	-0.147736	4412100.000000
2015-12-08	0.000442	0.080224	0.085486	0.076157	0.018475	3311800.000000
2015-12-07	0.010038	0.080436	0.095657	0.078262	0.415466	4642600.000000
2015-12-04	0.014713	0.089958	0.101726	0.089468	0.600136	4387400.000000
2015-12-03	-0.000678	0.079909	0.090689	0.071090	-0.027695	6922300.000000
2015-12-02	-0.021470	0.078060	0.080936	0.059121	-0.895588	4574100.000000
2015-12-01	0.014369	0.090389	0.100116	0.086498	0.590904	4938100.000000
2015-11-30	-0.000897	0.085038	0.091354	0.082122	-0.036934	4521200.000000
2015-11-27	0.000000	0.082851	0.088196	0.081150	0.000000	1331600.000000
2015-11-25	-0.005133	0.080677	0.082852	0.071250	-0.212352	3505700.000000
2015-11-24	-0.002449	0.077548	0.083576	0.071038	-0.101559	3146700.000000
2015-11-23	-0.007074	0.084530	0.087882	0.071842	-0.295456	2949400.000000
2015-11-20	0.001328	0.085731	0.094841	0.079977	0.055397	4320500.000000
2015-11-19	0.016423	0.086749	0.102831	0.086749	0.673996	4401200.000000
2015-11-18	0.007937	0.083094	0.093900	0.077445	0.323151	3942800.000000
2015-11-17	-0.014305	0.080673	0.088420	0.063485	-0.590897	3454400.000000
2015-11-16	0.017975	0.082108	0.102809	0.082108	0.729386	3432500.000000
2015-11-13	0.001367	0.083834	0.094939	0.081367	0.055400	4829700.000000
2015-11-12	-0.013420	0.080489	0.086819	0.066855	-0.551197	4239100.000000
2015-11-11	0.013276	0.098534	0.113583	0.097301	0.538166	4667900.000000
2015-11-10	0.009541	0.097310	0.107770	0.097310	0.383103	3117700.000000
2015-11-09	0.009865	0.093547	0.111153	0.091032	0.392219	5376700.000000
2015-11-06	-0.044707	0.078775	0.080937	0.044417	-1.860782	9996500.000000
2015-11-05	-0.003712	0.097750	0.102059	0.091048	-0.155064	4604900.000000
2015-11-04	0.007923	0.096555	0.106206	0.095590	0.328373	5014200.000000
2015-11-03	0.004643	0.094617	0.103101	0.088558	0.191547	4099300.000000
2015-11-02	0.002883	0.096314	0.100447	0.086105	0.118588	4821900.000000
2015-10-30	0.003337	0.097046	0.103143	0.091436	0.136818	4375300.000000
2015-10-29	-0.008383	0.095105	0.095830	0.073338	-0.346623	6763300.000000
2015-10-28	-0.007227	0.092953	0.110720	0.076626	-0.300994	5882400.000000
2015-10-27	0.000438	0.099437	0.099437	0.089588	0.018238	3692900.000000
2015-10-26	-0.003711	0.100861	0.100861	0.087220	-0.155064	4503700.000000
2015-10-23	-0.014839	0.093249	0.096078	0.079339	-0.629383	4552900.000000
2015-10-22	0.009114	0.098455	0.109161	0.097741	0.383098	5578200.000000
2015-10-21	0.002393	0.099414	0.107523	0.096314	0.100335	3098800.000000
2015-10-20	0.000218	0.095360	0.103232	0.092259	0.009124	3347300.000000
2015-10-19	-0.005625	0.090621	0.094891	0.080422	-0.237159	3652200.000000
2015-10-16	0.008730	0.101099	0.106602	0.098946	0.364860	3480800.000000
2015-10-15	0.006591	0.099686	0.104984	0.095110	0.273644	3324600.000000
2015-10-14	-0.001097	0.096795	0.101607	0.094149	-0.045609	3324800.000000
2015-10-13	-0.000877	0.095833	0.103525	0.090785	-0.036491	3857100.000000
2015-10-12	0.014457	0.096802	0.116065	0.096802	0.592903	3437300.000000
2015-10-09	-0.004208	0.095828	0.097285	0.088787	-0.173306	2994500.000000
2015-10-08	0.008713	0.091415	0.106356	0.091170	0.355736	3166600.000000
2015-10-07	-0.000670	0.097782	0.099741	0.091908	-0.027370	3413400.000000
2015-10-06	-0.009071	0.094374	0.095101	0.082974	-0.373978	5117700.000000
2015-10-05	0.011412	0.098767	0.109561	0.090181	0.465202	4323300.000000
2015-10-02	0.011315	0.103013	0.110703	0.089864	0.456074	5412900.000000
2015-10-01	-0.011409	0.099503	0.101219	0.076693	-0.465195	5220700.000000
2015-09-30	0.009257	0.097057	0.108443	0.091363	0.373978	5246100.000000
2015-09-29	0.004536	0.096066	0.107255	0.094076	0.182430	3984300.000000
2015-09-28	-0.000907	0.094078	0.106996	0.093830	-0.036491	4533800.000000
2015-09-25	0.014949	0.096314	0.123797	0.093288	0.592895	5687600.000000
2015-09-24	0.012340	0.093251	0.111885	0.093251	0.483441	5336100.000000
2015-09-23	-0.001395	0.096569	0.101922	0.090961	-0.054726	6377500.000000
2015-09-22	-0.017364	0.085293	0.092306	0.077028	-0.693237	6091800.000000
2015-09-21	0.007829	0.097576	0.106411	0.095557	0.310127	3808700.000000
2015-09-18	-0.001150	0.091019	0.111190	0.087993	-0.045605	7028100.000000
2015-09-17	0.013284	0.096825	0.124929	0.095037	0.519928	5311100.000000
2015-09-16	0.006568	0.099143	0.109944	0.093999	0.255394	3280900.000000
2015-09-15	0.000000	0.097085	0.100943	0.089370	0.000000	3446000.000000
2015-09-14	-0.001873	0.096571	0.101705	0.092720	-0.072963	3514500.000000
2015-09-11	0.009692	0.092426	0.106940	0.090612	0.373970	4311000.000000
2015-09-10	-0.003768	0.098638	0.103285	0.088310	-0.145939	4986400.000000
2015-09-09	-0.005621	0.099652	0.102733	0.088355	-0.218918	6482200.000000
2015-09-08	0.017151	0.109894	0.116423	0.100492	0.656750	6349200.000000
2015-09-04	-0.014091	0.087045	0.088847	0.076489	-0.547291	5488800.000000
2015-09-03	0.001411	0.100181	0.102502	0.093736	0.054733	3854500.000000
2015-09-02	0.002594	0.105103	0.106654	0.089334	0.100338	5784500.000000
2015-09-01	-0.023036	0.084444	0.084697	0.066261	-0.912147	6926600.000000
2015-08-31	-0.007545	0.092554	0.095061	0.074759	-0.301010	5855900.000000
2015-08-28	-0.003872	0.096564	0.098561	0.076839	-0.155068	5295300.000000
2015-08-27	0.006879	0.105615	0.108884	0.091035	0.273647	8610400.000000
2015-08-26	0.026118	0.113597	0.127011	0.104827	1.012482	10130300.000000
2015-08-25	-0.024782	0.114427	0.118200	0.068894	-0.985119	9664500.000000
2015-08-24	-0.048472	0.053946	0.088415	0.038147	-2.024967	16210900.000000
2015-08-21	-0.012079	0.089693	0.097969	0.082125	-0.510799	6848600.000000
2015-08-20	0.001080	0.090396	0.108861	0.086134	0.045604	5842100.000000
2015-08-19	0.005209	0.092982	0.104643	0.087985	0.218914	4719400.000000
2015-08-18	-0.004967	0.092289	0.094183	0.088027	-0.209789	3917800.000000
2015-08-17	-0.000648	0.100337	0.100337	0.092528	-0.027370	4835200.000000
2015-08-14	0.003683	0.091801	0.100589	0.088239	0.155067	4561200.000000
2015-08-13	0.002890	0.090669	0.103293	0.088049	0.121323	5564300.000000
2015-08-12	0.014376	0.105382	0.128335	0.105382	0.594990	7594900.000000
2015-08-11	0.009899	0.112664	0.129744	0.108028	0.405681	4382600.000000
2015-08-10	-0.001537	0.109248	0.117531	0.104375	-0.063103	4345100.000000
2015-08-07	0.010430	0.107278	0.124756	0.103093	0.423706	5697400.000000
2015-08-06	0.010087	0.111486	0.121432	0.103777	0.405682	5458200.000000
2015-08-05	0.004278	0.118488	0.119736	0.110996	0.171295	3413500.000000
2015-08-04	-0.012011	0.107027	0.107027	0.093705	-0.486816	3284700.000000
2015-08-03	0.005142	0.109744	0.118175	0.108504	0.207340	4255600.000000
2015-07-31	0.007886	0.118246	0.127244	0.115746	0.315529	4886400.000000
2015-07-30	0.018591	0.106447	0.131652	0.106193	0.730221	6162100.000000
2015-07-29	0.000689	0.105681	0.111031	0.095745	0.027050	5008800.000000
2015-07-28	0.002302	0.108227	0.115121	0.104907	0.090156	4650200.000000
2015-07-27	0.013059	0.112610	0.128132	0.110800	0.504834	3547600.000000
2015-07-24	-0.002326	0.108732	0.111054	0.100989	-0.090142	4456700.000000
2015-07-23	-0.006243	0.107452	0.107452	0.088730	-0.243408	5249800.000000
2015-07-22	0.000926	0.110018	0.118233	0.108478	0.036060	3232800.000000
2015-07-21	-0.002539	0.108224	0.108736	0.098493	-0.099166	4799300.000000
2015-07-20	-0.004367	0.108228	0.108483	0.097775	-0.171296	3589300.000000
2015-07-17	-0.010686	0.104203	0.105465	0.097141	-0.423702	5229000.000000
2015-07-16	0.014065	0.110015	0.125361	0.110015	0.549919	4513200.000000
2015-07-15	0.003703	0.109761	0.113612	0.104113	0.144245	2934700.000000
2015-07-14	-0.004378	0.111804	0.115126	0.100047	-0.171287	3663900.000000
2015-07-13	0.000922	0.113341	0.118457	0.104643	0.036060	3302300.000000
2015-07-10	0.002080	0.110017	0.119246	0.106172	0.081135	6654000.000000
2015-07-09	-0.021041	0.108746	0.111757	0.082897	-0.838409	6752200.000000
2015-07-08	-0.001355	0.104737	0.117518	0.103985	-0.054085	6661200.000000
2015-07-07	0.026438	0.115164	0.143976	0.113878	1.027725	11156100.000000
2015-07-06	0.005362	0.110282	0.119851	0.106920	0.207344	4995400.000000
2015-07-02	0.016832	0.116348	0.129497	0.115559	0.640064	4937400.000000
2015-07-01	0.006683	0.112160	0.116925	0.107659	0.252430	4675600.000000
2015-06-30	-0.001430	0.112949	0.114270	0.103432	-0.054092	5100000.000000
2015-06-29	0.001671	0.109777	0.127254	0.109248	0.063106	6503300.000000
2015-06-26	0.006729	0.108981	0.118578	0.103649	0.252423	4040400.000000
2015-06-25	-0.002158	0.113238	0.114568	0.105790	-0.081131	4179300.000000
2015-06-24	-0.008323	0.108984	0.112413	0.099751	-0.315529	4542400.000000
2015-06-23	-0.010821	0.109248	0.109509	0.093852	-0.414696	5017600.000000
2015-06-22	-0.005149	0.110286	0.113661	0.101460	-0.198330	3869900.000000
2015-06-19	-0.013620	0.109248	0.111040	0.093628	-0.531894	5783000.000000
2015-06-18	0.014758	0.114704	0.129515	0.111326	0.567951	5020900.000000
2015-06-17	0.004944	0.108465	0.116821	0.101153	0.189327	4189100.000000
2015-06-16	0.009266	0.110302	0.120580	0.106085	0.351582	4178600.000000
2015-06-15	-0.004965	0.108723	0.109510	0.102692	-0.189320	3669800.000000
2015-06-12	-0.006809	0.105341	0.110029	0.100653	-0.261440	3041000.000000
2015-06-11	0.005905	0.115797	0.119727	0.111344	0.225383	3042600.000000
2015-06-10	-0.002356	0.117612	0.119441	0.105589	-0.090152	4067500.000000
2015-06-09	-0.003756	0.105602	0.111852	0.104040	-0.144246	4216800.000000
2015-06-08	-0.001406	0.117048	0.117048	0.100667	-0.054088	6370600.000000
2015-06-05	-0.012043	0.099743	0.102055	0.092036	-0.468784	7291400.000000
2015-06-04	0.001391	0.103846	0.117994	0.102817	0.054092	7610500.000000
2015-06-03	-0.003697	0.110017	0.111042	0.095664	-0.144245	7415300.000000
2015-06-02	-0.008931	0.106962	0.109502	0.092483	-0.351589	6006700.000000
2015-06-01	-0.000458	0.111279	0.115087	0.104424	-0.018029	4620300.000000
2015-05-29	0.004137	0.109247	0.118935	0.105678	0.162262	6216400.000000
2015-05-28	-0.005031	0.108487	0.110262	0.098848	-0.198330	4283400.000000
2015-05-27	0.009931	0.109248	0.125643	0.106173	0.387650	6778900.000000
2015-05-26	0.001619	0.106425	0.112327	0.096418	0.063103	6725900.000000
2015-05-22	-0.003458	0.107202	0.107969	0.096718	-0.135220	4890400.000000
2015-05-21	-0.006641	0.108994	0.110264	0.097817	-0.261436	4894500.000000
2015-05-20	0.000000	0.108994	0.117630	0.107978	0.000000	4028000.000000
2015-05-19	0.000458	0.103149	0.111281	0.101624	0.018024	3759700.000000
2015-05-18	-0.001601	0.104173	0.111785	0.101636	-0.063099	3484500.000000
2015-05-15	0.012506	0.111817	0.125946	0.110018	0.486817	5156300.000000
2015-05-14	0.008007	0.112174	0.123826	0.112174	0.309215	4831600.000000
2015-05-13	-0.002070	0.127443	0.130286	0.118140	-0.080116	6066400.000000
2015-05-12	-0.002753	0.120989	0.122020	0.110939	-0.106831	7320700.000000
2015-05-11	-0.012684	0.123308	0.126870	0.107025	-0.498531	8343600.000000
2015-05-08	-0.001809	0.133721	0.135753	0.111372	-0.071217	8423800.000000
2015-05-07	0.003403	0.126876	0.135541	0.122799	0.133538	5118500.000000
2015-05-06	-0.004292	0.124831	0.129145	0.110622	-0.169144	6705400.000000
2015-05-05	-0.015785	0.119063	0.121311	0.102331	-0.632065	7076600.000000
2015-05-04	0.003570	0.125314	0.136090	0.119549	0.142437	4957700.000000
2015-05-01	0.011738	0.121787	0.137762	0.121787	0.462921	5969400.000000
2015-04-30	-0.007839	0.121296	0.121296	0.106453	-0.311580	8463100.000000
2015-04-29	-0.000224	0.112241	0.126075	0.105702	-0.008908	5460000.000000
2015-04-28	0.007672	0.123562	0.132179	0.117226	0.302681	4540700.000000
2015-04-27	-0.012258	0.126062	0.127815	0.108288	-0.489624	4099900.000000
2015-04-24	0.004028	0.123309	0.136882	0.121800	0.160244	3485600.000000
2015-04-23	0.004721	0.123056	0.133915	0.122551	0.186943	4055900.000000
2015-04-22	0.001351	0.127607	0.131906	0.119768	0.053414	4343700.000000
2015-04-21	-0.007596	0.124563	0.132343	0.112015	-0.302678	4762700.000000
2015-04-20	0.014736	0.126874	0.147501	0.123563	0.578648	4797500.000000
2015-04-17	0.000000	0.121016	0.130948	0.119743	0.000000	4251200.000000
2015-04-16	-0.002036	0.123309	0.125850	0.113143	-0.080116	3797600.000000
2015-04-15	-0.003382	0.123055	0.133440	0.117483	-0.133534	3878000.000000
2015-04-14	0.003394	0.125088	0.130170	0.121275	0.133534	3473800.000000
2015-04-13	-0.009413	0.119784	0.123812	0.110721	-0.373894	3258700.000000
2015-04-10	0.003373	0.124066	0.133160	0.119772	0.133530	3615700.000000
2015-04-09	0.002932	0.119508	0.127109	0.110895	0.115734	6419800.000000
2015-04-08	0.001808	0.123816	0.126608	0.114172	0.071220	6025800.000000
2015-04-07	-0.014693	0.124309	0.125309	0.105304	-0.587558	5035800.000000
2015-04-06	0.006272	0.127334	0.143439	0.126580	0.249259	5505900.000000
2015-04-02	0.000448	0.120791	0.127840	0.119029	0.017815	3347900.000000
2015-04-01	0.007678	0.125084	0.133963	0.113669	0.302673	5318100.000000
2015-03-31	-0.001128	0.121788	0.127109	0.114186	-0.044513	5798100.000000
2015-03-30	0.007271	0.129179	0.136326	0.124840	0.284878	4078100.000000
2015-03-27	0.005713	0.123052	0.138967	0.123052	0.222553	5766300.000000
2015-03-26	-0.006132	0.123564	0.130707	0.114889	-0.240360	5948400.000000
2015-03-25	-0.011006	0.126841	0.131887	0.110693	-0.436211	4067000.000000
2015-03-24	-0.014390	0.120822	0.127288	0.105155	-0.578644	4293100.000000
2015-03-23	0.004447	0.125057	0.133050	0.124557	0.178036	3767300.000000
2015-03-20	0.006941	0.124566	0.136388	0.123057	0.275970	7186400.000000
2015-03-19	-0.010634	0.120073	0.130276	0.109622	-0.427311	4986900.000000
2015-03-18	0.018502	0.123308	0.152963	0.118493	0.729992	7083000.000000
2015-03-17	-0.006946	0.119533	0.126832	0.114248	-0.275966	3484900.000000
2015-03-16	0.015472	0.127653	0.148100	0.127653	0.605342	4384300.000000
2015-03-13	-0.011471	0.121793	0.123056	0.105370	-0.454002	5691800.000000
2015-03-12	0.016926	0.126906	0.145148	0.125878	0.658764	6403700.000000
2015-03-11	-0.004780	0.122797	0.130468	0.113592	-0.186951	4848600.000000
2015-03-10	-0.001818	0.122543	0.137347	0.117693	-0.071212	8559300.000000
2015-03-09	-0.001815	0.123818	0.131971	0.120251	-0.071221	6110200.000000
2015-03-06	-0.020657	0.110833	0.111831	0.094864	-0.827907	11523800.000000
2015-03-05	0.004238	0.126566	0.133331	0.123058	0.169143	5425400.000000
2015-03-04	-0.007088	0.120820	0.120820	0.109873	-0.284881	3828800.000000
2015-03-03	0.006240	0.128816	0.131320	0.115548	0.249267	5061400.000000
2015-03-02	-0.020092	0.123554	0.123554	0.095342	-0.819008	7013000.000000
2015-02-27	0.000656	0.123308	0.127727	0.117417	0.026707	4178000.000000
2015-02-26	-0.003484	0.125999	0.128935	0.117438	-0.142437	3778200.000000
2015-02-25	-0.020687	0.126423	0.127141	0.098633	-0.863525	5992500.000000
2015-02-24	0.009038	0.123067	0.136362	0.118232	0.373897	5445200.000000
2015-02-23	0.007152	0.126717	0.133047	0.123065	0.293770	5160200.000000
2015-02-20	-0.001082	0.121363	0.124038	0.108960	-0.044502	4090200.000000
2015-02-19	-0.013877	0.122349	0.124028	0.103404	-0.578648	4223000.000000
2015-02-18	0.028546	0.131695	0.158582	0.127008	1.157295	7461300.000000
2015-02-17	-0.007411	0.118657	0.129674	0.107149	-0.302681	8987100.000000
2015-02-13	-0.014605	0.120172	0.122826	0.098700	-0.605350	8657600.000000
2015-02-12	-0.018239	0.127453	0.128164	0.096425	-0.770054	11259900.000000
2015-02-11	-0.014996	0.129678	0.135510	0.111946	-0.642746	7656800.000000
2015-02-10	0.018623	0.134080	0.159747	0.134080	0.783630	5821800.000000
2015-02-09	-0.007889	0.136687	0.139516	0.123248	-0.334579	6633900.000000
2015-02-06	-0.030980	0.129346	0.129575	0.093705	-1.355942	8955000.000000
2015-02-05	0.005054	0.138270	0.145388	0.126329	0.220116	6201900.000000
2015-02-04	-0.026378	0.139321	0.143345	0.102655	-1.179836	10485600.000000
2015-02-03	0.000394	0.135520	0.139546	0.126350	0.017604	8289200.000000
2015-02-02	0.001183	0.134176	0.140446	0.122308	0.052826	7073200.000000
2015-01-30	-0.039212	0.125202	0.129289	0.089488	-1.822589	12554600.000000
2015-01-29	0.011884	0.132914	0.151854	0.129866	0.545902	4455000.000000
2015-01-28	-0.004769	0.135744	0.151777	0.127944	-0.220127	5202800.000000
2015-01-27	0.003638	0.133134	0.146181	0.133134	0.167289	3566800.000000
2015-01-26	0.000000	0.132047	0.136613	0.123784	0.000000	4231600.000000
2015-01-23	0.001918	0.135744	0.143151	0.132911	0.088051	4190200.000000
2015-01-22	0.002307	0.135525	0.141203	0.127882	0.105656	4674500.000000
2015-01-21	0.006775	0.131566	0.145197	0.125411	0.308166	5409200.000000
2015-01-20	0.006037	0.136850	0.143043	0.131762	0.272953	4081400.000000
2015-01-16	0.010827	0.133061	0.148935	0.131719	0.484269	5718600.000000
2015-01-15	0.012154	0.140722	0.151358	0.134160	0.537090	5685100.000000
2015-01-14	0.010266	0.136201	0.147631	0.130257	0.449039	6205300.000000
2015-01-13	-0.000603	0.142598	0.153793	0.131403	-0.026409	5422100.000000
2015-01-12	0.000201	0.141457	0.142599	0.129802	0.008801	4086100.000000
2015-01-09	-0.012714	0.135292	0.136195	0.119725	-0.563507	4121000.000000
2015-01-08	0.000795	0.138227	0.144550	0.133937	0.035217	4532500.000000
2015-01-07	0.011055	0.136657	0.151496	0.132319	0.484264	4917000.000000
2015-01-06	0.012002	0.136668	0.159309	0.136206	0.519486	9358300.000000
2015-01-05	-0.004254	0.135974	0.138504	0.125161	-0.184906	7028700.000000
2015-01-02	0.005294	0.137594	0.143375	0.129499	0.228931	4645300.000000
2014-12-31	-0.013261	0.139851	0.143274	0.119313	-0.581116	4963300.000000
2014-12-30	-0.021816	0.134404	0.134404	0.110520	-0.977333	4130100.000000
2014-12-29	0.008124	0.134618	0.153971	0.134618	0.360993	6266500.000000
2014-12-26	0.011220	0.137792	0.157589	0.136881	0.493065	5746300.000000
2014-12-24	0.015050	0.135744	0.157918	0.135744	0.651561	3812600.000000
2014-12-23	-0.003849	0.134363	0.138275	0.130221	-0.167297	3171600.000000
2014-12-22	0.006936	0.143158	0.146633	0.132500	0.299370	3999700.000000
2014-12-19	0.000408	0.134353	0.143161	0.130181	0.017609	8100200.000000
2014-12-18	0.014493	0.136214	0.152204	0.131041	0.616336	4911800.000000
2014-12-17	0.011307	0.140738	0.149774	0.135981	0.475460	4442200.000000
2014-12-16	-0.001881	0.137168	0.148561	0.126487	-0.079246	5401000.000000
2014-12-15	-0.001461	0.138825	0.143091	0.125789	-0.061634	4515900.000000
2014-12-12	-0.009917	0.128704	0.142783	0.124245	-0.422630	3724600.000000
2014-12-11	0.010017	0.135270	0.153045	0.135270	0.422630	4558800.000000
2014-12-10	-0.004570	0.131733	0.142586	0.129846	-0.193699	4163300.000000
2014-12-09	0.001873	0.138344	0.143071	0.130071	0.079246	3999600.000000
2014-12-08	0.010727	0.136221	0.151989	0.136221	0.449032	4903800.000000
2014-12-05	-0.007723	0.124602	0.130765	0.119387	-0.325771	4755900.000000
2014-12-04	0.000209	0.135744	0.141197	0.129816	0.008801	2910000.000000
2014-12-03	-0.000209	0.139300	0.141196	0.131240	-0.008801	4661000.000000
2014-12-02	0.004613	0.138363	0.147175	0.129314	0.193710	6949800.000000
2014-12-01	0.005482	0.129039	0.156816	0.127123	0.228920	8389600.000000
2014-11-28	0.013029	0.139382	0.155877	0.139382	0.537091	3030200.000000
2014-11-26	0.007532	0.136477	0.147719	0.136477	0.308174	3554200.000000
2014-11-25	-0.005138	0.136716	0.136716	0.125775	-0.211319	5812000.000000
2014-11-24	-0.011429	0.136945	0.138387	0.120600	-0.475468	3938100.000000
2014-11-21	0.002972	0.140806	0.142012	0.128993	0.123276	4304300.000000
2014-11-20	-0.003385	0.134302	0.138627	0.126854	-0.140881	3242200.000000
2014-11-19	0.000423	0.132138	0.138628	0.128052	0.017605	3807200.000000
2014-11-18	0.003611	0.141051	0.145634	0.133331	0.149689	3837000.000000
2014-11-17	0.009434	0.139153	0.149381	0.133796	0.387420	4181700.000000
2014-11-14	-0.006391	0.133324	0.135502	0.124130	-0.264152	4937500.000000
2014-11-13	-0.003397	0.138155	0.143942	0.127063	-0.140873	6020400.000000
2014-11-12	-0.010088	0.124525	0.129537	0.116886	-0.422638	7148500.000000
2014-11-11	-0.000210	0.135744	0.139323	0.130016	-0.008800	3751600.000000
2014-11-10	0.009760	0.138153	0.149721	0.133816	0.405021	7325000.000000
2014-11-07	0.002553	0.136952	0.144200	0.132845	0.105664	5179500.000000
2014-11-06	-0.019808	0.130297	0.133139	0.108984	-0.836464	8836900.000000
2014-11-05	0.021730	0.133324	0.160665	0.133324	0.898090	9145600.000000
2014-11-04	0.003635	0.131373	0.144486	0.129673	0.149681	5769900.000000
2014-11-03	0.008844	0.137213	0.149218	0.135989	0.360996	6521700.000000
2014-10-31	-0.001938	0.140145	0.141612	0.121318	-0.079246	7530200.000000
2014-10-30	0.012093	0.143291	0.150963	0.137600	0.488670	13175400.000000
2014-10-29	-0.020055	0.133700	0.145098	0.114058	-0.826996	9906100.000000
2014-10-28	-0.000211	0.151160	0.153827	0.131279	-0.008705	8737400.000000
2014-10-27	-0.000633	0.149947	0.155520	0.143889	-0.026119	4309600.000000
2014-10-24	0.004237	0.148736	0.155792	0.147032	0.174110	3322900.000000
2014-10-23	0.000424	0.147762	0.154821	0.142163	0.017407	4837400.000000
2014-10-22	0.005540	0.147512	0.159995	0.146777	0.226337	5346000.000000
2014-10-21	0.003207	0.150946	0.154138	0.143825	0.130585	5173300.000000
2014-10-20	0.012116	0.149481	0.165885	0.148736	0.487484	5548600.000000
2014-10-17	-0.003235	0.151708	0.152947	0.127678	-0.130573	8993400.000000
2014-10-16	-0.010246	0.136966	0.145058	0.125442	-0.417859	9931500.000000
2014-10-15	-0.001066	0.145307	0.167840	0.122283	-0.043518	11743000.000000
2014-10-14	0.022901	0.156001	0.185315	0.152744	0.914048	11546100.000000
2014-10-13	0.016404	0.145935	0.183878	0.145425	0.644188	10676800.000000
2014-10-10	0.006246	0.154117	0.163341	0.151810	0.243740	6564800.000000
2014-10-09	-0.004662	0.147715	0.158172	0.142359	-0.182808	10329900.000000
2014-10-08	0.020390	0.149516	0.173719	0.149256	0.783470	5802800.000000
2014-10-07	0.001588	0.146390	0.162029	0.145347	0.060940	4618100.000000
2014-10-06	-0.001586	0.152899	0.154721	0.143010	-0.060940	3494800.000000
2014-10-03	0.000226	0.150558	0.151859	0.133638	0.008701	5366900.000000
2014-10-02	0.000907	0.145870	0.157855	0.145870	0.034825	6439700.000000
2014-10-01	0.010080	0.152683	0.165315	0.150315	0.383037	5901500.000000
2014-09-30	0.000458	0.149789	0.158740	0.144786	0.017399	4050500.000000
2014-09-29	0.004143	0.145563	0.154552	0.139482	0.156696	3374100.000000
2014-09-26	0.002770	0.148471	0.155894	0.141843	0.104470	3378300.000000
2014-09-25	-0.002762	0.147414	0.154552	0.145563	-0.104470	4323400.000000
2014-09-24	0.001152	0.149530	0.153765	0.145295	0.043530	3662200.000000
2014-09-23	-0.001610	0.148736	0.152171	0.144772	-0.060940	3316400.000000
2014-09-22	-0.005035	0.146895	0.152679	0.141374	-0.191513	5335600.000000
2014-09-19	0.009473	0.150859	0.161741	0.150594	0.356918	5639100.000000
2014-09-18	-0.006656	0.147681	0.152954	0.134762	-0.252449	4775700.000000
2014-09-17	-0.008195	0.144029	0.152397	0.133046	-0.313392	4115300.000000
2014-09-16	0.012912	0.149530	0.167806	0.149530	0.487487	4118800.000000
2014-09-15	0.000231	0.150325	0.157213	0.145027	0.008713	3919700.000000
2014-09-12	-0.015888	0.143260	0.144303	0.127617	-0.609371	4234500.000000
2014-09-11	0.006856	0.150048	0.157661	0.145061	0.261166	2844600.000000
2014-09-10	-0.004776	0.146907	0.149258	0.139069	-0.182820	2939700.000000
2014-09-09	-0.013240	0.145126	0.147189	0.131721	-0.513603	6825800.000000
2014-09-08	-0.005135	0.146684	0.149505	0.137451	-0.200218	3189100.000000
2014-09-05	0.014266	0.152898	0.165124	0.151337	0.548427	6021000.000000
2014-09-04	-0.000453	0.145875	0.149776	0.138335	-0.017414	3249800.000000
2014-09-03	0.008676	0.152407	0.160800	0.152407	0.330803	2807400.000000
2014-09-02	-0.013514	0.146666	0.149770	0.128296	-0.522320	3755100.000000
2014-08-29	0.003844	0.147437	0.153151	0.144321	0.147999	2615100.000000
2014-08-28	0.009126	0.145066	0.160267	0.145066	0.348202	2949900.000000
2014-08-27	0.006661	0.148736	0.156651	0.148736	0.252453	2384400.000000
2014-08-26	-0.008200	0.151091	0.153446	0.138269	-0.313381	2242600.000000
2014-08-25	0.005036	0.151891	0.157677	0.149788	0.191505	2091500.000000
2014-08-22	-0.004785	0.146903	0.152662	0.138528	-0.182808	2823900.000000
2014-08-21	0.001826	0.150833	0.157388	0.148473	0.069641	3109600.000000
2014-08-20	0.000228	0.142703	0.149785	0.142179	0.008709	2639700.000000
2014-08-19	0.009682	0.153237	0.160122	0.147941	0.365620	2720600.000000
2014-08-18	-0.000921	0.151646	0.156673	0.145032	-0.034821	2979800.000000
2014-08-15	-0.000230	0.148736	0.159051	0.144768	-0.008709	4392400.000000
2014-08-14	0.008359	0.150869	0.159404	0.149802	0.313389	3162300.000000
2014-08-13	-0.003470	0.138902	0.150330	0.134117	-0.130573	5265700.000000
2014-08-12	0.003715	0.148469	0.157272	0.147135	0.139271	3515000.000000
2014-08-11	-0.010797	0.148736	0.150583	0.135805	-0.409138	4739800.000000
2014-08-08	0.021352	0.151162	0.173533	0.150892	0.792187	4982400.000000
2014-08-07	0.010671	0.153639	0.167804	0.151187	0.391723	4409500.000000
2014-08-06	-0.010094	0.144151	0.144151	0.129051	-0.374328	10041500.000000
2014-08-05	-0.011601	0.144471	0.151401	0.131411	-0.435257	4339700.000000
2014-08-04	-0.005078	0.150327	0.151122	0.123014	-0.191509	6639300.000000
2014-08-01	0.000693	0.150062	0.163065	0.147674	0.026104	4193700.000000
2014-07-31	-0.012883	0.149652	0.149652	0.132102	-0.491841	5675300.000000
2014-07-30	-0.010700	0.166115	0.166115	0.140461	-0.412906	6945200.000000
2014-07-29	-0.011023	0.165307	0.165307	0.144804	-0.430111	5499600.000000
2014-07-28	0.013858	0.159369	0.180416	0.159369	0.533336	5568900.000000
2014-07-25	-0.000893	0.164824	0.167939	0.157814	-0.034412	7059000.000000
2014-07-24	-0.000670	0.165082	0.165082	0.155483	-0.025807	3955400.000000
2014-07-23	-0.002227	0.167147	0.167147	0.159381	-0.086017	3476000.000000
2014-07-22	0.000000	0.165594	0.167923	0.161193	0.000000	2808200.000000
2014-07-21	0.000445	0.162487	0.166631	0.157049	0.017196	2977000.000000
2014-07-18	0.007632	0.166662	0.172925	0.158573	0.292481	3263600.000000
2014-07-17	-0.004914	0.158073	0.164565	0.155736	-0.189247	4331300.000000
2014-07-16	0.006746	0.165886	0.170591	0.158305	0.258068	3802100.000000
2014-07-15	0.006564	0.162487	0.170907	0.161698	0.249466	3744700.000000
2014-07-14	-0.007860	0.162226	0.165881	0.152567	-0.301079	3831100.000000
2014-07-11	-0.002464	0.162227	0.169259	0.155717	-0.094616	4019100.000000
2014-07-10	0.004049	0.163011	0.174254	0.160657	0.154842	5181800.000000
2014-07-09	-0.001797	0.166141	0.166141	0.153091	-0.068832	3720300.000000
2014-07-08	0.007464	0.163539	0.177738	0.163539	0.283878	4718200.000000
2014-07-07	0.004544	0.160110	0.170147	0.160110	0.172043	4135500.000000
2014-07-03	-0.005648	0.157497	0.157497	0.146991	-0.215053	4023100.000000
2014-07-02	-0.018190	0.161456	0.161456	0.137732	-0.705391	6467300.000000
2014-07-01	-0.006611	0.162231	0.162231	0.151728	-0.258061	3594500.000000
2014-06-30	0.007102	0.165583	0.175903	0.163261	0.275269	4446700.000000
2014-06-27	0.005579	0.158337	0.172864	0.156521	0.215053	3863100.000000
2014-06-26	0.003134	0.163008	0.166391	0.157283	0.120442	3337500.000000
2014-06-25	0.010862	0.163277	0.177219	0.163277	0.412907	4393500.000000
2014-06-24	-0.000679	0.174580	0.174843	0.160122	-0.025811	6902100.000000
2014-06-23	-0.000678	0.159335	0.166428	0.156708	-0.025802	5372500.000000
2014-06-20	-0.010510	0.165607	0.165866	0.150010	-0.404320	8205200.000000
2014-06-19	0.004267	0.163271	0.173974	0.161965	0.163452	7358800.000000
2014-06-18	0.025328	0.164361	0.192467	0.162220	0.946251	6044000.000000
2014-06-17	-0.006179	0.158497	0.163019	0.152645	-0.232273	5127800.000000
2014-06-16	0.003906	0.162220	0.180914	0.160351	0.146244	5251000.000000
2014-06-13	0.001150	0.161685	0.168637	0.156071	0.043014	2983800.000000
2014-06-12	0.009051	0.163297	0.176516	0.154124	0.335484	4648700.000000
2014-06-11	-0.011924	0.161688	0.162487	0.148626	-0.447315	3944100.000000
2014-06-10	-0.000687	0.157959	0.166483	0.157426	-0.025807	4161000.000000
2014-06-09	-0.005696	0.159044	0.162223	0.149774	-0.215053	4138200.000000
2014-06-06	-0.005213	0.165649	0.171446	0.154319	-0.197853	3725900.000000
2014-06-05	0.008918	0.160095	0.177108	0.159563	0.335487	3500300.000000
2014-06-04	0.001374	0.161955	0.165682	0.157962	0.051613	3395500.000000
2014-06-03	0.000000	0.163286	0.167279	0.157696	0.000000	2926600.000000
2014-06-02	-0.002513	0.160629	0.164346	0.155584	-0.094624	2622100.000000
2014-05-30	0.005512	0.158750	0.169429	0.156881	0.206452	3930500.000000
2014-05-29	0.002072	0.162488	0.165163	0.155531	0.077427	2995400.000000
2014-05-28	0.006719	0.164373	0.171106	0.163565	0.249458	3266900.000000
2014-05-27	0.001857	0.166805	0.169503	0.160059	0.068817	4120800.000000
2014-05-23	-0.002547	0.162218	0.167063	0.158181	-0.094620	2705100.000000
2014-05-22	0.008170	0.165744	0.174427	0.164658	0.301079	3298600.000000
2014-05-21	0.001637	0.165477	0.166836	0.158954	0.060211	2638000.000000
2014-05-20	-0.001168	0.164388	0.171446	0.155157	-0.043007	3484700.000000
2014-05-19	-0.015858	0.161152	0.162220	0.143785	-0.593555	4717700.000000
2014-05-16	0.001612	0.160079	0.168375	0.157938	0.060219	4053300.000000
2014-05-15	-0.006632	0.160361	0.170728	0.154512	-0.249470	4268200.000000
2014-05-14	0.009698	0.163830	0.181008	0.162756	0.361294	4692000.000000
2014-05-13	0.001156	0.166787	0.173505	0.157651	0.043014	4464000.000000
2014-05-12	-0.009389	0.165149	0.166480	0.149976	-0.352695	4941400.000000
2014-05-09	-0.011991	0.161172	0.169589	0.148022	-0.455917	6577700.000000
2014-05-08	-0.014712	0.163265	0.164042	0.144089	-0.567749	5380000.000000
2014-05-07	0.011499	0.164060	0.179525	0.163798	0.438713	5183000.000000
2014-05-06	-0.003147	0.160920	0.164839	0.157262	-0.120430	2900400.000000
2014-05-05	0.007017	0.161961	0.171171	0.159330	0.266670	4846400.000000
2014-05-02	-0.022999	0.157089	0.160688	0.132410	-0.894631	7540300.000000
2014-05-01	-0.001876	0.157227	0.166208	0.151326	-0.073124	5998000.000000
2014-04-30	-0.011432	0.179510	0.186866	0.157949	-0.450691	8737900.000000
2014-04-29	-0.006855	0.174447	0.179233	0.165378	-0.272121	6164100.000000
2014-04-28	0.009079	0.176212	0.187143	0.175450	0.357147	8447700.000000
2014-04-25	0.012697	0.176216	0.192434	0.176216	0.493225	5437800.000000
2014-04-24	0.010172	0.174138	0.188441	0.169457	0.391163	4305000.000000
2014-04-23	-0.002647	0.178552	0.182961	0.171290	-0.102043	3459200.000000
2014-04-22	0.003986	0.178302	0.182208	0.172573	0.153068	4150900.000000
2014-04-21	0.000887	0.177001	0.184038	0.168661	0.034020	3821600.000000
2014-04-17	-0.015277	0.164409	0.172879	0.155427	-0.595261	4943500.000000
2014-04-16	0.012597	0.178817	0.191032	0.176998	0.484711	4996200.000000
2014-04-15	0.013438	0.177802	0.199925	0.177802	0.510220	7221400.000000
2014-04-14	0.001795	0.179125	0.182555	0.173056	0.068035	3606800.000000
2014-04-11	0.006095	0.175958	0.187638	0.175162	0.229595	4596000.000000
2014-04-10	-0.001578	0.176488	0.186030	0.171188	-0.059529	3987700.000000
2014-04-09	-0.007604	0.174643	0.174643	0.155180	-0.289123	4493200.000000
2014-04-08	0.011310	0.174895	0.189790	0.165851	0.425190	5820300.000000
2014-04-07	0.011670	0.174882	0.193181	0.172191	0.433681	6346000.000000
2014-04-04	0.009005	0.180846	0.197137	0.178402	0.331646	5012900.000000
2014-04-03	0.000462	0.178403	0.182206	0.173514	0.017006	3690600.000000
2014-04-02	-0.004827	0.176499	0.177851	0.167308	-0.178573	4237000.000000
2014-04-01	-0.010014	0.174353	0.175155	0.163380	-0.374169	3817500.000000
2014-03-31	0.013143	0.180839	0.193041	0.179483	0.484711	4632600.000000
2014-03-28	-0.000691	0.175958	0.177313	0.169726	-0.025509	3255800.000000
2014-03-27	0.005794	0.173233	0.183862	0.170508	0.212589	6178600.000000
2014-03-26	-0.006447	0.177042	0.179208	0.168377	-0.238098	4589100.000000
2014-03-25	0.005790	0.177865	0.184673	0.170512	0.212593	3120700.000000
2014-03-24	0.006058	0.177055	0.184726	0.176781	0.221104	2943100.000000
2014-03-21	0.003038	0.178982	0.189425	0.176508	0.110538	7029000.000000
2014-03-20	0.000000	0.172386	0.175958	0.159469	0.000000	4829300.000000
2014-03-19	-0.015190	0.175688	0.178665	0.151330	-0.561248	5773700.000000
2014-03-18	-0.001608	0.177580	0.179472	0.171365	-0.059513	2893000.000000
2014-03-17	0.000690	0.177581	0.181637	0.172173	0.025505	3866100.000000
2014-03-14	0.007646	0.174869	0.189309	0.171872	0.280624	5978900.000000
2014-03-13	0.012432	0.177889	0.194165	0.175958	0.450687	5031600.000000
2014-03-12	0.013793	0.174560	0.192458	0.174281	0.493218	3777900.000000
2014-03-11	-0.002609	0.178190	0.179306	0.168706	-0.093540	2748900.000000
2014-03-10	0.001425	0.175679	0.182383	0.170651	0.051025	3896500.000000
2014-03-07	0.001427	0.172322	0.178476	0.163371	0.051022	3858400.000000
2014-03-06	-0.004263	0.181251	0.183200	0.165931	-0.153069	3666800.000000
2014-03-05	-0.002599	0.176236	0.180959	0.171236	-0.093540	3430000.000000
2014-03-04	0.006659	0.183509	0.186865	0.179314	0.238102	4069500.000000
2014-03-03	-0.007084	0.172349	0.180124	0.167073	-0.255108	3504700.000000
2014-02-28	0.008093	0.176798	0.187156	0.173439	0.289131	4809800.000000
2014-02-27	0.000238	0.175398	0.179598	0.166719	0.008496	3688700.000000
2014-02-26	-0.004031	0.179305	0.179863	0.170939	-0.144558	2756300.000000
2014-02-25	0.001187	0.176238	0.186568	0.173446	0.042514	3228000.000000
2014-02-24	-0.005431	0.176792	0.185677	0.169017	-0.195583	3582100.000000
2014-02-21	-0.001179	0.176790	0.185388	0.173185	-0.042522	3286500.000000
2014-02-20	0.005454	0.177911	0.187392	0.172891	0.195591	2924000.000000
2014-02-19	-0.008698	0.172918	0.180381	0.163795	-0.314644	2898600.000000
2014-02-18	0.000470	0.175129	0.181490	0.173746	0.017006	3396200.000000
2014-02-14	0.006867	0.173174	0.184869	0.170946	0.246608	3178100.000000
2014-02-13	0.014900	0.173697	0.195741	0.172850	0.527233	4588900.000000
2014-02-12	-0.001919	0.174830	0.177651	0.169189	-0.068031	2473400.000000
2014-02-11	0.009932	0.175959	0.189917	0.175674	0.348660	3454500.000000
2014-02-10	0.004379	0.173097	0.185401	0.169950	0.153064	2840900.000000
2014-02-07	0.004644	0.179983	0.187169	0.177108	0.161568	4295400.000000
2014-02-06	0.002205	0.176247	0.182873	0.172502	0.076534	3104000.000000
2014-02-05	-0.004390	0.173090	0.177393	0.169075	-0.153064	3811600.000000
2014-02-04	-0.006061	0.179665	0.179665	0.162845	-0.212593	5192400.000000
2014-02-03	0.000242	0.177099	0.196489	0.172252	0.008503	8760600.000000
2014-01-31	0.008560	0.172507	0.190051	0.166180	0.297630	7338400.000000
2014-01-30	0.012555	0.175289	0.191596	0.173541	0.431129	5007500.000000
2014-01-29	-0.008727	0.197361	0.208619	0.169073	-0.302334	11948600.000000
2014-01-28	0.000000	0.192166	0.195341	0.184949	0.000000	5490400.000000
2014-01-27	0.000728	0.191589	0.198233	0.187256	0.025193	6050700.000000
2014-01-24	-0.005069	0.188136	0.201931	0.183250	-0.176365	6492000.000000
2014-01-23	-0.004086	0.186715	0.189578	0.181277	-0.142754	4225600.000000
2014-01-22	-0.001201	0.189865	0.195011	0.187578	-0.042000	2759900.000000
2014-01-21	0.011905	0.196219	0.205766	0.195641	0.411519	3514600.000000
2014-01-17	-0.001940	0.191300	0.194476	0.186391	-0.067193	3314000.000000
2014-01-16	0.003895	0.190722	0.195650	0.186374	0.134369	3272700.000000
2014-01-15	-0.000486	0.191302	0.194199	0.186666	-0.016792	3802800.000000
2014-01-14	-0.004119	0.192165	0.195339	0.184952	-0.142773	5058200.000000
2014-01-13	-0.002899	0.189860	0.193312	0.184681	-0.100772	4845200.000000
2014-01-10	0.018956	0.195706	0.222088	0.191602	0.646663	6171100.000000
2014-01-09	0.005446	0.193670	0.197796	0.187480	0.184761	3898700.000000
2014-01-08	-0.008832	0.189554	0.191307	0.177285	-0.302334	4268100.000000
2014-01-07	0.008911	0.193080	0.201922	0.191312	0.302334	4705500.000000
2014-01-06	-0.001730	0.193076	0.197195	0.185132	-0.058792	4527000.000000
2014-01-03	-0.005407	0.190137	0.192771	0.178432	-0.184757	4198400.000000
2014-01-02	-0.010217	0.191302	0.191302	0.175661	-0.352734	5512000.000000
2013-12-31	0.002683	0.191884	0.196531	0.187237	0.092385	4239700.000000
2013-12-30	0.003426	0.189265	0.198591	0.188100	0.117576	4644200.000000
2013-12-27	0.002699	0.189554	0.196566	0.186632	0.092381	3355500.000000
2013-12-26	-0.005127	0.190722	0.193629	0.182292	-0.176365	2956800.000000
2013-12-24	0.001957	0.188101	0.197713	0.183441	0.067188	1392900.000000
2013-12-23	-0.004384	0.192752	0.196232	0.184632	-0.151173	4112300.000000
2013-12-20	0.006620	0.193058	0.204151	0.190723	0.226761	7506700.000000
2013-12-19	-0.005365	0.190432	0.190432	0.173302	-0.184761	5585400.000000
2013-12-18	0.017365	0.192494	0.217307	0.186291	0.587868	7686000.000000
2013-12-17	-0.001733	0.190722	0.195440	0.184235	-0.058784	4259400.000000
2013-12-16	0.006481	0.194284	0.205562	0.193987	0.218360	3872300.000000
2013-12-13	-0.001990	0.193388	0.195758	0.185687	-0.067188	3481800.000000
2013-12-12	-0.001986	0.188357	0.196634	0.183332	-0.067196	6265800.000000
2013-12-11	-0.004448	0.189545	0.193960	0.182482	-0.151153	8224900.000000
2013-12-10	-0.014133	0.189852	0.190142	0.172734	-0.487107	8025300.000000
2013-12-09	-0.009414	0.187561	0.187561	0.172903	-0.327537	6119000.000000
2013-12-06	0.011969	0.201484	0.213118	0.195376	0.411529	4506500.000000
2013-12-05	-0.003651	0.187245	0.193041	0.180580	-0.125984	5459500.000000
2013-12-04	0.005137	0.189557	0.197422	0.178198	0.176365	4719000.000000
2013-12-03	0.003436	0.191014	0.201244	0.185169	0.117569	5660400.000000
2013-12-02	0.002708	0.193360	0.197170	0.175776	0.092388	6553400.000000
2013-11-29	-0.001229	0.189552	0.198918	0.185746	-0.041992	3135200.000000
2013-11-27	-0.001227	0.192184	0.193646	0.182537	-0.041988	4270300.000000
2013-11-26	-0.006585	0.192174	0.193046	0.182300	-0.226757	5395000.000000
2013-11-25	-0.005578	0.191300	0.193322	0.184080	-0.193150	5015600.000000
2013-11-22	-0.003384	0.190147	0.194752	0.186117	-0.117584	3615000.000000
2013-11-21	-0.000725	0.192736	0.198775	0.182669	-0.025200	5025300.000000
2013-11-20	-0.015926	0.193553	0.193836	0.169778	-0.562676	6644600.000000
2013-11-19	-0.006142	0.191285	0.194660	0.182565	-0.218360	5259800.000000
2013-11-18	-0.002122	0.190722	0.191564	0.183705	-0.075585	6557200.000000
2013-11-15	0.001416	0.189598	0.192690	0.176667	0.050388	6590800.000000
2013-11-14	0.014854	0.193290	0.210406	0.192719	0.520699	7081800.000000
2013-11-13	0.008456	0.185832	0.201367	0.179791	0.293942	5750100.000000
2013-11-12	-0.002651	0.188427	0.192157	0.180393	-0.092385	5275900.000000
2013-11-11	0.007037	0.191011	0.200835	0.185521	0.243546	4285300.000000
2013-11-08	-0.007466	0.186134	0.186421	0.163765	-0.260334	10856200.000000
2013-11-07	-0.005985	0.192148	0.198419	0.182170	-0.209965	4689100.000000
2013-11-06	0.016302	0.195648	0.210133	0.193620	0.562683	4889600.000000
2013-11-05	-0.009400	0.189574	0.202776	0.179243	-0.327537	6317100.000000
2013-11-04	0.011458	0.199141	0.204366	0.190432	0.394725	5523800.000000
2013-11-01	0.002689	0.194506	0.199745	0.188103	0.092385	4357700.000000
2013-10-31	-0.011669	0.190348	0.190924	0.168198	-0.405648	7689400.000000
2013-10-30	-0.011559	0.199905	0.207866	0.189100	-0.406524	6787500.000000
2013-10-29	-0.001178	0.208999	0.209851	0.197355	-0.041489	4590300.000000
2013-10-28	-0.000471	0.204171	0.210416	0.199346	-0.016598	18817000.000000
2013-10-25	0.010712	0.204159	0.219365	0.200716	0.373352	13307100.000000
2013-10-24	-0.006621	0.209012	0.210152	0.194191	-0.232307	16948500.000000
2013-10-23	0.000237	0.203881	0.224122	0.203026	0.008297	4988000.000000
2013-10-22	0.012452	0.209348	0.228397	0.205018	0.431423	6337500.000000
2013-10-21	-0.004291	0.203295	0.204445	0.192087	-0.149326	3809200.000000
2013-10-18	0.000716	0.210484	0.213647	0.201281	0.024879	3732800.000000
2013-10-17	0.015262	0.203555	0.226038	0.196255	0.522686	3820100.000000
2013-10-16	0.010527	0.207962	0.217994	0.205307	0.356762	4030700.000000
2013-10-15	-0.012092	0.204432	0.205890	0.188400	-0.414837	5917500.000000
2013-10-14	-0.008155	0.200392	0.200681	0.180443	-0.282081	4493600.000000
2013-10-11	0.002887	0.204147	0.209946	0.199508	0.099559	3143800.000000
2013-10-10	0.007269	0.210856	0.214652	0.188367	0.248890	4469700.000000
2013-10-09	0.006340	0.208540	0.231171	0.206189	0.215725	5990400.000000
2013-10-08	0.012843	0.205307	0.229419	0.205307	0.431420	5341100.000000
2013-10-07	-0.004181	0.201157	0.207085	0.196414	-0.141049	3069400.000000
2013-10-04	0.002466	0.206793	0.210953	0.200849	0.082970	3197400.000000
2013-10-03	-0.018630	0.199183	0.199183	0.182560	-0.638836	8917100.000000
2013-10-02	0.001211	0.202679	0.207351	0.195671	0.041477	3785300.000000
2013-10-01	0.002428	0.208819	0.211453	0.201502	0.082970	3055300.000000
2013-09-30	-0.001213	0.198583	0.208523	0.197706	-0.041481	4026300.000000
2013-09-27	-0.007224	0.201824	0.207919	0.193117	-0.248905	2795300.000000
2013-09-26	-0.004554	0.206751	0.210796	0.193751	-0.157631	3335700.000000
2013-09-25	-0.008555	0.202729	0.209030	0.194995	-0.298680	3563400.000000
2013-09-24	-0.002134	0.205878	0.209308	0.198447	-0.074672	3285400.000000
2013-09-23	0.009335	0.198095	0.224059	0.197806	0.323570	4262700.000000
2013-09-20	-0.012293	0.205307	0.207587	0.188495	-0.431423	5664600.000000
2013-09-19	-0.007741	0.206155	0.211244	0.188908	-0.273789	4726300.000000
2013-09-18	0.035966	0.205893	0.258323	0.200913	1.227902	7768000.000000
2013-09-17	0.005129	0.204129	0.214434	0.204129	0.174228	3134100.000000
2013-09-16	-0.000488	0.216783	0.224140	0.202364	-0.016593	5017100.000000
2013-09-13	0.004907	0.207377	0.215952	0.207377	0.165935	3330800.000000
2013-09-12	-0.006338	0.206482	0.213828	0.195904	-0.215717	7721900.000000
2013-09-11	-0.009418	0.205307	0.205889	0.187552	-0.323559	4870000.000000
2013-09-10	0.004366	0.207938	0.211154	0.203261	0.149334	2785400.000000
2013-09-09	0.002675	0.206480	0.210876	0.201790	0.091266	3115600.000000
2013-09-06	0.009079	0.212110	0.227490	0.212110	0.306965	5333200.000000
2013-09-05	-0.003423	0.203539	0.208550	0.197643	-0.116142	3590000.000000
2013-09-04	-0.004868	0.204720	0.205307	0.192400	-0.165943	4357400.000000
2013-09-03	-0.012734	0.210809	0.214574	0.186194	-0.439713	5024500.000000
2013-08-30	0.004344	0.207052	0.211997	0.201526	0.149338	5548900.000000
2013-08-29	-0.004803	0.202991	0.204728	0.196623	-0.165935	3663600.000000
2013-08-28	-0.000960	0.205885	0.210512	0.197210	-0.033192	3604500.000000
2013-08-27	-0.005251	0.199553	0.207608	0.195814	-0.182526	4564100.000000
2013-08-26	-0.007814	0.206163	0.207305	0.194461	-0.273784	2477200.000000
2013-08-23	0.007155	0.207319	0.219105	0.203007	0.248897	2692100.000000
2013-08-22	0.006240	0.205596	0.218323	0.205307	0.215714	3359700.000000
2013-08-21	-0.013728	0.202454	0.203595	0.185337	-0.481205	3754500.000000
2013-08-20	0.004756	0.203300	0.223365	0.201580	0.165931	3463800.000000
2013-08-19	-0.008021	0.202179	0.209856	0.193649	-0.282077	3460100.000000
2013-08-16	-0.011888	0.201935	0.206431	0.183954	-0.423134	4420000.000000
2013-08-15	-0.016281	0.196463	0.202267	0.183473	-0.589066	4609100.000000
2013-08-14	-0.003883	0.202003	0.203930	0.193468	-0.141041	4278200.000000
2013-08-13	0.005051	0.206414	0.211948	0.201156	0.182526	5083600.000000
2013-08-12	-0.007066	0.202285	0.202560	0.192944	-0.257187	3216900.000000
2013-08-09	-0.003860	0.202844	0.206949	0.198739	-0.141044	2660900.000000
2013-08-08	-0.002266	0.207491	0.208310	0.196569	-0.082978	3454300.000000
2013-08-07	0.008453	0.201176	0.216322	0.198973	0.306977	3463500.000000
2013-08-06	-0.006807	0.205033	0.205307	0.195461	-0.248898	3029400.000000
2013-08-05	-0.006089	0.202045	0.202045	0.194162	-0.224010	2774400.000000
2013-08-02	-0.000225	0.204492	0.206122	0.196067	-0.008294	3315000.000000
2013-08-01	0.000383	0.208760	0.209303	0.195982	0.014103	5072400.000000
2013-07-31	-0.012770	0.209160	0.216675	0.186346	-0.475765	9603000.000000
2013-07-30	0.000441	0.223925	0.228489	0.214795	0.016411	3727400.000000
2013-07-29	0.001323	0.215865	0.225007	0.213983	0.049221	11789600.000000
2013-07-26	0.004430	0.213419	0.225302	0.209908	0.164043	13119600.000000
2013-07-25	0.002221	0.216114	0.222880	0.213948	0.082039	12347200.000000
2013-07-24	-0.012714	0.218289	0.218289	0.197980	-0.475765	2469500.000000
2013-07-23	0.002417	0.220430	0.223913	0.216412	0.090229	2004600.000000
2013-07-22	-0.001098	0.217753	0.221499	0.215077	-0.041019	2918600.000000
2013-07-19	-0.001315	0.219091	0.221496	0.212410	-0.049210	2640800.000000
2013-07-18	0.007954	0.223670	0.232289	0.219630	0.295296	2965900.000000
2013-07-17	0.000221	0.225826	0.226365	0.212625	0.008205	3792100.000000
2013-07-16	-0.006586	0.220162	0.222035	0.208653	-0.246074	3691100.000000
2013-07-15	0.012447	0.218820	0.238601	0.215568	0.459350	3737200.000000
2013-07-12	0.000667	0.218820	0.220989	0.210143	0.024609	3660400.000000
2013-07-11	0.016504	0.235904	0.240038	0.227084	0.598800	3517600.000000
2013-07-10	0.002493	0.217710	0.223512	0.211631	0.090241	2776700.000000
2013-07-09	0.006157	0.222427	0.227710	0.216867	0.221474	3055000.000000
2013-07-08	0.016458	0.226156	0.240568	0.221352	0.582409	3633800.000000
2013-07-05	-0.005991	0.222181	0.223866	0.205889	-0.213284	5048600.000000
2013-07-03	-0.004815	0.214619	0.216575	0.209587	-0.172253	2318000.000000
2013-07-02	-0.004565	0.213526	0.221596	0.209630	-0.164058	4468000.000000
2013-07-01	-0.007251	0.222130	0.227655	0.205831	-0.262493	4845500.000000
2013-06-28	0.002955	0.212996	0.225464	0.205792	0.106636	4859700.000000
2013-06-27	-0.000681	0.222414	0.231827	0.216599	-0.024609	2884300.000000
2013-06-26	0.010790	0.225808	0.236163	0.222449	0.385532	3435000.000000
2013-06-25	0.014439	0.224485	0.244075	0.218240	0.508583	5035900.000000
2013-06-24	-0.003712	0.211737	0.225597	0.201272	-0.131240	4379300.000000
2013-06-21	0.014595	0.238319	0.250946	0.214786	0.508560	9914300.000000
2013-06-20	-0.025017	0.214894	0.217972	0.184116	-0.894112	6965400.000000
2013-06-19	-0.026368	0.218819	0.219091	0.186673	-0.967926	4637700.000000
2013-06-18	0.005166	0.222103	0.229223	0.217174	0.188667	3507100.000000
2013-06-17	0.000674	0.226215	0.234710	0.216077	0.024598	3550700.000000
2013-06-14	-0.003583	0.217453	0.222094	0.211719	-0.131245	4414300.000000
2013-06-13	0.016621	0.218813	0.239631	0.215205	0.598804	4084300.000000
2013-06-12	-0.007682	0.224600	0.228180	0.206421	-0.278892	3768700.000000
2013-06-11	-0.003153	0.213600	0.224857	0.210030	-0.114838	3773700.000000
2013-06-10	-0.000900	0.219914	0.224029	0.211959	-0.032799	3525300.000000
2013-06-07	0.000225	0.222658	0.230890	0.212231	0.008194	6141000.000000
2013-06-06	0.016938	0.223556	0.242809	0.219370	0.607014	6556700.000000
2013-06-05	-0.005916	0.216594	0.218536	0.208273	-0.213283	4568300.000000
2013-06-04	-0.003175	0.216879	0.222133	0.207755	-0.114834	4301200.000000
2013-06-03	0.004328	0.221590	0.233809	0.201040	0.155845	6858800.000000
2013-05-31	-0.005212	0.215776	0.235942	0.212737	-0.188655	5920500.000000
2013-05-30	-0.002937	0.223498	0.238096	0.215235	-0.106644	4551700.000000
2013-05-29	-0.014034	0.213116	0.213116	0.187045	-0.516781	6558700.000000
2013-05-28	-0.006858	0.224215	0.228261	0.206954	-0.254280	4164900.000000
2013-05-24	-0.007030	0.215877	0.217484	0.205700	-0.262493	3514600.000000
2013-05-23	-0.005245	0.214296	0.218558	0.198844	-0.196865	5067300.000000
2013-05-22	-0.014643	0.218566	0.230379	0.195990	-0.557797	4751200.000000
2013-05-21	0.000862	0.217252	0.223820	0.211734	0.032814	3135200.000000
2013-05-20	-0.004292	0.216998	0.220922	0.209935	-0.164055	3182000.000000
2013-05-17	0.006480	0.222777	0.226990	0.214088	0.246090	3381200.000000
2013-05-16	-0.007716	0.217262	0.219875	0.208640	-0.295307	2698200.000000
2013-05-15	0.008647	0.218828	0.239910	0.215402	0.328114	3211700.000000
2013-05-14	0.009162	0.216698	0.232920	0.216698	0.344520	3783800.000000
2013-05-13	-0.005640	0.215389	0.218033	0.206662	-0.213272	3161300.000000
2013-05-10	-0.002596	0.219619	0.221465	0.208277	-0.098434	3712400.000000
2013-05-09	-0.015129	0.218312	0.222208	0.196232	-0.582402	3663200.000000
2013-05-08	-0.007193	0.219091	0.219607	0.209549	-0.278896	2120800.000000
2013-05-07	0.010907	0.225609	0.232388	0.220655	0.418347	3473800.000000
2013-05-06	-0.010580	0.219091	0.221413	0.206193	-0.410149	2753400.000000
2013-05-03	0.000635	0.223737	0.227093	0.218058	0.024608	3140100.000000
2013-05-02	-0.002176	0.224680	0.226998	0.210772	-0.084487	4503100.000000
2013-05-01	-0.008086	0.233682	0.233938	0.220397	-0.316517	3544600.000000
2013-04-30	0.001869	0.231125	0.234964	0.227542	0.073036	3969300.000000
2013-04-29	0.003962	0.235746	0.239858	0.231378	0.154201	11412000.000000
2013-04-26	-0.002911	0.232405	0.238811	0.226769	-0.113620	10787200.000000
2013-04-25	0.001249	0.231636	0.236510	0.223683	0.048698	11107800.000000
2013-04-24	-0.012744	0.214420	0.221765	0.195172	-0.503197	7003300.000000
2013-04-23	0.003714	0.233420	0.239012	0.229098	0.146084	3196300.000000
2013-04-22	-0.000824	0.231133	0.234435	0.224783	-0.032451	2744100.000000
2013-04-19	0.013370	0.235238	0.248622	0.232921	0.519420	3775600.000000
2013-04-18	-0.001877	0.233177	0.238315	0.224442	-0.073044	3433500.000000
2013-04-17	-0.003532	0.229077	0.233941	0.221653	-0.137962	4121900.000000
2013-04-16	0.016258	0.237873	0.253743	0.227466	0.624912	4275700.000000
2013-04-15	-0.010860	0.228032	0.237811	0.218767	-0.422023	4355100.000000
2013-04-12	0.005460	0.230079	0.239394	0.227492	0.211009	2939900.000000
2013-04-11	0.003583	0.233707	0.238641	0.230591	0.137974	2285000.000000
2013-04-10	0.002959	0.235274	0.240743	0.232149	0.113617	3314500.000000
2013-04-09	-0.003790	0.232408	0.234225	0.223328	-0.146084	3379100.000000
2013-04-08	0.006357	0.228755	0.239982	0.223010	0.243477	2651200.000000
2013-04-05	-0.000847	0.228497	0.232149	0.221192	-0.032467	3842200.000000
2013-04-04	0.011566	0.233732	0.248247	0.232941	0.438259	4709200.000000
2013-04-03	-0.002776	0.232149	0.234255	0.225833	-0.105499	3523300.000000
2013-04-02	0.001711	0.233467	0.236631	0.230567	0.064923	3424200.000000
2013-04-01	-0.003836	0.230048	0.230048	0.222958	-0.146092	2142200.000000
2013-03-28	0.012079	0.233212	0.247830	0.231883	0.454491	4086100.000000
2013-03-27	0.004768	0.227877	0.240161	0.225473	0.178562	3685800.000000
2013-03-26	0.011177	0.234849	0.247001	0.233769	0.413898	3253600.000000
2013-03-25	-0.000657	0.234578	0.239435	0.228371	-0.024337	3512000.000000
2013-03-22	0.005063	0.231336	0.240286	0.228623	0.186664	2733000.000000
2013-03-21	-0.007862	0.230804	0.232688	0.222462	-0.292167	2608400.000000
2013-03-20	0.007037	0.235672	0.241633	0.230794	0.259700	2564200.000000
2013-03-19	0.003531	0.235140	0.238404	0.229430	0.129853	2157700.000000
2013-03-18	-0.004613	0.228089	0.232149	0.223758	-0.170426	3054100.000000
2013-03-15	0.003306	0.227261	0.237037	0.219657	0.121735	5057100.000000
2013-03-14	0.001766	0.231333	0.235414	0.227796	0.064922	2833100.000000
2013-03-13	0.001991	0.232695	0.235148	0.228878	0.073055	1879500.000000
2013-03-12	-0.002428	0.232149	0.232421	0.224535	-0.089286	2279100.000000
2013-03-11	-0.000221	0.229430	0.231877	0.226983	-0.008118	2394800.000000
2013-03-08	-0.001542	0.232421	0.233235	0.219934	-0.056801	3902600.000000
2013-03-07	-0.001979	0.231878	0.237297	0.228356	-0.073044	4160400.000000
2013-03-06	0.002645	0.237038	0.239755	0.229704	0.097382	3519500.000000
2013-03-05	0.007329	0.232970	0.243368	0.230234	0.267834	3232200.000000
2013-03-04	0.004461	0.228301	0.238196	0.224453	0.162319	3407500.000000
2013-03-01	-0.003999	0.228590	0.231875	0.223115	-0.146096	4588900.000000
2013-02-28	-0.001331	0.234063	0.237070	0.226681	-0.048694	4838900.000000
2013-02-27	0.008052	0.232149	0.245377	0.229944	0.292175	3649300.000000
2013-02-26	0.003817	0.236022	0.246811	0.232426	0.137966	3783700.000000
2013-02-25	-0.004470	0.234903	0.245919	0.226366	-0.162311	4841300.000000
2013-02-22	0.006977	0.236586	0.244351	0.234367	0.251583	2925500.000000
2013-02-21	-0.002693	0.231596	0.236851	0.228001	-0.097378	2969200.000000
2013-02-20	0.001574	0.231041	0.240182	0.229933	0.056805	3274900.000000
2013-02-19	0.008388	0.234663	0.246674	0.233266	0.300285	3239100.000000
2013-02-15	0.004555	0.235797	0.237761	0.232430	0.162327	3704600.000000
2013-02-14	-0.005886	0.230476	0.233544	0.221828	-0.211014	3142500.000000
2013-02-13	0.000226	0.231033	0.235776	0.229359	0.008114	2332000.000000
2013-02-12	0.002270	0.232429	0.235225	0.227954	0.081158	1956400.000000
2013-02-11	0.004789	0.232149	0.243108	0.230463	0.170425	2311700.000000
2013-02-08	0.000457	0.233836	0.233836	0.226527	0.016243	2355200.000000
2013-02-07	0.000000	0.233274	0.239177	0.229057	0.000000	2830200.000000
2013-02-06	0.004584	0.229607	0.238644	0.224806	0.162312	8528800.000000
2013-02-05	-0.004108	0.236930	0.240024	0.226805	-0.146080	3796300.000000
2013-02-04	-0.004544	0.228510	0.229350	0.224870	-0.162312	3734600.000000
2013-02-01	-0.004974	0.233821	0.237164	0.224070	-0.178555	3793300.000000
2013-01-31	0.004314	0.231030	0.237465	0.225434	0.154198	4666200.000000
2013-01-30	-0.002017	0.255073	0.256469	0.232456	-0.072231	7488900.000000
2013-01-29	0.006088	0.246139	0.256814	0.245296	0.216705	15103600.000000
2013-01-28	-0.002250	0.239692	0.248381	0.236889	-0.080261	14596300.000000
2013-01-25	0.005429	0.248395	0.263612	0.245295	0.192642	14997700.000000
2013-01-24	0.007750	0.248130	0.258070	0.248130	0.272896	3750900.000000
2013-01-23	0.000457	0.244438	0.246711	0.239608	0.016068	3780700.000000
2013-01-22	0.008277	0.244712	0.256744	0.244139	0.288944	4570600.000000
2013-01-18	0.011395	0.250204	0.260055	0.248466	0.393303	4893100.000000
2013-01-17	0.002097	0.249923	0.249923	0.243245	0.072242	5378400.000000
2013-01-16	-0.001861	0.242960	0.247887	0.240932	-0.064212	5123400.000000
2013-01-15	-0.001394	0.245280	0.246437	0.239492	-0.048157	4309200.000000
2013-01-14	-0.002549	0.246435	0.249899	0.241817	-0.088303	4425300.000000
2013-01-11	-0.001388	0.247588	0.250182	0.241534	-0.048156	4185000.000000
2013-01-10	0.003716	0.248173	0.251356	0.244412	0.128433	5915700.000000
2013-01-09	-0.004853	0.246434	0.247010	0.236645	-0.168560	4477000.000000
2013-01-08	-0.002765	0.244423	0.248730	0.235522	-0.096314	3109800.000000
2013-01-07	-0.017437	0.241344	0.243883	0.221031	-0.618053	6904300.000000
2013-01-04	0.008910	0.247281	0.258382	0.225364	0.313030	4448200.000000
2013-01-03	-0.000228	0.245289	0.249273	0.242443	-0.008026	3847700.000000
2013-01-02	0.022658	0.261282	0.274087	0.256917	0.778583	4568400.000000
2012-12-31	0.011339	0.242621	0.261163	0.237323	0.385273	4581500.000000
2012-12-28	-0.008201	0.238852	0.254323	0.233014	-0.280929	3799700.000000
2012-12-27	-0.003269	0.243531	0.247604	0.229274	-0.112366	4079800.000000
2012-12-26	-0.006727	0.247592	0.254817	0.235454	-0.232777	3109800.000000
2012-12-24	-0.004848	0.250747	0.250747	0.234067	-0.168560	1576100.000000
2012-12-21	-0.004367	0.243568	0.244999	0.230396	-0.152500	6883900.000000
2012-12-20	0.004386	0.249884	0.252760	0.239531	0.152500	4362400.000000
2012-12-19	-0.012762	0.248698	0.248698	0.229959	-0.449485	5621400.000000
2012-12-18	0.003201	0.245858	0.257251	0.243579	0.112365	9073600.000000
2012-12-17	0.018394	0.245278	0.269644	0.245278	0.634102	4587000.000000
2012-12-14	-0.004635	0.242105	0.245570	0.234021	-0.160526	6417300.000000
2012-12-13	-0.005302	0.244422	0.245858	0.235232	-0.184608	3571400.000000
2012-12-12	-0.005046	0.245287	0.251002	0.237286	-0.176587	4996900.000000
2012-12-11	-0.001831	0.245858	0.250422	0.239584	-0.064209	3966700.000000
2012-12-10	-0.001144	0.245858	0.249562	0.239875	-0.040138	3400900.000000
2012-12-07	0.000000	0.246143	0.252126	0.237311	0.000000	3858700.000000
2012-12-06	0.006213	0.259905	0.261338	0.248152	0.216717	5398400.000000
2012-12-05	0.013054	0.246730	0.269962	0.243245	0.449490	4884300.000000
2012-12-04	-0.006255	0.246147	0.248167	0.236334	-0.216725	3099300.000000
2012-12-03	-0.008726	0.246430	0.247288	0.229838	-0.305012	3674100.000000
2012-11-30	0.006006	0.243268	0.253629	0.237800	0.208699	6124200.000000
2012-11-29	0.012395	0.245859	0.261884	0.237992	0.425422	5465200.000000
2012-11-28	-0.000702	0.243238	0.247023	0.232465	-0.024097	4596000.000000
2012-11-27	0.003753	0.245274	0.253749	0.243228	0.128429	4185400.000000
2012-11-26	0.014276	0.241412	0.266905	0.240523	0.481606	5116400.000000
2012-11-23	-0.005913	0.245564	0.248510	0.230241	-0.200669	2863500.000000
2012-11-21	-0.003535	0.246446	0.252612	0.226773	-0.120403	5465200.000000
2012-11-20	-0.007949	0.242654	0.244402	0.224594	-0.272903	7856700.000000
2012-11-19	0.001874	0.251111	0.251987	0.237687	0.064209	5212800.000000
2012-11-16	0.003526	0.245272	0.252301	0.237365	0.120395	6760400.000000
2012-11-15	-0.007929	0.245568	0.257189	0.228425	-0.272903	6475900.000000
2012-11-14	-0.001630	0.247018	0.247889	0.234835	-0.056187	5157400.000000
2012-11-13	0.008690	0.242055	0.259318	0.240884	0.296990	5488700.000000
2012-11-12	-0.010458	0.245569	0.247016	0.229934	-0.361199	2918400.000000
2012-11-09	-0.005316	0.241251	0.248162	0.233187	-0.184604	4430900.000000
2012-11-08	0.010748	0.257211	0.276423	0.252262	0.369220	7306600.000000
2012-11-07	-0.030358	0.241907	0.244165	0.205214	-1.075561	7283900.000000
2012-11-06	-0.010757	0.245859	0.250605	0.228826	-0.385273	6185000.000000
2012-11-05	-0.025126	0.239053	0.239053	0.211561	-0.923069	5788600.000000
2012-11-02	-0.005432	0.252626	0.256146	0.238819	-0.200665	8239800.000000
2012-11-01	-0.007120	0.255266	0.255266	0.236182	-0.264873	5159800.000000
2012-10-31	0.011008	0.264192	0.275334	0.259572	0.405063	4460100.000000
2012-10-26	0.002163	0.260118	0.264748	0.252765	0.079434	10141600.000000
2012-10-25	0.004127	0.265319	0.270515	0.256568	0.150913	10407000.000000
2012-10-24	-0.003463	0.259574	0.266932	0.253034	-0.127086	3210600.000000
2012-10-23	-0.007519	0.252538	0.259029	0.246587	-0.277997	2863000.000000
2012-10-22	-0.001929	0.255520	0.261999	0.252551	-0.071476	3509300.000000
2012-10-19	-0.003419	0.257684	0.266831	0.252034	-0.127086	3928200.000000
2012-10-18	0.005587	0.259570	0.267686	0.256053	0.206512	2862600.000000
2012-10-17	0.014164	0.263968	0.280703	0.259852	0.516270	3986600.000000
2012-10-16	0.005257	0.262614	0.269234	0.257099	0.190620	2997300.000000
2012-10-15	0.000877	0.258753	0.260685	0.250748	0.031769	2209100.000000
2012-10-12	-0.002406	0.262609	0.268667	0.254072	-0.087368	1869000.000000
2012-10-11	-0.005222	0.264234	0.264234	0.251907	-0.190616	3089900.000000
2012-10-10	0.000217	0.260399	0.263413	0.255193	0.007934	2561700.000000
2012-10-09	-0.002605	0.258209	0.260942	0.250557	-0.095306	2928500.000000
2012-10-08	0.002175	0.257386	0.264507	0.252182	0.079426	2053300.000000
2012-10-05	0.000000	0.265328	0.266698	0.256290	0.000000	3715200.000000
2012-10-04	0.002617	0.260402	0.265894	0.257931	0.095317	2609000.000000
2012-10-03	0.006144	0.263174	0.268975	0.259029	0.222390	2441900.000000
2012-10-02	-0.002190	0.258202	0.263164	0.251862	-0.079426	2604900.000000
2012-10-01	-0.009113	0.258756	0.261760	0.245370	-0.333603	3494900.000000
2012-09-28	0.003702	0.256287	0.266158	0.252175	0.135036	3744600.000000
2012-09-27	-0.004121	0.260394	0.260940	0.250565	-0.150913	2455900.000000
2012-09-26	0.008089	0.259029	0.277196	0.259029	0.293877	3146900.000000
2012-09-25	-0.001746	0.261227	0.266173	0.255732	-0.063538	2887800.000000
2012-09-24	0.012373	0.262646	0.276554	0.260420	0.444790	2872800.000000
2012-09-21	0.000442	0.261812	0.262925	0.255690	0.015881	5740500.000000
2012-09-20	0.001550	0.257635	0.264046	0.255684	0.055595	3377400.000000
2012-09-19	0.004671	0.259029	0.266590	0.255949	0.166802	4507000.000000
2012-09-18	0.000668	0.260710	0.261831	0.254546	0.023822	3843700.000000
2012-09-17	-0.002663	0.259309	0.263780	0.247571	-0.095302	8779100.000000
2012-09-14	-0.018946	0.257658	0.257658	0.225579	-0.691014	8401700.000000
2012-09-13	0.013239	0.258473	0.276253	0.258196	0.476555	4283900.000000
2012-09-12	-0.002201	0.259307	0.264573	0.250991	-0.079418	2820300.000000
2012-09-11	-0.005909	0.258754	0.259580	0.251314	-0.214451	2990600.000000
2012-09-10	-0.004792	0.261497	0.261772	0.252722	-0.174743	2141200.000000
2012-09-07	-0.003473	0.259849	0.261216	0.252470	-0.127083	2810800.000000
2012-09-06	0.015429	0.267077	0.278454	0.264024	0.555988	4217200.000000
2012-09-05	-0.002199	0.262352	0.263183	0.255430	-0.079430	2713000.000000
