2017-09-01	-0.003857	-0.005510	-0.001102	-0.005510	-0.070000	700.000000
2017-08-31	0.000000	-0.002755	0.005510	-0.002755	0.000000	500.000000
2017-08-30	-0.013587	-0.013587	-0.013587	-0.013587	-0.250000	700.000000
2017-08-29	0.000000	0.000000	0.000000	0.000000	0.000000	0.000000
2017-08-28	0.016575	-0.005525	0.019337	-0.005525	0.300000	7000.000000
2017-08-25	0.008356	0.005571	0.008356	0.005571	0.149999	7100.000000
2017-08-24	-0.005540	0.000000	0.000000	-0.005540	-0.099998	6900.000000
2017-08-23	-0.010959	0.002740	0.002740	-0.013699	-0.200001	7900.000000
2017-08-22	-0.003821	-0.003821	-0.001092	-0.003821	-0.070000	4200.000000
2017-08-21	0.001093	0.000000	0.001093	0.000000	0.020001	1100.000000
2017-08-18	-0.005435	0.000000	0.000000	-0.005435	-0.100001	3100.000000
2017-08-17	-0.005943	-0.000540	0.002161	-0.005943	-0.110000	4700.000000
2017-08-16	-0.002156	0.000000	0.000000	-0.002695	-0.039999	6600.000000
2017-08-15	0.000000	0.000000	0.000000	0.000000	0.000000	0.000000
2017-08-14	0.002161	0.004862	0.007563	0.002161	0.039999	8900.000000
2017-08-11	0.000541	0.008108	0.008108	0.000541	0.010000	3000.000000
2017-08-10	-0.004841	-0.004303	-0.002152	-0.007531	-0.090000	5900.000000
2017-08-09	0.010326	0.000000	0.010870	0.000000	0.190000	7800.000000
2017-08-08	-0.008086	-0.008086	-0.004852	-0.008086	-0.149999	1700.000000
2017-08-07	0.010899	0.008174	0.013624	0.008174	0.199999	1300.000000
2017-08-04	-0.002717	-0.002717	-0.002717	-0.002717	-0.050000	100.000000
2017-08-03	-0.005405	-0.002703	-0.002703	-0.008108	-0.100000	900.000000
2017-08-02	0.000000	0.005405	0.005405	0.000000	0.000000	3700.000000
2017-08-01	0.000000	0.002703	0.002703	0.000000	0.000000	1200.000000
2017-07-31	0.000000	0.000000	0.000000	0.000000	0.000000	1600.000000
2017-07-28	-0.005376	0.000000	0.000000	-0.005376	-0.100000	1500.000000
2017-07-27	0.002695	0.000000	0.002695	-0.002695	0.050001	3100.000000
2017-07-26	0.005420	0.002710	0.008130	0.002710	0.099998	5100.000000
2017-07-25	-0.008064	-0.013441	-0.002688	-0.013441	-0.149999	1500.000000
2017-07-24	0.000000	0.000000	0.000000	0.000000	0.000000	0.000000
2017-07-21	0.005405	0.000000	0.005405	-0.002703	0.100000	10700.000000
2017-07-20	-0.001080	-0.001080	0.004320	-0.001080	-0.020000	5100.000000
2017-07-19	0.001081	-0.002703	0.008108	-0.002703	0.020000	3900.000000
2017-07-18	-0.005376	-0.005376	-0.002688	-0.005376	-0.100000	8300.000000
2017-07-17	0.010870	0.005435	0.010870	0.005435	0.200000	2700.000000
2017-07-14	-0.018667	-0.002667	-0.002667	-0.018667	-0.350000	4100.000000
2017-07-13	0.002674	0.000000	0.003209	0.000000	0.049999	3100.000000
2017-07-12	-0.005319	0.005319	0.007979	-0.010638	-0.099998	9400.000000
2017-07-11	0.013477	0.000000	0.015094	0.000000	0.250000	4500.000000
2017-07-10	0.002703	0.002703	0.002703	0.002703	0.049999	1000.000000
2017-07-07	0.000000	0.000000	0.005405	0.000000	0.000000	1900.000000
2017-07-06	-0.005376	0.000000	0.002688	-0.005376	-0.100000	5300.000000
2017-07-05	0.005405	0.000000	0.008108	0.000000	0.100000	1000.000000
2017-07-03	-0.005376	-0.013441	-0.002151	-0.013441	-0.100000	7400.000000
2017-06-30	0.002695	-0.002695	0.002695	-0.002695	0.050001	1400.000000
2017-06-29	0.002703	0.000000	0.005405	0.000000	0.049999	4700.000000
2017-06-28	0.000000	0.000000	0.010811	0.000000	0.000000	13700.000000
2017-06-27	0.000000	0.000541	0.005405	0.000000	0.000000	1900.000000
2017-06-26	0.005435	0.010870	0.010870	0.000000	0.100000	2400.000000
2017-06-23	-0.005405	-0.010811	0.000000	-0.010811	-0.100000	3100.000000
2017-06-22	0.005435	0.000000	0.005435	0.000000	0.100000	400.000000
2017-06-21	-0.005405	-0.002703	-0.002162	-0.010270	-0.100000	1800.000000
2017-06-20	0.016483	0.000000	0.016483	0.000000	0.299999	7500.000000
2017-06-19	-0.052083	-0.015625	-0.005208	-0.052083	-1.000000	20500.000000
2017-06-16	0.046322	0.000000	0.046322	-0.002725	0.850001	16600.000000
2017-06-15	-0.018717	0.000000	0.000000	-0.021390	-0.350001	5300.000000
2017-06-14	-0.010582	0.000000	0.000000	-0.010582	-0.199999	800.000000
2017-06-13	0.021622	0.002703	0.021622	0.000000	0.400000	22800.000000
2017-06-12	0.000000	0.000000	0.005405	-0.004324	0.000000	3900.000000
2017-06-09	0.001624	0.001624	0.001624	-0.002707	0.030001	600.000000
2017-06-08	-0.012300	-0.019786	-0.005348	-0.024064	-0.230002	7300.000000
2017-06-07	0.010811	-0.002703	0.010811	-0.002703	0.200001	1200.000000
2017-06-06	0.004343	-0.001086	0.004343	-0.001086	0.080000	500.000000
2017-06-05	-0.009677	-0.010753	-0.009677	-0.012366	-0.180000	4800.000000
2017-06-02	-0.005348	-0.005348	-0.005348	-0.005348	-0.100001	200.000000
2017-06-01	0.000000	0.000000	0.000000	0.000000	0.000000	0.000000
2017-05-31	-0.002667	0.013333	0.013333	-0.005333	-0.049999	800.000000
2017-05-30	-0.010554	0.012137	0.013193	-0.010554	-0.200001	9900.000000
2017-05-26	-0.002632	-0.002632	0.005263	-0.021053	-0.049999	3800.000000
2017-05-25	0.005291	-0.004762	0.005291	-0.018519	0.100000	17100.000000
2017-05-24	0.016129	0.013441	0.016129	0.008065	0.300000	2900.000000
2017-05-23	0.000000	0.002688	0.016129	0.000000	0.000000	14600.000000
2017-05-22	0.019178	0.000000	0.019178	0.000000	0.350000	6400.000000
2017-05-19	0.005510	-0.002755	0.011019	-0.008264	0.100000	10000.000000
2017-05-18	0.000000	-0.002755	0.002755	-0.008264	0.000000	24200.000000
2017-05-17	0.000000	-0.005510	0.000000	-0.008264	0.000000	34700.000000
2017-05-16	0.008333	0.002778	0.008333	0.000000	0.150000	12800.000000
2017-05-15	-0.005525	0.000553	0.000553	-0.005525	-0.100000	20900.000000
2017-05-12	-0.007131	-0.001646	-0.001646	-0.007131	-0.130000	8000.000000
2017-05-11	0.000000	0.000000	0.000000	0.000000	0.000000	0.000000
2017-05-10	0.004408	0.004408	0.004408	0.004408	0.080000	400.000000
2017-05-09	-0.002747	-0.002747	0.000549	-0.005495	-0.050001	48900.000000
2017-05-08	0.003861	0.008825	0.008825	-0.001655	0.070002	6500.000000
2017-05-05	-0.001102	0.002755	0.005510	-0.002755	-0.020001	2600.000000
2017-05-04	-0.002747	0.000000	0.002747	-0.002747	-0.050001	3800.000000
2017-05-03	-0.005464	0.000000	0.002732	-0.005464	-0.099998	5000.000000
2017-05-02	0.000000	0.000000	0.005465	0.000000	0.000000	900.000000
2017-05-01	-0.005435	-0.002717	0.010870	-0.005435	-0.100001	12000.000000
2017-04-28	0.000000	0.002717	0.005435	0.000000	0.000000	8600.000000
2017-04-27	0.000000	0.016304	0.016304	-0.005435	0.000000	1000.000000
2017-04-26	0.000000	0.000000	0.000000	-0.010870	0.000000	6900.000000
2017-04-25	0.008219	0.005479	0.024658	0.002740	0.150000	11600.000000
2017-04-24	0.002747	0.010989	0.010989	-0.005495	0.049999	9900.000000
2017-04-21	0.000000	-0.005495	0.005494	-0.005495	0.000000	2800.000000
2017-04-20	0.011111	0.008333	0.016667	0.005556	0.200001	14300.000000
2017-04-19	-0.019074	0.000000	0.000000	-0.019074	-0.350000	3400.000000
2017-04-18	-0.008108	-0.002703	0.000000	-0.017297	-0.150000	7000.000000
2017-04-17	-0.008043	-0.021448	-0.002681	-0.034853	-0.150000	16400.000000
2017-04-13	-0.007979	-0.007979	-0.007979	-0.031915	-0.149999	8100.000000
2017-04-12	-0.005291	-0.005291	-0.005291	-0.005291	-0.100001	500.000000
2017-04-11	-0.002639	-0.002639	0.000528	-0.002639	-0.050001	7700.000000
2017-04-10	-0.005249	-0.007874	0.007874	-0.007874	-0.099998	30100.000000
2017-04-07	0.000000	-0.008924	0.000000	-0.018373	0.000000	27100.000000
2017-04-06	0.000000	-0.005249	0.002625	-0.010499	0.000000	29800.000000
2017-04-05	-0.005222	-0.002611	-0.001044	-0.007833	-0.100001	31600.000000
2017-04-04	0.005249	0.000000	0.007874	0.000000	0.100001	9000.000000
2017-04-03	-0.007813	0.005208	0.009896	-0.007813	-0.150002	9500.000000
2017-03-31	0.005236	0.002618	0.028796	-0.005236	0.100001	29400.000000
2017-03-30	-0.005208	0.002604	0.008333	-0.010417	-0.100001	22500.000000
2017-03-29	-0.022901	-0.007634	0.005089	-0.027990	-0.449999	22600.000000
2017-03-28	0.031496	-0.002625	0.047244	-0.002625	0.600001	82900.000000
2017-03-27	-0.006778	-0.004171	-0.004171	-0.009385	-0.130001	14500.000000
2017-03-24	0.009474	0.007895	0.015789	0.000000	0.180000	32700.000000
2017-03-23	0.013333	-0.005333	0.034667	-0.005333	0.250000	51300.000000
2017-03-22	0.005362	0.002681	0.016086	0.000000	0.100000	44100.000000
2017-03-21	-0.013228	0.000000	0.000000	-0.013228	-0.250000	48500.000000
2017-03-20	0.010695	0.010695	0.010695	0.000000	0.199999	16300.000000
2017-03-17	0.002681	0.000000	0.011796	0.000000	0.050001	24900.000000
2017-03-16	-0.005333	-0.002667	0.008533	-0.005333	-0.100000	27800.000000
2017-03-15	0.024590	0.005465	0.031694	0.005465	0.450001	33700.000000
2017-03-14	0.005494	0.002747	0.008242	-0.004396	0.099998	13400.000000
2017-03-13	-0.005464	0.008197	0.010929	-0.016393	-0.099998	34400.000000
2017-03-10	0.025210	0.008403	0.031933	0.008403	0.449999	130500.000000
2017-03-09	0.008475	0.011299	0.014124	0.000000	0.149999	9100.000000
2017-03-08	-0.016667	-0.002778	0.000000	-0.016667	-0.299999	2400.000000
2017-03-07	0.000000	0.005556	0.005556	-0.016667	0.000000	18600.000000
2017-03-06	0.011236	0.000000	0.019663	0.000000	0.200001	50400.000000
2017-03-03	0.002817	0.000000	0.002817	-0.014085	0.049999	400.000000
2017-03-02	0.005666	0.003966	0.009065	0.000000	0.100000	4600.000000
2017-03-01	0.011461	0.011461	0.014327	0.000000	0.199999	9100.000000
2017-02-28	-0.005698	0.008547	0.011966	-0.008547	-0.099998	14200.000000
2017-02-27	0.000000	0.002849	0.011396	0.000000	0.000000	800.000000
2017-02-24	-0.008475	-0.007910	-0.007910	-0.011299	-0.150002	6400.000000
2017-02-23	0.017241	0.005747	0.017241	0.002874	0.300001	14700.000000
2017-02-22	-0.008547	0.000000	0.002849	-0.025641	-0.149999	26100.000000
2017-02-21	0.014451	0.002890	0.023122	0.002890	0.250000	11300.000000
2017-02-17	-0.001731	-0.001731	0.001154	-0.001731	-0.030001	4600.000000
2017-02-16	-0.018130	-0.002833	-0.002833	-0.018130	-0.320000	5600.000000
2017-02-15	-0.002825	-0.003390	0.000000	-0.005650	-0.050001	7100.000000
2017-02-14	-0.002817	-0.001127	-0.001127	-0.014085	-0.049999	14100.000000
2017-02-13	0.005666	0.005666	0.019830	0.002833	0.100000	20100.000000
2017-02-10	0.007420	0.004566	0.013128	-0.001142	0.130000	69700.000000
2017-02-09	-0.004545	0.000000	0.000000	-0.008523	-0.080000	4500.000000
2017-02-08	0.002849	-0.002849	0.002849	-0.008547	0.050001	4200.000000
2017-02-07	0.002857	0.002857	0.005714	0.000000	0.049999	4500.000000
2017-02-06	-0.005682	0.000000	0.000000	-0.005682	-0.100000	3500.000000
2017-02-03	0.005714	-0.009714	0.005714	-0.009714	0.100000	9100.000000
2017-02-02	-0.002849	-0.002849	0.014245	-0.002849	-0.049999	23700.000000
2017-02-01	0.002857	-0.010857	0.002857	-0.010857	0.049999	8000.000000
2017-01-31	-0.002849	-0.017094	-0.002849	-0.025641	-0.049999	11300.000000
2017-01-30	-0.005666	0.000000	0.008499	-0.014164	-0.100001	26900.000000
2017-01-27	0.000000	-0.002833	0.000000	-0.008499	0.000000	11600.000000
2017-01-26	0.008571	0.000000	0.011429	0.000000	0.150000	14500.000000
2017-01-25	0.044776	0.011940	0.050746	0.002985	0.750000	41100.000000
2017-01-24	0.002994	0.000000	0.005988	0.000000	0.049999	5800.000000
2017-01-23	0.003003	0.000000	0.003003	0.000000	0.050001	12200.000000
2017-01-20	0.018349	-0.003058	0.018349	-0.006116	0.300000	10700.000000
2017-01-19	0.026365	-0.000628	0.026365	-0.003766	0.420000	14600.000000
2017-01-18	-0.001254	0.009404	0.009404	-0.003135	-0.020000	2100.000000
2017-01-17	0.009494	0.006329	0.018987	0.003165	0.150000	13700.000000
2017-01-13	-0.007538	0.001884	0.005025	-0.023241	-0.120000	12800.000000
2017-01-12	0.001258	-0.003145	0.003145	-0.003145	0.020000	12900.000000
2017-01-11	-0.012422	-0.003106	-0.001242	-0.037267	-0.200000	13500.000000
2017-01-10	0.006250	0.000000	0.006250	-0.018750	0.100000	5100.000000
2017-01-09	0.022364	-0.009585	0.031949	-0.009585	0.350000	8900.000000
2017-01-06	0.022876	0.009804	0.022876	0.009804	0.350000	6900.000000
2017-01-05	-0.022364	0.003195	0.015974	-0.028754	-0.350000	2900.000000
2017-01-04	0.000000	0.000000	0.026198	-0.001278	0.000000	23500.000000
2017-01-03	0.009677	0.009677	0.009677	0.006452	0.150000	6000.000000
2016-12-30	-0.006410	-0.009615	0.003205	-0.017308	-0.100000	5400.000000
2016-12-29	0.012330	0.012330	0.015574	0.012330	0.189999	2900.000000
2016-12-28	-0.005751	0.009734	0.009734	0.003282	-0.089131	5000.000000
2016-12-27	0.000000	0.008444	0.009734	0.008444	0.000000	400.000000
2016-12-23	0.010982	0.017561	0.020823	0.014300	0.168362	1800.000000
2016-12-22	-0.001290	0.016248	0.016248	0.008431	-0.019808	200.000000
2016-12-21	0.003236	0.006466	0.016923	0.006466	0.049517	7000.000000
2016-12-20	0.000000	0.009734	0.009734	0.009734	0.000000	0.000000
2016-12-19	0.003247	0.003177	0.013012	0.003177	0.049519	12800.000000
2016-12-16	0.009836	0.013045	0.022976	0.009734	0.148554	24100.000000
2016-12-15	-0.006515	0.006445	0.006445	0.003156	-0.099036	2500.000000
2016-12-14	0.009868	0.016377	0.020363	0.006412	0.148553	28700.000000
2016-12-13	0.027027	0.016556	0.040435	0.009734	0.396144	29800.000000
2016-12-12	0.003390	0.014526	0.014526	0.013157	0.049519	2100.000000
2016-12-09	-0.010067	0.009734	0.009734	-0.000431	-0.148554	8200.000000
2016-12-08	0.020548	0.116932	0.120390	0.020108	0.297107	69600.000000
2016-12-07	0.006897	0.006252	0.016698	0.006252	0.099036	8400.000000
2016-12-06	0.006945	-0.004290	0.016746	-0.007796	0.099037	8400.000000
2016-12-05	0.028571	0.016946	0.038583	0.009734	0.396143	6300.000000
2016-12-02	-0.017544	0.011860	0.013277	-0.018610	-0.247590	24300.000000
2016-12-01	-0.003497	0.009734	0.009734	0.004791	-0.049518	5200.000000
2016-11-30	0.014184	0.031218	0.038379	0.020476	0.198072	13200.000000
2016-11-29	-0.003533	-0.000970	0.006166	-0.000970	-0.049517	2100.000000
2016-11-28	0.010714	0.002522	0.071039	0.002522	0.148553	101600.000000
2016-11-25	0.003584	0.011905	0.013353	0.011905	0.049519	6200.000000
2016-11-23	0.003597	0.013366	0.013366	0.010460	0.049517	3000.000000
2016-11-22	0.003610	0.012650	0.016295	0.012650	0.049518	4700.000000
2016-11-21	-0.010714	0.013340	0.013340	-0.008297	-0.148554	36600.000000
2016-11-18	0.008646	0.022101	0.022101	0.017009	0.118843	9400.000000
2016-11-17	-0.008571	0.009734	0.009734	0.001079	-0.118843	300.000000
2016-11-16	0.019665	0.011205	0.029590	0.007528	0.267398	49100.000000
2016-11-15	-0.005072	0.009734	0.013392	0.002417	-0.069325	12900.000000
2016-11-14	-0.007194	0.016998	0.016998	0.002470	-0.099037	14300.000000
2016-11-11	-0.003584	0.024210	0.024210	0.002496	-0.049517	29000.000000
2016-11-10	0.002876	0.019897	0.027156	0.012637	0.039613	33600.000000
2016-11-09	-0.001436	0.022057	0.022057	0.007559	-0.019806	16700.000000
2016-11-08	0.002158	0.016998	0.020630	0.011913	0.029710	24700.000000
2016-11-07	-0.007143	0.013340	0.019110	-0.011903	-0.099036	408100.000000
2016-11-04	-0.010601	0.013302	0.016870	-0.000970	-0.148553	38400.000000
2016-11-03	0.000000	0.013302	0.013302	0.009734	0.000000	3400.000000
2016-11-02	-0.007018	0.009734	0.013277	0.002648	-0.099037	11200.000000
2016-11-01	-0.006969	0.009734	0.009734	0.002697	-0.099036	40200.000000
2016-10-31	-0.010345	0.013216	0.013216	-0.004193	-0.148554	16700.000000
2016-10-28	0.006945	0.009734	0.016746	0.006228	0.099037	2700.000000
2016-10-27	0.000000	0.006228	0.013240	0.006228	0.000000	3600.000000
2016-10-26	-0.003460	0.004843	0.009734	-0.000748	-0.049518	1100.000000
2016-10-25	-0.003448	0.002770	0.006252	-0.000712	-0.049519	1200.000000
2016-10-24	-0.003436	0.009734	0.009734	0.000712	-0.049518	44400.000000
2016-10-21	0.006920	0.009734	0.016722	0.006240	0.099037	13000.000000
2016-10-20	0.003472	0.009734	0.013240	0.006228	0.049518	800.000000
2016-10-19	0.003484	0.013252	0.013252	0.013252	0.049517	600.000000
2016-10-18	-0.006920	0.002746	0.002746	-0.000748	-0.099035	3900.000000
2016-10-17	0.000000	0.002746	0.009734	0.002746	0.000000	8000.000000
2016-10-14	0.005567	0.011842	0.015355	0.011139	0.079228	3300.000000
2016-10-13	0.001394	0.009734	0.011141	0.007623	0.019807	600.000000
2016-10-12	0.002095	0.010439	0.012554	0.009734	0.029712	5200.000000
2016-10-11	-0.001395	0.013255	0.017479	0.008326	-0.019808	10700.000000
2016-10-10	-0.002088	0.006221	0.012545	0.006221	-0.029711	1800.000000
2016-10-07	0.001394	0.009734	0.013956	0.009734	0.019807	3400.000000
2016-10-06	0.004902	0.018219	0.018219	0.011148	0.069326	36800.000000
2016-10-05	-0.004184	0.010438	0.010438	-0.000124	-0.059422	22100.000000
2016-10-04	-0.000697	0.011845	0.016067	-0.002228	-0.009904	83700.000000
2016-10-03	0.000000	0.011141	0.014659	0.007623	0.000000	33700.000000
2016-09-30	-0.006233	0.005538	0.010433	0.000644	-0.089132	133600.000000
2016-09-29	0.008380	0.013260	0.018901	0.013260	0.118844	2600.000000
2016-09-28	-0.002786	0.004109	0.007624	0.001999	-0.039615	7400.000000
2016-09-27	0.000000	0.009734	0.011140	0.006921	0.000000	4900.000000
2016-09-26	0.000000	0.009734	0.018172	0.009734	0.000000	2000.000000
2016-09-23	-0.006916	0.004148	0.004148	0.002751	-0.099036	500.000000
2016-09-22	0.000692	0.010433	0.013228	0.010433	0.009904	1500.000000
2016-09-21	0.007671	0.007622	0.020296	0.007622	0.108939	6300.000000
2016-09-20	-0.003475	0.006225	0.006927	0.005524	-0.049518	2200.000000
2016-09-19	0.002787	0.009734	0.012548	0.009734	0.039614	200.000000
2016-09-16	-0.003472	0.009734	0.009734	0.005527	-0.049517	900.000000
2016-09-15	-0.000694	-0.000076	0.009033	-0.000777	-0.009904	5100.000000
2016-09-14	-0.006207	0.009734	0.011823	0.002074	-0.089133	11700.000000
2016-09-13	0.000000	0.004163	0.012519	0.004163	0.000000	4100.000000
2016-09-12	0.006945	0.009734	0.029368	0.009734	0.099037	3600.000000
2016-09-09	-0.008265	0.009734	0.009734	0.001389	-0.118844	1800.000000
2016-09-08	0.006935	0.016736	0.016736	0.016736	0.099036	300.000000
2016-09-07	0.000000	0.009734	0.009734	0.009734	0.000000	0.000000
2016-09-06	0.000000	0.018837	0.021638	0.009734	0.000000	4700.000000
2016-09-02	-0.002076	0.009734	0.009734	0.007638	-0.029710	1400.000000
2016-09-01	0.000000	0.009734	0.009734	0.009734	0.000000	0.000000
2016-08-31	-0.007555	0.007653	0.007653	0.002105	-0.108941	400.000000
2016-08-30	-0.010870	0.011792	0.011792	-0.009473	-0.158457	6500.000000
2016-08-29	0.000000	0.009734	0.009734	0.009734	0.000000	0.000000
2016-08-26	0.007529	0.018027	0.018027	0.016645	0.108940	400.000000
2016-08-25	0.000000	0.009734	0.009734	0.009734	0.000000	0.000000
2016-08-24	-0.008820	0.000829	0.000829	0.000829	-0.128747	600.000000
2016-08-23	0.000000	0.009734	0.009734	0.009734	0.000000	0.000000
2016-08-22	0.000000	0.009734	0.009734	0.009734	0.000000	0.000000
2016-08-19	-0.001355	0.009050	0.009050	0.002209	-0.019807	3800.000000
2016-08-18	0.005450	0.005607	0.016612	0.005607	0.079228	3000.000000
2016-08-17	-0.004071	0.009734	0.017269	0.005624	-0.059421	3100.000000
2016-08-16	0.016552	0.013216	0.030625	0.011823	0.237686	45700.000000
2016-08-15	0.008345	0.006223	0.026586	0.003414	0.118843	11700.000000
2016-08-12	-0.001389	0.008332	0.008332	0.008332	-0.019806	200.000000
2016-08-11	-0.010309	0.009734	0.022225	-0.000676	-0.148555	13700.000000
2016-08-10	-0.012220	-0.000548	0.002194	-0.014944	-0.178264	9100.000000
2016-08-09	0.000000	0.009734	0.009734	0.009734	0.000000	0.000000
2016-08-08	-0.016032	0.015804	0.015804	-0.006454	-0.237687	9500.000000
2016-08-05	-0.011229	0.015736	0.015736	-0.001604	-0.168361	77600.000000
2016-08-04	0.003979	0.016430	0.028482	0.013751	0.059421	11000.000000
2016-08-03	0.000664	0.010404	0.010404	0.010404	0.009904	100.000000
2016-08-02	0.011409	0.009734	0.044973	0.007701	0.168362	12400.000000
2016-08-01	0.003367	0.013134	0.013134	0.013134	0.049517	600.000000
2016-07-29	-0.000673	0.007695	0.009054	0.007695	-0.009903	400.000000
2016-07-28	0.002023	0.000883	0.014500	0.000883	0.029711	7200.000000
2016-07-27	0.002027	0.009734	0.011781	0.006323	0.029710	1600.000000
2016-07-26	0.005435	0.011792	0.015222	0.011792	0.079229	1400.000000
2016-07-25	0.022222	0.027965	0.032173	0.020252	0.316916	9700.000000
2016-07-22	-0.017735	0.000780	0.002157	-0.013684	-0.257494	7300.000000
2016-07-21	0.006177	0.024980	0.024980	0.012506	0.089133	1200.000000
2016-07-20	0.005521	0.011128	0.015309	0.011128	0.079228	1000.000000
2016-07-19	-0.004124	0.010428	0.015980	0.003488	-0.059422	2200.000000
2016-07-18	0.001377	0.018073	0.018073	0.006259	0.019808	4000.000000
2016-07-15	0.000000	0.009734	0.009734	0.009734	0.000000	0.000000
2016-07-14	0.006233	0.021621	0.021621	0.013930	0.089132	1200.000000
2016-07-13	0.012623	0.014690	0.025312	0.014690	0.178264	2900.000000
2016-07-12	-0.007655	0.016761	0.020274	0.002005	-0.108939	2600.000000
2016-07-11	0.004193	0.013262	0.019613	0.006206	0.059422	3100.000000
2016-07-08	0.000699	0.013971	0.013971	0.010440	0.009903	400.000000
2016-07-07	0.002102	0.012564	0.013979	0.009734	0.029711	1400.000000
2016-07-06	-0.008339	0.001314	0.001314	0.001314	-0.118843	200.000000
2016-07-05	-0.007586	0.013912	0.020179	-0.006979	-0.108940	1700.000000
2016-07-01	-0.010914	0.004913	0.011800	-0.001286	-0.158457	3800.000000
2016-06-30	0.006868	0.013895	0.020136	0.013895	0.099035	1900.000000
2016-06-29	0.020322	0.028839	0.030254	0.028839	0.287205	2700.000000
2016-06-28	0.000000	0.013979	0.017517	0.008319	0.000000	3100.000000
2016-06-27	-0.030571	0.008362	0.008362	-0.022506	-0.445662	6300.000000
2016-06-24	0.000000	0.009734	0.009734	0.009734	0.000000	0.000000
2016-06-23	0.025070	0.030126	0.035048	0.030126	0.356530	600.000000
2016-06-22	0.017718	0.015459	0.039790	0.015459	0.247590	4500.000000
2016-06-21	-0.007736	0.004763	0.010444	-0.005888	-0.108940	320700.000000
2016-06-20	0.004237	0.012586	0.014012	0.009021	0.059422	2500.000000
2016-06-17	-0.002114	0.029658	0.029658	0.007599	-0.029710	6000.000000
2016-06-16	-0.004211	0.006191	0.011151	0.004774	-0.059423	8600.000000
2016-06-15	0.012074	0.028380	0.029814	0.021925	0.168362	3700.000000
2016-06-14	0.000711	0.010452	0.020499	0.009016	0.009904	1700.000000
2016-06-13	-0.004951	0.006877	0.014018	0.004021	-0.069327	3900.000000
2016-06-10	-0.002117	0.002608	0.014009	0.002608	-0.029710	1600.000000
2016-06-09	0.000000	0.009734	0.009734	0.009734	0.000000	0.000000
2016-06-08	0.007107	0.016910	0.016910	0.016910	0.099037	200.000000
2016-06-07	-0.004951	0.014733	0.019017	0.003307	-0.069327	18900.000000
2016-06-06	-0.004225	0.006179	0.018978	0.000490	-0.059420	18200.000000
2016-06-03	-0.001407	0.011864	0.014704	0.005473	-0.019808	1300.000000
2016-06-02	-0.004899	0.004788	0.004788	0.004788	-0.069325	400.000000
2016-06-01	0.003511	0.028170	0.028170	-0.003030	0.049518	13600.000000
2016-05-31	0.002817	0.030355	0.031777	0.002623	0.039615	24100.000000
2016-05-27	0.000000	0.009734	0.009734	0.009734	0.000000	0.000000
2016-05-26	-0.009763	0.004805	0.007622	-0.000124	-0.138651	15100.000000
2016-05-25	0.000000	0.003397	0.009734	0.001988	0.000000	1500.000000
2016-05-24	-0.009668	0.004155	0.004155	-0.000029	-0.138650	1200.000000
2016-05-23	0.003465	0.021630	0.028627	0.008334	0.049517	7700.000000
2016-05-20	-0.014344	0.010424	0.010424	-0.004750	-0.207975	1700.000000
2016-05-19	0.002053	-0.005471	0.012498	-0.006853	0.029711	2300.000000
2016-05-18	-0.009491	0.011788	0.011788	0.000150	-0.138650	351200.000000
2016-05-17	0.001358	0.005621	0.011105	0.005621	0.019807	2300.000000
2016-05-16	0.015862	-0.005586	0.030625	-0.011157	0.227782	31300.000000
2016-05-13	-0.016949	-0.004642	0.025479	-0.021071	-0.247589	24600.000000
2016-05-12	-0.021883	0.009734	0.009734	-0.013702	-0.326820	7100.000000
2016-05-11	0.008696	0.009734	0.019190	0.009734	0.128747	6500.000000
2016-05-10	-0.008621	0.009734	0.009734	-0.015041	-0.128747	7000.000000
2016-05-09	0.004664	0.017806	0.017806	-0.019192	0.069326	5100.000000
2016-05-06	0.013504	0.007007	0.023370	0.007007	0.198071	3200.000000
2016-05-05	-0.012667	-0.013826	-0.003056	-0.013826	-0.188167	700.000000
2016-05-04	0.013513	0.000182	0.023379	-0.000500	0.198071	5100.000000
2016-05-03	-0.023102	-0.012260	0.009067	-0.033588	-0.346625	20300.000000
2016-05-02	0.000000	0.009734	0.009734	0.009734	0.000000	0.000000
2016-04-29	0.001984	0.001720	0.027097	-0.010300	0.029711	1100.000000
2016-04-28	-0.027653	-0.009746	-0.004552	-0.025331	-0.425856	2800.000000
2016-04-27	0.000000	0.009734	0.009734	0.009734	0.000000	0.000000
2016-04-26	0.003226	0.014294	0.015597	0.008431	0.049519	2800.000000
2016-04-25	0.000000	0.009083	0.009734	-0.000038	0.000000	10800.000000
2016-04-22	-0.003215	0.001292	0.012331	-0.003253	-0.049519	8500.000000
2016-04-21	0.002579	0.013640	0.013640	-0.004589	0.039615	5300.000000
2016-04-20	-0.001931	0.008434	0.008434	0.007785	-0.029711	900.000000
2016-04-19	0.003876	0.011039	0.013648	0.005820	0.059423	10900.000000
2016-04-18	-0.007056	0.003905	0.004552	-0.007753	-0.108941	11500.000000
2016-04-15	0.003864	-0.010422	0.013635	-0.010422	0.059422	7600.000000
2016-04-14	0.000000	0.009734	0.011685	0.007783	0.000000	4800.000000
2016-04-13	0.023057	0.029689	0.040332	0.025033	0.346625	8700.000000
2016-04-12	0.012000	0.028582	0.028582	0.008388	0.178266	9500.000000
2016-04-11	-0.013807	0.005751	0.005751	-0.004207	-0.207977	10000.000000
2016-04-08	-0.014896	0.013004	0.013004	-0.021003	-0.227782	14200.000000
2016-04-07	-0.008349	0.016219	0.016219	0.000006	-0.128747	4500.000000
2016-04-06	0.008420	0.013004	0.037201	0.007772	0.128747	1600.000000
2016-04-05	-0.003871	0.000614	0.008431	0.000614	-0.059421	1100.000000
2016-04-04	0.011749	0.017643	0.036757	0.005120	0.178264	13000.000000
2016-04-01	0.004590	0.011720	0.014369	0.009734	0.069326	2700.000000
2016-03-31	0.015989	0.017134	0.025879	0.011752	0.237686	11100.000000
2016-03-30	-0.002658	0.015101	0.015101	0.006379	-0.039615	1800.000000
2016-03-29	0.010067	0.025320	0.025320	0.011089	0.148555	2300.000000
2016-03-28	0.006757	0.019968	0.024061	0.016556	0.099035	2200.000000
2016-03-24	-0.006711	0.022610	0.025320	-0.000431	-0.099035	1800.000000
2016-03-23	0.016371	0.017310	0.027642	0.012489	0.237686	26900.000000
2016-03-22	-0.000682	0.008357	0.013175	0.008357	-0.009904	3200.000000
2016-03-21	0.003420	0.011115	0.018712	0.001446	0.049518	13400.000000
2016-03-18	0.006887	0.008343	0.022947	0.008343	0.099036	6800.000000
2016-03-17	0.021816	0.017550	0.040999	0.017550	0.307012	10700.000000
2016-03-16	0.004950	0.004021	0.023302	0.004021	0.069324	13900.000000
2016-03-15	0.009279	0.022707	0.022707	0.015500	0.128747	1600.000000
2016-03-14	0.005022	0.010458	0.029291	0.010458	0.069327	3200.000000
2016-03-11	0.013818	0.025155	0.028093	0.022218	0.188167	900.000000
2016-03-10	0.008064	0.001591	0.028981	0.000110	0.108939	4800.000000
2016-03-09	-0.010877	0.000215	0.006805	-0.004178	-0.148553	1800.000000
2016-03-08	-0.007914	0.009734	0.025715	0.001017	-0.108940	6700.000000
2016-03-07	-0.009266	-0.006099	0.019810	-0.016895	-0.128747	9700.000000
2016-03-04	0.018142	0.003872	0.028053	0.003139	0.247590	4600.000000
2016-03-03	-0.010057	0.008283	0.008283	-0.002598	-0.138650	3100.000000
2016-03-02	-0.004292	0.009734	0.019123	0.001067	-0.059421	6200.000000
2016-03-01	0.005755	0.009734	0.015545	-0.010606	0.079228	4100.000000
2016-02-29	0.000000	0.009007	0.028621	0.006102	0.000000	10400.000000
2016-02-26	0.010909	0.014140	0.031030	0.010468	0.148554	3700.000000
2016-02-25	0.008064	0.026760	0.031202	0.000110	0.108939	5200.000000
2016-02-24	-0.005831	0.025189	0.025189	-0.001305	-0.079228	2500.000000
2016-02-23	-0.018598	0.008289	0.008289	-0.013379	-0.257493	6800.000000
2016-02-22	0.020438	0.031845	0.034793	0.018578	0.277301	11900.000000
2016-02-19	0.005874	0.007510	0.023078	0.005286	0.079228	8600.000000
2016-02-18	-0.008012	-0.001297	0.021501	-0.006445	-0.108939	16100.000000
2016-02-17	0.039364	0.008970	0.056361	0.008970	0.514987	10200.000000
2016-02-16	0.000758	0.026563	0.028858	0.006674	0.009904	7100.000000
2016-02-12	0.000758	0.020451	0.036527	0.008203	0.009903	9600.000000
2016-02-11	0.007639	0.003563	0.031333	0.003563	0.099036	13300.000000
2016-02-10	-0.009834	-0.006306	0.020427	-0.006306	-0.128747	12400.000000
2016-02-09	-0.002264	-0.009318	0.017355	-0.009318	-0.029711	28300.000000
2016-02-08	-0.003010	-0.010020	0.013533	-0.010020	-0.039614	13900.000000
2016-02-05	0.003019	0.015068	0.016592	0.008210	0.039614	5200.000000
2016-02-04	-0.000754	-0.003211	0.052377	-0.003211	-0.009904	12800.000000
2016-02-03	0.012214	0.002797	0.029004	0.002026	0.158458	11300.000000
2016-02-02	-0.019461	0.004443	0.006711	-0.017474	-0.257493	10500.000000
2016-02-01	0.006782	0.000603	0.031040	0.000603	0.089132	13300.000000
2016-01-29	-0.000753	0.018098	0.019618	0.008974	-0.009903	4100.000000
2016-01-28	0.002264	0.027261	0.027261	0.005924	0.029710	3300.000000
2016-01-27	0.011450	0.011275	0.033628	0.011275	0.148554	21300.000000
2016-01-26	0.006144	0.016714	0.017489	0.008958	0.079229	11500.000000
2016-01-25	0.012442	0.030934	0.039571	0.013660	0.158458	43700.000000
2016-01-22	-0.038864	0.014262	0.050485	-0.029508	-0.514988	37000.000000
2016-01-21	0.016717	0.012803	0.045029	0.012803	0.217880	27000.000000
2016-01-20	-0.062678	-0.029102	-0.027664	-0.066500	-0.871517	220300.000000
2016-01-19	-0.009174	0.016860	0.018285	-0.015207	-0.128747	7200.000000
2016-01-15	0.009259	-0.007526	0.024837	-0.007526	0.128747	16800.000000
2016-01-14	-0.004255	0.020476	0.020476	0.005437	-0.059422	1600.000000
2016-01-13	-0.049224	0.000883	0.000883	-0.041331	-0.722962	4600.000000
2016-01-12	0.009530	0.028980	0.028980	0.006984	0.138650	14600.000000
2016-01-11	-0.008103	0.023370	0.023370	-0.003902	-0.118844	7800.000000
2016-01-08	-0.013324	0.000316	0.007043	-0.007756	-0.198071	23800.000000
2016-01-07	-0.026589	0.017592	0.017592	-0.024972	-0.406048	48100.000000
2016-01-06	-0.020330	-0.001172	0.011017	-0.012077	-0.316914	26500.000000
2016-01-05	-0.036130	0.019627	0.019627	-0.032931	-0.584313	101900.000000
2016-01-04	-0.003052	0.005419	0.007885	0.004802	-0.049517	1800.000000
2015-12-31	0.003062	0.010971	0.015917	0.010971	0.049517	700.000000
2015-12-30	-0.002444	0.011584	0.011584	0.007267	-0.039616	800.000000
2015-12-29	0.001223	0.012822	0.014057	0.009734	0.019808	5800.000000
2015-12-28	-0.006683	0.008507	0.008507	-0.003148	-0.108938	9300.000000
2015-12-24	-0.003632	0.014012	0.014012	0.002399	-0.059423	4700.000000
2015-12-23	-0.001209	0.016449	0.016449	0.007292	-0.019808	11200.000000
2015-12-22	-0.011947	0.010337	0.010337	-0.004139	-0.198071	9800.000000
2015-12-21	-0.018757	0.016836	0.016836	-0.013941	-0.316915	12100.000000
2015-12-18	0.007084	0.007946	0.024636	-0.000399	0.118843	30500.000000
2015-12-17	0.048267	0.016607	0.059096	0.013483	0.772482	26900.000000
2015-12-16	-0.001853	0.015971	0.015971	0.007239	-0.029713	3000.000000
2015-12-15	0.002477	0.027865	0.027865	0.012235	0.039616	2800.000000
2015-12-14	-0.012836	0.011585	0.011585	-0.006313	-0.207976	3400.000000
2015-12-11	-0.012673	0.007906	0.008515	-0.014032	-0.207975	11200.000000
2015-12-10	-0.007785	0.013362	0.015176	-0.001149	-0.128748	8500.000000
2015-12-09	-0.007724	0.007934	0.008534	0.001935	-0.128746	5200.000000
2015-12-08	-0.011163	0.009141	0.009141	-0.001538	-0.188170	5900.000000
2015-12-07	-0.002929	0.008551	0.009142	0.006185	-0.049516	2400.000000
2015-12-04	0.004118	0.015674	0.016268	0.009734	0.069324	2300.000000
2015-12-03	-0.005848	0.004420	0.006781	0.003829	-0.099035	2600.000000
2015-12-02	0.002933	0.012695	0.012695	0.012695	0.049519	100.000000
2015-12-01	0.002351	0.009140	0.015670	0.007953	0.039613	15100.000000
2015-11-30	-0.007005	0.009734	0.009734	-0.006181	-0.118843	7400.000000
2015-11-27	-0.002330	-0.004968	0.007382	-0.008497	-0.039615	5300.000000
2015-11-25	0.011786	0.008544	0.021634	0.006164	0.198074	3600.000000
2015-11-24	-0.008762	0.007375	0.019171	-0.000882	-0.148556	5900.000000
2015-11-23	0.006467	0.004985	0.021013	0.003204	0.108940	5800.000000
2015-11-20	-0.002346	0.005588	0.015064	0.005588	-0.039613	2700.000000
2015-11-19	-0.000586	0.015061	0.020980	0.005591	-0.009905	4600.000000
2015-11-18	0.002350	0.008547	0.015667	0.005581	0.039613	14600.000000
2015-11-17	-0.001174	0.009734	0.009734	0.007364	-0.019807	1800.000000
2015-11-16	0.008881	0.009136	0.025277	0.009136	0.148555	6700.000000
2015-11-13	-0.018594	0.006214	0.006214	-0.016081	-0.316913	6700.000000
2015-11-12	-0.008069	0.009152	0.009152	0.001586	-0.138653	1200.000000
2015-11-11	-0.009703	0.005123	0.005123	-0.000640	-0.168362	2100.000000
2015-11-10	0.000571	0.006274	0.014924	0.000507	0.009905	5100.000000
2015-11-09	0.004014	0.005681	0.021313	0.004523	0.069325	3600.000000
2015-11-06	0.024075	0.016256	0.045902	0.016256	0.406048	7600.000000
2015-11-05	0.008289	0.015114	0.018104	0.012723	0.138650	8000.000000
2015-11-04	-0.011124	0.003231	0.018010	-0.003863	-0.188167	6200.000000
2015-11-03	-0.001170	0.005601	0.011505	0.000286	-0.019808	7800.000000
2015-11-02	0.030120	0.009126	0.045014	0.009126	0.495180	11500.000000
2015-10-30	-0.041570	0.010317	0.014981	-0.032241	-0.713058	15100.000000
2015-10-29	-0.002879	0.014384	0.020197	0.003339	-0.049521	7800.000000
2015-10-28	-0.006861	0.009734	0.015507	-0.000080	-0.118841	8300.000000
2015-10-27	-0.007941	0.004579	0.018898	-0.002866	-0.138651	15900.000000
2015-10-26	-0.001133	0.017171	0.017171	0.005729	-0.019808	137600.000000
2015-10-23	0.002841	0.010308	0.024077	0.005144	0.049519	14500.000000
2015-10-22	-0.004525	0.007449	0.018872	-0.004544	-0.079229	24300.000000
2015-10-21	-0.006742	-0.001044	0.017676	-0.003313	-0.118842	256600.000000
2015-10-20	-0.003917	0.006344	0.014819	-0.003827	-0.069328	25700.000000
2015-10-19	0.022311	0.003380	0.033995	-0.000664	0.386242	31500.000000
2015-10-16	-0.007382	0.003427	0.010881	-0.005748	-0.128748	22200.000000
2015-10-15	0.008014	0.011468	0.025918	-0.007027	0.138653	16100.000000
2015-10-14	-0.009637	0.008017	0.009734	-0.008011	-0.168362	10500.000000
2015-10-13	-0.010656	0.002372	0.013698	-0.001026	-0.188169	13700.000000
2015-10-12	0.006208	0.014293	0.016002	0.006885	0.108940	16300.000000
2015-10-09	0.004535	0.002865	0.024617	0.002293	0.079229	35100.000000
2015-10-08	0.002842	0.006864	0.018919	-0.004617	0.049517	26600.000000
2015-10-07	0.003423	0.017222	0.017222	0.004550	0.059421	21300.000000
2015-10-06	0.023351	0.016807	0.049817	0.013271	0.396145	34100.000000
2015-10-05	0.013010	0.008540	0.024065	0.000180	0.217879	114200.000000
2015-10-02	0.022370	0.010344	0.032322	0.010344	0.366432	19900.000000
2015-10-01	0.000605	0.012177	0.026838	0.007901	0.009905	6700.000000
2015-09-30	-0.002414	0.009125	0.011562	-0.021954	-0.039614	111000.000000
2015-09-29	-0.034945	0.012086	0.012086	-0.025551	-0.594217	146200.000000
2015-09-28	-0.004060	0.013248	0.013248	0.000363	-0.069325	37800.000000
2015-09-25	0.014118	0.009734	0.024583	0.004982	0.237686	36600.000000
2015-09-24	-0.002932	0.006773	0.008550	0.000258	-0.049516	53400.000000
2015-09-23	0.002351	0.012108	0.012702	0.006172	0.039613	10100.000000
2015-09-22	-0.007005	0.006197	0.006787	-0.003823	-0.118843	12100.000000
2015-09-21	0.007647	0.007952	0.017455	-0.003333	0.128746	16300.000000
2015-09-18	0.003542	-0.007552	0.019271	-0.007552	0.059422	44900.000000
2015-09-17	-0.002943	0.010328	0.015677	0.006762	-0.049517	29900.000000
2015-09-16	-0.000588	0.009734	0.009734	0.001418	-0.009905	5300.000000
2015-09-15	0.000000	0.009734	0.009734	0.009734	0.000000	0.000000
2015-09-14	0.000000	0.007952	0.009734	0.001418	0.000000	3100.000000
2015-09-11	0.000000	0.009734	0.010328	0.009734	0.000000	2100.000000
2015-09-10	0.000000	0.006170	0.015080	0.001418	0.000000	3600.000000
2015-09-09	-0.000588	0.009140	0.012702	0.009140	-0.009903	7900.000000
2015-09-08	0.001177	0.009140	0.018649	0.004385	0.019808	18100.000000
2015-09-04	-0.000588	0.007952	0.011516	-0.002145	-0.009905	10100.000000
2015-09-03	0.005917	0.016904	0.021683	0.009734	0.099037	15000.000000
2015-09-02	-0.004711	0.009734	0.021032	0.003787	-0.079229	15800.000000
2015-09-01	-0.001177	-0.009273	0.008546	-0.009273	-0.019808	800.000000
2015-08-31	0.007109	0.013921	0.028278	-0.001631	0.118845	9100.000000
2015-08-28	-0.003542	0.004965	0.006157	-0.009340	-0.059423	1200.000000
2015-08-27	0.013764	0.012151	0.024236	-0.001143	0.227783	23300.000000
2015-08-26	0.006020	0.018245	0.018245	0.003047	0.099035	7200.000000
2015-08-25	-0.004197	0.013971	0.013971	-0.001162	-0.069324	13200.000000
2015-08-24	-0.027405	-0.009107	0.009734	-0.025592	-0.465470	5700.000000
2015-08-21	0.021441	0.012139	0.031384	0.004321	0.356530	67500.000000
2015-08-20	-0.009440	-0.001585	0.009734	-0.005159	-0.158459	21600.000000
2015-08-19	-0.002941	0.021613	0.024583	0.003794	-0.049517	8800.000000
2015-08-18	0.009501	0.011533	0.042712	0.009734	0.158459	9700.000000
2015-08-17	0.004174	0.006723	0.022980	0.006121	0.069325	149100.000000
2015-08-14	0.010850	0.012168	0.020689	0.012168	0.178264	15900.000000
2015-08-13	0.002417	0.017665	0.017665	0.012174	0.039616	9400.000000
2015-08-12	-0.011940	-0.010159	-0.002323	-0.011365	-0.198073	3100.000000
2015-08-11	0.018237	0.009120	0.028148	0.009120	0.297106	19500.000000
2015-08-10	-0.017910	0.003706	0.003706	-0.010762	-0.297106	4500.000000
2015-08-07	-0.001193	0.009734	0.014551	-0.001104	-0.019807	13700.000000
2015-08-06	0.005396	-0.001162	0.015182	-0.001162	0.089132	2100.000000
2015-08-05	0.005425	0.009734	0.018255	0.004256	0.089132	4100.000000
2015-08-04	0.001812	0.023148	0.023148	0.010953	0.029711	800.000000
2015-08-03	-0.002410	0.012775	0.017642	0.007301	-0.039614	7700.000000
2015-07-31	-0.014837	0.018123	0.018723	-0.005247	-0.247591	20400.000000
2015-07-30	0.002976	0.004926	0.018749	0.003724	0.049519	15400.000000
2015-07-29	0.005386	0.015777	0.021215	0.006713	0.089132	19000.000000
2015-07-28	0.004811	0.009127	0.029164	0.007912	0.079229	26300.000000
2015-07-27	-0.013056	0.005539	0.005539	-0.004648	-0.217880	29400.000000
2015-07-24	-0.011150	0.019807	0.020400	-0.013969	-0.188169	18800.000000
2015-07-23	0.000000	0.018622	0.018622	-0.008636	0.000000	10300.000000
2015-07-22	-0.014459	0.023166	0.023166	-0.004866	-0.247589	8200.000000
2015-07-21	0.000579	0.022005	0.022005	0.005643	0.009903	15900.000000
2015-07-20	-0.006896	0.019019	0.021920	0.002770	-0.118842	6500.000000
2015-07-17	-0.002865	0.023043	0.023043	0.006841	-0.049518	26900.000000
2015-07-16	0.000000	0.018992	0.018992	0.006262	0.000000	13100.000000
2015-07-15	-0.000573	0.020722	0.021300	0.009156	-0.009903	7300.000000
2015-07-14	0.001147	0.007418	0.013208	0.006839	0.019806	13000.000000
2015-07-13	0.005187	0.006824	0.014972	0.006824	0.089132	13000.000000
2015-07-10	0.008721	0.019127	0.022062	0.006212	0.148554	34100.000000
2015-07-09	-0.004053	0.023181	0.023181	0.005057	-0.069325	14600.000000
2015-07-08	-0.003462	0.021970	0.023718	0.005073	-0.059421	13000.000000
2015-07-07	-0.005737	0.019003	0.023058	0.003361	-0.099037	24600.000000
2015-07-06	0.010435	0.014417	0.041343	0.014417	0.178266	16900.000000
2015-07-02	-0.013158	0.017821	0.017821	-0.003552	-0.227783	31800.000000
2015-07-01	-0.005122	0.008585	0.008585	-0.001760	-0.089132	23100.000000
2015-06-30	-0.004533	0.016599	0.017171	0.005157	-0.079230	10400.000000
2015-06-29	-0.003388	0.018856	0.018856	0.005743	-0.059419	12100.000000
2015-06-26	0.001697	0.010305	0.013732	0.009163	0.029709	186400.000000
2015-06-25	-0.000565	0.011446	0.012588	0.008022	-0.009903	21200.000000
2015-06-24	0.001699	0.007447	0.011449	0.007447	0.029710	2700.000000
2015-06-23	-0.002260	0.009734	0.010875	0.005170	-0.039615	9200.000000
2015-06-22	-0.003378	0.006323	0.014282	0.001774	-0.059422	120800.000000
2015-06-19	0.006232	0.018315	0.023464	0.009734	0.108940	15600.000000
2015-06-18	-0.004512	0.018846	0.018846	0.004039	-0.079227	10800.000000
2015-06-17	0.004532	0.021176	0.021176	0.006301	0.079227	12100.000000
2015-06-16	-0.003950	0.010304	0.011443	0.004605	-0.069324	10500.000000
2015-06-15	0.000565	0.020567	0.020567	0.006313	0.009905	17300.000000
2015-06-12	-0.008399	0.009169	0.009169	0.000688	-0.148556	22400.000000
2015-06-11	0.004499	0.010302	0.016549	0.008598	0.079227	17100.000000
2015-06-10	0.000563	0.010870	0.014280	0.009166	0.009905	25200.000000
2015-06-09	-0.009476	0.013111	0.013111	0.000166	-0.168361	20100.000000
2015-06-08	-0.002225	0.009734	0.009734	0.006364	-0.039614	6300.000000
2015-06-05	-0.001111	0.009734	0.009734	0.008612	-0.019808	4900.000000
2015-06-04	0.005025	0.014808	0.015372	0.006915	0.089132	29700.000000
2015-06-03	-0.003339	0.011420	0.011420	0.000744	-0.059419	17900.000000
2015-06-02	0.003350	0.013680	0.014808	0.009734	0.059419	9000.000000
2015-06-01	-0.012135	-0.006974	0.005278	-0.011430	-0.217878	10900.000000
2015-05-29	0.007222	0.010856	0.017026	-0.012705	0.128746	14600.000000
2015-05-28	-0.002770	0.011412	0.013650	0.001343	-0.049517	8400.000000
2015-05-27	-0.001107	0.019792	0.019792	-0.000324	-0.019807	3700.000000
2015-05-26	0.010626	0.002957	0.041359	0.002393	0.188169	44700.000000
2015-05-22	0.011884	0.008591	0.025163	0.006877	0.207974	8900.000000
2015-05-21	-0.002822	0.011443	0.011443	0.004605	-0.049517	2300.000000
2015-05-20	0.011993	-0.009296	0.022420	-0.009296	0.207975	8400.000000
2015-05-19	-0.012408	0.015429	0.015429	-0.010768	-0.217878	10000.000000
2015-05-18	-0.003933	0.022781	0.031290	0.001792	-0.069325	20100.000000
2015-05-15	0.005650	0.023996	0.027418	0.012586	0.099034	8500.000000
2015-05-14	-0.021018	-0.008137	0.000798	-0.011488	-0.376335	2100.000000
2015-05-13	0.007804	0.012548	0.019302	-0.010528	0.138649	4700.000000
2015-05-12	-0.009387	-0.000860	0.009176	-0.006435	-0.168362	3600.000000
2015-05-11	0.003324	0.012531	0.013650	0.012531	0.059423	1900.000000
2015-05-08	0.017475	0.015995	0.061530	0.015995	0.307011	6100.000000
2015-05-07	0.012557	0.008581	0.022413	0.008581	0.217878	800.000000
2015-05-06	-0.023955	-0.000392	0.008046	-0.015017	-0.425853	3500.000000
2015-05-05	-0.014819	0.018601	0.018601	-0.014096	-0.267397	4600.000000
2015-05-04	0.015042	0.018172	0.025485	0.011984	0.267397	5700.000000
2015-05-01	-0.007739	-0.015384	0.016432	-0.018175	-0.138651	4500.000000
2015-04-30	0.011179	0.004654	0.021587	0.001268	0.198072	3700.000000
2015-04-29	-0.006111	0.011417	0.023197	-0.011583	-0.108940	7900.000000
2015-04-28	0.019830	0.018887	0.029757	0.006873	0.346626	9200.000000
2015-04-27	-0.023243	-0.003118	-0.002559	-0.017088	-0.415950	13400.000000
2015-04-24	0.003889	-0.007656	0.013661	-0.021119	0.069324	5900.000000
2015-04-23	0.009535	-0.003291	0.020494	-0.003291	0.168362	3700.000000
2015-04-22	0.005073	-0.008480	0.024533	-0.009049	0.089132	7900.000000
2015-04-21	-0.006162	0.015391	0.015391	-0.004408	-0.108940	7000.000000
2015-04-20	-0.053552	-0.006328	-0.006328	-0.086100	-1.000263	26100.000000
2015-04-17	0.007479	0.017825	0.017825	0.017285	0.138651	500.000000
2015-04-16	0.015735	0.003707	0.036032	0.003707	0.287204	9800.000000
2015-04-15	-0.010735	0.004856	0.012444	-0.001648	-0.198070	3400.000000
2015-04-14	-0.006400	0.002195	0.010272	-0.035502	-0.118845	7500.000000
2015-04-13	-0.005832	0.010269	0.010805	-0.001509	-0.108940	2100.000000
2015-04-10	0.002658	0.007050	0.017249	0.006513	0.049518	2900.000000
2015-04-09	-0.010521	0.001767	0.001767	-0.001420	-0.198072	4500.000000
2015-04-08	0.000000	0.008672	0.009734	0.008672	0.000000	600.000000
2015-04-07	-0.004712	0.001275	0.004976	-0.000311	-0.089132	6700.000000
2015-04-06	0.004206	-0.010970	0.014512	-0.010970	0.079229	7500.000000
2015-04-02	0.002107	0.018778	0.018778	0.008138	0.039614	4000.000000
2015-04-01	-0.000527	-0.003559	0.029939	-0.003559	-0.009903	12800.000000
2015-03-31	-0.005759	0.001275	0.003919	0.001275	-0.108940	700.000000
2015-03-30	-0.003132	0.010788	0.010788	0.006572	-0.059422	1200.000000
2015-03-27	0.003141	0.011320	0.012906	0.011320	0.059422	1000.000000
2015-03-26	0.007916	0.008668	0.017727	0.008668	0.148553	900.000000
2015-03-25	-0.013535	0.011836	0.024977	-0.003932	-0.257492	10500.000000
2015-03-24	0.006813	0.014497	0.018731	0.010792	0.128746	9400.000000
2015-03-23	-0.006250	0.007630	0.007630	-0.004466	-0.118845	5700.000000
2015-03-20	0.003135	0.002876	0.012899	0.002876	0.059424	4700.000000
2015-03-19	0.007899	0.009734	0.017710	0.007607	0.148554	2200.000000
2015-03-18	-0.015042	0.004497	0.013400	-0.005454	-0.287205	2000.000000
2015-03-17	-0.001036	0.010780	0.014966	0.008688	-0.019806	6900.000000
2015-03-16	0.007833	0.011843	0.022916	0.011843	0.148554	3200.000000
2015-03-13	0.001569	0.010790	0.011318	0.008678	0.029709	700.000000
2015-03-12	0.004729	0.013448	0.018224	0.005489	0.089132	6700.000000
2015-03-11	0.003163	0.012395	0.021444	0.003347	0.059423	7200.000000
2015-03-10	-0.004722	0.015561	0.015561	-0.000861	-0.089132	1400.000000
2015-03-09	0.006867	0.004933	0.020402	0.001733	0.128746	8800.000000
2015-03-06	-0.007862	0.005500	0.007617	0.001796	-0.148554	1500.000000
2015-03-05	0.001575	0.016625	0.017155	-0.000337	0.029711	2400.000000
2015-03-04	0.007937	0.014008	0.025227	0.011871	0.148554	3400.000000
2015-03-03	-0.007874	-0.006697	0.009204	-0.006697	-0.148554	2400.000000
2015-03-02	0.004747	0.011864	0.018787	0.010799	0.089132	6300.000000
2015-02-27	0.012821	0.022140	0.024837	0.016746	0.237687	17500.000000
2015-02-26	0.019053	0.012482	0.041065	0.012482	0.346624	7800.000000
2015-02-25	-0.028042	0.015076	0.015076	-0.018581	-0.524889	6700.000000
2015-02-24	0.013405	0.015148	0.040053	0.014065	0.247591	6400.000000
2015-02-23	0.036111	0.023197	0.056294	0.020392	0.643732	21600.000000
2015-02-20	-0.007718	-0.005852	0.005281	-0.005852	-0.138649	3900.000000
2015-02-19	0.018529	0.009734	0.049987	0.009734	0.326819	21200.000000
2015-02-18	0.007923	0.009734	0.018877	0.004020	0.138649	6100.000000
2015-02-17	0.007986	-0.006394	0.029318	-0.009274	0.138650	13300.000000
2015-02-13	-0.001140	-0.003499	0.009159	-0.003499	-0.019806	1700.000000
2015-02-12	0.010945	0.010897	0.020785	0.010897	0.188168	5100.000000
2015-02-11	0.000000	0.013805	0.013805	0.006826	0.000000	2800.000000
2015-02-10	0.015205	0.012686	0.027449	0.012686	0.257494	5100.000000
2015-02-09	0.002933	0.010326	0.013880	0.009734	0.049519	900.000000
2015-02-06	-0.031250	0.006865	0.015471	-0.023541	-0.544699	14500.000000
2015-02-05	0.011494	0.019019	0.022501	0.005672	0.198072	9900.000000
2015-02-04	-0.008547	-0.010403	0.003981	-0.010403	-0.148554	2800.000000
2015-02-03	0.002857	0.016081	0.016081	0.010888	0.049517	4100.000000
2015-02-02	0.020408	0.012678	0.045060	0.012678	0.346626	17300.000000
2015-01-30	0.000584	0.009734	0.025051	0.008556	0.009905	7000.000000
2015-01-29	0.010613	0.012115	0.021046	0.009734	0.178265	24800.000000
2015-01-28	0.000000	0.012115	0.012115	0.009734	0.000000	6600.000000
2015-01-27	-0.002353	0.009734	0.011516	0.007358	-0.039616	3100.000000
2015-01-26	0.000000	0.009140	0.011516	0.009140	0.000000	6900.000000
2015-01-23	-0.005266	0.007371	0.017415	-0.000901	-0.089132	6200.000000
2015-01-22	0.001759	0.012693	0.013285	0.006183	0.029711	6500.000000
2015-01-21	-0.018412	-0.000143	-0.000143	-0.008857	-0.316914	10700.000000
2015-01-20	0.004624	0.000395	0.014987	0.000395	0.079228	1300.000000
2015-01-16	0.000000	0.009734	0.009734	0.009734	0.000000	0.000000
2015-01-15	0.011696	0.016820	0.028630	0.010915	0.198072	5200.000000
2015-01-14	-0.014977	-0.051920	0.001591	-0.051920	-0.257494	9400.000000
2015-01-13	0.001153	0.008569	0.023127	0.007987	0.019808	4700.000000
2015-01-12	-0.001727	0.006246	0.007990	0.006246	-0.029713	3900.000000
2015-01-09	0.024779	0.004968	0.040115	0.004968	0.415951	5400.000000
2015-01-08	0.012545	0.010940	0.022401	0.010337	0.207977	6500.000000
2015-01-07	-0.000597	-0.004734	0.011542	-0.004734	-0.009903	8800.000000
2015-01-06	-0.000597	-0.008340	0.009734	-0.008340	-0.009905	7500.000000
2015-01-05	-0.050963	-0.010278	-0.010278	-0.044584	-0.891323	4600.000000
2015-01-02	0.000000	0.009734	0.009734	0.009734	0.000000	0.000000
2014-12-31	0.020809	0.030162	0.048839	0.024325	0.356530	4300.000000
2014-12-30	-0.014245	-0.004650	-0.004650	-0.004650	-0.247590	0.000000
2014-12-29	0.000000	0.009734	0.009734	0.009734	0.000000	0.000000
2014-12-26	0.019164	0.027912	0.029084	0.025566	0.326819	1700.000000
2014-12-24	-0.009776	-0.010008	0.000444	-0.010008	-0.168362	13100.000000
2014-12-23	0.035736	0.021762	0.046419	0.021762	0.594216	1700.000000
2014-12-22	0.003586	0.016977	0.026030	0.006716	0.059423	14400.000000
2014-12-19	0.004805	0.020650	0.021256	0.014586	0.079228	2800.000000
2014-12-18	-0.008929	0.006729	0.012739	0.000718	-0.148554	9700.000000
2014-12-17	0.004785	0.011546	0.025436	0.004903	0.079229	8300.000000
2014-12-16	-0.016471	0.006764	0.006764	-0.006897	-0.277302	3000.000000
2014-12-15	0.000000	0.009734	0.009734	0.009734	0.000000	0.000000
2014-12-12	-0.018476	0.005070	0.005070	-0.017666	-0.316913	29700.000000
2014-12-11	0.012273	0.007963	0.039241	0.004423	0.207973	7500.000000
2014-12-10	0.004108	0.013289	0.022770	0.012104	0.069325	7000.000000
2014-12-09	-0.009302	0.000928	0.014430	-0.013748	-0.158457	13100.000000
2014-12-08	-0.042849	0.000182	0.000182	-0.040837	-0.762575	10500.000000
2014-12-05	-0.009372	0.001941	0.001941	-0.001399	-0.168362	10300.000000
2014-12-04	-0.009825	0.003671	0.011939	-0.000187	-0.178265	30800.000000
2014-12-03	0.003836	0.015267	0.016373	0.008074	0.069325	4800.000000
2014-12-02	0.006064	0.010291	0.018640	0.008621	0.108940	8100.000000
2014-12-01	-0.015735	0.009734	0.009734	-0.006155	-0.287205	4100.000000
2014-11-28	-0.006469	0.007012	0.007012	0.003202	-0.118843	3900.000000
2014-11-26	0.004331	0.005907	0.014107	0.003174	0.079230	5100.000000
2014-11-25	0.002714	0.008089	0.012475	0.007541	0.049516	3300.000000
2014-11-24	0.006557	0.020218	0.024080	0.012493	0.118845	5100.000000
2014-11-21	0.006047	0.010289	0.018616	0.010289	0.108938	7700.000000
2014-11-20	-0.000549	0.026933	0.026933	0.008624	-0.009904	1500.000000
2014-11-19	0.001100	0.008068	0.016399	0.000292	0.019807	18500.000000
2014-11-18	0.011124	0.011419	0.020966	0.011419	0.198073	24000.000000
2014-11-17	0.000557	0.008048	0.010296	0.007486	0.009905	8500.000000
2014-11-14	0.003911	0.010298	0.014247	0.010298	0.069324	8400.000000
2014-11-13	-0.003895	0.010858	0.010858	-0.008809	-0.069324	4800.000000
2014-11-12	0.000000	0.009172	0.011420	0.002991	0.000000	5700.000000
2014-11-11	0.026271	-0.007566	0.036837	-0.007566	0.455564	11900.000000
2014-11-10	0.000000	0.009734	0.009734	0.009734	0.000000	0.000000
2014-11-07	0.009222	0.014390	0.020792	0.014390	0.158457	8500.000000
2014-11-06	0.009895	0.010909	0.025015	0.010909	0.168362	4600.000000
2014-11-05	0.011183	-0.008690	0.025186	-0.008690	0.188169	17700.000000
2014-11-04	0.013723	0.009734	0.024193	0.009734	0.227781	4400.000000
2014-11-03	-0.005341	0.010932	0.010932	0.003741	-0.089132	6900.000000
2014-10-31	0.012012	0.019437	0.024289	-0.011492	0.198073	6600.000000
2014-10-30	0.006650	0.007902	0.031101	0.003629	0.108938	7000.000000
2014-10-29	0.000605	-0.000650	0.010345	-0.007981	0.009905	3000.000000
2014-10-28	0.003034	0.012185	0.019537	0.010959	0.049518	2400.000000
2014-10-27	-0.021959	-0.006446	0.006738	-0.016633	-0.366434	9900.000000
2014-10-24	0.026188	0.021418	0.038636	0.021418	0.425856	9200.000000
2014-10-23	0.014206	0.004121	0.029692	0.004121	0.227781	3600.000000
2014-10-22	-0.012805	-0.004427	0.008503	-0.004427	-0.207973	1200.000000
2014-10-21	0.000000	0.009734	0.016507	0.009734	0.000000	4700.000000
2014-10-20	0.012346	0.022200	0.042145	0.022200	0.198070	9300.000000
2014-10-17	0.035144	0.023928	0.054253	0.023928	0.544699	5100.000000
2014-10-16	-0.038698	0.011595	0.023379	-0.038644	-0.623928	15600.000000
2014-10-15	0.015596	0.007844	0.025482	0.007844	0.247590	1600.000000
2014-10-14	-0.005583	0.010987	0.010987	-0.003420	-0.089132	7900.000000
2014-10-13	-0.006778	-0.003331	0.010978	-0.004575	-0.108940	9200.000000
2014-10-10	-0.025225	-0.013311	-0.009672	-0.029079	-0.415950	13200.000000
2014-10-09	-0.005970	0.009734	0.012145	-0.001117	-0.099036	2100.000000
2014-10-08	0.000597	-0.001727	0.019385	-0.003536	0.009903	24800.000000
2014-10-07	-0.003571	0.019951	0.020553	-0.005292	-0.059421	9700.000000
2014-10-06	0.007194	0.013366	0.023052	0.009129	0.118843	3800.000000
2014-10-03	0.003610	0.002443	0.013379	-0.002417	0.059421	9100.000000
2014-10-02	-0.005386	0.002483	0.004296	-0.018062	-0.089132	8500.000000
2014-10-01	0.006020	0.013381	0.015813	0.012773	0.099035	1300.000000
2014-09-30	-0.008950	-0.010148	0.006119	-0.010148	-0.148554	3500.000000
2014-09-29	0.006607	0.016405	0.026108	0.010947	0.108941	6500.000000
2014-09-26	0.000601	0.018229	0.023084	0.010341	0.009904	2300.000000
2014-09-25	-0.006567	0.008528	0.008528	0.003103	-0.108940	8500.000000
2014-09-24	0.007822	0.005481	0.020670	0.005481	0.128746	3800.000000
2014-09-23	-0.001802	0.009734	0.013979	0.004276	-0.029710	5900.000000
2014-09-22	-0.009518	0.008533	0.009734	-0.002279	-0.158457	12900.000000
2014-09-19	0.008398	0.009734	0.018820	0.007917	0.138649	4500.000000
2014-09-18	-0.007738	0.007330	0.012739	-0.003489	-0.128746	13400.000000
2014-09-17	0.002985	0.013351	0.013351	0.009131	0.049518	15500.000000
2014-09-16	-0.008289	0.005549	0.005549	0.001364	-0.138651	5100.000000
2014-09-15	-0.001773	0.009137	0.014508	0.003766	-0.029710	4100.000000
2014-09-12	0.007743	0.015748	0.018153	0.013342	0.128746	4100.000000
2014-09-11	0.004187	0.013357	0.013961	0.007318	0.069326	5300.000000
2014-09-10	0.002398	0.006102	0.013366	0.006102	0.039614	2900.000000
2014-09-09	0.003007	0.010341	0.018842	0.009127	0.049518	10500.000000
2014-09-08	0.001204	0.009126	0.010950	0.006086	0.019806	1600.000000
2014-09-05	-0.001803	0.008520	0.010341	0.005486	-0.029709	17500.000000
2014-09-04	0.000000	0.009734	0.010341	0.004879	0.000000	16800.000000
2014-09-03	0.006046	0.010344	0.016449	0.010344	0.099034	36000.000000
2014-09-02	-0.000604	0.009734	0.009734	0.005463	-0.009901	7400.000000
2014-08-29	-0.001207	0.010953	0.010953	0.003031	-0.019808	16000.000000
2014-08-28	-0.001807	0.001218	0.009126	0.001218	-0.029711	3300.000000
2014-08-27	0.002415	0.024368	0.024368	0.009124	0.039614	114100.000000
2014-08-26	-0.002410	0.018858	0.020683	0.000610	-0.039614	20000.000000
2014-08-25	0.000000	0.009734	0.014600	0.003651	0.000000	25900.000000
2014-08-22	-0.000602	0.009734	0.012165	0.006694	-0.009905	131600.000000
2014-08-21	0.003019	0.015831	0.015831	0.012173	0.049519	10100.000000
2014-08-20	-0.007789	0.013364	0.013364	0.001869	-0.128748	4700.000000
2014-08-19	0.005422	0.031024	0.034065	0.015208	0.089134	11300.000000
2014-08-18	0.002415	0.012783	0.014612	0.009734	0.039614	15600.000000
2014-08-15	-0.000603	0.012172	0.013390	0.009125	-0.009903	26500.000000
2014-08-14	-0.005402	0.007310	0.009128	0.003673	-0.089132	2400.000000
2014-08-13	0.003614	0.010342	0.015208	0.009734	0.059421	24900.000000
2014-08-12	0.000000	0.009734	0.009734	0.007301	0.000000	3000.000000
2014-08-11	0.004843	0.017068	0.017680	0.014012	0.079228	12900.000000
2014-08-08	0.004255	0.005437	0.018941	0.003596	0.069324	17500.000000
2014-08-07	0.009203	0.017168	0.025221	0.015929	0.148556	2500.000000
2014-08-06	0.001844	0.011596	0.011596	0.011596	0.029711	100.000000
2014-08-05	-0.013341	0.003611	0.007285	-0.003737	-0.217879	2700.000000
2014-08-04	0.001823	0.011574	0.011574	0.011574	0.029711	100.000000
2014-08-01	0.000000	0.013415	0.013415	0.009734	0.000000	1000.000000
2014-07-31	-0.009627	0.009734	0.010341	-0.000594	-0.158459	12700.000000
2014-07-30	0.001808	0.010343	0.012777	-0.000004	0.029711	2500.000000
2014-07-29	0.003630	0.021340	0.021340	0.013399	0.059422	2400.000000
2014-07-28	0.004863	0.012803	0.020783	0.010348	0.079227	6800.000000
2014-07-25	-0.005441	-0.002476	0.010955	-0.002476	-0.089132	6100.000000
2014-07-24	0.001211	0.010956	0.016457	0.010956	0.019808	3200.000000
2014-07-23	-0.004219	0.009734	0.012168	0.004256	-0.069325	5000.000000
2014-07-22	0.003023	0.012786	0.015839	0.003629	0.049517	4200.000000
2014-07-21	-0.003614	0.004259	0.006084	0.003651	-0.059420	3100.000000
2014-07-18	0.004843	0.004844	0.016457	0.004233	0.079228	6100.000000
2014-07-17	0.013497	0.022123	0.023362	0.022123	0.217880	200.000000
2014-07-16	-0.001837	0.017154	0.025192	-0.002633	-0.029711	15600.000000
2014-07-15	-0.013889	0.004246	0.012173	-0.004290	-0.227783	5900.000000
2014-07-14	0.000604	0.012785	0.012785	0.003633	0.009905	11400.000000
2014-07-11	0.005468	0.014028	0.018322	0.010961	0.089132	3000.000000
2014-07-10	-0.009031	0.009734	0.009734	0.000007	-0.148556	13300.000000
2014-07-09	0.002414	0.014000	0.014609	0.010343	0.039616	2900.000000
2014-07-08	-0.001807	0.009734	0.011559	0.000002	-0.029711	9500.000000
2014-07-07	-0.003003	0.009127	0.009734	0.006702	-0.049518	14600.000000
2014-07-03	0.000000	0.009734	0.009734	0.006702	0.000000	2600.000000
2014-07-02	-0.002994	0.008525	0.009734	0.003688	-0.049519	36800.000000
2014-07-01	0.000599	0.009734	0.010944	0.003079	0.009903	42800.000000
2014-06-30	-0.000599	0.009734	0.009734	0.006711	-0.009903	12200.000000
2014-06-27	0.000599	0.007919	0.010339	0.007314	0.009903	17300.000000
2014-06-26	-0.001197	0.010942	0.010942	0.006108	-0.019806	6200.000000
2014-06-25	0.009668	0.011564	0.021936	0.011564	0.158459	11900.000000
2014-06-24	-0.006006	0.007308	0.009734	0.003669	-0.099037	29700.000000
2014-06-23	0.003617	0.011560	0.016429	0.010951	0.059421	20100.000000
2014-06-20	0.004846	0.017073	0.021354	0.009734	0.079229	14000.000000
2014-06-19	-0.008408	0.001244	0.005489	0.001244	-0.138650	5000.000000
2014-06-18	-0.000600	0.001855	0.010340	0.000643	-0.009903	3200.000000
2014-06-17	0.000000	0.009734	0.012158	0.007310	0.000000	13400.000000
2014-06-16	0.009085	0.015238	0.020743	0.015238	0.148553	14400.000000
2014-06-13	-0.002417	0.007904	0.017665	0.007294	-0.039613	25600.000000
2014-06-12	0.001816	0.009734	0.017680	0.009734	0.029709	2700.000000
2014-06-11	-0.009592	0.004891	0.010945	-0.000557	-0.158457	30800.000000
2014-06-10	-0.000599	0.008524	0.010339	0.004289	-0.009905	2400.000000
2014-06-09	-0.005364	0.013344	0.016353	-0.006513	-0.089132	63000.000000
2014-06-06	-0.001785	0.007331	0.007932	0.007331	-0.029709	500.000000
2014-06-05	0.003582	0.011542	0.013954	0.009734	0.059421	1900.000000
2014-06-04	-0.010047	0.004363	0.007347	-0.001008	-0.168361	33800.000000
2014-06-03	0.007143	0.006729	0.017547	0.006729	0.118843	85900.000000
2014-06-02	-0.002967	0.009734	0.011532	0.004341	-0.049519	15500.000000
2014-05-30	0.007173	0.008527	0.017580	0.006716	0.118845	18800.000000
2014-05-29	-0.000597	0.006718	0.009131	0.006718	-0.009905	2100.000000
2014-05-28	0.000598	-0.000526	0.010338	-0.000526	0.009905	9900.000000
2014-05-27	0.031443	0.027787	0.041483	0.027787	0.505083	29000.000000
2014-05-23	0.000617	0.009734	0.010357	0.009734	0.009903	4900.000000
2014-05-22	-0.014590	0.005437	0.005437	-0.004998	-0.237688	6700.000000
2014-05-21	0.017946	0.009109	0.028479	0.005985	0.287207	15000.000000
2014-05-20	-0.003699	0.005999	0.008489	0.004754	-0.059422	2900.000000
2014-05-19	0.018205	0.008466	0.028116	-0.002309	0.287203	33500.000000
2014-05-16	-0.006858	0.005327	0.006586	0.001550	-0.108940	10700.000000
2014-05-15	0.007538	0.015442	0.017345	0.009100	0.118844	9300.000000
2014-05-14	-0.001881	0.010367	0.017964	0.007835	-0.029710	37300.000000
2014-05-13	0.002514	0.010369	0.020523	0.000214	0.039614	51900.000000
2014-05-12	0.000000	0.006561	0.011003	0.006561	0.000000	29400.000000
2014-05-09	0.000000	0.028139	0.029408	0.003387	0.000000	28000.000000
2014-05-08	-0.000628	0.002123	0.011002	-0.000414	-0.009904	22800.000000
2014-05-07	-0.005000	0.004685	0.006579	-0.001626	-0.079228	18100.000000
2014-05-06	-0.006211	0.011615	0.011615	-0.006572	-0.099037	21800.000000
2014-05-05	-0.007398	0.008489	0.008489	-0.000849	-0.118842	29800.000000
2014-05-02	-0.001232	0.026521	0.026521	-0.005188	-0.019808	43100.000000
2014-05-01	0.000616	0.010356	0.016577	0.009734	0.009903	36400.000000
2014-04-30	0.002471	0.011605	0.012229	0.001626	0.039614	6900.000000
2014-04-29	-0.006748	0.009734	0.009734	0.002920	-0.108938	26400.000000
2014-04-28	-0.006703	0.009734	0.014656	0.002965	-0.108940	47800.000000
2014-04-25	-0.004248	0.004832	0.010959	0.002382	-0.069325	23200.000000
2014-04-24	-0.042417	-0.026055	-0.023709	-0.040137	-0.722961	49500.000000
2014-04-23	0.001163	0.009146	0.012083	0.005622	0.019804	75000.000000
2014-04-22	0.005851	0.010325	0.016233	0.010325	0.099037	36100.000000
2014-04-21	0.005886	0.013300	0.016866	0.013300	0.099037	61700.000000
2014-04-17	0.007711	0.013926	0.017520	0.010932	0.128746	33700.000000
2014-04-16	0.007168	0.017575	0.026623	0.015163	0.118843	41200.000000
2014-04-15	0.000598	0.010941	0.012148	0.009734	0.009905	22800.000000
2014-04-14	0.005409	0.024297	0.024297	0.015195	0.089132	104400.000000
2014-04-11	-0.002996	0.013969	0.013969	0.006709	-0.049520	163800.000000
2014-04-10	-0.004177	0.012144	0.012144	0.005517	-0.069325	153100.000000
2014-04-09	0.003593	0.012757	0.017594	0.011548	0.059422	67900.000000
2014-04-08	-0.002985	0.009734	0.012748	0.006720	-0.049517	127300.000000
2014-04-07	-0.002976	0.034977	0.034977	0.006729	-0.049518	101100.000000
2014-04-04	0.001789	0.014551	0.015153	0.010336	0.029711	18400.000000
2014-04-03	-0.012949	0.010328	0.011517	-0.004529	-0.217879	132800.000000
2014-04-02	-0.000588	0.007952	0.009734	0.007952	-0.009905	14600.000000
2014-04-01	0.001768	0.009734	0.012709	0.009139	0.029713	17400.000000
2014-03-31	-0.000589	0.009734	0.011518	0.008545	-0.009905	15500.000000
2014-03-28	0.000000	0.009139	0.010923	0.004977	0.000000	45300.000000
2014-03-27	0.000000	0.009734	0.010923	0.009139	0.000000	44300.000000
2014-03-26	-0.000589	0.010328	0.013300	0.007951	-0.009903	181500.000000
2014-03-25	0.001179	0.011519	0.013899	0.001999	0.019808	101300.000000
2014-03-24	0.080204	0.054083	0.102930	0.054083	1.247852	83300.000000
2014-03-21	-0.005696	0.016125	0.016125	0.003982	-0.089133	1800.000000
2014-03-20	0.006369	0.009734	0.016808	0.009734	0.099036	8100.000000
2014-03-19	0.000000	0.012306	0.020667	0.009734	0.000000	5400.000000
2014-03-18	-0.009464	0.000815	0.003363	0.000178	-0.148554	6700.000000
2014-03-17	-0.007514	-0.004176	0.002147	-0.004176	-0.118843	700.000000
2014-03-14	0.005035	0.011640	0.016724	0.011005	0.079229	8400.000000
2014-03-13	-0.009969	0.014767	0.016025	-0.002848	-0.158457	4900.000000
2014-03-12	0.001873	0.008473	0.011625	0.008473	0.029710	2900.000000
2014-03-11	0.001250	0.009734	0.016045	0.009734	0.019808	12000.000000
2014-03-10	0.005025	0.003391	0.014808	0.000220	0.079228	14400.000000
2014-03-07	-0.001881	0.007202	0.007835	0.005936	-0.029710	3200.000000
2014-03-06	0.001255	0.010368	0.011002	0.007832	0.019806	4900.000000
2014-03-05	-0.010559	0.004717	0.004717	-0.000928	-0.168361	1900.000000
2014-03-04	0.006250	0.009734	0.021093	0.001530	0.099037	10400.000000
2014-03-03	0.012658	0.022515	0.022515	0.021876	0.198071	7600.000000
2014-02-28	-0.009404	-0.006726	0.000238	-0.007359	-0.148553	2200.000000
2014-02-27	-0.002502	0.007208	0.007208	0.005945	-0.039615	2800.000000
2014-02-26	-0.000625	0.009734	0.009734	0.009103	-0.009903	400.000000
2014-02-25	0.000000	0.009734	0.024249	0.009103	0.000000	11800.000000
2014-02-24	0.003135	0.005936	0.025561	0.004669	0.049518	32000.000000
2014-02-21	-0.007467	0.006592	0.006592	0.002194	-0.118843	3400.000000
2014-02-20	0.000000	0.009734	0.009734	0.009734	0.000000	0.000000
2014-02-19	-0.013505	-0.008242	-0.003903	-0.008242	-0.217880	1100.000000
2014-02-18	-0.012727	0.009734	0.009734	-0.003117	-0.207976	4000.000000
2014-02-14	-0.017272	-0.007706	-0.006504	-0.007706	-0.287204	1400.000000
2014-02-13	0.000000	0.009734	0.009734	0.009734	0.000000	0.000000
2014-02-12	0.000000	0.009734	0.009734	0.009734	0.000000	0.000000
2014-02-11	0.003586	0.015166	0.015166	0.013355	0.059423	300.000000
2014-02-10	0.000000	0.009734	0.009734	0.009734	0.000000	0.000000
2014-02-07	0.000000	0.009734	0.009734	0.009734	0.000000	200.000000
2014-02-06	0.000000	0.009734	0.009734	0.009734	0.000000	0.000000
2014-02-05	-0.001790	-0.002918	0.007926	-0.015570	-0.029713	14500.000000
2014-02-04	0.012689	0.022546	0.022546	0.022546	0.207978	2300.000000
2014-02-03	-0.024750	-0.003356	-0.003356	-0.015257	-0.415951	4500.000000
2014-01-31	0.000000	0.009734	0.009734	0.009734	0.000000	0.000000
2014-01-30	0.000000	0.009734	0.009734	0.009734	0.000000	0.000000
2014-01-29	0.003548	0.019288	0.019288	0.013317	0.059420	5400.000000
2014-01-28	0.000592	0.009734	0.015709	0.009734	0.009904	2100.000000
2014-01-27	-0.017442	-0.010226	-0.007878	-0.021967	-0.297109	11000.000000
2014-01-24	-0.016581	-0.004122	-0.004122	-0.007008	-0.287203	4500.000000
2014-01-23	0.012153	0.024927	0.031939	0.022005	0.207974	8000.000000
2014-01-22	0.003484	0.014425	0.014425	0.013252	0.059423	200.000000
2014-01-21	0.011751	0.021599	0.021599	0.021599	0.198070	2400.000000
2014-01-17	-0.001759	-0.010402	0.007957	-0.010402	-0.029708	1100.000000
2014-01-16	0.000000	0.021578	0.021578	0.006773	0.000000	16600.000000
2014-01-15	-0.027936	-0.008688	-0.006961	-0.018474	-0.485279	15000.000000
2014-01-14	0.013873	0.018489	0.027244	0.018489	0.237688	8300.000000
2014-01-13	-0.002882	0.006824	0.006824	0.006824	-0.049519	1800.000000
2014-01-10	0.000000	0.009734	0.009734	0.009734	0.000000	0.000000
2014-01-09	0.002890	0.018489	0.018489	0.012652	0.049519	3400.000000
2014-01-08	0.000000	0.010318	0.010318	0.009734	0.000000	1200.000000
2014-01-07	0.000000	0.009734	0.009734	0.009734	0.000000	2800.000000
2014-01-06	-0.011429	-0.007576	-0.000652	-0.009884	-0.198073	1100.000000
2014-01-03	-0.003984	0.009159	0.009159	0.005711	-0.069324	4300.000000
2014-01-02	0.012680	0.006824	0.025447	0.006824	0.217878	4100.000000
2013-12-31	0.002890	0.009734	0.012652	0.009150	0.049519	9000.000000
2013-12-30	-0.004603	0.005086	0.006248	0.005086	-0.079228	6800.000000
2013-12-27	-0.011939	-0.006913	-0.002321	-0.006913	-0.207977	1200.000000
2013-12-26	0.002279	0.016638	0.018364	0.012035	0.039615	7300.000000
2013-12-24	0.010945	-0.001899	0.020785	-0.001899	0.188168	1300.000000
2013-12-23	-0.013636	-0.007477	-0.004035	-0.007477	-0.237686	9100.000000
2013-12-20	0.005714	-0.007576	0.016081	-0.007576	0.099035	177900.000000
2013-12-19	-0.001711	0.008582	0.008582	0.008006	-0.029711	800.000000
2013-12-18	0.008631	0.016706	0.018449	0.016125	0.148556	8500.000000
2013-12-17	-0.001149	0.009734	0.010895	0.003931	-0.019808	15800.000000
2013-12-16	0.002882	0.012062	0.012644	0.010898	0.049517	4800.000000
2013-12-13	0.006381	0.008562	0.019105	0.007977	0.108940	5000.000000
2013-12-12	-0.002315	0.007397	0.007397	0.007397	-0.039615	3100.000000
2013-12-11	-0.001733	0.009734	0.011484	0.006234	-0.029709	29200.000000
2013-12-10	0.000000	0.009734	0.009734	0.009734	0.000000	0.000000
2013-12-09	0.000000	0.009734	0.009734	0.009734	0.000000	0.000000
2013-12-06	-0.001730	0.006822	0.007987	0.006240	-0.029711	400.000000
2013-12-05	0.007554	0.016775	0.019122	0.016775	0.128748	8100.000000
2013-12-04	0.000000	0.009734	0.009734	0.009734	0.000000	0.000000
2013-12-03	-0.004051	0.005643	0.005643	0.005643	-0.069328	500.000000
2013-12-02	0.009346	0.007965	0.019171	0.007965	0.158458	1500.000000
2013-11-29	-0.012687	0.001582	0.001582	-0.003077	-0.217878	22000.000000
2013-11-27	0.004635	0.012074	0.016169	0.009149	0.079227	2700.000000
2013-11-26	0.015294	0.018049	0.027553	0.018049	0.257494	7400.000000
2013-11-25	0.040392	0.009734	0.090686	-0.005097	0.653637	31300.000000
2013-11-22	0.021250	0.016676	0.034977	0.015414	0.336724	27000.000000
2013-11-21	-0.004356	0.008477	0.008477	0.004707	-0.069325	3700.000000
2013-11-20	0.015803	0.017393	0.028882	0.016755	0.247589	24700.000000
2013-11-19	-0.010012	-0.010486	-0.000376	-0.010486	-0.158457	3700.000000
2013-11-18	0.008202	-0.021482	0.035853	-0.021482	0.128746	13800.000000
2013-11-15	0.018638	0.005840	0.028553	-0.003894	0.287204	20200.000000
2013-11-14	0.040803	0.015137	0.050934	0.009734	0.604120	12800.000000
2013-11-13	0.000000	0.006357	0.009734	0.006357	0.000000	5600.000000
2013-11-12	-0.006645	-0.005026	0.003025	-0.005697	-0.099036	7200.000000
2013-11-11	-0.007256	0.003073	0.003073	0.002407	-0.108939	300.000000
2013-11-08	0.016086	0.009734	0.030037	0.002966	0.237686	7300.000000
2013-11-07	0.000000	0.009734	0.009734	0.009734	0.000000	0.000000
2013-11-06	-0.009296	0.002359	0.002359	0.000347	-0.138651	900.000000
2013-11-05	0.006685	0.019858	0.019858	0.007709	0.099037	1800.000000
2013-11-04	-0.002001	0.008387	0.010408	0.002324	-0.029710	12500.000000
2013-11-01	-0.003987	0.006379	0.010405	0.005037	-0.059423	10600.000000
2013-10-31	0.006689	0.009734	0.019865	0.009734	0.099036	8400.000000
2013-10-30	-0.022876	0.006434	0.006434	-0.013365	-0.346626	28800.000000
2013-10-29	0.003279	0.013045	0.026287	0.013045	0.049519	10500.000000
2013-10-28	-0.016129	0.012991	0.012991	-0.006552	-0.247590	16000.000000
2013-10-25	-0.004496	0.009734	0.014274	-0.011018	-0.069326	16400.000000
2013-10-24	0.008420	0.009734	0.026737	0.009080	0.128747	17900.000000
2013-10-23	0.000000	0.009734	0.009734	0.009734	0.000000	2500.000000
2013-10-22	0.014455	0.013714	0.028973	0.011724	0.217879	12400.000000
2013-10-21	-0.026854	0.007151	0.007151	-0.018027	-0.415951	8500.000000
2013-10-18	0.001922	0.012321	0.013615	0.011675	0.029712	900.000000
2013-10-17	0.029683	0.015728	0.065016	0.011066	0.445661	18800.000000
2013-10-16	0.000000	0.074341	0.074341	0.009068	0.000000	20700.000000
2013-10-15	0.000660	0.009734	0.016399	0.009734	0.009904	8200.000000
2013-10-14	0.000000	0.010400	0.010400	-0.000263	0.000000	3200.000000
2013-10-11	0.006644	0.017114	0.017114	0.006379	0.099035	4400.000000
2013-10-10	0.005344	0.011757	0.015130	0.011757	0.079229	2100.000000
2013-10-09	0.000000	0.009734	0.009734	0.009734	0.000000	0.000000
2013-10-08	0.001338	0.009734	0.013111	0.009734	0.019807	3800.000000
2013-10-07	0.004704	0.022627	0.022627	0.012448	0.069326	2600.000000
2013-10-04	-0.011296	0.014430	0.015772	-0.001672	-0.168362	2700.000000
2013-10-03	0.000000	0.009734	0.009734	0.009734	0.000000	0.000000
2013-10-02	0.000000	0.027849	0.027849	0.009734	0.000000	800.000000
2013-10-01	0.001997	0.010406	0.013095	0.009734	0.029711	7500.000000
2013-09-30	-0.013788	-0.004189	-0.004189	-0.004189	-0.207974	1300.000000
2013-09-27	0.001315	0.017036	0.017036	0.009070	0.019805	6200.000000
2013-09-26	0.007285	0.022439	0.022439	0.015083	0.108940	5700.000000
2013-09-25	0.006667	0.013100	0.016466	0.013100	0.099037	63800.000000
2013-09-24	-0.005964	0.004381	0.004381	0.003712	-0.089133	5200.000000
2013-09-23	0.000000	0.009734	0.009734	0.009734	0.000000	0.000000
2013-09-20	0.000000	0.009734	0.009734	0.009734	0.000000	0.000000
2013-09-19	-0.003303	0.006399	0.006399	0.006399	-0.049518	100.000000
2013-09-18	0.002649	0.007728	0.012409	0.007728	0.039614	200.000000
2013-09-17	-0.022021	-0.009231	0.000578	-0.013155	-0.336722	15000.000000
2013-09-16	0.018470	0.028383	0.028383	0.028383	0.277301	100.000000
2013-09-13	0.005972	0.015764	0.015764	0.015094	0.089132	700.000000
2013-09-12	-0.001325	0.008396	0.008396	0.008396	-0.019807	500.000000
2013-09-11	0.001327	0.019784	0.027825	0.011074	0.019807	9800.000000
2013-09-10	0.001329	0.014430	0.014430	0.011076	0.019807	2300.000000
2013-09-09	-0.003311	0.014415	0.014415	0.003047	-0.049518	9400.000000
2013-09-06	0.006667	0.023870	0.029929	0.011753	0.099037	18900.000000
2013-09-05	-0.014455	-0.004861	0.011724	-0.008179	-0.217880	32400.000000
2013-09-04	0.021477	0.012445	0.038196	0.012445	0.316916	9500.000000
2013-09-03	-0.008649	0.001000	0.005703	0.001000	-0.128747	1700.000000
2013-08-30	-0.000665	0.009063	0.010405	0.007720	-0.009904	1200.000000
2013-08-29	0.000000	0.009734	0.009734	0.009734	0.000000	0.000000
2013-08-28	0.002667	0.012427	0.012427	0.012427	0.039615	200.000000
2013-08-27	-0.000666	0.009061	0.011079	0.009061	-0.009904	10700.000000
2013-08-26	0.000000	0.009734	0.009734	0.009734	0.000000	0.000000
2013-08-23	0.000000	0.009734	0.009734	0.009734	0.000000	200.000000
2013-08-22	-0.004642	0.004377	0.005047	0.004377	-0.069326	2300.000000
2013-08-21	0.013441	-0.006552	0.023306	-0.006552	0.198073	500.000000
2013-08-20	0.018480	0.006278	0.028394	0.006278	0.267397	6000.000000
2013-08-19	-0.008820	0.000144	0.002199	-0.000542	-0.128747	6700.000000
2013-08-16	0.009589	0.010426	0.020108	0.009734	0.138650	3100.000000
2013-08-15	-0.012179	0.009734	0.009734	-0.022375	-0.178264	10000.000000
2013-08-14	-0.001351	0.006323	0.008369	0.006323	-0.019808	800.000000
2013-08-13	-0.008707	0.013115	0.014468	-0.000411	-0.128747	20200.000000
2013-08-12	-0.013219	0.009734	0.011069	-0.003613	-0.198071	16200.000000
2013-08-09	0.000000	0.009734	0.009734	0.009734	0.000000	2300.000000
2013-08-08	0.000000	0.010401	0.010401	0.009734	0.000000	1500.000000
2013-08-07	-0.005913	0.005753	0.005753	0.003763	-0.089133	9100.000000
2013-08-06	-0.001967	0.009734	0.009734	0.001789	-0.029710	3400.000000
2013-08-05	-0.009740	0.023503	0.026126	-0.000101	-0.148554	4800.000000
2013-08-02	0.019193	0.041810	0.042479	0.029113	0.287205	12200.000000
2013-08-01	-0.016276	-0.009330	-0.006700	-0.009330	-0.247590	600.000000
2013-07-31	0.000000	0.009734	0.009734	0.009734	0.000000	0.000000
2013-07-30	0.041356	0.013157	0.051492	0.013157	0.604119	600.000000
2013-07-29	-0.015354	-0.003747	-0.003747	-0.005769	-0.227783	800.000000
2013-07-26	-0.005312	0.005041	0.005041	0.004370	-0.079230	300.000000
2013-07-25	0.000000	0.009734	0.009734	0.009734	0.000000	0.000000
2013-07-24	-0.013752	-0.008120	-0.004152	-0.008120	-0.207975	2000.000000
2013-07-23	-0.012928	0.011692	0.011692	-0.004626	-0.198072	1200.000000
2013-07-22	0.008475	0.011709	0.028164	0.011709	0.128746	3100.000000
2013-07-19	0.014550	0.028433	0.029768	0.013073	0.217881	5100.000000
2013-07-18	0.053658	0.016770	0.071655	0.016770	0.762576	5000.000000
2013-07-17	0.006311	0.009026	0.016107	0.009026	0.089132	2600.000000
2013-07-16	-0.005579	0.008326	0.009734	-0.012798	-0.079228	9100.000000
2013-07-15	-0.006925	0.020223	0.020223	0.002741	-0.099036	600.000000
2013-07-12	0.000000	0.009734	0.009734	0.009734	0.000000	0.000000
2013-07-11	0.002082	0.011836	0.011836	0.011836	0.029711	300.000000
2013-07-10	0.015504	0.011869	0.027524	0.011157	0.217880	1400.000000
2013-07-09	0.016476	0.011181	0.034326	0.011181	0.227782	1700.000000
2013-07-08	-0.000716	-0.010504	0.009011	-0.010504	-0.009904	400.000000
2013-07-05	0.009393	0.001709	0.019218	-0.007776	0.128747	600.000000
2013-07-03	-0.002163	-0.009922	0.007550	-0.009922	-0.029711	400.000000
2013-07-02	0.005073	0.024368	0.024368	0.009734	0.069326	2400.000000
2013-07-01	0.008772	0.029663	0.045163	-0.003552	0.118843	22800.000000
2013-06-28	0.002198	0.013433	0.054118	0.009734	0.029710	10500.000000
2013-06-27	0.009615	0.018696	0.019443	0.018696	0.128746	800.000000
2013-06-26	0.001482	-0.000737	0.011230	-0.000737	0.019808	1400.000000
2013-06-25	-0.009538	0.000844	0.001585	0.000103	-0.128747	2700.000000
2013-06-24	0.004422	-0.002916	0.015687	-0.002916	0.059423	17200.000000
2013-06-21	0.000000	0.009734	0.009734	0.009734	0.000000	0.000000
2013-06-20	-0.002939	0.015669	0.015669	0.003799	-0.039615	2400.000000
2013-06-19	0.002209	0.009734	0.011965	0.007503	0.029711	5300.000000
2013-06-18	0.014190	0.024062	0.024062	0.024062	0.188167	400.000000
2013-06-17	-0.002978	0.006726	0.006726	0.006726	-0.039614	100.000000
2013-06-14	-0.014674	-0.003601	0.008993	-0.005082	-0.198072	4100.000000
2013-06-13	0.005904	0.016441	0.031344	0.003772	0.079229	2000.000000
2013-06-12	0.000000	0.009734	0.009734	0.009734	0.000000	0.000000
2013-06-11	0.000000	0.009734	0.009734	0.009734	0.000000	0.000000
2013-06-10	-0.015262	-0.002007	-0.002007	-0.005676	-0.207976	18900.000000
2013-06-07	0.015498	0.003772	0.025383	-0.001444	0.207976	60000.000000
2013-06-06	-0.001474	0.009734	0.009734	0.004525	-0.019806	16200.000000
2013-06-05	0.000000	0.009734	0.009734	0.009734	0.000000	0.000000
2013-06-04	0.004441	0.011976	0.014218	0.008986	0.059420	1800.000000
2013-06-03	-0.006618	0.003794	0.003794	0.001567	-0.089132	6100.000000
2013-05-31	0.003690	0.012715	0.013460	0.012715	0.049518	600.000000
2013-05-30	0.000000	0.010479	0.010479	0.009734	0.000000	8500.000000
2013-05-29	0.000000	0.009734	0.009734	0.009734	0.000000	0.000000
2013-05-28	0.002961	0.009734	0.013471	0.000765	0.039614	1000.000000
2013-05-24	-0.002216	0.018683	0.018683	0.007497	-0.029710	4000.000000
2013-05-23	-0.000738	-0.001444	0.009734	-0.001444	-0.009904	6700.000000
2013-05-22	0.021100	0.031800	0.034844	0.027996	0.277301	12100.000000
2013-05-21	-0.001505	0.006695	0.013533	0.006695	-0.019807	119800.000000
2013-05-20	-0.023512	-0.002137	-0.002137	-0.014007	-0.316915	4500.000000
2013-05-17	-0.005844	0.006046	0.006046	-0.016819	-0.079228	2700.000000
2013-05-16	0.010332	0.021657	0.021657	0.017186	0.138649	1600.000000
2013-05-15	-0.004408	0.023088	0.057216	0.005283	-0.059421	10900.000000
2013-05-14	-0.006569	0.031845	0.053956	-0.003533	-0.089132	5400.000000
2013-05-13	0.062016	-0.021576	0.093487	-0.021576	0.792288	22600.000000
2013-05-10	-0.040892	-0.006031	-0.005281	-0.034559	-0.544698	2900.000000
2013-05-09	0.009760	-0.003911	0.042331	-0.005427	0.128747	7200.000000
2013-05-08	0.011389	0.029668	0.051902	0.020468	0.148553	8800.000000
2013-05-07	-0.003782	0.005915	0.011262	0.005915	-0.049518	131500.000000
2013-05-06	-0.009738	0.005952	0.009734	-0.009931	-0.128747	7200.000000
2013-05-03	0.003759	0.006697	0.030232	0.005938	0.049518	7500.000000
2013-05-02	-0.007463	0.000692	0.009734	-0.000062	-0.099036	79000.000000
2013-05-01	-0.000746	0.010487	0.014252	0.005216	-0.009903	5500.000000
2013-04-30	0.000746	0.011241	0.011241	0.010487	0.009903	200.000000
2013-04-29	-0.002234	0.020260	0.033041	-0.001544	-0.029711	9700.000000
2013-04-26	0.005993	0.015785	0.015785	0.015785	0.079229	100.000000
2013-04-25	-0.011111	-0.005973	0.000758	-0.008217	-0.148554	3200.000000
2013-04-24	0.003718	0.013488	0.013488	0.005980	0.049519	203900.000000
2013-04-23	-0.002965	0.006740	0.006740	0.006740	-0.039615	600.000000
2013-04-22	0.000742	0.040445	0.040445	-0.006745	0.009904	16800.000000
2013-04-19	-0.019636	-0.007891	-0.007891	-0.016703	-0.267398	4300.000000
2013-04-18	0.008064	0.006773	0.020098	-0.005072	0.108939	29900.000000
2013-04-17	0.008130	-0.008923	0.018689	-0.009670	0.108940	6900.000000
2013-04-16	-0.017429	-0.003465	0.000934	-0.016664	-0.237687	6000.000000
2013-04-15	0.027612	0.016516	0.039122	0.015762	0.366434	9400.000000
2013-04-12	-0.002234	0.014245	0.026275	0.007478	-0.029711	6700.000000
2013-04-11	0.000000	0.009734	0.009734	0.009734	0.000000	0.000000
2013-04-10	-0.001487	0.006731	0.009734	0.002977	-0.019806	8300.000000
2013-04-09	0.011278	-0.006968	0.037824	-0.006968	0.148553	11700.000000
2013-04-08	0.000000	0.009734	0.009734	0.009734	0.000000	0.000000
2013-04-05	-0.006721	-0.003840	0.006717	-0.003840	-0.089133	300.000000
2013-04-04	0.010566	0.005924	0.043265	0.005924	0.138651	10900.000000
2013-04-03	0.016884	-0.002665	0.028332	-0.031337	0.217880	5500.000000
2013-04-02	-0.021037	0.016562	0.016562	-0.013025	-0.277302	6000.000000
2013-04-01	-0.022761	0.014923	0.014923	-0.018438	-0.307011	3500.000000
2013-03-28	0.034169	0.012034	0.049602	0.012034	0.445662	86900.000000
2013-03-27	0.013077	0.015948	0.024492	0.009734	0.168361	75200.000000
2013-03-26	0.010887	0.004238	0.028578	0.004238	0.138651	25700.000000
2013-03-25	0.000778	0.003448	0.016806	-0.006768	0.009903	3500.000000
2013-03-22	-0.004648	0.016773	0.016773	0.001130	-0.059421	2500.000000
2013-03-21	0.004669	0.005805	0.016020	0.005805	0.059421	2800.000000
2013-03-20	-0.002329	0.008950	0.008950	0.007382	-0.029711	3800.000000
2013-03-19	-0.000776	0.008951	0.008951	0.008951	-0.009903	1600.000000
2013-03-18	0.003113	-0.003624	0.013663	-0.006768	0.039614	10300.000000
2013-03-15	-0.000778	0.018371	0.018371	0.008949	-0.009903	800.000000
2013-03-14	-0.004644	0.015205	0.015205	-0.003552	-0.059422	202200.000000
2013-03-13	-0.005389	0.002738	0.009734	0.002738	-0.069325	1500.000000
2013-03-12	0.000000	-0.003480	0.010511	-0.003480	0.000000	8800.000000
2013-03-11	0.030952	0.017748	0.064227	0.017748	0.386240	3400.000000
2013-03-08	0.000000	0.014542	0.025761	0.009734	0.000000	4000.000000
2013-03-07	-0.003952	0.000155	0.012129	0.000155	-0.049517	1600.000000
2013-03-06	-0.011719	0.001845	0.001845	-0.004465	-0.148555	4700.000000
2013-03-05	0.003135	0.012108	0.040596	0.008943	0.039615	6400.000000
2013-03-04	0.004724	0.010529	0.014504	0.010529	0.059421	1000.000000
2013-03-01	-0.003922	0.019237	0.019237	-0.008481	-0.049518	2600.000000
2013-02-28	-0.000784	0.008151	0.010525	0.006569	-0.009903	37700.000000
2013-02-27	0.000000	0.008943	0.013691	0.008151	0.000000	20800.000000
2013-02-26	0.000784	0.014486	0.014486	0.009734	0.009903	5800.000000
2013-02-25	-0.005460	0.004221	0.010522	-0.003656	-0.069325	44000.000000
2013-02-22	0.005490	0.011318	0.015278	0.009734	0.069325	1500.000000
2013-02-21	0.000000	0.009734	0.009734	0.009734	0.000000	0.000000
2013-02-20	-0.007782	0.013663	0.034879	0.001876	-0.099036	8400.000000
2013-02-19	-0.022814	0.002055	0.002055	-0.013302	-0.297107	7500.000000
2013-02-15	0.029757	0.012106	0.043734	0.012106	0.376336	7300.000000
2013-02-14	-0.001564	0.010523	0.010523	0.006576	-0.019807	7800.000000
2013-02-13	0.002351	0.008943	0.012108	0.008943	0.029711	3200.000000
2013-02-12	0.009494	0.017722	0.022515	0.014527	0.118843	13700.000000
2013-02-11	-0.007070	-0.000578	0.004182	-0.000578	-0.089132	600.000000
2013-02-08	0.004736	0.005749	0.016110	0.004952	0.059421	2900.000000
2013-02-07	0.006354	0.016952	0.016952	0.012140	0.079228	500.000000
2013-02-06	0.008006	0.001650	0.018627	-0.010477	0.099037	9400.000000
2013-02-05	-0.000800	0.008118	0.008926	0.008118	-0.009903	300.000000
2013-02-04	0.021242	0.009734	0.031183	0.004784	0.257493	29100.000000
2013-02-01	0.002457	0.013042	0.013042	0.012215	0.029710	400.000000
2013-01-31	0.000000	0.009734	0.009734	0.009734	0.000000	0.000000
2013-01-30	0.016653	0.016460	0.026549	0.016460	0.198073	900.000000
2013-01-29	-0.019592	-0.000157	0.004788	-0.010049	-0.237686	1900.000000
2013-01-28	0.007401	0.012225	0.022190	0.012225	0.089132	25200.000000
2013-01-25	0.000823	0.000592	0.013058	0.000592	0.009904	10600.000000
2013-01-24	0.010815	0.012254	0.024855	0.012254	0.128746	2900.000000
2013-01-23	0.001667	0.013941	0.013941	0.011417	0.019807	2500.000000
2013-01-22	0.001670	0.010577	0.013105	0.002991	0.019808	10700.000000
2013-01-18	-0.001667	0.012258	0.013941	0.008051	-0.019808	5200.000000
2013-01-17	0.001670	0.010577	0.011420	0.009734	0.019808	600.000000
2013-01-16	-0.006634	0.004710	0.035689	0.003036	-0.079230	86400.000000
2013-01-15	-0.004129	0.004731	0.005565	0.004731	-0.049517	200.000000
2013-01-14	-0.000825	0.014733	0.020564	0.008901	-0.009903	4500.000000
2013-01-11	0.006644	0.009734	0.018120	0.009734	0.079228	7700.000000
2013-01-10	0.017751	0.014855	0.028512	0.014855	0.207975	30800.000000
2013-01-09	-0.014167	0.009734	0.009734	-0.011302	-0.168361	8700.000000
2013-01-08	0.000000	0.009734	0.009734	0.009734	0.000000	0.000000
2013-01-07	0.016949	0.005455	0.043106	-0.004813	0.198072	73600.000000
2013-01-04	0.025195	0.015875	0.052720	0.015875	0.287204	77800.000000
2013-01-03	-0.016239	0.001104	0.001967	-0.007526	-0.188168	13500.000000
2013-01-02	-0.007634	0.015729	0.039709	-0.015103	-0.089132	24100.000000
2012-12-31	-0.046116	0.008100	0.008100	-0.059706	-0.564505	5400.000000
2012-12-28	-0.002421	-0.000861	0.007289	-0.000861	-0.029711	900.000000
2012-12-27	0.000000	0.012994	0.017884	0.009734	0.000000	3100.000000
2012-12-26	0.000000	0.009734	0.009734	0.009734	0.000000	0.000000
2012-12-24	0.012255	0.019633	0.031183	0.013034	0.148554	5400.000000
2012-12-21	-0.000816	0.001491	0.009734	0.001491	-0.009903	3300.000000
2012-12-20	0.003276	0.011388	0.017177	0.009734	0.039613	3400.000000
2012-12-19	0.000000	0.008080	0.013042	0.008080	0.000000	30200.000000
2012-12-18	0.000000	0.009734	0.010561	0.007253	0.000000	156400.000000
2012-12-17	-0.003265	0.004788	0.015504	0.003964	-0.039613	7700.000000
2012-12-14	0.006573	0.015542	0.016371	0.015542	0.079228	21200.000000
2012-12-13	-0.006531	0.009734	0.013031	0.003140	-0.079228	26100.000000
2012-12-12	-0.004874	0.004812	0.007273	0.004812	-0.059423	1900.000000
2012-12-11	0.006541	0.007257	0.017990	0.005606	0.079229	11900.000000
2012-12-10	0.008244	0.008902	0.018058	0.008902	0.099037	3500.000000
2012-12-07	0.000825	0.010567	0.010567	0.010567	0.009904	400.000000
2012-12-06	0.001653	0.019748	0.019748	0.009734	0.019805	30200.000000
2012-12-05	-0.000826	0.009734	0.011402	0.008066	-0.009902	3600.000000
2012-12-04	0.000826	0.004727	0.011403	0.003892	0.009902	22600.000000
2012-12-03	0.004149	0.005544	0.013924	0.005544	0.049519	8100.000000
2012-11-30	0.000831	0.008895	0.010573	0.008895	0.009904	5300.000000
2012-11-29	0.003333	0.009734	0.013941	0.009734	0.039614	94100.000000
2012-11-28	0.000000	0.003002	0.022356	0.003002	0.000000	72500.000000
2012-11-27	0.007557	0.016516	0.017364	0.008886	0.089133	6600.000000
2012-11-26	-0.007500	0.001319	0.008892	-0.004571	-0.089133	38600.000000
2012-11-23	0.002506	0.012265	0.012265	0.012265	0.029710	2300.000000
2012-11-21	-0.001668	0.010576	0.021524	-0.002056	-0.019806	28500.000000
2012-11-20	-0.000833	0.010575	0.013941	0.008051	-0.009904	41200.000000
2012-11-19	0.011804	0.013991	0.034424	0.013991	0.138651	27900.000000
2012-11-16	0.008503	0.008875	0.023472	0.008875	0.099035	9600.000000
2012-11-15	-0.005076	-0.001371	0.005463	-0.001371	-0.059421	800.000000
2012-11-14	-0.006723	0.002946	0.002946	0.002946	-0.079228	100.000000
2012-11-13	-0.002515	0.009734	0.009734	0.007195	-0.029712	1300.000000
2012-11-12	0.011875	0.012303	0.021724	0.012303	0.138651	2800.000000
2012-11-09	-0.004223	0.004617	0.010587	0.002059	-0.049519	3100.000000
2012-11-08	0.011102	0.014045	0.020944	0.014045	0.128747	1400.000000
2012-11-07	-0.005942	0.015734	0.015734	0.003734	-0.069324	900.000000
2012-11-06	-0.005907	0.005473	0.008882	0.003769	-0.069326	4000.000000
2012-11-05	-0.012500	0.003844	0.003844	-0.002888	-0.148554	1800.000000
2012-11-02	0.006711	0.009734	0.016511	0.009734	0.079229	2200.000000
2012-11-01	0.020548	0.012327	0.031346	0.012327	0.237686	2400.000000
2012-10-31	0.012132	0.014984	0.022859	0.014984	0.138651	900.000000
2012-10-26	0.018535	0.008843	0.033796	0.006169	0.207975	17700.000000
2012-10-25	-0.004394	0.000861	0.013283	-0.010674	-0.049518	3500.000000
2012-10-24	0.012456	0.015124	0.028599	0.012429	0.138651	20600.000000
2012-10-23	-0.020906	-0.011375	-0.011375	-0.011375	-0.237686	100.000000
2012-10-22	-0.035294	0.002097	0.004643	-0.026752	-0.415951	5600.000000
2012-10-19	0.000000	0.008037	0.009734	0.000400	0.000000	2500.000000
2012-10-18	0.000000	0.009734	0.009734	0.009734	0.000000	0.000000
2012-10-17	0.000000	0.009734	0.009734	0.009734	0.000000	0.000000
2012-10-16	0.002527	0.008033	0.012286	-0.000474	0.029710	4900.000000
2012-10-15	-0.009182	0.004677	0.004677	-0.009652	-0.108939	1300.000000
2012-10-12	0.041739	0.015002	0.051879	0.015002	0.475372	1800.000000
2012-10-11	0.017699	0.015095	0.032073	0.015095	0.198072	2500.000000
2012-10-10	0.000000	0.009734	0.009734	0.009734	0.000000	0.000000
2012-10-09	-0.017391	0.005344	0.011490	-0.007827	-0.198072	1700.000000
2012-10-08	0.000870	0.006219	0.010613	0.001825	0.009904	18200.000000
2012-10-05	-0.006055	0.004493	0.004493	0.003620	-0.069326	1500.000000
2012-10-04	-0.007725	0.004534	0.004534	0.000200	-0.089131	1200.000000
2012-10-03	0.005177	0.006249	0.018446	-0.024243	0.059421	25600.000000
2012-10-02	-0.008554	0.001960	0.006279	0.001096	-0.099036	3600.000000
2012-10-01	0.010372	0.039406	0.047261	0.012352	0.118843	6500.000000
2012-09-28	0.006087	0.006222	0.017636	0.006222	0.069325	4700.000000
2012-09-27	0.031390	0.007923	0.041430	0.007923	0.346626	4000.000000
2012-09-26	0.001797	0.007012	0.011548	0.007012	0.019807	8900.000000
2012-09-25	0.007240	0.011561	0.017044	0.010648	0.079229	11100.000000
2012-09-24	-0.000904	0.009734	0.010647	0.008821	-0.009904	1700.000000
2012-09-21	0.005455	0.014324	0.018913	0.007898	0.059422	96200.000000
2012-09-20	-0.008115	0.002450	0.005182	-0.000281	-0.089132	40900.000000
2012-09-19	0.003620	0.009734	0.013389	0.009734	0.039614	15600.000000
2012-09-18	0.003633	0.015237	0.017988	0.008817	0.039614	52700.000000
2012-09-17	0.000000	0.011568	0.013402	0.008817	0.000000	42400.000000
2012-09-14	0.000909	0.008816	0.013406	0.005144	0.009904	27900.000000
2012-09-13	-0.009009	0.005186	0.005186	-0.003001	-0.099036	149900.000000
2012-09-12	0.007259	0.006069	0.030808	0.006069	0.079228	33300.000000
2012-09-11	0.002730	0.009734	0.015247	0.009734	0.029712	12700.000000
2012-09-10	0.000911	0.007895	0.017091	0.007895	0.009904	87000.000000
2012-09-07	0.004574	0.016201	0.016201	0.011582	0.049517	88500.000000
2012-09-06	-0.005459	0.010653	0.019840	0.003303	-0.059421	23600.000000
2012-09-05	0.000911	0.009734	0.010654	0.006975	0.009904	22600.000000
