2017-09-01	0.000443	-0.002124	0.007789	-0.003098	0.049996	288200.000000
2017-08-31	0.006145	-0.000267	0.007124	-0.000623	0.690002	291300.000000
2017-08-30	0.001874	0.000178	0.002052	-0.005175	0.209999	172800.000000
2017-08-29	-0.001692	-0.006591	-0.001514	-0.007037	-0.189995	116900.000000
2017-08-28	-0.005051	-0.003190	-0.003190	-0.007001	-0.569999	71200.000000
2017-08-25	0.005525	0.002941	0.006861	0.001871	0.619995	154400.000000
2017-08-24	-0.005583	-0.005494	-0.001506	-0.006646	-0.629997	153200.000000
2017-08-23	-0.000177	0.000532	0.001861	-0.001683	-0.020005	142900.000000
2017-08-22	0.001331	-0.000710	0.002484	-0.001419	0.150002	188000.000000
2017-08-21	0.008861	0.005997	0.010382	0.005639	0.989998	167500.000000
2017-08-18	0.002512	0.004935	0.006460	0.000628	0.280006	120100.000000
2017-08-17	-0.008364	-0.001335	-0.001335	-0.009787	-0.940002	126000.000000
2017-08-16	-0.007857	-0.008121	-0.006003	-0.009622	-0.890000	162500.000000
2017-08-15	0.002212	0.003273	0.005485	0.002212	0.250000	184500.000000
2017-08-14	0.008116	0.006600	0.011238	0.005797	0.909996	211100.000000
2017-08-11	-0.002314	0.000712	0.002581	-0.004360	-0.259994	355300.000000
2017-08-10	-0.006366	0.004421	0.006012	-0.007869	-0.720001	280800.000000
2017-08-09	-0.009806	-0.009718	-0.008142	-0.011994	-1.120003	112000.000000
2017-08-08	0.000789	0.001139	0.003154	-0.000876	0.090004	143000.000000
2017-08-07	0.004312	0.002992	0.004576	0.002464	0.489998	140900.000000
2017-08-04	0.008072	0.009137	0.009492	0.002306	0.909996	150400.000000
2017-08-03	-0.012786	-0.012611	-0.011472	-0.016727	-1.459999	253000.000000
2017-08-02	0.000175	-0.003416	0.000175	-0.005956	0.020004	178400.000000
2017-08-01	0.011787	0.011344	0.013648	0.006647	1.330002	371600.000000
2017-07-31	0.005167	0.006592	0.006592	0.001782	0.579994	141000.000000
2017-07-28	0.005283	0.001433	0.005283	0.001254	0.590004	187300.000000
2017-07-27	0.008125	0.004514	0.010924	0.004063	0.900001	224600.000000
2017-07-26	0.005811	0.002088	0.006901	0.001816	0.640000	157100.000000
2017-07-25	0.006581	0.003930	0.010420	0.003108	0.719993	198900.000000
2017-07-24	0.000915	-0.000091	0.001281	-0.001921	0.100006	127000.000000
2017-07-21	-0.004825	-0.003368	-0.003095	-0.007192	-0.529998	177000.000000
2017-07-20	0.001276	0.002097	0.003282	-0.001732	0.139999	151900.000000
2017-07-19	-0.002727	-0.003727	-0.001364	-0.004000	-0.300003	148400.000000
2017-07-18	-0.002991	-0.001178	-0.001178	-0.006073	-0.330002	183300.000000
2017-07-17	0.001180	-0.001724	0.002178	-0.001724	0.130005	234200.000000
2017-07-14	0.003278	0.001912	0.007648	0.001912	0.360001	293500.000000
2017-07-13	-0.000273	-0.003368	0.000273	-0.003823	-0.030007	199700.000000
2017-07-12	0.015341	0.013030	0.015433	0.009703	1.660004	313700.000000
2017-07-11	-0.000092	-0.001109	0.002218	-0.006006	-0.010002	482500.000000
2017-07-10	-0.002305	-0.002397	0.000092	-0.003042	-0.250000	120700.000000
2017-07-07	0.009493	0.006515	0.010796	0.005584	1.020004	244200.000000
2017-07-06	-0.009951	-0.004238	-0.003962	-0.011425	-1.080002	276700.000000
2017-07-05	0.023578	0.019994	0.025936	0.019523	2.500000	493200.000000
2017-07-03	0.009617	0.007427	0.012569	0.005999	1.010002	165700.000000
2017-06-30	0.006517	0.006613	0.009105	0.003067	0.680001	169400.000000
2017-06-29	-0.009211	-0.001804	-0.001804	-0.013959	-0.970002	182700.000000
2017-06-28	0.007366	0.004305	0.007748	0.002200	0.769997	193300.000000
2017-06-27	-0.004191	0.000000	0.000476	-0.004763	-0.440002	218900.000000
2017-06-26	-0.002470	0.000095	0.002946	-0.002566	-0.259995	157400.000000
2017-06-23	-0.002370	-0.003128	-0.001991	-0.004455	-0.250000	106400.000000
2017-06-22	0.008894	0.007842	0.010329	0.007269	0.930000	229300.000000
2017-06-21	0.007128	0.010210	0.010210	0.006068	0.739998	211300.000000
2017-06-20	-0.008405	-0.001910	-0.001433	-0.010315	-0.879997	301200.000000
2017-06-19	-0.001907	-0.002860	-0.001811	-0.005052	-0.200005	232700.000000
2017-06-16	-0.008319	-0.007468	-0.007468	-0.011250	-0.879997	299200.000000
2017-06-15	-0.008622	-0.011340	-0.006092	-0.013121	-0.919998	350700.000000
2017-06-14	-0.006610	-0.002607	-0.002234	-0.009776	-0.710007	149300.000000
2017-06-13	0.009018	0.004509	0.009018	0.002349	0.960007	952800.000000
2017-06-12	0.006715	0.004634	0.008511	0.003499	0.709999	388600.000000
2017-06-09	-0.000378	-0.000662	0.004632	-0.004065	-0.040001	275300.000000
2017-06-08	-0.016275	-0.009579	-0.008184	-0.018785	-1.750000	433400.000000
2017-06-07	-0.002505	0.000742	0.001670	-0.003711	-0.270004	127100.000000
2017-06-06	0.000371	-0.002042	0.002506	-0.002134	0.040001	205500.000000
2017-06-05	-0.014721	-0.013166	-0.010423	-0.017098	-1.610001	181800.000000
2017-06-02	0.008948	0.005904	0.011255	0.004336	0.970001	274300.000000
2017-06-01	0.007997	0.002790	0.008183	0.001860	0.860001	170500.000000
2017-05-31	-0.003152	-0.004727	-0.001576	-0.010475	-0.339996	185500.000000
2017-05-30	0.007283	0.000934	0.009430	0.000467	0.779999	193800.000000
2017-05-26	-0.001864	-0.004846	-0.001864	-0.006524	-0.200005	157100.000000
2017-05-25	-0.000186	-0.000559	0.002050	-0.001957	-0.019997	179800.000000
2017-05-24	-0.007032	-0.005366	-0.003979	-0.010455	-0.760002	151900.000000
2017-05-23	0.005395	0.004651	0.008651	0.004651	0.580002	229800.000000
2017-05-22	-0.000558	-0.001952	0.003719	-0.003347	-0.059998	330700.000000
2017-05-19	0.007399	0.003091	0.009647	0.003091	0.790001	177800.000000
2017-05-18	0.009264	0.000945	0.011438	0.000473	0.979996	211400.000000
2017-05-17	-0.010569	-0.000842	0.004022	-0.011223	-1.129997	259000.000000
2017-05-16	0.004793	0.006484	0.008928	0.002255	0.509994	276800.000000
2017-05-15	-0.000470	0.000564	0.000939	-0.003382	-0.049995	300000.000000
2017-05-12	-0.003557	-0.006271	-0.001966	-0.006271	-0.379997	277000.000000
2017-05-11	0.009734	0.008789	0.010491	0.004725	1.029998	283500.000000
2017-05-10	-0.024433	-0.020007	-0.019454	-0.025539	-2.650001	441900.000000
2017-05-09	-0.015700	-0.010437	-0.009620	-0.016608	-1.730003	235200.000000
2017-05-08	0.002548	0.000819	0.004003	0.000728	0.279998	170700.000000
2017-05-05	0.006871	0.000733	0.007145	-0.000275	0.750000	219900.000000
2017-05-04	0.002664	0.003674	0.003674	-0.003950	0.290001	152400.000000
2017-05-03	-0.003387	-0.007049	-0.001831	-0.008422	-0.369995	368600.000000
2017-05-02	0.008680	0.011265	0.012742	0.007110	0.939995	268000.000000
2017-05-01	0.001480	0.001387	0.002589	-0.000462	0.160004	108900.000000
2017-04-28	-0.011608	-0.009688	-0.007495	-0.012248	-1.270005	227000.000000
2017-04-27	-0.004549	-0.001001	-0.000091	-0.006460	-0.500000	213800.000000
2017-04-26	0.010946	0.011037	0.014809	0.009934	1.190003	410000.000000
2017-04-25	0.016170	0.015142	0.018226	0.014581	1.730003	309900.000000
2017-04-24	0.003847	0.005723	0.006380	0.001126	0.409996	257500.000000
2017-04-21	0.005472	0.008019	0.011698	0.004340	0.580002	226100.000000
2017-04-20	0.013191	0.009941	0.014720	0.009750	1.379997	234600.000000
2017-04-19	-0.006646	-0.003038	-0.001994	-0.007786	-0.699997	214000.000000
2017-04-18	-0.007539	-0.004712	-0.004335	-0.009800	-0.800003	199700.000000
2017-04-17	0.018622	0.016798	0.019485	0.014590	1.940003	361900.000000
2017-04-13	-0.011950	-0.002940	-0.002750	-0.012045	-1.260002	346200.000000
2017-04-12	-0.009023	-0.003853	-0.003853	-0.009398	-0.960000	311400.000000
2017-04-11	0.003963	0.007454	0.007643	0.000755	0.419999	419400.000000
2017-04-10	0.000661	0.001888	0.005382	-0.000850	0.069999	379500.000000
2017-04-07	0.003886	0.002464	0.005687	0.001137	0.410004	233700.000000
2017-04-06	-0.006030	-0.004334	-0.002355	-0.007537	-0.639999	392200.000000
2017-04-05	-0.017313	-0.009073	-0.009073	-0.018054	-1.870003	533500.000000
2017-04-04	-0.004700	-0.004239	-0.001567	-0.005990	-0.509995	336400.000000
2017-04-03	-0.000921	0.000000	0.001657	-0.006537	-0.100006	258500.000000
2017-03-31	-0.013084	-0.010267	-0.010267	-0.014992	-1.439995	310000.000000
2017-03-30	-0.001723	-0.002268	0.000454	-0.003265	-0.190002	202800.000000
2017-03-29	-0.019215	-0.019126	-0.018415	-0.020461	-2.160004	390400.000000
2017-03-28	0.006086	0.001522	0.007697	0.000537	0.680001	205400.000000
2017-03-27	0.003323	-0.002963	0.005388	-0.005388	0.370002	211700.000000
2017-03-24	0.007692	0.005429	0.010044	0.003710	0.849999	161700.000000
2017-03-23	-0.002887	-0.002526	0.002346	-0.004602	-0.320000	159900.000000
2017-03-22	-0.005027	-0.004489	-0.003501	-0.011401	-0.559997	279300.000000
2017-03-21	-0.005446	0.006161	0.007679	-0.007857	-0.610001	383100.000000
2017-03-20	-0.001871	0.000446	0.003476	-0.002406	-0.209999	186600.000000
2017-03-17	-0.009096	-0.005298	-0.004415	-0.010332	-1.029999	480500.000000
2017-03-16	0.000000	0.004150	0.006358	-0.000618	0.000000	109400.000000
2017-03-15	0.010260	0.004818	0.012579	0.004015	1.150002	170500.000000
2017-03-14	-0.011552	-0.008113	-0.007055	-0.012257	-1.310006	130600.000000
2017-03-13	0.006568	0.006302	0.010296	0.005947	0.739998	233500.000000
2017-03-10	0.004189	0.005794	0.007042	0.001872	0.470002	286900.000000
2017-03-09	0.003488	0.002773	0.005456	0.000716	0.389999	150500.000000
2017-03-08	-0.007545	-0.000888	-0.000533	-0.007901	-0.849999	178400.000000
2017-03-07	-0.002303	-0.001948	0.001240	-0.003631	-0.260002	171600.000000
2017-03-06	-0.003794	-0.001765	-0.001765	-0.005206	-0.429992	162000.000000
2017-03-03	-0.000441	-0.001058	0.001323	-0.002822	-0.050003	123800.000000
2017-03-02	-0.011766	-0.010023	-0.007408	-0.013770	-1.349999	252700.000000
2017-03-01	0.014052	0.014759	0.016173	0.012019	1.589996	240400.000000
2017-02-28	-0.009541	-0.005602	-0.005165	-0.010942	-1.089996	196000.000000
2017-02-27	0.004131	-0.000527	0.004395	-0.000879	0.470001	180600.000000
2017-02-24	-0.007156	-0.006021	-0.004887	-0.009599	-0.819999	179600.000000
2017-02-23	0.001661	0.002448	0.004283	-0.000175	0.189994	181600.000000
2017-02-22	0.000875	-0.000787	0.001312	-0.002012	0.099999	187100.000000
2017-02-21	0.005277	0.003342	0.007828	0.001055	0.600006	268800.000000
2017-02-17	0.003088	-0.007587	0.003088	-0.008910	0.349999	240400.000000
2017-02-16	-0.002289	-0.003609	0.000000	-0.004577	-0.260003	196100.000000
2017-02-15	-0.007513	-0.006552	-0.006552	-0.010046	-0.860000	189000.000000
2017-02-14	0.002979	0.001840	0.003154	-0.003242	0.340004	234200.000000
2017-02-13	0.010984	0.010453	0.014262	0.008858	1.239998	414100.000000
2017-02-10	0.008667	0.005629	0.010990	0.005182	0.970001	376900.000000
2017-02-09	-0.011918	-0.012890	-0.011300	-0.018981	-1.349999	445300.000000
2017-02-08	0.002035	0.002654	0.003273	-0.001504	0.229996	251400.000000
2017-02-07	-0.002383	0.001677	0.001853	-0.005119	-0.269997	344400.000000
2017-02-06	-0.015723	-0.007992	-0.005559	-0.020587	-1.810005	437900.000000
2017-02-03	0.005152	0.001484	0.008120	0.001397	0.590004	187500.000000
2017-02-02	-0.006334	-0.004859	-0.004338	-0.011192	-0.730003	248300.000000
2017-02-01	-0.004233	0.000778	0.003456	-0.006134	-0.489998	323500.000000
2017-01-31	-0.002757	0.001206	0.002585	-0.008615	-0.320000	324600.000000
2017-01-30	-0.005313	-0.002828	-0.000943	-0.009769	-0.620002	159200.000000
2017-01-27	-0.019247	-0.015885	-0.015885	-0.020844	-2.290001	196700.000000
2017-01-26	-0.000672	0.003108	0.007811	-0.000840	-0.079995	182400.000000
2017-01-25	0.012071	0.008331	0.014026	0.007480	1.419999	233200.000000
2017-01-24	-0.005495	-0.011666	-0.003128	-0.013526	-0.650002	304200.000000
2017-01-23	-0.005298	-0.003952	-0.003952	-0.009839	-0.629997	140500.000000
2017-01-20	-0.003269	-0.001592	0.000671	-0.005448	-0.390000	122600.000000
2017-01-19	0.004377	0.006482	0.009765	0.000926	0.519997	106800.000000
2017-01-18	0.003209	0.002534	0.004898	0.000929	0.379997	138500.000000
2017-01-17	-0.011685	-0.008013	-0.007095	-0.013688	-1.399994	190600.000000
2017-01-13	0.001421	0.001505	0.002173	-0.001003	0.169999	112900.000000
2017-01-12	-0.002252	-0.002252	0.000250	-0.012926	-0.270005	218700.000000
2017-01-11	0.001253	-0.005595	0.001253	-0.005595	0.150002	192000.000000
2017-01-10	0.000167	-0.005428	0.002672	-0.007934	0.020004	214400.000000
2017-01-09	-0.003246	-0.005411	-0.001415	-0.005494	-0.389999	135800.000000
2017-01-06	-0.002574	-0.004982	-0.001744	-0.008552	-0.310005	171600.000000
2017-01-05	-0.006189	0.000000	0.001650	-0.007179	-0.750000	525900.000000
2017-01-04	0.022269	0.014509	0.023113	0.013412	2.639999	250600.000000
2017-01-03	0.011519	0.008276	0.012543	0.005375	1.350006	204000.000000
2016-12-30	0.001367	0.006237	0.007433	-0.001880	0.159996	153400.000000
2016-12-29	-0.011653	-0.009542	-0.006671	-0.013849	-1.379997	181700.000000
2016-12-28	-0.008125	-0.003602	-0.001424	-0.008292	-0.970001	105600.000000
2016-12-27	-0.012490	-0.011911	-0.007775	-0.015385	-1.510003	234500.000000
2016-12-23	0.001989	0.000994	0.003729	0.000994	0.239998	94600.000000
2016-12-22	-0.003716	-0.003385	-0.001734	-0.005284	-0.449997	104700.000000
2016-12-21	-0.004603	-0.002630	-0.001890	-0.005507	-0.559997	87400.000000
2016-12-20	-0.001395	-0.003940	0.001806	-0.004842	-0.169998	257800.000000
2016-12-19	0.006942	0.002645	0.010165	0.001983	0.839996	171900.000000
2016-12-16	-0.008034	-0.009100	-0.004345	-0.010412	-0.980003	203800.000000
2016-12-15	0.007600	0.007104	0.009499	0.005287	0.920005	211100.000000
2016-12-14	-0.016332	-0.009101	-0.005038	-0.016982	-2.010002	161200.000000
2016-12-13	0.009929	0.002954	0.010832	0.002544	1.209999	201900.000000
2016-12-12	-0.009107	-0.009595	-0.004310	-0.012929	-1.120002	247500.000000
2016-12-09	0.001384	0.000000	0.002769	-0.001629	0.170005	291800.000000
2016-12-08	0.011115	0.013091	0.014161	0.008892	1.349999	431000.000000
2016-12-07	0.030370	0.014846	0.033000	0.014846	3.580002	304600.000000
2016-12-06	0.002722	-0.001021	0.003062	-0.003062	0.319999	133400.000000
2016-12-05	0.006248	0.004365	0.010699	0.004023	0.729996	156900.000000
2016-12-02	-0.007982	-0.006793	-0.004076	-0.009086	-0.939995	190700.000000
2016-12-01	-0.006412	-0.007087	0.001519	-0.008690	-0.760002	260300.000000
2016-11-30	0.001944	0.002789	0.004311	-0.000423	0.229996	231600.000000
2016-11-29	0.005525	0.004250	0.007820	0.002465	0.650001	190800.000000
2016-11-28	-0.001273	0.001443	0.001443	-0.003311	-0.150001	174700.000000
2016-11-25	0.028731	0.027858	0.031788	0.025325	3.290001	191800.000000
2016-11-23	0.006416	-0.002812	0.009492	-0.003603	0.730003	269400.000000
2016-11-22	-0.006375	-0.006986	-0.005589	-0.011003	-0.730003	153200.000000
2016-11-21	0.004121	0.001578	0.005524	0.000789	0.470001	218400.000000
2016-11-18	0.007065	0.007241	0.010509	0.006005	0.800003	235500.000000
2016-11-17	0.005952	0.003820	0.005952	-0.001865	0.669998	201200.000000
2016-11-16	0.000711	0.001333	0.003467	-0.001067	0.080002	228700.000000
2016-11-15	0.006352	0.001789	0.006352	0.000268	0.709999	142000.000000
2016-11-14	-0.001519	-0.001072	0.004288	-0.003930	-0.169998	226700.000000
2016-11-11	0.009832	0.005322	0.010734	0.004600	1.089996	158600.000000
2016-11-10	-0.008497	-0.007870	-0.003667	-0.016725	-0.949997	371900.000000
2016-11-09	-0.017573	-0.030402	-0.009050	-0.030402	-2.000000	567900.000000
2016-11-08	0.011824	0.004623	0.025960	0.001245	1.329995	228700.000000
2016-11-07	0.017366	0.009588	0.017999	0.008412	1.920005	354400.000000
2016-11-04	-0.023063	-0.023328	-0.017407	-0.025890	-2.610000	321400.000000
2016-11-03	-0.001852	0.003616	0.007056	-0.003881	-0.209999	320400.000000
2016-11-02	-0.011767	-0.005143	-0.000523	-0.013946	-1.350006	227400.000000
2016-11-01	-0.008041	0.000865	0.000865	-0.012796	-0.930001	307300.000000
2016-10-31	0.007404	0.006097	0.008536	0.005139	0.850006	135000.000000
2016-10-28	-0.000348	-0.000087	0.002525	-0.003831	-0.040000	140500.000000
2016-10-27	-0.005628	-0.000952	0.000000	-0.005974	-0.650002	216100.000000
2016-10-26	0.002169	-0.002777	0.003905	-0.004338	0.250000	211200.000000
2016-10-25	-0.001732	-0.000173	0.002599	-0.001819	-0.199997	159900.000000
2016-10-24	0.001562	-0.001215	0.002169	-0.002082	0.180000	141300.000000
2016-10-21	-0.007491	-0.011021	-0.006716	-0.013174	-0.870002	174700.000000
2016-10-20	0.010880	0.008617	0.012447	0.006441	1.250000	161400.000000
2016-10-19	-0.001391	0.000695	0.002868	-0.001391	-0.160004	112600.000000
2016-10-18	-0.003292	0.000780	0.000780	-0.005198	-0.379997	188100.000000
2016-10-17	0.002954	0.000782	0.006517	-0.000087	0.340004	163900.000000
2016-10-14	0.003488	0.005493	0.009940	0.003139	0.399994	156800.000000
2016-10-13	-0.003995	-0.005384	0.000434	-0.009205	-0.460000	231700.000000
2016-10-12	-0.001474	-0.002775	0.000260	-0.005897	-0.169998	157700.000000
2016-10-11	-0.009449	-0.005326	-0.005326	-0.012025	-1.099998	224600.000000
2016-10-10	0.004573	0.002071	0.008111	0.001467	0.529999	165200.000000
2016-10-07	-0.004723	-0.004122	-0.003006	-0.010478	-0.550003	228900.000000
2016-10-06	-0.005381	-0.007261	-0.003588	-0.007602	-0.629998	133600.000000
2016-10-05	0.015087	0.009538	0.016041	0.009538	1.739998	202300.000000
2016-10-04	0.000607	0.002603	0.008502	-0.001301	0.070000	165600.000000
2016-10-03	-0.006893	-0.013527	-0.003360	-0.014820	-0.799996	609500.000000
2016-09-30	0.000604	-0.006294	0.005087	-0.008535	0.070000	375900.000000
2016-09-29	-0.013942	-0.009351	-0.006631	-0.015897	-1.639999	400300.000000
2016-09-28	0.009284	0.006881	0.010313	-0.000583	1.081993	188000.000000
2016-09-27	0.010419	0.028208	0.028208	0.021186	1.201736	325900.000000
2016-09-26	-0.004760	0.008301	0.012270	0.005195	-0.551620	317100.000000
2016-09-23	-0.025993	-0.011521	-0.009252	-0.014546	-3.092972	402200.000000
2016-09-22	0.011302	0.026933	0.029822	0.022683	1.329788	508300.000000
2016-09-21	0.025674	0.042837	0.047806	0.028716	2.945214	402200.000000
2016-09-20	0.012080	0.030908	0.032320	0.026232	1.369186	195400.000000
2016-09-19	0.003838	0.020695	0.027603	0.018215	0.433411	221200.000000
2016-09-16	-0.029957	-0.013146	-0.010311	-0.017356	-3.486985	600200.000000
2016-09-15	0.006130	0.011487	0.023156	0.009759	0.709221	224500.000000
2016-09-14	-0.011447	0.007001	0.007001	0.002387	-1.339638	291800.000000
2016-09-13	-0.012796	0.006684	0.010733	-0.001582	-1.516937	349800.000000
2016-09-12	0.014242	0.015204	0.030861	0.015204	1.664688	245200.000000
2016-09-09	-0.019420	0.006731	0.007989	-0.004679	-2.314804	370600.000000
2016-09-08	0.002236	0.015540	0.019660	0.014447	0.265961	163700.000000
2016-09-07	0.000580	0.021093	0.024711	0.014531	0.068947	268700.000000
2016-09-06	-0.011550	0.002148	0.004144	-0.001428	-1.388886	291900.000000
2016-09-02	0.008759	0.019398	0.024180	0.019398	1.044129	339000.000000
2016-09-01	0.003233	0.023283	0.026734	0.014699	0.384163	341000.000000
2016-08-31	-0.005031	0.014785	0.016293	0.005156	-0.600869	395300.000000
2016-08-30	0.007479	0.022712	0.024231	0.020266	0.886528	169500.000000
2016-08-29	0.014500	0.027186	0.030780	0.027100	1.694230	205400.000000
2016-08-26	-0.013883	-0.001844	0.006933	-0.004376	-1.644990	405500.000000
2016-08-25	-0.005045	0.014028	0.015708	0.009410	-0.600860	354300.000000
2016-08-24	0.009182	0.030288	0.031898	0.023085	1.083527	368500.000000
2016-08-23	-0.006469	0.012594	0.013689	0.008637	-0.768319	169900.000000
2016-08-22	0.008025	0.021060	0.024879	0.020126	0.945618	332200.000000
2016-08-19	0.005717	0.019728	0.022971	0.019130	0.669815	356800.000000
2016-08-18	-0.002181	0.007113	0.014863	0.007113	-0.256096	775200.000000
2016-08-17	0.016371	0.026024	0.031997	0.025938	1.891243	537100.000000
2016-08-16	-0.002551	0.010196	0.016326	0.008469	-0.295509	221500.000000
2016-08-15	-0.001783	0.012705	0.016066	0.012705	-0.206856	120000.000000
2016-08-12	0.000170	0.013480	0.018738	0.012618	0.019707	239900.000000
2016-08-11	0.007012	0.017635	0.023798	0.016767	0.807716	264700.000000
2016-08-10	-0.004003	0.011659	0.014599	0.010708	-0.462959	191300.000000
2016-08-09	0.000085	0.015377	0.015982	0.008978	0.009842	342100.000000
2016-08-08	0.012504	0.034202	0.037616	0.026848	1.428291	667900.000000
2016-08-05	0.032499	0.047113	0.050638	0.043226	3.595337	602900.000000
2016-08-04	0.020351	0.035495	0.037432	0.026641	2.206451	907300.000000
2016-08-03	0.000909	0.013635	0.016220	0.009665	0.098504	358000.000000
2016-08-02	-0.011328	0.007081	0.011279	-0.004419	-1.241135	534100.000000
2016-08-01	-0.003315	0.019934	0.020662	0.009564	-0.364456	445100.000000
2016-07-29	0.007584	0.030419	0.033811	0.016304	0.827415	756500.000000
2016-07-28	0.001718	0.021172	0.022090	0.009052	0.187157	600000.000000
2016-07-27	0.008850	0.031970	0.032433	0.019558	0.955475	384800.000000
2016-07-26	-0.000729	0.011131	0.016037	0.010576	-0.078804	198100.000000
2016-07-25	0.000000	0.017240	0.019462	0.014649	0.000000	204600.000000
2016-07-22	0.007533	0.022292	0.024716	0.021173	0.807724	205900.000000
2016-07-21	-0.004026	0.013904	0.016876	0.009352	-0.433419	292700.000000
2016-07-20	0.006817	0.018384	0.023059	0.016700	0.728928	192500.000000
2016-07-19	-0.004128	0.012131	0.012317	0.007009	-0.443268	220500.000000
2016-07-18	0.001746	0.013898	0.018563	0.012685	0.187157	233900.000000
2016-07-15	0.007779	0.024230	0.026110	0.020469	0.827415	351300.000000
2016-07-14	0.001113	0.020193	0.020381	0.014828	0.118210	296800.000000
2016-07-13	0.012390	0.030069	0.033785	0.022065	1.300232	537200.000000
2016-07-12	0.008329	0.025677	0.030769	0.023371	0.866814	456300.000000
2016-07-11	0.035172	0.043551	0.053099	0.042755	3.536239	679300.000000
2016-07-08	0.014713	0.021461	0.031049	0.020149	1.457840	372800.000000
2016-07-07	0.008118	0.022224	0.025989	0.017951	0.797867	423300.000000
2016-07-06	0.006050	0.017047	0.022062	0.008039	0.591011	423500.000000
2016-07-05	-0.004617	0.015102	0.015612	0.007664	-0.453109	500700.000000
2016-07-01	-0.003500	0.011041	0.017438	0.008909	-0.344758	515100.000000
2016-06-30	-0.015071	-0.001396	-0.000096	-0.011896	-1.507087	1270000.000000
2016-06-29	0.016725	0.022931	0.035132	0.021406	1.644989	484100.000000
2016-06-28	-0.004089	0.002041	0.011964	-0.003731	-0.403862	967700.000000
2016-06-27	-0.035591	-0.011944	-0.011944	-0.030302	-3.644585	691200.000000
2016-06-24	-0.054479	-0.038534	-0.028839	-0.048506	-5.900291	783700.000000
2016-06-23	0.032394	0.045517	0.048568	0.040274	3.398330	576900.000000
2016-06-22	-0.005788	0.014162	0.019279	0.008570	-0.610717	881200.000000
2016-06-21	0.012476	0.029597	0.033052	0.026719	1.300231	568100.000000
2016-06-20	0.024797	0.049326	0.052669	0.038706	2.521668	567900.000000
2016-06-17	0.012256	0.027846	0.030832	0.020082	1.231277	395100.000000
2016-06-16	-0.004781	0.000642	0.011638	-0.003618	-0.482666	305900.000000
2016-06-15	0.013850	0.030872	0.036898	0.027156	1.379036	414900.000000
2016-06-14	-0.005999	0.010013	0.013806	0.000628	-0.600868	375800.000000
2016-06-13	-0.014632	0.005957	0.010285	-0.001618	-1.487381	310000.000000
2016-06-10	-0.012440	0.006946	0.008015	-0.001797	-1.280533	316700.000000
2016-06-09	-0.010885	0.004153	0.006171	0.000790	-1.132782	283300.000000
2016-06-08	0.001517	0.015878	0.018187	0.013279	0.157608	217900.000000
2016-06-07	-0.000474	0.015974	0.017705	0.013954	-0.049247	349500.000000
2016-06-06	0.019710	0.035999	0.038156	0.030898	2.009445	559800.000000
2016-06-03	-0.003082	0.013933	0.017649	0.004937	-0.315209	449900.000000
2016-06-02	0.004742	0.015892	0.021688	0.014025	0.482659	301000.000000
2016-06-01	-0.000774	0.023352	0.023745	0.009412	-0.078804	540200.000000
2016-05-31	0.028035	0.043059	0.049418	0.035793	2.777778	673300.000000
2016-05-27	-0.016427	0.010539	0.011233	-0.005046	-1.654838	414400.000000
2016-05-26	-0.003411	0.015204	0.016490	0.009763	-0.344765	371000.000000
2016-05-25	0.019674	0.025392	0.036590	0.023274	1.950348	772000.000000
2016-05-24	0.010949	0.019079	0.031113	0.013674	1.073669	852500.000000
2016-05-23	-0.010536	0.012278	0.012278	0.003600	-1.044120	447900.000000
2016-05-20	0.010039	0.025600	0.030186	0.023256	0.985023	340800.000000
2016-05-19	-0.018911	-0.004394	-0.001394	-0.007794	-1.891243	402600.000000
2016-05-18	0.009144	0.015103	0.030138	0.014397	0.906220	374300.000000
2016-05-17	-0.002083	0.017117	0.020642	0.011982	-0.206856	305800.000000
2016-05-16	0.010322	0.019070	0.028735	0.018561	1.014572	322200.000000
2016-05-13	-0.015683	0.003788	0.009797	-0.001719	-1.566177	371600.000000
2016-05-12	0.029866	0.015204	0.051815	0.015204	2.895958	1043200.000000
2016-05-11	-0.060866	-0.018694	-0.014723	-0.050655	-6.284447	1241800.000000
2016-05-10	0.021538	0.030441	0.037069	0.028462	2.176903	483400.000000
2016-05-09	0.006375	0.030139	0.031932	0.018888	0.640266	360200.000000
2016-05-06	0.006814	0.018312	0.023324	0.014502	0.679672	277500.000000
2016-05-05	0.006460	0.021661	0.023578	0.015708	0.640259	377200.000000
2016-05-04	-0.008181	0.017506	0.017506	0.006598	-0.817566	350500.000000
2016-05-03	-0.009954	0.007278	0.009755	-0.003323	-1.004730	315000.000000
2016-05-02	0.007571	0.023390	0.025486	0.017799	0.758476	336900.000000
2016-04-29	-0.012238	0.012542	0.013232	0.000019	-1.241134	496300.000000
2016-04-28	-0.032058	-0.011042	-0.001116	-0.018773	-3.358933	740300.000000
2016-04-27	-0.008852	0.000352	0.008772	-0.001918	-0.935768	271100.000000
2016-04-26	-0.000186	0.015299	0.016055	0.009719	-0.019699	252500.000000
2016-04-25	-0.001024	0.015865	0.019550	0.008118	-0.108353	307000.000000
2016-04-22	0.019063	0.029839	0.035712	0.027047	1.979889	473700.000000
2016-04-21	0.005627	0.021885	0.024983	0.019077	0.581169	310500.000000
2016-04-20	0.001433	0.015398	0.021313	0.009968	0.147759	261300.000000
2016-04-19	0.012964	0.032294	0.035044	0.025910	1.319923	252000.000000
2016-04-18	-0.003086	-0.001246	0.013833	-0.001246	-0.315208	301900.000000
2016-04-15	-0.012195	0.010852	0.010852	0.000986	-1.260826	399300.000000
2016-04-14	0.006714	0.022410	0.026207	0.020365	0.689514	406500.000000
2016-04-13	0.026383	0.036991	0.042488	0.034293	2.639862	628900.000000
2016-04-12	0.032002	0.044083	0.051716	0.041917	3.102829	523400.000000
2016-04-11	-0.022154	-0.006278	-0.000630	-0.008598	-2.196610	990300.000000
2016-04-08	0.024321	0.040308	0.044440	0.037209	2.354218	517100.000000
2016-04-07	-0.012461	0.012143	0.012551	-0.002241	-1.221436	547600.000000
2016-04-06	0.007798	0.016849	0.024252	0.011503	0.758469	492300.000000
2016-04-05	-0.026041	-0.016340	-0.003021	-0.017541	-2.600456	1156400.000000
2016-04-04	-0.020862	-0.003229	-0.001170	-0.010583	-2.127655	993600.000000
2016-04-01	-0.026147	-0.012009	-0.006662	-0.016402	-2.738366	531800.000000
2016-03-31	-0.011896	0.003976	0.007279	0.001240	-1.260833	384500.000000
2016-03-30	-0.006922	0.011925	0.012862	0.006771	-0.738762	323500.000000
2016-03-29	0.015702	0.027814	0.031811	0.021533	1.649910	345900.000000
2016-03-28	0.022291	0.055589	0.061330	0.051601	2.291229	450500.000000
2016-03-24	-0.016466	0.018018	0.018018	0.011894	-1.720840	399800.000000
2016-03-23	-0.004604	0.033237	0.038095	0.029618	-0.483384	291100.000000
2016-03-22	0.013627	0.043745	0.055427	0.040366	1.411477	318600.000000
2016-03-21	0.005066	0.032537	0.042434	0.032537	0.522048	442100.000000
2016-03-18	-0.012323	0.018567	0.024797	0.013967	-1.285797	615500.000000
2016-03-17	0.003627	0.028128	0.043422	0.023800	0.377037	354700.000000
2016-03-16	0.002985	0.027145	0.039686	0.023575	0.309365	343000.000000
2016-03-15	-0.015879	0.019760	0.019854	0.010645	-1.672493	404400.000000
2016-03-14	-0.002837	0.034286	0.036558	0.030120	-0.299698	251500.000000
2016-03-11	0.020359	0.049643	0.055632	0.048484	2.107544	216700.000000
2016-03-10	0.007812	0.058816	0.060958	0.033504	0.802414	644900.000000
2016-03-09	0.004063	0.044546	0.045035	0.034185	0.415703	201900.000000
2016-03-08	-0.019368	0.021056	0.022782	0.012429	-2.020531	459500.000000
2016-03-07	-0.014970	0.012475	0.024938	0.010964	-1.585495	745300.000000
2016-03-04	0.009026	0.043812	0.050767	0.038477	0.947426	204700.000000
2016-03-03	0.014768	0.041148	0.049656	0.040665	1.527488	289300.000000
2016-03-02	0.005451	0.038657	0.043032	0.035450	0.560723	275700.000000
2016-03-01	0.022190	0.046304	0.059718	0.042230	2.233223	344700.000000
2016-02-29	-0.009892	0.033987	0.035758	0.024149	-1.005432	423600.000000
2016-02-26	-0.004073	0.028796	0.039377	0.025170	-0.415703	492600.000000
2016-02-25	0.009370	0.034380	0.044270	0.033095	0.947426	849000.000000
2016-02-24	-0.009752	0.028994	0.030463	0.007253	-0.995774	628600.000000
2016-02-23	-0.010029	0.033023	0.034186	0.023134	-1.034439	161700.000000
2016-02-22	0.013104	0.041845	0.049998	0.041747	1.334145	297400.000000
2016-02-19	-0.019916	0.017341	0.018978	0.008870	-2.068871	723200.000000
2016-02-18	-0.006289	0.038685	0.042225	0.025675	-0.657402	224700.000000
2016-02-17	-0.000739	0.029410	0.036675	0.028549	-0.077339	696500.000000
2016-02-16	0.028026	0.061797	0.067104	0.055901	2.851936	476700.000000
2016-02-12	0.001713	0.015579	0.037235	0.009377	0.174027	668300.000000
2016-02-11	-0.015828	0.020042	0.024789	0.009192	-1.633835	545900.000000
2016-02-10	-0.000655	0.051614	0.059843	0.032444	-0.067665	414100.000000
2016-02-09	-0.020984	0.004618	0.019594	0.000732	-2.213890	498800.000000
2016-02-08	-0.011414	0.028290	0.028946	0.011704	-1.218117	687700.000000
2016-02-05	-0.034124	0.015827	0.018361	-0.013497	-3.770378	851100.000000
2016-02-04	-0.006087	0.034380	0.034380	0.014051	-0.676727	560900.000000
2016-02-03	-0.033697	0.012476	0.014823	-0.014383	-3.876717	622600.000000
2016-02-02	-0.011628	0.032233	0.032233	0.018057	-1.353477	353400.000000
2016-02-01	0.003083	0.034122	0.040757	0.026883	0.357704	416700.000000
2016-01-29	0.033672	0.057808	0.069210	0.051216	3.780037	746000.000000
2016-01-28	0.006937	0.046579	0.046579	0.030882	0.773414	313700.000000
2016-01-27	0.008483	0.049306	0.059166	0.038451	0.937760	320900.000000
2016-01-26	0.008288	0.033377	0.043227	0.032283	0.908752	267500.000000
2016-01-25	-0.021906	0.020285	0.022248	0.009937	-2.455566	248600.000000
2016-01-22	0.043654	0.071715	0.080374	0.069015	4.688797	595500.000000
2016-01-21	-0.003677	0.023713	0.039389	0.015457	-0.396378	285300.000000
2016-01-20	-0.030516	0.009919	0.011088	-0.020297	-3.393333	1000200.000000
2016-01-19	0.021492	0.065706	0.066532	0.046047	2.339561	485500.000000
2016-01-15	-0.031731	0.014545	0.015523	-0.004757	-3.567352	637000.000000
2016-01-14	0.011305	0.037799	0.049133	0.027364	1.256798	354100.000000
2016-01-13	-0.007252	0.046615	0.048043	0.022860	-0.812088	345800.000000
2016-01-12	0.008884	0.050958	0.051588	0.031317	0.986099	341200.000000
2016-01-11	0.015479	0.045359	0.051031	0.038040	1.691841	511500.000000
2016-01-08	-0.021719	0.041093	0.044315	0.010662	-2.426582	635800.000000
2016-01-07	-0.023737	0.014283	0.019177	0.008866	-2.716599	407500.000000
2016-01-06	-0.022784	0.012436	0.014400	0.005520	-2.668258	277600.000000
2016-01-05	-0.002635	0.035062	0.035062	0.023309	-0.309372	306400.000000
2016-01-04	-0.012841	0.021602	0.027823	0.010253	-1.527481	413500.000000
2015-12-31	-0.001461	0.035472	0.043698	0.029595	-0.174019	221000.000000
2015-12-30	-0.012344	0.031396	0.031644	0.020700	-1.488816	334100.000000
2015-12-29	0.002330	0.031222	0.039450	0.031222	0.280358	160400.000000
2015-12-28	-0.010336	0.023360	0.026814	0.021715	-1.256783	283800.000000
2015-12-24	-0.010853	0.020144	0.025920	0.020144	-1.334137	102300.000000
2015-12-23	0.012502	0.043276	0.048383	0.039734	1.517823	298400.000000
2015-12-22	0.007461	0.041268	0.045583	0.035625	0.899086	332800.000000
2015-12-21	0.002090	0.037374	0.042696	0.028227	0.251358	274100.000000
2015-12-18	-0.003285	0.034629	0.036038	0.027335	-0.396378	359000.000000
2015-12-17	-0.014685	0.031849	0.034135	0.018455	-1.798180	352800.000000
2015-12-16	0.036752	0.058849	0.074343	0.057071	4.340767	493100.000000
2015-12-15	-0.002694	0.034971	0.038349	0.031172	-0.319031	245200.000000
2015-12-14	-0.009461	0.033711	0.036137	0.017652	-1.131111	414400.000000
2015-12-11	-0.009769	0.027340	0.028831	0.017981	-1.179451	463000.000000
2015-12-10	0.007990	0.043564	0.046903	0.040224	0.957093	255600.000000
2015-12-09	0.011264	0.047720	0.053038	0.038855	1.334137	340900.000000
2015-12-08	-0.021015	0.017437	0.017437	0.008015	-2.542588	516000.000000
2015-12-07	-0.005957	0.031012	0.031916	0.022960	-0.725074	161000.000000
2015-12-04	0.009461	0.033219	0.044167	0.033219	1.140785	279900.000000
2015-12-03	-0.008112	0.041702	0.041866	0.024426	-0.986099	601400.000000
2015-12-02	-0.001429	0.041691	0.043663	0.030684	-0.174012	252600.000000
2015-12-01	0.012056	0.045438	0.050675	0.043775	1.450142	201100.000000
2015-11-30	0.000402	0.037957	0.038289	0.032966	0.048325	189700.000000
2015-11-27	0.004118	0.039558	0.041729	0.037721	0.493057	63900.000000
2015-11-25	-0.001290	0.034380	0.034380	0.030961	-0.154678	110500.000000
2015-11-24	0.007310	0.040177	0.043370	0.035388	0.870079	242600.000000
2015-11-23	-0.004447	0.033795	0.036220	0.025933	-0.531716	175700.000000
2015-11-20	-0.001776	0.035549	0.036468	0.029872	-0.212684	158700.000000
2015-11-19	-0.008166	0.025685	0.030737	0.024857	-0.986100	213000.000000
2015-11-18	0.014291	0.038244	0.049499	0.036312	1.701500	217500.000000
2015-11-17	0.009095	0.040737	0.048281	0.038703	1.073105	225000.000000
2015-11-16	0.006350	0.032077	0.041375	0.031992	0.744416	183900.000000
2015-11-13	-0.003779	0.037864	0.040838	0.029877	-0.444725	289500.000000
2015-11-12	-0.012172	0.031526	0.031526	0.019943	-1.450142	282000.000000
2015-11-11	-0.002913	0.038147	0.038147	0.031367	-0.348023	146800.000000
2015-11-10	0.011209	0.042674	0.047160	0.041659	1.324455	202700.000000
2015-11-09	-0.005695	0.034380	0.034969	0.024198	-0.676727	189000.000000
2015-11-06	-0.015537	0.020380	0.020546	0.013090	-1.875526	277500.000000
2015-11-05	0.010521	0.043505	0.048026	0.043087	1.256797	319600.000000
2015-11-04	0.001378	0.035135	0.038572	0.031698	0.164345	302200.000000
2015-11-03	0.000730	0.034800	0.036226	0.030689	0.087006	569600.000000
2015-11-02	0.005546	0.039104	0.041888	0.036405	0.657402	573400.000000
2015-10-30	-0.005031	0.034212	0.037066	0.028925	-0.599396	196600.000000
2015-10-29	-0.024691	0.009577	0.010232	0.002455	-3.016296	267800.000000
2015-10-28	0.012257	0.038524	0.047804	0.035209	1.479149	193100.000000
2015-10-27	-0.003989	0.030749	0.033307	0.027695	-0.483384	206000.000000
2015-10-26	-0.003261	0.033722	0.035203	0.028293	-0.396369	218500.000000
2015-10-23	0.004072	0.035784	0.040410	0.032481	0.493042	215200.000000
2015-10-22	0.012369	0.042993	0.050101	0.040652	1.479156	271200.000000
2015-10-21	0.012192	0.049869	0.056725	0.046145	1.440475	162900.000000
2015-10-20	-0.010846	0.027097	0.028938	0.022743	-1.295463	244100.000000
2015-10-19	-0.003308	0.029290	0.031126	0.024868	-0.396378	164700.000000
2015-10-16	0.012414	0.044518	0.048827	0.040970	1.469483	265200.000000
2015-10-15	0.019908	0.048942	0.055921	0.044720	2.310562	263300.000000
2015-10-14	-0.008425	0.033782	0.036431	0.024384	-0.986092	187400.000000
2015-10-13	-0.016571	0.020769	0.024634	0.015476	-1.972198	341400.000000
2015-10-12	0.004160	0.035646	0.041467	0.034296	0.493042	314500.000000
2015-10-09	-0.007127	0.038569	0.043679	0.024747	-0.850746	398800.000000
2015-10-08	0.006275	0.034970	0.042810	0.029323	0.744407	254200.000000
2015-10-07	0.014803	0.048238	0.053799	0.045244	1.730507	240700.000000
2015-10-06	-0.011445	0.022541	0.025417	0.017891	-1.353470	350100.000000
2015-10-05	0.013170	0.043462	0.053058	0.043205	1.537148	338300.000000
2015-10-02	0.020196	0.042859	0.056057	0.036478	2.310570	557000.000000
2015-10-01	0.009038	0.045052	0.048404	0.033939	1.024765	278000.000000
2015-09-30	0.026521	0.052397	0.062899	0.051130	2.929283	235100.000000
2015-09-29	-0.008419	0.023248	0.027737	0.015887	-0.937760	345800.000000
2015-09-28	-0.014219	0.040381	0.040469	0.015336	-1.606750	311700.000000
2015-09-25	0.008167	0.064223	0.070558	0.054230	0.915337	292400.000000
2015-09-24	0.000340	0.048877	0.050841	0.035311	0.038139	535800.000000
2015-09-23	-0.000595	0.046379	0.050215	0.040136	-0.066742	231300.000000
2015-09-22	-0.015490	0.033420	0.035176	0.018755	-1.763939	372700.000000
2015-09-21	0.005134	0.055584	0.059380	0.047640	0.581627	173800.000000
2015-09-18	-0.019960	0.032611	0.039013	0.026902	-2.307427	250300.000000
2015-09-17	-0.006229	0.040449	0.055837	0.039074	-0.724639	243300.000000
2015-09-16	0.017006	0.064962	0.069508	0.062601	1.945091	439600.000000
2015-09-15	0.031027	0.073216	0.082861	0.069881	3.442070	442200.000000
2015-09-14	-0.006405	0.045474	0.048430	0.038936	-0.715103	351200.000000
2015-09-11	-0.007122	0.035894	0.041318	0.030558	-0.800934	531200.000000
2015-09-10	-0.022219	0.034354	0.034354	0.020790	-2.555329	2073300.000000
2015-09-09	-0.005114	0.066262	0.067559	0.041867	-0.591156	1331300.000000
2015-09-08	0.040687	0.082097	0.092360	0.081467	4.519501	398400.000000
2015-09-04	-0.026001	0.023096	0.025025	0.015731	-2.965332	262200.000000
2015-09-03	0.016919	0.071704	0.073933	0.064125	1.897431	352100.000000
2015-09-02	0.028686	0.075480	0.079516	0.065940	3.127426	266100.000000
2015-09-01	-0.034127	0.023981	0.027082	0.010692	-3.852066	426000.000000
2015-08-31	-0.019790	0.034546	0.035675	0.026383	-2.278824	243000.000000
2015-08-28	0.010036	0.061506	0.066681	0.055454	1.144172	285800.000000
2015-08-27	0.014681	0.056175	0.066944	0.053060	1.649529	399600.000000
2015-08-26	0.039428	0.080519	0.091157	0.064422	4.262062	395600.000000
2015-08-25	-0.001321	0.087498	0.087498	0.047402	-0.143013	576800.000000
2015-08-24	-0.046451	-0.028913	0.022359	-0.039132	-5.272766	1009000.000000
2015-08-21	-0.028163	0.045363	0.048445	0.018052	-3.289505	504600.000000
2015-08-20	-0.028086	0.036306	0.036306	0.018915	-3.375328	536700.000000
2015-08-19	-0.014311	0.036649	0.041734	0.030743	-1.744873	286500.000000
2015-08-18	0.000000	0.046655	0.050428	0.045261	0.000000	185400.000000
2015-08-17	-0.002496	0.043143	0.047151	0.039870	-0.305115	155700.000000
2015-08-14	0.003130	0.048788	0.052481	0.047064	0.381394	130600.000000
2015-08-13	0.002904	0.046565	0.054796	0.044179	0.352790	188700.000000
2015-08-12	-0.012325	0.034805	0.038057	0.024562	-1.516029	768000.000000
2015-08-11	-0.015867	0.037267	0.037267	0.029587	-1.983246	236100.000000
2015-08-10	0.008773	0.053227	0.060732	0.049756	1.086968	300900.000000
2015-08-07	0.008850	0.057337	0.058477	0.054569	1.086959	163900.000000
2015-08-06	0.003897	0.054101	0.058106	0.051567	0.476746	278800.000000
2015-08-05	-0.011860	0.039176	0.041761	0.035219	-1.468368	476500.000000
2015-08-04	-0.025004	0.034534	0.034692	0.010988	-3.175072	515200.000000
2015-08-03	-0.002098	0.040772	0.048238	0.037314	-0.266998	315100.000000
2015-07-31	0.008997	0.058620	0.060206	0.054973	1.134651	226200.000000
2015-07-30	-0.002263	0.044278	0.047680	0.038345	-0.286042	270100.000000
2015-07-29	0.005537	0.047754	0.056743	0.046879	0.696053	212500.000000
2015-07-28	0.000379	0.043138	0.049822	0.037488	0.047676	383500.000000
2015-07-27	-0.005734	0.040480	0.043407	0.038185	-0.724655	187700.000000
2015-07-24	-0.005253	0.051700	0.053825	0.041468	-0.667435	130200.000000
2015-07-23	-0.005523	0.046440	0.048240	0.041665	-0.705597	196100.000000
2015-07-22	-0.004236	0.042864	0.047774	0.042864	-0.543480	196400.000000
2015-07-21	-0.007230	0.043913	0.044842	0.038032	-0.934387	200500.000000
2015-07-20	0.001330	0.052120	0.054599	0.049175	0.171616	353700.000000
2015-07-17	-0.003020	0.040522	0.046625	0.040522	-0.390930	186100.000000
2015-07-16	0.013284	0.066399	0.067573	0.061859	1.697181	441200.000000
2015-07-15	0.004047	0.053660	0.057983	0.051460	0.514893	294100.000000
2015-07-14	0.000075	0.046351	0.050831	0.044779	0.009529	195300.000000
2015-07-13	0.014599	0.060749	0.065534	0.060749	1.830696	214900.000000
2015-07-10	0.019298	0.061224	0.071872	0.056022	2.374169	401900.000000
2015-07-09	0.007181	0.065570	0.068599	0.055501	0.877197	186900.000000
2015-07-08	-0.032256	0.030804	0.031041	0.013612	-4.071366	717300.000000
2015-07-07	-0.002637	0.045074	0.047286	0.033143	-0.333717	288600.000000
2015-07-06	-0.000151	0.044838	0.051553	0.043890	-0.019073	132000.000000
2015-07-02	-0.006362	0.041880	0.043528	0.039603	-0.810463	276800.000000
2015-07-01	-0.001121	0.048553	0.049494	0.044005	-0.143013	157100.000000
2015-06-30	0.009815	0.062803	0.064862	0.057498	1.239532	216300.000000
2015-06-29	-0.022221	0.038258	0.038490	0.025096	-2.869987	191100.000000
2015-06-26	0.004375	0.052443	0.056642	0.050965	0.562561	138900.000000
2015-06-25	-0.003914	0.048401	0.049640	0.044528	-0.505341	180800.000000
2015-06-24	-0.012400	0.040449	0.040449	0.035248	-1.620941	149000.000000
2015-06-23	0.011958	0.060168	0.062490	0.058929	1.544662	270500.000000
2015-06-22	0.010894	0.057709	0.067021	0.057709	1.392060	263100.000000
2015-06-19	-0.003421	0.048788	0.049880	0.044576	-0.438599	179800.000000
2015-06-18	-0.002892	0.038134	0.048632	0.038134	-0.371841	246300.000000
2015-06-17	-0.008746	0.035298	0.041311	0.030982	-1.134644	344900.000000
2015-06-16	0.004059	0.050258	0.053896	0.048788	0.524429	179200.000000
2015-06-15	0.000148	0.046543	0.051420	0.046311	0.019059	292700.000000
2015-06-12	0.002293	0.050883	0.054141	0.048090	0.295578	191400.000000
2015-06-11	0.007002	0.056601	0.058710	0.053944	0.896255	152600.000000
2015-06-10	0.014664	0.060996	0.066941	0.060124	1.849762	166200.000000
2015-06-09	-0.006384	0.043668	0.045558	0.039100	-0.810448	236300.000000
2015-06-08	-0.017416	0.033851	0.036327	0.026421	-2.250206	304900.000000
2015-06-05	-0.009792	0.042197	0.042197	0.036602	-1.277694	167200.000000
2015-06-04	-0.004293	0.044896	0.049474	0.042607	-0.562561	231000.000000
2015-06-03	0.006370	0.056007	0.058848	0.052090	0.829544	240300.000000
2015-06-02	-0.004882	0.044967	0.048100	0.042903	-0.638840	275900.000000
2015-06-01	-0.004714	0.048103	0.049472	0.040573	-0.619751	280100.000000
2015-05-29	-0.013239	0.041282	0.041282	0.032051	-1.763962	310600.000000
2015-05-28	0.006990	0.049393	0.057782	0.049166	0.924897	220000.000000
2015-05-27	0.007770	0.056557	0.058689	0.053434	1.020217	247000.000000
2015-05-26	-0.003762	0.050685	0.050685	0.040593	-0.495819	293200.000000
2015-05-22	-0.008749	0.037806	0.042921	0.037280	-1.163238	202800.000000
2015-05-21	0.003093	0.047053	0.052862	0.047053	0.410019	141900.000000
2015-05-20	-0.003727	0.046307	0.049690	0.043075	-0.495819	121000.000000
2015-05-19	0.000717	0.051947	0.054881	0.047660	0.095352	223700.000000
2015-05-18	0.000430	0.048938	0.049691	0.047132	0.057205	141300.000000
2015-05-15	0.010294	0.054110	0.059736	0.054110	1.353943	177700.000000
2015-05-14	0.009735	0.057309	0.059305	0.051398	1.268127	150400.000000
2015-05-13	-0.007555	0.046426	0.050921	0.040102	-0.991638	359700.000000
2015-05-12	0.001528	0.049246	0.053366	0.045354	0.200241	579400.000000
2015-05-11	-0.032860	0.017498	0.021041	0.014104	-4.452759	756700.000000
2015-05-08	0.030452	0.060803	0.082399	0.059814	4.004624	319400.000000
2015-05-07	0.005541	0.046494	0.055670	0.046341	0.724640	208500.000000
2015-05-06	-0.002835	0.047034	0.052143	0.040782	-0.371857	322500.000000
2015-05-05	-0.017921	0.044295	0.046841	0.029244	-2.393234	266100.000000
2015-05-04	0.000714	0.047514	0.052310	0.045940	0.095337	172000.000000
2015-05-01	0.006762	0.046751	0.055879	0.046525	0.896286	247100.000000
2015-04-30	-0.012572	0.042903	0.045287	0.033293	-1.687653	246800.000000
2015-04-29	-0.008940	0.043398	0.051815	0.034096	-1.210937	282900.000000
2015-04-28	0.009953	0.060121	0.065042	0.055797	1.334869	421900.000000
2015-04-27	-0.003895	0.046931	0.049085	0.043886	-0.524414	273000.000000
2015-04-24	0.001276	0.050498	0.052060	0.048416	0.171631	277500.000000
2015-04-23	-0.004447	0.045086	0.045974	0.041088	-0.600708	393000.000000
2015-04-22	0.002335	0.049827	0.052943	0.047600	0.314667	163600.000000
2015-04-21	0.018742	0.068746	0.072753	0.068066	2.479064	365800.000000
2015-04-20	0.002167	0.051137	0.055682	0.050379	0.286042	151600.000000
2015-04-17	-0.003957	0.048863	0.049165	0.041393	-0.524414	253900.000000
2015-04-16	-0.000719	0.049542	0.051955	0.046601	-0.095352	186500.000000
2015-04-15	0.003029	0.053099	0.054234	0.048939	0.400451	177600.000000
2015-04-14	0.007996	0.057403	0.059614	0.053134	1.048828	171600.000000
2015-04-13	-0.014966	0.033918	0.036396	0.030388	-1.992752	320200.000000
2015-04-10	-0.001858	0.039792	0.048113	0.039418	-0.247925	320300.000000
2015-04-09	-0.000214	0.042492	0.050137	0.041743	-0.028610	276700.000000
2015-04-08	0.001575	0.049839	0.053667	0.047437	0.209763	142100.000000
2015-04-07	-0.006541	0.044761	0.048788	0.041405	-0.877198	260800.000000
2015-04-06	0.004428	0.048638	0.057701	0.048638	0.591156	157800.000000
2015-04-02	0.011121	0.059012	0.067116	0.057497	1.468369	249000.000000
2015-04-01	-0.010079	0.037092	0.039566	0.032894	-1.344406	358900.000000
2015-03-31	-0.018660	0.036501	0.036943	0.027893	-2.536255	555100.000000
2015-03-30	0.001053	0.043411	0.052765	0.041276	0.143021	484100.000000
2015-03-27	0.009228	0.058020	0.059283	0.053411	1.241424	238100.000000
2015-03-26	-0.004868	0.057752	0.062634	0.055607	-0.658050	324400.000000
2015-03-25	-0.004913	0.069116	0.069116	0.058296	-0.667450	328600.000000
2015-03-24	-0.005505	0.063084	0.063084	0.057009	-0.752060	303700.000000
2015-03-23	0.015585	0.080396	0.083890	0.077571	2.096374	480700.000000
2015-03-20	0.021342	0.083029	0.089558	0.082193	2.810822	406900.000000
2015-03-19	0.000143	0.064199	0.067616	0.060478	0.018799	310600.000000
2015-03-18	0.022780	0.080364	0.089374	0.075626	2.933044	457900.000000
2015-03-17	-0.004072	0.060417	0.062583	0.056627	-0.526459	816400.000000
2015-03-16	0.009914	0.073039	0.079133	0.071477	1.269120	271000.000000
2015-03-13	-0.009889	0.050826	0.054848	0.047732	-1.278519	393200.000000
2015-03-12	0.026343	0.080969	0.092877	0.080969	3.318481	313200.000000
2015-03-11	0.002319	0.067801	0.069790	0.064857	0.291420	222700.000000
2015-03-10	-0.012556	0.054000	0.055808	0.049679	-1.598137	220900.000000
2015-03-09	0.003707	0.068554	0.069736	0.064137	0.470047	174100.000000
2015-03-06	-0.000074	0.067055	0.072259	0.062166	-0.009399	184700.000000
2015-03-05	-0.004575	0.059347	0.062958	0.056914	-0.582855	232900.000000
2015-03-04	0.000886	0.063743	0.065236	0.055887	0.112831	205500.000000
2015-03-03	-0.003459	0.059829	0.063508	0.057480	-0.441841	208000.000000
2015-03-02	0.003693	0.062800	0.068694	0.062800	0.470024	254500.000000
2015-02-27	-0.010453	0.052468	0.055967	0.052468	-1.344307	219900.000000
2015-02-26	-0.000511	0.063821	0.068329	0.061878	-0.065796	258000.000000
2015-02-25	-0.010626	0.051902	0.054516	0.048749	-1.381927	236800.000000
2015-02-24	0.009929	0.068558	0.077100	0.065762	1.278518	335000.000000
2015-02-23	0.000584	0.063743	0.066074	0.059936	0.075211	199800.000000
2015-02-20	0.011975	0.068933	0.077189	0.068304	1.522903	239800.000000
2015-02-19	0.008348	0.066439	0.074289	0.065487	1.052887	218600.000000
2015-02-18	0.015748	0.076468	0.082106	0.076388	1.955368	258400.000000
2015-02-17	-0.003095	0.059809	0.065349	0.059809	-0.385444	365400.000000
2015-02-13	0.005083	0.065115	0.071571	0.065115	0.629852	301000.000000
2015-02-12	0.006106	0.066747	0.071618	0.065204	0.752067	327600.000000
2015-02-11	0.001299	0.063337	0.066995	0.062849	0.159806	449200.000000
2015-02-10	0.013085	0.068273	0.079391	0.068273	1.588737	229100.000000
2015-02-09	-0.003164	0.062922	0.065221	0.058735	-0.385437	186000.000000
2015-02-06	-0.016472	0.047836	0.053650	0.044606	-2.039970	384900.000000
2015-02-05	-0.007085	0.050114	0.057650	0.048510	-0.883652	448000.000000
2015-02-04	0.012052	0.072668	0.089221	0.072668	1.485306	471300.000000
2015-02-03	0.000076	0.051247	0.064392	0.050192	0.009422	458000.000000
2015-02-02	0.017384	0.074063	0.082566	0.070843	2.105751	280200.000000
2015-01-30	-0.024972	0.042331	0.046276	0.035892	-3.102249	273900.000000
2015-01-29	0.009164	0.068049	0.073735	0.063662	1.128105	411800.000000
2015-01-28	-0.001144	0.072912	0.074453	0.060497	-0.141029	304100.000000
2015-01-27	-0.005764	0.057854	0.062694	0.055837	-0.714447	301000.000000
2015-01-26	0.016967	0.074573	0.085484	0.074573	2.068169	350600.000000
2015-01-23	-0.001540	0.064890	0.066610	0.060794	-0.188027	292900.000000
2015-01-22	0.009327	0.066306	0.076724	0.057956	1.128090	235500.000000
2015-01-21	-0.003871	0.057154	0.060943	0.054272	-0.470032	606700.000000
2015-01-20	0.002173	0.068860	0.071254	0.062753	0.263222	436700.000000
2015-01-16	0.016564	0.076665	0.082370	0.074399	1.974167	441600.000000
2015-01-15	0.007630	0.081075	0.085302	0.070591	0.902473	310400.000000
2015-01-14	-0.004667	0.055412	0.060125	0.048764	-0.554649	363800.000000
2015-01-13	0.002936	0.072267	0.079188	0.060283	0.347824	252900.000000
2015-01-12	-0.000317	0.067287	0.077749	0.057500	-0.037598	306700.000000
2015-01-09	-0.011757	0.065327	0.065327	0.050403	-1.410118	150300.000000
2015-01-08	0.019254	0.074621	0.085244	0.074621	2.265595	498800.000000
2015-01-07	0.025143	0.093538	0.098243	0.089531	2.886040	385700.000000
2015-01-06	-0.010294	0.064002	0.066761	0.045119	-1.193917	285600.000000
2015-01-05	-0.018302	0.053332	0.054771	0.041566	-2.162170	240600.000000
2015-01-02	0.001514	0.070101	0.073577	0.058741	0.178612	250000.000000
2014-12-31	-0.003415	0.061124	0.066278	0.059434	-0.404236	151100.000000
2014-12-30	-0.011463	0.051967	0.052886	0.046706	-1.372505	169100.000000
2014-12-29	-0.005699	0.055273	0.059591	0.053446	-0.686264	203600.000000
2014-12-26	0.010571	0.065757	0.076582	0.065757	1.259712	160100.000000
2014-12-24	0.000000	0.067435	0.068526	0.063743	0.000000	80000.000000
2014-12-23	0.000948	0.064583	0.069371	0.063071	0.112808	188200.000000
2014-12-22	-0.002913	0.057797	0.062738	0.054698	-0.347832	598000.000000
2014-12-19	0.018198	0.080628	0.086938	0.078922	2.133988	396700.000000
2014-12-18	0.012336	0.071599	0.077297	0.068923	1.428909	306700.000000
2014-12-17	0.010497	0.064267	0.078486	0.064267	1.203300	338000.000000
2014-12-16	0.003208	0.070832	0.080633	0.065493	0.366616	543500.000000
2014-12-15	-0.024008	0.055202	0.057508	0.034019	-2.810822	597000.000000
2014-12-12	-0.012293	0.060116	0.063574	0.050498	-1.457115	350100.000000
2014-12-11	0.004781	0.072729	0.079340	0.066964	0.564056	251900.000000
2014-12-10	-0.022359	0.051644	0.051727	0.036893	-2.698036	508800.000000
2014-12-09	-0.000467	0.059022	0.063743	0.050490	-0.056396	472100.000000
2014-12-08	-0.004728	0.063825	0.065062	0.057313	-0.573456	359500.000000
2014-12-05	0.003344	0.065894	0.069533	0.062668	0.404236	423500.000000
2014-12-04	0.006969	0.072905	0.072905	0.066992	0.836677	505100.000000
2014-12-03	0.009007	0.071559	0.074837	0.068366	1.071686	471300.000000
2014-12-02	0.013046	0.077536	0.081537	0.075492	1.532311	496400.000000
2014-12-01	0.014700	0.076961	0.084823	0.076011	1.701545	485800.000000
2014-11-28	0.011750	0.074319	0.077991	0.070211	1.344315	234400.000000
2014-11-26	-0.000903	0.065315	0.065402	0.060250	-0.103417	291800.000000
2014-11-25	0.002882	0.066283	0.068385	0.066195	0.329033	190200.000000
2014-11-24	0.001402	0.065497	0.067690	0.063831	0.159813	661000.000000
2014-11-21	0.013114	0.071651	0.081336	0.071651	1.475922	920500.000000
2014-11-20	-0.005235	0.058440	0.060915	0.056319	-0.592247	163000.000000
2014-11-19	0.002332	0.063743	0.067730	0.058339	0.263222	389700.000000
2014-11-18	0.012480	0.073520	0.079889	0.072534	1.391319	332300.000000
2014-11-17	-0.010266	0.052024	0.057706	0.048296	-1.156311	324100.000000
2014-11-14	0.000000	0.061612	0.064276	0.058505	0.000000	214200.000000
2014-11-13	0.008671	0.071444	0.077892	0.071444	0.968292	269800.000000
2014-11-12	-0.002938	0.060172	0.061957	0.054547	-0.329033	252800.000000
2014-11-11	0.009918	0.068522	0.076908	0.067891	1.099892	526100.000000
2014-11-10	-0.005899	0.056034	0.060337	0.053255	-0.658051	429800.000000
2014-11-07	-0.009680	0.051315	0.053446	0.044657	-1.090492	570800.000000
2014-11-06	-0.012688	0.047529	0.051561	0.043147	-1.447716	435500.000000
2014-11-05	0.016499	0.078265	0.084679	0.072741	1.851952	394100.000000
2014-11-04	-0.021312	0.041945	0.043863	0.031569	-2.444214	569600.000000
2014-11-03	0.005357	0.063305	0.069704	0.059010	0.611061	856900.000000
2014-10-31	0.047385	0.093031	0.114975	0.087982	5.161019	1280500.000000
2014-10-30	0.000432	0.054466	0.068244	0.054374	0.047004	194900.000000
2014-10-29	0.006169	0.072061	0.078068	0.065314	0.667458	245800.000000
2014-10-28	0.006647	0.066627	0.070814	0.061603	0.714462	389900.000000
2014-10-27	-0.001485	0.061978	0.066902	0.057705	-0.159820	198500.000000
2014-10-24	0.009699	0.073123	0.075374	0.068058	1.034080	312500.000000
2014-10-23	0.010154	0.073029	0.081556	0.069997	1.071693	408300.000000
2014-10-22	-0.009528	0.061491	0.064400	0.052951	-1.015281	413600.000000
2014-10-21	0.000353	0.054825	0.065245	0.052665	0.037605	665400.000000
2014-10-20	0.032061	0.088353	0.099689	0.088062	3.309059	408900.000000
2014-10-17	-0.003540	0.052254	0.065771	0.051771	-0.366623	469100.000000
2014-10-16	0.001090	0.053402	0.071282	0.049825	0.112816	441700.000000
2014-10-15	-0.013976	0.046208	0.051926	0.033056	-1.466530	632600.000000
2014-10-14	-0.009319	0.056851	0.057795	0.050431	-0.987068	759400.000000
2014-10-13	-0.011407	0.065610	0.070277	0.050863	-1.222107	425700.000000
2014-10-10	-0.004803	0.068295	0.075168	0.057520	-0.517044	448400.000000
2014-10-09	-0.014967	0.063286	0.064109	0.045261	-1.635742	371200.000000
2014-10-08	0.003799	0.061539	0.068611	0.049140	0.413643	446000.000000
2014-10-07	-0.007541	0.066478	0.067754	0.055539	-0.827271	398400.000000
2014-10-06	0.004649	0.067864	0.073450	0.066033	0.507645	339200.000000
2014-10-03	0.014675	0.075079	0.080747	0.073035	1.579323	281500.000000
2014-10-02	-0.018603	0.048879	0.050338	0.036295	-2.039955	507300.000000
2014-10-01	-0.007488	0.067454	0.067906	0.054059	-0.827279	676800.000000
2014-09-30	0.000085	0.067183	0.069084	0.059398	0.009415	481100.000000
2014-09-29	-0.009524	0.058543	0.059260	0.049667	-1.062294	365700.000000
2014-09-26	0.006617	0.067082	0.072136	0.065909	0.733254	271300.000000
2014-09-25	0.002407	0.076707	0.080416	0.065489	0.266044	437800.000000
2014-09-24	0.005074	0.073441	0.081170	0.073168	0.558045	272900.000000
2014-09-23	-0.006386	0.074898	0.075078	0.066225	-0.706856	314500.000000
2014-09-22	0.002105	0.078337	0.084675	0.076527	0.232521	409700.000000
2014-09-19	-0.005610	0.073999	0.074899	0.067337	-0.623154	262100.000000
2014-09-18	0.017725	0.088637	0.094867	0.087904	1.934578	356500.000000
2014-09-17	-0.002041	0.073340	0.078369	0.068677	-0.223221	262800.000000
2014-09-16	0.003670	0.075903	0.081501	0.073884	0.399933	320900.000000
2014-09-15	0.000427	0.073975	0.076730	0.071313	0.046509	176700.000000
2014-09-12	0.006359	0.084500	0.084685	0.079419	0.688255	233400.000000
2014-09-11	-0.001030	0.073046	0.075077	0.070646	-0.111595	189600.000000
2014-09-10	0.012780	0.084984	0.089845	0.082273	1.367218	359500.000000
2014-09-09	-0.008790	0.069239	0.069702	0.065255	-0.948684	323400.000000
2014-09-08	-0.003007	0.073044	0.074430	0.067040	-0.325539	219100.000000
2014-09-05	0.002930	0.075539	0.078597	0.073964	0.316223	162200.000000
2014-09-04	0.000776	0.077301	0.082586	0.074612	0.083717	382700.000000
2014-09-03	-0.002065	0.074429	0.076649	0.071930	-0.223213	244300.000000
2014-09-02	0.016445	0.090405	0.092944	0.088430	1.748558	294000.000000
2014-08-29	-0.000961	0.075827	0.076390	0.070377	-0.102302	170300.000000
2014-08-28	-0.004177	0.072268	0.075075	0.066935	-0.446457	281300.000000
2014-08-27	-0.001477	0.075356	0.076196	0.072179	-0.158112	268800.000000
2014-08-26	0.001828	0.077602	0.082937	0.075637	0.195320	251000.000000
2014-08-25	0.006837	0.081577	0.085158	0.080540	0.725472	238900.000000
2014-08-22	-0.014597	0.065882	0.065882	0.058082	-1.571846	477000.000000
2014-08-21	0.000691	0.075633	0.080280	0.075262	0.074409	263900.000000
2014-08-20	-0.010688	0.062942	0.065332	0.059080	-1.162613	319900.000000
2014-08-19	-0.002218	0.074160	0.075169	0.071500	-0.241821	221900.000000
2014-08-18	0.002738	0.076273	0.080504	0.076273	0.297623	156900.000000
2014-08-15	-0.007219	0.070694	0.071881	0.061654	-0.790566	220300.000000
2014-08-14	-0.001611	0.070975	0.073892	0.068969	-0.176719	181500.000000
2014-08-13	0.005885	0.080763	0.085165	0.080029	0.641761	217800.000000
2014-08-12	0.004111	0.078023	0.082443	0.075813	0.446434	242500.000000
2014-08-11	-0.007396	0.066943	0.071238	0.064840	-0.809166	264800.000000
2014-08-08	0.008142	0.074800	0.084199	0.070285	0.883584	254400.000000
2014-08-07	0.000600	0.083006	0.088722	0.073509	0.065094	260400.000000
2014-08-06	-0.020331	0.048974	0.054665	0.042651	-2.250794	429300.000000
2014-08-05	0.007704	0.083270	0.090643	0.078719	0.846359	360300.000000
2014-08-04	0.004507	0.078278	0.081935	0.075443	0.492958	131300.000000
2014-08-01	-0.003390	0.072617	0.075989	0.068790	-0.372032	206900.000000
2014-07-31	-0.017078	0.068630	0.072213	0.056360	-1.906677	290900.000000
2014-07-30	-0.004478	0.074634	0.074634	0.065895	-0.502251	293100.000000
2014-07-29	0.000000	0.075258	0.083015	0.074455	0.000000	399200.000000
2014-07-28	0.007941	0.078135	0.085325	0.076247	0.883583	172800.000000
2014-07-25	0.002094	0.080032	0.080753	0.074628	0.232521	140200.000000
2014-07-24	-0.000419	0.076789	0.080210	0.074629	-0.046501	152600.000000
2014-07-23	0.002098	0.077063	0.079409	0.073996	0.232521	171200.000000
2014-07-22	0.004382	0.075712	0.082055	0.075712	0.483635	117700.000000
2014-07-21	-0.002018	0.073270	0.076073	0.067302	-0.223205	143900.000000
2014-07-18	0.004393	0.079347	0.080709	0.074896	0.483635	208000.000000
2014-07-17	-0.006462	0.075620	0.078147	0.066596	-0.716172	244700.000000
2014-07-16	0.003707	0.081418	0.082505	0.078792	0.409249	181200.000000
2014-07-15	-0.002437	0.075169	0.075982	0.069115	-0.269730	187700.000000
2014-07-14	0.004050	0.082880	0.083968	0.078525	0.446442	166800.000000
2014-07-11	0.003981	0.078448	0.082000	0.075806	0.437141	347300.000000
2014-07-10	-0.016578	0.052240	0.060390	0.044447	-1.850868	466700.000000
2014-07-09	-0.002161	0.070700	0.075079	0.063550	-0.241821	292300.000000
2014-07-08	-0.007098	0.073217	0.073217	0.061592	-0.799881	343400.000000
2014-07-07	-0.004683	0.070929	0.075787	0.067485	-0.530152	328700.000000
2014-07-03	-0.001231	0.070493	0.075345	0.067847	-0.139503	195900.000000
2014-07-02	-0.003108	0.075872	0.075960	0.069628	-0.353439	223500.000000
2014-07-01	0.021728	0.091073	0.098710	0.090354	2.418220	501000.000000
2014-06-30	0.006900	0.083402	0.084578	0.080597	0.762680	505000.000000
2014-06-27	0.010115	0.084856	0.086958	0.082663	1.106804	353200.000000
2014-06-26	0.001532	0.080020	0.080020	0.073521	0.167404	195600.000000
2014-06-25	0.007894	0.078490	0.084117	0.075907	0.855675	208600.000000
2014-06-24	-0.005716	0.075536	0.076728	0.068565	-0.623146	219600.000000
2014-06-23	-0.008459	0.064983	0.066711	0.061345	-0.930092	233800.000000
2014-06-20	0.003992	0.079369	0.081286	0.074895	0.437141	513600.000000
2014-06-19	0.014649	0.088602	0.093883	0.084248	1.581139	660300.000000
2014-06-18	0.011682	0.076387	0.089322	0.074513	1.246338	360700.000000
2014-06-17	0.002009	0.081273	0.082306	0.075451	0.213905	222000.000000
2014-06-16	0.002101	0.075451	0.079122	0.071969	0.223229	225200.000000
2014-06-13	-0.000175	0.073851	0.076110	0.072722	-0.018601	185200.000000
2014-06-12	0.001753	0.081956	0.086763	0.075640	0.186013	292400.000000
2014-06-11	0.001669	0.076963	0.080834	0.074319	0.176719	207000.000000
2014-06-10	-0.010428	0.062181	0.066292	0.059378	-1.116104	348900.000000
2014-06-09	-0.000695	0.073768	0.076663	0.072181	-0.074417	220200.000000
2014-06-06	0.004887	0.075450	0.083332	0.074512	0.520859	370900.000000
2014-06-05	0.000961	0.072539	0.078174	0.068970	0.102302	318500.000000
2014-06-04	-0.003829	0.071333	0.072736	0.060854	-0.409233	558100.000000
2014-06-03	0.008513	0.077150	0.085359	0.077150	0.902191	593400.000000
2014-06-02	0.007426	0.084769	0.085435	0.076690	0.781258	660400.000000
2014-05-30	0.014531	0.093106	0.093492	0.088766	1.506752	449700.000000
2014-05-29	0.014375	0.088668	0.092777	0.086516	1.469528	348500.000000
2014-05-28	-0.001816	0.079465	0.081906	0.069212	-0.186012	259100.000000
2014-05-27	0.004287	0.078013	0.080366	0.074090	0.437141	296400.000000
2014-05-23	0.001370	0.075365	0.077526	0.074089	0.139511	175600.000000
2014-05-22	0.013233	0.083527	0.093476	0.083228	1.330033	547100.000000
2014-05-21	0.003622	0.076467	0.080661	0.074370	0.362732	307000.000000
2014-05-20	-0.008655	0.070813	0.071902	0.065467	-0.874291	333200.000000
2014-05-19	-0.009123	0.060455	0.067125	0.057512	-0.930084	358900.000000
2014-05-16	0.001005	0.073892	0.076347	0.069867	0.102318	237400.000000
2014-05-15	-0.008422	0.074292	0.077408	0.061246	-0.864990	257900.000000
2014-05-14	-0.008529	0.072176	0.075748	0.065805	-0.883583	699500.000000
2014-05-13	0.019870	0.085014	0.098108	0.083832	2.018287	564200.000000
2014-05-12	0.003123	0.075169	0.079613	0.072502	0.316223	346200.000000
2014-05-09	0.006657	0.083221	0.087397	0.078947	0.669670	371700.000000
2014-05-08	-0.008071	0.069942	0.071027	0.060377	-0.818473	366500.000000
2014-05-07	0.000275	0.075169	0.076550	0.071026	0.027900	319000.000000
2014-05-06	-0.004020	0.075758	0.076446	0.068095	-0.409240	429400.000000
2014-05-05	-0.004457	0.073702	0.075169	0.070083	-0.455735	274800.000000
2014-05-02	0.001823	0.077716	0.079578	0.074581	0.186013	420500.000000
2014-05-01	0.012083	0.091035	0.092325	0.084590	1.218414	340900.000000
2014-04-30	0.008558	0.080170	0.085170	0.076869	0.855682	467700.000000
2014-04-29	0.004016	0.082600	0.084407	0.078282	0.399933	296500.000000
2014-04-28	0.005447	0.084357	0.084962	0.073755	0.539452	392800.000000
2014-04-25	-0.005138	0.072858	0.076977	0.068238	-0.511551	436500.000000
2014-04-24	-0.010264	0.067116	0.067116	0.059561	-1.032395	459600.000000
2014-04-23	-0.002490	0.073780	0.075863	0.072194	-0.251121	276800.000000
2014-04-22	-0.002025	0.073288	0.075070	0.070913	-0.204613	343900.000000
2014-04-21	0.005740	0.083928	0.084226	0.079349	0.576645	377000.000000
2014-04-17	-0.004149	0.075863	0.076656	0.067437	-0.418533	393100.000000
2014-04-16	0.015066	0.086639	0.091670	0.083620	1.497429	372700.000000
2014-04-15	-0.004286	0.068256	0.071662	0.058638	-0.427834	488000.000000
2014-04-14	0.023167	0.098642	0.103972	0.094030	2.260109	497400.000000
2014-04-11	0.014508	0.084632	0.100335	0.082032	1.395126	912300.000000
2014-04-10	-0.040286	0.048621	0.050717	0.031755	-4.036575	1535400.000000
2014-04-09	-0.012557	0.053488	0.062653	0.051221	-1.274216	1117600.000000
2014-04-08	-0.020558	0.053065	0.055381	0.048528	-2.129905	611900.000000
2014-04-07	0.001168	0.077585	0.080000	0.071110	0.120910	401800.000000
2014-04-04	-0.014177	0.069072	0.072692	0.057735	-1.488121	598400.000000
2014-04-03	-0.005113	0.070335	0.076590	0.066639	-0.539451	453200.000000
2014-04-02	0.001943	0.076498	0.077923	0.070231	0.204612	351100.000000
2014-04-01	0.002834	0.075645	0.079359	0.074312	0.297623	539200.000000
2014-03-31	0.000621	0.077742	0.081458	0.072501	0.065117	481000.000000
2014-03-28	0.011203	0.092899	0.095790	0.084708	1.162605	539400.000000
2014-03-27	0.009500	0.088495	0.089468	0.082756	0.976593	559000.000000
2014-03-26	0.037801	0.119951	0.130450	0.112985	3.744530	858400.000000
2014-03-25	0.004817	0.104856	0.108812	0.098566	0.474907	349300.000000
2014-03-24	0.005309	0.104399	0.105826	0.093079	0.520599	362500.000000
2014-03-21	-0.002230	0.095322	0.103258	0.092168	-0.219192	413200.000000
2014-03-20	-0.009846	0.073456	0.085344	0.071038	-0.977257	668100.000000
2014-03-19	-0.010471	0.088734	0.094017	0.078266	-1.050316	513300.000000
2014-03-18	-0.007590	0.082845	0.090957	0.081756	-0.767174	319000.000000
2014-03-17	0.017562	0.108103	0.115553	0.106694	1.744439	438500.000000
2014-03-14	-0.013157	0.083589	0.087166	0.077827	-1.324318	753200.000000
2014-03-13	-0.009793	0.096784	0.099637	0.078978	-0.995499	396100.000000
2014-03-12	-0.010315	0.083426	0.086931	0.076514	-1.059448	483900.000000
2014-03-11	-0.007764	0.093659	0.095784	0.085931	-0.803711	224100.000000
2014-03-10	-0.005441	0.091552	0.093378	0.085691	-0.566261	235500.000000
2014-03-07	-0.006018	0.096347	0.097971	0.086797	-0.630188	309000.000000
2014-03-06	0.012273	0.109802	0.111252	0.107289	1.269508	392200.000000
2014-03-05	-0.016926	0.075622	0.080944	0.072296	-1.780968	621900.000000
2014-03-04	0.014173	0.106770	0.111107	0.105131	1.470444	286500.000000
2014-03-03	-0.014744	0.081050	0.082380	0.074498	-1.552635	456300.000000
2014-02-28	-0.006206	0.086893	0.093971	0.083968	-0.657578	307800.000000
2014-02-27	0.003807	0.091789	0.099083	0.088189	0.401856	227800.000000
2014-02-26	-0.007641	0.090496	0.090684	0.084574	-0.812844	231300.000000
2014-02-25	0.002582	0.095669	0.101984	0.092747	0.273987	298600.000000
2014-02-24	-0.001461	0.092186	0.096797	0.090397	-0.155266	328600.000000
2014-02-21	0.008757	0.104978	0.111434	0.103839	0.922448	315800.000000
2014-02-20	0.000955	0.096720	0.100141	0.091494	0.100463	242300.000000
2014-02-19	-0.009116	0.091431	0.096233	0.083804	-0.968101	279900.000000
2014-02-18	0.009638	0.107749	0.113358	0.100429	1.013763	387500.000000
2014-02-14	-0.008437	0.085017	0.091333	0.084074	-0.895042	621700.000000
2014-02-13	-0.011994	0.070886	0.084018	0.069768	-1.287773	419000.000000
2014-02-12	-0.002968	0.091572	0.099558	0.088786	-0.319672	466700.000000
2014-02-11	0.007433	0.101931	0.104925	0.095476	0.794594	366100.000000
2014-02-10	-0.002896	0.096034	0.096128	0.087639	-0.310516	385000.000000
2014-02-07	0.012246	0.094348	0.110967	0.092554	1.296897	610900.000000
2014-02-06	0.002594	0.084691	0.099837	0.083365	0.273987	439300.000000
2014-02-05	0.028180	0.117302	0.127619	0.110683	2.895211	709900.000000
2014-02-04	-0.002306	0.086175	0.094041	0.075493	-0.237465	561200.000000
2014-02-03	-0.017515	0.087377	0.089095	0.069345	-1.835770	553800.000000
2014-01-31	-0.020485	0.073981	0.079401	0.061738	-2.191940	566300.000000
2014-01-30	-0.000341	0.097157	0.100801	0.090244	-0.036522	329900.000000
2014-01-29	-0.005347	0.098911	0.099468	0.086459	-0.575394	542300.000000
2014-01-28	0.006836	0.099593	0.106516	0.097347	0.730637	564400.000000
2014-01-27	-0.007211	0.094915	0.098444	0.078846	-0.776306	673000.000000
2014-01-24	-0.012399	0.091521	0.091979	0.079779	-1.351700	591900.000000
2014-01-23	-0.019147	0.083308	0.083668	0.071251	-2.128029	435900.000000
2014-01-22	0.010211	0.102459	0.106549	0.097460	1.123382	371400.000000
2014-01-21	0.010655	0.106949	0.107316	0.098957	1.159905	550000.000000
2014-01-17	-0.005341	0.090803	0.096285	0.086874	-0.584519	407800.000000
2014-01-16	0.003013	0.096106	0.098214	0.089691	0.328804	244600.000000
2014-01-15	0.000084	0.094823	0.100231	0.091707	0.009125	426400.000000
2014-01-14	0.000502	0.093539	0.098124	0.088220	0.054787	473300.000000
2014-01-13	-0.011671	0.092105	0.092105	0.080323	-1.287758	421600.000000
2014-01-10	0.003989	0.096371	0.100010	0.091912	0.438385	242000.000000
2014-01-09	0.004005	0.099300	0.100853	0.092539	0.438385	338500.000000
2014-01-08	-0.005064	0.092370	0.092370	0.087552	-0.557114	349400.000000
2014-01-07	0.002413	0.096919	0.098742	0.093275	0.264862	306200.000000
2014-01-06	-0.002821	0.098276	0.099185	0.090281	-0.310531	441100.000000
2014-01-03	-0.000995	0.098273	0.100905	0.088016	-0.109604	530500.000000
2014-01-02	-0.010581	0.092041	0.092041	0.078570	-1.178162	239400.000000
2013-12-31	0.004614	0.096178	0.099967	0.093652	0.511444	230000.000000
2013-12-30	-0.004266	0.103809	0.103809	0.089884	-0.474914	288600.000000
2013-12-27	0.001561	0.101933	0.102023	0.092755	0.173523	292900.000000
2013-12-26	0.025967	0.111531	0.125839	0.111531	2.813003	434900.000000
2013-12-24	-0.005534	0.085551	0.088948	0.085551	-0.602775	289100.000000
2013-12-23	0.004379	0.096759	0.101369	0.095191	0.474922	395000.000000
2013-12-20	0.000337	0.092701	0.095929	0.090303	0.036530	340700.000000
2013-12-19	-0.019250	0.075828	0.078451	0.070762	-2.128022	691900.000000
2013-12-18	0.020315	0.107652	0.117620	0.100083	2.201088	680600.000000
2013-12-17	-0.000169	0.093438	0.099160	0.089932	-0.018272	343200.000000
2013-12-16	-0.004781	0.088853	0.094180	0.087476	-0.520577	661700.000000
2013-12-13	-0.009307	0.091821	0.091821	0.081995	-1.022918	595100.000000
2013-12-12	0.000000	0.097735	0.100829	0.094187	0.000000	324800.000000
2013-12-11	-0.011175	0.091586	0.095995	0.081420	-1.242096	414500.000000
2013-12-10	-0.005963	0.085524	0.090533	0.084809	-0.666725	362600.000000
2013-12-09	-0.002526	0.094112	0.096610	0.090722	-0.283135	326000.000000
2013-12-06	0.009375	0.101038	0.108781	0.101038	1.041184	283800.000000
2013-12-05	-0.012265	0.087711	0.088778	0.078461	-1.379105	460100.000000
2013-12-04	-0.004045	0.084728	0.094738	0.081628	-0.456665	389400.000000
2013-12-03	-0.003948	0.090062	0.094738	0.081063	-0.447517	489400.000000
2013-12-02	-0.007597	0.092901	0.099293	0.086071	-0.867646	521200.000000
2013-11-29	-0.001278	0.093516	0.097363	0.092117	-0.146126	184500.000000
2013-11-27	0.002241	0.095528	0.101488	0.094740	0.255730	246200.000000
2013-11-26	-0.005334	0.091515	0.092735	0.087592	-0.611923	291600.000000
2013-11-25	-0.005621	0.096562	0.096562	0.087547	-0.648460	263100.000000
2013-11-22	0.005573	0.095874	0.104939	0.093433	0.639328	385000.000000
2013-11-21	-0.003491	0.086750	0.092743	0.086750	-0.401856	635300.000000
2013-11-20	-0.001505	0.094741	0.099251	0.091185	-0.173530	285800.000000
2013-11-19	-0.011046	0.083421	0.087367	0.078961	-1.287774	731300.000000
2013-11-18	-0.002579	0.091749	0.100219	0.088755	-0.301399	846300.000000
2013-11-15	0.003922	0.096633	0.102130	0.095688	0.456658	311600.000000
2013-11-14	-0.001410	0.089254	0.097316	0.087453	-0.164399	307100.000000
2013-11-13	0.002828	0.086486	0.098699	0.083561	0.328789	332900.000000
2013-11-12	0.004974	0.092581	0.100706	0.092495	0.575401	641700.000000
2013-11-11	-0.005496	0.090617	0.092164	0.086834	-0.639328	315100.000000
2013-11-08	0.011515	0.098306	0.109784	0.098306	1.324303	459500.000000
2013-11-07	-0.025387	0.082288	0.086864	0.065593	-2.995659	499100.000000
2013-11-06	0.004744	0.109901	0.109901	0.098832	0.557122	362700.000000
2013-11-05	-0.008023	0.087820	0.091283	0.082414	-0.949852	498500.000000
2013-11-04	-0.001002	0.096940	0.096940	0.090274	-0.118729	201500.000000
2013-11-01	0.002627	0.095676	0.101091	0.091023	0.310531	202400.000000
2013-10-31	-0.005991	0.096092	0.096597	0.086926	-0.712394	373900.000000
2013-10-30	0.009694	0.104170	0.107906	0.100689	1.141655	478700.000000
2013-10-29	0.004518	0.096024	0.100288	0.094915	0.529716	302200.000000
2013-10-28	-0.002487	0.097552	0.097552	0.090916	-0.292267	282800.000000
2013-10-25	-0.008704	0.086396	0.091372	0.083782	-1.032043	308200.000000
2013-10-24	0.004410	0.097880	0.101268	0.093390	0.520592	164200.000000
2013-10-23	-0.011170	0.082768	0.085868	0.076821	-1.333451	327400.000000
2013-10-22	0.010280	0.121572	0.121572	0.096523	1.214714	344300.000000
2013-10-21	-0.001081	0.093647	0.107426	0.091956	-0.127868	561200.000000
2013-10-18	-0.004458	0.085657	0.093231	0.083132	-0.529724	357700.000000
2013-10-17	-0.001075	0.088273	0.093822	0.086172	-0.127861	317700.000000
2013-10-16	0.004861	0.093986	0.101926	0.088072	0.575393	187900.000000
2013-10-15	-0.008719	0.091649	0.091984	0.084447	-1.041168	439300.000000
2013-10-14	-0.006836	0.081192	0.091006	0.080360	-0.821991	317100.000000
2013-10-11	0.004962	0.092742	0.100348	0.085721	0.593659	568300.000000
2013-10-10	0.022719	0.111754	0.119790	0.108934	2.657753	364200.000000
2013-10-09	0.035656	0.130237	0.134310	0.115276	4.027694	565200.000000
2013-10-08	-0.013244	0.096225	0.096837	0.078841	-1.516090	291200.000000
2013-10-07	-0.020858	0.073104	0.080631	0.071393	-2.438545	289600.000000
2013-10-04	0.002035	0.092515	0.099457	0.088658	0.237449	155400.000000
2013-10-03	0.000705	0.102119	0.102119	0.088396	0.082199	177000.000000
2013-10-02	0.002670	0.092851	0.100161	0.084681	0.310532	225000.000000
2013-10-01	-0.005546	0.094915	0.098678	0.083797	-0.648445	305700.000000
2013-09-30	-0.017120	0.071631	0.077935	0.063730	-2.036698	358500.000000
2013-09-27	-0.013032	0.077742	0.085042	0.077327	-1.570900	179600.000000
2013-09-26	0.016403	0.103515	0.115911	0.102588	1.945351	247500.000000
2013-09-25	0.003617	0.101837	0.103530	0.095913	0.427437	260900.000000
2013-09-24	0.006010	0.112035	0.118250	0.106161	0.705955	221600.000000
2013-09-23	0.002549	0.104542	0.109151	0.099677	0.298676	296300.000000
2013-09-20	-0.005760	0.106581	0.109212	0.096737	-0.678810	408000.000000
2013-09-19	-0.005575	0.101761	0.104293	0.095095	-0.660698	629500.000000
2013-09-18	0.032734	0.111071	0.143142	0.109590	3.756050	594200.000000
2013-09-17	-0.007593	0.093121	0.100732	0.090613	-0.877930	286600.000000
2013-09-16	0.007492	0.115340	0.119436	0.110896	0.859833	163700.000000
2013-09-13	0.007068	0.106639	0.113571	0.104182	0.805496	219300.000000
2013-09-12	-0.012935	0.091891	0.095962	0.087127	-1.493347	328200.000000
2013-09-11	0.001413	0.096557	0.108093	0.095516	0.162911	265600.000000
2013-09-10	0.004574	0.106627	0.112465	0.105232	0.524940	395400.000000
2013-09-09	0.009956	0.105500	0.116588	0.104884	1.131333	258300.000000
2013-09-06	-0.000716	0.107698	0.112183	0.093451	-0.081460	307100.000000
2013-09-05	-0.001589	0.095489	0.106201	0.094084	-0.181007	315300.000000
2013-09-04	0.012389	0.104084	0.124261	0.102217	1.393807	410500.000000
2013-09-03	0.029059	0.134246	0.145772	0.131685	3.176811	575200.000000
2013-08-30	-0.025022	0.080894	0.083747	0.075721	-2.805733	396500.000000
2013-08-29	-0.000161	0.103546	0.114425	0.102387	-0.018104	239500.000000
2013-08-28	-0.001048	0.102835	0.110317	0.098114	-0.117646	173700.000000
2013-08-27	-0.009186	0.099941	0.103030	0.091910	-1.040840	330000.000000
2013-08-26	-0.014330	0.098446	0.099316	0.087224	-1.647232	182900.000000
2013-08-23	0.017953	0.130299	0.130299	0.116042	2.027367	204300.000000
2013-08-22	0.015546	0.117924	0.125118	0.116575	1.728683	184600.000000
2013-08-21	-0.030843	0.082484	0.085099	0.068017	-3.538833	437300.000000
2013-08-20	-0.011154	0.088423	0.096179	0.085406	-1.294243	299900.000000
2013-08-19	-0.005276	0.104884	0.107027	0.096396	-0.615464	196100.000000
2013-08-16	0.011220	0.114853	0.123609	0.113033	1.294274	282600.000000
2013-08-15	-0.014079	0.102149	0.102234	0.085482	-1.647263	335400.000000
2013-08-14	-0.007143	0.100895	0.102932	0.095040	-0.841705	136700.000000
2013-08-13	0.014651	0.108414	0.124085	0.106089	1.701538	296300.000000
2013-08-12	0.005879	0.112938	0.112938	0.106270	0.678802	294400.000000
2013-08-09	-0.003593	0.108940	0.110925	0.098584	-0.416336	318700.000000
2013-08-08	0.003685	0.108608	0.112853	0.101246	0.425400	381700.000000
2013-08-07	-0.016500	0.094746	0.099347	0.086142	-1.936867	593400.000000
2013-08-06	0.001467	0.106334	0.109320	0.101386	0.171967	494600.000000
2013-08-05	-0.035882	0.062442	0.069022	0.054135	-4.362457	792600.000000
2013-08-02	0.064084	0.136217	0.181028	0.129478	7.322059	1166200.000000
2013-08-01	0.035603	0.144312	0.149931	0.141139	3.928002	622900.000000
2013-07-31	-0.005629	0.101459	0.103712	0.092716	-0.624504	363700.000000
2013-07-30	0.019460	0.130243	0.133275	0.124179	2.117881	437900.000000
2013-07-29	-0.034059	0.072312	0.076927	0.066010	-3.837509	650900.000000
2013-07-26	-0.023991	0.078983	0.078983	0.064777	-2.769531	616800.000000
2013-07-25	-0.006852	0.091549	0.098432	0.086560	-0.796448	302200.000000
2013-07-24	-0.008109	0.103860	0.104116	0.092852	-0.950332	300100.000000
2013-07-23	-0.006293	0.105308	0.105308	0.094284	-0.742157	315500.000000
2013-07-22	-0.000460	0.101833	0.108444	0.101833	-0.054314	301500.000000
2013-07-19	-0.003364	0.098126	0.102687	0.096268	-0.398239	359300.000000
2013-07-18	-0.000306	0.098044	0.107333	0.095933	-0.036194	480000.000000
2013-07-17	0.014972	0.121169	0.127083	0.111741	1.746780	634200.000000
2013-07-16	-0.005631	0.102668	0.103350	0.091588	-0.660690	636000.000000
2013-07-15	-0.000386	0.107440	0.107440	0.100709	-0.045265	241700.000000
2013-07-12	0.003094	0.104286	0.108302	0.103004	0.362038	297400.000000
2013-07-11	0.019878	0.120223	0.127980	0.117957	2.280777	346000.000000
2013-07-10	0.004517	0.109524	0.111975	0.105409	0.515892	290900.000000
2013-07-09	0.010408	0.120453	0.120453	0.110015	1.176590	454700.000000
2013-07-08	-0.002954	0.101444	0.104266	0.096858	-0.334870	324400.000000
2013-07-05	0.006023	0.117306	0.117838	0.103375	0.678795	335600.000000
2013-07-03	0.000402	0.096362	0.105327	0.092900	0.045250	170300.000000
2013-07-02	0.011787	0.119972	0.125721	0.112608	1.312378	620300.000000
2013-07-01	0.019559	0.120725	0.130249	0.110378	2.135956	604100.000000
2013-06-28	-0.008871	0.100981	0.104248	0.092359	-0.977478	466100.000000
2013-06-27	0.031171	0.129591	0.142131	0.127064	3.330673	641700.000000
2013-06-26	0.006565	0.109971	0.112514	0.101398	0.696899	544900.000000
2013-06-25	0.006522	0.113607	0.116831	0.105832	0.687859	320200.000000
2013-06-24	-0.025261	0.084551	0.087509	0.065420	-2.733322	653500.000000
2013-06-21	0.021271	0.126781	0.130368	0.109981	2.253647	765500.000000
2013-06-20	-0.030800	0.088326	0.089881	0.066371	-3.366875	747000.000000
2013-06-19	-0.012348	0.108588	0.112925	0.090609	-1.366669	616500.000000
2013-06-18	0.015866	0.123791	0.128380	0.118835	1.728691	721300.000000
2013-06-17	0.025558	0.130016	0.137923	0.125216	2.715218	586200.000000
2013-06-14	-0.032317	0.081110	0.086302	0.063804	-3.547890	591500.000000
2013-06-13	0.018215	0.105255	0.125473	0.103771	1.964012	449600.000000
2013-06-12	-0.006588	0.114466	0.117875	0.090603	-0.715004	595500.000000
2013-06-11	-0.010153	0.097496	0.105978	0.087738	-1.113250	861800.000000
2013-06-10	0.034940	0.148490	0.149906	0.136503	3.701767	857200.000000
2013-06-07	0.022537	0.104787	0.134417	0.096294	2.335075	1392700.000000
2013-06-06	-0.003395	0.091899	0.101325	0.079972	-0.352982	695700.000000
2013-06-05	-0.028666	0.076855	0.083956	0.070128	-3.068206	514700.000000
2013-06-04	0.017641	0.124850	0.130364	0.113250	1.855415	618800.000000
2013-06-03	-0.011399	0.086367	0.093605	0.068133	-1.212807	1238900.000000
2013-05-31	-0.024157	0.086264	0.095803	0.077642	-2.633758	657000.000000
2013-05-30	0.007443	0.111814	0.119576	0.110798	0.805526	558700.000000
2013-05-29	-0.029307	0.079051	0.079948	0.064789	-3.267318	930500.000000
2013-05-28	0.021986	0.125509	0.140543	0.125234	2.398437	658700.000000
2013-05-24	-0.033130	0.072445	0.079181	0.059504	-3.737945	1252400.000000
2013-05-23	-0.024875	0.058559	0.080166	0.036174	-2.878136	1491500.000000
2013-05-22	-0.014493	0.107269	0.115701	0.086060	-1.701530	917700.000000
2013-05-21	0.008317	0.113816	0.116306	0.108920	0.968429	513100.000000
2013-05-20	0.010446	0.112086	0.119289	0.111653	1.203743	667600.000000
2013-05-17	0.017583	0.115480	0.125636	0.115127	1.991150	605600.000000
2013-05-16	-0.011690	0.099647	0.101742	0.089873	-1.339500	571900.000000
2013-05-15	0.019734	0.117877	0.126688	0.115830	2.217437	807900.000000
2013-05-14	-0.005448	0.088421	0.100901	0.084261	-0.615471	1332800.000000
2013-05-13	0.029271	0.123104	0.137407	0.121282	3.213028	1251400.000000
2013-05-10	0.026579	0.120502	0.135185	0.118445	2.841919	1370800.000000
2013-05-09	-0.013032	0.084300	0.095469	0.081439	-1.411903	1061800.000000
2013-05-08	0.031185	0.120684	0.139816	0.109452	3.276352	946500.000000
2013-05-07	0.009128	0.119195	0.129281	0.113817	0.950332	560500.000000
2013-05-06	0.000957	0.105653	0.108056	0.104115	0.099549	241700.000000
2013-05-03	0.004721	0.110390	0.114833	0.109424	0.488746	437600.000000
2013-05-02	0.005804	0.098763	0.114794	0.096334	0.597352	461000.000000
2013-05-01	-0.022184	0.085598	0.090158	0.079993	-2.335091	632000.000000
2013-04-30	-0.002059	0.098911	0.103462	0.098058	-0.217217	334700.000000
2013-04-29	0.009179	0.109476	0.117704	0.107850	0.959366	172900.000000
2013-04-26	-0.003108	0.100210	0.105647	0.097730	-0.325813	387700.000000
2013-04-25	0.018911	0.120336	0.130152	0.113533	1.945900	544900.000000
2013-04-24	0.006641	0.109775	0.118091	0.107232	0.678810	622200.000000
2013-04-23	0.006326	0.104785	0.114138	0.103899	0.642586	705100.000000
2013-04-22	-0.000267	0.097994	0.109116	0.095239	-0.027130	773600.000000
2013-04-19	0.015468	0.116277	0.123373	0.111680	1.547653	372300.000000
2013-04-18	-0.009941	0.101519	0.101519	0.092317	-1.004631	312200.000000
2013-04-17	-0.007555	0.107142	0.108910	0.093394	-0.769303	646800.000000
2013-04-16	0.012782	0.118709	0.122190	0.114631	1.285210	327500.000000
2013-04-15	-0.017772	0.096971	0.103907	0.084369	-1.819206	567700.000000
2013-04-12	-0.001589	0.104689	0.108200	0.092399	-0.162903	580800.000000
2013-04-11	0.041368	0.142668	0.154247	0.135761	4.072830	2010500.000000
2013-04-10	0.011719	0.116496	0.119887	0.113824	1.140381	592600.000000
2013-04-09	-0.010947	0.089029	0.097159	0.085878	-1.077034	686500.000000
2013-04-08	0.020751	0.115258	0.128123	0.111835	2.000214	1075600.000000
2013-04-05	0.008236	0.101223	0.116285	0.097876	0.787414	1578300.000000
2013-04-04	0.047086	0.152636	0.159756	0.148036	4.299088	1709400.000000
2013-04-03	0.009305	0.132962	0.134067	0.112732	0.841728	559800.000000
2013-04-02	-0.012547	0.089602	0.095496	0.088292	-1.149445	498800.000000
2013-04-01	-0.013835	0.096703	0.096810	0.085938	-1.285202	334900.000000
2013-03-28	-0.004462	0.099954	0.100383	0.095239	-0.416336	327200.000000
2013-03-27	-0.004826	0.094432	0.100618	0.092406	-0.452537	657700.000000
2013-03-26	0.015219	0.124297	0.125596	0.116610	1.405586	277800.000000
2013-03-25	-0.006539	0.121570	0.121785	0.102532	-0.607933	295500.000000
2013-03-22	0.004443	0.120179	0.124177	0.119423	0.411232	175500.000000
2013-03-21	-0.007192	0.118773	0.118773	0.107510	-0.670494	342100.000000
2013-03-20	0.010955	0.121270	0.134716	0.121270	1.010223	308800.000000
2013-03-19	0.002722	0.127475	0.130846	0.115623	0.250328	242400.000000
2013-03-18	-0.010199	0.113177	0.115222	0.105320	-0.947654	481500.000000
2013-03-15	0.003767	0.125040	0.125689	0.118234	0.348663	285600.000000
2013-03-14	0.005731	0.119862	0.126055	0.119536	0.527473	196600.000000
2013-03-13	0.001849	0.117470	0.123892	0.116055	0.169846	180500.000000
2013-03-12	-0.013725	0.105139	0.110507	0.100845	-1.278419	398500.000000
2013-03-11	0.004822	0.120824	0.123952	0.118990	0.447006	174300.000000
2013-03-08	0.004164	0.120292	0.126574	0.115742	0.384414	420600.000000
2013-03-07	-0.011393	0.105172	0.111919	0.104101	-1.063858	399000.000000
2013-03-06	0.011132	0.128629	0.132852	0.123106	1.028092	606300.000000
2013-03-05	0.008395	0.121725	0.133409	0.119650	0.768852	2210200.000000
2013-03-04	-0.002435	0.111152	0.116053	0.105378	-0.223503	244900.000000
2013-03-01	0.000877	0.115615	0.122483	0.112017	0.080460	925800.000000
2013-02-28	0.009743	0.132649	0.134741	0.123622	0.885086	538800.000000
2013-02-27	-0.008296	0.097052	0.111353	0.095087	-0.759911	434600.000000
2013-02-26	0.030577	0.150398	0.156361	0.141960	2.717773	845700.000000
2013-02-25	-0.028532	0.116263	0.120089	0.085769	-2.610504	697300.000000
2013-02-22	0.012265	0.128848	0.132278	0.122542	1.108582	694400.000000
2013-02-21	-0.014524	0.109509	0.111144	0.093917	-1.332085	608600.000000
2013-02-20	0.000683	0.132415	0.134597	0.118777	0.062584	602100.000000
2013-02-19	-0.000780	0.109510	0.119540	0.107656	-0.071525	753100.000000
2013-02-15	-0.000390	0.122046	0.123572	0.116161	-0.035752	478700.000000
2013-02-14	-0.015066	0.105571	0.110938	0.101063	-1.403595	535300.000000
2013-02-13	-0.005914	0.116851	0.119519	0.109916	-0.554291	855600.000000
2013-02-12	-0.010384	0.109794	0.111061	0.105148	-0.983406	455300.000000
2013-02-11	0.014170	0.125305	0.135158	0.125305	1.323143	700100.000000
2013-02-08	0.016051	0.138144	0.141408	0.132051	1.475106	779500.000000
2013-02-07	0.000000	0.124217	0.127263	0.114206	0.000000	682000.000000
2013-02-06	0.039854	0.151258	0.163138	0.147976	3.522384	1104900.000000
2013-02-05	0.010528	0.137767	0.139596	0.122789	0.920830	714500.000000
2013-02-04	-0.003057	0.122092	0.124144	0.112859	-0.268196	650500.000000
2013-02-01	0.028940	0.140491	0.152571	0.139904	2.467445	535000.000000
2013-01-31	-0.002406	0.118559	0.119144	0.112825	-0.205604	329700.000000
2013-01-30	0.000000	0.124643	0.126866	0.117974	0.000000	256800.000000
2013-01-29	0.008651	0.124341	0.131068	0.123279	0.733070	370400.000000
2013-01-28	-0.013736	0.108083	0.108083	0.100052	-1.180076	416500.000000
2013-01-25	0.003760	0.126854	0.127204	0.120662	0.321846	372900.000000
2013-01-24	0.013658	0.124954	0.138573	0.124954	1.153282	521900.000000
2013-01-23	-0.004007	0.111127	0.115728	0.110420	-0.339737	422400.000000
2013-01-22	-0.011054	0.100828	0.107593	0.098261	-0.947647	558400.000000
2013-01-18	-0.009196	0.109197	0.109659	0.103302	-0.795677	517600.000000
2013-01-17	0.022612	0.134160	0.148461	0.129787	1.913185	744600.000000
2013-01-16	-0.018563	0.094199	0.107655	0.092691	-1.600273	700400.000000
2013-01-15	-0.003822	0.104461	0.115901	0.101225	-0.330796	1054800.000000
2013-01-14	0.007179	0.124029	0.129266	0.122166	0.616883	602800.000000
2013-01-11	-0.007743	0.108512	0.114286	0.108512	-0.670510	495100.000000
2013-01-10	0.012544	0.125808	0.135513	0.123119	1.072808	452000.000000
2013-01-09	0.018418	0.132372	0.139160	0.131420	1.546630	379000.000000
2013-01-08	-0.016749	0.100293	0.103922	0.091277	-1.430404	501000.000000
2013-01-07	-0.018595	0.095691	0.101322	0.084659	-1.618149	325500.000000
2013-01-04	0.020656	0.135096	0.144127	0.130639	1.761169	743800.000000
2013-01-03	-0.006459	0.111334	0.120190	0.108421	-0.554268	539800.000000
2013-01-02	0.029383	0.136911	0.151425	0.136911	2.449578	535700.000000
2012-12-31	0.012816	0.118194	0.134231	0.118194	1.054931	521400.000000
2012-12-28	-0.005079	0.115537	0.117470	0.110460	-0.420196	509000.000000
2012-12-27	0.024126	0.135394	0.146411	0.130318	1.948952	684600.000000
2012-12-26	-0.008993	0.110585	0.115982	0.105923	-0.733086	586400.000000
2012-12-24	0.004517	0.120161	0.126076	0.119052	0.366554	163600.000000
2012-12-21	-0.020080	0.092234	0.098996	0.088973	-1.662864	531400.000000
2012-12-20	0.020716	0.137910	0.142470	0.131747	1.680732	754700.000000
2012-12-19	0.016807	0.145003	0.145630	0.135603	1.341011	561500.000000
2012-12-18	0.030720	0.137031	0.153954	0.132897	2.378067	612500.000000
2012-12-17	0.007798	0.117777	0.127281	0.117777	0.598977	168100.000000
2012-12-14	0.000466	0.115954	0.120122	0.115823	0.035774	168000.000000
2012-12-13	-0.010371	0.107474	0.108505	0.095615	-0.804611	359600.000000
2012-12-12	0.008483	0.121028	0.130908	0.121028	0.652618	328700.000000
2012-12-11	0.001513	0.116996	0.124417	0.116085	0.116219	272900.000000
2012-12-10	-0.002090	0.112063	0.117909	0.111543	-0.160912	250300.000000
2012-12-07	0.005136	0.119473	0.125610	0.116991	0.393349	252400.000000
2012-12-06	0.004574	0.121051	0.123675	0.118690	0.348686	170300.000000
2012-12-05	-0.002924	0.112542	0.118951	0.111103	-0.223519	252500.000000
2012-12-04	-0.001634	0.116469	0.122606	0.115947	-0.125167	244900.000000
2012-12-03	-0.004879	0.112581	0.118428	0.111281	-0.375489	334500.000000
2012-11-30	-0.004971	0.111188	0.114809	0.110025	-0.384422	273300.000000
2012-11-29	0.016449	0.124998	0.138798	0.124341	1.251625	300600.000000
2012-11-28	-0.001525	0.108192	0.118427	0.099662	-0.116234	302200.000000
2012-11-27	-0.017180	0.105532	0.106564	0.097794	-1.332069	249500.000000
2012-11-26	0.013083	0.131232	0.134629	0.126659	1.001289	438500.000000
2012-11-23	0.013976	0.131939	0.135252	0.127700	1.054940	352900.000000
2012-11-21	0.018825	0.134081	0.139615	0.131651	1.394653	285200.000000
2012-11-20	-0.005281	0.108489	0.115068	0.107012	-0.393364	229000.000000
2012-11-19	0.014862	0.130413	0.135318	0.129051	1.090683	361900.000000
2012-11-16	0.022801	0.144341	0.146711	0.133889	1.636040	522300.000000
2012-11-15	0.050386	0.163207	0.175797	0.161743	3.441925	739400.000000
2012-11-14	-0.018749	0.105631	0.111089	0.094139	-1.305252	381000.000000
2012-11-13	0.002188	0.115823	0.125181	0.113232	0.151985	182100.000000
2012-11-12	-0.012079	0.106328	0.109599	0.104906	-0.849304	157700.000000
2012-11-09	0.003829	0.122128	0.128552	0.119986	0.268196	172600.000000
2012-11-08	-0.016692	0.109434	0.111820	0.098624	-1.189026	223400.000000
2012-11-07	-0.019202	0.108094	0.108370	0.094326	-1.394661	279800.000000
2012-11-06	-0.001352	0.116084	0.119796	0.112921	-0.098328	324900.000000
2012-11-05	0.045630	0.154646	0.170605	0.144294	3.173729	681000.000000
2012-11-02	-0.003203	0.124434	0.125008	0.113543	-0.223511	157200.000000
2012-11-01	0.007487	0.120436	0.127944	0.117115	0.518525	186200.000000
2012-10-31	0.001422	0.112775	0.124198	0.112775	0.098342	290700.000000
2012-10-26	-0.013894	0.102162	0.106724	0.095888	-0.974472	195100.000000
2012-10-25	0.013959	0.135763	0.139232	0.127956	0.965531	526400.000000
2012-10-24	-0.003991	0.119999	0.121727	0.111791	-0.277138	198200.000000
2012-10-23	-0.016335	0.102270	0.102694	0.095754	-1.153274	282600.000000
2012-10-22	0.014647	0.134080	0.137386	0.125601	1.019165	484500.000000
2012-10-19	-0.008661	0.117419	0.118416	0.105023	-0.607933	310500.000000
2012-10-18	0.006668	0.128598	0.129315	0.121857	0.464897	840400.000000
2012-10-17	0.008665	0.127528	0.128540	0.123332	0.598976	278900.000000
2012-10-16	0.014565	0.126631	0.135731	0.126484	0.992355	318700.000000
2012-10-15	0.020624	0.142227	0.143575	0.135935	1.376770	341100.000000
2012-10-12	-0.002405	0.123341	0.125732	0.113627	-0.160911	197600.000000
2012-10-11	0.004698	0.122913	0.129369	0.122913	0.312896	369600.000000
2012-10-10	-0.020510	0.106499	0.107087	0.092234	-1.394661	550800.000000
2012-10-09	-0.016550	0.105542	0.106120	0.096141	-1.144325	294400.000000
2012-10-08	-0.004633	0.114528	0.116543	0.110929	-0.321838	145500.000000
2012-10-05	-0.016207	0.104113	0.107512	0.098873	-1.144326	312500.000000
2012-10-04	0.024517	0.142210	0.147288	0.141774	1.689675	305900.000000
2012-10-03	0.003123	0.120014	0.125108	0.116812	0.214554	246400.000000
2012-10-02	-0.002854	0.117543	0.119720	0.111302	-0.196678	394500.000000
2012-10-01	-0.018342	0.098755	0.105593	0.095335	-1.287384	578400.000000
2012-09-28	-0.021682	0.089985	0.094863	0.088033	-1.555573	646300.000000
2012-09-27	0.020084	0.137469	0.142161	0.132635	1.412537	484400.000000
2012-09-26	-0.022490	0.104660	0.105494	0.091595	-1.618157	576400.000000
2012-09-25	0.008256	0.139004	0.141386	0.126952	0.589157	549500.000000
2012-09-24	-0.012270	0.112018	0.114924	0.108004	-0.886459	341100.000000
2012-09-21	-0.005370	0.130001	0.130965	0.122016	-0.390045	121300.000000
2012-09-20	-0.002920	0.123956	0.126289	0.118602	-0.212754	227800.000000
2012-09-19	0.009334	0.138465	0.145669	0.137079	0.673714	314800.000000
2012-09-18	0.000123	0.125995	0.130152	0.124332	0.008873	395100.000000
2012-09-17	-0.021279	0.122378	0.122784	0.103933	-1.569061	412000.000000
2012-09-14	0.002894	0.131202	0.138954	0.129570	0.212746	349700.000000
2012-09-13	0.010601	0.118727	0.141407	0.116390	0.771247	377900.000000
2012-09-12	0.009471	0.141671	0.143614	0.134872	0.682564	268000.000000
2012-09-11	-0.004774	0.121169	0.125726	0.120064	-0.345726	339500.000000
2012-09-10	0.000245	0.135256	0.135947	0.127521	0.017739	251700.000000
2012-09-07	0.016808	0.134956	0.148017	0.133692	1.196731	420500.000000
2012-09-06	0.023967	0.141448	0.155830	0.141448	1.666550	351700.000000
2012-09-05	-0.003683	0.118903	0.125924	0.117757	-0.257073	467800.000000
