2017-09-01	0.000000	-0.000384	0.004227	-0.003075	0.000000	2716600.000000
2017-08-31	0.011271	0.001943	0.011660	0.001943	0.580002	2367600.000000
2017-08-30	-0.007139	-0.008682	-0.001158	-0.010612	-0.370003	932400.000000
2017-08-29	0.000772	-0.002510	0.003669	-0.002896	0.040001	643000.000000
2017-08-28	0.002711	0.004840	0.004840	-0.001549	0.139999	848700.000000
2017-08-25	0.005451	-0.000584	0.006813	-0.001557	0.280003	924500.000000
2017-08-24	-0.005036	-0.002324	-0.001937	-0.008910	-0.260002	591300.000000
2017-08-23	0.011163	0.007050	0.013905	0.004700	0.570000	1131300.000000
2017-08-22	0.014101	0.012512	0.019662	0.011519	0.710003	2582900.000000
2017-08-21	-0.002773	0.001386	0.004357	-0.005150	-0.140004	1432300.000000
2017-08-18	0.012229	0.001403	0.019447	-0.002606	0.610001	2188600.000000
2017-08-17	-0.010317	-0.005357	0.000397	-0.011905	-0.520001	899400.000000
2017-08-16	0.002786	0.007163	0.011341	-0.000199	0.140004	1506400.000000
2017-08-15	0.001594	0.002591	0.004583	-0.003388	0.079998	973900.000000
2017-08-14	-0.004365	0.001389	0.006349	-0.004365	-0.220002	802500.000000
2017-08-11	-0.009239	-0.006094	-0.004914	-0.011008	-0.469997	924900.000000
2017-08-10	-0.008575	-0.002923	-0.001169	-0.011304	-0.440002	1604300.000000
2017-08-09	0.002344	-0.007423	0.003516	-0.008595	0.120002	986400.000000
2017-08-08	-0.010248	-0.001740	0.001933	-0.011021	-0.530002	966900.000000
2017-08-07	-0.003852	-0.006356	-0.002504	-0.008089	-0.199997	821500.000000
2017-08-04	0.009135	0.005248	0.009524	0.001749	0.469997	1489800.000000
2017-08-03	-0.002714	0.003295	0.004071	-0.004846	-0.139999	1653100.000000
2017-08-02	0.007224	0.008786	0.014447	0.003709	0.369999	1489700.000000
2017-08-01	0.010855	0.017959	0.021906	0.008684	0.550003	1333100.000000
2017-07-31	0.001185	0.000790	0.006125	-0.001383	0.059997	844500.000000
2017-07-28	0.003370	-0.005948	0.004362	-0.006542	0.170002	1332600.000000
2017-07-27	0.000992	0.000794	0.001985	-0.008732	0.050000	2902400.000000
2017-07-26	0.011441	0.011642	0.013448	0.005219	0.569999	1140800.000000
2017-07-25	0.004233	0.016126	0.017738	0.004233	0.209999	807100.000000
2017-07-24	-0.000201	0.006248	0.006852	-0.001411	-0.009998	700100.000000
2017-07-21	-0.014498	-0.002979	-0.001589	-0.018868	-0.729999	1935400.000000
2017-07-20	0.004389	0.011769	0.012368	0.000000	0.219997	2142400.000000
2017-07-19	0.009058	-0.000201	0.009259	-0.001006	0.450001	639800.000000
2017-07-18	0.003839	0.008487	0.008487	-0.000808	0.189998	783700.000000
2017-07-17	-0.003423	0.000000	0.001812	-0.006242	-0.169998	1109800.000000
2017-07-14	0.008735	0.009141	0.013813	0.005484	0.430000	916600.000000
2017-07-13	0.003465	0.000408	0.003465	-0.002650	0.169999	824000.000000
2017-07-12	0.000816	0.006120	0.009792	0.000408	0.040001	1911400.000000
2017-07-11	0.007398	-0.002672	0.008015	-0.004727	0.360000	1064800.000000
2017-07-10	0.004334	0.002477	0.009701	0.001858	0.209999	795600.000000
2017-07-07	-0.008797	-0.008388	-0.006956	-0.014935	-0.430000	2878300.000000
2017-07-06	-0.001022	0.001431	0.008584	-0.001635	-0.049999	850400.000000
2017-07-05	-0.023353	-0.018363	-0.016966	-0.024950	-1.169998	1738500.000000
2017-07-03	0.010284	0.009074	0.015124	0.009074	0.509998	746900.000000
2017-06-30	-0.005415	0.000401	0.001003	-0.012836	-0.270001	1607100.000000
2017-06-29	-0.010322	-0.002580	0.000198	-0.011513	-0.520000	1576400.000000
2017-06-28	0.006392	0.001199	0.009988	0.000200	0.320000	990600.000000
2017-06-27	0.018308	0.013222	0.022783	0.010985	0.900001	1107500.000000
2017-06-26	-0.000813	0.007520	0.008130	-0.001220	-0.040001	874100.000000
2017-06-23	-0.002635	-0.002635	0.005473	-0.003446	-0.130001	1694500.000000
2017-06-22	-0.002628	-0.010514	0.001213	-0.010918	-0.129997	3262100.000000
2017-06-21	-0.005629	-0.000402	0.004222	-0.014475	-0.280003	2200000.000000
2017-06-20	-0.010543	-0.011339	-0.010145	-0.018898	-0.529998	1279400.000000
2017-06-19	-0.000199	0.005967	0.008353	-0.002585	-0.009999	716800.000000
2017-06-16	0.014733	0.010293	0.016347	0.008678	0.730000	934700.000000
2017-06-15	-0.017060	-0.020631	-0.014481	-0.022813	-0.860001	1914900.000000
2017-06-14	-0.019451	-0.002334	-0.002140	-0.020813	-1.000000	2047700.000000
2017-06-13	0.005280	-0.002542	0.005671	-0.005866	0.270001	2157700.000000
2017-06-12	-0.004477	0.000000	0.000000	-0.004477	-0.230000	1543200.000000
2017-06-09	0.004890	-0.001956	0.007042	-0.004499	0.250000	1252100.000000
2017-06-08	-0.000977	-0.003127	0.000782	-0.004104	-0.049999	659500.000000
2017-06-07	-0.014635	-0.005777	-0.002696	-0.020797	-0.760002	1372800.000000
2017-06-06	0.003284	-0.007728	0.003478	-0.008887	0.170002	2466400.000000
2017-06-05	-0.008619	-0.009385	-0.006704	-0.014940	-0.450001	2950800.000000
2017-06-02	0.002111	-0.002495	0.002111	-0.007677	0.110001	1438900.000000
2017-06-01	-0.003824	-0.002677	0.001338	-0.004780	-0.200001	859500.000000
2017-05-31	0.003338	0.008134	0.012930	0.001995	0.174000	1857400.000000
2017-05-30	-0.003396	0.013314	0.015226	0.008152	-0.177636	1012000.000000
2017-05-26	0.002459	0.009864	0.017147	0.009097	0.128292	853000.000000
2017-05-25	-0.014355	0.011992	0.017092	-0.004066	-0.759883	1305600.000000
2017-05-24	-0.004085	0.010680	0.014255	0.006729	-0.217110	1391300.000000
2017-05-23	-0.008468	0.012008	0.013873	0.004173	-0.453957	1048600.000000
2017-05-22	0.000368	0.019659	0.020965	0.012194	0.019738	1886100.000000
2017-05-19	0.014764	0.025055	0.029032	0.022025	0.779621	2177400.000000
2017-05-18	0.002811	0.015973	0.023189	0.012934	0.148029	3680000.000000
2017-05-17	-0.011119	0.012563	0.016319	0.002047	-0.592117	4154000.000000
2017-05-16	0.021970	0.013314	0.037111	0.013314	1.144760	5770700.000000
2017-05-15	0.011107	0.034853	0.035629	0.024180	0.572376	3973900.000000
2017-05-12	0.006748	0.014681	0.023472	0.012923	0.345406	1154500.000000
2017-05-11	-0.006512	0.008268	0.010403	0.001475	-0.335534	856800.000000
2017-05-10	0.007332	0.023676	0.026217	0.019179	0.375004	1181400.000000
2017-05-09	-0.011632	0.010222	0.012348	-0.000985	-0.601982	1667900.000000
2017-05-08	-0.007382	0.004874	0.007368	0.000271	-0.384880	2599400.000000
2017-05-05	0.026024	0.024728	0.040472	0.023744	1.322395	2751100.000000
2017-05-04	0.011591	0.022671	0.026055	0.016698	0.582249	4529700.000000
2017-05-03	-0.000785	0.014309	0.017292	0.010330	-0.039474	2612400.000000
2017-05-02	-0.003326	0.015296	0.016288	0.008556	-0.167767	2757000.000000
2017-05-01	-0.001172	0.017671	0.019255	0.010542	-0.059208	1178200.000000
2017-04-28	-0.008526	0.014885	0.016259	0.004479	-0.434223	3296700.000000
2017-04-27	0.002915	0.020403	0.020403	0.003862	0.148033	2071300.000000
2017-04-26	-0.014743	0.005554	0.014478	-0.001625	-0.759884	2268800.000000
2017-04-25	0.008106	0.017421	0.023680	0.015465	0.414479	3017300.000000
2017-04-24	0.037445	0.053895	0.055924	0.049025	1.845432	5621400.000000
2017-04-21	-0.006565	0.005453	0.011500	0.001623	-0.325665	2282000.000000
2017-04-20	0.009235	0.031623	0.034878	0.022468	0.453953	2567900.000000
2017-04-19	-0.011118	0.013716	0.015929	-0.000768	-0.552639	1056100.000000
2017-04-18	-0.009245	0.009128	0.012915	-0.000239	-0.463825	1949800.000000
2017-04-17	0.006135	0.016522	0.021536	0.012712	0.305927	1053000.000000
2017-04-13	-0.022252	0.006647	0.007432	-0.009627	-1.134891	1289000.000000
2017-04-12	-0.003471	0.008429	0.013900	0.001786	-0.177636	1973700.000000
2017-04-11	0.005234	0.014296	0.021367	0.007814	0.266453	981900.000000
2017-04-10	-0.005590	0.005110	0.012923	0.004915	-0.286190	2115600.000000
2017-04-07	0.000193	0.007649	0.019175	0.007453	0.009873	1775400.000000
2017-04-06	0.020260	0.027266	0.035238	0.025273	1.016464	2850100.000000
2017-04-05	-0.004699	0.026010	0.029779	0.007561	-0.236847	4594600.000000
2017-04-04	0.011686	0.015522	0.026761	0.011307	0.582249	3244200.000000
2017-04-03	0.001388	0.010902	0.015726	0.002863	0.069080	1206700.000000
2017-03-31	0.007191	0.016755	0.027686	0.015136	0.355270	1484100.000000
2017-03-30	-0.000798	0.019584	0.024236	0.012505	-0.039474	1626600.000000
2017-03-29	-0.000997	0.002403	0.014930	0.001595	-0.049347	3506500.000000
2017-03-28	0.003602	0.012503	0.023656	0.011489	0.177639	4228800.000000
2017-03-27	0.004826	0.020038	0.025336	0.016778	0.236847	4294700.000000
2017-03-24	-0.000603	0.013721	0.017183	0.011888	-0.029606	701500.000000
2017-03-23	-0.001605	0.008231	0.019210	0.006808	-0.078949	616700.000000
2017-03-22	0.001406	0.014943	0.017997	0.009038	0.069080	1484700.000000
2017-03-21	0.004643	0.030905	0.031927	0.015768	0.226975	1559100.000000
2017-03-20	-0.008407	0.010880	0.012503	-0.000884	-0.414478	1252600.000000
2017-03-17	0.002408	0.020633	0.021040	0.014534	0.118423	1198000.000000
2017-03-16	0.004029	0.019438	0.021071	0.013722	0.197372	830500.000000
2017-03-15	0.022346	0.023227	0.037627	0.019262	1.070744	1204200.000000
2017-03-14	-0.016787	0.013848	0.015489	0.004204	-0.818096	2183400.000000
2017-03-13	-0.004179	0.030453	0.031474	0.021258	-0.204525	2135100.000000
2017-03-10	0.009442	0.039150	0.040594	0.033375	0.457744	1614800.000000
2017-03-09	0.011789	0.025731	0.040131	0.023227	0.564877	3161400.000000
2017-03-08	-0.018356	0.022268	0.024931	0.006698	-0.896011	3964300.000000
2017-03-07	-0.017255	0.013084	0.019527	0.009058	-0.857052	2496000.000000
2017-03-06	0.001374	0.020525	0.029597	0.019114	0.068172	2077300.000000
2017-03-03	0.013936	0.034338	0.045581	0.031067	0.681748	1689600.000000
2017-03-02	-0.002383	0.026775	0.027998	0.022492	-0.116867	2538600.000000
2017-03-01	0.007604	0.032117	0.038076	0.031501	0.370086	1463000.000000
2017-02-28	-0.003192	0.024112	0.026365	0.021859	-0.155826	1371200.000000
2017-02-27	-0.002586	0.026775	0.030248	0.022280	-0.126606	1563400.000000
2017-02-24	-0.017592	0.008310	0.016338	0.004096	-0.876534	2426800.000000
2017-02-23	0.001958	0.031601	0.034617	0.025367	0.097389	3423900.000000
2017-02-22	-0.016374	0.004226	0.013127	-0.002302	-0.827831	5232100.000000
2017-02-21	0.026904	0.032259	0.055821	0.032056	1.324536	4703800.000000
2017-02-17	-0.006681	0.013055	0.020318	0.009625	-0.331135	4287500.000000
2017-02-16	-0.000785	0.031815	0.034032	0.024759	-0.038960	1441900.000000
2017-02-15	0.004338	0.026167	0.032039	0.024750	0.214268	2580200.000000
2017-02-14	-0.004124	0.028388	0.029194	0.015886	-0.204525	1758000.000000
2017-02-13	0.000393	0.033835	0.036659	0.024959	0.019474	2502400.000000
2017-02-10	0.007721	0.037345	0.041818	0.034093	0.379837	1480300.000000
2017-02-09	0.010402	0.040331	0.041563	0.034374	0.506435	1953800.000000
2017-02-08	0.007254	0.024499	0.036498	0.020568	0.350609	2878100.000000
2017-02-07	-0.014887	0.020457	0.021883	0.007821	-0.730438	1800100.000000
2017-02-06	-0.008463	0.020106	0.022127	0.014650	-0.418789	668800.000000
2017-02-03	0.010541	0.039232	0.044337	0.034331	0.516182	1590500.000000
2017-02-02	-0.001589	0.026775	0.028813	0.022289	-0.077915	1414900.000000
2017-02-01	-0.003956	0.028602	0.029821	0.014996	-0.194782	811700.000000
2017-01-31	0.014853	0.046354	0.046972	0.036461	0.720699	2472300.000000
2017-01-30	-0.011508	0.018218	0.019441	0.009865	-0.564873	1293800.000000
2017-01-27	-0.007679	0.024753	0.025562	0.013634	-0.379833	1422900.000000
2017-01-26	-0.013403	0.018797	0.022387	0.012015	-0.672005	1724100.000000
2017-01-25	0.004880	0.034391	0.039201	0.031184	0.243481	1341400.000000
2017-01-24	0.006286	0.030808	0.038674	0.030002	0.311653	1672400.000000
2017-01-23	-0.004887	0.023764	0.024768	0.017944	-0.243477	2215700.000000
2017-01-20	0.009870	0.043192	0.043192	0.034679	0.486962	2064700.000000
2017-01-19	-0.010354	0.024167	0.024568	0.008522	-0.516179	3350500.000000
2017-01-18	-0.006212	0.019798	0.026775	0.017007	-0.311656	1932300.000000
2017-01-17	-0.001551	0.030357	0.032944	0.021998	-0.077916	4591400.000000
2017-01-13	-0.004246	0.031135	0.031333	0.022216	-0.214264	1440700.000000
2017-01-12	0.011716	0.041211	0.042213	0.037602	0.584355	1595200.000000
2017-01-11	0.011656	0.029412	0.043408	0.029006	0.574619	916700.000000
2017-01-10	0.000198	0.034281	0.038136	0.026977	0.009735	1815500.000000
2017-01-09	-0.010557	0.019147	0.020552	0.012924	-0.525921	1379900.000000
2017-01-06	-0.011594	0.017251	0.024592	0.014870	-0.584350	823500.000000
2017-01-05	0.012324	0.029988	0.042843	0.029386	0.613571	1247700.000000
2017-01-04	0.004914	0.032023	0.034445	0.027784	0.243481	2701300.000000
2017-01-03	-0.001962	0.028588	0.032214	0.019925	-0.097393	2390200.000000
2016-12-30	0.006914	0.034483	0.041785	0.032251	0.340877	1501300.000000
2016-12-29	0.006762	0.038006	0.040457	0.033514	0.331131	1313500.000000
2016-12-28	-0.003765	0.029419	0.031250	0.022095	-0.185047	957300.000000
2016-12-27	0.005178	0.031274	0.034137	0.030456	0.253223	698800.000000
2016-12-23	0.002996	0.036415	0.036620	0.029441	0.146084	1318900.000000
2016-12-22	0.010701	0.036518	0.043774	0.033823	0.516186	3367700.000000
2016-12-21	0.011849	0.040409	0.042507	0.035375	0.564873	2751000.000000
2016-12-20	0.002047	0.038755	0.040227	0.028456	0.097393	3810900.000000
2016-12-19	-0.018485	0.023474	0.025743	0.006351	-0.896012	1979400.000000
2016-12-16	0.015010	0.036533	0.043862	0.034857	0.716809	1874100.000000
2016-12-15	0.005057	0.034197	0.047877	0.031251	0.240265	1497700.000000
2016-12-14	-0.021571	0.036393	0.039482	0.015389	-1.047562	1960300.000000
2016-12-13	0.012828	0.042805	0.058447	0.042180	0.615078	1734400.000000
2016-12-12	0.014850	0.059349	0.063582	0.051941	0.701584	3103800.000000
2016-12-09	0.003265	0.035840	0.044971	0.035627	0.153766	2048800.000000
2016-12-08	-0.002646	0.039029	0.041358	0.028863	-0.124939	1028800.000000
2016-12-07	0.014454	0.048890	0.057699	0.046527	0.672749	1415000.000000
2016-12-06	0.005398	0.039215	0.051528	0.036191	0.249878	2110300.000000
2016-12-05	0.008162	0.044649	0.054884	0.043125	0.374817	1145000.000000
2016-12-02	0.000628	0.034628	0.049445	0.032449	0.028828	1338200.000000
2016-12-01	0.001888	0.042694	0.050336	0.038983	0.086498	2944900.000000
2016-11-30	0.015988	0.053376	0.065576	0.053155	0.720802	3832500.000000
2016-11-29	0.010991	0.036026	0.053966	0.032438	0.490139	3741100.000000
2016-11-28	-0.004505	0.040288	0.043637	0.033591	-0.201824	3936800.000000
2016-11-25	0.003661	0.046337	0.049250	0.042304	0.163387	3676100.000000
2016-11-23	-0.013803	0.027033	0.033440	0.023055	-0.624698	2049100.000000
2016-11-22	0.005123	0.048062	0.050506	0.036514	0.230659	1189900.000000
2016-11-21	0.022702	0.060272	0.066859	0.059363	0.999504	1052000.000000
2016-11-18	-0.006506	0.031034	0.037126	0.026069	-0.288318	1252800.000000
2016-11-17	-0.000434	0.050210	0.057428	0.040060	-0.019223	1270200.000000
2016-11-16	-0.015998	0.028304	0.037626	0.020092	-0.720798	1518900.000000
2016-11-15	0.028296	0.054662	0.070638	0.053749	1.239776	1475700.000000
2016-11-14	-0.011706	0.017278	0.029459	0.016151	-0.518978	1872500.000000
2016-11-11	-0.024530	0.029290	0.031050	0.006627	-1.114837	1910200.000000
2016-11-10	-0.005886	0.042917	0.046636	0.028044	-0.269093	1185500.000000
2016-11-09	0.001052	0.024089	0.049927	0.023213	0.048050	1324000.000000
2016-11-08	0.002320	0.039194	0.049071	0.035902	0.105720	1229700.000000
2016-11-07	0.016727	0.051222	0.058586	0.050106	0.749630	1077000.000000
2016-11-04	-0.007027	0.031870	0.040511	0.029211	-0.317153	1103000.000000
2016-11-03	0.007509	0.047432	0.049887	0.042744	0.336372	1182500.000000
2016-11-02	-0.024691	0.038769	0.040729	0.010901	-1.134056	2357200.000000
2016-11-01	0.001047	0.046396	0.046832	0.031575	0.048054	3928900.000000
2016-10-31	-0.010570	0.035551	0.037061	0.026710	-0.490143	1148600.000000
2016-10-28	-0.002687	0.032339	0.046748	0.030833	-0.124939	1163000.000000
2016-10-27	0.008968	0.052012	0.056786	0.046370	0.413254	960300.000000
2016-10-26	-0.006629	0.028871	0.037278	0.024991	-0.307534	1811700.000000
2016-10-25	-0.006994	0.036016	0.041796	0.030237	-0.326763	1656800.000000
2016-10-24	0.006835	0.049563	0.058184	0.037925	0.317154	2950300.000000
2016-10-21	-0.005357	0.025935	0.035795	0.023791	-0.249885	1430600.000000
2016-10-20	0.004137	0.045462	0.053426	0.039650	0.192214	1897100.000000
2016-10-19	-0.004120	0.033866	0.041369	0.030436	-0.192214	1541900.000000
2016-10-18	0.009148	0.051760	0.051976	0.043972	0.422874	1152800.000000
2016-10-17	-0.009065	0.030222	0.033866	0.024648	-0.422874	1441700.000000
2016-10-14	0.008728	0.057377	0.061918	0.047431	0.403652	2298400.000000
2016-10-13	-0.004757	0.026523	0.038790	0.023510	-0.221043	1011500.000000
2016-10-12	0.006662	0.045927	0.048960	0.040078	0.307537	1585900.000000
2016-10-11	-0.015980	0.042430	0.043496	0.017275	-0.749630	1644500.000000
2016-10-10	0.019423	0.053985	0.062895	0.053333	0.893788	2219600.000000
2016-10-07	-0.006639	0.045908	0.046772	0.029502	-0.307538	1406300.000000
2016-10-06	-0.001036	0.040080	0.043530	0.036198	-0.048053	4213600.000000
2016-10-05	0.009203	0.053134	0.053787	0.045952	0.422870	995600.000000
2016-10-04	0.005045	0.051448	0.057572	0.039199	0.230656	2380900.000000
2016-10-03	-0.002725	0.039202	0.040729	0.034185	-0.124939	1353900.000000
2016-09-30	0.001259	0.033304	0.044661	0.028499	0.057663	2366000.000000
2016-09-29	0.009536	0.055505	0.061679	0.044260	0.432480	2201500.000000
2016-09-28	0.027881	0.047537	0.071334	0.037338	1.230160	1939600.000000
2016-09-27	-0.004121	0.028097	0.041189	0.023809	-0.182595	2440700.000000
2016-09-26	-0.009241	0.036039	0.041406	0.030896	-0.413261	1410600.000000
2016-09-23	-0.022274	0.027393	0.032422	0.016024	-1.018726	1509400.000000
2016-09-22	0.024454	0.070436	0.073348	0.064388	1.091766	2181400.000000
2016-09-21	0.020125	0.059304	0.077127	0.055648	0.880783	1322700.000000
2016-09-20	-0.004309	0.057014	0.060427	0.049507	-0.189415	965400.000000
2016-09-19	0.013762	0.068101	0.079402	0.066486	0.596664	3363000.000000
2016-09-16	-0.022839	0.025001	0.032889	0.023198	-1.013374	4096400.000000
2016-09-15	0.005580	0.048851	0.063582	0.041599	0.246235	3615900.000000
2016-09-14	-0.017710	0.039626	0.052315	0.034728	-0.795547	1724100.000000
2016-09-13	-0.031646	0.033673	0.036475	0.017074	-1.467976	2513000.000000
2016-09-12	0.004924	0.042445	0.065842	0.039413	0.227303	1018100.000000
2016-09-09	-0.026951	0.040910	0.042175	0.025733	-1.278557	1084100.000000
2016-09-08	0.002803	0.048267	0.061373	0.045307	0.132587	1088600.000000
2016-09-07	0.006651	0.065665	0.067580	0.061622	0.312542	1228500.000000
2016-09-06	0.013687	0.065368	0.072702	0.062564	0.634541	1262000.000000
2016-09-02	0.024916	0.077543	0.084838	0.070468	1.127029	969600.000000
2016-09-01	0.000209	0.052781	0.056761	0.046811	0.009464	930400.000000
2016-08-31	-0.015464	0.050652	0.053917	0.037589	-0.710308	1059900.000000
2016-08-30	0.004141	0.061123	0.066151	0.058500	0.189415	650400.000000
2016-08-29	-0.003918	0.043465	0.054570	0.043247	-0.179943	938200.000000
2016-08-26	0.009367	0.068625	0.086867	0.059833	0.426186	1416500.000000
2016-08-25	-0.001455	0.054340	0.059608	0.051707	-0.066300	886700.000000
2016-08-24	-0.002488	0.056315	0.058504	0.048871	-0.113647	1355900.000000
2016-08-23	0.002703	0.059609	0.066414	0.058731	0.123119	1063100.000000
2016-08-22	-0.018768	0.040799	0.042522	0.034553	-0.871311	1164700.000000
2016-08-19	-0.012291	0.041835	0.042899	0.035666	-0.577721	1612500.000000
2016-08-18	0.005674	0.049244	0.062937	0.048388	0.265187	1024700.000000
2016-08-17	0.003457	0.051368	0.060600	0.046001	0.160999	1894500.000000
2016-08-16	0.011934	0.060005	0.073692	0.056529	0.549309	2845300.000000
2016-08-15	0.005171	0.058934	0.063084	0.056095	0.236774	1120300.000000
2016-08-12	0.001035	0.055440	0.061342	0.051723	0.047348	933500.000000
2016-08-11	0.011942	0.061186	0.074902	0.060522	0.539837	1283900.000000
2016-08-10	-0.004588	0.064685	0.066226	0.051032	-0.208355	1248700.000000
2016-08-09	0.008624	0.068092	0.072979	0.061207	0.388298	824500.000000
2016-08-08	-0.000841	0.054545	0.060981	0.053658	-0.037876	1319000.000000
2016-08-05	0.013634	0.068024	0.072972	0.064200	0.606129	931100.000000
2016-08-04	0.004279	0.058362	0.065591	0.055651	0.189411	1082300.000000
2016-08-03	0.000642	0.045931	0.057007	0.043670	0.028419	1577700.000000
2016-08-02	0.001715	0.060858	0.061764	0.047272	0.075760	1496400.000000
2016-08-01	-0.030561	0.041828	0.042706	0.021852	-1.392208	1762300.000000
2016-07-29	0.015625	0.054539	0.073490	0.052978	0.700836	2045400.000000
2016-07-28	0.009378	0.077031	0.078156	0.057227	0.416726	2151100.000000
2016-07-27	0.003636	0.073268	0.076430	0.053618	0.160999	1293700.000000
2016-07-26	0.009283	0.057701	0.068414	0.055877	0.407249	1187300.000000
2016-07-25	-0.023815	0.044528	0.044528	0.026059	-1.070205	1560200.000000
2016-07-22	-0.004406	0.055434	0.055655	0.045021	-0.198883	1004300.000000
2016-07-21	-0.004387	0.043745	0.059847	0.042863	-0.198887	3648300.000000
2016-07-20	-0.000835	0.049926	0.060285	0.042213	-0.037892	889200.000000
2016-07-19	-0.008485	0.048229	0.050195	0.041673	-0.388298	1012800.000000
2016-07-18	-0.008617	0.040712	0.048295	0.034863	-0.397773	1077900.000000
2016-07-15	-0.009148	0.043856	0.046217	0.038919	-0.426190	1166700.000000
2016-07-14	0.014018	0.076119	0.076990	0.066542	0.644020	1214900.000000
2016-07-13	-0.002262	0.060220	0.064346	0.047624	-0.104179	1774600.000000
2016-07-12	0.019715	0.080679	0.084887	0.076693	0.890255	3083700.000000
2016-07-11	0.011026	0.068191	0.074460	0.066176	0.492477	1514100.000000
2016-07-08	0.019015	0.070478	0.077323	0.065687	0.833431	1182500.000000
2016-07-07	-0.013430	0.058353	0.062404	0.034944	-0.596656	1934500.000000
2016-07-06	-0.006355	0.042458	0.049391	0.029038	-0.284123	2194800.000000
2016-07-05	-0.031391	0.036813	0.039846	0.019699	-1.449035	1709400.000000
2016-07-01	0.013306	0.067292	0.073658	0.064218	0.606128	2827600.000000
2016-06-30	0.008597	0.060969	0.072925	0.051670	0.388306	3052200.000000
2016-06-29	0.030022	0.081875	0.093049	0.077542	1.316444	2748200.000000
2016-06-28	0.033251	0.077791	0.094285	0.075906	1.411141	2256600.000000
2016-06-27	-0.017324	0.048004	0.048236	0.020218	-0.748185	6834300.000000
2016-06-24	-0.086539	-0.057706	-0.014134	-0.058975	-4.091388	6739400.000000
2016-06-23	0.033326	0.084071	0.097404	0.069428	1.524795	1706800.000000
2016-06-22	-0.005353	0.068268	0.069138	0.050225	-0.246238	1170500.000000
2016-06-21	0.012508	0.067543	0.077008	0.058078	0.568248	1820600.000000
2016-06-20	0.019770	0.086628	0.089322	0.076752	0.880787	2152100.000000
2016-06-17	0.018623	0.062279	0.075540	0.058849	0.814488	2123500.000000
2016-06-16	0.015838	0.047283	0.072600	0.032418	0.681900	1810800.000000
2016-06-15	0.001542	0.053085	0.067043	0.051457	0.066295	2401200.000000
2016-06-14	-0.023031	0.035196	0.040650	0.018833	-1.013378	4505800.000000
2016-06-13	-0.015678	0.044244	0.058561	0.038875	-0.700840	1709600.000000
2016-06-10	-0.031000	0.025529	0.035717	0.016859	-1.430092	2854900.000000
2016-06-09	-0.015761	0.033902	0.041582	0.033475	-0.738720	1165900.000000
2016-06-08	0.000000	0.059291	0.062704	0.051823	0.000000	1409700.000000
2016-06-07	0.029112	0.075198	0.091666	0.073003	1.325909	1539200.000000
2016-06-06	0.011995	0.076097	0.079652	0.066764	0.539837	2041700.000000
2016-06-03	0.008703	0.064842	0.065515	0.053187	0.388306	710700.000000
2016-06-02	-0.008002	0.037201	0.047428	0.032976	-0.359894	1152500.000000
2016-06-01	-0.007254	0.042037	0.053736	0.041154	-0.328640	891500.000000
2016-05-31	-0.009796	0.063958	0.071389	0.056090	-0.448200	940700.000000
2016-05-27	-0.005884	0.063130	0.064651	0.057047	-0.270790	751000.000000
2016-05-26	0.001829	0.081836	0.084883	0.071823	0.084045	1175000.000000
2016-05-25	0.022231	0.084748	0.100324	0.084303	0.999107	1862700.000000
2016-05-24	0.011559	0.080631	0.087383	0.077255	0.513562	2478000.000000
2016-05-23	-0.010605	0.055809	0.067612	0.055363	-0.476208	2055700.000000
2016-05-20	0.006699	0.078350	0.084628	0.073867	0.298797	888800.000000
2016-05-19	-0.007686	0.050263	0.064056	0.044256	-0.345485	3968100.000000
2016-05-18	-0.014938	0.063940	0.075116	0.054955	-0.681633	2161700.000000
2016-05-17	-0.003873	0.059819	0.070079	0.055017	-0.177414	1826600.000000
2016-05-16	0.019111	0.085635	0.093866	0.085635	0.859047	913700.000000
2016-05-13	-0.018352	0.053918	0.064838	0.047585	-0.840370	1432800.000000
2016-05-12	0.005536	0.095766	0.097303	0.068537	0.252109	1660200.000000
2016-05-11	-0.004491	0.059148	0.074887	0.055650	-0.205425	1024500.000000
2016-05-10	0.021050	0.071622	0.093496	0.071175	0.943081	1232700.000000
2016-05-09	-0.018814	0.061535	0.063287	0.047299	-0.859051	2328500.000000
2016-05-06	0.007832	0.061240	0.085741	0.060357	0.354828	1598100.000000
2016-05-05	0.000000	0.073380	0.080664	0.061903	0.000000	1227500.000000
2016-05-04	-0.014422	0.055942	0.061381	0.051374	-0.662956	1324500.000000
2016-05-03	-0.031668	0.047149	0.049677	0.033667	-1.503334	1299000.000000
2016-05-02	0.001773	0.066521	0.072851	0.059979	0.084030	1249100.000000
2016-04-29	0.003361	0.072646	0.078786	0.062271	0.158741	1908800.000000
2016-04-28	-0.008235	0.062763	0.074102	0.058983	-0.392170	1436100.000000
2016-04-27	0.023480	0.086641	0.102546	0.086212	1.092479	2258100.000000
2016-04-26	0.013423	0.079665	0.086852	0.074219	0.616280	1521900.000000
2016-04-25	-0.005461	0.067270	0.069869	0.058822	-0.252113	1584600.000000
2016-04-22	0.005696	0.066377	0.077052	0.066377	0.261448	1108600.000000
2016-04-21	-0.004858	0.069651	0.074204	0.060113	-0.224102	2597900.000000
2016-04-20	0.005905	0.062665	0.082728	0.058958	0.270786	2095700.000000
2016-04-19	0.027406	0.079466	0.100303	0.076778	1.223213	1596200.000000
2016-04-18	-0.002504	0.070952	0.074752	0.047486	-0.112049	2717100.000000
2016-04-15	-0.012163	0.059693	0.064329	0.052849	-0.550915	1251600.000000
2016-04-14	0.012312	0.073187	0.084138	0.072740	0.550915	4488100.000000
2016-04-13	0.021531	0.090814	0.096065	0.084194	0.943089	3154800.000000
2016-04-12	0.028728	0.078703	0.108295	0.076354	1.223205	4087100.000000
2016-04-11	0.002859	0.081787	0.088617	0.074014	0.121388	1859500.000000
2016-04-08	0.030131	0.098854	0.111956	0.098126	1.241886	2826600.000000
2016-04-07	-0.012970	0.055626	0.064007	0.048441	-0.541573	3195700.000000
2016-04-06	0.020073	0.070952	0.092449	0.067288	0.821694	2990200.000000
2016-04-05	-0.013279	0.050946	0.059864	0.049740	-0.550908	2202600.000000
2016-04-04	0.005204	0.073860	0.086702	0.070710	0.214768	2848300.000000
2016-04-01	-0.026861	0.032519	0.045723	0.031340	-1.139179	1594200.000000
2016-03-31	-0.018583	0.058225	0.065398	0.049431	-0.803025	782600.000000
2016-03-30	0.015135	0.096087	0.105249	0.083167	0.644284	1453800.000000
2016-03-29	0.010865	0.065253	0.084725	0.060504	0.457546	1811600.000000
2016-03-28	-0.003975	0.077811	0.078994	0.064330	-0.168079	522900.000000
2016-03-24	-0.005491	0.042256	0.067424	0.040609	-0.233433	2805500.000000
2016-03-23	-0.015568	0.074889	0.074889	0.050575	-0.672302	1102500.000000
2016-03-22	-0.010060	0.070952	0.070952	0.051239	-0.438862	4167600.000000
2016-03-21	-0.023003	0.053036	0.059307	0.041614	-1.027123	2768400.000000
2016-03-18	0.006525	0.076137	0.081998	0.072756	0.289463	1717400.000000
2016-03-17	0.021940	0.088690	0.103433	0.076711	0.952419	1987800.000000
2016-03-16	0.018490	0.067527	0.096854	0.067292	0.788086	2028200.000000
2016-03-15	-0.017187	0.062093	0.072930	0.059326	-0.745334	910300.000000
2016-03-14	-0.009874	0.071469	0.077633	0.061880	-0.432472	1266500.000000
2016-03-11	0.041803	0.114595	0.132196	0.114119	1.757507	1863800.000000
2016-03-10	-0.018264	0.081395	0.088400	0.065516	-0.782139	2786000.000000
2016-03-09	0.006706	0.085825	0.097344	0.081359	0.285248	8275200.000000
2016-03-08	-0.021173	0.084005	0.084695	0.063295	-0.920159	1944200.000000
2016-03-07	-0.002534	0.059683	0.093651	0.059683	-0.110416	7904800.000000
2016-03-04	0.020034	0.093321	0.111114	0.090512	0.855747	2817400.000000
2016-03-03	0.010009	0.082273	0.099298	0.077544	0.423279	3386700.000000
2016-03-02	0.008779	0.071976	0.099646	0.070068	0.368057	1942600.000000
2016-03-01	0.019011	0.097218	0.110586	0.091627	0.782135	1971900.000000
2016-02-29	0.000000	0.085550	0.095273	0.081175	0.000000	3791300.000000
2016-02-26	0.007663	0.102441	0.104646	0.087501	0.312859	3144000.000000
2016-02-25	0.010016	0.097403	0.101361	0.080828	0.404869	3521500.000000
2016-02-24	0.002968	0.054262	0.094209	0.050292	0.119625	6009600.000000
2016-02-23	-0.035667	0.065232	0.071931	0.046090	-1.490658	4592900.000000
2016-02-22	0.018385	0.089202	0.106746	0.089202	0.754525	3166800.000000
2016-02-19	0.012946	0.083310	0.102316	0.080595	0.524498	7208300.000000
2016-02-18	0.004563	0.100899	0.103130	0.082303	0.184028	5937200.000000
2016-02-17	0.027908	0.089824	0.125251	0.089315	1.094998	3424000.000000
2016-02-16	-0.008142	0.100669	0.101933	0.074126	-0.322060	6911000.000000
2016-02-12	0.058346	0.112717	0.151511	0.110310	2.180778	6238800.000000
2016-02-11	-0.007331	0.077736	0.085172	0.064457	-0.276043	1579900.000000
2016-02-10	-0.011594	0.076528	0.098316	0.069703	-0.441680	1437200.000000
2016-02-09	-0.033388	0.062407	0.067228	0.038048	-1.315831	2636800.000000
2016-02-08	-0.014723	0.057515	0.076766	0.044515	-0.588905	8004100.000000
2016-02-05	-0.009795	0.075873	0.081319	0.066714	-0.395668	1803100.000000
2016-02-04	0.018798	0.103159	0.122327	0.099881	0.745331	1802900.000000
2016-02-03	0.037314	0.105341	0.132811	0.083103	1.426254	2158100.000000
2016-02-02	-0.048339	0.034730	0.038216	0.025269	-1.941544	2205100.000000
2016-02-01	-0.015117	0.068375	0.072298	0.058322	-0.616504	1535100.000000
2016-01-29	0.006129	0.086519	0.099348	0.080351	0.248440	2449000.000000
2016-01-28	0.018026	0.116654	0.118914	0.088273	0.717727	1629300.000000
2016-01-27	0.004644	0.076925	0.109475	0.074402	0.184033	1613600.000000
2016-01-26	0.041848	0.111740	0.138817	0.100173	1.591877	2507200.000000
2016-01-25	-0.033660	0.056027	0.066697	0.048406	-1.325028	1378600.000000
2016-01-22	0.043160	0.139501	0.141621	0.115916	1.628681	2020500.000000
2016-01-21	0.019896	0.079739	0.113793	0.071360	0.736130	1997600.000000
2016-01-20	-0.036194	0.060456	0.062801	0.017215	-1.389446	4172700.000000
2016-01-19	0.013359	0.118178	0.120290	0.088086	0.506088	2880100.000000
2016-01-15	-0.038982	0.043894	0.059115	0.035269	-1.536663	1901100.000000
2016-01-14	0.059871	0.123063	0.158554	0.114459	2.226792	3203600.000000
2016-01-13	-0.011253	0.101387	0.114413	0.068157	-0.423279	1560300.000000
2016-01-12	0.001715	0.103542	0.141091	0.069456	0.064407	1784300.000000
2016-01-11	0.004925	0.115400	0.115668	0.079808	0.184036	2262400.000000
2016-01-08	-0.024502	0.087810	0.089376	0.059355	-0.938568	1625500.000000
2016-01-07	-0.023915	0.056698	0.081160	0.055169	-0.938560	2117900.000000
2016-01-06	-0.017734	0.065491	0.072499	0.062488	-0.708519	2542400.000000
2016-01-05	-0.021411	0.068886	0.069375	0.049291	-0.874161	3220100.000000
2016-01-04	-0.012903	0.065973	0.074435	0.050500	-0.533691	1960300.000000
2015-12-31	-0.004650	0.076418	0.086284	0.074252	-0.193238	1039200.000000
2015-12-30	-0.015049	0.078707	0.084159	0.067330	-0.634907	1141600.000000
2015-12-29	0.010580	0.098503	0.105689	0.092754	0.441674	2315800.000000
2015-12-28	-0.011331	0.076346	0.078477	0.068294	-0.478478	1036200.000000
2015-12-24	-0.007569	0.083945	0.087471	0.072429	-0.322059	834600.000000
2015-12-23	0.039802	0.119757	0.130021	0.112670	1.628685	2586900.000000
2015-12-22	-0.001347	0.086522	0.095552	0.083105	-0.055210	2527400.000000
2015-12-21	0.004738	0.110551	0.113248	0.084068	0.193237	3031700.000000
2015-12-18	-0.002925	0.092878	0.096545	0.080409	-0.119629	1910400.000000
2015-12-17	-0.028627	0.081541	0.082016	0.053754	-1.205406	1743700.000000
2015-12-16	0.006245	0.091402	0.100961	0.079214	0.261326	1415800.000000
2015-12-15	0.019443	0.125047	0.135279	0.121393	0.798091	1855100.000000
2015-12-14	-0.006367	0.090288	0.100455	0.082784	-0.263011	2271800.000000
2015-12-11	-0.025251	0.102634	0.102634	0.070779	-1.070160	3402200.000000
2015-12-10	0.001500	0.109250	0.126738	0.103815	0.063480	1830700.000000
2015-12-09	0.011709	0.121521	0.145190	0.106459	0.489738	1753800.000000
2015-12-08	-0.011361	0.084670	0.103343	0.078997	-0.480667	2354300.000000
2015-12-07	-0.024467	0.075425	0.075886	0.062282	-1.061096	2486800.000000
2015-12-04	-0.008707	0.091205	0.093034	0.072919	-0.380909	2288300.000000
2015-12-03	-0.006794	0.121022	0.121703	0.089694	-0.299282	2362500.000000
2015-12-02	-0.021358	0.103522	0.111076	0.079084	-0.961338	3365600.000000
2015-12-01	0.003640	0.105533	0.113783	0.103080	0.163250	1494200.000000
2015-11-30	0.004469	0.113384	0.117640	0.107561	0.199516	1457600.000000
2015-11-27	0.006543	0.113680	0.115484	0.109172	0.290219	1053400.000000
2015-11-25	-0.002854	0.099037	0.106680	0.092743	-0.126965	868300.000000
2015-11-24	0.011757	0.103998	0.122421	0.103316	0.516941	1297600.000000
2015-11-23	-0.015235	0.085387	0.091211	0.080460	-0.680195	1189300.000000
2015-11-20	-0.011048	0.105292	0.109500	0.086243	-0.498798	1373300.000000
2015-11-19	-0.001605	0.098653	0.107941	0.096884	-0.072556	1008500.000000
2015-11-18	0.018590	0.121555	0.128538	0.110293	0.825299	1467000.000000
2015-11-17	-0.002445	0.105106	0.112521	0.096117	-0.108830	2155900.000000
2015-11-16	0.021228	0.099651	0.128335	0.098044	0.925057	2223200.000000
2015-11-13	-0.001662	0.091637	0.102634	0.080870	-0.072556	1366800.000000
2015-11-12	-0.020554	0.085580	0.099941	0.079971	-0.915993	1966100.000000
2015-11-11	-0.008875	0.103968	0.106192	0.091291	-0.399044	2169300.000000
2015-11-10	0.001010	0.091503	0.106641	0.089054	0.045353	1037400.000000
2015-11-09	-0.009598	0.101531	0.105941	0.086318	-0.435318	1018100.000000
2015-11-06	-0.002195	0.094054	0.100214	0.083934	-0.099773	780500.000000
2015-11-05	-0.002587	0.099123	0.108119	0.091662	-0.117897	1349000.000000
2015-11-04	-0.009852	0.098723	0.103720	0.085252	-0.453461	1151400.000000
2015-11-03	0.021949	0.105520	0.136605	0.101524	0.988548	2194000.000000
2015-11-02	0.029650	0.117951	0.135326	0.116122	1.296895	1346700.000000
2015-10-30	-0.004541	0.102861	0.110144	0.097627	-0.199524	1183700.000000
2015-10-29	-0.002881	0.087203	0.104449	0.086749	-0.126969	1036700.000000
2015-10-28	0.007882	0.103320	0.130537	0.096001	0.344635	1438800.000000
2015-10-27	-0.014110	0.080311	0.092938	0.074899	-0.625774	2816500.000000
2015-10-26	-0.029569	0.082940	0.083378	0.069154	-1.351315	1775900.000000
2015-10-23	-0.007289	0.091121	0.096117	0.083518	-0.335563	1352300.000000
2015-10-22	0.008143	0.101758	0.112269	0.100225	0.371841	1453600.000000
2015-10-21	-0.001982	0.112469	0.115310	0.098700	-0.090694	3215900.000000
2015-10-20	-0.008061	0.083556	0.097864	0.080737	-0.371834	1248200.000000
2015-10-19	-0.021358	0.083114	0.083751	0.070596	-1.006680	1709300.000000
2015-10-16	0.002508	0.106675	0.108802	0.094764	0.117901	797800.000000
2015-10-15	0.005041	0.098572	0.111612	0.094938	0.235794	868400.000000
2015-10-14	0.013360	0.106750	0.118881	0.103500	0.616707	1103300.000000
2015-10-13	-0.008763	0.075793	0.101560	0.074504	-0.408104	1142000.000000
2015-10-12	-0.000973	0.103277	0.103921	0.094696	-0.045357	1134200.000000
2015-10-09	-0.003876	0.116096	0.118447	0.094300	-0.181381	1742000.000000
2015-10-08	0.007026	0.092735	0.114684	0.088862	0.326489	2013800.000000
2015-10-07	0.027471	0.148180	0.150834	0.125849	1.242473	6086200.000000
2015-10-06	0.033575	0.119316	0.150853	0.118402	1.469216	2505300.000000
2015-10-05	0.022246	0.130901	0.137442	0.123191	0.952270	2647900.000000
2015-10-02	0.045404	0.119240	0.156605	0.117042	1.859177	2157400.000000
2015-10-01	0.009841	0.142339	0.145792	0.106826	0.399044	2513600.000000
2015-09-30	0.017292	0.122704	0.128475	0.118690	0.689258	3537100.000000
2015-09-29	0.022093	0.125199	0.136738	0.117250	0.861576	4958400.000000
2015-09-28	-0.031313	0.076304	0.081768	0.061648	-1.260620	2675800.000000
2015-09-25	0.004526	0.120100	0.122595	0.098891	0.181389	2697700.000000
2015-09-24	0.007065	0.105649	0.114947	0.096352	0.281143	3621900.000000
2015-09-23	0.002009	0.132294	0.132294	0.104849	0.079808	2694400.000000
2015-09-22	-0.023491	0.088977	0.096107	0.081109	-0.955391	2969300.000000
2015-09-21	-0.013856	0.114380	0.118744	0.099105	-0.571453	3566100.000000
2015-09-18	-0.032670	0.085713	0.091342	0.078911	-1.392907	2861600.000000
2015-09-17	0.005898	0.117362	0.142134	0.115474	0.250008	1984700.000000
2015-09-16	0.020860	0.128868	0.149582	0.127423	0.866108	2816500.000000
2015-09-15	0.033563	0.135640	0.159288	0.134395	1.348263	2739900.000000
2015-09-14	-0.002881	0.111269	0.124177	0.106553	-0.116070	1669900.000000
2015-09-11	-0.000222	0.123183	0.124920	0.112512	-0.008934	1764200.000000
2015-09-10	0.011430	0.130499	0.141794	0.118200	0.455376	1546700.000000
2015-09-09	-0.013923	0.138272	0.143470	0.101394	-0.562527	1499600.000000
2015-09-08	0.025845	0.147124	0.148901	0.137476	1.017899	3017700.000000
2015-09-04	-0.031188	0.094129	0.099786	0.082813	-1.267907	3293400.000000
2015-09-03	-0.000659	0.119219	0.142572	0.116761	-0.026794	898500.000000
2015-09-02	0.003967	0.128348	0.130816	0.101941	0.160732	3367300.000000
2015-09-01	-0.021983	0.106440	0.108371	0.085924	-0.910755	1558900.000000
2015-08-31	0.006726	0.102704	0.127490	0.093713	0.276798	1601800.000000
2015-08-28	0.018114	0.127379	0.149892	0.127379	0.732170	3857400.000000
2015-08-27	0.061181	0.165112	0.203704	0.161437	2.330449	4489600.000000
2015-08-26	-0.001872	0.150615	0.151401	0.072528	-0.071434	18279200.000000
2015-08-25	-0.023532	0.160896	0.162176	0.088484	-0.919678	6626400.000000
2015-08-24	-0.049098	0.072025	0.093436	0.047694	-2.017925	5642400.000000
2015-08-21	-0.020639	0.124961	0.129965	0.096843	-0.866120	3118800.000000
2015-08-20	-0.014262	0.123480	0.129587	0.103984	-0.607159	1767800.000000
2015-08-19	-0.007080	0.115759	0.120657	0.101299	-0.303581	1805700.000000
2015-08-18	-0.019400	0.105549	0.108750	0.098001	-0.848247	903200.000000
2015-08-17	-0.001835	0.116304	0.127718	0.110597	-0.080365	695600.000000
2015-08-14	-0.001831	0.116311	0.124514	0.111526	-0.080360	874600.000000
2015-08-13	-0.029232	0.095624	0.096952	0.087219	-1.321476	1062100.000000
2015-08-12	-0.004718	0.100142	0.119957	0.088914	-0.214291	2242100.000000
2015-08-11	0.009125	0.127288	0.130177	0.114847	0.410725	2684700.000000
2015-08-10	0.011640	0.120631	0.136813	0.119058	0.517876	1586500.000000
2015-08-07	0.004232	0.134628	0.140270	0.124245	0.187511	2211200.000000
2015-08-06	0.012033	0.126810	0.137774	0.119728	0.526806	2211100.000000
2015-08-05	0.007604	0.136298	0.143663	0.121568	0.330368	1698800.000000
2015-08-04	0.001235	0.127331	0.130788	0.115578	0.053578	1117400.000000
2015-08-03	-0.013999	0.117912	0.118821	0.104279	-0.616101	3223800.000000
2015-07-31	0.001829	0.135208	0.135436	0.117225	0.080364	1614200.000000
2015-07-30	0.004902	0.132538	0.134597	0.115382	0.214291	1012900.000000
2015-07-29	0.018091	0.115066	0.141150	0.115066	0.776814	2952900.000000
2015-07-28	0.016058	0.121613	0.137940	0.117117	0.678600	1610400.000000
2015-07-27	-0.011900	0.118320	0.118554	0.104525	-0.508949	2168200.000000
2015-07-24	-0.018241	0.115825	0.117661	0.098839	-0.794670	3669000.000000
2015-07-23	-0.001024	0.121333	0.129817	0.117664	-0.044644	1169000.000000
2015-07-22	-0.010936	0.103627	0.107709	0.096596	-0.482162	1653900.000000
2015-07-21	0.007755	0.130928	0.139613	0.126814	0.339298	2340900.000000
2015-07-20	-0.007896	0.122678	0.124946	0.111113	-0.348229	862700.000000
2015-07-17	-0.003028	0.129226	0.129452	0.114531	-0.133937	1002800.000000
2015-07-16	0.007115	0.137716	0.142269	0.127926	0.312515	1549300.000000
2015-07-15	-0.015018	0.115023	0.118163	0.098652	-0.669670	694300.000000
2015-07-14	0.020016	0.127963	0.142374	0.125904	0.875034	2004900.000000
2015-07-13	-0.015682	0.111175	0.114103	0.102394	-0.696457	933700.000000
2015-07-10	0.045397	0.179273	0.179980	0.154558	1.928646	2603300.000000
2015-07-09	0.017319	0.146058	0.153242	0.132888	0.723248	1128600.000000
2015-07-08	-0.015783	0.105345	0.109822	0.090261	-0.669674	1130900.000000
2015-07-07	0.005927	0.108577	0.130625	0.090559	0.250004	1833800.000000
2015-07-06	-0.028183	0.096687	0.106594	0.084245	-1.223252	1178300.000000
2015-07-02	0.007879	0.136676	0.141553	0.128549	0.339302	606100.000000
2015-07-01	-0.019117	0.115629	0.115857	0.095585	-0.839321	892000.000000
2015-06-30	-0.011460	0.119957	0.119957	0.092712	-0.508953	1489300.000000
2015-06-29	-0.045114	0.074806	0.089426	0.065346	-2.098289	1440200.000000
2015-06-26	0.004629	0.128381	0.131405	0.114989	0.214290	711900.000000
2015-06-25	-0.000193	0.125140	0.125140	0.114126	-0.008926	599100.000000
2015-06-24	0.002125	0.119524	0.129479	0.119308	0.098213	972500.000000
2015-06-23	0.006614	0.118868	0.127799	0.118868	0.303589	557500.000000
2015-06-22	0.030467	0.152507	0.167323	0.145997	1.357193	1317100.000000
2015-06-19	-0.005581	0.118841	0.123305	0.112367	-0.250008	567100.000000
2015-06-18	-0.000598	0.123080	0.145613	0.119287	-0.026794	1006200.000000
2015-06-17	0.013937	0.133529	0.138506	0.120635	0.616100	3808600.000000
2015-06-16	-0.004023	0.103961	0.118830	0.103285	-0.178573	2078200.000000
2015-06-15	-0.004805	0.101571	0.117266	0.100899	-0.214295	930700.000000
2015-06-12	-0.021739	0.096268	0.104822	0.085740	-0.991112	765000.000000
2015-06-11	0.006108	0.129667	0.135405	0.119074	0.276799	665100.000000
2015-06-10	0.026082	0.150299	0.162527	0.144186	1.151832	1049800.000000
2015-06-09	-0.006229	0.109831	0.120632	0.103980	-0.276798	868700.000000
2015-06-08	-0.005594	0.108768	0.116377	0.104517	-0.250011	1665500.000000
2015-06-05	-0.002988	0.101439	0.122411	0.099878	-0.133942	1325300.000000
2015-06-04	-0.017228	0.110529	0.126973	0.100662	-0.785744	823700.000000
2015-06-03	0.006166	0.129730	0.140760	0.126862	0.279480	871700.000000
2015-06-02	0.021040	0.154175	0.165663	0.152373	0.934082	1066200.000000
2015-06-01	-0.002179	0.135927	0.137725	0.124015	-0.096935	809900.000000
2015-05-29	-0.013096	0.131255	0.137687	0.117280	-0.590405	1059600.000000
2015-05-28	-0.008143	0.123363	0.128643	0.109723	-0.370117	1088800.000000
2015-05-27	0.016755	0.134132	0.159186	0.132119	0.749028	2368400.000000
2015-05-26	-0.033714	0.114485	0.114701	0.096112	-1.559735	1371100.000000
2015-05-22	-0.015009	0.120113	0.122455	0.115429	-0.704967	713500.000000
2015-05-21	0.010427	0.137815	0.147066	0.135879	0.484665	587800.000000
2015-05-20	0.008219	0.139358	0.148034	0.134370	0.378917	555200.000000
2015-05-19	-0.008152	0.136095	0.138676	0.125553	-0.378917	1031800.000000
2015-05-18	-0.014939	0.115731	0.121029	0.110857	-0.704968	779200.000000
2015-05-15	0.002246	0.120361	0.137352	0.115051	0.105743	728700.000000
2015-05-14	0.005646	0.147405	0.155522	0.138648	0.264359	1056500.000000
2015-05-13	0.005679	0.157573	0.159935	0.135663	0.264362	1137800.000000
2015-05-12	0.000948	0.128569	0.138459	0.125559	0.044075	805100.000000
2015-05-11	-0.018412	0.117498	0.121297	0.108212	-0.872406	900600.000000
2015-05-08	0.021273	0.157866	0.162608	0.149245	0.986954	820300.000000
2015-05-07	-0.023010	0.112272	0.112904	0.096479	-1.092693	1124000.000000
2015-05-06	0.013923	0.151884	0.164268	0.145906	0.652088	1316400.000000
2015-05-05	-0.011347	0.129315	0.137126	0.119605	-0.537541	1523300.000000
2015-05-04	-0.010309	0.126865	0.131461	0.120180	-0.493476	1009200.000000
2015-05-01	0.004067	0.132916	0.149277	0.124945	0.193866	813400.000000
2015-04-30	-0.000369	0.132288	0.142143	0.125578	-0.017616	814800.000000
2015-04-29	-0.006608	0.120431	0.137512	0.111266	-0.317242	1836900.000000
2015-04-28	0.023868	0.166367	0.168074	0.152718	1.119137	1871800.000000
2015-04-27	0.025834	0.164120	0.172434	0.162151	1.180821	1813300.000000
2015-04-24	-0.008601	0.128514	0.132635	0.118320	-0.396546	979000.000000
2015-04-23	0.005960	0.130658	0.147677	0.129567	0.273178	1779300.000000
2015-04-22	-0.004403	0.123725	0.130025	0.114384	-0.202678	1617200.000000
2015-04-21	-0.007222	0.134157	0.137176	0.122080	-0.334862	1072900.000000
2015-04-20	-0.003786	0.129003	0.142323	0.127284	-0.176239	1210100.000000
2015-04-17	-0.007143	0.118166	0.128831	0.117099	-0.334862	1035200.000000
2015-04-16	-0.002999	0.135442	0.137143	0.120980	-0.140995	905100.000000
2015-04-15	0.025957	0.151168	0.164259	0.146150	1.189636	2473800.000000
2015-04-14	0.018007	0.146576	0.159015	0.144355	0.810715	800600.000000
2015-04-13	-0.006225	0.139439	0.143412	0.127740	-0.281994	768100.000000
2015-04-10	0.002731	0.134361	0.142551	0.132148	0.123375	708700.000000
2015-04-09	0.009650	0.140838	0.147989	0.137709	0.431797	1255800.000000
2015-04-08	-0.008203	0.145221	0.146551	0.121062	-0.370109	2152700.000000
2015-04-07	0.009464	0.151584	0.163442	0.145543	0.422973	1029000.000000
2015-04-06	0.014197	0.141611	0.159991	0.141611	0.625668	694300.000000
2015-04-02	0.005024	0.139137	0.141189	0.131611	0.220299	2975100.000000
2015-04-01	0.002013	0.146229	0.150571	0.134346	0.088111	2454500.000000
2015-03-31	-0.021285	0.111544	0.121385	0.107742	-0.951702	1508000.000000
2015-03-30	-0.001574	0.139716	0.143512	0.131454	-0.070491	903600.000000
2015-03-27	0.001774	0.121606	0.138606	0.115342	0.079300	2467900.000000
2015-03-26	-0.004122	0.135249	0.139259	0.118764	-0.185044	1935300.000000
2015-03-25	-0.002546	0.141692	0.144136	0.127026	-0.114563	2344500.000000
2015-03-24	-0.002344	0.140789	0.141676	0.127710	-0.105739	753800.000000
2015-03-23	0.010661	0.151607	0.154968	0.142197	0.475849	1165800.000000
2015-03-20	0.038336	0.168536	0.194824	0.163418	1.647869	2055900.000000
2015-03-19	-0.011150	0.120081	0.126522	0.113180	-0.484673	746300.000000
2015-03-18	0.042014	0.149642	0.188235	0.144128	1.752728	1440100.000000
2015-03-17	0.011584	0.162959	0.168779	0.158837	0.477714	1082000.000000
2015-03-16	0.006785	0.145949	0.159132	0.142287	0.277943	895400.000000
2015-03-13	-0.022388	0.129840	0.131988	0.112417	-0.938057	1560200.000000
2015-03-12	0.004791	0.170025	0.171703	0.152998	0.199772	1082500.000000
2015-03-11	-0.009899	0.145146	0.148708	0.131375	-0.416920	2742200.000000
2015-03-10	-0.038278	0.118438	0.122320	0.107249	-1.676330	2280100.000000
2015-03-09	-0.006894	0.149959	0.154268	0.143382	-0.304005	1124400.000000
2015-03-06	-0.026835	0.131237	0.134768	0.119982	-1.215988	1127200.000000
2015-03-05	-0.012306	0.149140	0.149794	0.136062	-0.564572	939500.000000
2015-03-04	-0.005086	0.139826	0.145464	0.131585	-0.234512	786100.000000
2015-03-03	0.004541	0.141952	0.158944	0.139120	0.208454	951500.000000
2015-03-02	-0.014544	0.146811	0.147241	0.129208	-0.677486	1263000.000000
2015-02-27	0.012269	0.165445	0.178701	0.161968	0.564575	3951800.000000
2015-02-26	-0.017433	0.129967	0.135732	0.126978	-0.816456	1158300.000000
2015-02-25	0.008227	0.146368	0.162945	0.140555	0.382164	1403200.000000
2015-02-24	0.023345	0.169165	0.184145	0.161674	1.059666	1157300.000000
2015-02-23	-0.011725	0.137603	0.148489	0.132160	-0.538521	1263200.000000
2015-02-20	0.013804	0.145360	0.170744	0.139400	0.625362	3832000.000000
2015-02-19	-0.028678	0.120661	0.127092	0.111227	-1.337593	1855000.000000
2015-02-18	-0.012868	0.137351	0.144124	0.128674	-0.607994	1479900.000000
2015-02-17	0.004802	0.144727	0.158337	0.132393	0.225834	1123300.000000
2015-02-13	-0.006606	0.141391	0.150475	0.139912	-0.312687	1188600.000000
2015-02-12	0.022131	0.163843	0.180254	0.160604	1.024910	2401600.000000
2015-02-11	-0.011677	0.132327	0.141716	0.121016	-0.547199	1067100.000000
2015-02-10	0.000000	0.151320	0.154947	0.130406	0.000000	1096900.000000
2015-02-09	0.005217	0.149174	0.171055	0.149174	0.243198	2040500.000000
2015-02-06	-0.020799	0.140607	0.145438	0.126743	-0.990165	2549500.000000
2015-02-05	0.013686	0.159837	0.176233	0.154939	0.642738	1521100.000000
2015-02-04	-0.025063	0.122464	0.134712	0.114783	-1.207310	1685100.000000
2015-02-03	0.031622	0.177447	0.196293	0.176376	1.476563	2259200.000000
2015-02-02	0.043681	0.186858	0.205410	0.185964	1.954284	2039500.000000
2015-01-30	-0.003097	0.140401	0.166249	0.138396	-0.138973	1975100.000000
2015-01-29	0.021752	0.162020	0.176363	0.147449	0.955429	2184000.000000
2015-01-28	-0.047646	0.127469	0.127469	0.095380	-2.197479	1646400.000000
2015-01-27	0.007208	0.145423	0.160055	0.141274	0.330048	1484300.000000
2015-01-26	0.029487	0.166832	0.194710	0.158739	1.311542	3108400.000000
2015-01-23	-0.014244	0.134255	0.152206	0.131595	-0.642742	1321700.000000
2015-01-22	0.006003	0.151319	0.162021	0.142401	0.269253	2071000.000000
2015-01-21	0.027253	0.159106	0.186361	0.155900	1.189941	4070200.000000
2015-01-20	-0.012571	0.144535	0.145892	0.130740	-0.555877	1742400.000000
2015-01-16	0.040041	0.165432	0.197420	0.165197	1.702396	3529700.000000
2015-01-15	0.005546	0.167875	0.170713	0.147299	0.234501	4339500.000000
2015-01-14	0.003298	0.148947	0.163658	0.139218	0.138973	1830100.000000
2015-01-13	0.001445	0.160350	0.168904	0.140626	0.060802	1811300.000000
2015-01-12	-0.003906	0.148953	0.158894	0.128833	-0.165023	2394800.000000
2015-01-09	-0.019948	0.143896	0.145984	0.117914	-0.859883	2510300.000000
2015-01-08	0.026899	0.175380	0.196343	0.167995	1.129143	2050500.000000
2015-01-07	0.014058	0.166297	0.178617	0.155668	0.581936	2372100.000000
2015-01-06	-0.008323	0.149164	0.170484	0.133353	-0.347431	4408500.000000
2015-01-05	-0.060594	0.105411	0.106986	0.070079	-2.692558	4215000.000000
2015-01-02	-0.000781	0.151545	0.155142	0.137153	-0.034741	1324700.000000
2014-12-31	-0.006211	0.151320	0.152661	0.140370	-0.277939	1223700.000000
2014-12-30	-0.023132	0.141714	0.143679	0.124687	-1.059658	2173300.000000
2014-12-29	-0.007714	0.138106	0.156302	0.135723	-0.356117	2680500.000000
2014-12-26	0.001885	0.149583	0.161303	0.149149	0.086861	760200.000000
2014-12-24	-0.005437	0.145492	0.152615	0.133620	-0.251885	856000.000000
2014-12-23	0.016000	0.161188	0.170179	0.158776	0.729599	2091100.000000
2014-12-22	-0.015564	0.145491	0.145491	0.123470	-0.720917	1967800.000000
2014-12-19	0.005847	0.141331	0.158051	0.135468	0.269265	2591600.000000
2014-12-18	0.022565	0.174413	0.178187	0.156205	1.016220	2311000.000000
2014-12-17	0.049170	0.167860	0.226801	0.166230	2.110626	2869800.000000
2014-12-16	0.013951	0.149430	0.193839	0.143997	0.590618	3610000.000000
2014-12-15	-0.027534	0.168778	0.174061	0.117552	-1.198620	3302300.000000
2014-12-12	-0.021476	0.154916	0.160760	0.126369	-0.955425	1743100.000000
2014-12-11	-0.010242	0.143088	0.161331	0.134856	-0.460346	2222100.000000
2014-12-10	-0.022275	0.148731	0.149384	0.117408	-1.024033	2464900.000000
2014-12-09	-0.007945	0.151689	0.176721	0.148883	-0.368191	1923100.000000
2014-12-08	-0.024514	0.153138	0.155032	0.136929	-1.164520	1623600.000000
2014-12-05	-0.007158	0.159931	0.164947	0.153452	-0.342495	1838300.000000
2014-12-04	-0.011673	0.137096	0.156099	0.129453	-0.565132	2889000.000000
2014-12-03	-0.006850	0.154129	0.171566	0.150641	-0.333939	2596900.000000
2014-12-02	0.013530	0.183675	0.201348	0.179309	0.650757	3665000.000000
2014-12-01	0.009707	0.173961	0.181519	0.163045	0.462380	1721900.000000
2014-11-28	-0.068798	0.090653	0.094759	0.078924	-3.519226	2189700.000000
2014-11-26	0.000000	0.166895	0.174520	0.162399	0.000000	891900.000000
2014-11-25	-0.011418	0.153378	0.158790	0.145841	-0.590821	1021300.000000
2014-11-24	0.007503	0.171378	0.176635	0.165926	0.385327	1053100.000000
2014-11-21	0.020589	0.200264	0.206027	0.190924	1.036068	1885600.000000
2014-11-20	0.004959	0.161083	0.175062	0.160284	0.248317	1326200.000000
2014-11-19	0.001370	0.172873	0.175672	0.158474	0.068501	916200.000000
2014-11-18	0.019909	0.186026	0.197243	0.180723	0.976131	1238400.000000
2014-11-17	-0.000349	0.165834	0.172970	0.160125	-0.017124	571600.000000
2014-11-14	0.005265	0.158035	0.178326	0.157420	0.256874	742500.000000
2014-11-13	-0.003323	0.153982	0.164809	0.152348	-0.162685	1303200.000000
2014-11-12	-0.018878	0.146227	0.156449	0.140415	-0.941891	1207600.000000
2014-11-11	0.001203	0.157840	0.173291	0.152221	0.059944	665400.000000
2014-11-10	0.001204	0.175507	0.178521	0.167471	0.059929	691100.000000
2014-11-07	0.001723	0.159823	0.169886	0.151974	0.085636	2397400.000000
2014-11-06	0.005719	0.181232	0.184065	0.164837	0.282563	1472700.000000
2014-11-05	0.013703	0.171977	0.190032	0.165001	0.667881	838100.000000
2014-11-04	-0.020647	0.143157	0.145368	0.131503	-1.027508	1080100.000000
2014-11-03	-0.029554	0.147203	0.149348	0.131408	-1.515576	1136300.000000
2014-10-31	0.006893	0.163553	0.175923	0.156485	0.351059	959800.000000
2014-10-30	0.014325	0.164487	0.185997	0.159110	0.719261	1029100.000000
2014-10-29	0.009468	0.195416	0.203458	0.167270	0.470944	1188400.000000
2014-10-28	0.026144	0.197168	0.204182	0.190360	1.267261	1231100.000000
2014-10-27	-0.010488	0.150113	0.162974	0.145214	-0.513759	774600.000000
2014-10-24	-0.008492	0.159777	0.163420	0.148037	-0.419563	1290900.000000
2014-10-23	0.031831	0.195650	0.214864	0.193352	1.524143	1418300.000000
2014-10-22	-0.018775	0.154348	0.160906	0.143487	-0.916203	1729300.000000
2014-10-21	0.028515	0.185367	0.203704	0.182838	1.352890	3356600.000000
2014-10-20	-0.009120	0.141767	0.157222	0.140514	-0.436687	1269500.000000
2014-10-17	0.019508	0.203218	0.210883	0.184694	0.916195	1916100.000000
2014-10-16	-0.007779	0.128155	0.169141	0.126465	-0.368191	2897500.000000
2014-10-15	-0.013738	0.152454	0.158288	0.127868	-0.659317	2349700.000000
2014-10-14	-0.014246	0.166024	0.173008	0.150209	-0.693577	2727900.000000
2014-10-13	0.007263	0.188562	0.194354	0.173873	0.351067	1965900.000000
2014-10-10	-0.026724	0.150355	0.155792	0.132031	-1.327202	4689700.000000
2014-10-09	-0.039258	0.141757	0.143111	0.120864	-2.029328	1884800.000000
2014-10-08	0.013260	0.168657	0.186887	0.157092	0.676445	1489400.000000
2014-10-07	-0.023279	0.151599	0.153131	0.139346	-1.215885	3136800.000000
2014-10-06	0.000000	0.168256	0.176871	0.162512	0.000000	984000.000000
2014-10-03	-0.018029	0.142869	0.151141	0.137605	-0.958999	1655200.000000
2014-10-02	-0.024344	0.152282	0.154850	0.117064	-1.327202	3307900.000000
2014-10-01	-0.012102	0.154101	0.160081	0.148122	-0.667885	1221500.000000
2014-09-30	0.008292	0.177557	0.193087	0.173903	0.453819	1213700.000000
2014-09-29	-0.012208	0.152352	0.157044	0.147660	-0.676445	683100.000000
2014-09-26	0.024541	0.176009	0.199122	0.173235	1.327198	989000.000000
2014-09-25	-0.017424	0.160242	0.160787	0.139894	-0.959007	1659200.000000
2014-09-24	0.027329	0.185045	0.205950	0.180565	1.464199	1840200.000000
2014-09-23	-0.015576	0.149131	0.158686	0.148948	-0.847694	1633100.000000
2014-09-22	-0.000157	0.172466	0.173936	0.164566	-0.008557	1059000.000000
2014-09-19	-0.008114	0.158944	0.163500	0.156393	-0.445263	1045800.000000
2014-09-18	0.002989	0.164601	0.171364	0.161860	0.163544	1867700.000000
2014-09-17	-0.010853	0.174922	0.177453	0.168413	-0.600323	1299300.000000
2014-09-16	0.017418	0.179017	0.203296	0.178649	0.946988	1942700.000000
2014-09-15	-0.002327	0.171869	0.181778	0.168933	-0.126828	906900.000000
2014-09-12	-0.009985	0.172704	0.176700	0.166527	-0.549587	782400.000000
2014-09-11	-0.001534	0.170905	0.180882	0.167277	-0.084553	963600.000000
2014-09-10	-0.000919	0.181789	0.181971	0.174178	-0.050731	548600.000000
2014-09-09	-0.002141	0.176909	0.183419	0.173654	-0.118378	451700.000000
2014-09-08	-0.022568	0.166257	0.167671	0.153177	-1.276749	707300.000000
2014-09-05	0.001797	0.180394	0.184821	0.173665	0.101467	432900.000000
2014-09-04	0.005873	0.192848	0.205851	0.184121	0.329754	890300.000000
2014-09-03	0.012658	0.194420	0.197847	0.190632	0.701794	831300.000000
2014-09-02	-0.005913	0.183054	0.184310	0.169069	-0.329750	658500.000000
2014-08-29	0.010726	0.197194	0.199369	0.186139	0.591862	682700.000000
2014-08-28	-0.007151	0.177298	0.180716	0.173879	-0.397404	570900.000000
2014-08-27	-0.002428	0.176413	0.180362	0.169951	-0.135285	711700.000000
2014-08-26	0.013069	0.191424	0.201243	0.190878	0.718697	1228600.000000
2014-08-25	0.022963	0.194601	0.209854	0.191996	1.234474	898000.000000
2014-08-22	-0.020188	0.165016	0.165381	0.144967	-1.107650	2402600.000000
2014-08-21	0.012167	0.189706	0.199483	0.188045	0.659519	2593300.000000
2014-08-20	-0.004967	0.166542	0.181043	0.165257	-0.270569	1479500.000000
2014-08-19	0.006876	0.183805	0.191752	0.182511	0.372040	1410800.000000
2014-08-18	0.002506	0.181769	0.187513	0.176581	0.135269	739000.000000
2014-08-15	-0.003901	0.190447	0.193400	0.165162	-0.211376	1461400.000000
2014-08-14	-0.005278	0.180493	0.181961	0.174985	-0.287468	940200.000000
2014-08-13	0.005149	0.186202	0.188785	0.179743	0.279022	649800.000000
2014-08-12	-0.016119	0.161997	0.166355	0.154735	-0.887810	1026900.000000
2014-08-11	0.001076	0.182696	0.192692	0.181605	0.059189	768400.000000
2014-08-08	0.008525	0.190761	0.199010	0.181779	0.465046	1405500.000000
2014-08-07	-0.005549	0.192722	0.195456	0.170118	-0.304394	759300.000000
2014-08-06	0.006984	0.179942	0.199767	0.179391	0.380482	873000.000000
2014-08-05	-0.016035	0.175290	0.179444	0.160660	-0.887802	753400.000000
2014-08-04	0.012056	0.189825	0.197868	0.181965	0.659519	1405800.000000
2014-08-01	0.003101	0.189113	0.193514	0.174261	0.169098	2027200.000000
2014-07-31	-0.031968	0.159443	0.159443	0.140983	-1.800972	2980400.000000
2014-07-30	-0.040052	0.157988	0.162248	0.126295	-2.350571	3050300.000000
2014-07-29	0.001010	0.191906	0.197194	0.182354	0.059193	1179600.000000
2014-07-28	0.007995	0.192668	0.197310	0.184759	0.465046	968100.000000
2014-07-25	-0.013763	0.172522	0.174557	0.158279	-0.811707	721700.000000
2014-07-24	0.007948	0.191925	0.195856	0.185943	0.465035	505500.000000
2014-07-23	0.000868	0.189880	0.190393	0.180301	0.050728	802700.000000
2014-07-22	0.023387	0.205803	0.213506	0.203703	1.335945	830800.000000
2014-07-21	-0.008221	0.175403	0.177487	0.168111	-0.473507	946700.000000
2014-07-18	0.020219	0.199523	0.206785	0.195094	1.141456	677100.000000
2014-07-17	-0.026960	0.168735	0.179248	0.148569	-1.564220	1629700.000000
2014-07-16	0.010902	0.202210	0.202384	0.195589	0.625702	1209400.000000
2014-07-15	-0.022606	0.175203	0.176735	0.154427	-1.327480	1339200.000000
2014-07-14	0.006668	0.193496	0.197610	0.188524	0.388942	755300.000000
2014-07-11	-0.000869	0.183552	0.185779	0.178413	-0.050743	804100.000000
2014-07-10	-0.015821	0.160275	0.167861	0.154375	-0.938534	1271400.000000
2014-07-09	-0.002984	0.176141	0.186729	0.174124	-0.177555	870200.000000
2014-07-08	-0.009710	0.180532	0.182030	0.165386	-0.583408	891700.000000
2014-07-07	-0.014424	0.167441	0.169245	0.159731	-0.879334	788900.000000
2014-07-03	-0.003042	0.176972	0.181060	0.175500	-0.186031	554700.000000
2014-07-02	-0.006184	0.176357	0.178795	0.171644	-0.380482	899300.000000
2014-07-01	0.007895	0.193343	0.197275	0.188265	0.481953	411900.000000
2014-06-30	0.000000	0.173522	0.186955	0.172540	0.000000	671300.000000
2014-06-27	0.000138	0.182040	0.183843	0.175815	0.008453	505300.000000
2014-06-26	-0.012719	0.172020	0.172344	0.148405	-0.786346	1000100.000000
2014-06-25	-0.001638	0.182211	0.184472	0.173814	-0.101456	760500.000000
2014-06-24	-0.008663	0.187818	0.188138	0.171810	-0.541145	2320100.000000
2014-06-23	0.009290	0.193521	0.197560	0.189482	0.574959	870700.000000
2014-06-20	0.006324	0.193752	0.196028	0.190175	0.388946	766400.000000
2014-06-19	0.010558	0.199126	0.205206	0.194361	0.642586	1033600.000000
2014-06-18	0.014089	0.195359	0.201357	0.191860	0.845535	825700.000000
2014-06-17	-0.006161	0.168289	0.180543	0.166633	-0.372028	901000.000000
2014-06-16	-0.002514	0.180879	0.184183	0.175428	-0.152180	667900.000000
2014-06-13	0.009588	0.194536	0.197204	0.191368	0.574948	608600.000000
2014-06-12	0.011265	0.190791	0.201752	0.190285	0.667965	796600.000000
2014-06-11	-0.005530	0.177497	0.178503	0.172801	-0.329762	542600.000000
2014-06-10	-0.001982	0.174159	0.180352	0.172150	-0.118385	562700.000000
2014-06-09	-0.004508	0.174364	0.181029	0.170865	-0.270558	671900.000000
2014-06-06	0.009673	0.190434	0.196995	0.186397	0.574951	617200.000000
2014-06-05	0.025529	0.202364	0.215649	0.196498	1.479676	1541200.000000
2014-06-04	-0.018611	0.170674	0.172198	0.160684	-1.099182	1086300.000000
2014-06-03	-0.002997	0.177125	0.180839	0.175099	-0.177563	634400.000000
2014-06-02	0.008783	0.195127	0.195468	0.188997	0.515778	415100.000000
2014-05-30	-0.004729	0.180153	0.185238	0.177103	-0.279019	689500.000000
2014-05-29	0.001866	0.182695	0.185243	0.179979	0.109905	689500.000000
2014-05-28	-0.007439	0.171201	0.176932	0.167493	-0.441356	866600.000000
2014-05-27	-0.004207	0.190106	0.195477	0.187757	-0.250656	761600.000000
2014-05-23	0.003659	0.198841	0.202715	0.195640	0.217227	624200.000000
2014-05-22	-0.000563	0.194463	0.198840	0.192611	-0.033412	620300.000000
2014-05-21	0.010519	0.212981	0.213832	0.207707	0.618301	1346400.000000
2014-05-20	-0.011244	0.188914	0.191269	0.181176	-0.668438	1171600.000000
2014-05-19	0.002113	0.207608	0.208113	0.198336	0.125332	1524100.000000
2014-05-16	0.010101	0.209930	0.214868	0.204992	0.593239	982600.000000
2014-05-15	-0.009302	0.193952	0.194289	0.179276	-0.551453	1108000.000000
2014-05-14	-0.004630	0.192286	0.197827	0.189599	-0.275745	1507800.000000
2014-05-13	-0.006966	0.190317	0.191484	0.182147	-0.417775	1091900.000000
2014-05-12	0.002234	0.201832	0.203504	0.196318	0.133687	1748500.000000
2014-05-09	-0.015262	0.188098	0.188756	0.176579	-0.927456	1039800.000000
2014-05-08	0.013659	0.211498	0.226344	0.207161	0.818840	1687300.000000
2014-05-07	0.016001	0.213258	0.220715	0.208683	0.944172	1042800.000000
2014-05-06	-0.004932	0.198674	0.199180	0.187713	-0.292443	1051700.000000
2014-05-05	0.007095	0.191724	0.206670	0.189686	0.417774	673700.000000
2014-05-02	-0.005504	0.189726	0.196144	0.186517	-0.325855	3239500.000000
2014-05-01	-0.005334	0.191108	0.192788	0.184388	-0.317516	1068100.000000
2014-04-30	0.012795	0.210091	0.214855	0.195118	0.751995	3414300.000000
2014-04-29	0.009472	0.210217	0.226018	0.206953	0.551453	2126200.000000
2014-04-28	0.017226	0.209399	0.219358	0.204507	0.985950	2719800.000000
2014-04-25	-0.000146	0.199265	0.201885	0.194199	-0.008358	825400.000000
2014-04-24	0.007648	0.209670	0.215655	0.200692	0.434494	1434200.000000
2014-04-23	-0.009614	0.195599	0.196819	0.180606	-0.551468	811000.000000
2014-04-22	0.006156	0.201029	0.204187	0.198924	0.350929	977400.000000
2014-04-21	0.002203	0.200159	0.201917	0.197347	0.125325	342100.000000
2014-04-17	0.004575	0.198232	0.207416	0.197349	0.259033	1534600.000000
2014-04-16	0.000443	0.200530	0.201413	0.191166	0.025066	572000.000000
2014-04-15	0.000147	0.207068	0.207068	0.185864	0.008347	845000.000000
2014-04-14	0.022957	0.213992	0.229718	0.213449	1.270042	735000.000000
2014-04-11	0.003486	0.197545	0.208791	0.192829	0.192169	574100.000000
2014-04-10	-0.018885	0.190057	0.192370	0.171014	-1.061145	739700.000000
2014-04-09	0.010822	0.212110	0.215348	0.206174	0.601604	1126400.000000
2014-04-08	0.014331	0.205761	0.215979	0.202111	0.785412	715200.000000
2014-04-07	-0.010112	0.196097	0.198264	0.182369	-0.559826	648500.000000
2014-04-04	0.006838	0.209732	0.213914	0.203366	0.376007	591200.000000
2014-04-03	0.000152	0.200639	0.203004	0.195364	0.008351	1062000.000000
2014-04-02	-0.003030	0.197363	0.199358	0.190835	-0.167107	512900.000000
2014-04-01	0.006097	0.203752	0.207219	0.201380	0.334213	554300.000000
2014-03-31	-0.005759	0.198089	0.202624	0.186661	-0.317509	621800.000000
2014-03-28	0.007482	0.204678	0.208150	0.200840	0.409424	570900.000000
2014-03-27	0.005527	0.202148	0.212071	0.200678	0.300797	624700.000000
2014-03-26	0.005403	0.206611	0.210861	0.202362	0.292446	663700.000000
2014-03-25	0.010293	0.201859	0.211565	0.195139	0.551449	1266600.000000
2014-03-24	0.004386	0.213504	0.213692	0.193632	0.233951	1431900.000000
2014-03-21	0.001098	0.198696	0.215399	0.197195	0.058495	1342800.000000
2014-03-20	-0.007934	0.179690	0.197750	0.179504	-0.426125	1039100.000000
2014-03-19	-0.009919	0.207069	0.209650	0.177390	-0.538089	885600.000000
2014-03-18	0.015920	0.226847	0.240331	0.221229	0.850059	1002000.000000
2014-03-17	0.015061	0.228026	0.235059	0.225554	0.792286	1110600.000000
2014-03-14	0.011746	0.219948	0.235719	0.218024	0.610725	1062900.000000
2014-03-13	-0.018386	0.224326	0.224326	0.189400	-0.973861	1393800.000000
2014-03-12	0.003440	0.205994	0.222097	0.203531	0.181568	1546800.000000
2014-03-11	-0.008526	0.213556	0.219191	0.201347	-0.453911	788800.000000
2014-03-10	-0.000310	0.210739	0.213180	0.200411	-0.016502	654400.000000
2014-03-07	-0.006007	0.214477	0.215597	0.194506	-0.321873	739800.000000
2014-03-06	0.005420	0.213929	0.225001	0.213742	0.288853	3445100.000000
2014-03-05	0.008591	0.212245	0.223223	0.211110	0.453918	1321300.000000
2014-03-04	0.007871	0.233996	0.234949	0.221215	0.412643	996500.000000
2014-03-03	-0.021263	0.196181	0.200662	0.180312	-1.138916	1020400.000000
2014-02-28	0.021404	0.229603	0.238947	0.226743	1.122426	2973300.000000
2014-02-27	0.001892	0.211104	0.216072	0.208239	0.099041	1200300.000000
2014-02-26	0.001896	0.218951	0.220674	0.211677	0.099025	1534700.000000
2014-02-25	0.002375	0.215323	0.224533	0.209951	0.123795	1046500.000000
2014-02-24	0.014132	0.224715	0.237363	0.223353	0.726269	1047600.000000
2014-02-21	0.013839	0.231603	0.235943	0.228249	0.701511	1135000.000000
2014-02-20	0.008373	0.221624	0.225603	0.216850	0.420902	710600.000000
2014-02-19	0.000657	0.215261	0.220635	0.209886	0.033009	813000.000000
2014-02-18	-0.002622	0.212869	0.214060	0.205920	-0.132046	737800.000000
2014-02-14	0.013787	0.219125	0.231000	0.217514	0.684998	1382300.000000
2014-02-13	0.005176	0.212689	0.222400	0.211677	0.255836	2329800.000000
2014-02-12	0.012511	0.214750	0.228885	0.213521	0.610729	1911500.000000
2014-02-11	0.012322	0.215203	0.235733	0.213751	0.594220	684000.000000
2014-02-10	-0.008148	0.208592	0.208798	0.201599	-0.396149	772300.000000
2014-02-07	0.018147	0.214609	0.237017	0.212724	0.866569	1988700.000000
2014-02-06	0.019559	0.229185	0.244558	0.227691	0.916085	836200.000000
2014-02-05	0.002827	0.212106	0.218101	0.210179	0.132053	908000.000000
2014-02-04	0.006939	0.212108	0.220517	0.208012	0.321857	2396000.000000
2014-02-03	-0.016967	0.210406	0.213373	0.187728	-0.800540	914300.000000
2014-01-31	-0.019719	0.175111	0.191109	0.173865	-0.949089	1041200.000000
2014-01-30	0.009695	0.226362	0.226991	0.213775	0.462173	1132300.000000
2014-01-29	-0.011467	0.190111	0.206493	0.187208	-0.552959	894500.000000
2014-01-28	0.012125	0.220912	0.228888	0.217764	0.577705	1131600.000000
2014-01-27	-0.010116	0.206691	0.210223	0.197342	-0.486919	1781800.000000
2014-01-24	-0.029295	0.199173	0.199577	0.176182	-1.452546	973300.000000
2014-01-23	-0.000831	0.215304	0.215506	0.202609	-0.041263	1446200.000000
2014-01-22	0.002334	0.217535	0.220362	0.211071	0.115547	910900.000000
2014-01-21	0.010443	0.233923	0.234535	0.217596	0.511688	847800.000000
2014-01-17	-0.003190	0.214119	0.219408	0.205778	-0.156811	837700.000000
2014-01-16	-0.000336	0.210457	0.211678	0.202526	-0.016498	531900.000000
2014-01-15	0.000000	0.202933	0.214728	0.201712	0.000000	842300.000000
2014-01-14	0.017418	0.218298	0.236921	0.213540	0.841801	1049700.000000
2014-01-13	-0.015633	0.197624	0.202308	0.187032	-0.767529	998600.000000
2014-01-10	0.009846	0.225458	0.228338	0.221756	0.478676	687000.000000
2014-01-09	-0.000678	0.217022	0.219488	0.205922	-0.033009	834200.000000
2014-01-08	-0.010906	0.199683	0.205375	0.196633	-0.536442	945100.000000
2014-01-07	0.002861	0.213309	0.221872	0.211678	0.140301	521300.000000
2014-01-06	-0.003020	0.214726	0.215336	0.203547	-0.148559	648700.000000
2014-01-03	-0.007658	0.207643	0.209055	0.197759	-0.379639	1044200.000000
2014-01-02	-0.019586	0.188737	0.189330	0.178058	-0.990372	997000.000000
2013-12-31	0.002290	0.211875	0.217624	0.211281	0.115544	454700.000000
2013-12-30	-0.002448	0.212666	0.214841	0.204955	-0.123783	639000.000000
2013-12-27	0.016589	0.232984	0.236200	0.227557	0.825290	1416700.000000
2013-12-26	0.001163	0.210671	0.217513	0.210671	0.057781	389900.000000
2013-12-24	0.002998	0.215714	0.215916	0.211274	0.148549	248500.000000
2013-12-23	0.008230	0.223481	0.228568	0.220225	0.404403	1158600.000000
2013-12-20	0.009666	0.216814	0.228526	0.215787	0.470417	874900.000000
2013-12-19	0.004600	0.211265	0.221173	0.210232	0.222832	917200.000000
2013-12-18	0.019097	0.221564	0.239235	0.217988	0.907837	1228200.000000
2013-12-17	0.001565	0.215681	0.218841	0.210624	0.074280	810300.000000
2013-12-16	0.017336	0.235898	0.244901	0.232683	0.808796	1182800.000000
2013-12-13	-0.001060	0.211463	0.212748	0.202685	-0.049519	825400.000000
2013-12-12	-0.007367	0.209552	0.210827	0.198500	-0.346630	1048800.000000
2013-12-11	-0.010483	0.213696	0.214958	0.193507	-0.498478	1297700.000000
2013-12-10	0.002746	0.228417	0.232003	0.223145	0.130222	1592700.000000
2013-12-09	-0.015546	0.224476	0.225307	0.200809	-0.748806	3609300.000000
2013-12-06	0.012143	0.234722	0.243548	0.229679	0.577881	869100.000000
2013-12-05	-0.006288	0.222991	0.229881	0.214221	-0.301147	1157500.000000
2013-12-04	-0.009428	0.206083	0.217459	0.204014	-0.455799	1032100.000000
2013-12-03	-0.010495	0.221056	0.223307	0.212664	-0.512761	1046400.000000
2013-12-02	-0.004808	0.223129	0.232295	0.222110	-0.236034	537800.000000
2013-11-29	-0.004785	0.222547	0.231264	0.220925	-0.236042	624100.000000
2013-11-27	0.003643	0.239818	0.241242	0.229239	0.179062	541700.000000
2013-11-26	-0.000662	0.233305	0.234118	0.223952	-0.032555	647900.000000
2013-11-25	-0.003627	0.225387	0.225995	0.219715	-0.179058	514100.000000
2013-11-22	0.011508	0.236210	0.247890	0.234980	0.561600	709600.000000
2013-11-21	0.007562	0.232344	0.241429	0.230693	0.366260	575400.000000
2013-11-20	-0.002514	0.231100	0.239131	0.222450	-0.122085	579500.000000
2013-11-19	-0.003674	0.228013	0.230065	0.221242	-0.179062	731300.000000
2013-11-18	-0.000501	0.238472	0.242164	0.228013	-0.024414	703100.000000
2013-11-15	0.007229	0.233379	0.238337	0.228835	0.349983	850400.000000
2013-11-14	0.003374	0.225105	0.235260	0.223654	0.162777	697800.000000
2013-11-13	0.009365	0.226536	0.242017	0.224026	0.447659	369500.000000
2013-11-12	-0.005419	0.228836	0.231749	0.221970	-0.260460	1184700.000000
2013-11-11	0.003058	0.232594	0.235933	0.229463	0.146511	778700.000000
2013-11-08	-0.002204	0.213010	0.225921	0.210928	-0.105816	1468900.000000
2013-11-07	-0.021883	0.218648	0.219055	0.201131	-1.074360	1155500.000000
2013-11-06	0.012590	0.241003	0.247191	0.236466	0.610436	1458300.000000
2013-11-05	-0.013415	0.213571	0.216012	0.206449	-0.659272	1652000.000000
2013-11-04	0.002158	0.222103	0.231687	0.221287	0.105809	2139200.000000
2013-11-01	-0.015201	0.216177	0.218186	0.205936	-0.756939	1990200.000000
2013-10-31	-0.006173	0.221443	0.231422	0.213660	-0.309296	1269200.000000
2013-10-30	-0.007097	0.234771	0.237546	0.219909	-0.358120	803900.000000
2013-10-29	0.009279	0.240029	0.243429	0.234428	0.463932	1170600.000000
2013-10-28	0.001304	0.226626	0.236839	0.225224	0.065113	848100.000000
2013-10-25	0.012209	0.253764	0.254170	0.243629	0.602295	990700.000000
2013-10-24	0.003976	0.236769	0.236972	0.228832	0.195343	920100.000000
2013-10-23	-0.005600	0.221343	0.222759	0.213855	-0.276726	774600.000000
2013-10-22	0.003637	0.223144	0.237159	0.221316	0.179051	1067700.000000
2013-10-21	-0.005589	0.226204	0.226608	0.218327	-0.276730	1297800.000000
2013-10-18	0.005289	0.234517	0.243451	0.228628	0.260464	1801700.000000
2013-10-17	0.013059	0.236650	0.248375	0.236033	0.634846	1367100.000000
2013-10-16	0.004710	0.242268	0.244955	0.231728	0.227897	1519900.000000
2013-10-15	0.003714	0.229458	0.240452	0.229251	0.179062	1048700.000000
2013-10-14	0.001352	0.226343	0.233613	0.225928	0.065113	374900.000000
2013-10-11	0.002203	0.228212	0.232584	0.226755	0.105808	968400.000000
2013-10-10	0.015660	0.240469	0.251886	0.239623	0.740670	1039800.000000
2013-10-09	0.000861	0.236458	0.238151	0.223549	0.040687	1198700.000000
2013-10-08	-0.000516	0.237934	0.238992	0.225667	-0.024418	836700.000000
2013-10-07	-0.002061	0.216598	0.232217	0.216598	-0.097660	540100.000000
2013-10-04	0.006223	0.238398	0.245194	0.235424	0.293003	1055200.000000
2013-10-03	-0.009078	0.221473	0.222315	0.212424	-0.431369	1450100.000000
2013-10-02	0.004301	0.230319	0.234546	0.221231	0.203476	937800.000000
2013-10-01	0.003626	0.228416	0.238810	0.227568	0.170921	796900.000000
2013-09-30	-0.016805	0.209232	0.212778	0.202141	-0.805775	1073600.000000
2013-09-27	0.007870	0.236196	0.245445	0.234934	0.374401	1299400.000000
2013-09-26	0.004814	0.229051	0.237077	0.226939	0.227898	2864900.000000
2013-09-25	0.000000	0.225671	0.236021	0.224615	0.000000	978500.000000
2013-09-24	0.016958	0.255907	0.256766	0.249463	0.789494	2026700.000000
2013-09-23	0.010065	0.241212	0.241646	0.232317	0.463932	1426000.000000
2013-09-20	-0.003870	0.224954	0.231438	0.221280	-0.179062	1158200.000000
2013-09-19	0.006480	0.234197	0.237025	0.227889	0.297901	1115000.000000
2013-09-18	0.010764	0.236489	0.261993	0.230113	0.489586	2356600.000000
2013-09-17	-0.005964	0.233485	0.239386	0.230863	-0.272889	1442400.000000
2013-09-16	0.004051	0.258890	0.259548	0.250551	0.184609	1555200.000000
2013-09-13	0.001411	0.244185	0.250997	0.240449	0.064197	974800.000000
2013-09-12	0.001767	0.243081	0.253207	0.240660	0.080266	1147700.000000
2013-09-11	0.010714	0.247055	0.260627	0.245498	0.481563	1097300.000000
2013-09-10	0.000893	0.241266	0.252401	0.239039	0.040123	1224400.000000
2013-09-09	0.006657	0.243477	0.257151	0.242580	0.296963	782100.000000
2013-09-06	0.005791	0.251805	0.259020	0.241659	0.256847	858800.000000
2013-09-05	0.001449	0.238265	0.251362	0.237362	0.064190	1904600.000000
2013-09-04	0.001089	0.234867	0.256341	0.232832	0.048168	1221300.000000
2013-09-03	-0.003435	0.247519	0.248420	0.234905	-0.152504	2065400.000000
2013-08-30	-0.012498	0.234153	0.236822	0.224810	-0.561817	1619800.000000
2013-08-29	-0.015815	0.223393	0.231274	0.221641	-0.722351	1872200.000000
2013-08-28	0.022458	0.273924	0.277505	0.263403	1.003262	6078000.000000
2013-08-27	-0.004471	0.252183	0.256640	0.234800	-0.200646	1510700.000000
2013-08-26	-0.004274	0.248827	0.249271	0.235735	-0.192634	1851800.000000
2013-08-23	0.022769	0.266368	0.278169	0.265687	1.003257	1920300.000000
2013-08-22	0.011609	0.259947	0.264309	0.256963	0.505642	1558400.000000
2013-08-21	-0.003855	0.248230	0.252575	0.236795	-0.168544	916600.000000
2013-08-20	-0.000917	0.250512	0.250969	0.241830	-0.040135	955400.000000
2013-08-19	-0.013032	0.237148	0.239628	0.227451	-0.577873	1617900.000000
2013-08-16	0.010239	0.255055	0.262118	0.253461	0.449455	2851300.000000
2013-08-15	0.010906	0.246404	0.262525	0.239264	0.473549	1804000.000000
2013-08-14	0.003710	0.250335	0.257269	0.247561	0.160507	1122200.000000
2013-08-13	0.006160	0.250594	0.254781	0.248501	0.264866	1438600.000000
2013-08-12	-0.002049	0.243622	0.246639	0.238515	-0.088287	1114500.000000
2013-08-09	-0.001116	0.248725	0.251971	0.243393	-0.048153	752600.000000
2013-08-08	0.004674	0.251999	0.256658	0.246409	0.200653	941500.000000
2013-08-07	0.002624	0.242673	0.249913	0.241505	0.112358	1398000.000000
2013-08-06	-0.004293	0.241059	0.241989	0.231293	-0.184601	780000.000000
2013-08-05	-0.003163	0.237830	0.243161	0.234121	-0.136440	749500.000000
2013-08-02	0.005989	0.251073	0.257835	0.245243	0.256832	1705600.000000
2013-08-01	0.007163	0.259095	0.261209	0.252754	0.304993	1340400.000000
2013-07-31	0.000188	0.240540	0.255104	0.240540	0.008018	1102800.000000
2013-07-30	0.004165	0.260568	0.261275	0.249953	0.176583	1348800.000000
2013-07-29	-0.009749	0.244074	0.244074	0.229825	-0.417359	1470300.000000
2013-07-26	0.003009	0.244537	0.250863	0.238914	0.128422	1359300.000000
2013-07-25	0.003964	0.237475	0.250882	0.237004	0.168541	1140000.000000
2013-07-24	0.003220	0.253966	0.258213	0.243819	0.136448	1158800.000000
2013-07-23	-0.000379	0.246886	0.248538	0.238394	-0.016052	1073900.000000
2013-07-22	0.015965	0.267272	0.272304	0.264875	0.666164	2578900.000000
2013-07-19	0.000192	0.245943	0.251695	0.243066	0.008022	1329400.000000
2013-07-18	0.017420	0.264965	0.273988	0.263502	0.714325	2097500.000000
2013-07-17	0.003733	0.259895	0.259895	0.246922	0.152493	1040600.000000
2013-07-16	0.004539	0.256516	0.257254	0.249877	0.184601	1550900.000000
2013-07-15	0.003963	0.254830	0.256064	0.249893	0.160511	1060300.000000
2013-07-12	0.003979	0.247925	0.251395	0.240490	0.160522	662500.000000
2013-07-11	0.017200	0.266868	0.270650	0.260565	0.682217	1462300.000000
2013-07-10	0.007338	0.243403	0.259657	0.241372	0.288944	822400.000000
2013-07-09	0.002042	0.251032	0.251541	0.239072	0.080254	2739900.000000
2013-07-08	0.012617	0.258570	0.267074	0.257797	0.489597	798900.000000
2013-07-05	0.003320	0.248528	0.250597	0.235084	0.128414	756200.000000
2013-07-03	0.000208	0.234047	0.250598	0.233271	0.008030	652500.000000
2013-07-02	-0.013918	0.232172	0.235998	0.222482	-0.545784	1270400.000000
2013-07-01	0.003286	0.247478	0.255409	0.246966	0.128422	1025800.000000
2013-06-28	0.004538	0.248770	0.255709	0.244144	0.176567	1149700.000000
2013-06-27	0.016352	0.257175	0.269712	0.256391	0.626037	1489500.000000
2013-06-26	0.006117	0.254352	0.257243	0.246206	0.232758	904900.000000
2013-06-25	0.005941	0.253609	0.258632	0.243035	0.224728	1101200.000000
2013-06-24	-0.015047	0.221727	0.238392	0.218342	-0.577874	2072700.000000
2013-06-21	-0.010341	0.230481	0.234862	0.218885	-0.401298	2140400.000000
2013-06-20	-0.028532	0.211896	0.218906	0.201883	-1.139710	2281000.000000
2013-06-19	-0.016986	0.236099	0.243728	0.218627	-0.690239	1414800.000000
2013-06-18	0.008436	0.266877	0.279781	0.266629	0.339951	1222300.000000
2013-06-17	0.017365	0.287867	0.298723	0.286857	0.687809	1647100.000000
2013-06-14	0.003003	0.264132	0.271729	0.260587	0.118587	1420500.000000
2013-06-13	0.008073	0.268210	0.278932	0.265913	0.316231	937700.000000
2013-06-12	-0.006018	0.270981	0.271489	0.256011	-0.237167	971300.000000
2013-06-11	-0.004593	0.254788	0.263376	0.251505	-0.181847	1240900.000000
2013-06-10	0.005421	0.270478	0.276065	0.262098	0.213459	919400.000000
2013-06-07	-0.003401	0.255781	0.271472	0.249960	-0.134392	954900.000000
2013-06-06	0.004825	0.261077	0.271249	0.256499	0.189732	873800.000000
2013-06-05	-0.017190	0.250645	0.254394	0.240148	-0.687805	1178500.000000
2013-06-04	0.000000	0.267391	0.270640	0.256394	0.000000	1017300.000000
2013-06-03	0.015246	0.275295	0.291281	0.269459	0.600853	1025900.000000
2013-05-31	-0.028644	0.255772	0.257744	0.228660	-1.162159	1496200.000000
2013-05-30	0.000780	0.265138	0.269578	0.261192	0.031628	1167800.000000
2013-05-29	0.000781	0.268594	0.269088	0.249587	0.031620	1099600.000000
2013-05-28	0.002151	0.287156	0.287651	0.267118	0.086959	1358000.000000
2013-05-24	0.005902	0.270864	0.273352	0.264145	0.237175	1058900.000000
2013-05-23	0.008132	0.265393	0.282954	0.261630	0.324131	1631900.000000
2013-05-22	-0.013114	0.259693	0.273062	0.248304	-0.529674	1296600.000000
2013-05-21	0.008687	0.267139	0.283372	0.260396	0.347851	2120200.000000
2013-05-20	0.006958	0.257347	0.278722	0.257096	0.276699	1179200.000000
2013-05-17	0.014931	0.279695	0.286841	0.273569	0.585033	1311200.000000
2013-05-16	-0.010976	0.245960	0.257571	0.245960	-0.434822	1346000.000000
2013-05-15	-0.009880	0.243897	0.256144	0.241898	-0.395294	1146300.000000
2013-05-14	0.002377	0.253618	0.270904	0.253618	0.094871	1224600.000000
2013-05-13	0.002383	0.265645	0.267905	0.257609	0.094876	615700.000000
2013-05-10	-0.005332	0.255400	0.259896	0.248906	-0.213459	614400.000000
2013-05-09	-0.004717	0.265140	0.266383	0.252213	-0.189739	702500.000000
2013-05-08	0.006727	0.271399	0.278907	0.268896	0.268798	972000.000000
2013-05-07	0.005171	0.272187	0.276212	0.263885	0.205555	934300.000000
2013-05-06	0.000199	0.264892	0.268917	0.258098	0.007901	1029400.000000
2013-05-03	0.015556	0.277668	0.290445	0.277157	0.608749	933900.000000
2013-05-02	-0.004825	0.261585	0.265909	0.256499	-0.189747	2050300.000000
2013-05-01	-0.009952	0.263885	0.266654	0.246009	-0.395279	1512000.000000
2013-04-30	0.010865	0.277108	0.282452	0.274817	0.426907	1529600.000000
2013-04-29	0.016776	0.284299	0.294392	0.283006	0.648273	1803300.000000
2013-04-26	-0.004075	0.258191	0.263087	0.252521	-0.158119	1910300.000000
2013-04-25	0.008839	0.283611	0.291931	0.276072	0.339958	1613400.000000
2013-04-24	0.015234	0.291816	0.299998	0.284161	0.577133	2847500.000000
2013-04-23	0.021530	0.278374	0.298327	0.277026	0.798481	1189200.000000
2013-04-22	0.010338	0.270067	0.283144	0.262439	0.379471	1538700.000000
2013-04-19	0.005196	0.274476	0.278310	0.267630	0.189755	2576200.000000
2013-04-18	-0.004955	0.264891	0.267616	0.252629	-0.181847	1985400.000000
2013-04-17	-0.030493	0.242172	0.242172	0.213377	-1.154243	2917500.000000
2013-04-16	0.010127	0.285706	0.286774	0.267560	0.379482	1603100.000000
2013-04-15	-0.029683	0.240034	0.241070	0.225016	-1.146347	2048300.000000
2013-04-12	-0.009329	0.256683	0.260274	0.245653	-0.363671	1056300.000000
2013-04-11	0.010244	0.266705	0.282772	0.265150	0.395287	1595800.000000
2013-04-10	0.001231	0.272157	0.278384	0.262037	0.047443	2024600.000000
2013-04-09	0.014779	0.273054	0.288062	0.265418	0.561314	1113000.000000
2013-04-08	-0.002906	0.266467	0.266992	0.255178	-0.110683	1498000.000000
2013-04-05	-0.002071	0.257556	0.265153	0.251792	-0.079064	1973500.000000
2013-04-04	0.000000	0.260176	0.269345	0.255460	0.000000	1732500.000000
2013-04-03	-0.010656	0.260744	0.263595	0.247007	-0.411102	1615300.000000
2013-04-02	0.014975	0.280939	0.294883	0.278835	0.569221	2110300.000000
2013-04-01	0.002084	0.267791	0.272537	0.262782	0.079056	1286700.000000
2013-03-28	-0.004358	0.260954	0.269879	0.255705	-0.166019	2503900.000000
2013-03-27	-0.012298	0.233263	0.249336	0.231448	-0.474346	3609700.000000
2013-03-26	-0.000410	0.264373	0.265928	0.252452	-0.015820	2982900.000000
2013-03-25	-0.015927	0.269992	0.271267	0.238370	-0.624554	2150400.000000
2013-03-22	0.003642	0.269754	0.278968	0.265403	0.142300	1733400.000000
2013-03-21	-0.015930	0.245498	0.256580	0.242475	-0.632462	2791400.000000
2013-03-20	0.007422	0.276310	0.280877	0.266668	0.292523	809600.000000
2013-03-19	-0.003000	0.263374	0.265904	0.247436	-0.118591	1721500.000000
2013-03-18	-0.015942	0.238752	0.255680	0.238005	-0.640381	1561200.000000
2013-03-15	-0.000590	0.257925	0.264145	0.251208	-0.023701	1251300.000000
2013-03-14	0.012345	0.271692	0.280507	0.265395	0.490150	1036600.000000
2013-03-13	-0.006194	0.256806	0.260811	0.249297	-0.247455	1075900.000000
2013-03-12	-0.001944	0.282593	0.289588	0.278846	-0.077809	1376400.000000
2013-03-11	0.008034	0.283077	0.295416	0.281314	0.319035	1093600.000000
2013-03-08	-0.007198	0.277091	0.282091	0.267090	-0.287910	1351200.000000
2013-03-07	0.006265	0.282072	0.294149	0.279557	0.249008	1325500.000000
2013-03-06	0.004523	0.285092	0.291157	0.281048	0.178978	2249300.000000
2013-03-05	0.016390	0.297678	0.308723	0.294596	0.638088	1287200.000000
2013-03-04	-0.000799	0.276878	0.286888	0.272772	-0.031132	1107300.000000
2013-03-01	0.001000	0.275843	0.290744	0.265566	0.038910	1454000.000000
2013-02-28	-0.000599	0.277389	0.293565	0.275334	-0.023346	906900.000000
2013-02-27	0.018519	0.286661	0.311505	0.284830	0.708126	1476800.000000
2013-02-26	-0.002639	0.286657	0.292395	0.266573	-0.101162	3065600.000000
2013-02-25	-0.023777	0.317938	0.320230	0.252754	-0.933788	2526500.000000
2013-02-22	0.019596	0.296774	0.310534	0.291063	0.754810	1785900.000000
2013-02-21	-0.018441	0.261902	0.265470	0.252729	-0.723682	2766700.000000
2013-02-20	-0.020967	0.274863	0.276359	0.253157	-0.840412	2043500.000000
2013-02-19	0.030406	0.314140	0.325709	0.311056	1.182800	2673200.000000
2013-02-15	-0.013420	0.271142	0.272918	0.259476	-0.529148	3798500.000000
2013-02-14	-0.024639	0.247986	0.258128	0.244770	-0.996037	3687800.000000
2013-02-13	0.010700	0.294092	0.302343	0.291092	0.427987	864400.000000
2013-02-12	0.003318	0.285092	0.297885	0.282834	0.132286	794200.000000
2013-02-11	-0.006015	0.278359	0.279107	0.269134	-0.241227	1891700.000000
2013-02-08	-0.003673	0.276148	0.284843	0.273664	-0.147850	1721300.000000
2013-02-07	-0.023778	0.275876	0.277816	0.247744	-0.980476	1990000.000000
2013-02-06	-0.011011	0.259908	0.270941	0.255111	-0.459106	1484600.000000
2013-02-05	0.008850	0.291867	0.301787	0.288479	0.365734	886100.000000
2013-02-04	-0.032957	0.260756	0.265202	0.234783	-1.408463	1712700.000000
2013-02-01	0.011604	0.298821	0.306632	0.294086	0.490231	2347600.000000
2013-01-31	-0.007132	0.286502	0.291907	0.268875	-0.303479	3343300.000000
2013-01-30	0.005702	0.296200	0.308255	0.292419	0.241230	2472800.000000
2013-01-29	0.020458	0.294740	0.314276	0.294016	0.848195	1739600.000000
2013-01-28	-0.004298	0.284371	0.284611	0.275726	-0.178975	1110900.000000
2013-01-25	0.010194	0.301831	0.305470	0.294553	0.420189	1006100.000000
2013-01-24	0.003981	0.283387	0.297027	0.281438	0.163422	821800.000000
2013-01-23	-0.000568	0.276328	0.284361	0.270972	-0.023342	864000.000000
2013-01-22	0.001898	0.282652	0.291677	0.278262	0.077808	923700.000000
2013-01-18	-0.008095	0.277108	0.278560	0.263319	-0.334598	1744400.000000
2013-01-17	0.003210	0.292372	0.292858	0.284849	0.132274	786100.000000
2013-01-16	-0.004699	0.276879	0.285092	0.274946	-0.194526	773000.000000
2013-01-15	0.005481	0.282177	0.293350	0.281206	0.225662	872100.000000
2013-01-14	0.000567	0.285334	0.288494	0.280231	0.023334	1107100.000000
2013-01-11	0.009546	0.290244	0.298340	0.283620	0.389088	1160800.000000
2013-01-10	0.016101	0.304536	0.308774	0.299052	0.645863	1185200.000000
2013-01-09	-0.000582	0.285341	0.292317	0.284095	-0.023342	822200.000000
2013-01-08	-0.002128	0.282357	0.284346	0.275893	-0.085591	1092500.000000
2013-01-07	-0.011852	0.258805	0.270106	0.256594	-0.482456	1306600.000000
2013-01-04	0.002491	0.277457	0.289032	0.276964	0.101162	881600.000000
2013-01-03	-0.007419	0.273847	0.282892	0.270913	-0.303486	1197000.000000
2013-01-02	0.010767	0.307082	0.309553	0.295469	0.435764	1178200.000000
2012-12-31	0.011278	0.283842	0.305581	0.280094	0.451332	1215000.000000
2012-12-28	-0.018512	0.264491	0.267679	0.256888	-0.754821	831200.000000
2012-12-27	0.016686	0.315760	0.315760	0.296810	0.669223	1697800.000000
2012-12-26	-0.001743	0.290567	0.290567	0.279616	-0.070034	566600.000000
2012-12-24	0.000581	0.285091	0.287333	0.278367	0.023343	434500.000000
2012-12-21	-0.002706	0.272921	0.285588	0.271431	-0.108937	1713800.000000
2012-12-20	-0.000580	0.290056	0.291049	0.275907	-0.023353	2668800.000000
2012-12-19	0.002712	0.300524	0.301021	0.288078	0.108947	1607000.000000
2012-12-18	0.008596	0.291619	0.299401	0.289108	0.342392	1224700.000000
2012-12-17	0.006488	0.292419	0.303284	0.292419	0.256787	1696900.000000
2012-12-14	-0.000786	0.277012	0.285344	0.269943	-0.031132	1386900.000000
2012-12-13	0.002561	0.289648	0.295216	0.280535	0.101162	1472000.000000
2012-12-12	0.018762	0.308171	0.313070	0.303529	0.727577	1700300.000000
2012-12-11	0.012405	0.323093	0.329881	0.321005	0.475166	1523200.000000
2012-12-10	0.004421	0.307965	0.311636	0.305605	0.168602	959900.000000
2012-12-07	-0.011718	0.287715	0.291343	0.278386	-0.452159	1764800.000000
2012-12-06	-0.001587	0.301973	0.305077	0.293693	-0.061318	953800.000000
2012-12-05	0.002585	0.305078	0.311563	0.297296	0.099636	1728400.000000
2012-12-04	0.006604	0.319180	0.323619	0.311086	0.252903	1564200.000000
2012-12-03	-0.003788	0.320427	0.320947	0.299876	-0.145614	1252300.000000
2012-11-30	0.002198	0.313943	0.318115	0.302994	0.084304	1603100.000000
2012-11-29	0.007448	0.311648	0.319264	0.305082	0.283570	1453500.000000
2012-11-28	0.012431	0.300032	0.321837	0.297373	0.467487	1451700.000000
2012-11-27	-0.017027	0.285999	0.289920	0.279203	-0.651424	2383300.000000
2012-11-26	-0.001201	0.294115	0.305341	0.292026	-0.045987	1053700.000000
2012-11-23	0.017094	0.318361	0.328451	0.317564	0.643765	969000.000000
2012-11-21	0.005113	0.306954	0.313359	0.303217	0.191593	1017800.000000
2012-11-20	-0.001022	0.291754	0.306952	0.290155	-0.038315	1767800.000000
2012-11-19	0.031836	0.323801	0.350211	0.322700	1.157250	2609000.000000
2012-11-16	-0.002733	0.304819	0.306739	0.289181	-0.099632	3411400.000000
2012-11-15	0.001053	0.315255	0.324593	0.302073	0.038330	2825000.000000
2012-11-14	-0.002938	0.316320	0.319058	0.298795	-0.107296	1655600.000000
2012-11-13	-0.009356	0.288542	0.311058	0.286372	-0.344887	2659300.000000
2012-11-12	-0.001039	0.305902	0.308070	0.299399	-0.038323	2006600.000000
2012-11-09	0.005639	0.306181	0.322532	0.303183	0.206917	1514900.000000
2012-11-08	-0.017846	0.290097	0.298127	0.278856	-0.666748	2632000.000000
2012-11-07	-0.028691	0.262182	0.269722	0.254903	-1.103603	3944200.000000
2012-11-06	0.004202	0.298031	0.312129	0.296726	0.160949	1713400.000000
2012-11-05	-0.008727	0.289809	0.296020	0.285409	-0.337215	1653300.000000
2012-11-02	-0.006307	0.311505	0.312276	0.294018	-0.245247	1140100.000000
2012-11-01	0.006746	0.308443	0.317246	0.303265	0.260578	1594800.000000
2012-10-31	0.007194	0.336891	0.338977	0.311859	0.275898	2494900.000000
2012-10-26	0.001201	0.310823	0.316828	0.302730	0.045986	1553000.000000
2012-10-25	-0.003589	0.307420	0.311842	0.293113	-0.137950	1793400.000000
2012-10-24	0.001197	0.310809	0.313152	0.303256	0.045974	1658900.000000
2012-10-23	-0.029446	0.264627	0.272716	0.251230	-1.164913	3889200.000000
2012-10-22	0.004476	0.312944	0.314467	0.300756	0.176277	1508100.000000
2012-10-19	-0.011541	0.303313	0.304317	0.283486	-0.459831	1433100.000000
2012-10-18	-0.005737	0.295586	0.307065	0.292841	-0.229916	1395700.000000
2012-10-17	0.014551	0.321527	0.331148	0.317223	0.574780	2042200.000000
2012-10-16	0.026489	0.325608	0.343020	0.321450	1.019306	2557800.000000
2012-10-15	0.011890	0.316126	0.320333	0.305344	0.452168	1663200.000000
2012-10-12	-0.003214	0.308226	0.314517	0.294858	-0.122620	1761300.000000
2012-10-11	0.012612	0.324725	0.333484	0.320213	0.475159	1969300.000000
2012-10-10	-0.005663	0.302443	0.309569	0.294262	-0.214585	2110300.000000
2012-10-09	-0.009814	0.305603	0.306387	0.289400	-0.375530	2823700.000000
2012-10-08	-0.006764	0.294177	0.297291	0.289245	-0.260574	1837700.000000
2012-10-05	0.003994	0.316024	0.324103	0.307946	0.153278	2125900.000000
2012-10-04	0.004615	0.305342	0.312411	0.295917	0.176273	2079100.000000
2012-10-03	-0.014825	0.294760	0.296823	0.280058	-0.574794	2834300.000000
2012-10-02	0.003969	0.316471	0.318025	0.304300	0.153270	1485500.000000
2012-10-01	0.005788	0.306902	0.325393	0.306381	0.222252	1722200.000000
2012-09-28	-0.028505	0.280023	0.283818	0.260034	-1.126579	3240100.000000
2012-09-27	0.010384	0.302773	0.320413	0.294848	0.406181	1932000.000000
2012-09-26	-0.018462	0.290014	0.293778	0.277970	-0.735733	2820800.000000
2012-09-25	-0.006686	0.301828	0.316783	0.295846	-0.268238	1604100.000000
2012-09-24	0.001914	0.305818	0.311561	0.300324	0.076638	1447000.000000
2012-09-21	0.001726	0.312574	0.316826	0.305569	0.068981	1853900.000000
2012-09-20	-0.019365	0.261889	0.282495	0.261153	-0.789387	2869100.000000
2012-09-19	0.004191	0.314968	0.320141	0.304375	0.170143	2594300.000000
2012-09-18	-0.005560	0.313047	0.318436	0.309127	-0.226948	2161900.000000
2012-09-17	-0.010090	0.321138	0.326230	0.304890	-0.416088	2792300.000000
2012-09-14	0.015273	0.342547	0.355842	0.339592	0.620339	3136400.000000
2012-09-13	0.017049	0.326122	0.350912	0.318860	0.680851	2776500.000000
2012-09-12	0.002659	0.333163	0.334168	0.316593	0.105915	3396400.000000
2012-09-11	0.024917	0.334731	0.361493	0.332930	0.968322	3388300.000000
2012-09-10	-0.009067	0.319315	0.326455	0.309116	-0.355564	2293300.000000
2012-09-07	0.015077	0.350337	0.352408	0.338172	0.582516	2494000.000000
2012-09-06	0.031926	0.344568	0.366203	0.343767	1.195278	3148800.000000
2012-09-05	-0.003021	0.318138	0.323996	0.310149	-0.113464	3099400.000000
