2017-09-01	0.001374	0.005497	0.005497	-0.001031	0.080002	1037700.000000
2017-08-31	0.009889	0.003470	0.011797	0.002949	0.570000	987200.000000
2017-08-30	-0.008259	-0.003957	-0.002925	-0.011356	-0.480000	2083500.000000
2017-08-29	0.000000	-0.001032	0.002409	-0.002237	0.000000	871400.000000
2017-08-28	0.001551	0.005687	0.006548	0.001379	0.090000	686200.000000
2017-08-25	0.006417	0.003295	0.008845	0.002081	0.369999	553400.000000
2017-08-24	-0.003112	0.002766	0.004495	-0.003804	-0.180000	798800.000000
2017-08-23	-0.001381	-0.002590	0.000518	-0.004662	-0.079998	557400.000000
2017-08-22	0.005730	0.003299	0.006598	0.002084	0.329998	1157000.000000
2017-08-21	0.006994	0.003147	0.008218	0.001749	0.400001	941800.000000
2017-08-18	0.002454	0.001578	0.004733	-0.000526	0.140000	584000.000000
2017-08-17	-0.008516	-0.000695	0.001043	-0.009037	-0.490002	713300.000000
2017-08-16	-0.000695	0.000174	0.002605	-0.003126	-0.040001	1252700.000000
2017-08-15	0.005589	-0.001222	0.005763	-0.002794	0.320004	818100.000000
2017-08-14	0.009165	0.008460	0.011103	0.006345	0.519996	702400.000000
2017-08-11	0.000882	0.006703	0.007409	-0.000529	0.050003	1044600.000000
2017-08-10	-0.016652	-0.013530	-0.011448	-0.017173	-0.960003	938900.000000
2017-08-09	0.007515	-0.001573	0.007515	-0.004194	0.430001	1178400.000000
2017-08-08	-0.001047	-0.000873	0.001397	-0.002619	-0.059998	748400.000000
2017-08-07	0.007032	0.000527	0.007384	0.000527	0.399998	840500.000000
2017-08-04	0.002821	0.002645	0.004760	-0.000882	0.160000	763900.000000
2017-08-03	0.001943	0.002473	0.007772	0.001060	0.110000	815400.000000
2017-08-02	0.003617	0.000603	0.005212	-0.002411	0.204003	1119400.000000
2017-08-01	-0.002983	0.004865	0.009637	0.003274	-0.168762	945600.000000
2017-07-31	0.003345	0.013724	0.014256	0.007694	0.188617	999400.000000
2017-07-28	-0.004905	-0.000249	0.004163	-0.006779	-0.277961	1041500.000000
2017-07-27	0.000000	0.012105	0.013869	0.002751	0.000000	712900.000000
2017-07-26	0.007590	0.011963	0.015875	0.009296	0.426864	1326700.000000
2017-07-25	0.002655	0.015898	0.016432	0.007518	0.148911	1114400.000000
2017-07-24	-0.010335	-0.001659	-0.000600	-0.007658	-0.585701	1095100.000000
2017-07-21	0.004045	0.009466	0.011414	0.001848	0.228321	1561200.000000
2017-07-20	0.016992	0.019771	0.028240	0.017790	0.943081	1472300.000000
2017-07-19	0.001254	0.014556	0.016360	0.007881	0.069488	1518700.000000
2017-07-18	0.000000	0.006257	0.009865	0.005536	0.000000	1012300.000000
2017-07-17	-0.001431	0.007160	0.008240	0.003557	-0.079414	907200.000000
2017-07-14	0.011394	0.014081	0.019547	0.012623	0.625408	778200.000000
2017-07-13	0.008942	0.017082	0.017817	0.013038	0.486431	1367200.000000
2017-07-12	0.008651	0.018093	0.019762	0.015869	0.466572	1606700.000000
2017-07-11	0.005739	0.009764	0.015731	0.009018	0.307743	1662700.000000
2017-07-10	0.005584	0.016716	0.019341	0.011277	0.297813	1422000.000000
2017-07-07	0.004675	0.012426	0.015064	0.009224	0.248177	1054000.000000
2017-07-06	-0.005024	0.002091	0.006027	-0.001095	-0.268032	1242300.000000
2017-07-05	-0.001672	0.003971	0.009772	0.002661	-0.089344	1463200.000000
2017-07-03	-0.005358	0.002128	0.004920	0.001197	-0.287884	753100.000000
2017-06-30	0.010078	0.019184	0.019748	0.012416	0.536060	1749300.000000
2017-06-29	-0.028115	-0.001431	-0.001066	-0.023723	-1.538703	2230900.000000
2017-06-28	0.006757	0.013226	0.017641	0.010835	0.367305	1847200.000000
2017-06-27	-0.001277	0.008442	0.010463	0.005135	-0.069492	1477000.000000
2017-06-26	0.008832	0.027171	0.027171	0.015865	0.476505	1821200.000000
2017-06-23	0.000552	0.010307	0.013089	0.005856	0.029782	1778100.000000
2017-06-22	-0.003486	0.006601	0.008079	0.002905	-0.188614	969100.000000
2017-06-21	0.002759	0.009563	0.011787	0.008451	0.148903	1001000.000000
2017-06-20	-0.009295	0.008992	0.010828	-0.003308	-0.506283	1019800.000000
2017-06-19	0.003291	0.010655	0.013050	0.008076	0.178692	1679900.000000
2017-06-16	0.009599	0.019055	0.019241	0.010873	0.516208	2707000.000000
2017-06-15	0.002406	0.002307	0.012373	0.000443	0.129052	2362800.000000
2017-06-14	-0.003504	0.011984	0.013470	0.001767	-0.188614	2019100.000000
2017-06-13	-0.002575	0.005116	0.008451	0.002152	-0.138981	2063600.000000
2017-06-12	-0.009654	0.002019	0.002753	-0.003486	-0.526139	1821000.000000
2017-06-09	-0.007592	0.002423	0.004062	-0.006499	-0.416938	2062500.000000
2017-06-08	-0.016359	-0.004840	-0.003407	-0.013617	-0.913300	1717300.000000
2017-06-07	-0.000711	0.009846	0.010919	0.004834	-0.039703	1532000.000000
2017-06-06	-0.002835	0.002699	0.006626	0.001985	-0.158837	963700.000000
2017-06-05	0.000532	0.002697	0.008054	0.001982	0.029782	799900.000000
2017-06-02	0.005884	0.009495	0.013627	0.007160	0.327594	1288700.000000
2017-06-01	0.008270	0.016033	0.016033	0.006434	0.456650	1552600.000000
2017-05-31	0.005787	0.019362	0.021366	0.011712	0.317669	1878000.000000
2017-05-30	0.003084	0.004051	0.012639	0.004051	0.168759	1245000.000000
2017-05-26	-0.004514	-0.001209	0.003702	-0.001209	-0.248177	750200.000000
2017-05-25	0.014100	0.019514	0.022834	0.017116	0.764389	1321000.000000
2017-05-24	0.007565	0.016818	0.017190	0.009198	0.407013	1686100.000000
2017-05-23	-0.005139	0.010113	0.010668	0.000498	-0.277958	1747500.000000
2017-05-22	0.011324	0.016876	0.022112	0.015380	0.605553	1030400.000000
2017-05-19	0.012023	0.017559	0.022858	0.016423	0.635338	929800.000000
2017-05-18	-0.005976	0.001884	0.003201	-0.002818	-0.317669	947100.000000
2017-05-17	0.000935	0.013930	0.017131	0.008093	0.049636	1548300.000000
2017-05-16	0.006017	0.017000	0.017758	0.012454	0.317666	1044200.000000
2017-05-15	0.007770	0.012112	0.015357	0.010394	0.407013	881500.000000
2017-05-12	-0.000757	0.002571	0.007340	0.002571	-0.039708	892100.000000
2017-05-11	0.002468	0.008678	0.010590	0.004280	0.129052	1166500.000000
2017-05-10	0.009582	0.014289	0.017764	0.013517	0.496356	1616300.000000
2017-05-09	-0.001340	0.014087	0.014280	0.004255	-0.069488	2427400.000000
2017-05-08	0.010443	0.018444	0.021560	0.016106	0.536068	2436200.000000
2017-05-05	-0.001352	0.006172	0.007145	0.003449	-0.069492	850000.000000
2017-05-04	0.007001	0.009691	0.015372	0.008907	0.357380	1324000.000000
2017-05-03	0.000058	0.004852	0.010533	0.002696	0.002975	989300.000000
2017-05-02	0.011521	0.029310	0.030895	0.025148	0.581371	1590600.000000
2017-05-01	-0.002532	0.013855	0.015832	0.011681	-0.128097	761600.000000
2017-04-28	0.003518	0.016034	0.019802	0.015042	0.177368	977800.000000
2017-04-27	-0.001172	0.016032	0.016626	0.011871	-0.059128	730700.000000
2017-04-26	-0.005244	0.014843	0.015237	0.008733	-0.266052	1457800.000000
2017-04-25	0.001946	0.017806	0.018595	0.014053	0.098545	906200.000000
2017-04-24	0.025748	0.041987	0.043607	0.036923	1.271130	2324600.000000
2017-04-21	-0.006741	0.010216	0.012831	0.007600	-0.335026	1294100.000000
2017-04-20	0.004581	0.032832	0.033236	0.019290	0.226639	1425300.000000
2017-04-19	-0.008491	0.012438	0.015044	0.005024	-0.423714	1523800.000000
2017-04-18	-0.000197	0.014843	0.016847	0.010235	-0.009857	1437800.000000
2017-04-17	0.004960	0.017461	0.020884	0.017461	0.246345	749500.000000
2017-04-13	-0.007874	0.010248	0.011847	0.006453	-0.394150	762100.000000
2017-04-12	0.007337	0.015447	0.023295	0.015044	0.364590	1325900.000000
2017-04-11	0.003382	0.018680	0.021103	0.014843	0.167511	1913800.000000
2017-04-10	0.002593	0.012211	0.021119	0.011807	0.128098	1000400.000000
2017-04-07	0.011705	0.018939	0.029999	0.018735	0.571518	1476100.000000
2017-04-06	0.008959	0.028482	0.028482	0.023316	0.433563	1811600.000000
2017-04-05	-0.002235	0.014225	0.018967	0.012575	-0.108387	1233100.000000
2017-04-04	0.000000	0.008452	0.014843	0.008452	0.000000	2238300.000000
2017-04-03	-0.002432	0.012581	0.014638	0.006204	-0.118248	3082500.000000
2017-03-31	-0.005843	0.008095	0.013616	0.003801	-0.285759	2954600.000000
2017-03-30	-0.008590	0.008964	0.011397	0.005923	-0.423710	1293000.000000
2017-03-29	-0.002391	0.008574	0.014034	0.008169	-0.118244	1329300.000000
2017-03-28	-0.002386	0.009194	0.013633	0.008992	-0.118244	1404000.000000
2017-03-27	0.002591	0.022732	0.023744	0.016057	0.128101	1932900.000000
2017-03-24	0.003199	0.022555	0.023163	0.015452	0.157658	1034700.000000
2017-03-23	-0.002792	0.011201	0.018890	0.010594	-0.137955	1751500.000000
2017-03-22	0.002198	0.018697	0.019913	0.014032	0.108391	1494200.000000
2017-03-21	-0.003187	0.021110	0.022323	0.011204	-0.157658	2054400.000000
2017-03-20	0.005609	0.023178	0.024805	0.019316	0.275906	1152800.000000
2017-03-17	-0.001800	0.018090	0.019105	0.012611	-0.088684	1471400.000000
2017-03-16	0.007048	0.021178	0.024039	0.018113	0.344879	1465900.000000
2017-03-15	0.014297	0.014429	0.032669	0.011527	0.689766	1938800.000000
2017-03-14	0.003690	0.019004	0.026494	0.017756	0.177364	1293400.000000
2017-03-13	-0.007326	0.009474	0.012778	0.005550	-0.354732	1012300.000000
2017-03-10	0.010695	0.022358	0.028411	0.020479	0.512393	1746700.000000
2017-03-09	0.022288	0.028926	0.040236	0.027219	1.044491	2866000.000000
2017-03-08	-0.003144	0.009526	0.014843	0.008249	-0.147800	2154500.000000
2017-03-07	0.002521	0.017189	0.020601	0.014417	0.118240	1101500.000000
2017-03-06	-0.000840	0.011860	0.015056	0.009943	-0.039413	1346900.000000
2017-03-03	0.007403	0.015058	0.023429	0.010121	0.344883	1730500.000000
2017-03-02	-0.005887	0.003961	0.012923	0.003321	-0.275910	1980200.000000
2017-03-01	0.001685	0.015698	0.021042	0.015271	0.078835	1549800.000000
2017-02-28	-0.003986	0.011650	0.016972	0.010160	-0.187222	2446100.000000
2017-02-27	0.011672	0.022381	0.030135	0.020443	0.541954	2569000.000000
2017-02-24	0.004691	0.021768	0.023066	0.015276	0.216782	1473800.000000
2017-02-23	-0.000639	0.017438	0.025007	0.013330	-0.029560	2347900.000000
2017-02-22	0.045910	0.045829	0.084731	0.040401	2.029869	11407700.000000
2017-02-21	-0.075417	-0.069640	-0.058975	-0.072986	-3.606468	10931400.000000
2017-02-17	0.140005	0.126888	0.163839	0.098281	5.872829	37033800.000000
2017-02-16	0.009485	0.015806	0.025673	0.014362	0.394150	1787100.000000
2017-02-15	0.011999	0.011677	0.029943	0.011677	0.492691	1838500.000000
2017-02-14	-0.003825	0.012660	0.013873	0.005867	-0.157665	1039400.000000
2017-02-13	0.001436	0.017030	0.018488	0.013385	0.059124	1074800.000000
2017-02-10	-0.007367	0.003508	0.010743	0.002302	-0.305466	1033300.000000
2017-02-09	0.001666	0.014843	0.020641	0.013877	0.068977	1384600.000000
2017-02-08	0.016305	0.029181	0.031636	0.024516	0.664139	1937100.000000
2017-02-07	0.013126	0.033984	0.038710	0.031994	0.527710	2444900.000000
2017-02-06	-0.005559	0.017105	0.019331	0.015621	-0.224762	1249300.000000
2017-02-03	0.005102	0.031493	0.032239	0.026024	0.205219	2762100.000000
2017-02-02	0.001216	0.026774	0.030507	0.024285	0.048863	4913300.000000
2017-02-01	0.000000	0.020551	0.027520	0.016070	0.000000	3433200.000000
2017-01-31	0.005134	0.023289	0.029544	0.023039	0.205219	3173300.000000
2017-01-30	-0.004139	0.011329	0.019551	0.009336	-0.166130	3793600.000000
2017-01-27	0.013824	0.032635	0.038445	0.031372	0.547253	3478000.000000
2017-01-26	-0.048614	-0.026938	-0.024775	-0.031264	-2.022888	3252300.000000
2017-01-25	0.005194	0.024980	0.029570	0.022806	0.214996	1699000.000000
2017-01-24	0.001182	0.020145	0.026917	0.019661	0.048859	1874100.000000
2017-01-23	0.008582	0.025728	0.033778	0.024752	0.351806	1405300.000000
2017-01-20	0.009384	0.025997	0.033630	0.025997	0.381127	1524600.000000
2017-01-19	-0.001442	0.019355	0.023289	0.017142	-0.058640	2388400.000000
2017-01-18	0.000240	0.023043	0.026978	0.021567	0.009777	1720400.000000
2017-01-17	0.003618	0.023536	0.029953	0.022302	0.146588	1963200.000000
2017-01-13	-0.002646	0.020089	0.024273	0.014673	-0.107502	1272300.000000
2017-01-12	0.010207	0.030998	0.034728	0.028760	0.410446	1866300.000000
2017-01-11	0.006605	0.027294	0.032801	0.021036	0.263851	1581600.000000
2017-01-10	-0.007526	0.020059	0.020059	0.014842	-0.302940	1132100.000000
2017-01-09	0.006106	0.023789	0.031037	0.023789	0.244308	1102900.000000
2017-01-06	-0.006793	0.015345	0.017827	0.014103	-0.273632	1350600.000000
2017-01-05	0.007824	0.024790	0.035048	0.024039	0.312721	1649800.000000
2017-01-04	0.008880	0.028085	0.032628	0.026065	0.351807	1566700.000000
2017-01-03	-0.003931	0.014489	0.020272	0.010466	-0.156357	2536900.000000
2016-12-30	0.004442	0.029855	0.031875	0.025814	0.175903	1126900.000000
2016-12-29	0.006208	0.028117	0.032437	0.027863	0.244309	982600.000000
2016-12-28	-0.006170	0.016470	0.021268	0.015713	-0.244309	842900.000000
2016-12-27	0.001235	0.024047	0.026829	0.021772	0.048859	693800.000000
2016-12-23	0.000000	0.025564	0.026576	0.021519	0.000000	802100.000000
2016-12-22	0.006216	0.030158	0.032448	0.025579	0.244308	1625300.000000
2016-12-21	-0.003716	0.021768	0.026837	0.018473	-0.146583	1131500.000000
2016-12-20	0.006231	0.026094	0.031706	0.023544	0.244312	1475900.000000
2016-12-19	0.010579	0.035145	0.039785	0.030764	0.410435	1554000.000000
2016-12-16	0.003032	0.028718	0.032079	0.023547	0.117275	2084600.000000
2016-12-15	-0.016890	0.007530	0.008547	0.003464	-0.664524	2299400.000000
2016-12-14	-0.012993	0.020529	0.023289	0.008989	-0.517937	4019800.000000
2016-12-13	0.021794	0.039951	0.049948	0.039438	0.850197	1895300.000000
2016-12-12	0.001505	0.018668	0.026626	0.018411	0.058636	2425800.000000
2016-12-09	0.018395	0.033747	0.042897	0.032962	0.703613	2481200.000000
2016-12-08	-0.018063	0.007886	0.010709	0.003265	-0.703613	2029200.000000
2016-12-07	0.004283	0.020195	0.029219	0.018133	0.166134	2313000.000000
2016-12-06	-0.011211	0.018445	0.025583	0.008758	-0.439762	2843300.000000
2016-12-05	0.011848	0.035413	0.037218	0.028964	0.459308	2444900.000000
2016-12-02	0.012765	0.029298	0.039486	0.026685	0.488621	1285900.000000
2016-12-01	-0.020260	0.008188	0.009212	-0.002050	-0.791569	1990600.000000
2016-11-30	0.012408	0.056457	0.056716	0.035727	0.478848	3377400.000000
2016-11-29	0.000760	0.022770	0.026401	0.020696	0.029316	1256000.000000
2016-11-28	-0.010035	0.014304	0.017127	0.009683	-0.390896	1347300.000000
2016-11-25	0.019437	0.041347	0.046058	0.040038	0.742702	1004200.000000
2016-11-23	-0.002296	0.012844	0.023289	0.012844	-0.087951	1602300.000000
2016-11-22	0.000511	0.023811	0.026946	0.019370	0.019550	2038000.000000
2016-11-21	0.010057	0.027775	0.033844	0.027511	0.381123	5317400.000000
2016-11-18	-0.008438	0.011515	0.017271	0.009422	-0.322495	4143600.000000
2016-11-17	-0.001277	0.017540	0.023289	0.017017	-0.048862	1965800.000000
2016-11-16	-0.012856	0.006264	0.013487	0.004974	-0.498387	4709400.000000
2016-11-15	0.009158	0.025892	0.033701	0.024590	0.351803	1579700.000000
2016-11-14	-0.013551	0.011477	0.013274	0.003003	-0.527710	1971200.000000
2016-11-11	-0.006977	0.013599	0.023799	0.012834	-0.273628	1707300.000000
2016-11-10	-0.028329	-0.013629	-0.002975	-0.023044	-1.143372	4090000.000000
2016-11-09	-0.016901	-0.007646	0.009648	-0.007646	-0.693840	1688100.000000
2016-11-08	0.006228	0.023289	0.033338	0.023289	0.254082	1360200.000000
2016-11-07	0.011386	0.028990	0.036427	0.027255	0.459305	1172100.000000
2016-11-04	-0.008169	0.022551	0.024272	0.014192	-0.332268	1555600.000000
2016-11-03	-0.009755	0.019393	0.020124	0.012089	-0.400665	1141400.000000
2016-11-02	-0.002847	0.025231	0.025474	0.018919	-0.117272	1480400.000000
2016-11-01	0.011519	0.037286	0.038514	0.031638	0.469078	3371200.000000
2016-10-31	-0.001677	0.018631	0.024515	0.017650	-0.068409	782200.000000
2016-10-28	-0.000239	0.025005	0.028191	0.021573	-0.009769	1029200.000000
2016-10-27	-0.000479	0.028923	0.029413	0.020594	-0.019543	813000.000000
2016-10-26	-0.004410	0.018533	0.022923	0.016581	-0.180797	971700.000000
2016-10-25	-0.002828	0.031218	0.031947	0.026353	-0.116280	1148800.000000
2016-10-24	-0.002586	0.032433	0.033403	0.026368	-0.106594	740900.000000
2016-10-21	-0.005378	0.022779	0.028087	0.021572	-0.222881	1342000.000000
2016-10-20	0.007301	0.032919	0.040211	0.031461	0.300403	1363900.000000
2016-10-19	-0.009333	0.025928	0.028095	0.021594	-0.387619	959300.000000
2016-10-18	0.005631	0.044296	0.044296	0.037274	0.232571	1479500.000000
2016-10-17	-0.008837	0.024268	0.027387	0.020908	-0.368237	1339800.000000
2016-10-14	-0.013309	0.024133	0.030763	0.018213	-0.562046	2717700.000000
2016-10-13	-0.035200	-0.005748	0.004075	-0.008261	-1.540771	6139400.000000
2016-10-12	-0.014186	0.028569	0.029470	0.016633	-0.629875	3647400.000000
2016-10-11	-0.010581	0.032616	0.033061	0.018354	-0.474835	1426000.000000
2016-10-10	-0.001940	0.030835	0.035061	0.028611	-0.087215	666500.000000
2016-10-07	-0.007699	0.025106	0.028196	0.015837	-0.348854	1189800.000000
2016-10-06	-0.004471	0.021841	0.030409	0.021621	-0.203495	1152900.000000
2016-10-05	-0.016335	0.019845	0.021141	0.013577	-0.755860	1144200.000000
2016-10-04	0.003784	0.047783	0.048000	0.033900	0.174431	2029400.000000
2016-10-03	0.003586	0.034995	0.037172	0.031512	0.164734	1020100.000000
2016-09-30	0.007011	0.033920	0.043786	0.033920	0.319782	963500.000000
2016-09-29	-0.012794	0.027186	0.028701	0.015498	-0.591110	1143800.000000
2016-09-28	0.008034	0.039365	0.041765	0.033474	0.368237	1240400.000000
2016-09-27	0.013933	0.040353	0.049423	0.038141	0.629875	1289800.000000
2016-09-26	-0.007869	0.022949	0.026241	0.019437	-0.358547	712500.000000
2016-09-23	-0.009062	0.024770	0.026728	0.021726	-0.416684	768200.000000
2016-09-22	0.023953	0.057557	0.061565	0.054216	1.075634	1235200.000000
2016-09-21	0.000432	0.024818	0.033952	0.022145	0.019383	1404000.000000
2016-09-20	-0.003442	0.032391	0.034390	0.027951	-0.155045	931200.000000
2016-09-19	0.009996	0.045626	0.048765	0.040693	0.445759	1141400.000000
2016-09-16	-0.017297	0.015641	0.016963	0.010572	-0.784923	1046600.000000
2016-09-15	0.011447	0.035068	0.045320	0.031724	0.513591	1336800.000000
2016-09-14	0.000432	0.033285	0.039752	0.029940	0.019379	1460400.000000
2016-09-13	-0.015529	0.019874	0.024923	0.013288	-0.707401	1419900.000000
2016-09-12	0.012710	0.030613	0.046397	0.029947	0.571735	1305800.000000
2016-09-09	-0.022737	0.023909	0.024343	0.008484	-1.046566	1182100.000000
2016-09-08	-0.014114	0.024022	0.028092	0.016740	-0.658947	1151800.000000
2016-09-07	-0.004957	0.032800	0.033865	0.025554	-0.232567	1175200.000000
2016-09-06	-0.004318	0.024732	0.030674	0.021337	-0.203502	1297200.000000
2016-09-02	0.035121	0.065335	0.075659	0.061821	1.598922	2517600.000000
2016-09-01	0.011192	0.037500	0.044608	0.034613	0.503903	1140600.000000
2016-08-31	-0.002576	0.025744	0.030396	0.022864	-0.116291	1133800.000000
2016-08-30	-0.006187	0.031727	0.034149	0.024241	-0.281021	846500.000000
2016-08-29	0.004501	0.030842	0.037034	0.030399	0.203502	471000.000000
2016-08-26	-0.002991	0.032609	0.041870	0.025112	-0.135666	1341200.000000
2016-08-25	0.003000	0.034601	0.038582	0.033495	0.135666	962400.000000
2016-08-24	-0.004481	0.031507	0.031727	0.024021	-0.203502	1016400.000000
2016-08-23	0.000000	0.038552	0.040534	0.030846	0.000000	897000.000000
2016-08-22	-0.006360	0.021665	0.027572	0.020352	-0.290711	1061800.000000
2016-08-19	-0.003591	0.023228	0.028460	0.019522	-0.164737	766200.000000
2016-08-18	0.002329	0.034569	0.034569	0.029981	0.106594	665500.000000
2016-08-17	0.008111	0.036132	0.042300	0.031507	0.368236	935800.000000
2016-08-16	0.002997	0.034157	0.039017	0.031947	0.135666	1191700.000000
2016-08-15	-0.001710	0.030183	0.035476	0.027536	-0.077522	1153000.000000
2016-08-12	-0.005315	0.028656	0.031728	0.024708	-0.242268	781600.000000
2016-08-11	0.017741	0.045790	0.053828	0.043334	0.794617	1063100.000000
2016-08-10	-0.002590	0.032838	0.035733	0.026157	-0.116284	897700.000000
2016-08-09	0.008487	0.035316	0.043625	0.034867	0.377926	1130500.000000
2016-08-08	-0.004765	0.023677	0.027701	0.021889	-0.213184	1228700.000000
2016-08-05	0.001301	0.031947	0.038661	0.031500	0.058136	1066600.000000
2016-08-04	0.005451	0.032622	0.039148	0.032172	0.242260	895200.000000
2016-08-03	-0.016871	0.018961	0.021395	0.012767	-0.762630	1136800.000000
2016-08-02	0.010970	0.056307	0.056307	0.048479	0.490497	1604700.000000
2016-08-01	-0.006836	0.033981	0.038868	0.031982	-0.307766	1985200.000000
2016-07-29	0.006018	0.036181	0.050483	0.035064	0.269299	1026200.000000
2016-07-28	0.007579	0.049213	0.049213	0.042909	0.336616	1059500.000000
2016-07-27	-0.011558	0.033525	0.034638	0.022620	-0.519356	1455100.000000
2016-07-26	0.003868	0.046459	0.048693	0.039756	0.173115	1306800.000000
2016-07-25	-0.001287	0.038864	0.039756	0.033286	-0.057701	1805500.000000
2016-07-22	-0.001928	0.034635	0.042652	0.034412	-0.086555	1256600.000000
2016-07-21	-0.005326	0.035548	0.041307	0.030896	-0.240445	1709300.000000
2016-07-20	-0.000851	0.041306	0.045289	0.038207	-0.038471	1002700.000000
2016-07-19	-0.013647	0.026659	0.029496	0.022511	-0.625149	962500.000000
2016-07-18	0.004852	0.040853	0.046337	0.038221	0.221211	780300.000000
2016-07-15	-0.000633	0.041510	0.043045	0.036468	-0.028858	1232600.000000
2016-07-14	-0.003571	0.046091	0.046310	0.034296	-0.163498	2095100.000000
2016-07-13	0.006555	0.041735	0.051629	0.040636	0.298145	1002900.000000
2016-07-12	-0.004002	0.035596	0.041289	0.029683	-0.182732	1424000.000000
2016-07-11	0.000000	0.033844	0.043041	0.031654	0.000000	911700.000000
2016-07-08	0.004230	0.044375	0.047454	0.037777	0.192353	1070800.000000
2016-07-07	-0.000423	0.048110	0.049649	0.035140	-0.019230	1431600.000000
2016-07-06	-0.010667	0.019749	0.030405	0.013659	-0.490505	1707700.000000
2016-07-05	-0.004580	0.034994	0.041272	0.032613	-0.211583	1432500.000000
2016-07-01	0.002505	0.047352	0.048004	0.038672	0.115414	1566100.000000
2016-06-30	0.030322	0.050490	0.071732	0.048701	1.356079	2385900.000000
2016-06-29	0.023553	0.054862	0.069052	0.051887	1.029087	1788600.000000
2016-06-28	0.026203	0.067236	0.067236	0.052439	1.115647	1760400.000000
2016-06-27	0.000678	0.038111	0.042107	0.026830	0.028850	2306200.000000
2016-06-24	-0.066470	-0.014436	0.007504	-0.030014	-3.029556	3888200.000000
2016-06-23	0.022217	0.057699	0.063530	0.045588	0.990616	1449500.000000
2016-06-22	0.000216	0.042224	0.052095	0.038859	0.009620	2179000.000000
2016-06-21	0.022727	0.052146	0.069123	0.050540	0.990620	1485200.000000
2016-06-20	0.023256	0.075205	0.075205	0.063467	0.990612	1991300.000000
2016-06-17	-0.002253	0.035072	0.038585	0.025468	-0.096180	1615700.000000
2016-06-16	0.013933	0.032632	0.055431	0.029307	0.586682	1657100.000000
2016-06-15	0.003668	0.049768	0.054535	0.042617	0.153884	1523600.000000
2016-06-14	-0.017568	0.021959	0.026642	0.015636	-0.750183	2374600.000000
2016-06-13	-0.018568	0.023668	0.031023	0.018612	-0.807880	1437900.000000
2016-06-10	-0.029184	0.014544	0.019006	0.004057	-1.307995	1460300.000000
2016-06-09	-0.007032	0.031559	0.035547	0.029122	-0.317383	788900.000000
2016-06-08	0.001280	0.041309	0.044193	0.038425	0.057705	868400.000000
2016-06-07	0.004285	0.052010	0.054015	0.043321	0.192356	1193200.000000
2016-06-06	0.003009	0.046907	0.050930	0.039310	0.134648	892200.000000
2016-06-03	0.013946	0.044515	0.055843	0.042702	0.615528	1028900.000000
2016-06-02	0.000000	0.035225	0.041116	0.033639	0.000000	928900.000000
2016-06-01	0.007243	0.043408	0.050483	0.043408	0.317383	1486900.000000
2016-05-31	-0.009780	0.051508	0.051508	0.027553	-0.432793	2035900.000000
2016-05-27	0.004147	0.044522	0.047245	0.041572	0.182732	930600.000000
2016-05-26	0.006148	0.046606	0.051857	0.045008	0.269294	1038300.000000
2016-05-25	-0.003065	0.045219	0.046813	0.036342	-0.134647	1005600.000000
2016-05-24	0.027440	0.053788	0.068989	0.053087	1.173347	1338300.000000
2016-05-23	-0.003809	0.035563	0.039523	0.033233	-0.163501	717600.000000
2016-05-20	-0.000224	0.046278	0.046744	0.038592	-0.009613	1124000.000000
2016-05-19	-0.006897	0.033280	0.034436	0.025878	-0.298146	920400.000000
2016-05-18	0.003572	0.042542	0.050899	0.035346	0.153881	1099800.000000
2016-05-17	-0.019269	0.029967	0.033154	0.016535	-0.846347	991800.000000
2016-05-16	0.011069	0.042058	0.052187	0.040447	0.480877	1015000.000000
2016-05-13	-0.010731	0.034747	0.039984	0.027004	-0.471261	682000.000000
2016-05-12	0.002635	0.047976	0.049118	0.036560	0.115410	913300.000000
2016-05-11	-0.006328	0.036127	0.038849	0.032270	-0.278907	880400.000000
2016-05-10	0.007474	0.041585	0.047756	0.040671	0.326992	803500.000000
2016-05-09	0.008200	0.046670	0.052892	0.045748	0.355857	763500.000000
2016-05-06	0.004900	0.036746	0.046240	0.035588	0.211583	785100.000000
2016-05-05	0.001561	0.038829	0.045323	0.037437	0.067325	803100.000000
2016-05-04	-0.001781	0.030959	0.039988	0.030264	-0.076938	1039700.000000
2016-05-03	-0.009047	0.032644	0.037004	0.028285	-0.394322	1075800.000000
2016-05-02	0.010254	0.040915	0.052041	0.037439	0.442410	925100.000000
2016-04-29	-0.005983	0.028698	0.037683	0.025472	-0.259682	1611700.000000
2016-04-28	-0.001328	0.029173	0.044358	0.028712	-0.057701	1124500.000000
2016-04-27	-0.003418	0.035056	0.040788	0.028177	-0.149075	2254500.000000
2016-04-26	-0.010820	0.043816	0.048580	0.035424	-0.477043	1173100.000000
2016-04-25	0.004784	0.043112	0.054052	0.042429	0.209904	1239400.000000
2016-04-22	-0.012030	0.037994	0.039345	0.026735	-0.534294	1522500.000000
2016-04-21	-0.021236	0.030275	0.032699	0.024766	-0.963620	1268800.000000
2016-04-20	-0.004604	0.043081	0.050539	0.040009	-0.209899	1169700.000000
2016-04-19	0.021595	0.068967	0.073450	0.067847	0.963623	1516200.000000
2016-04-18	0.003648	0.045652	0.053749	0.045202	0.162197	1251700.000000
2016-04-15	0.009313	0.053347	0.058569	0.052439	0.410255	1138500.000000
2016-04-14	-0.001514	0.054473	0.055153	0.046313	-0.066788	1360700.000000
2016-04-13	0.000866	0.053117	0.054932	0.044723	0.038166	1603600.000000
2016-04-12	0.010057	0.056604	0.059583	0.049959	0.438870	900900.000000
2016-04-11	0.003290	0.054563	0.060311	0.051574	0.143116	1149700.000000
2016-04-08	0.001758	0.050659	0.053653	0.047205	0.076332	700100.000000
2016-04-07	-0.006982	0.042180	0.048126	0.036920	-0.305313	935000.000000
2016-04-06	0.015736	0.052075	0.064619	0.051610	0.677406	1044400.000000
2016-04-05	-0.004852	0.043503	0.046277	0.039110	-0.209900	1199600.000000
2016-04-04	0.005321	0.062535	0.062535	0.051612	0.228978	1615100.000000
2016-04-01	-0.001771	0.031887	0.046734	0.031655	-0.076329	949700.000000
2016-03-31	-0.012890	0.044004	0.044004	0.033699	-0.562904	1166900.000000
2016-03-30	0.006819	0.061037	0.065418	0.052737	0.295765	1410400.000000
2016-03-29	0.014732	0.058186	0.064035	0.053741	0.629700	1549600.000000
2016-03-28	0.003809	0.051649	0.056111	0.049065	0.162189	604700.000000
2016-03-24	0.000673	0.048126	0.048831	0.041311	0.028622	1209300.000000
2016-03-23	0.010650	0.060714	0.062852	0.056914	0.448421	1046800.000000
2016-03-22	-0.010094	0.033784	0.039897	0.033314	-0.429340	1069600.000000
2016-03-21	-0.008452	0.037635	0.043697	0.037635	-0.362545	1015600.000000
2016-03-18	-0.002219	0.042776	0.052778	0.040915	-0.095413	1375300.000000
2016-03-17	0.013040	0.048597	0.064385	0.045063	0.553371	1396900.000000
2016-03-16	-0.002243	0.036370	0.047185	0.031903	-0.095413	1168000.000000
2016-03-15	0.002925	0.046004	0.055671	0.044825	0.124031	909500.000000
2016-03-14	-0.004033	0.047656	0.050240	0.042255	-0.171734	1208500.000000
2016-03-11	0.011101	0.057862	0.060474	0.054300	0.467503	1199100.000000
2016-03-10	-0.004959	0.062066	0.066792	0.033949	-0.209900	1643400.000000
2016-03-09	0.005212	0.055489	0.060714	0.051214	0.219440	1097700.000000
2016-03-08	0.003411	0.048364	0.057420	0.045981	0.143112	1060100.000000
2016-03-07	-0.008119	0.034416	0.042453	0.031579	-0.343471	920100.000000
2016-03-04	0.013486	0.063698	0.065136	0.059625	0.562912	1336500.000000
2016-03-03	0.008762	0.042809	0.058034	0.042809	0.362552	1103100.000000
2016-03-02	-0.017445	0.030792	0.031742	0.019869	-0.734645	1486400.000000
2016-03-01	0.030827	0.067708	0.082639	0.067463	1.259388	1338900.000000
2016-02-29	-0.004649	0.044959	0.054948	0.043253	-0.190812	1100700.000000
2016-02-26	-0.014433	0.046685	0.048606	0.032038	-0.601078	909600.000000
2016-02-25	0.016298	0.059595	0.065208	0.057887	0.667859	840200.000000
2016-02-24	-0.002323	0.035952	0.046665	0.030840	-0.095410	1298500.000000
2016-02-23	-0.013746	0.042363	0.047165	0.033719	-0.572449	1029400.000000
2016-02-22	0.000000	0.044524	0.052688	0.044524	0.000000	985500.000000
2016-02-19	0.004141	0.043062	0.053430	0.041616	0.171734	1591900.000000
2016-02-18	-0.007534	0.045494	0.047408	0.037597	-0.314846	1404600.000000
2016-02-17	0.009682	0.052475	0.061415	0.048851	0.400715	1236300.000000
2016-02-16	0.008837	0.061532	0.061532	0.047639	0.362557	1720500.000000
2016-02-12	0.015348	0.048868	0.064460	0.048126	0.620151	1724500.000000
2016-02-11	-0.004934	0.042708	0.046156	0.034335	-0.200359	2048400.000000
2016-02-10	-0.003978	0.058428	0.058673	0.042729	-0.162194	1577600.000000
2016-02-09	-0.006972	0.027178	0.046421	0.026691	-0.286224	1513200.000000
2016-02-08	-0.007382	0.030234	0.044016	0.024673	-0.305305	2651200.000000
2016-02-05	-0.000461	0.052476	0.052959	0.038943	-0.019082	2290800.000000
2016-02-04	-0.019887	0.025624	0.030835	0.019702	-0.839595	1795800.000000
2016-02-03	0.009352	0.057689	0.060319	0.043105	0.391178	2004300.000000
2016-02-02	-0.005628	0.056729	0.057917	0.047219	-0.236744	1445800.000000
2016-02-01	0.003388	0.049575	0.063172	0.048621	0.142048	1621500.000000
2016-01-29	0.029056	0.067553	0.086945	0.064607	1.183693	1258300.000000
2016-01-28	0.006316	0.059474	0.067132	0.050581	0.255680	1240100.000000
2016-01-27	0.002815	0.063447	0.072117	0.053291	0.113632	1512600.000000
2016-01-26	0.012349	0.054260	0.072316	0.053508	0.492413	1269400.000000
2016-01-25	-0.003549	0.060014	0.061263	0.051268	-0.142037	1381100.000000
2016-01-22	0.025728	0.076264	0.085748	0.072676	1.003769	1439800.000000
2016-01-21	0.010795	0.062752	0.073633	0.049538	0.416660	1752400.000000
2016-01-20	-0.021838	0.037769	0.041064	0.012934	-0.861728	1821800.000000
2016-01-19	0.039411	0.097371	0.104483	0.091576	1.496189	1929000.000000
2016-01-15	-0.025049	0.029821	0.036498	0.023657	-0.975365	1700700.000000
2016-01-14	0.005871	0.057049	0.067640	0.051107	0.227265	1842000.000000
2016-01-13	-0.013513	0.063915	0.065444	0.040726	-0.530293	1557900.000000
2016-01-12	0.018682	0.067697	0.078860	0.057054	0.719688	2066000.000000
2016-01-11	0.005686	0.065414	0.066980	0.050533	0.217801	1361800.000000
2016-01-08	-0.009792	0.061444	0.061444	0.044124	-0.378781	1557500.000000
2016-01-07	-0.015663	0.040748	0.049400	0.035913	-0.615524	1311100.000000
2016-01-06	-0.014252	0.036952	0.044728	0.034444	-0.568173	1457700.000000
2016-01-05	-0.002370	0.049759	0.057517	0.045505	-0.094699	1277500.000000
2016-01-04	-0.021336	0.034219	0.035199	0.017321	-0.871190	1551800.000000
2015-12-31	-0.014400	0.052153	0.052395	0.040809	-0.596591	701300.000000
2015-12-30	-0.004777	0.057217	0.058178	0.050971	-0.198857	866800.000000
2015-12-29	0.012204	0.065012	0.070848	0.062338	0.501888	1278700.000000
2015-12-28	0.001153	0.054798	0.058693	0.052608	0.047348	648700.000000
2015-12-24	0.000000	0.055285	0.059911	0.053825	0.000000	465200.000000
2015-12-23	0.020706	0.066451	0.077881	0.065955	0.833321	1260100.000000
2015-12-22	0.006632	0.057766	0.064270	0.050013	0.265144	1434600.000000
2015-12-21	0.001661	0.071549	0.071799	0.049752	0.066285	1124600.000000
2015-12-18	-0.015647	0.048124	0.049604	0.039492	-0.634453	1676400.000000
2015-12-17	-0.011085	0.047724	0.052114	0.044065	-0.454537	1257300.000000
2015-12-16	0.020023	0.068454	0.079649	0.063230	0.804909	1257700.000000
2015-12-15	0.012643	0.067856	0.075413	0.067604	0.501888	1535000.000000
2015-12-14	0.001673	0.057277	0.061567	0.046427	0.066285	2433800.000000
2015-12-11	-0.016913	0.045349	0.049070	0.036667	-0.681805	1698900.000000
2015-12-10	-0.006766	0.054784	0.056508	0.046899	-0.274620	1623300.000000
2015-12-09	0.001402	0.061937	0.070079	0.050588	0.056816	1841900.000000
2015-12-08	-0.011776	0.041386	0.046994	0.037972	-0.482952	1454800.000000
2015-12-07	0.011207	0.064645	0.069577	0.061193	0.454548	1079900.000000
2015-12-04	0.017098	0.053006	0.075074	0.052254	0.681801	1471000.000000
2015-12-03	-0.021835	0.050619	0.050864	0.029523	-0.890137	1842300.000000
2015-12-02	0.001629	0.061175	0.067072	0.056998	0.066288	1389500.000000
2015-12-01	0.003034	0.055769	0.059219	0.051580	0.123104	1181200.000000
2015-11-30	-0.016525	0.053350	0.054561	0.037595	-0.681805	1244900.000000
2015-11-27	-0.002746	0.057224	0.059883	0.051423	-0.113628	824500.000000
2015-11-25	0.014159	0.071459	0.072929	0.068762	0.577629	1802100.000000
2015-11-24	-0.003930	0.039657	0.053818	0.039412	-0.160976	1684200.000000
2015-11-23	-0.006432	0.055530	0.058684	0.047282	-0.265152	1230200.000000
2015-11-20	0.001611	0.055044	0.062819	0.055044	0.066291	2667300.000000
2015-11-19	0.006251	0.058216	0.064818	0.057727	0.255673	1699400.000000
2015-11-18	0.008877	0.050342	0.066129	0.049849	0.359848	2572400.000000
2015-11-17	0.007294	0.066203	0.070427	0.061482	0.293556	2441100.000000
2015-11-16	0.011905	0.056770	0.068587	0.056267	0.473484	1238100.000000
2015-11-13	-0.014085	0.041886	0.044861	0.037672	-0.568180	1193400.000000
2015-11-12	-0.017754	0.044328	0.047493	0.037267	-0.729156	1369700.000000
2015-11-11	0.012372	0.064890	0.073271	0.063657	0.501888	1639600.000000
2015-11-10	-0.000933	0.042963	0.056262	0.042471	-0.037884	1269000.000000
2015-11-09	-0.011526	0.040192	0.045791	0.037028	-0.473473	1066700.000000
2015-11-06	-0.017441	0.039512	0.043339	0.028748	-0.729160	1017800.000000
2015-11-05	-0.004510	0.052206	0.054587	0.046967	-0.189388	1071500.000000
2015-11-04	-0.004936	0.053409	0.054594	0.047960	-0.208328	736400.000000
2015-11-03	-0.000673	0.046545	0.056016	0.044414	-0.028408	944200.000000
2015-11-02	0.003374	0.059817	0.062905	0.054115	0.142036	1072100.000000
2015-10-30	-0.012003	0.045453	0.052260	0.043341	-0.511353	799300.000000
2015-10-29	0.003569	0.057429	0.061198	0.055780	0.151513	735300.000000
2015-10-28	0.004121	0.067227	0.069829	0.052562	0.174244	1382800.000000
2015-10-27	-0.006843	0.058984	0.061803	0.055225	-0.291317	916800.000000
2015-10-26	-0.003081	0.063684	0.066728	0.059703	-0.131554	633700.000000
2015-10-23	-0.006124	0.065782	0.067644	0.054377	-0.263123	866800.000000
2015-10-22	0.011281	0.072155	0.080629	0.071214	0.479252	1320300.000000
2015-10-21	-0.000884	0.068621	0.070267	0.062976	-0.037586	983400.000000
2015-10-20	-0.000883	0.066267	0.066502	0.060628	-0.037586	652600.000000
2015-10-19	0.001769	0.066506	0.068624	0.061092	0.075172	690100.000000
2015-10-16	0.005560	0.062969	0.070780	0.061785	0.234928	819400.000000
2015-10-15	0.042913	0.104388	0.110806	0.100192	1.738472	1329300.000000
2015-10-14	0.001161	0.064399	0.069589	0.064152	0.046990	760000.000000
2015-10-13	-0.003241	0.055531	0.067108	0.055531	-0.131558	913700.000000
2015-10-12	0.012421	0.073879	0.083605	0.073130	0.498047	821600.000000
2015-10-09	-0.005361	0.054974	0.063656	0.053486	-0.216137	877100.000000
2015-10-08	0.010601	0.056130	0.075684	0.052621	0.422867	798200.000000
2015-10-07	0.001652	0.058879	0.066412	0.055615	0.065788	1068100.000000
2015-10-06	-0.000707	0.063650	0.069422	0.062396	-0.028190	768200.000000
2015-10-05	0.018981	0.078726	0.084607	0.077704	0.742374	875400.000000
2015-10-02	0.019099	0.061547	0.084476	0.058680	0.732971	1145000.000000
2015-10-01	0.001471	0.071720	0.072764	0.057629	0.056389	1257000.000000
2015-09-30	0.025396	0.090910	0.091980	0.082348	0.949116	1957500.000000
2015-09-29	0.010673	0.062530	0.076863	0.058203	0.394676	1002400.000000
2015-09-28	-0.016742	0.059898	0.059898	0.044209	-0.629608	905000.000000
2015-09-25	0.024053	0.091110	0.100368	0.085664	0.883331	1052400.000000
2015-09-24	-0.009379	0.050665	0.058218	0.041224	-0.347698	1241700.000000
2015-09-23	-0.002528	0.064691	0.065498	0.055811	-0.093964	637700.000000
2015-09-22	-0.027539	0.037725	0.038248	0.025166	-1.052486	1352300.000000
2015-09-21	0.003454	0.073867	0.074392	0.063627	0.131565	586600.000000
2015-09-18	-0.012186	0.055334	0.061559	0.050147	-0.469864	897200.000000
2015-09-17	-0.001703	0.062599	0.072438	0.056903	-0.065773	1336900.000000
2015-09-16	0.034222	0.095750	0.101641	0.091198	1.278000	1002300.000000
2015-09-15	0.009911	0.065775	0.076322	0.063071	0.366497	1550600.000000
2015-09-14	-0.006313	0.057165	0.062002	0.054209	-0.234932	1395600.000000
2015-09-11	-0.003272	0.057188	0.062009	0.054778	-0.122162	1744100.000000
2015-09-10	-0.008238	0.055917	0.058839	0.051401	-0.310108	2887500.000000
2015-09-09	-0.002738	0.084816	0.084816	0.059914	-0.103359	1361800.000000
2015-09-08	0.024745	0.089942	0.092928	0.082884	0.911522	713400.000000
2015-09-04	-0.019755	0.044460	0.048452	0.039138	-0.742386	953700.000000
2015-09-03	0.004269	0.071101	0.077247	0.065756	0.159760	796400.000000
2015-09-02	0.018675	0.081847	0.084297	0.073953	0.685989	968300.000000
2015-09-01	-0.030265	0.039601	0.043825	0.028249	-1.146450	1297400.000000
2015-08-31	-0.000991	0.062306	0.064943	0.056768	-0.037590	701900.000000
2015-08-28	-0.006402	0.048430	0.057601	0.045547	-0.244328	1247800.000000
2015-08-27	0.012718	0.064948	0.078482	0.064418	0.479256	1703200.000000
2015-08-26	0.012371	0.078391	0.078660	0.055824	0.460464	1874800.000000
2015-08-25	-0.003522	0.094939	0.094939	0.059869	-0.131561	1895200.000000
2015-08-24	-0.028117	0.025645	0.055306	0.007953	-1.080669	2983900.000000
2015-08-21	-0.025262	0.058066	0.060602	0.037269	-0.996105	1356800.000000
2015-08-20	-0.020770	0.046768	0.048755	0.041305	-0.836342	987100.000000
2015-08-19	-0.016074	0.050224	0.053156	0.042649	-0.657807	791800.000000
2015-08-18	-0.007520	0.054452	0.060757	0.053239	-0.310096	645500.000000
2015-08-17	-0.003859	0.049174	0.060045	0.047483	-0.159756	610800.000000
2015-08-14	-0.000681	0.060290	0.064394	0.056668	-0.028195	829500.000000
2015-08-13	0.004100	0.064637	0.071182	0.061728	0.169148	739200.000000
2015-08-12	-0.034103	0.015686	0.029032	0.013579	-1.456554	1575900.000000
2015-08-11	-0.013458	0.051217	0.053296	0.047521	-0.582623	1169800.000000
2015-08-10	0.005456	0.062526	0.071584	0.062526	0.234924	807000.000000
2015-08-07	-0.002612	0.055813	0.062067	0.053497	-0.112762	660600.000000
2015-08-06	0.002400	0.069260	0.072511	0.066010	0.103359	780800.000000
2015-08-05	0.008095	0.070426	0.075341	0.069489	0.345825	586000.000000
2015-08-04	0.000218	0.073703	0.075342	0.068786	0.009327	785900.000000
2015-08-03	0.009927	0.085780	0.087199	0.077741	0.419842	735500.000000
2015-07-31	0.002876	0.075150	0.079418	0.072778	0.121284	644900.000000
2015-07-30	0.004891	0.072783	0.078264	0.066587	0.205262	709400.000000
2015-07-29	0.004691	0.073745	0.079252	0.072788	0.195926	1114600.000000
2015-07-28	0.009470	0.074972	0.081980	0.071105	0.391857	755400.000000
2015-07-27	-0.008274	0.073508	0.073747	0.061524	-0.345207	757200.000000
2015-07-24	-0.005559	0.077312	0.077789	0.065156	-0.233246	641300.000000
2015-07-23	0.004019	0.085709	0.085709	0.073026	0.167939	863100.000000
2015-07-22	0.004485	0.072070	0.077599	0.071590	0.186596	688100.000000
2015-07-21	-0.011089	0.067789	0.068977	0.058756	-0.466496	808200.000000
2015-07-20	0.002669	0.074690	0.076835	0.069685	0.111961	969600.000000
2015-07-17	-0.010561	0.061925	0.065463	0.058388	-0.447830	979200.000000
2015-07-16	0.009103	0.083729	0.086108	0.077779	0.382523	990600.000000
2015-07-15	-0.003099	0.069695	0.072067	0.065899	-0.130619	887800.000000
2015-07-14	0.013004	0.088893	0.089373	0.081923	0.541130	802900.000000
2015-07-13	-0.001120	0.072790	0.075431	0.067509	-0.046650	738800.000000
2015-07-10	0.038131	0.113696	0.117434	0.108463	1.530098	1262100.000000
2015-07-09	0.010811	0.091478	0.092989	0.083165	0.429169	766500.000000
2015-07-08	-0.003746	0.068316	0.072332	0.063548	-0.149281	830500.000000
2015-07-07	0.006362	0.064001	0.081679	0.056929	0.251907	1276700.000000
2015-07-06	-0.011874	0.054361	0.066340	0.053114	-0.475818	1138100.000000
2015-07-02	-0.009227	0.066885	0.069852	0.059467	-0.373192	799500.000000
2015-07-01	0.009078	0.085802	0.088047	0.077069	0.363861	767400.000000
2015-06-30	-0.003711	0.079535	0.079535	0.061638	-0.149281	1104800.000000
2015-06-29	-0.030793	0.051352	0.056893	0.038343	-1.278183	1008200.000000
2015-06-26	-0.000449	0.077128	0.080740	0.069903	-0.018665	887900.000000
2015-06-25	-0.006029	0.068958	0.071112	0.062735	-0.251900	699100.000000
2015-06-24	-0.000893	0.073743	0.077091	0.068004	-0.037323	1160500.000000
2015-06-23	-0.001782	0.080185	0.080185	0.067772	-0.074642	1024200.000000
2015-06-22	0.021616	0.093047	0.100607	0.090608	0.886341	1058200.000000
2015-06-19	-0.002044	0.071587	0.075481	0.069153	-0.083969	608800.000000
2015-06-18	0.008011	0.074774	0.086550	0.072075	0.326546	1213400.000000
2015-06-17	0.001605	0.066178	0.075024	0.062001	0.065304	824000.000000
2015-06-16	0.005996	0.071336	0.080482	0.069111	0.242580	553200.000000
2015-06-15	-0.001842	0.063194	0.070843	0.061467	-0.074638	533200.000000
2015-06-12	-0.015636	0.051185	0.058228	0.046327	-0.643769	685300.000000
2015-06-11	0.007995	0.081623	0.087988	0.076727	0.326558	626100.000000
2015-06-10	0.021465	0.084334	0.100589	0.082833	0.858341	719800.000000
2015-06-09	-0.000933	0.069331	0.073079	0.062086	-0.037331	684100.000000
2015-06-08	-0.001396	0.070083	0.074325	0.065094	-0.055969	790900.000000
2015-06-05	-0.020520	0.054968	0.055945	0.045926	-0.839687	921700.000000
2015-06-04	-0.006793	0.065277	0.077898	0.062364	-0.279892	798800.000000
2015-06-03	0.012147	0.090746	0.091729	0.082885	0.494476	910900.000000
2015-06-02	-0.002971	0.067911	0.072320	0.061543	-0.121281	1015800.000000
2015-06-01	-0.008834	0.069402	0.070616	0.056293	-0.363868	770800.000000
2015-05-29	-0.008534	0.069182	0.070386	0.057147	-0.354538	618000.000000
2015-05-28	0.000225	0.074237	0.074478	0.066533	0.009334	467000.000000
2015-05-27	0.014354	0.075005	0.088680	0.073295	0.587780	801400.000000
2015-05-26	-0.014815	0.068221	0.069665	0.053545	-0.615764	665800.000000
2015-05-22	-0.007795	0.071830	0.071830	0.062520	-0.326554	458200.000000
2015-05-21	0.000892	0.072308	0.075175	0.069680	0.037327	450400.000000
2015-05-20	0.000669	0.067765	0.075894	0.067765	0.027985	545600.000000
2015-05-19	0.003807	0.071110	0.079030	0.068950	0.158615	666800.000000
2015-05-18	-0.005345	0.062759	0.067772	0.060849	-0.223927	522700.000000
2015-05-15	-0.002000	0.068971	0.071354	0.063492	-0.083961	602700.000000
2015-05-14	0.015575	0.086105	0.089492	0.083685	0.643749	825200.000000
2015-05-13	0.002263	0.076922	0.081045	0.069405	0.093304	1632700.000000
2015-05-12	-0.003382	0.065546	0.070863	0.062888	-0.139943	899800.000000
2015-05-11	-0.005828	0.061018	0.070388	0.058855	-0.242584	1033400.000000
2015-05-08	0.031445	0.094629	0.109499	0.093886	1.268860	1242200.000000
2015-05-07	0.003480	0.068846	0.076555	0.066359	0.139950	884400.000000
2015-05-06	0.002326	0.082050	0.082299	0.070584	0.093300	929500.000000
2015-05-05	-0.018937	0.068406	0.070607	0.051044	-0.774384	1269400.000000
2015-05-04	0.000000	0.070362	0.074275	0.068406	0.000000	624400.000000
2015-05-01	0.000228	0.064247	0.072075	0.061557	0.009339	895800.000000
2015-04-30	-0.003638	0.067931	0.074754	0.065981	-0.149277	789500.000000
2015-04-29	-0.017865	0.062974	0.065607	0.049331	-0.746388	1042800.000000
2015-04-28	-0.006655	0.061606	0.067075	0.057564	-0.279899	764900.000000
2015-04-27	0.002446	0.079695	0.079934	0.072307	0.102630	785600.000000
2015-04-24	0.002005	0.072546	0.078994	0.069442	0.083962	686000.000000
2015-04-23	0.008766	0.068698	0.083876	0.067975	0.363872	934200.000000
2015-04-22	-0.003829	0.070846	0.073486	0.064366	-0.159538	1262100.000000
2015-04-21	0.007842	0.090370	0.092063	0.085774	0.324219	852500.000000
2015-04-20	-0.001789	0.083831	0.085039	0.076105	-0.074108	1350900.000000
2015-04-17	-0.007767	0.075174	0.075413	0.066310	-0.324223	1993100.000000
2015-04-16	0.038249	0.122765	0.123262	0.111821	1.537770	2046900.000000
2015-04-15	0.010712	0.092307	0.096329	0.085268	0.426124	1107700.000000
2015-04-14	0.009403	0.086083	0.091920	0.082785	0.370552	788300.000000
2015-04-13	-0.007698	0.073694	0.076716	0.070421	-0.305706	527500.000000
2015-04-10	-0.002559	0.072202	0.079988	0.071700	-0.101898	607800.000000
2015-04-09	0.000931	0.085519	0.086022	0.078983	0.037052	851200.000000
2015-04-08	-0.002091	0.087012	0.088015	0.073716	-0.083362	670600.000000
2015-04-07	0.005844	0.090336	0.096392	0.085289	0.231590	882100.000000
2015-04-06	0.006825	0.080248	0.093713	0.080248	0.268638	635600.000000
2015-04-02	0.015778	0.088260	0.097550	0.087486	0.611405	1195700.000000
2015-04-01	0.002877	0.080003	0.083885	0.073015	0.111164	1589400.000000
2015-03-31	-0.025695	0.048470	0.060574	0.048218	-1.019005	1443000.000000
2015-03-30	0.007057	0.080248	0.090405	0.079740	0.277912	763400.000000
2015-03-27	0.003304	0.073371	0.084326	0.072862	0.129692	633300.000000
2015-03-26	-0.008193	0.071905	0.073674	0.063061	-0.324230	917300.000000
2015-03-25	-0.008126	0.085501	0.086253	0.070714	-0.324226	851900.000000
2015-03-24	-0.005082	0.082727	0.084972	0.073501	-0.203804	955000.000000
2015-03-23	0.001156	0.079236	0.085977	0.077239	0.046318	805200.000000
2015-03-20	0.016694	0.094207	0.101822	0.090907	0.657718	1416000.000000
2015-03-19	-0.024541	0.059926	0.062155	0.051756	-0.991203	1350300.000000
2015-03-18	0.025400	0.084309	0.111220	0.081771	1.000469	1515500.000000
2015-03-17	-0.003982	0.072911	0.077210	0.067348	-0.157478	714500.000000
2015-03-16	0.014978	0.091035	0.099761	0.090522	0.583603	787200.000000
2015-03-13	-0.000950	0.069486	0.079229	0.068973	-0.037048	1181100.000000
2015-03-12	0.000475	0.082564	0.086412	0.075124	0.018520	1105900.000000
2015-03-11	-0.001187	0.082304	0.083329	0.075899	-0.046310	1186100.000000
2015-03-10	-0.014042	0.073928	0.075444	0.064328	-0.555821	1148600.000000
2015-03-09	-0.006741	0.075722	0.076726	0.067943	-0.268646	929000.000000
2015-03-06	-0.028455	0.065834	0.066565	0.047306	-1.167221	886700.000000
2015-03-05	0.012809	0.093066	0.095535	0.090597	0.518764	982200.000000
2015-03-04	-0.007492	0.074339	0.077035	0.068213	-0.305706	1971400.000000
2015-03-03	-0.003394	0.083393	0.084126	0.073624	-0.138954	1500300.000000
2015-03-02	0.002040	0.083401	0.085359	0.077528	0.083378	1288000.000000
2015-02-27	0.001362	0.078505	0.087327	0.077770	0.055576	1732700.000000
2015-02-26	0.001592	0.073104	0.084149	0.073104	0.064850	1921200.000000
2015-02-25	-0.003625	0.079486	0.079486	0.067991	-0.148224	1406900.000000
2015-02-24	0.006614	0.084902	0.089579	0.078009	0.268650	1490800.000000
2015-02-23	0.011767	0.085463	0.093932	0.082724	0.472443	2700000.000000
2015-02-20	0.001849	0.068257	0.084476	0.066011	0.074112	1916700.000000
2015-02-19	0.005345	0.085256	0.091277	0.082747	0.213074	1309900.000000
2015-02-18	-0.003474	0.066236	0.078486	0.065236	-0.138962	1092500.000000
2015-02-17	0.003486	0.079486	0.085758	0.070455	0.138962	1143600.000000
2015-02-13	-0.003935	0.077486	0.077986	0.069490	-0.157494	986600.000000
2015-02-12	0.006055	0.076217	0.087027	0.075966	0.240856	1170300.000000
2015-02-11	0.000000	0.079737	0.083005	0.074458	0.000000	617400.000000
2015-02-10	0.004680	0.080496	0.087568	0.075445	0.185280	781000.000000
2015-02-09	0.001641	0.067090	0.084293	0.067090	0.064846	954800.000000
2015-02-06	-0.019757	0.063367	0.065846	0.054191	-0.796677	1021100.000000
2015-02-05	0.004152	0.076249	0.083968	0.075252	0.166745	1648800.000000
2015-02-04	-0.005392	0.071932	0.078867	0.068960	-0.217698	2164000.000000
2015-02-03	0.000684	0.083074	0.089270	0.080843	0.027588	1741200.000000
2015-02-02	-0.002047	0.077394	0.086793	0.073189	-0.082763	998100.000000
2015-01-30	-0.015670	0.077066	0.078040	0.068302	-0.643654	2073500.000000
2015-01-29	0.027133	0.114292	0.117543	0.107290	1.085029	1850100.000000
2015-01-28	-0.009565	0.090259	0.090755	0.076637	-0.386200	1282000.000000
2015-01-27	0.007110	0.087785	0.098760	0.087785	0.285050	1628200.000000
2015-01-26	0.025641	0.098792	0.116188	0.096489	1.002277	4242600.000000
2015-01-23	0.011902	0.104621	0.110834	0.099702	0.459748	1476400.000000
2015-01-22	0.000000	0.070191	0.090901	0.069932	0.000000	3358600.000000
2015-01-21	0.015470	0.090427	0.105411	0.086484	0.588485	2523700.000000
2015-01-20	-0.009813	0.073739	0.079726	0.068533	-0.376999	1847100.000000
2015-01-16	0.011622	0.099121	0.101754	0.088325	0.441353	1142600.000000
2015-01-15	0.009040	0.098163	0.103212	0.091521	0.340229	1153000.000000
2015-01-14	0.007384	0.093156	0.098777	0.088338	0.275852	1256700.000000
2015-01-13	0.004202	0.103125	0.104469	0.084041	0.156315	1112300.000000
2015-01-12	0.015308	0.103637	0.108549	0.094631	0.560910	1124700.000000
2015-01-09	-0.008213	0.085640	0.086452	0.072378	-0.303448	1042000.000000
2015-01-08	0.018504	0.098838	0.111794	0.098562	0.671238	1127900.000000
2015-01-07	0.010761	0.089485	0.100631	0.086699	0.386200	1067100.000000
2015-01-06	-0.005098	0.088367	0.095852	0.077832	-0.183899	1416000.000000
2015-01-05	-0.018759	0.070126	0.073662	0.061965	-0.689633	1347000.000000
2015-01-02	-0.012352	0.081893	0.084043	0.070610	-0.459754	907700.000000
2014-12-31	-0.006870	0.091270	0.092071	0.079264	-0.257470	434300.000000
2014-12-30	-0.012597	0.078841	0.083056	0.073572	-0.478141	783300.000000
2014-12-29	-0.006259	0.078896	0.085703	0.078372	-0.239071	1009200.000000
2014-12-26	0.001205	0.089632	0.094350	0.088584	0.045974	335900.000000
2014-12-24	0.002174	0.088323	0.093314	0.088060	0.082756	375200.000000
2014-12-23	-0.000965	0.084386	0.089372	0.081237	-0.036777	1004400.000000
2014-12-22	0.008272	0.095209	0.098649	0.091240	0.312630	916800.000000
2014-12-19	-0.006526	0.070185	0.083329	0.067293	-0.248265	1111300.000000
2014-12-18	0.028337	0.092131	0.118353	0.092131	1.048245	806200.000000
2014-12-17	0.006505	0.086174	0.103044	0.084270	0.239063	1080400.000000
2014-12-16	0.008579	0.087535	0.110861	0.084242	0.312637	1541800.000000
2014-12-15	-0.016381	0.090774	0.094283	0.066211	-0.606880	1121600.000000
2014-12-12	-0.027985	0.085436	0.087535	0.057100	-1.066627	1489400.000000
2014-12-11	-0.001926	0.088583	0.093558	0.083345	-0.073563	1071300.000000
2014-12-10	-0.006934	0.089616	0.090136	0.078433	-0.266655	1001500.000000
2014-12-09	-0.010412	0.081616	0.082903	0.073124	-0.404587	1083000.000000
2014-12-08	-0.003772	0.085484	0.090355	0.080869	-0.147117	1181600.000000
2014-12-05	0.007362	0.098124	0.098124	0.091667	0.285045	1130000.000000
2014-12-04	0.003097	0.101524	0.102042	0.088312	0.119530	1250200.000000
2014-12-03	-0.006626	0.082903	0.082903	0.076727	-0.257458	1678900.000000
2014-12-02	0.003324	0.096314	0.096830	0.088052	0.128735	788000.000000
2014-12-01	-0.000475	0.092180	0.092180	0.085987	-0.018398	778600.000000
2014-11-28	0.013224	0.101917	0.108454	0.101132	0.505733	470800.000000
2014-11-26	0.006534	0.095694	0.096747	0.092799	0.248272	716400.000000
2014-11-25	-0.006492	0.085443	0.086228	0.077337	-0.248272	957100.000000
2014-11-24	0.002894	0.095402	0.095665	0.089109	0.110344	1118500.000000
2014-11-21	0.003145	0.096742	0.098847	0.088324	0.119534	927500.000000
2014-11-20	0.000484	0.087009	0.090957	0.085693	0.018394	1124800.000000
2014-11-19	0.009775	0.095774	0.101621	0.090725	0.367809	896900.000000
2014-11-18	0.006147	0.095825	0.096092	0.092616	0.229878	771200.000000
2014-11-17	-0.000983	0.079254	0.087802	0.078719	-0.036789	869200.000000
2014-11-14	0.000246	0.082191	0.089138	0.079519	0.009197	1022800.000000
2014-11-13	0.007426	0.094265	0.102879	0.093188	0.275848	1379700.000000
2014-11-12	-0.008346	0.079793	0.081395	0.076056	-0.312637	719300.000000
2014-11-11	0.010166	0.096973	0.099940	0.094277	0.377011	1488600.000000
2014-11-10	0.008754	0.098688	0.100320	0.093792	0.321826	1684800.000000
2014-11-07	0.000501	0.081003	0.088079	0.077465	0.018391	1939900.000000
2014-11-06	-0.000500	0.088895	0.092703	0.085903	-0.018391	1216500.000000
2014-11-05	0.006140	0.093392	0.096402	0.088465	0.224354	1945700.000000
2014-11-04	0.003755	0.094750	0.102442	0.094201	0.136673	4459400.000000
2014-11-03	-0.006960	0.083857	0.090405	0.080311	-0.255115	3485200.000000
2014-10-31	0.011058	0.114047	0.115150	0.107151	0.400913	4966500.000000
2014-10-30	-0.001506	0.086206	0.099976	0.085380	-0.054672	1052600.000000
2014-10-29	-0.002753	0.103814	0.105737	0.090082	-0.100231	825500.000000
2014-10-28	0.013442	0.109188	0.112806	0.105013	0.482917	1759900.000000
2014-10-27	0.011804	0.101440	0.112987	0.099469	0.419136	2481800.000000
2014-10-24	-0.004343	0.088525	0.097497	0.087683	-0.154895	5691000.000000
2014-10-23	-0.033103	0.075266	0.075808	0.060896	-1.220959	3491200.000000
2014-10-22	-0.013886	0.085466	0.094289	0.082258	-0.519367	1738300.000000
2014-10-21	0.013330	0.100478	0.113211	0.099394	0.492035	1090800.000000
2014-10-20	0.005959	0.091501	0.104583	0.090684	0.218666	733600.000000
2014-10-17	0.022341	0.112822	0.123688	0.108085	0.801834	1340500.000000
2014-10-16	-0.014757	0.074438	0.087615	0.070595	-0.537590	2066100.000000
2014-10-15	-0.004730	0.100776	0.103235	0.075914	-0.173115	1393200.000000
2014-10-14	0.000498	0.094764	0.104604	0.094217	0.018207	1205500.000000
2014-10-13	-0.005203	0.101848	0.104295	0.091787	-0.191341	1071100.000000
2014-10-10	-0.010056	0.090229	0.093998	0.086191	-0.373566	825300.000000
2014-10-09	-0.012594	0.095371	0.100155	0.083410	-0.473808	1037600.000000
2014-10-08	0.021524	0.105372	0.121935	0.104557	0.792713	1162300.000000
2014-10-07	-0.014627	0.088668	0.091344	0.080909	-0.546703	1090400.000000
2014-10-06	0.006132	0.101535	0.104496	0.097498	0.227798	1054300.000000
2014-10-03	-0.004396	0.090529	0.094281	0.088117	-0.164016	1603800.000000
2014-10-02	-0.005585	0.092700	0.093233	0.086304	-0.209565	2083100.000000
2014-10-01	-0.017184	0.084925	0.086758	0.077067	-0.656036	895900.000000
2014-09-30	0.004314	0.098286	0.108020	0.097234	0.164002	1157500.000000
2014-09-29	-0.006667	0.080251	0.092010	0.079206	-0.255120	928600.000000
2014-09-26	0.006953	0.101181	0.106707	0.095129	0.264241	1019000.000000
2014-09-25	-0.013948	0.087119	0.089195	0.080114	-0.537591	1435100.000000
2014-09-24	0.001657	0.091000	0.100616	0.090221	0.063778	2085200.000000
2014-09-23	-0.011238	0.083879	0.087219	0.080538	-0.437343	1209700.000000
2014-09-22	0.003524	0.097239	0.101365	0.095177	0.136661	1376400.000000
2014-09-19	-0.004444	0.099038	0.100321	0.091079	-0.173122	1286800.000000
2014-09-18	0.004228	0.096724	0.104200	0.096724	0.164009	1120400.000000
2014-09-17	-0.026304	0.078921	0.079423	0.067625	-1.047840	1598900.000000
2014-09-16	-0.000686	0.093484	0.098250	0.089470	-0.027329	1125800.000000
2014-09-15	0.000000	0.095992	0.098501	0.091728	0.000000	1480600.000000
2014-09-12	0.003210	0.101021	0.102027	0.095233	0.127564	800700.000000
2014-09-11	-0.002516	0.091473	0.097246	0.090217	-0.100235	597700.000000
2014-09-10	0.002752	0.096994	0.101273	0.095232	0.109344	591900.000000
2014-09-09	-0.005248	0.093741	0.094493	0.089485	-0.209568	609000.000000
2014-09-08	-0.017485	0.080768	0.084458	0.078308	-0.710708	905500.000000
2014-09-05	0.001122	0.094049	0.098975	0.092325	0.045555	388200.000000
2014-09-04	0.003378	0.105900	0.111089	0.099721	0.136673	724500.000000
2014-09-03	0.005206	0.106937	0.107434	0.101472	0.209575	923000.000000
2014-09-02	0.002724	0.102230	0.102977	0.097498	0.109341	480400.000000
2014-08-29	0.004102	0.099998	0.102500	0.093746	0.164002	491600.000000
2014-08-28	0.001598	0.099752	0.102007	0.097748	0.063785	820800.000000
2014-08-27	-0.002050	0.097997	0.098747	0.094747	-0.082008	1289200.000000
2014-08-26	0.001597	0.099250	0.103257	0.098499	0.063785	493800.000000
2014-08-25	0.008978	0.104824	0.110888	0.102803	0.355355	455200.000000
2014-08-22	-0.008898	0.091738	0.093491	0.085729	-0.355355	522800.000000
2014-08-21	0.005506	0.100519	0.104547	0.098253	0.218682	643100.000000
2014-08-20	-0.005929	0.092241	0.094744	0.090489	-0.236904	945300.000000
2014-08-19	0.007351	0.102540	0.105565	0.101027	0.291572	642500.000000
2014-08-18	0.000460	0.100776	0.102290	0.097245	0.018223	818300.000000
2014-08-15	0.003923	0.106867	0.109399	0.096738	0.154900	689700.000000
2014-08-14	0.003705	0.102835	0.103852	0.097752	0.145786	883000.000000
2014-08-13	0.003020	0.098517	0.100812	0.095713	0.118450	725600.000000
2014-08-12	0.001396	0.096987	0.100561	0.094944	0.054668	695700.000000
2014-08-11	0.000466	0.096731	0.100818	0.095199	0.018227	871100.000000
2014-08-08	-0.001162	0.086528	0.096477	0.084487	-0.045555	546200.000000
2014-08-07	0.000232	0.107704	0.107704	0.096222	0.009109	687700.000000
2014-08-06	0.008062	0.093742	0.107632	0.093227	0.313435	787200.000000
2014-08-05	0.003263	0.115375	0.116408	0.108666	0.126434	603900.000000
2014-08-04	-0.005792	0.107119	0.107632	0.094546	-0.225761	986000.000000
2014-08-01	-0.001619	0.103533	0.111218	0.103277	-0.063210	800100.000000
2014-07-31	-0.017500	0.093784	0.096050	0.086989	-0.695346	772700.000000
2014-07-30	-0.013895	0.096952	0.098192	0.089010	-0.559880	779200.000000
2014-07-29	0.000673	0.117557	0.117805	0.107375	0.027085	653400.000000
2014-07-28	0.003150	0.113852	0.114351	0.106379	0.126434	629300.000000
2014-07-25	-0.015068	0.095597	0.098296	0.087500	-0.614075	631800.000000
2014-07-24	-0.010307	0.101304	0.101304	0.094019	-0.424415	670500.000000
2014-07-23	-0.004584	0.110759	0.110759	0.101332	-0.189652	944900.000000
2014-07-22	0.012600	0.122551	0.122796	0.118879	0.514733	1292900.000000
2014-07-21	0.004887	0.106883	0.113524	0.105407	0.198673	468600.000000
2014-07-18	0.000444	0.102945	0.109836	0.100977	0.018059	441400.000000
2014-07-17	-0.003984	0.111542	0.117179	0.102228	-0.162537	595600.000000
2014-07-16	0.007133	0.116015	0.117990	0.112806	0.288967	541200.000000
2014-07-15	-0.007522	0.103210	0.104435	0.096595	-0.307037	1276700.000000
2014-07-14	0.006906	0.115269	0.116996	0.112802	0.279941	902000.000000
2014-07-11	0.004251	0.105393	0.113073	0.104898	0.171582	852500.000000
2014-07-10	-0.012373	0.091716	0.095142	0.087557	-0.505700	1511300.000000
2014-07-09	-0.006367	0.097651	0.102513	0.096192	-0.261882	1126600.000000
2014-07-08	-0.001315	0.103005	0.107861	0.102519	-0.054181	1284800.000000
2014-07-07	-0.005235	0.098439	0.103269	0.097473	-0.216732	882500.000000
2014-07-03	0.002843	0.106648	0.113915	0.106648	0.117394	500500.000000
2014-07-02	0.001972	0.104463	0.109802	0.103977	0.081272	1016300.000000
2014-07-01	0.007063	0.107375	0.115685	0.105909	0.288975	886300.000000
2014-06-30	0.007785	0.114764	0.118212	0.112793	0.316055	607300.000000
2014-06-27	-0.001998	0.104425	0.105163	0.101721	-0.081268	510600.000000
2014-06-26	-0.001109	0.104920	0.107375	0.095589	-0.045151	504000.000000
2014-06-25	-0.011182	0.096692	0.100577	0.093293	-0.460545	904500.000000
2014-06-24	-0.002188	0.107618	0.111009	0.104710	-0.090297	895000.000000
2014-06-23	0.001972	0.111744	0.111744	0.105190	0.081260	959800.000000
2014-06-20	-0.000876	0.107132	0.110285	0.105435	-0.036121	560600.000000
2014-06-19	0.003076	0.112241	0.117593	0.109565	0.126438	537800.000000
2014-06-18	0.003970	0.107864	0.112016	0.103712	0.162541	607600.000000
2014-06-17	0.003541	0.108846	0.113748	0.108601	0.144489	757200.000000
2014-06-16	0.000664	0.106639	0.110563	0.104677	0.027084	456400.000000
2014-06-13	-0.002210	0.107130	0.109333	0.102480	-0.090305	611700.000000
2014-06-12	0.007346	0.119208	0.119948	0.114278	0.298004	904200.000000
2014-06-11	-0.001112	0.109591	0.109591	0.104666	-0.045154	777500.000000
2014-06-10	0.008296	0.112589	0.118300	0.112093	0.334129	611200.000000
2014-06-09	0.004052	0.108372	0.113857	0.108123	0.162536	684000.000000
2014-06-06	-0.013984	0.087710	0.092381	0.085006	-0.568908	1540200.000000
2014-06-05	0.001111	0.105160	0.109836	0.101715	0.045151	1074900.000000
2014-06-04	-0.005085	0.105172	0.105661	0.099051	-0.207695	1092100.000000
2014-06-03	0.008023	0.110830	0.116507	0.109596	0.325099	2562500.000000
2014-06-02	-0.002224	0.105405	0.106390	0.102450	-0.090312	853800.000000
2014-05-30	0.000890	0.107621	0.109840	0.105403	0.036121	1041100.000000
2014-05-29	0.008530	0.117069	0.118561	0.114583	0.343151	790400.000000
2014-05-28	-0.004024	0.099205	0.106137	0.098462	-0.162552	717400.000000
2014-05-27	-0.002008	0.106387	0.109105	0.101198	-0.081261	792600.000000
2014-05-23	-0.002226	0.102198	0.107129	0.101705	-0.090305	769300.000000
2014-05-22	-0.011226	0.100794	0.101525	0.094700	-0.460552	1096100.000000
2014-05-21	0.003756	0.111534	0.113247	0.107864	0.153522	1177200.000000
2014-05-20	-0.012868	0.093367	0.099163	0.090469	-0.532795	1029500.000000
2014-05-19	0.007250	0.117593	0.117836	0.111511	0.298012	1233800.000000
2014-05-16	0.012005	0.119192	0.121408	0.116238	0.487629	1198400.000000
2014-05-15	0.008520	0.122521	0.123017	0.114576	0.343159	2348300.000000
2014-05-14	-0.001791	0.106384	0.109854	0.104649	-0.072243	1524900.000000
2014-05-13	-0.000224	0.107127	0.109109	0.103658	-0.009037	654000.000000
2014-05-12	0.006531	0.114358	0.116354	0.112363	0.261879	1317400.000000
2014-05-09	0.003163	0.114381	0.115381	0.108876	0.126431	1390200.000000
2014-05-08	0.002719	0.110385	0.114399	0.109131	0.108360	722900.000000
2014-05-07	0.009237	0.112793	0.119123	0.112034	0.364830	874400.000000
2014-05-06	-0.000227	0.118110	0.122920	0.115326	-0.008957	847000.000000
2014-05-05	0.001589	0.115069	0.121661	0.113294	0.062653	655200.000000
2014-05-02	-0.010108	0.103045	0.109822	0.102543	-0.402737	915700.000000
2014-05-01	-0.004917	0.111107	0.113855	0.107861	-0.196892	1168200.000000
2014-04-30	0.001791	0.120103	0.121604	0.116851	0.071598	1929000.000000
2014-04-29	0.008582	0.119875	0.129716	0.118360	0.340096	4271700.000000
2014-04-28	0.010267	0.122450	0.129843	0.119900	0.402736	1597400.000000
2014-04-25	0.005045	0.119401	0.124012	0.115045	0.196888	1021100.000000
2014-04-24	-0.013125	0.096870	0.104961	0.091560	-0.519088	1120300.000000
2014-04-23	0.003178	0.119634	0.123692	0.118366	0.125305	591400.000000
2014-04-22	-0.003619	0.116845	0.117856	0.111538	-0.143204	952800.000000
2014-04-21	0.000906	0.118616	0.120893	0.116339	0.035812	664700.000000
2014-04-17	-0.003385	0.099703	0.113821	0.098947	-0.134254	1199700.000000
2014-04-16	0.003623	0.121399	0.121905	0.115074	0.143196	1089600.000000
2014-04-15	-0.011859	0.105600	0.106350	0.098349	-0.474331	1587400.000000
2014-04-14	0.014759	0.136379	0.136379	0.129022	0.581726	1369000.000000
2014-04-11	0.008935	0.129382	0.133221	0.125798	0.349034	2019000.000000
2014-04-10	-0.009755	0.116844	0.121407	0.106451	-0.384835	934100.000000
2014-04-09	0.009157	0.127071	0.128606	0.119909	0.357987	1034400.000000
2014-04-08	0.035071	0.146741	0.159715	0.146476	1.324554	1980500.000000
2014-04-07	0.004762	0.124002	0.127460	0.122140	0.179009	1130400.000000
2014-04-04	-0.007327	0.114974	0.117879	0.108372	-0.277447	1612400.000000
2014-04-03	-0.004002	0.109723	0.114195	0.107619	-0.152142	1067600.000000
2014-04-02	-0.003051	0.117613	0.119186	0.112631	-0.116348	520700.000000
2014-04-01	-0.003974	0.105598	0.114739	0.104814	-0.152145	965400.000000
2014-03-31	0.003754	0.122594	0.123119	0.118662	0.143200	1220600.000000
2014-03-28	0.024519	0.131586	0.145553	0.131049	0.912868	1822000.000000
2014-03-27	0.013151	0.124426	0.135855	0.121977	0.483284	2865900.000000
2014-03-26	0.002686	0.125810	0.127992	0.118715	0.098454	803500.000000
2014-03-25	0.019925	0.127926	0.142954	0.126256	0.715976	1665900.000000
2014-03-24	0.011845	0.127207	0.133120	0.120167	0.420636	1218400.000000
2014-03-21	0.010440	0.129870	0.138691	0.126171	0.366935	1586800.000000
2014-03-20	-0.004310	0.107435	0.116501	0.106302	-0.152141	915000.000000
2014-03-19	-0.006549	0.119040	0.122698	0.104967	-0.232693	1156900.000000
2014-03-18	0.004554	0.114806	0.125550	0.114806	0.161087	999000.000000
2014-03-17	0.001014	0.114521	0.122162	0.114521	0.035812	1202400.000000
2014-03-14	0.006116	0.121622	0.127317	0.117920	0.214779	1887800.000000
2014-03-13	-0.009591	0.118479	0.119607	0.103814	-0.340080	1826300.000000
2014-03-12	-0.001763	0.106653	0.117070	0.106653	-0.062641	1745400.000000
2014-03-11	-0.011457	0.109559	0.111785	0.102323	-0.411694	2661700.000000
2014-03-10	-0.018337	0.109155	0.110794	0.090032	-0.671230	4951700.000000
2014-03-07	0.000979	0.117624	0.119539	0.111335	0.035797	994800.000000
2014-03-06	-0.002198	0.113804	0.118443	0.112985	-0.080543	1010000.000000
2014-03-05	-0.007273	0.107600	0.113559	0.106787	-0.268494	649200.000000
2014-03-04	0.025099	0.140120	0.146507	0.138454	0.903923	916600.000000
2014-03-03	-0.019254	0.099378	0.103735	0.093114	-0.707024	1292300.000000
2014-02-28	0.000976	0.118441	0.122803	0.113262	0.035790	1630300.000000
2014-02-27	0.005150	0.114063	0.124201	0.113515	0.187946	1019700.000000
2014-02-26	-0.013546	0.109513	0.111404	0.100323	-0.501190	1232800.000000
2014-02-25	0.006574	0.122792	0.127145	0.117351	0.241650	3395000.000000
2014-02-24	0.011825	0.123682	0.136620	0.122306	0.429584	1267700.000000
2014-02-21	-0.003682	0.116528	0.122836	0.112414	-0.134239	1093100.000000
2014-02-20	0.007667	0.119562	0.128682	0.116522	0.277435	955600.000000
2014-02-19	0.000495	0.117074	0.124540	0.116245	0.017899	878700.000000
2014-02-18	0.021487	0.139099	0.144466	0.133168	0.760734	1279600.000000
2014-02-14	0.000506	0.111416	0.118199	0.111134	0.017891	1237800.000000
2014-02-13	0.005595	0.115078	0.124739	0.114793	0.196896	906500.000000
2014-02-12	-0.008573	0.110589	0.112562	0.106364	-0.304283	1222500.000000
2014-02-11	0.010189	0.117636	0.130727	0.115359	0.357990	1234200.000000
2014-02-10	0.003835	0.114779	0.122779	0.114208	0.134235	1007800.000000
2014-02-07	0.013738	0.124881	0.133859	0.122564	0.474335	1368000.000000
2014-02-06	0.019287	0.127093	0.140377	0.125322	0.653343	1413200.000000
2014-02-05	0.000661	0.111886	0.121339	0.111591	0.022370	1174300.000000
2014-02-04	0.004736	0.134960	0.135850	0.129320	0.159557	1381200.000000
2014-02-03	-0.015540	0.128717	0.130471	0.110310	-0.531853	2289200.000000
2014-01-31	-0.013793	0.106521	0.118336	0.103640	-0.478668	2055700.000000
2014-01-30	-0.009613	0.121284	0.124138	0.113293	-0.336838	2000000.000000
2014-01-29	-0.017888	0.110195	0.114119	0.105430	-0.638225	1352800.000000
2014-01-28	-0.002725	0.125617	0.128133	0.121145	-0.097504	1224200.000000
2014-01-27	-0.003949	0.132031	0.132866	0.121730	-0.141830	1613300.000000
2014-01-24	-0.025961	0.118099	0.118099	0.098845	-0.957325	1433000.000000
2014-01-23	-0.002637	0.125158	0.127592	0.121371	-0.097515	1056000.000000
2014-01-22	0.014102	0.141024	0.145687	0.140476	0.514125	1288100.000000
2014-01-21	0.032639	0.173168	0.173168	0.157590	1.152348	1827300.000000
2014-01-17	-0.006733	0.124476	0.129258	0.119131	-0.239330	1790600.000000
2014-01-16	0.017250	0.141583	0.147880	0.138435	0.602756	1395500.000000
2014-01-15	-0.013513	0.112041	0.118252	0.106959	-0.478664	2378600.000000
2014-01-14	0.012928	0.143575	0.144433	0.136998	0.452072	2488500.000000
2014-01-13	-0.007298	0.110532	0.124442	0.110248	-0.257065	2126300.000000
2014-01-10	0.006076	0.126990	0.136987	0.126990	0.212742	2284000.000000
2014-01-09	-0.008285	0.108873	0.119919	0.108023	-0.292511	2456300.000000
2014-01-08	-0.011663	0.115816	0.116376	0.111897	-0.416622	1674900.000000
2014-01-07	0.003736	0.130381	0.135158	0.130100	0.132973	1217100.000000
2014-01-06	-0.002732	0.125611	0.129814	0.123650	-0.097508	970900.000000
2014-01-03	-0.001241	0.128693	0.131771	0.124495	-0.044327	869400.000000
2014-01-02	-0.021602	0.105406	0.106502	0.099656	-0.788906	1250400.000000
2013-12-31	0.003898	0.133081	0.133356	0.128133	0.141815	641800.000000
2013-12-30	0.002198	0.128684	0.133092	0.126205	0.079785	604300.000000
2013-12-27	0.013113	0.147671	0.147950	0.139018	0.469810	789500.000000
2013-12-26	0.004223	0.128413	0.134019	0.127292	0.150681	534200.000000
2013-12-24	0.008014	0.135479	0.137456	0.134066	0.283653	354100.000000
2013-12-23	0.000501	0.129264	0.132938	0.126720	0.017727	1403300.000000
2013-12-20	0.007320	0.130126	0.136675	0.130126	0.257069	1811100.000000
2013-12-19	0.002277	0.123852	0.131558	0.121855	0.079776	1397900.000000
2013-12-18	0.011256	0.127267	0.140832	0.119475	0.390030	1736200.000000
2013-12-17	-0.007616	0.119827	0.124410	0.116104	-0.265934	1378300.000000
2013-12-16	0.006645	0.133899	0.139665	0.133611	0.230469	892200.000000
2013-12-13	-0.001786	0.124967	0.127558	0.121514	-0.062046	893200.000000
2013-12-12	-0.016558	0.112567	0.115680	0.106623	-0.585037	1062500.000000
2013-12-11	-0.015559	0.116431	0.119217	0.108908	-0.558445	1192900.000000
2013-12-10	-0.006624	0.125642	0.126196	0.118446	-0.239331	932200.000000
2013-12-09	0.002459	0.124526	0.132017	0.123694	0.088635	761300.000000
2013-12-06	0.020070	0.140303	0.150775	0.140020	0.709141	681900.000000
2013-12-05	0.000753	0.131249	0.134648	0.126150	0.026592	899600.000000
2013-12-04	-0.003004	0.120791	0.126439	0.115990	-0.106377	953300.000000
2013-12-03	-0.001499	0.119956	0.128415	0.119956	-0.053177	1143500.000000
2013-12-02	-0.012099	0.113648	0.118941	0.109470	-0.434352	1552500.000000
2013-11-29	0.006962	0.137950	0.140475	0.135145	0.248199	483600.000000
2013-11-27	0.002993	0.133760	0.143606	0.128977	0.106377	832000.000000
2013-11-26	-0.008162	0.121436	0.123948	0.116414	-0.292523	984800.000000
2013-11-25	0.008733	0.140236	0.143332	0.137703	0.310246	673400.000000
2013-11-22	-0.002489	0.122798	0.126448	0.121675	-0.088646	756200.000000
2013-11-21	-0.001243	0.123646	0.126731	0.121683	-0.044323	905000.000000
2013-11-20	0.000249	0.141316	0.141316	0.124206	0.008869	935000.000000
2013-11-19	0.001494	0.130942	0.133470	0.128695	0.053185	949300.000000
2013-11-18	0.004502	0.138573	0.138573	0.132083	0.159553	713700.000000
2013-11-15	0.003262	0.127284	0.132096	0.125585	0.115238	1151800.000000
2013-11-14	0.000754	0.127850	0.129833	0.124734	0.026600	1747000.000000
2013-11-13	0.001509	0.117919	0.130687	0.117919	0.053185	1099500.000000
2013-11-12	-0.001005	0.129267	0.130117	0.122748	-0.035462	1093000.000000
2013-11-11	0.003783	0.130694	0.133824	0.129271	0.132965	1081800.000000
2013-11-08	-0.000756	0.126427	0.128418	0.122447	-0.026588	1485500.000000
2013-11-07	-0.009239	0.127288	0.128415	0.114894	-0.327988	2829200.000000
2013-11-06	-0.008712	0.119700	0.124727	0.115233	-0.312011	2537100.000000
2013-11-05	0.002458	0.133930	0.142887	0.131410	0.087829	1210400.000000
2013-11-04	0.013204	0.148335	0.153724	0.145215	0.465572	864200.000000
2013-11-01	-0.011087	0.123263	0.126629	0.119617	-0.395290	1466800.000000
2013-10-31	0.001233	0.140936	0.145148	0.135601	0.043926	2102300.000000
2013-10-30	-0.012665	0.133418	0.133972	0.120664	-0.456787	2588900.000000
2013-10-29	0.003421	0.137852	0.143138	0.137018	0.122982	1582700.000000
2013-10-28	0.013875	0.140383	0.155897	0.140383	0.491917	1636800.000000
2013-10-25	-0.008110	0.124700	0.130855	0.122461	-0.289879	2867300.000000
2013-10-24	0.007178	0.147989	0.148835	0.141790	0.254742	2294900.000000
2013-10-23	-0.002469	0.139252	0.140376	0.132506	-0.087845	1541200.000000
2013-10-22	0.014529	0.150671	0.159226	0.149245	0.509483	1134300.000000
2013-10-21	-0.001251	0.134421	0.138693	0.131573	-0.043918	864800.000000
2013-10-18	0.003515	0.144697	0.145840	0.140123	0.122978	1053300.000000
2013-10-17	0.034277	0.164718	0.178612	0.163832	1.159519	1101800.000000
2013-10-16	0.001821	0.134855	0.141074	0.131893	0.061481	1969600.000000
2013-10-15	0.001302	0.141670	0.144932	0.138705	0.043923	1332000.000000
2013-10-14	0.004711	0.140196	0.144963	0.137813	0.158115	1198000.000000
2013-10-11	0.007382	0.140509	0.147712	0.139609	0.245945	1169300.000000
2013-10-10	0.006903	0.130249	0.146266	0.130249	0.228413	1629000.000000
2013-10-09	-0.004756	0.126980	0.136003	0.125476	-0.158119	1422300.000000
2013-10-08	-0.008124	0.131547	0.134530	0.127967	-0.272316	1730900.000000
2013-10-07	0.000787	0.134229	0.144678	0.133930	0.026348	750200.000000
2013-10-04	-0.005477	0.130095	0.134252	0.128907	-0.184467	1415800.000000
2013-10-03	0.010277	0.145308	0.153408	0.144708	0.342590	2328800.000000
2013-10-02	-0.009914	0.120588	0.127122	0.117618	-0.333809	1944500.000000
2013-10-01	-0.006480	0.125425	0.131326	0.123064	-0.219608	1964300.000000
2013-09-30	-0.027231	0.130945	0.136112	0.103963	-0.948689	1773000.000000
2013-09-27	-0.015881	0.120330	0.123154	0.115810	-0.562187	1070200.000000
2013-09-26	0.005740	0.145796	0.148352	0.139261	0.202045	978300.000000
2013-09-25	-0.007923	0.131080	0.135872	0.128544	-0.281097	1352800.000000
2013-09-24	-0.017753	0.117645	0.123459	0.117091	-0.641254	1591700.000000
2013-09-23	-0.004840	0.138684	0.138684	0.129041	-0.175675	987900.000000
2013-09-20	-0.003617	0.139507	0.140330	0.133742	-0.131767	776800.000000
2013-09-19	0.015675	0.167406	0.167406	0.153465	0.562191	1144000.000000
2013-09-18	0.021516	0.138409	0.163188	0.134136	0.755440	1253000.000000
2013-09-17	0.007055	0.142137	0.149021	0.141850	0.245952	724700.000000
2013-09-16	0.010181	0.149419	0.151737	0.145073	0.351372	1185900.000000
2013-09-13	0.012107	0.146620	0.153071	0.142808	0.412861	1011900.000000
2013-09-12	-0.003849	0.139869	0.139869	0.134027	-0.131764	1491300.000000
2013-09-11	-0.003325	0.132586	0.135788	0.130839	-0.114193	2416600.000000
2013-09-10	0.015848	0.157338	0.157929	0.154380	0.535832	1949500.000000
2013-09-09	0.005223	0.137814	0.144652	0.136030	0.175682	891500.000000
2013-09-06	0.006043	0.146784	0.153663	0.139605	0.202034	729100.000000
2013-09-05	-0.001836	0.132736	0.139006	0.131840	-0.061489	793900.000000
2013-09-04	-0.003919	0.125323	0.135435	0.124134	-0.131764	928300.000000
2013-09-03	0.002619	0.147950	0.152721	0.139303	0.087845	763700.000000
2013-08-30	-0.004952	0.133365	0.135738	0.128321	-0.166900	792900.000000
2013-08-29	-0.007244	0.123976	0.132223	0.123682	-0.245953	937300.000000
2013-08-28	-0.009228	0.123526	0.130238	0.123234	-0.316231	1997200.000000
2013-08-27	-0.015893	0.124049	0.130080	0.119454	-0.553406	1036700.000000
2013-08-26	-0.002767	0.139268	0.141272	0.133540	-0.096626	712700.000000
2013-08-23	0.008116	0.142740	0.151112	0.141585	0.281098	705600.000000
2013-08-22	0.003052	0.140146	0.143911	0.138409	0.105403	709800.000000
2013-08-21	-0.013798	0.130983	0.132125	0.120701	-0.483127	877700.000000
2013-08-20	-0.003749	0.129873	0.138693	0.128735	-0.131760	767400.000000
2013-08-19	-0.003487	0.139826	0.141527	0.134155	-0.122986	806900.000000
2013-08-16	0.000249	0.142663	0.142663	0.136423	0.008789	806500.000000
2013-08-15	-0.006927	0.122918	0.131931	0.117285	-0.245952	843400.000000
2013-08-14	-0.002222	0.141219	0.144029	0.135036	-0.079060	682800.000000
2013-08-13	0.007962	0.145490	0.149173	0.141525	0.281098	857800.000000
2013-08-12	-0.002977	0.132478	0.135867	0.131348	-0.105420	677700.000000
2013-08-09	0.004235	0.143514	0.148619	0.140961	0.149334	558200.000000
2013-08-08	0.001747	0.138693	0.143523	0.134431	0.061493	858400.000000
2013-08-07	-0.017073	0.119252	0.123441	0.114505	-0.611381	1800100.000000
2013-08-06	-0.008440	0.136941	0.142202	0.135834	-0.304802	817800.000000
2013-08-05	0.002175	0.147739	0.151902	0.143022	0.078377	721000.000000
2013-08-02	0.006323	0.149970	0.156393	0.145222	0.226425	752600.000000
2013-08-01	0.012060	0.161578	0.163839	0.157338	0.426723	2872800.000000
2013-07-31	0.001973	0.145463	0.156790	0.143197	0.069668	2654600.000000
2013-07-30	-0.000739	0.153105	0.154237	0.146030	-0.026131	2449700.000000
2013-07-29	0.000246	0.142067	0.151407	0.142067	0.008702	1340800.000000
2013-07-26	-0.016008	0.128798	0.131584	0.119051	-0.574764	1895000.000000
2013-07-25	-0.008656	0.130072	0.138631	0.129520	-0.313500	941600.000000
2013-07-24	-0.002638	0.156280	0.156280	0.142236	-0.095798	830800.000000
2013-07-23	-0.006196	0.150210	0.151031	0.140358	-0.226426	889300.000000
2013-07-22	-0.003325	0.150476	0.152386	0.143385	-0.121917	962200.000000
2013-07-19	0.002619	0.140363	0.152943	0.138996	0.095787	945600.000000
2013-07-18	0.001192	0.152675	0.157603	0.149116	0.043548	749900.000000
2013-07-17	-0.012247	0.143697	0.144508	0.130445	-0.452842	1135600.000000
2013-07-16	-0.004922	0.141566	0.143719	0.135915	-0.182888	628500.000000
2013-07-15	0.007318	0.152902	0.156968	0.151276	0.269962	313500.000000
2013-07-12	-0.003528	0.141001	0.146403	0.140731	-0.130623	467800.000000
2013-07-11	0.029547	0.173323	0.183613	0.163590	1.062447	829800.000000
2013-07-10	0.004134	0.145502	0.156393	0.145222	0.148052	1013600.000000
2013-07-09	0.003171	0.153897	0.154177	0.146613	0.113209	511800.000000
2013-07-08	0.003673	0.157011	0.158135	0.150262	0.130630	754400.000000
2013-07-05	0.007897	0.159346	0.159346	0.146311	0.278675	1049700.000000
2013-07-03	-0.001479	0.138956	0.147162	0.136127	-0.052254	401300.000000
2013-07-02	-0.001476	0.142643	0.152532	0.142361	-0.052253	596900.000000
2013-07-01	0.004697	0.151701	0.157662	0.149998	0.165470	741800.000000
2013-06-28	0.004220	0.158272	0.158842	0.150860	0.148041	891800.000000
2013-06-27	0.012315	0.152912	0.167629	0.152912	0.426715	1013000.000000
2013-06-26	0.015569	0.160018	0.169689	0.159431	0.531228	732000.000000
2013-06-25	0.004615	0.151238	0.155655	0.141816	0.156742	646300.000000
2013-06-24	-0.013906	0.120712	0.139003	0.120422	-0.478958	1012000.000000
2013-06-21	0.000253	0.163105	0.163977	0.139872	0.008705	888000.000000
2013-06-20	-0.040757	0.117929	0.122387	0.100657	-1.463040	1295800.000000
2013-06-19	-0.010799	0.153530	0.158766	0.135894	-0.391884	924400.000000
2013-06-18	-0.000240	0.141682	0.149672	0.139478	-0.008709	762200.000000
2013-06-17	0.011160	0.163894	0.168352	0.155537	0.400593	660300.000000
2013-06-14	-0.006268	0.135837	0.144419	0.135837	-0.226413	826500.000000
2013-06-13	0.000482	0.136662	0.151064	0.135000	0.017414	929300.000000
2013-06-12	0.002660	0.157458	0.157736	0.150238	0.095783	808800.000000
2013-06-11	-0.006964	0.125406	0.143606	0.124027	-0.252541	1149300.000000
2013-06-10	-0.004542	0.139510	0.145000	0.136490	-0.165466	876200.000000
2013-06-07	0.005771	0.138355	0.158234	0.137527	0.209011	751100.000000
2013-06-06	0.004104	0.150789	0.155225	0.143304	0.148037	863200.000000
2013-06-05	-0.018484	0.139586	0.139586	0.126797	-0.679275	688100.000000
2013-06-04	-0.001656	0.153727	0.154542	0.142046	-0.060952	968200.000000
2013-06-03	0.006189	0.155401	0.160048	0.146927	0.226422	1524600.000000
2013-05-31	-0.018687	0.129786	0.136760	0.126836	-0.696682	2116600.000000
2013-05-30	-0.003027	0.144016	0.148294	0.142411	-0.113209	754800.000000
2013-05-29	-0.008085	0.135297	0.141132	0.131848	-0.304798	2455800.000000
2013-05-28	0.001388	0.162107	0.165560	0.147232	0.052246	648700.000000
2013-05-24	-0.001386	0.143785	0.149621	0.139541	-0.052246	755800.000000
2013-05-23	0.005341	0.148827	0.157628	0.143227	0.200287	739700.000000
2013-05-22	-0.004623	0.146967	0.156788	0.141127	-0.174168	956000.000000
2013-05-21	-0.000231	0.145640	0.153602	0.140067	-0.008705	795000.000000
2013-05-20	0.001157	0.148826	0.153342	0.146700	0.043545	744000.000000
2013-05-17	-0.000694	0.141922	0.148029	0.141922	-0.026123	546100.000000
2013-05-16	-0.006661	0.144338	0.148030	0.139855	-0.252560	576000.000000
2013-05-15	0.010913	0.155493	0.161358	0.154693	0.409313	562500.000000
2013-05-14	0.010558	0.156108	0.160419	0.153683	0.391888	650200.000000
2013-05-13	0.001880	0.152613	0.155312	0.149644	0.069664	837000.000000
2013-05-10	0.001177	0.150997	0.151267	0.146132	0.043541	634100.000000
2013-05-09	-0.013466	0.138963	0.141362	0.130698	-0.505093	756600.000000
2013-05-08	0.002537	0.152544	0.157088	0.147733	0.094914	858200.000000
2013-05-07	0.001619	0.156551	0.160835	0.153606	0.060466	899800.000000
2013-05-06	-0.004604	0.160820	0.161886	0.150694	-0.172763	513600.000000
2013-05-03	0.006721	0.165671	0.170231	0.162988	0.250511	943600.000000
2013-05-02	-0.002312	0.151734	0.158961	0.151199	-0.086376	792700.000000
2013-05-01	-0.001616	0.163501	0.165906	0.154683	-0.060475	903100.000000
2013-04-30	-0.001613	0.151219	0.157089	0.148818	-0.060470	891900.000000
2013-04-29	0.016635	0.169014	0.179863	0.168200	0.613323	1172300.000000
2013-04-26	0.004945	0.163619	0.169070	0.161983	0.181404	741400.000000
2013-04-25	-0.017125	0.147442	0.149318	0.136994	-0.639229	885200.000000
2013-04-24	0.000695	0.165933	0.166201	0.157891	0.025913	902700.000000
2013-04-23	0.020080	0.171843	0.182509	0.171296	0.734265	816000.000000
2013-04-22	-0.003297	0.151898	0.156532	0.146174	-0.120949	737200.000000
2013-04-19	0.006398	0.158720	0.165029	0.157074	0.233246	795700.000000
2013-04-18	0.002375	0.161472	0.165047	0.154598	0.086380	849000.000000
2013-04-17	-0.015665	0.151938	0.151938	0.135969	-0.578774	1367700.000000
2013-04-16	0.005407	0.163609	0.164698	0.155718	0.198693	569100.000000
2013-04-15	-0.010698	0.152777	0.156546	0.145239	-0.397370	905200.000000
2013-04-12	0.000698	0.154120	0.158431	0.152773	0.025910	484400.000000
2013-04-11	0.010108	0.165242	0.170685	0.163609	0.371460	649100.000000
2013-04-10	0.016730	0.165923	0.178650	0.164816	0.604679	996300.000000
2013-04-09	-0.003572	0.152109	0.156244	0.146595	-0.129574	1032700.000000
2013-04-08	0.001670	0.163698	0.163974	0.155413	0.060474	634800.000000
2013-04-05	-0.003565	0.139737	0.154596	0.139187	-0.129574	818100.000000
2013-04-04	-0.011281	0.142115	0.149733	0.139394	-0.414646	1129700.000000
2013-04-03	-0.001408	0.164143	0.166316	0.155449	-0.051834	651100.000000
2013-04-02	0.009716	0.161737	0.174630	0.160640	0.354176	885200.000000
2013-04-01	-0.000947	0.157897	0.157897	0.153238	-0.034546	443000.000000
2013-03-28	0.016606	0.176847	0.184648	0.171274	0.596039	909300.000000
2013-03-27	-0.005743	0.142941	0.152359	0.141002	-0.207322	1061300.000000
2013-03-26	-0.002149	0.157070	0.159005	0.151265	-0.077739	1464500.000000
2013-03-25	-0.003569	0.156796	0.161203	0.150186	-0.129585	737400.000000
2013-03-22	0.014972	0.168525	0.181105	0.167127	0.535583	722800.000000
2013-03-21	-0.007668	0.148191	0.152629	0.144584	-0.276424	830000.000000
2013-03-20	0.004816	0.166264	0.168772	0.160131	0.172767	1079900.000000
2013-03-19	0.007032	0.164640	0.171096	0.160149	0.250511	1001800.000000
2013-03-18	0.000971	0.151722	0.162399	0.150598	0.034550	878300.000000
2013-03-15	-0.003627	0.159582	0.160702	0.152863	-0.129566	707700.000000
2013-03-14	0.010015	0.153664	0.169216	0.153098	0.354172	970100.000000
2013-03-13	0.000978	0.155358	0.159038	0.153660	0.034546	549500.000000
2013-03-12	-0.001221	0.156209	0.158470	0.154230	-0.043190	678700.000000
2013-03-11	0.001467	0.153942	0.159887	0.153376	0.051834	666900.000000
2013-03-08	0.002943	0.160462	0.162734	0.155919	0.103664	572400.000000
2013-03-07	0.009658	0.174536	0.176256	0.167083	0.336880	605900.000000
2013-03-06	-0.004683	0.156196	0.157908	0.150203	-0.164124	701300.000000
2013-03-05	0.006201	0.167671	0.170830	0.163365	0.215969	742100.000000
2013-03-04	0.006742	0.155599	0.166872	0.155021	0.233242	684800.000000
2013-03-01	0.005019	0.154427	0.163432	0.150070	0.172764	1040700.000000
2013-02-28	0.002515	0.156166	0.165777	0.153545	0.086373	1357700.000000
2013-02-27	0.017405	0.158808	0.179252	0.157919	0.587421	911800.000000
2013-02-26	-0.005093	0.157033	0.163518	0.148189	-0.172768	3161600.000000
2013-02-25	-0.023863	0.146976	0.153882	0.129711	-0.829284	1988400.000000
2013-02-22	0.008018	0.163134	0.167775	0.158783	0.276432	561600.000000
2013-02-21	-0.012129	0.142436	0.145874	0.140144	-0.423287	880900.000000
2013-02-20	0.000248	0.164501	0.166221	0.156763	0.008637	858800.000000
2013-02-19	0.015079	0.167805	0.175660	0.166932	0.518307	812000.000000
2013-02-15	-0.008719	0.152720	0.153873	0.144933	-0.302342	945300.000000
2013-02-14	0.014405	0.173713	0.175175	0.171665	0.492382	749200.000000
2013-02-13	-0.004778	0.157040	0.158787	0.150635	-0.164123	685500.000000
2013-02-12	0.006073	0.159380	0.166703	0.159087	0.207321	629700.000000
2013-02-11	-0.003279	0.158790	0.158790	0.150907	-0.112305	701500.000000
2013-02-08	0.002022	0.159670	0.165521	0.158793	0.069107	815900.000000
2013-02-07	-0.008519	0.150371	0.156172	0.143410	-0.293697	1114900.000000
2013-02-06	-0.009579	0.143374	0.146534	0.142512	-0.333443	663800.000000
2013-02-05	0.010699	0.176802	0.182029	0.173608	0.368481	839300.000000
2013-02-04	-0.018559	0.152967	0.157242	0.144988	-0.651276	1169300.000000
2013-02-01	0.006390	0.175534	0.177541	0.171232	0.222801	664400.000000
2013-01-31	0.004443	0.165778	0.174132	0.164914	0.154244	893300.000000
2013-01-30	0.003966	0.164906	0.172425	0.164617	0.137123	802100.000000
2013-01-29	0.005733	0.164022	0.174202	0.163440	0.197090	873400.000000
2013-01-28	-0.000996	0.167802	0.168674	0.162281	-0.034275	716200.000000
2013-01-25	0.008792	0.174258	0.177483	0.169568	0.299931	1431900.000000
2013-01-24	-0.005992	0.159938	0.164308	0.157024	-0.205658	975700.000000
2013-01-23	0.026397	0.198631	0.200724	0.192052	0.882656	1432000.000000
2013-01-22	0.008529	0.175376	0.177487	0.168137	0.282791	1503500.000000
2013-01-18	-0.002835	0.163322	0.165427	0.159111	-0.094258	1082900.000000
2013-01-17	-0.004363	0.160043	0.164235	0.157648	-0.145690	1022500.000000
2013-01-16	0.004123	0.169636	0.174447	0.167832	0.137107	1361800.000000
2013-01-15	0.009101	0.168751	0.178460	0.168447	0.299939	709400.000000
2013-01-14	-0.003885	0.156654	0.163001	0.155445	-0.128548	1434000.000000
2013-01-11	-0.003098	0.159398	0.165424	0.157590	-0.102821	1619000.000000
2013-01-10	0.009119	0.162066	0.178180	0.161762	0.299923	1604300.000000
2013-01-09	-0.009548	0.154884	0.157896	0.153981	-0.317074	1362400.000000
2013-01-08	0.000775	0.163013	0.168739	0.161807	0.025715	697500.000000
2013-01-07	-0.004628	0.157031	0.161530	0.155531	-0.154267	736500.000000
2013-01-04	0.005428	0.159390	0.174169	0.159390	0.179974	785500.000000
2013-01-03	-0.008203	0.154965	0.161845	0.153768	-0.274227	671300.000000
2013-01-02	0.007490	0.177780	0.179588	0.169643	0.248520	774700.000000
2012-12-31	0.010966	0.165407	0.179727	0.165407	0.359912	596700.000000
2012-12-28	-0.008029	0.161490	0.163303	0.157561	-0.265655	575000.000000
2012-12-27	-0.000518	0.171159	0.174482	0.161191	-0.017136	1282800.000000
2012-12-26	-0.002839	0.166930	0.170244	0.161508	-0.094265	645400.000000
2012-12-24	-0.002831	0.167831	0.171136	0.159421	-0.094265	324200.000000
2012-12-21	-0.013208	0.154185	0.158631	0.148554	-0.445610	860300.000000
2012-12-20	0.004080	0.174073	0.174073	0.168418	0.137108	907800.000000
2012-12-19	-0.003051	0.173458	0.173458	0.162480	-0.102825	1199800.000000
2012-12-18	0.004854	0.172595	0.175278	0.168421	0.162811	801000.000000
2012-12-17	0.001279	0.165438	0.169617	0.165139	0.042858	679500.000000
2012-12-14	0.005401	0.171132	0.176235	0.168731	0.179955	1074700.000000
2012-12-13	-0.005118	0.166632	0.168423	0.159167	-0.171394	580900.000000
2012-12-12	0.006957	0.172643	0.180461	0.170538	0.231372	1093800.000000
2012-12-11	0.004660	0.173274	0.176295	0.169649	0.154255	729700.000000
2012-12-10	-0.002067	0.167533	0.169643	0.163614	-0.068557	557700.000000
2012-12-07	0.008073	0.173312	0.176654	0.170881	0.265647	973700.000000
2012-12-06	-0.007495	0.163613	0.164518	0.155168	-0.248504	617100.000000
2012-12-05	0.001294	0.165722	0.171460	0.163306	0.042835	927200.000000
2012-12-04	0.006775	0.180004	0.180004	0.172707	0.222817	1808400.000000
2012-12-03	0.000782	0.179102	0.179406	0.165105	0.025711	2797100.000000
2012-11-30	-0.011343	0.167231	0.170540	0.152791	-0.377064	6113500.000000
2012-11-29	0.008581	0.177853	0.184225	0.171482	0.282799	879600.000000
2012-11-28	0.008390	0.173967	0.179781	0.169378	0.274219	1497000.000000
2012-11-27	0.000262	0.175499	0.178254	0.166930	0.008572	998300.000000
2012-11-26	0.002893	0.170000	0.171227	0.167237	0.094269	930400.000000
2012-11-23	0.019030	0.185384	0.190388	0.184132	0.608428	1085700.000000
2012-11-21	-0.001872	0.161624	0.165370	0.161312	-0.059974	561900.000000
2012-11-20	0.005920	0.169757	0.176665	0.167244	0.188522	942800.000000
2012-11-19	0.017803	0.179076	0.189304	0.178437	0.557018	728700.000000
2012-11-16	-0.001914	0.163740	0.165973	0.152575	-0.059997	1413100.000000
2012-11-15	-0.007596	0.158382	0.164714	0.153950	-0.239945	747700.000000
2012-11-14	-0.006737	0.167559	0.168817	0.157182	-0.214231	682400.000000
2012-11-13	0.007876	0.164078	0.184045	0.163444	0.248516	1372100.000000
2012-11-12	0.002996	0.169791	0.173606	0.169473	0.094261	975300.000000
2012-11-09	-0.001088	0.163755	0.170741	0.162803	-0.034271	1230800.000000
2012-11-08	-0.006757	0.164723	0.169138	0.159046	-0.214245	1323400.000000
2012-11-07	-0.008415	0.161489	0.161489	0.149918	-0.269071	743600.000000
2012-11-06	0.009117	0.186280	0.190067	0.182809	0.288908	851200.000000
2012-11-05	-0.000536	0.177128	0.178390	0.173658	-0.016999	695300.000000
2012-11-02	-0.002406	0.175869	0.180903	0.172407	-0.076475	864700.000000
2012-11-01	0.002950	0.181862	0.183756	0.177444	0.093474	1269700.000000
2012-10-31	0.006750	0.191428	0.193016	0.180943	0.212442	1607500.000000
2012-10-26	0.000270	0.180944	0.182533	0.171410	0.008491	1702800.000000
2012-10-25	0.025478	0.224068	0.225045	0.202884	0.781773	2297400.000000
2012-10-24	0.000000	0.187241	0.187567	0.173554	0.000000	1494900.000000
2012-10-23	-0.021674	0.155451	0.157045	0.146524	-0.679802	2168600.000000
2012-10-22	-0.006460	0.184099	0.185049	0.161608	-0.203932	1884700.000000
2012-10-19	-0.011442	0.173681	0.174934	0.162095	-0.365396	967000.000000
2012-10-18	-0.011313	0.158236	0.165048	0.157308	-0.365399	1993700.000000
2012-10-17	0.006621	0.177436	0.185539	0.175566	0.212433	1418400.000000
2012-10-16	0.010436	0.190984	0.193818	0.185630	0.331408	1081100.000000
2012-10-15	0.007278	0.190770	0.191087	0.183157	0.229437	1061800.000000
2012-10-12	0.004603	0.186054	0.188603	0.180318	0.144453	874000.000000
2012-10-11	0.003805	0.183530	0.186089	0.179692	0.118969	968200.000000
2012-10-10	-0.001628	0.176493	0.184158	0.173300	-0.050986	1103500.000000
2012-10-09	-0.017333	0.167712	0.168653	0.156414	-0.552343	1687800.000000
2012-10-08	0.000801	0.169903	0.179325	0.169275	0.025492	2573500.000000
2012-10-05	0.007529	0.185040	0.189470	0.182509	0.237938	750500.000000
2012-10-04	0.011422	0.185774	0.190575	0.183214	0.356895	1530400.000000
2012-10-03	0.001907	0.178416	0.182905	0.177133	0.059483	579500.000000
2012-10-02	0.000545	0.176171	0.180663	0.174246	0.016994	1037600.000000
2012-10-01	0.004381	0.184869	0.188735	0.179391	0.135958	911400.000000
2012-09-28	-0.010566	0.176175	0.177450	0.157364	-0.331404	1016500.000000
2012-09-27	0.005174	0.177454	0.187068	0.175851	0.161453	604700.000000
2012-09-26	-0.004608	0.172666	0.173942	0.168519	-0.144456	960700.000000
2012-09-25	-0.004587	0.177765	0.184434	0.171414	-0.144459	667900.000000
2012-09-24	-0.002154	0.174278	0.176496	0.171426	-0.067974	1006200.000000
2012-09-21	-0.001345	0.179344	0.179344	0.174281	-0.042490	650200.000000
2012-09-20	-0.002682	0.170817	0.176497	0.169870	-0.084978	779700.000000
2012-09-19	0.005393	0.182207	0.186332	0.178082	0.169961	866500.000000
2012-09-18	0.009251	0.187700	0.191223	0.184498	0.288901	997100.000000
2012-09-17	0.005472	0.187116	0.190014	0.180998	0.169954	986700.000000
2012-09-14	0.001919	0.168748	0.181974	0.168748	0.059475	1452700.000000
2012-09-13	0.012771	0.176813	0.193475	0.173872	0.390892	1072400.000000
2012-09-12	-0.004147	0.180066	0.180066	0.169004	-0.127457	1116100.000000
2012-09-11	0.009489	0.183710	0.191921	0.181082	0.288908	1071700.000000
2012-09-10	-0.015118	0.156757	0.163873	0.156757	-0.467365	1188700.000000
2012-09-07	-0.010875	0.165934	0.171053	0.162734	-0.339897	1694800.000000
2012-09-06	0.021383	0.186290	0.203284	0.186290	0.654310	1371400.000000
2012-09-05	0.000834	0.186298	0.186298	0.176159	0.025498	1016500.000000
