2017-09-01	0.000672	0.004034	0.004538	-0.001681	0.040001	1043100.000000
2017-08-31	0.008133	0.001694	0.009488	0.001186	0.480000	1262500.000000
2017-08-30	-0.007901	-0.004202	-0.002353	-0.009918	-0.470002	1391800.000000
2017-08-29	0.000336	0.000000	0.004204	-0.001009	0.020001	1022900.000000
2017-08-28	0.003374	0.005736	0.007592	0.003037	0.200001	996200.000000
2017-08-25	0.007479	0.004080	0.010029	0.001870	0.439998	948100.000000
2017-08-24	-0.002881	0.002542	0.003729	-0.004237	-0.169998	1014200.000000
2017-08-23	-0.000678	-0.000678	0.000847	-0.003557	-0.040001	948500.000000
2017-08-22	0.003740	0.002040	0.005440	0.001020	0.220001	1165900.000000
2017-08-21	0.004955	0.001538	0.006322	0.000683	0.290001	868500.000000
2017-08-18	0.001883	0.001541	0.004451	-0.001369	0.110001	810000.000000
2017-08-17	-0.008318	-0.002207	0.001528	-0.008488	-0.490002	865600.000000
2017-08-16	0.002382	-0.000510	0.004764	-0.002042	0.140000	1042400.000000
2017-08-15	0.006163	-0.001883	0.006335	-0.002739	0.360000	1017900.000000
2017-08-14	0.007764	0.007074	0.009834	0.004831	0.450001	690400.000000
2017-08-11	0.000173	0.006040	0.006040	-0.002588	0.009998	1180900.000000
2017-08-10	-0.014456	-0.012925	-0.011224	-0.017177	-0.849998	1171500.000000
2017-08-09	0.003927	-0.004610	0.004439	-0.006488	0.229999	977400.000000
2017-08-08	0.000854	-0.000854	0.002221	-0.001538	0.050000	788800.000000
2017-08-07	0.005326	0.000687	0.006013	0.000687	0.310001	551000.000000
2017-08-04	0.000000	0.001031	0.004123	-0.003092	0.000000	700800.000000
2017-08-03	0.004660	0.003970	0.008630	0.002934	0.270000	1332100.000000
2017-08-02	0.004229	0.001283	0.007176	-0.002010	0.244000	1256800.000000
2017-08-01	-0.001031	0.004405	0.010638	0.004232	-0.059570	1005800.000000
2017-07-31	0.002240	0.012729	0.013423	0.004920	0.129070	1300000.000000
2017-07-28	-0.003947	0.001126	0.004929	-0.005442	-0.228359	1211300.000000
2017-07-27	-0.000515	0.010803	0.012531	0.002338	-0.029786	825600.000000
2017-07-26	0.009174	0.012057	0.017287	0.010314	0.526223	919100.000000
2017-07-25	0.002777	0.015567	0.016092	0.007875	0.158859	1239000.000000
2017-07-24	-0.008775	0.000417	0.001457	-0.005475	-0.506367	1397100.000000
2017-07-21	0.004494	0.010309	0.012398	0.004564	0.258148	1552900.000000
2017-07-20	0.017229	0.021164	0.029486	0.018685	0.973019	2658600.000000
2017-07-19	0.000000	0.014790	0.015675	0.006644	0.000000	1606500.000000
2017-07-18	0.000176	0.008415	0.011780	0.006644	0.009930	1559000.000000
2017-07-17	-0.000176	0.008769	0.008946	0.005051	-0.009930	2028600.000000
2017-07-14	0.012280	0.016138	0.020798	0.013270	0.685085	1753500.000000
2017-07-13	0.004469	0.013657	0.014557	0.009516	0.248219	1399600.000000
2017-07-12	0.007746	0.014252	0.017881	0.013889	0.426937	1061800.000000
2017-07-11	0.005798	0.007176	0.014293	0.006993	0.317718	1255100.000000
2017-07-10	0.008405	0.016377	0.019689	0.013800	0.456723	1707400.000000
2017-07-07	0.001281	0.008465	0.011229	0.006070	0.069500	1195400.000000
2017-07-06	-0.003464	0.001667	0.006074	-0.001822	-0.188645	1095700.000000
2017-07-05	-0.002364	0.001130	0.007725	0.000764	-0.129074	1575900.000000
2017-07-03	-0.005247	0.001709	0.004442	0.000433	-0.287933	735700.000000
2017-06-30	0.008393	0.016731	0.017833	0.010851	0.456722	1809500.000000
2017-06-29	-0.028536	-0.003892	-0.003892	-0.023707	-1.598530	2409300.000000
2017-06-28	0.005346	0.011842	0.013995	0.008252	0.297863	1904400.000000
2017-06-27	0.001964	0.011312	0.013110	0.008434	0.109219	2724500.000000
2017-06-26	0.005927	0.026350	0.026530	0.012059	0.327644	2278700.000000
2017-06-23	0.001439	0.010436	0.013335	0.006270	0.079434	1254600.000000
2017-06-22	-0.003941	0.006995	0.007897	0.002665	-0.218434	949100.000000
2017-06-21	0.003596	0.008805	0.011884	0.008805	0.198574	981900.000000
2017-06-20	-0.007849	0.010409	0.011667	-0.001807	-0.436866	1080400.000000
2017-06-19	0.002683	0.009878	0.012400	0.007536	0.148933	1313500.000000
2017-06-16	0.011763	0.018658	0.020116	0.010639	0.645371	2593700.000000
2017-06-15	-0.000181	-0.001025	0.009180	-0.003576	-0.009930	1574200.000000
2017-06-14	-0.002347	0.011175	0.012993	0.002994	-0.129078	1639800.000000
2017-06-13	-0.001442	0.004453	0.008265	0.003726	-0.079426	1438300.000000
2017-06-12	-0.011580	0.000536	0.001434	-0.006282	-0.645370	2537600.000000
2017-06-09	-0.006900	0.001830	0.004146	-0.006189	-0.387223	1885500.000000
2017-06-08	-0.015331	-0.003703	-0.002124	-0.013003	-0.873729	1715000.000000
2017-06-07	-0.000696	0.008578	0.009630	0.002792	-0.039715	1109800.000000
2017-06-06	-0.002778	0.002629	0.004902	0.001580	-0.158859	1331200.000000
2017-06-05	-0.001733	0.000892	0.005605	0.000368	-0.099289	1120100.000000
2017-06-02	0.011926	0.015301	0.019717	0.011945	0.675155	1298600.000000
2017-06-01	0.004227	0.013384	0.013384	0.004692	0.238293	1982800.000000
2017-05-31	0.006024	0.017704	0.020916	0.011637	0.337578	2275900.000000
2017-05-30	-0.000177	0.002001	0.008246	0.001644	-0.009934	1577200.000000
2017-05-26	-0.005462	-0.002229	0.002207	-0.002406	-0.307789	981400.000000
2017-05-25	0.016840	0.020167	0.025399	0.018904	0.933304	1637200.000000
2017-05-24	0.007581	0.016084	0.016447	0.008812	0.417004	1467900.000000
2017-05-23	-0.005564	0.010791	0.011514	0.000848	-0.307789	1451600.000000
2017-05-22	0.013646	0.018354	0.024768	0.017621	0.744660	1261900.000000
2017-05-19	0.010852	0.016438	0.022180	0.014956	0.585796	1693200.000000
2017-05-18	-0.004759	0.001645	0.003857	-0.003333	-0.258152	1859000.000000
2017-05-17	-0.001645	0.013249	0.016010	0.005335	-0.089359	2599900.000000
2017-05-16	0.008292	0.018867	0.019795	0.014599	0.446796	1278700.000000
2017-05-15	0.009862	0.013735	0.017858	0.011861	0.526222	1008100.000000
2017-05-12	-0.003338	0.000825	0.004747	-0.000483	-0.178715	1411400.000000
2017-05-11	0.005220	0.010368	0.012433	0.006049	0.278004	1093300.000000
2017-05-10	0.005813	0.010386	0.014163	0.010008	0.307789	1456100.000000
2017-05-09	-0.002618	0.012638	0.012638	0.003220	-0.139000	1793200.000000
2017-05-08	0.011349	0.016510	0.022797	0.015177	0.595726	2239100.000000
2017-05-05	-0.000567	0.006414	0.008127	0.003939	-0.029789	1506300.000000
2017-05-04	0.009542	0.010251	0.018516	0.009674	0.496441	1904000.000000
2017-05-03	0.000057	0.005311	0.010693	0.002620	0.002979	1111100.000000
2017-05-02	0.010917	0.027557	0.029306	0.024059	0.561829	2277000.000000
2017-05-01	-0.000574	0.015703	0.016674	0.013567	-0.029568	896900.000000
2017-04-28	0.003843	0.015707	0.021751	0.015317	0.197132	1716300.000000
2017-04-27	0.001154	0.017270	0.017465	0.012781	0.059143	947500.000000
2017-04-26	-0.009150	0.011637	0.012410	0.004868	-0.473121	1654900.000000
2017-04-25	0.001910	0.016669	0.018413	0.013569	0.098564	2041200.000000
2017-04-24	0.026667	0.041791	0.043581	0.037017	1.340515	3433100.000000
2017-04-21	-0.002738	0.010768	0.014934	0.010371	-0.137997	2073100.000000
2017-04-20	0.002942	0.033837	0.033837	0.017522	0.147850	3247700.000000
2017-04-19	-0.006237	0.011374	0.014735	0.007222	-0.315418	2924700.000000
2017-04-18	0.001171	0.012558	0.016517	0.010380	0.059143	1791300.000000
2017-04-17	0.004705	0.017123	0.020703	0.016924	0.236565	692800.000000
2017-04-13	-0.007201	0.009799	0.011576	0.007034	-0.364700	1469000.000000
2017-04-12	0.009430	0.015135	0.024304	0.015135	0.473121	1686200.000000
2017-04-11	0.002166	0.017734	0.020930	0.014537	0.108421	1839700.000000
2017-04-10	0.002566	0.010733	0.020946	0.010132	0.128140	2181400.000000
2017-04-07	0.013200	0.017378	0.030770	0.016770	0.650543	3815600.000000
2017-04-06	0.008675	0.027227	0.027227	0.020882	0.423840	3746800.000000
2017-04-05	-0.003017	0.012293	0.017394	0.011273	-0.147854	3618200.000000
2017-04-04	0.002015	0.007381	0.016991	0.007381	0.098572	2324000.000000
2017-04-03	-0.001208	0.014129	0.015354	0.008003	-0.059143	3992500.000000
2017-03-31	-0.003610	0.010061	0.015148	0.005584	-0.177422	4594700.000000
2017-03-30	-0.009535	0.009096	0.011313	0.004461	-0.473122	4236000.000000
2017-03-29	-0.003168	0.009515	0.013332	0.007908	-0.157703	3071700.000000
2017-03-28	-0.001976	0.009926	0.013736	0.009325	-0.098568	2280400.000000
2017-03-27	0.006765	0.023823	0.025236	0.019382	0.335129	2708400.000000
2017-03-24	0.003795	0.025277	0.025479	0.016564	0.187275	1428600.000000
2017-03-23	-0.001197	0.013526	0.022228	0.012716	-0.059139	1961000.000000
2017-03-22	0.004811	0.021452	0.024299	0.017791	0.236560	2359300.000000
2017-03-21	-0.004589	0.021622	0.022634	0.009882	-0.226703	2358200.000000
2017-03-20	0.007437	0.023306	0.024734	0.019636	0.364696	2410600.000000
2017-03-17	-0.001806	0.017591	0.017998	0.011077	-0.088711	3486100.000000
2017-03-16	0.008907	0.021520	0.025422	0.019261	0.433693	3393100.000000
2017-03-15	0.013333	0.014954	0.030770	0.012665	0.640690	2320300.000000
2017-03-14	0.003913	0.019970	0.028118	0.017254	0.187275	2306800.000000
2017-03-13	-0.009586	0.005847	0.009985	0.001708	-0.463264	2373400.000000
2017-03-10	0.011762	0.022912	0.027936	0.020400	0.561832	2349200.000000
2017-03-09	0.022794	0.027385	0.038306	0.025030	1.064526	5811500.000000
2017-03-08	-0.001686	0.008338	0.013682	0.007697	-0.078854	2118600.000000
2017-03-07	0.003170	0.017540	0.019899	0.014323	0.147846	4261400.000000
2017-03-06	-0.000211	0.012394	0.015181	0.010250	-0.009853	2450300.000000
2017-03-03	0.007023	0.014538	0.022742	0.010219	0.325272	3148400.000000
2017-03-02	-0.008231	0.000191	0.010683	-0.000237	-0.384411	3099500.000000
2017-03-01	0.001056	0.014323	0.019682	0.013037	0.049278	1365000.000000
2017-02-28	-0.000211	0.012609	0.017538	0.010894	-0.009850	2345500.000000
2017-02-27	0.009167	0.023405	0.026649	0.019512	0.423840	2827400.000000
2017-02-24	0.007085	0.026953	0.027170	0.019111	0.325268	3630900.000000
2017-02-23	-0.003636	0.018661	0.023001	0.010848	-0.167565	3776500.000000
2017-02-22	0.036815	0.040413	0.068988	0.035238	1.636212	12116400.000000
2017-02-21	-0.075835	0.014538	0.014538	-0.073629	-3.646981	11042000.000000
2017-02-17	0.152883	0.124334	0.178753	0.113786	6.377289	42417400.000000
2017-02-16	0.009061	0.014779	0.024697	0.013570	0.374558	2535700.000000
2017-02-15	0.015988	0.012080	0.034936	0.011834	0.650543	3143200.000000
2017-02-14	-0.001210	0.014538	0.016010	0.007664	-0.049286	1176900.000000
2017-02-13	0.002182	0.018720	0.019212	0.015522	0.088711	1028500.000000
2017-02-10	-0.007700	0.000379	0.009411	0.000135	-0.315415	1610200.000000
2017-02-09	0.004836	0.014538	0.021160	0.013802	0.197133	1632000.000000
2017-02-08	0.014820	0.025092	0.032311	0.022105	0.595348	1483900.000000
2017-02-07	0.008836	0.029128	0.033397	0.027119	0.351868	1505200.000000
2017-02-06	-0.007793	0.013134	0.016124	0.012137	-0.312775	1289700.000000
2017-02-03	0.012078	0.033944	0.036718	0.028649	0.478935	2414800.000000
2017-02-02	0.000247	0.025623	0.030668	0.023101	0.009773	2237100.000000
2017-02-01	-0.002214	0.017564	0.023352	0.013285	-0.087966	2760700.000000
2017-01-31	0.004944	0.021077	0.028665	0.020571	0.195488	2917400.000000
2017-01-30	-0.007606	0.006534	0.016324	0.006032	-0.303002	2850100.000000
2017-01-27	0.012168	0.032755	0.036058	0.029706	0.478935	3434000.000000
2017-01-26	-0.048440	-0.025975	-0.024041	-0.031536	-2.003711	3936500.000000
2017-01-25	0.004987	0.023344	0.028446	0.022372	0.205257	1522200.000000
2017-01-24	0.002142	0.019449	0.026266	0.019449	0.087971	1948100.000000
2017-01-23	0.007432	0.026535	0.032177	0.023837	0.303001	1469500.000000
2017-01-20	0.011151	0.029797	0.035254	0.029549	0.449608	1464000.000000
2017-01-19	-0.002901	0.023101	0.023101	0.015187	-0.117287	2294900.000000
2017-01-18	-0.000966	0.022607	0.025324	0.020630	-0.039096	2161200.000000
2017-01-17	-0.000483	0.017668	0.024582	0.017668	-0.019551	2531900.000000
2017-01-13	-0.000965	0.019400	0.022607	0.015946	-0.039097	1178800.000000
2017-01-12	0.009248	0.029076	0.032562	0.027582	0.371418	1269100.000000
2017-01-11	0.004891	0.024602	0.029106	0.020348	0.195485	1336500.000000
2017-01-10	-0.010407	0.018891	0.018891	0.011711	-0.420289	1375900.000000
2017-01-09	0.006087	0.022852	0.031072	0.022852	0.244355	2145300.000000
2017-01-06	-0.005328	0.014180	0.018393	0.012942	-0.215031	1732500.000000
2017-01-05	0.009042	0.027351	0.034602	0.025351	0.361649	1307600.000000
2017-01-04	0.007634	0.028895	0.032422	0.026628	0.302997	1206400.000000
2017-01-03	-0.010960	0.007403	0.012885	0.005409	-0.439842	2585900.000000
2016-12-30	0.005633	0.030618	0.032873	0.027110	0.224808	1597900.000000
2016-12-29	0.009145	0.030434	0.034480	0.029928	0.361648	995700.000000
2016-12-28	-0.007604	0.015321	0.020089	0.014820	-0.303001	1053000.000000
2016-12-27	0.000491	0.023854	0.025360	0.022599	0.019546	693900.000000
2016-12-23	-0.001470	0.026109	0.026360	0.020594	-0.058647	1172500.000000
2016-12-22	0.007157	0.032190	0.032190	0.025878	0.283455	1358500.000000
2016-12-21	-0.005156	0.021091	0.026115	0.017826	-0.205261	1438500.000000
2016-12-20	0.009168	0.027664	0.033240	0.024875	0.361648	2069800.000000
2016-12-19	0.008244	0.032557	0.038947	0.027701	0.322552	1610100.000000
2016-12-16	0.007044	0.032367	0.035455	0.026704	0.273678	1961700.000000
2016-12-15	-0.008975	0.011367	0.015959	0.010092	-0.351875	2538300.000000
2016-12-14	-0.018115	0.020095	0.022850	0.004066	-0.723286	3753000.000000
2016-12-13	0.015916	0.037095	0.045746	0.035568	0.625545	2695400.000000
2016-12-12	0.004748	0.019522	0.028725	0.019266	0.185711	2149500.000000
2016-12-09	0.018839	0.035082	0.042896	0.032217	0.723290	2494800.000000
2016-12-08	-0.020937	0.005760	0.008565	0.000405	-0.821034	2780400.000000
2016-12-07	0.009054	0.028762	0.033651	0.024902	0.351872	4385700.000000
2016-12-06	-0.008479	0.021570	0.033051	0.012385	-0.332321	4492900.000000
2016-12-05	0.015961	0.042282	0.043837	0.033728	0.615772	3831100.000000
2016-12-02	0.008947	0.023885	0.035393	0.021270	0.342098	4745700.000000
2016-12-01	-0.017826	0.006404	0.007689	-0.003870	-0.693970	3796700.000000
2016-11-30	0.011170	0.052451	0.052451	0.034269	0.430066	4413400.000000
2016-11-29	0.004591	0.024927	0.029102	0.023362	0.175937	1471800.000000
2016-11-28	-0.010848	0.015358	0.017939	0.011228	-0.420292	1505900.000000
2016-11-25	0.025349	0.049036	0.050623	0.046389	0.957875	3295800.000000
2016-11-23	-0.009480	0.007373	0.015237	0.006848	-0.361649	2096100.000000
2016-11-22	-0.000768	0.022839	0.024672	0.018910	-0.029323	2407700.000000
2016-11-21	0.004113	0.026257	0.028361	0.023364	0.156387	1902000.000000
2016-11-18	-0.007400	0.014486	0.017880	0.012136	-0.283447	3297800.000000
2016-11-17	0.000000	0.021273	0.025972	0.019968	0.000000	1983900.000000
2016-11-16	-0.013344	0.007904	0.014600	0.006358	-0.518040	3462900.000000
2016-11-15	0.008122	0.025697	0.031929	0.023101	0.312775	5104700.000000
2016-11-14	-0.009054	0.012293	0.015124	0.004316	-0.351868	3200100.000000
2016-11-11	-0.004756	0.013625	0.022332	0.013113	-0.185711	6729600.000000
2016-11-10	-0.037581	-0.010419	-0.010419	-0.022496	-1.524776	4910000.000000
2016-11-09	-0.014014	-0.005575	0.012408	-0.005818	-0.576680	4595000.000000
2016-11-08	0.004054	0.024077	0.032617	0.023345	0.166165	2911100.000000
2016-11-07	0.013536	0.031262	0.037692	0.028294	0.547355	2214200.000000
2016-11-04	-0.010050	0.020408	0.021142	0.012084	-0.410518	4890600.000000
2016-11-03	-0.008776	0.020431	0.020917	0.012423	-0.361645	1399600.000000
2016-11-02	-0.000711	0.025041	0.026253	0.020918	-0.029320	1484400.000000
2016-11-01	0.008847	0.037290	0.038269	0.030929	0.361641	3421000.000000
2016-10-31	-0.001909	0.018217	0.023833	0.017240	-0.078194	1816600.000000
2016-10-28	0.005520	0.029975	0.032185	0.026538	0.224812	1411800.000000
2016-10-27	-0.004777	0.027010	0.027010	0.018214	-0.195484	1195900.000000
2016-10-26	-0.006525	0.016182	0.019823	0.014968	-0.268795	1078000.000000
2016-10-25	-0.001410	0.030991	0.032931	0.027840	-0.058155	1314600.000000
2016-10-24	-0.002344	0.033170	0.033653	0.029058	-0.096924	912800.000000
2016-10-21	-0.005826	0.021861	0.026669	0.021620	-0.242317	1786500.000000
2016-10-20	0.006096	0.035347	0.039943	0.031719	0.252006	1966400.000000
2016-10-19	-0.011358	0.026696	0.027175	0.019282	-0.474933	5385500.000000
2016-10-18	0.008180	0.041122	0.042569	0.035335	0.339241	2168900.000000
2016-10-17	-0.009949	0.023364	0.027183	0.020022	-0.416779	1912300.000000
2016-10-14	-0.007806	0.031718	0.032192	0.023429	-0.329555	2995900.000000
2016-10-13	-0.027244	-0.000307	0.007988	-0.003071	-1.182484	5410700.000000
2016-10-12	-0.006434	0.028972	0.031261	0.024851	-0.281086	2410400.000000
2016-10-11	-0.006393	0.032174	0.032174	0.020573	-0.281086	3882400.000000
2016-10-10	0.000000	0.031491	0.036950	0.029217	0.000000	1080100.000000
2016-10-07	-0.007874	0.026529	0.027882	0.015471	-0.348930	1510100.000000
2016-10-06	-0.001092	0.024055	0.033071	0.023378	-0.048466	1337800.000000
2016-10-05	-0.014215	0.022164	0.022608	0.015053	-0.639710	1548900.000000
2016-10-04	0.003458	0.045543	0.045543	0.033279	0.155079	2017000.000000
2016-10-03	0.003688	0.035971	0.037537	0.032390	0.164776	1287100.000000
2016-09-30	0.008091	0.033749	0.044578	0.033749	0.358628	1724400.000000
2016-09-29	-0.016982	0.024622	0.025731	0.012646	-0.765713	1733400.000000
2016-09-28	0.006926	0.036855	0.039535	0.031272	0.310158	1256300.000000
2016-09-27	0.011827	0.037367	0.045728	0.035560	0.523399	1285500.000000
2016-09-26	-0.009544	0.022767	0.025452	0.019410	-0.426472	1068700.000000
2016-09-23	-0.007321	0.026164	0.028830	0.022610	-0.329548	1634000.000000
2016-09-22	0.022682	0.057392	0.061936	0.054212	0.998337	1604400.000000
2016-09-21	0.003536	0.026474	0.036279	0.024650	0.155079	1458400.000000
2016-09-20	-0.002865	0.032628	0.034901	0.028081	-0.126003	1281200.000000
2016-09-19	0.009791	0.043197	0.047559	0.040443	0.426475	1135100.000000
2016-09-16	-0.016415	0.015686	0.017493	0.011847	-0.726944	1649000.000000
2016-09-15	0.006388	0.032173	0.039900	0.028310	0.281082	1638500.000000
2016-09-14	-0.000660	0.030810	0.037396	0.029220	-0.029075	1432000.000000
2016-09-13	-0.014747	0.022545	0.027467	0.014713	-0.659092	1475300.000000
2016-09-12	0.010741	0.031040	0.044836	0.029457	0.474933	2640200.000000
2016-09-09	-0.022917	0.023764	0.024427	0.007854	-1.037101	1788500.000000
2016-09-08	-0.013939	0.025618	0.028668	0.016902	-0.639710	2891900.000000
2016-09-07	-0.003578	0.034541	0.034541	0.026291	-0.164779	1882300.000000
2016-09-06	-0.007519	0.020514	0.026763	0.016850	-0.348931	2849300.000000
2016-09-02	0.032342	0.064196	0.067755	0.057968	1.453884	2495600.000000
2016-09-01	0.005856	0.032837	0.038431	0.030376	0.261704	1216100.000000
2016-08-31	0.001520	0.028133	0.034184	0.026116	0.067840	1827600.000000
2016-08-30	-0.005830	0.032164	0.033946	0.024812	-0.261695	939200.000000
2016-08-29	0.005210	0.030823	0.037093	0.030375	0.232624	1010900.000000
2016-08-26	-0.002814	0.033282	0.042661	0.025689	-0.126007	1475900.000000
2016-08-25	0.003693	0.035977	0.038443	0.034408	0.164779	857900.000000
2016-08-24	-0.006690	0.028156	0.028602	0.021032	-0.300476	1699900.000000
2016-08-23	-0.000431	0.034389	0.037727	0.028825	-0.019382	1023300.000000
2016-08-22	-0.007493	0.019570	0.024871	0.018245	-0.339238	1202400.000000
2016-08-19	-0.002775	0.023789	0.028855	0.020045	-0.126003	824400.000000
2016-08-18	0.000427	0.031498	0.032820	0.028193	0.019379	968500.000000
2016-08-17	0.007532	0.032829	0.040377	0.029720	0.339241	1256700.000000
2016-08-16	0.000646	0.032385	0.036828	0.030830	0.029079	1433800.000000
2016-08-15	-0.001076	0.030165	0.038376	0.028390	-0.048465	2189400.000000
2016-08-12	-0.002360	0.029947	0.032826	0.026626	-0.106610	966000.000000
2016-08-11	0.016136	0.044317	0.052641	0.042067	0.717243	1786000.000000
2016-08-10	0.000436	0.033519	0.038471	0.028793	0.019387	1762400.000000
2016-08-09	0.011474	0.037410	0.046971	0.033767	0.504013	1851700.000000
2016-08-08	-0.004394	0.024239	0.027865	0.021746	-0.193852	1441100.000000
2016-08-05	0.005967	0.035367	0.041751	0.034683	0.261700	1264900.000000
2016-08-04	0.007122	0.033556	0.040904	0.033096	0.310162	1185600.000000
2016-08-03	-0.018503	0.016460	0.019616	0.011051	-0.820961	1281700.000000
2016-08-02	0.006107	0.049652	0.049878	0.043303	0.269317	1599400.000000
2016-08-01	-0.005854	0.035617	0.038773	0.032686	-0.259697	1543000.000000
2016-07-29	0.005889	0.036500	0.049878	0.036046	0.259697	1411600.000000
2016-07-28	0.004601	0.046508	0.047192	0.039902	0.201988	1513700.000000
2016-07-27	-0.008042	0.035607	0.036511	0.023405	-0.355884	2309200.000000
2016-07-26	0.002833	0.046926	0.049192	0.040354	0.125034	1860300.000000
2016-07-25	-0.000871	0.040127	0.040580	0.033788	-0.038463	1077200.000000
2016-07-22	0.001527	0.037634	0.044890	0.037180	0.067325	1341700.000000
2016-07-21	-0.001307	0.040580	0.046015	0.034919	-0.057712	2074400.000000
2016-07-20	0.000654	0.041940	0.047379	0.039901	0.028850	2100400.000000
2016-07-19	-0.014393	0.026720	0.030517	0.022253	-0.644428	1669400.000000
2016-07-18	0.005834	0.038327	0.048211	0.037653	0.259705	2651300.000000
2016-07-15	-0.001510	0.040123	0.043712	0.037207	-0.067330	1739900.000000
2016-07-14	-0.000647	0.047072	0.047520	0.036984	-0.028862	1661500.000000
2016-07-13	0.007385	0.041481	0.051869	0.040352	0.327027	1560800.000000
2016-07-12	-0.006474	0.035187	0.039226	0.030251	-0.288556	1471200.000000
2016-07-11	-0.001293	0.035193	0.041691	0.031608	-0.057712	1319400.000000
2016-07-08	0.007819	0.047352	0.048481	0.039674	0.346268	1551000.000000
2016-07-07	-0.003895	0.043273	0.047547	0.032476	-0.173138	1564300.000000
2016-07-06	-0.007941	0.024054	0.033203	0.016466	-0.355873	1951500.000000
2016-07-05	-0.007668	0.033253	0.038124	0.029045	-0.346264	2551800.000000
2016-07-01	0.000213	0.047648	0.047648	0.038124	0.009624	2055100.000000
2016-06-30	0.030969	0.056344	0.071872	0.051320	1.356190	3149500.000000
2016-06-29	0.020623	0.054357	0.065078	0.050861	0.884892	2655200.000000
2016-06-28	0.026934	0.066001	0.068155	0.053317	1.125354	3045400.000000
2016-06-27	0.000000	0.038957	0.041589	0.025793	0.000000	5321000.000000
2016-06-24	-0.066810	-0.017949	0.003716	-0.032020	-2.991325	7942800.000000
2016-06-23	0.022627	0.054292	0.064570	0.044014	0.990696	3922200.000000
2016-06-22	0.002643	0.043567	0.052728	0.041277	0.115417	3543900.000000
2016-06-21	0.024137	0.055388	0.070398	0.052339	1.029171	2835900.000000
2016-06-20	0.023079	0.075186	0.075906	0.062949	0.961842	2659300.000000
2016-06-17	-0.004823	0.031078	0.035615	0.021288	-0.201988	2527500.000000
2016-06-16	0.015629	0.032884	0.056893	0.029489	0.644432	3332000.000000
2016-06-15	-0.001165	0.045246	0.050575	0.037495	-0.048084	2218300.000000
2016-06-14	-0.018074	0.018743	0.025165	0.015651	-0.759861	4305000.000000
2016-06-13	-0.019516	0.023116	0.029879	0.018452	-0.836804	2977900.000000
2016-06-10	-0.032342	0.013496	0.017333	0.001536	-1.433136	2689200.000000
2016-06-09	-0.004968	0.030468	0.035633	0.029570	-0.221222	2012800.000000
2016-06-08	0.000648	0.041472	0.042820	0.037877	0.028855	1441100.000000
2016-06-07	0.005432	0.051648	0.053004	0.044419	0.240459	2629000.000000
2016-06-06	0.002833	0.048057	0.049870	0.038768	0.125038	1375300.000000
2016-06-03	0.012131	0.042655	0.052286	0.040133	0.529011	1511900.000000
2016-06-02	0.000000	0.034630	0.039674	0.032337	0.000000	1011600.000000
2016-06-01	0.012958	0.048733	0.053843	0.047340	0.557873	2139200.000000
2016-05-31	-0.008857	0.049574	0.049574	0.027473	-0.384735	1958500.000000
2016-05-27	0.004672	0.043838	0.047539	0.041987	0.201984	1261500.000000
2016-05-26	0.009659	0.048549	0.053686	0.047848	0.413589	1665300.000000
2016-05-25	0.000899	0.049258	0.049959	0.040142	0.038472	2467800.000000
2016-05-24	0.024413	0.052365	0.067929	0.051886	1.019554	1613800.000000
2016-05-23	-0.003214	0.035856	0.040390	0.033469	-0.134663	1538500.000000
2016-05-20	0.002993	0.047814	0.048771	0.041111	0.125042	1387200.000000
2016-05-19	-0.007087	0.031593	0.034445	0.025888	-0.298176	1626000.000000
2016-05-18	0.001603	0.040865	0.049912	0.034437	0.067337	1765500.000000
2016-05-17	-0.020852	0.027320	0.031283	0.014965	-0.894512	1803800.000000
2016-05-16	0.009050	0.039675	0.051200	0.038969	0.384735	1213700.000000
2016-05-13	-0.011407	0.035954	0.040139	0.025722	-0.490543	1426400.000000
2016-05-12	-0.000224	0.046416	0.047346	0.033630	-0.009617	1637400.000000
2016-05-11	-0.008865	0.034375	0.037831	0.029536	-0.384735	1414600.000000
2016-05-10	0.010300	0.043865	0.051082	0.043166	0.442444	1637500.000000
2016-05-09	0.009494	0.049780	0.055185	0.047195	0.403972	1645700.000000
2016-05-06	0.006599	0.038255	0.046771	0.037545	0.278939	1232100.000000
2016-05-05	-0.000682	0.038020	0.044402	0.036365	-0.028855	1420300.000000
2016-05-04	-0.003625	0.032137	0.037790	0.030724	-0.153896	1570900.000000
2016-05-03	-0.009203	0.032673	0.036174	0.027539	-0.394356	1991400.000000
2016-05-02	0.012040	0.046051	0.053845	0.044634	0.509774	2166900.000000
2016-04-29	-0.010786	0.025890	0.033600	0.022152	-0.461682	4996900.000000
2016-04-28	-0.005142	0.024566	0.040139	0.024566	-0.221222	2153100.000000
2016-04-27	0.002353	0.039558	0.044684	0.034665	0.100994	1945600.000000
2016-04-26	-0.006843	0.048178	0.052112	0.038691	-0.295749	1686900.000000
2016-04-25	0.005549	0.045153	0.056089	0.043758	0.238506	1410700.000000
2016-04-22	-0.011194	0.035525	0.038515	0.027472	-0.486561	1767600.000000
2016-04-21	-0.023156	0.027278	0.030649	0.021659	-1.030353	1786000.000000
2016-04-20	-0.008714	0.041272	0.046396	0.037039	-0.391159	2016400.000000
2016-04-19	0.028191	0.074749	0.080476	0.070397	1.230709	3150600.000000
2016-04-18	0.002849	0.044503	0.052773	0.044503	0.124023	1360300.000000
2016-04-15	0.007285	0.052112	0.058359	0.051418	0.314835	1514500.000000
2016-04-14	-0.003958	0.052557	0.053249	0.042647	-0.171727	1517200.000000
2016-04-13	0.004639	0.056051	0.058829	0.048873	0.200345	2465100.000000
2016-04-12	0.010266	0.053324	0.060108	0.048412	0.438858	1622900.000000
2016-04-11	-0.001115	0.051449	0.057992	0.047010	-0.047707	1331400.000000
2016-04-08	0.000446	0.048178	0.053321	0.045840	0.019077	1227500.000000
2016-04-07	-0.008403	0.041456	0.047715	0.035893	-0.362529	1250500.000000
2016-04-06	0.010277	0.050052	0.059653	0.048881	0.438861	1464800.000000
2016-04-05	-0.003340	0.045144	0.048878	0.040943	-0.143108	1379000.000000
2016-04-04	0.006048	0.059449	0.061562	0.050761	0.257587	1853400.000000
2016-04-01	-0.000895	0.031053	0.047709	0.030818	-0.038158	1941800.000000
2016-03-31	-0.018453	0.039428	0.040579	0.027684	-0.801388	2034400.000000
2016-03-30	0.011556	0.064716	0.070539	0.057030	0.496102	3205900.000000
2016-03-29	0.015343	0.055273	0.064260	0.052908	0.648742	2455300.000000
2016-03-28	0.002942	0.049127	0.055057	0.048653	0.124024	658300.000000
2016-03-24	-0.003158	0.042031	0.044868	0.037538	-0.133568	1560100.000000
2016-03-23	0.013026	0.063987	0.066143	0.058717	0.543800	2146700.000000
2016-03-22	-0.009282	0.034177	0.041059	0.033940	-0.391151	1642500.000000
2016-03-21	-0.007862	0.038525	0.044882	0.038290	-0.333916	1598100.000000
2016-03-18	-0.000673	0.040179	0.053590	0.038767	-0.028622	2016000.000000
2016-03-17	0.007691	0.040828	0.058847	0.040117	0.324376	3296000.000000
2016-03-16	-0.001581	0.035632	0.046995	0.030424	-0.066788	2068000.000000
2016-03-15	0.004537	0.050081	0.058165	0.046514	0.190811	1683300.000000
2016-03-14	-0.004292	0.046758	0.048415	0.041312	-0.181267	1628900.000000
2016-03-11	0.013507	0.059937	0.063056	0.055377	0.562882	1956100.000000
2016-03-10	-0.002512	0.069482	0.074508	0.035971	-0.104946	3482300.000000
2016-03-09	0.002978	0.055861	0.060902	0.049619	0.124027	1699500.000000
2016-03-08	0.001606	0.047697	0.057316	0.046735	0.066780	1414700.000000
2016-03-07	-0.007288	0.036243	0.043643	0.033617	-0.305286	1303700.000000
2016-03-04	0.013854	0.066814	0.067298	0.060279	0.572418	2132400.000000
2016-03-03	0.004174	0.035784	0.053768	0.035784	0.171730	2033900.000000
2016-03-02	-0.019773	0.027691	0.029835	0.015542	-0.830013	2410700.000000
2016-03-01	0.032621	0.069088	0.084831	0.067366	1.326110	2526800.000000
2016-02-29	-0.005833	0.044021	0.054048	0.041575	-0.238506	1923900.000000
2016-02-26	-0.011303	0.052047	0.052289	0.034880	-0.467480	2221400.000000
2016-02-25	0.012614	0.060420	0.063114	0.054789	0.515175	3596800.000000
2016-02-24	-0.001865	0.032049	0.046712	0.027405	-0.076324	2328000.000000
2016-02-23	-0.011979	0.043349	0.047695	0.035381	-0.496098	1451500.000000
2016-02-22	0.000230	0.047695	0.055182	0.045038	0.009537	1918000.000000
2016-02-19	0.007662	0.045258	0.057426	0.043798	0.314835	1921100.000000
2016-02-18	-0.005082	0.046968	0.048905	0.039219	-0.209889	2011400.000000
2016-02-17	0.011685	0.054547	0.063366	0.050628	0.477024	2305300.000000
2016-02-16	0.006587	0.059274	0.060507	0.045466	0.267124	2681500.000000
2016-02-12	0.016014	0.050433	0.064963	0.049431	0.639210	2423100.000000
2016-02-11	-0.006176	0.040460	0.045190	0.033240	-0.248054	3567200.000000
2016-02-10	-0.005668	0.056348	0.058328	0.041494	-0.228966	3436100.000000
2016-02-09	-0.003061	0.031396	0.050153	0.030655	-0.124024	4057500.000000
2016-02-08	-0.006085	0.029535	0.046216	0.024874	-0.248050	3762600.000000
2016-02-05	-0.006279	0.047447	0.049397	0.034527	-0.257592	3525800.000000
2016-02-04	-0.021393	0.022654	0.029571	0.017167	-0.896793	2668200.000000
2016-02-03	0.003884	0.055602	0.056799	0.040994	0.162190	4804400.000000
2016-02-02	-0.008766	0.055606	0.056081	0.044687	-0.369294	1691600.000000
2016-02-01	0.001801	0.050611	0.061788	0.048233	0.075753	1714100.000000
2016-01-29	0.027533	0.065122	0.086136	0.063655	1.126800	1969800.000000
2016-01-28	0.004182	0.055099	0.065650	0.047247	0.170445	2158900.000000
2016-01-27	0.000465	0.063200	0.069828	0.052153	0.018943	1809400.000000
2016-01-26	0.008439	0.054348	0.069449	0.053853	0.340886	2263600.000000
2016-01-25	0.000469	0.062768	0.064997	0.055586	0.018940	1853300.000000
2016-01-22	0.024507	0.077395	0.085515	0.074097	0.965831	2072300.000000
2016-01-21	0.016858	0.072078	0.080077	0.056597	0.653359	3364600.000000
2016-01-20	-0.020813	0.040164	0.042690	0.014899	-0.823799	2647700.000000
2016-01-19	0.037993	0.101975	0.105646	0.090173	1.448749	4931100.000000
2016-01-15	-0.018284	0.032910	0.043466	0.030593	-0.710174	2603600.000000
2016-01-14	0.006379	0.055563	0.067740	0.048049	0.246196	2466400.000000
2016-01-13	-0.017831	0.061170	0.062697	0.036232	-0.700706	3843100.000000
2016-01-12	0.022167	0.076630	0.085214	0.065965	0.852207	4663800.000000
2016-01-11	0.003212	0.063910	0.066780	0.050340	0.123104	1722300.000000
2016-01-08	-0.012204	0.055823	0.056339	0.041388	-0.473457	1757800.000000
2016-01-07	-0.011580	0.044870	0.054552	0.040794	-0.454510	2132000.000000
2016-01-06	-0.015673	0.034262	0.043792	0.033510	-0.624950	1698300.000000
2016-01-05	-0.003078	0.048830	0.057581	0.045580	-0.123101	2510100.000000
2016-01-04	-0.024931	0.029508	0.032677	0.012931	-1.022644	2081700.000000
2015-12-31	-0.016349	0.048887	0.049846	0.038575	-0.681766	666900.000000
2015-12-30	-0.004296	0.056797	0.058230	0.050350	-0.179909	1124200.000000
2015-12-29	0.011897	0.067437	0.070819	0.063571	0.492394	993700.000000
2015-12-28	0.003443	0.057778	0.060687	0.054626	0.142021	790600.000000
2015-12-24	-0.001604	0.056565	0.059228	0.053660	-0.066277	436400.000000
2015-12-23	0.019869	0.064721	0.077311	0.063980	0.804859	1717200.000000
2015-12-22	0.005169	0.056329	0.064021	0.050125	0.208317	1629000.000000
2015-12-21	-0.003745	0.067947	0.068689	0.045451	-0.151501	1624900.000000
2015-12-18	-0.013623	0.043401	0.049985	0.039500	-0.558670	2212500.000000
2015-12-17	-0.013440	0.047661	0.052472	0.041888	-0.558670	1970400.000000
2015-12-16	0.021168	0.064924	0.080155	0.061240	0.861672	3590000.000000
2015-12-15	0.015592	0.068306	0.079283	0.066809	0.624965	3264600.000000
2015-12-14	-0.001180	0.055832	0.062809	0.047608	-0.047348	4110600.000000
2015-12-11	-0.014877	0.045034	0.049207	0.038897	-0.606018	1732900.000000
2015-12-10	-0.007384	0.054131	0.056568	0.046334	-0.303009	2244900.000000
2015-12-09	-0.005507	0.054385	0.065532	0.046872	-0.227253	2032500.000000
2015-12-08	-0.010670	0.042655	0.047690	0.037860	-0.445037	1937100.000000
2015-12-07	0.010785	0.064563	0.068682	0.059716	0.445037	1343200.000000
2015-12-04	0.009731	0.048496	0.067581	0.048251	0.397698	2406300.000000
2015-12-03	-0.022202	0.049382	0.049382	0.028566	-0.927967	3011700.000000
2015-12-02	0.007993	0.067175	0.072239	0.062351	0.331421	1736200.000000
2015-12-01	0.001143	0.057288	0.060185	0.051976	0.047340	1514300.000000
2015-11-30	-0.020161	0.055844	0.056554	0.034316	-0.852199	2404400.000000
2015-11-27	0.001346	0.063424	0.065557	0.055844	0.056804	1307800.000000
2015-11-25	0.013873	0.075776	0.076497	0.069531	0.577618	2146700.000000
2015-11-24	-0.007001	0.038432	0.050834	0.037955	-0.293541	1856200.000000
2015-11-23	-0.006730	0.053949	0.056318	0.045894	-0.284077	1493900.000000
2015-11-20	0.004507	0.056319	0.064172	0.055843	0.189385	3522000.000000
2015-11-19	0.008407	0.059441	0.066879	0.058721	0.350357	2818300.000000
2015-11-18	0.010330	0.055111	0.068203	0.054384	0.426094	1832400.000000
2015-11-17	0.005540	0.066564	0.071196	0.061200	0.227260	2153300.000000
2015-11-16	0.015233	0.059051	0.072911	0.057813	0.615483	1545400.000000
2015-11-13	-0.022451	0.034064	0.038903	0.029951	-0.927960	1828100.000000
2015-11-12	-0.016670	0.045137	0.047754	0.038476	-0.700702	1933700.000000
2015-11-11	0.012084	0.067639	0.072695	0.066435	0.501857	1948600.000000
2015-11-10	-0.000228	0.042600	0.057766	0.042600	-0.009472	1427800.000000
2015-11-09	-0.012826	0.038971	0.043724	0.036357	-0.539722	1740000.000000
2015-11-06	-0.018985	0.039529	0.043492	0.027173	-0.814335	1291500.000000
2015-11-05	0.002656	0.058652	0.061223	0.052341	0.113621	2098500.000000
2015-11-04	-0.003968	0.053520	0.055615	0.049096	-0.170441	1392300.000000
2015-11-03	-0.000881	0.047707	0.056314	0.045613	-0.037872	1606200.000000
2015-11-02	0.009337	0.065942	0.068759	0.060072	0.397690	1874500.000000
2015-10-30	-0.009905	0.046317	0.055384	0.044690	-0.426098	1647700.000000
2015-10-29	0.005088	0.058184	0.064025	0.057015	0.217781	1796200.000000
2015-10-28	0.005204	0.072146	0.072380	0.051712	0.221577	2210400.000000
2015-10-27	-0.005706	0.060190	0.064627	0.056687	-0.244328	1298700.000000
2015-10-26	-0.006107	0.063000	0.064160	0.055341	-0.263111	1604300.000000
2015-10-23	-0.004127	0.067858	0.070170	0.057688	-0.178551	2131700.000000
2015-10-22	0.014991	0.077533	0.086917	0.074952	0.639004	3066000.000000
2015-10-21	0.000000	0.069321	0.071667	0.063925	0.000000	1866700.000000
2015-10-20	-0.003953	0.066731	0.066964	0.057851	-0.169148	1796700.000000
2015-10-19	0.004854	0.069796	0.071204	0.062751	0.206738	1568400.000000
2015-10-16	0.008231	0.064160	0.073867	0.062976	0.347691	2223600.000000
2015-10-15	0.047541	0.108552	0.116488	0.104832	1.916999	4411700.000000
2015-10-14	0.000233	0.067385	0.072594	0.063664	0.009400	2596900.000000
2015-10-13	0.000700	0.059692	0.070118	0.058203	0.028194	2436100.000000
2015-10-12	0.014434	0.076751	0.087327	0.074484	0.573223	1753600.000000
2015-10-09	0.004516	0.063401	0.073772	0.062390	0.178547	1470200.000000
2015-10-08	0.006941	0.052444	0.072820	0.050915	0.272511	2049500.000000
2015-10-07	-0.006184	0.054288	0.059604	0.048213	-0.244320	2281700.000000
2015-10-06	0.002623	0.067459	0.073043	0.063906	0.103363	1787100.000000
2015-10-05	0.019699	0.084346	0.087452	0.079947	0.761166	1872300.000000
2015-10-02	0.021615	0.061781	0.087162	0.059137	0.817546	2980900.000000
2015-10-01	0.001244	0.069719	0.071307	0.055689	0.046982	1961000.000000
2015-09-30	0.019787	0.089806	0.090886	0.079008	0.732971	2242900.000000
2015-09-29	0.011807	0.062248	0.079183	0.058424	0.432274	3415800.000000
2015-09-28	-0.014170	0.062006	0.062544	0.048004	-0.526241	2089200.000000
2015-09-25	0.028363	0.097389	0.108466	0.091021	1.024288	2783200.000000
2015-09-24	-0.011574	0.048285	0.055949	0.037885	-0.422874	2600300.000000
2015-09-23	-0.003332	0.064160	0.065524	0.054067	-0.122162	1768900.000000
2015-09-22	-0.028151	0.038179	0.039505	0.024128	-1.061867	2452200.000000
2015-09-21	0.000997	0.072917	0.072917	0.060976	0.037582	1354600.000000
2015-09-18	-0.014500	0.051607	0.058668	0.045853	-0.554420	2732100.000000
2015-09-17	0.006929	0.066793	0.080487	0.062843	0.263103	2758500.000000
2015-09-16	0.032448	0.093524	0.101408	0.087814	1.193436	2063100.000000
2015-09-15	0.007724	0.063886	0.074298	0.060050	0.281914	1709400.000000
2015-09-14	-0.010194	0.056567	0.058736	0.050058	-0.375885	1987800.000000
2015-09-11	-0.002288	0.052255	0.061725	0.051984	-0.084572	2483400.000000
2015-09-10	-0.006065	0.054210	0.061740	0.051789	-0.225525	2638700.000000
2015-09-09	-0.006029	0.081268	0.081802	0.056943	-0.225540	2902400.000000
2015-09-08	0.021293	0.090914	0.093371	0.080540	0.779968	1891100.000000
2015-09-04	-0.018877	0.040590	0.047822	0.036840	-0.704780	2211800.000000
2015-09-03	0.005823	0.073320	0.079786	0.067124	0.216129	1749200.000000
2015-09-02	0.011265	0.076965	0.079962	0.068247	0.413467	2028000.000000
2015-09-01	-0.026421	0.040553	0.045063	0.030739	-0.996086	3468000.000000
2015-08-31	-0.000996	0.062305	0.066545	0.055946	-0.037590	2485000.000000
2015-08-28	-0.005941	0.050200	0.058102	0.046775	-0.225532	2761900.000000
2015-08-27	0.006728	0.061243	0.071320	0.057000	0.253727	2989900.000000
2015-08-26	0.012872	0.072487	0.078127	0.056371	0.479251	3665300.000000
2015-08-25	0.001011	0.099112	0.099381	0.063622	0.037587	3508500.000000
2015-08-24	-0.025843	0.028801	0.057088	0.007324	-0.986702	5506600.000000
2015-08-21	-0.026593	0.059571	0.062120	0.035861	-1.043072	3227100.000000
2015-08-20	-0.024994	0.044025	0.047008	0.036568	-1.005482	2590500.000000
2015-08-19	-0.012685	0.048944	0.057043	0.044281	-0.516842	1881600.000000
2015-08-18	-0.002071	0.058772	0.066120	0.057792	-0.084571	1343900.000000
2015-08-17	-0.004810	0.046367	0.059529	0.045636	-0.197342	1665100.000000
2015-08-14	-0.006824	0.056656	0.058592	0.051088	-0.281910	1751500.000000
2015-08-13	0.001595	0.062463	0.068767	0.060281	0.065780	2305700.000000
2015-08-12	-0.045039	0.011600	0.016926	0.005349	-1.945198	3628500.000000
2015-08-11	-0.011825	0.056610	0.057296	0.048602	-0.516834	2698400.000000
2015-08-10	0.009989	0.065085	0.075252	0.065085	0.432262	1706900.000000
2015-08-07	0.002394	0.059527	0.067172	0.057211	0.103367	4371600.000000
2015-08-06	0.006353	0.075583	0.077681	0.070454	0.272511	3063100.000000
2015-08-05	0.012150	0.073079	0.079450	0.071663	0.514969	1583000.000000
2015-08-04	-0.002196	0.072606	0.074018	0.068132	-0.093296	1544700.000000
2015-08-03	0.015614	0.094136	0.097005	0.084093	0.653038	2967100.000000
2015-07-31	0.000670	0.074052	0.078120	0.071181	0.027992	1388500.000000
2015-07-30	0.002910	0.068060	0.076218	0.061581	0.121284	1604500.000000
2015-07-29	-0.001341	0.066867	0.074535	0.066148	-0.055973	2725000.000000
2015-07-28	0.009023	0.072625	0.081571	0.068756	0.373165	1377900.000000
2015-07-27	-0.005385	0.077190	0.077912	0.063963	-0.223899	2147000.000000
2015-07-24	-0.006686	0.076199	0.076438	0.063538	-0.279885	2482900.000000
2015-07-23	0.010586	0.092661	0.092903	0.079383	0.438481	2753700.000000
2015-07-22	0.006803	0.073601	0.080163	0.072871	0.279880	2306300.000000
2015-07-21	-0.011433	0.071419	0.071659	0.057963	-0.475796	2097200.000000
2015-07-20	-0.002237	0.071899	0.075495	0.068063	-0.093288	1966300.000000
2015-07-17	-0.006003	0.067371	0.071422	0.063320	-0.251900	2399900.000000
2015-07-16	0.008294	0.084394	0.085835	0.078387	0.345188	3044800.000000
2015-07-15	0.000898	0.073823	0.075988	0.070216	0.037320	1532400.000000
2015-07-14	0.013185	0.089687	0.090174	0.083108	0.541088	2279000.000000
2015-07-13	0.002736	0.076786	0.081428	0.073121	0.111961	1862700.000000
2015-07-10	0.051282	0.129951	0.130978	0.120190	1.996456	5009600.000000
2015-07-09	0.016317	0.100093	0.100354	0.089129	0.625054	2404100.000000
2015-07-08	-0.003156	0.071119	0.074502	0.066434	-0.121277	2204100.000000
2015-07-07	0.006352	0.062995	0.081589	0.054091	0.242557	3666000.000000
2015-07-06	-0.023849	0.043012	0.055282	0.041989	-0.932926	3333500.000000
2015-07-02	-0.008043	0.067081	0.068349	0.058206	-0.317192	1417600.000000
2015-07-01	0.010277	0.087271	0.089833	0.078816	0.401161	1913500.000000
2015-06-30	-0.005704	0.078267	0.079031	0.058144	-0.223911	3215600.000000
2015-06-29	-0.035084	0.042650	0.049286	0.032572	-1.427368	2925300.000000
2015-06-26	0.006694	0.080312	0.086003	0.077838	0.270550	2247500.000000
2015-06-25	-0.002762	0.070665	0.073873	0.062029	-0.111947	1469900.000000
2015-06-24	-0.002297	0.073869	0.077315	0.067468	-0.093296	1400200.000000
2015-06-23	0.000230	0.082241	0.082488	0.071407	0.009327	1686900.000000
2015-06-22	0.025200	0.097901	0.108756	0.092600	0.998223	2178300.000000
2015-06-19	-0.001411	0.073412	0.075428	0.068118	-0.055970	1005700.000000
2015-06-18	0.015524	0.078555	0.098268	0.076507	0.606400	6775800.000000
2015-06-17	-0.002383	0.063471	0.071899	0.058619	-0.093292	1487500.000000
2015-06-16	0.006234	0.071128	0.081922	0.068301	0.242565	865800.000000
2015-06-15	-0.002630	0.061647	0.069080	0.058315	-0.102623	1316900.000000
2015-06-12	-0.018080	0.047486	0.055792	0.041698	-0.718357	1926900.000000
2015-06-11	0.008048	0.085346	0.091942	0.077227	0.317203	2112800.000000
2015-06-10	0.020531	0.085880	0.102451	0.084327	0.792981	1591600.000000
2015-06-09	-0.001929	0.069056	0.073708	0.060270	-0.074639	1108400.000000
2015-06-08	-0.001204	0.067770	0.074480	0.063382	-0.046642	1315100.000000
2015-06-05	-0.017507	0.059220	0.059727	0.046287	-0.690365	2317800.000000
2015-06-04	-0.009606	0.064365	0.080438	0.060095	-0.382496	2008800.000000
2015-06-03	0.013295	0.092004	0.094294	0.085132	0.522434	2051500.000000
2015-06-02	-0.006604	0.064568	0.068107	0.057742	-0.261219	6930100.000000
2015-06-01	-0.007026	0.071146	0.072150	0.058845	-0.279880	1862900.000000
2015-05-29	-0.009281	0.068417	0.071650	0.057723	-0.373169	3955300.000000
2015-05-28	-0.000232	0.075629	0.075629	0.067175	-0.009323	2901800.000000
2015-05-27	0.014830	0.072656	0.089562	0.072151	0.587738	5336500.000000
2015-05-26	-0.018484	0.067689	0.070661	0.051343	-0.746334	1703600.000000
2015-05-22	-0.008249	0.071408	0.072390	0.063057	-0.335854	855500.000000
2015-05-21	0.001147	0.069686	0.074112	0.068702	0.046642	1450800.000000
2015-05-20	-0.002060	0.066010	0.075335	0.065519	-0.083957	2220000.000000
2015-05-19	0.005988	0.072887	0.080540	0.071159	0.242561	1949300.000000
2015-05-18	-0.008676	0.057460	0.065781	0.054524	-0.354519	1037300.000000
2015-05-15	0.000914	0.071409	0.072879	0.063081	0.037323	2217800.000000
2015-05-14	0.013198	0.089024	0.092002	0.081827	0.531769	3709200.000000
2015-05-13	-0.007127	0.073131	0.077813	0.063521	-0.289211	1873900.000000
2015-05-12	-0.004577	0.067975	0.071654	0.063559	-0.186585	2195400.000000
2015-05-11	-0.010417	0.055151	0.067287	0.054665	-0.429145	1300800.000000
2015-05-08	0.028651	0.093122	0.107105	0.091624	1.147499	1921200.000000
2015-05-07	-0.000233	0.067156	0.073647	0.065159	-0.009331	1981700.000000
2015-05-06	0.002100	0.081405	0.081905	0.070148	0.083961	4590800.000000
2015-05-05	-0.014263	0.074365	0.074365	0.053898	-0.578415	3299800.000000
2015-05-04	-0.004352	0.066007	0.069935	0.064779	-0.177253	7578500.000000
2015-05-01	0.004140	0.070174	0.077076	0.069434	0.167934	1324600.000000
2015-04-30	-0.001607	0.071899	0.079037	0.067961	-0.065308	2458100.000000
2015-04-29	-0.024199	0.061091	0.063733	0.044999	-1.007568	2427900.000000
2015-04-28	-0.006898	0.065459	0.067844	0.060212	-0.289204	1969500.000000
2015-04-27	0.005369	0.082210	0.083409	0.075736	0.223904	1800200.000000
2015-04-24	0.004494	0.074549	0.082739	0.071417	0.186585	1097600.000000
2015-04-23	0.009986	0.064357	0.085036	0.063871	0.410488	2193800.000000
2015-04-22	-0.006113	0.067523	0.071150	0.060752	-0.252819	2531100.000000
2015-04-21	0.009496	0.091329	0.093526	0.088400	0.389026	1840100.000000
2015-04-20	-0.003155	0.084479	0.085939	0.074503	-0.129676	2917400.000000
2015-04-17	-0.013562	0.070491	0.071212	0.062571	-0.565022	2489900.000000
2015-04-16	0.034261	0.122310	0.122558	0.109898	1.380123	3225100.000000
2015-04-15	0.005317	0.088097	0.092090	0.078614	0.213043	1949500.000000
2015-04-14	0.007687	0.084642	0.090426	0.081876	0.305668	1224200.000000
2015-04-13	-0.007169	0.075867	0.078114	0.071872	-0.287140	928600.000000
2015-04-10	-0.000693	0.072127	0.082606	0.070880	-0.027790	1349500.000000
2015-04-09	0.000694	0.081360	0.082109	0.074868	0.027790	1712500.000000
2015-04-08	-0.002768	0.085837	0.087580	0.074135	-0.111152	845700.000000
2015-04-07	0.005799	0.087877	0.097143	0.084871	0.231563	1277600.000000
2015-04-06	0.005598	0.081123	0.094722	0.080620	0.222302	921900.000000
2015-04-02	0.021687	0.094793	0.104313	0.091963	0.842899	2633300.000000
2015-04-01	0.004789	0.085817	0.087110	0.075735	0.185253	2089500.000000
2015-03-31	-0.027933	0.046189	0.058252	0.046189	-1.111507	1642100.000000
2015-03-30	0.011061	0.082916	0.093587	0.081899	0.435337	1250000.000000
2015-03-27	0.005205	0.075526	0.085487	0.072972	0.203773	1143900.000000
2015-03-26	-0.007746	0.072770	0.075557	0.062633	-0.305664	1184100.000000
2015-03-25	-0.013432	0.081113	0.082363	0.065111	-0.537227	1135300.000000
2015-03-24	-0.000694	0.083860	0.087358	0.078363	-0.027794	1100700.000000
2015-03-23	0.004884	0.081872	0.089906	0.079361	0.194523	1117400.000000
2015-03-20	0.016308	0.095943	0.102833	0.091350	0.639110	1953300.000000
2015-03-19	-0.030254	0.052146	0.056847	0.044227	-1.222660	1856700.000000
2015-03-18	0.024419	0.081640	0.109017	0.079105	0.963310	1993900.000000
2015-03-17	-0.005836	0.072304	0.075832	0.067516	-0.231567	1251100.000000
2015-03-16	0.019272	0.093740	0.103758	0.092199	0.750275	1577000.000000
2015-03-13	-0.001663	0.070637	0.079356	0.069611	-0.064835	1778400.000000
2015-03-12	0.005974	0.085030	0.088900	0.079613	0.231567	1241800.000000
2015-03-11	0.003356	0.086860	0.091001	0.082201	0.129673	2085200.000000
2015-03-10	-0.020202	0.071750	0.072258	0.057802	-0.796588	2478900.000000
2015-03-09	-0.005141	0.076585	0.078098	0.070529	-0.203778	1696500.000000
2015-03-06	-0.026172	0.069047	0.069539	0.049145	-1.065193	1737100.000000
2015-03-05	0.011045	0.092779	0.095014	0.089052	0.444607	1607600.000000
2015-03-04	-0.004125	0.075159	0.078375	0.068480	-0.166737	976800.000000
2015-03-03	-0.002742	0.082820	0.084547	0.074678	-0.111141	1336700.000000
2015-03-02	0.006671	0.087063	0.089298	0.083834	0.268608	1591800.000000
2015-02-27	0.005087	0.079862	0.088848	0.078115	0.203781	1201900.000000
2015-02-26	-0.000693	0.070632	0.083354	0.070133	-0.027786	1356800.000000
2015-02-25	-0.004371	0.070671	0.075639	0.064462	-0.175995	2016400.000000
2015-02-24	0.007416	0.082615	0.092873	0.076860	0.296406	3034100.000000
2015-02-23	0.008178	0.084405	0.091973	0.082892	0.324196	1300600.000000
2015-02-20	0.011342	0.070173	0.094664	0.069663	0.444599	2125100.000000
2015-02-19	0.003081	0.085754	0.091127	0.082427	0.120411	4130000.000000
2015-02-18	-0.004718	0.063313	0.076047	0.061020	-0.185246	2406500.000000
2015-02-17	0.002602	0.071952	0.084464	0.068632	0.101883	1381000.000000
2015-02-13	-0.007046	0.076823	0.077584	0.066174	-0.277878	1505800.000000
2015-02-12	0.009723	0.080381	0.090365	0.079101	0.379773	1517100.000000
2015-02-11	0.000712	0.079612	0.083455	0.075257	0.027782	1628600.000000
2015-02-10	0.008375	0.086071	0.093304	0.077804	0.324188	2663500.000000
2015-02-09	-0.002387	0.061056	0.079613	0.061056	-0.092617	2375600.000000
2015-02-06	-0.021490	0.061959	0.064481	0.052881	-0.852165	3231300.000000
2015-02-05	0.010385	0.078338	0.091588	0.076300	0.407558	1846700.000000
2015-02-04	-0.009352	0.070273	0.078098	0.068506	-0.370498	2568100.000000
2015-02-03	-0.002084	0.083408	0.085675	0.077614	-0.082737	2391400.000000
2015-02-02	-0.004150	0.075400	0.085183	0.070634	-0.165444	3761100.000000
2015-01-30	-0.011623	0.076289	0.081248	0.071331	-0.468780	5770300.000000
2015-01-29	0.028598	0.116250	0.119821	0.109875	1.121384	3842400.000000
2015-01-28	-0.010209	0.090214	0.090719	0.074817	-0.404423	1594400.000000
2015-01-27	0.009604	0.091001	0.103233	0.090746	0.376854	2529600.000000
2015-01-26	0.033656	0.104011	0.126139	0.101904	1.277637	5308900.000000
2015-01-23	0.010274	0.108168	0.112160	0.098588	0.386055	3104900.000000
2015-01-22	0.002944	0.072728	0.093548	0.072461	0.110298	4320200.000000
2015-01-21	0.006171	0.085794	0.096805	0.082303	0.229790	6787700.000000
2015-01-20	-0.003444	0.078307	0.086069	0.073490	-0.128685	3508300.000000
2015-01-16	0.015489	0.102075	0.105065	0.090389	0.569889	2350900.000000
2015-01-15	0.011114	0.102782	0.106629	0.092889	0.404427	2262000.000000
2015-01-14	0.008919	0.094042	0.100141	0.090438	0.321708	2199300.000000
2015-01-13	0.002299	0.101559	0.103504	0.082940	0.082726	1399400.000000
2015-01-12	0.015038	0.106559	0.107687	0.094994	0.533115	1778400.000000
2015-01-09	-0.010010	0.084312	0.085150	0.070071	-0.358467	1786500.000000
2015-01-08	0.021232	0.101345	0.115889	0.099064	0.744515	1843700.000000
2015-01-07	0.013550	0.091122	0.103262	0.088810	0.468784	1424200.000000
2015-01-06	-0.002650	0.092267	0.099185	0.081312	-0.091915	3151300.000000
2015-01-05	-0.025310	0.065745	0.069398	0.055630	-0.900791	2621300.000000
2015-01-02	-0.008197	0.084598	0.087106	0.074566	-0.294132	1817900.000000
2014-12-31	-0.006363	0.094588	0.094588	0.080466	-0.229790	755200.000000
2014-12-30	-0.012566	0.080833	0.083841	0.073451	-0.459591	948400.000000
2014-12-29	-0.005498	0.083048	0.086855	0.081144	-0.202210	704600.000000
2014-12-26	0.002255	0.088760	0.093393	0.087398	0.082730	394000.000000
2014-12-24	0.001254	0.087670	0.091217	0.086305	0.045955	327400.000000
2014-12-23	0.003271	0.088216	0.095060	0.084110	0.119492	1093900.000000
2014-12-22	0.009911	0.096513	0.100384	0.094025	0.358475	1160000.000000
2014-12-19	-0.011555	0.069359	0.080837	0.065260	-0.422821	1808200.000000
2014-12-18	0.028151	0.091876	0.118569	0.091595	1.001892	1580200.000000
2014-12-17	0.004671	0.083426	0.101210	0.079756	0.165451	3303300.000000
2014-12-16	0.001559	0.081722	0.106037	0.079460	0.055149	2866200.000000
2014-12-15	-0.019618	0.088774	0.090991	0.064382	-0.707756	2920300.000000
2014-12-12	-0.021929	0.086858	0.089840	0.063543	-0.808869	2413200.000000
2014-12-11	-0.004218	0.089562	0.093611	0.082003	-0.156261	2204800.000000
2014-12-10	-0.003462	0.091440	0.091978	0.082024	-0.128674	1505600.000000
2014-12-09	-0.009309	0.081546	0.084478	0.074083	-0.349288	1298800.000000
2014-12-08	-0.004876	0.083699	0.090329	0.078660	-0.183831	2526100.000000
2014-12-05	0.010345	0.100805	0.102681	0.095713	0.386048	2249600.000000
2014-12-04	0.002469	0.103254	0.104597	0.088480	0.091919	1413900.000000
2014-12-03	-0.005891	0.083937	0.084471	0.077795	-0.220601	1019900.000000
2014-12-02	0.003943	0.098130	0.100275	0.090623	0.147065	1275300.000000
2014-12-01	-0.001476	0.091958	0.091958	0.085533	-0.055149	1592300.000000
2014-11-28	0.015239	0.103706	0.109413	0.102075	0.560695	1090000.000000
2014-11-26	0.005779	0.093683	0.096690	0.091769	0.211403	756800.000000
2014-11-25	-0.003755	0.089304	0.090666	0.082496	-0.137874	1413700.000000
2014-11-24	0.003013	0.096136	0.097502	0.089035	0.110290	1968600.000000
2014-11-21	0.005047	0.101120	0.103316	0.092609	0.183849	3230600.000000
2014-11-20	-0.002517	0.085752	0.089312	0.084382	-0.091922	1081900.000000
2014-11-19	0.005823	0.094277	0.097582	0.087667	0.211406	789400.000000
2014-11-18	0.006113	0.092653	0.095147	0.090159	0.220600	1017200.000000
2014-11-17	0.002810	0.080995	0.092666	0.080995	0.101109	1766700.000000
2014-11-14	-0.001785	0.080175	0.087665	0.077401	-0.064343	2400000.000000
2014-11-13	0.009264	0.093262	0.105020	0.092422	0.330903	2279100.000000
2014-11-12	-0.005375	0.082930	0.084044	0.079589	-0.193028	2267400.000000
2014-11-11	0.005663	0.095503	0.096063	0.091023	0.202213	2550400.000000
2014-11-10	0.008305	0.098390	0.100084	0.093872	0.294136	2451800.000000
2014-11-07	0.000520	0.082010	0.088507	0.075795	0.018391	1695300.000000
2014-11-06	0.000000	0.089355	0.094158	0.086813	0.000000	1860600.000000
2014-11-05	0.008749	0.095181	0.100025	0.091761	0.306995	2787300.000000
2014-11-04	0.007582	0.102049	0.108366	0.098603	0.264046	4520200.000000
2014-11-03	-0.012394	0.087256	0.089241	0.081301	-0.437034	2826600.000000
2014-10-31	0.014937	0.115873	0.117600	0.111268	0.518978	1799900.000000
2014-10-30	0.000787	0.085930	0.103501	0.085354	0.027313	1048400.000000
2014-10-29	-0.002616	0.103774	0.107222	0.091133	-0.091049	1510000.000000
2014-10-28	0.015135	0.113772	0.116397	0.109106	0.518966	2152000.000000
2014-10-27	0.012094	0.100972	0.112189	0.099201	0.409729	2025500.000000
2014-10-24	0.000269	0.091230	0.100678	0.090935	0.009102	2310600.000000
2014-10-23	-0.025413	0.079900	0.081339	0.068966	-0.883171	4472600.000000
2014-10-22	-0.014205	0.085551	0.091224	0.082147	-0.500770	2664900.000000
2014-10-21	0.014144	0.100330	0.114713	0.099754	0.491672	3577900.000000
2014-10-20	0.008452	0.091644	0.108759	0.091353	0.291355	1397000.000000
2014-10-17	0.019386	0.112806	0.123157	0.107779	0.655548	2645300.000000
2014-10-16	-0.022117	0.068241	0.081832	0.063614	-0.764812	3840400.000000
2014-10-15	-0.003934	0.102060	0.104941	0.078729	-0.136570	2681800.000000
2014-10-14	0.000525	0.098028	0.106097	0.096587	0.018211	2543000.000000
2014-10-13	-0.003921	0.101473	0.104918	0.093149	-0.136573	1420600.000000
2014-10-10	-0.013409	0.090102	0.094067	0.083305	-0.473458	1820900.000000
2014-10-09	-0.013482	0.093287	0.097757	0.081272	-0.482551	2262100.000000
2014-10-08	0.024765	0.108337	0.125802	0.107478	0.864959	1770900.000000
2014-10-07	-0.015906	0.089299	0.091835	0.080846	-0.564502	1622700.000000
2014-10-06	0.009060	0.104571	0.108267	0.100306	0.318672	1927900.000000
2014-10-03	-0.006430	0.088993	0.094926	0.087299	-0.227627	2447000.000000
2014-10-02	-0.006643	0.093545	0.093826	0.084285	-0.236717	2465200.000000
2014-10-01	-0.013609	0.089181	0.090565	0.080601	-0.491669	1781200.000000
2014-09-30	0.005066	0.102210	0.111391	0.100541	0.182095	1712600.000000
2014-09-29	-0.005040	0.085306	0.094441	0.083646	-0.182095	828800.000000
2014-09-26	0.008643	0.106133	0.109762	0.099712	0.309567	920100.000000
2014-09-25	-0.017728	0.085701	0.086798	0.077200	-0.646443	1462100.000000
2014-09-24	0.002252	0.093643	0.101339	0.091170	0.081944	1794600.000000
2014-09-23	-0.014307	0.085853	0.088292	0.080977	-0.528084	1804800.000000
2014-09-22	0.004211	0.099404	0.102941	0.098316	0.154785	1464600.000000
2014-09-19	-0.002471	0.099673	0.101844	0.094245	-0.091045	1117400.000000
2014-09-18	0.004467	0.097771	0.106494	0.097225	0.163883	1515200.000000
2014-09-17	-0.027047	0.078158	0.079750	0.068345	-1.019745	2619500.000000
2014-09-16	0.001209	0.094863	0.100971	0.091146	0.045517	761800.000000
2014-09-15	0.000968	0.098050	0.102037	0.094594	0.036423	1355200.000000
2014-09-12	0.000484	0.098582	0.100975	0.094327	0.018215	989700.000000
2014-09-11	-0.001933	0.090884	0.099377	0.090619	-0.072838	4258300.000000
2014-09-10	-0.000242	0.095927	0.098581	0.094070	-0.009113	1410500.000000
2014-09-09	-0.007434	0.089887	0.091994	0.086727	-0.282246	893400.000000
2014-09-08	-0.011848	0.085563	0.092069	0.084261	-0.455246	913700.000000
2014-09-05	0.001186	0.096492	0.099879	0.093365	0.045525	392800.000000
2014-09-04	0.001902	0.105103	0.112674	0.099099	0.072841	1069900.000000
2014-09-03	0.006700	0.108303	0.109091	0.103835	0.254937	555000.000000
2014-09-02	0.003602	0.103063	0.103327	0.098579	0.136570	790200.000000
2014-08-29	0.003615	0.099904	0.103081	0.093286	0.136577	638800.000000
2014-08-28	-0.001684	0.096201	0.099108	0.094352	-0.063736	657000.000000
2014-08-27	-0.000721	0.097788	0.101221	0.096731	-0.027313	518100.000000
2014-08-26	0.002894	0.100434	0.105731	0.099905	0.109257	661200.000000
2014-08-25	0.010724	0.107417	0.114377	0.105276	0.400615	756300.000000
2014-08-22	-0.009655	0.091158	0.093809	0.085856	-0.364196	829700.000000
2014-08-21	0.005827	0.101782	0.106848	0.099116	0.218517	725800.000000
2014-08-20	-0.004351	0.093271	0.095661	0.090617	-0.163887	781500.000000
2014-08-19	0.005835	0.104191	0.105526	0.102588	0.218521	441500.000000
2014-08-18	0.003171	0.102870	0.104209	0.101262	0.118359	657800.000000
2014-08-15	0.000977	0.107701	0.110919	0.094830	0.036426	1594300.000000
2014-08-14	0.005894	0.106677	0.108026	0.102631	0.218510	521900.000000
2014-08-13	0.002709	0.102372	0.103725	0.097775	0.100151	504600.000000
2014-08-12	-0.000738	0.095343	0.098586	0.093181	-0.027306	725700.000000
2014-08-11	0.001478	0.099398	0.102646	0.097233	0.054623	1091700.000000
2014-08-08	-0.000247	0.087763	0.098045	0.085327	-0.009110	881400.000000
2014-08-07	-0.001230	0.111018	0.111018	0.095343	-0.045513	1135100.000000
2014-08-06	0.006538	0.091352	0.107673	0.091080	0.240364	1216300.000000
2014-08-05	0.001720	0.115846	0.116663	0.107944	0.063130	991200.000000
2014-08-04	-0.012139	0.103109	0.104455	0.089380	-0.450947	2018000.000000
2014-08-01	0.001459	0.106335	0.116040	0.105526	0.054111	1494100.000000
2014-07-31	-0.023736	0.089813	0.093234	0.082444	-0.901905	1303000.000000
2014-07-30	-0.015424	0.098138	0.099433	0.088550	-0.595264	853800.000000
2014-07-29	0.004932	0.122041	0.122302	0.112928	0.189400	1158500.000000
2014-07-28	0.006619	0.119508	0.119770	0.112169	0.252533	868000.000000
2014-07-25	-0.016736	0.095359	0.097937	0.086081	-0.649365	1014000.000000
2014-07-24	-0.008299	0.103905	0.104416	0.094448	-0.324695	736700.000000
2014-07-23	-0.008004	0.105719	0.106479	0.099633	-0.315670	1030000.000000
2014-07-22	0.017924	0.124505	0.129150	0.120633	0.694469	1611600.000000
2014-07-21	0.006089	0.108502	0.117070	0.106424	0.234497	1048600.000000
2014-07-18	0.001407	0.103561	0.112142	0.101220	0.054119	1316900.000000
2014-07-17	-0.007218	0.114957	0.118571	0.100501	-0.279590	1182400.000000
2014-07-16	0.007743	0.116045	0.119948	0.112143	0.297622	846000.000000
2014-07-15	-0.009298	0.103607	0.104895	0.094844	-0.360752	1564100.000000
2014-07-14	0.004671	0.114199	0.116271	0.111610	0.180378	1164600.000000
2014-07-11	0.005164	0.108241	0.116569	0.105117	0.198414	1094300.000000
2014-07-10	-0.019337	0.087321	0.089874	0.082216	-0.757599	2272500.000000
2014-07-09	-0.003670	0.098589	0.105964	0.097572	-0.144302	1404300.000000
2014-07-08	-0.002517	0.102674	0.107747	0.102166	-0.099209	2084200.000000
2014-07-07	-0.008394	0.096939	0.100964	0.095179	-0.333710	1290800.000000
2014-07-03	0.004329	0.109772	0.117603	0.109772	0.171360	721600.000000
2014-07-02	0.000000	0.104719	0.109772	0.103709	0.000000	1044600.000000
2014-07-01	0.002971	0.106227	0.115095	0.104707	0.117245	1145000.000000
2014-06-30	0.007135	0.115141	0.118713	0.113610	0.279594	783400.000000
2014-06-27	-0.005038	0.102414	0.104699	0.100383	-0.198414	794600.000000
2014-06-26	-0.002285	0.106481	0.106988	0.094829	-0.090194	671500.000000
2014-06-25	-0.008831	0.099974	0.104493	0.096459	-0.351738	1024000.000000
2014-06-24	-0.003386	0.108010	0.110763	0.105008	-0.135304	748200.000000
2014-06-23	0.006588	0.116569	0.117325	0.111532	0.261563	1131100.000000
2014-06-20	-0.002945	0.107254	0.109766	0.104743	-0.117249	781900.000000
2014-06-19	0.002953	0.112791	0.118584	0.110776	0.117249	760200.000000
2014-06-18	0.003648	0.107497	0.113311	0.104211	0.144302	740700.000000
2014-06-17	0.004811	0.110539	0.117144	0.110285	0.189407	822000.000000
2014-06-16	0.000229	0.106983	0.111302	0.105204	0.009022	738400.000000
2014-06-13	-0.004789	0.105727	0.107497	0.100923	-0.189407	780500.000000
2014-06-12	0.011301	0.119245	0.121291	0.115921	0.441932	1370600.000000
2014-06-11	-0.004591	0.107743	0.108761	0.102398	-0.180385	1130500.000000
2014-06-10	0.009034	0.110302	0.118778	0.110302	0.351749	785500.000000
2014-06-09	0.002788	0.109019	0.112110	0.107989	0.108235	1573500.000000
2014-06-06	-0.014197	0.092004	0.098098	0.089211	-0.559182	2240200.000000
2014-06-05	0.005989	0.108506	0.116424	0.106463	0.234494	1058200.000000
2014-06-04	-0.003444	0.107488	0.107997	0.101889	-0.135296	550800.000000
2014-06-03	0.003225	0.109527	0.113868	0.108506	0.126278	663300.000000
2014-06-02	0.000230	0.106973	0.110549	0.104675	0.009018	753500.000000
2014-05-30	-0.001151	0.105445	0.110547	0.104934	-0.045101	830600.000000
2014-05-29	0.011874	0.118829	0.122443	0.118055	0.459980	639000.000000
2014-05-28	-0.002323	0.101035	0.109792	0.100520	-0.090191	1089200.000000
2014-05-27	-0.003933	0.106196	0.110044	0.102604	-0.153324	727100.000000
2014-05-23	-0.002308	0.101083	0.107738	0.101083	-0.090191	756000.000000
2014-05-22	-0.007560	0.103173	0.103427	0.098601	-0.297631	1007700.000000
2014-05-21	0.003218	0.110800	0.114113	0.109271	0.126271	931900.000000
2014-05-20	-0.010912	0.095655	0.100948	0.091118	-0.432919	2515700.000000
2014-05-19	0.000455	0.112544	0.112796	0.106492	0.018040	2795000.000000
2014-05-16	0.011968	0.119479	0.122031	0.115906	0.468986	2479600.000000
2014-05-15	0.007419	0.121358	0.123672	0.114417	0.288613	1746500.000000
2014-05-14	0.002091	0.110565	0.114944	0.110049	0.081173	1295500.000000
2014-05-13	0.000930	0.111082	0.111598	0.106956	0.036071	1216700.000000
2014-05-12	0.007734	0.118116	0.120195	0.115517	0.297638	1846200.000000
2014-05-09	0.002585	0.115014	0.115274	0.108240	0.099209	1818500.000000
2014-05-08	0.004959	0.110332	0.117139	0.110332	0.189396	1084100.000000
2014-05-07	0.014712	0.119494	0.126667	0.118963	0.553772	1067400.000000
2014-05-06	-0.004254	0.117377	0.120816	0.114467	-0.160824	758200.000000
2014-05-05	0.004511	0.118165	0.126669	0.116837	0.169758	783200.000000
2014-05-02	-0.014737	0.101687	0.108494	0.101687	-0.562889	1308500.000000
2014-05-01	-0.001635	0.113739	0.119228	0.109819	-0.062542	1387200.000000
2014-04-30	0.007293	0.128970	0.129497	0.121861	0.276981	1334900.000000
2014-04-29	0.003304	0.122398	0.126889	0.120285	0.125081	2584700.000000
2014-04-28	0.014122	0.127801	0.135837	0.126461	0.527149	1781800.000000
2014-04-25	0.002640	0.120303	0.123794	0.115737	0.098285	1791300.000000
2014-04-24	-0.016753	0.095724	0.104967	0.090178	-0.634365	2410300.000000
2014-04-23	0.000708	0.118435	0.122664	0.117114	0.026799	716900.000000
2014-04-22	0.001893	0.125054	0.125318	0.117640	0.071483	1304500.000000
2014-04-21	-0.000236	0.118170	0.122935	0.117375	-0.008930	1072000.000000
2014-04-17	-0.006112	0.102390	0.113966	0.102127	-0.232307	1090300.000000
2014-04-16	0.003065	0.121867	0.122923	0.115534	0.116146	1795400.000000
2014-04-15	-0.008880	0.112428	0.112428	0.104581	-0.339512	1712600.000000
2014-04-14	0.012781	0.137772	0.137772	0.128235	0.482464	1419800.000000
2014-04-11	0.003087	0.126934	0.130654	0.121354	0.116157	2170100.000000
2014-04-10	-0.007072	0.120811	0.123714	0.109994	-0.268040	1253600.000000
2014-04-09	0.007840	0.126408	0.129067	0.119760	0.294838	1443800.000000
2014-04-08	0.030355	0.144161	0.157312	0.143613	1.107914	2083200.000000
2014-04-07	0.006902	0.127781	0.132470	0.125849	0.250172	1285900.000000
2014-04-04	-0.006854	0.116489	0.121146	0.111283	-0.250172	1348500.000000
2014-04-03	-0.003416	0.113494	0.116498	0.109671	-0.125091	1005100.000000
2014-04-02	-0.001218	0.119228	0.120592	0.116501	-0.044670	720600.000000
2014-04-01	-0.001945	0.110246	0.119228	0.110246	-0.071473	1500500.000000
2014-03-31	0.001217	0.124678	0.125496	0.118683	0.044659	1608200.000000
2014-03-28	0.018097	0.131436	0.143366	0.130604	0.652249	2364900.000000
2014-03-27	0.006487	0.122300	0.131515	0.120904	0.232296	4265500.000000
2014-03-26	0.006277	0.129063	0.130187	0.121195	0.223373	1820300.000000
2014-03-25	0.019452	0.129541	0.143865	0.127822	0.679039	2095400.000000
2014-03-24	0.013226	0.133161	0.135773	0.125034	0.455677	1709700.000000
2014-03-21	0.007314	0.130631	0.137064	0.127123	0.250168	1789200.000000
2014-03-20	-0.002606	0.110188	0.120103	0.107855	-0.089348	1223900.000000
2014-03-19	-0.012352	0.115772	0.119516	0.099643	-0.428871	1384500.000000
2014-03-18	0.003616	0.115760	0.126744	0.115760	0.125091	1751000.000000
2014-03-17	0.004150	0.117197	0.125324	0.117197	0.142960	2474400.000000
2014-03-14	0.004428	0.122727	0.129141	0.118354	0.151890	4374800.000000
2014-03-13	-0.006213	0.118649	0.120387	0.108218	-0.214447	6533700.000000
2014-03-12	-0.001292	0.107075	0.118939	0.107075	-0.044667	3704300.000000
2014-03-11	-0.009221	0.111201	0.116362	0.106614	-0.321647	1955500.000000
2014-03-10	-0.011145	0.113275	0.115826	0.099384	-0.393135	2953800.000000
2014-03-07	0.002539	0.119512	0.122639	0.113544	0.089348	1588900.000000
2014-03-06	0.002291	0.118089	0.124071	0.117235	0.080421	1545800.000000
2014-03-05	-0.007327	0.108200	0.115270	0.107917	-0.259109	1014400.000000
2014-03-04	0.026452	0.146222	0.149706	0.145061	0.911346	1353000.000000
2014-03-03	-0.025278	0.098292	0.103102	0.089522	-0.893482	2229800.000000
2014-02-28	0.004316	0.122354	0.128889	0.118944	0.151893	1538700.000000
2014-02-27	0.005103	0.117800	0.126654	0.116087	0.178696	1051600.000000
2014-02-26	-0.009603	0.114985	0.116117	0.107066	-0.339527	1085000.000000
2014-02-25	0.004825	0.125197	0.129460	0.120081	0.169762	1464500.000000
2014-02-24	0.007161	0.125239	0.135544	0.123236	0.250171	1499800.000000
2014-02-21	0.002307	0.122958	0.129557	0.119802	0.080418	1453500.000000
2014-02-20	0.006710	0.121828	0.129049	0.118073	0.232304	1246000.000000
2014-02-19	-0.000258	0.120384	0.125870	0.117207	-0.008931	2397800.000000
2014-02-18	0.017857	0.138921	0.141860	0.131573	0.607556	2308900.000000
2014-02-14	0.000789	0.115110	0.121288	0.113934	0.026809	1712500.000000
2014-02-13	0.004223	0.115979	0.124841	0.115979	0.142949	1210200.000000
2014-02-12	-0.009671	0.109867	0.113085	0.105479	-0.330582	1729400.000000
2014-02-11	0.008966	0.118343	0.131035	0.117162	0.303783	1026200.000000
2014-02-10	0.002909	0.118932	0.123076	0.116268	0.098275	1335800.000000
2014-02-07	0.011233	0.124916	0.132699	0.121922	0.375259	2346200.000000
2014-02-06	0.018246	0.131116	0.143003	0.128067	0.598629	2106200.000000
2014-02-05	0.001227	0.116024	0.123348	0.116024	0.040207	2119100.000000
2014-02-04	0.002979	0.136183	0.139244	0.132510	0.097313	1872100.000000
2014-02-03	-0.010980	0.133697	0.135211	0.117048	-0.362713	2379800.000000
2014-01-31	-0.012170	0.107341	0.122592	0.104650	-0.406956	1786000.000000
2014-01-30	-0.009693	0.125629	0.127702	0.115264	-0.327312	1846100.000000
2014-01-29	-0.020026	0.109182	0.114696	0.104538	-0.690052	1938800.000000
2014-01-28	-0.002561	0.127472	0.128630	0.120815	-0.088467	2101500.000000
2014-01-27	-0.007876	0.131516	0.131803	0.120315	-0.274258	2882100.000000
2014-01-24	-0.028867	0.118096	0.118654	0.097736	-1.035045	2063600.000000
2014-01-23	-0.000493	0.129531	0.130646	0.124513	-0.017697	2642000.000000
2014-01-22	0.015527	0.146503	0.150749	0.144804	0.548489	2366300.000000
2014-01-21	0.033653	0.178649	0.178649	0.162262	1.150082	3848000.000000
2014-01-17	-0.012274	0.122852	0.125454	0.114471	-0.424656	2626500.000000
2014-01-16	0.017695	0.145368	0.150663	0.141838	0.601581	1585900.000000
2014-01-15	-0.015877	0.109815	0.114736	0.104605	-0.548496	3747600.000000
2014-01-14	0.013233	0.148258	0.148258	0.139753	0.451183	3431400.000000
2014-01-13	-0.012301	0.112406	0.126311	0.112406	-0.424644	1940600.000000
2014-01-10	0.009312	0.131829	0.141770	0.131829	0.318481	1343500.000000
2014-01-09	-0.008972	0.109504	0.121674	0.108345	-0.309631	2339600.000000
2014-01-08	-0.013154	0.116928	0.116928	0.111209	-0.460022	1279800.000000
2014-01-07	0.007647	0.136130	0.140740	0.135842	0.265392	1028600.000000
2014-01-06	-0.004062	0.129219	0.132663	0.125776	-0.141540	859800.000000
2014-01-03	-0.002280	0.131226	0.133517	0.125214	-0.079624	1248800.000000
2014-01-02	-0.018643	0.109856	0.111261	0.104236	-0.663502	1802900.000000
2013-12-31	-0.000497	0.132614	0.132895	0.127278	-0.017689	901000.000000
2013-12-30	0.006753	0.134608	0.139980	0.130933	0.238857	1198000.000000
2013-12-27	0.013178	0.151852	0.152138	0.144404	0.460034	2156000.000000
2013-12-26	0.003050	0.131804	0.134677	0.128356	0.106155	865600.000000
2013-12-24	0.007684	0.135868	0.141369	0.134421	0.265392	1837200.000000
2013-12-23	0.000769	0.134134	0.137611	0.129498	0.026547	2515300.000000
2013-12-20	0.007490	0.130659	0.140877	0.130367	0.256554	3471500.000000
2013-12-19	0.005192	0.128020	0.136823	0.125965	0.176933	1064900.000000
2013-12-18	0.006533	0.126823	0.138933	0.119734	0.221168	2087000.000000
2013-12-17	-0.007778	0.121868	0.124213	0.116300	-0.265392	987800.000000
2013-12-16	0.008102	0.136867	0.143662	0.136867	0.274239	909100.000000
2013-12-13	-0.002867	0.128010	0.129778	0.123591	-0.097313	895800.000000
2013-12-12	-0.015649	0.117028	0.119058	0.110648	-0.539643	1106300.000000
2013-12-11	-0.012415	0.122921	0.124926	0.113184	-0.433498	1346800.000000
2013-12-10	-0.008540	0.124404	0.126960	0.118158	-0.300781	1245900.000000
2013-12-09	0.003023	0.128089	0.134070	0.126950	0.106159	1308300.000000
2013-12-06	0.020309	0.143734	0.154195	0.143734	0.698891	996400.000000
2013-12-05	0.002577	0.136194	0.142312	0.131532	0.088463	2127300.000000
2013-12-04	-0.002827	0.123686	0.128624	0.118166	-0.097306	1210500.000000
2013-12-03	0.002060	0.123962	0.134151	0.123671	0.070755	1653000.000000
2013-12-02	-0.010952	0.118563	0.122594	0.113380	-0.380394	1415800.000000
2013-11-29	0.004349	0.139332	0.141356	0.135283	0.150391	735700.000000
2013-11-27	0.000768	0.134998	0.137891	0.130657	0.026543	1137900.000000
2013-11-26	-0.007117	0.126632	0.126919	0.120023	-0.247708	1523400.000000
2013-11-25	0.011311	0.143153	0.147221	0.141700	0.389256	1965500.000000
2013-11-22	-0.000771	0.127464	0.130657	0.125141	-0.026547	1571100.000000
2013-11-21	-0.002307	0.127760	0.129208	0.123415	-0.079620	1418700.000000
2013-11-20	-0.001535	0.142804	0.142804	0.125161	-0.053082	1300400.000000
2013-11-19	-0.004585	0.129791	0.131519	0.124609	-0.159233	2200400.000000
2013-11-18	0.008477	0.144304	0.144885	0.137626	0.291935	1897300.000000
2013-11-15	0.002575	0.133278	0.134733	0.129493	0.088459	1508900.000000
2013-11-14	0.003878	0.134458	0.137381	0.132120	0.132706	2301100.000000
2013-11-13	0.002332	0.122751	0.133004	0.120701	0.079628	2220800.000000
2013-11-12	0.000519	0.135643	0.136815	0.127144	0.017700	1627900.000000
2013-11-11	0.001818	0.133890	0.134771	0.131248	0.061916	2644300.000000
2013-11-08	0.003127	0.130073	0.133901	0.125360	0.106160	2400300.000000
2013-11-07	-0.015645	0.125149	0.127468	0.110073	-0.539643	3097900.000000
2013-11-06	-0.005662	0.126850	0.132327	0.123679	-0.196399	2422300.000000
2013-11-05	-0.001766	0.135220	0.142414	0.132055	-0.061360	2075100.000000
2013-11-04	0.011996	0.148839	0.154663	0.145344	0.411942	2213900.000000
2013-11-01	-0.013595	0.120006	0.126900	0.117995	-0.473290	1948400.000000
2013-10-31	-0.003762	0.138686	0.140975	0.134107	-0.131466	1761900.000000
2013-10-30	-0.010179	0.136443	0.137577	0.125680	-0.359333	1499400.000000
2013-10-29	0.004238	0.141545	0.146949	0.139553	0.148995	1693600.000000
2013-10-28	0.012623	0.143856	0.158835	0.143280	0.438225	1637100.000000
2013-10-25	-0.008263	0.129549	0.134119	0.126692	-0.289231	951000.000000
2013-10-24	0.003518	0.151296	0.151583	0.142982	0.122700	970700.000000
2013-10-23	-0.001004	0.140976	0.142980	0.137539	-0.035057	1754100.000000
2013-10-22	0.016067	0.156689	0.165419	0.154652	0.552158	1373700.000000
2013-10-21	-0.005075	0.132869	0.137791	0.130553	-0.175289	831900.000000
2013-10-18	0.006127	0.148840	0.151753	0.144180	0.210346	1976500.000000
2013-10-17	0.035422	0.172644	0.181391	0.169930	1.174431	1748600.000000
2013-10-16	0.005850	0.142492	0.147953	0.138852	0.192818	1030900.000000
2013-10-15	-0.003180	0.140068	0.143697	0.137347	-0.105171	1051000.000000
2013-10-14	0.001859	0.138855	0.143399	0.135219	0.061355	1258100.000000
2013-10-11	0.007221	0.144637	0.150436	0.143112	0.236641	1057900.000000
2013-10-10	0.003220	0.131179	0.147404	0.131179	0.105168	4868400.000000
2013-10-09	-0.004806	0.131226	0.138538	0.128789	-0.157753	2278100.000000
2013-10-08	-0.006631	0.137647	0.140370	0.133410	-0.219113	1748100.000000
2013-10-07	-0.002117	0.132822	0.142788	0.132218	-0.070114	1435600.000000
2013-10-04	-0.002903	0.135254	0.139470	0.133749	-0.096409	1377600.000000
2013-10-03	0.009323	0.150397	0.153437	0.147966	0.306744	2044200.000000
2013-10-02	-0.007666	0.124085	0.132229	0.122276	-0.254166	2562900.000000
2013-10-01	0.002916	0.136741	0.144303	0.133111	0.096409	5546300.000000
2013-09-30	-0.033564	0.135713	0.140098	0.100341	-1.148144	4971700.000000
2013-09-27	-0.011147	0.127967	0.130569	0.123920	-0.385627	1626000.000000
2013-09-26	0.005861	0.149699	0.152025	0.143883	0.201583	1373000.000000
2013-09-25	-0.010091	0.130613	0.134643	0.126872	-0.350578	1227100.000000
2013-09-24	-0.009000	0.133274	0.136126	0.128425	-0.315521	1704100.000000
2013-09-23	-0.006458	0.139842	0.140125	0.129923	-0.227875	1452600.000000
2013-09-20	-0.005681	0.142666	0.142666	0.134212	-0.201588	1306700.000000
2013-09-19	0.012250	0.168359	0.168644	0.153241	0.429463	2372900.000000
2013-09-18	0.023018	0.140976	0.167530	0.136307	0.788807	1917800.000000
2013-09-17	0.009032	0.147159	0.152459	0.146276	0.306751	1305100.000000
2013-09-16	0.009640	0.154056	0.154056	0.148705	0.324276	659600.000000
2013-09-13	0.006821	0.145764	0.150553	0.141275	0.227875	651400.000000
2013-09-12	-0.002355	0.139482	0.141274	0.136198	-0.078877	1190000.000000
2013-09-11	-0.006500	0.128812	0.133856	0.127626	-0.219101	1889000.000000
2013-09-10	0.020700	0.159144	0.164594	0.156721	0.683617	3282200.000000
2013-09-09	0.005336	0.141584	0.147064	0.136105	0.175289	3630300.000000
2013-09-06	0.005365	0.150769	0.157197	0.142506	0.175289	3211300.000000
2013-09-05	-0.002141	0.137616	0.140059	0.133951	-0.070118	3347400.000000
2013-09-04	-0.006383	0.127927	0.136727	0.125803	-0.210338	3938900.000000
2013-09-03	-0.000797	0.146737	0.152497	0.137943	-0.026299	3002600.000000
2013-08-30	-0.007124	0.132245	0.135255	0.129837	-0.236645	1679300.000000
2013-08-29	-0.005249	0.124805	0.136783	0.124505	-0.175273	1218700.000000
2013-08-28	-0.007554	0.128196	0.135329	0.126413	-0.254178	1051300.000000
2013-08-27	-0.018911	0.124647	0.132228	0.118815	-0.648571	1558300.000000
2013-08-26	-0.003311	0.141266	0.143882	0.135745	-0.113933	965700.000000
2013-08-23	0.011074	0.145677	0.155668	0.145089	0.376869	995700.000000
2013-08-22	0.001548	0.138621	0.143919	0.138327	0.052593	1528700.000000
2013-08-21	-0.014239	0.134013	0.134593	0.122989	-0.490814	1308900.000000
2013-08-20	0.000000	0.138365	0.143586	0.134303	0.000000	1025600.000000
2013-08-19	-0.006818	0.140111	0.141264	0.132908	-0.236637	725000.000000
2013-08-16	0.003548	0.147047	0.147047	0.138662	0.122692	1852200.000000
2013-08-15	-0.003787	0.129454	0.137807	0.122828	-0.131454	1676400.000000
2013-08-14	-0.001764	0.145576	0.149027	0.137525	-0.061356	2033700.000000
2013-08-13	0.001767	0.147601	0.147601	0.141552	0.061356	1963900.000000
2013-08-12	-0.002770	0.134656	0.139252	0.133794	-0.096421	1456900.000000
2013-08-09	0.002777	0.143280	0.149905	0.141840	0.096421	840800.000000
2013-08-08	0.002785	0.140687	0.148197	0.138665	0.096405	1573800.000000
2013-08-07	-0.011660	0.122533	0.131954	0.122533	-0.408421	2346500.000000
2013-08-06	-0.008606	0.139195	0.145421	0.139195	-0.304066	1559700.000000
2013-08-05	0.002465	0.145691	0.153919	0.142570	0.086876	1380300.000000
2013-08-02	0.004208	0.151652	0.156780	0.148517	0.147686	865300.000000
2013-08-01	0.009748	0.163453	0.165179	0.155685	0.338814	1693300.000000
2013-07-31	-0.000749	0.143895	0.157406	0.141307	-0.026066	2071000.000000
2013-07-30	0.002002	0.157707	0.159148	0.150506	0.069504	1957100.000000
2013-07-29	-0.003988	0.141327	0.148500	0.141327	-0.139000	1693900.000000
2013-07-26	-0.009383	0.134597	0.140566	0.127207	-0.330128	1965200.000000
2013-07-25	-0.007110	0.132739	0.144027	0.132739	-0.251938	2384300.000000
2013-07-24	0.000000	0.160394	0.160394	0.147978	0.000000	2195700.000000
2013-07-23	-0.009951	0.151082	0.151641	0.139627	-0.356185	2756700.000000
2013-07-22	-0.001696	0.153034	0.153034	0.146340	-0.060814	1004800.000000
2013-07-19	0.007815	0.147428	0.161201	0.146865	0.278003	990600.000000
2013-07-18	-0.001463	0.152485	0.158099	0.149117	-0.052120	1555200.000000
2013-07-17	-0.007983	0.149690	0.150803	0.138273	-0.286693	1395700.000000
2013-07-16	-0.005772	0.145545	0.148313	0.139455	-0.208500	1232100.000000
2013-07-15	0.007024	0.157773	0.160282	0.154985	0.251941	693600.000000
2013-07-12	-0.001934	0.143013	0.150247	0.142456	-0.069500	1342300.000000
2013-07-11	0.029104	0.177711	0.186588	0.167403	1.016430	1784100.000000
2013-07-10	0.006258	0.151081	0.162319	0.149641	0.217179	1352300.000000
2013-07-09	0.001003	0.158581	0.158869	0.148774	0.034759	1141800.000000
2013-07-08	0.006050	0.164720	0.164720	0.155725	0.208504	1760300.000000
2013-07-05	0.007364	0.163359	0.163359	0.148744	0.251942	1226900.000000
2013-07-03	-0.002533	0.140294	0.149624	0.136795	-0.086884	739300.000000
2013-07-02	-0.002275	0.146718	0.155445	0.145264	-0.078190	1273100.000000
2013-07-01	0.006614	0.157231	0.161916	0.153131	0.225876	1696900.000000
2013-06-28	0.001273	0.163103	0.163396	0.151961	0.043434	1625200.000000
2013-06-27	0.013685	0.158809	0.174858	0.158809	0.460442	1229000.000000
2013-06-26	0.013874	0.161628	0.172175	0.160725	0.460441	2201400.000000
2013-06-25	0.006853	0.155936	0.159274	0.144407	0.225880	2086000.000000
2013-06-24	-0.017862	0.119794	0.137375	0.118900	-0.599442	2814500.000000
2013-06-21	0.002856	0.166322	0.167518	0.146002	0.095566	1597400.000000
2013-06-20	-0.042506	0.122756	0.126761	0.101582	-1.485565	1899400.000000
2013-06-19	-0.013245	0.151929	0.157293	0.135553	-0.469124	1157500.000000
2013-06-18	0.000000	0.145153	0.152211	0.142329	0.000000	1093700.000000
2013-06-17	0.016454	0.170596	0.175762	0.162561	0.573361	1176600.000000
2013-06-14	-0.010118	0.139435	0.145968	0.137162	-0.356179	1512500.000000
2013-06-13	0.002226	0.137985	0.154498	0.136846	0.078183	2325600.000000
2013-06-12	0.002977	0.160505	0.161362	0.154223	0.104255	1862700.000000
2013-06-11	-0.006409	0.130937	0.147393	0.129519	-0.225872	1447100.000000
2013-06-10	-0.002949	0.145141	0.149668	0.140898	-0.104244	835800.000000
2013-06-07	0.004443	0.140852	0.161595	0.140852	0.156364	1653000.000000
2013-06-06	0.006460	0.158231	0.161663	0.149080	0.225876	1496300.000000
2013-06-05	-0.020204	0.139033	0.139874	0.127825	-0.721054	1415000.000000
2013-06-04	-0.000243	0.156965	0.158085	0.145199	-0.008686	1032400.000000
2013-06-03	0.007602	0.155598	0.163502	0.148541	0.269310	1737900.000000
2013-05-31	-0.019712	0.130329	0.139184	0.128392	-0.712375	2517700.000000
2013-05-30	-0.000481	0.150529	0.154954	0.148039	-0.017376	1037200.000000
2013-05-29	-0.012574	0.139066	0.142070	0.133877	-0.460438	1436200.000000
2013-05-28	0.001664	0.162571	0.166948	0.150808	0.060818	780400.000000
2013-05-24	0.000000	0.148620	0.153544	0.142602	0.000000	1520600.000000
2013-05-23	0.003817	0.151082	0.157947	0.143668	0.138996	1114700.000000
2013-05-22	-0.004039	0.151082	0.158739	0.143698	-0.147683	1623700.000000
2013-05-21	-0.000238	0.148348	0.156003	0.143700	-0.008689	1089700.000000
2013-05-20	-0.001423	0.147806	0.153266	0.144529	-0.052128	992300.000000
2013-05-17	0.001663	0.143698	0.152996	0.142878	0.060817	1062100.000000
2013-05-16	-0.008948	0.147287	0.152437	0.140782	-0.330139	1456300.000000
2013-05-15	0.015786	0.161819	0.170354	0.161268	0.573380	1969600.000000
2013-05-14	0.008442	0.158300	0.163020	0.156079	0.304062	3076500.000000
2013-05-13	-0.000723	0.153579	0.155521	0.149972	-0.026058	1023700.000000
2013-05-10	0.001932	0.155808	0.156086	0.149692	0.069507	1419900.000000
2013-05-09	-0.015688	0.139864	0.143421	0.130014	-0.573376	1654500.000000
2013-05-08	-0.000024	0.153243	0.155979	0.148866	-0.000873	1733700.000000
2013-05-07	-0.002821	0.157902	0.159812	0.152446	-0.103394	1317000.000000
2013-05-06	-0.005610	0.165243	0.166328	0.153034	-0.206787	1092900.000000
2013-05-03	0.009200	0.168297	0.174320	0.166106	0.336022	1055300.000000
2013-05-02	0.000708	0.155151	0.162549	0.153507	0.025852	1412100.000000
2013-05-01	-0.002825	0.163636	0.166914	0.156805	-0.103398	1106800.000000
2013-04-30	0.001179	0.155707	0.163092	0.152971	0.043084	1848600.000000
2013-04-29	0.021425	0.176836	0.188291	0.174321	0.766830	1976400.000000
2013-04-26	0.006542	0.166255	0.172723	0.164005	0.232628	990900.000000
2013-04-25	-0.018783	0.148765	0.152076	0.137451	-0.680676	3927700.000000
2013-04-24	0.002622	0.171974	0.172251	0.161461	0.094788	2610400.000000
2013-04-23	0.022423	0.177320	0.188635	0.176189	0.792671	1621400.000000
2013-04-22	-0.004126	0.153869	0.159785	0.149081	-0.146473	1552000.000000
2013-04-19	0.003654	0.159499	0.165154	0.158086	0.129238	1469400.000000
2013-04-18	0.004650	0.166880	0.172277	0.160346	0.163708	1903400.000000
2013-04-17	-0.015422	0.159232	0.159791	0.137977	-0.551426	1840900.000000
2013-04-16	0.005330	0.170471	0.170752	0.159787	0.189556	1195500.000000
2013-04-15	-0.014562	0.153981	0.155089	0.143452	-0.525585	1501400.000000
2013-04-12	0.000239	0.155642	0.160908	0.154534	0.008625	673500.000000
2013-04-11	0.008914	0.169019	0.174331	0.167062	0.318794	1218200.000000
2013-04-10	0.016405	0.167451	0.184787	0.167167	0.577267	1367300.000000
2013-04-09	-0.003416	0.150718	0.158365	0.145337	-0.120617	1887600.000000
2013-04-08	0.003674	0.170864	0.171432	0.160630	0.129231	1423200.000000
2013-04-05	-0.004874	0.137435	0.156387	0.137152	-0.172318	1703900.000000
2013-04-04	-0.010610	0.146357	0.154473	0.142159	-0.379101	1541100.000000
2013-04-03	-0.002166	0.167053	0.170405	0.157279	-0.077552	1829600.000000
2013-04-02	0.015889	0.170560	0.184745	0.167723	0.560043	1573300.000000
2013-04-01	-0.002195	0.159781	0.160631	0.155535	-0.077541	1037100.000000
2013-03-28	0.015103	0.180746	0.186205	0.174711	0.525581	1626700.000000
2013-03-27	-0.010049	0.141002	0.149821	0.139864	-0.353264	1712500.000000
2013-03-26	0.000245	0.160061	0.161769	0.153802	0.008618	1748000.000000
2013-03-25	-0.009711	0.157531	0.162321	0.145978	-0.344639	1986200.000000
2013-03-22	0.017288	0.173529	0.186715	0.172096	0.603115	2160900.000000
2013-03-21	-0.005160	0.154927	0.159490	0.150365	-0.180931	2004600.000000
2013-03-20	0.008674	0.172712	0.176451	0.167534	0.301563	1506500.000000
2013-03-19	0.002983	0.165823	0.171593	0.158611	0.103386	1930300.000000
2013-03-18	-0.002727	0.149985	0.162932	0.149410	-0.094765	1017000.000000
2013-03-15	0.000744	0.166389	0.168692	0.158615	0.025841	1493400.000000
2013-03-14	0.005738	0.155418	0.170186	0.155128	0.198158	1461700.000000
2013-03-13	-0.005212	0.154293	0.158038	0.151700	-0.180927	1564700.000000
2013-03-12	-0.006167	0.157768	0.160058	0.152042	-0.215401	960900.000000
2013-03-11	-0.000247	0.156337	0.161203	0.155479	-0.008613	779800.000000
2013-03-08	0.004708	0.164081	0.166382	0.159480	0.163700	2633500.000000
2013-03-07	0.014325	0.182215	0.183966	0.174340	0.491112	2907700.000000
2013-03-06	-0.002507	0.164995	0.166159	0.156848	-0.086155	1129800.000000
2013-03-05	0.011666	0.175054	0.179175	0.172404	0.396328	1659900.000000
2013-03-04	0.007667	0.159444	0.170715	0.157961	0.258487	1035600.000000
2013-03-01	0.005396	0.163314	0.167489	0.156157	0.180931	2359500.000000
2013-02-28	-0.001283	0.156759	0.164502	0.153185	-0.043075	3814000.000000
2013-02-27	0.013788	0.158215	0.179652	0.157913	0.456646	2514000.000000
2013-02-26	-0.005948	0.157629	0.166033	0.149226	-0.198162	4213000.000000
2013-02-25	-0.019772	0.165632	0.170339	0.137389	-0.672051	2851700.000000
2013-02-22	0.009209	0.163006	0.171319	0.158849	0.310173	1037800.000000
2013-02-21	-0.017346	0.140499	0.144292	0.136998	-0.594509	1673500.000000
2013-02-20	-0.004255	0.167603	0.168184	0.154530	-0.146465	1426900.000000
2013-02-19	0.016281	0.172440	0.179526	0.171850	0.551418	933000.000000
2013-02-15	-0.007072	0.159458	0.160630	0.150370	-0.241245	1298700.000000
2013-02-14	0.008919	0.170983	0.173645	0.169208	0.301559	1722600.000000
2013-02-13	-0.001527	0.161516	0.164174	0.156200	-0.051700	1250400.000000
2013-02-12	0.007176	0.163010	0.170446	0.162118	0.241253	1213600.000000
2013-02-11	0.000513	0.162416	0.162416	0.155274	0.017231	1372900.000000
2013-02-08	0.000000	0.160035	0.165094	0.159142	0.000000	1592400.000000
2013-02-07	-0.010403	0.156507	0.160041	0.145316	-0.353257	1829400.000000
2013-02-06	-0.012429	0.144751	0.147950	0.141842	-0.427341	2048800.000000
2013-02-05	0.010804	0.176521	0.184753	0.175345	0.367493	1732900.000000
2013-02-04	-0.022833	0.150520	0.157127	0.141327	-0.794819	2210700.000000
2013-02-01	0.006176	0.178147	0.181327	0.174100	0.213653	1560500.000000
2013-01-31	0.000742	0.168029	0.173814	0.167161	0.025643	1809700.000000
2013-01-30	-0.000247	0.163403	0.171211	0.162824	-0.008549	1980900.000000
2013-01-29	0.006468	0.164815	0.179368	0.164815	0.222210	1904600.000000
2013-01-28	-0.001490	0.170054	0.170344	0.163079	-0.051277	3177800.000000
2013-01-25	0.015129	0.183625	0.187755	0.177135	0.512806	2158900.000000
2013-01-24	-0.005267	0.166532	0.170935	0.160370	-0.179482	2788800.000000
2013-01-23	0.020999	0.202414	0.202414	0.189530	0.700817	3800700.000000
2013-01-22	0.009044	0.180636	0.181845	0.171868	0.299130	872300.000000
2013-01-18	-0.000258	0.167938	0.170658	0.163706	-0.008545	1089700.000000
2013-01-17	-0.004116	0.162830	0.168248	0.159819	-0.136746	985400.000000
2013-01-16	0.006995	0.175510	0.180663	0.173994	0.230755	1292800.000000
2013-01-15	0.007833	0.171887	0.181052	0.171276	0.256409	983900.000000
2013-01-14	-0.000783	0.163949	0.170054	0.161201	-0.025654	1361100.000000
2013-01-11	-0.000521	0.167613	0.173105	0.166087	-0.017090	1253900.000000
2013-01-10	0.010540	0.169129	0.183928	0.168204	0.341866	1040700.000000
2013-01-09	-0.004982	0.162384	0.165759	0.162078	-0.162388	1175300.000000
2013-01-08	-0.003657	0.161496	0.167609	0.161190	-0.119644	1381500.000000
2013-01-07	-0.005715	0.155770	0.163368	0.153946	-0.188038	1857800.000000
2013-01-04	0.006800	0.165770	0.179539	0.165770	0.222229	1043900.000000
2013-01-03	-0.007784	0.158517	0.166411	0.156392	-0.256405	1719000.000000
2013-01-02	0.006266	0.181357	0.182885	0.171582	0.205124	2220900.000000
2012-12-31	0.011354	0.173761	0.184884	0.169745	0.367493	1831900.000000
2012-12-28	-0.008898	0.163623	0.166686	0.159643	-0.290577	1345100.000000
2012-12-27	0.001835	0.180791	0.181711	0.168827	0.059818	3524900.000000
2012-12-26	-0.002876	0.169748	0.175254	0.165160	-0.094006	2119900.000000
2012-12-24	-0.001567	0.173413	0.177078	0.164556	-0.051296	779500.000000
2012-12-21	-0.011354	0.160693	0.164317	0.156466	-0.376038	1399000.000000
2012-12-20	0.005710	0.180986	0.181593	0.174609	0.188027	2038200.000000
2012-12-19	-0.001296	0.174906	0.174906	0.167931	-0.042736	2331100.000000
2012-12-18	0.001818	0.175219	0.175827	0.169750	0.059826	1661000.000000
2012-12-17	0.000000	0.164889	0.170358	0.164281	0.000000	1186200.000000
2012-12-14	0.005220	0.173718	0.180438	0.171275	0.170921	1893900.000000
2012-12-13	-0.002344	0.172491	0.173405	0.165483	-0.076916	1360300.000000
2012-12-12	0.005236	0.174342	0.181693	0.171279	0.170941	1896000.000000
2012-12-11	0.005528	0.178061	0.181141	0.174982	0.179477	1677000.000000
2012-12-10	-0.003149	0.171282	0.172817	0.165448	-0.102565	2000300.000000
2012-12-07	0.007402	0.179952	0.180570	0.173766	0.239322	3161600.000000
2012-12-06	-0.009945	0.166073	0.166379	0.155049	-0.324775	1964200.000000
2012-12-05	0.001048	0.170054	0.175572	0.167602	0.034183	2882300.000000
2012-12-04	0.005002	0.180220	0.180528	0.171902	0.162380	2479200.000000
2012-12-03	0.003966	0.186447	0.186447	0.171910	0.128212	2581400.000000
2012-11-30	-0.004736	0.170977	0.174363	0.162666	-0.153850	2310800.000000
2012-11-29	0.007688	0.179360	0.181841	0.174397	0.247852	2370300.000000
2012-11-28	0.010989	0.175385	0.184479	0.171935	0.350411	3126500.000000
2012-11-27	0.002149	0.176968	0.180110	0.171625	0.068368	1860300.000000
2012-11-26	0.001345	0.171313	0.173201	0.168166	0.042738	1002900.000000
2012-11-23	0.020868	0.188687	0.196077	0.186439	0.649548	925200.000000
2012-11-21	0.000000	0.167484	0.170375	0.165878	0.000000	977400.000000
2012-11-20	0.007190	0.173937	0.183644	0.171025	0.222214	1604400.000000
2012-11-19	0.016301	0.181892	0.192087	0.181892	0.495697	1187700.000000
2012-11-16	-0.006700	0.166134	0.166134	0.152088	-0.205124	2051600.000000
2012-11-15	-0.005000	0.165179	0.172329	0.161929	-0.153826	1510500.000000
2012-11-14	-0.006623	0.172637	0.173605	0.161337	-0.205126	1500700.000000
2012-11-13	0.007226	0.167452	0.186313	0.166151	0.222208	1659800.000000
2012-11-12	0.001671	0.173311	0.178523	0.171031	0.051287	2436300.000000
2012-11-09	-0.003882	0.164538	0.172650	0.164213	-0.119654	2011900.000000
2012-11-08	-0.003317	0.170054	0.175228	0.166173	-0.102560	1614700.000000
2012-11-07	-0.009961	0.162562	0.163202	0.152956	-0.311098	1496300.000000
2012-11-06	0.009586	0.189222	0.194071	0.185667	0.296566	1687700.000000
2012-11-05	-0.001914	0.177590	0.179203	0.173719	-0.059315	804100.000000
2012-11-02	-0.006248	0.174721	0.179850	0.172797	-0.194891	1174800.000000
2012-11-01	0.003271	0.187570	0.189178	0.181137	0.101693	2169000.000000
2012-10-31	0.001091	0.189510	0.191120	0.179528	0.033891	1821700.000000
2012-10-26	-0.000818	0.182102	0.183711	0.173736	-0.025425	3484700.000000
2012-10-25	0.028315	0.230793	0.230793	0.209949	0.855807	5978600.000000
2012-10-24	-0.001400	0.187770	0.189753	0.176537	-0.042370	1725300.000000
2012-10-23	-0.020833	0.160437	0.161731	0.152349	-0.643965	1907600.000000
2012-10-22	-0.004367	0.187258	0.188868	0.170508	-0.135576	1690300.000000
2012-10-19	-0.016112	0.174467	0.177319	0.160840	-0.508404	1833200.000000
2012-10-18	-0.002945	0.166584	0.178276	0.165005	-0.093201	6757100.000000
2012-10-17	0.007010	0.181444	0.190990	0.178899	0.220305	2064400.000000
2012-10-16	0.015330	0.200202	0.202787	0.193418	0.474514	3810100.000000
2012-10-15	0.009115	0.197776	0.197776	0.187995	0.279604	1138200.000000
2012-10-12	0.004998	0.190656	0.193605	0.185741	0.152529	1967800.000000
2012-10-11	0.007553	0.188425	0.192716	0.187434	0.228784	3437400.000000
2012-10-10	-0.001397	0.181160	0.186435	0.175886	-0.042372	1106400.000000
2012-10-09	-0.017833	0.170458	0.171753	0.158478	-0.550766	1364500.000000
2012-10-08	-0.003009	0.171778	0.176943	0.170487	-0.093214	1113800.000000
2012-10-05	0.009387	0.188643	0.195160	0.187339	0.288094	1905300.000000
2012-10-04	0.011732	0.187424	0.194017	0.185776	0.355886	1780300.000000
2012-10-03	0.001399	0.180832	0.187104	0.179842	0.042372	1325300.000000
2012-10-02	0.001120	0.183146	0.186781	0.179180	0.033890	1263700.000000
2012-10-01	0.006482	0.190150	0.193809	0.185161	0.194885	1739800.000000
2012-09-28	-0.014444	0.177221	0.179844	0.158207	-0.440614	2598600.000000
2012-09-27	0.003904	0.182146	0.189386	0.176222	0.118629	1002800.000000
2012-09-26	-0.004165	0.176567	0.177550	0.171323	-0.127096	2003900.000000
2012-09-25	-0.003873	0.181151	0.188660	0.174948	-0.118622	1030500.000000
2012-09-24	-0.001657	0.174631	0.181475	0.173979	-0.050848	1481500.000000
2012-09-21	-0.002754	0.185047	0.185697	0.176271	-0.084728	826400.000000
2012-09-20	-0.001101	0.173029	0.180171	0.172055	-0.033898	1554100.000000
2012-09-19	0.006925	0.189325	0.192922	0.185075	0.211838	2282200.000000
2012-09-18	0.006131	0.192341	0.193328	0.185763	0.186403	2397200.000000
2012-09-17	0.002235	0.188413	0.192369	0.180501	0.067789	2062900.000000
2012-09-14	0.007599	0.177514	0.192129	0.177182	0.228785	2944100.000000
2012-09-13	0.009949	0.178159	0.194596	0.176146	0.296562	3140100.000000
2012-09-12	-0.005371	0.181840	0.182507	0.171163	-0.160984	1646200.000000
2012-09-11	0.012017	0.188951	0.199756	0.187262	0.355869	3368500.000000
2012-09-10	-0.016047	0.158907	0.165220	0.158907	-0.482982	2224500.000000
2012-09-07	-0.004205	0.178517	0.181164	0.173885	-0.127098	2945600.000000
2012-09-06	0.021185	0.189294	0.207539	0.189294	0.627031	2269400.000000
2012-09-05	0.000573	0.189299	0.189299	0.178819	0.016943	1213200.000000
