2017-09-01	0.004274	0.004475	0.005480	-0.002715	0.850006	2241800.000000
2017-08-31	0.015418	0.005360	0.018430	0.002604	3.019989	2990200.000000
2017-08-30	-0.004321	-0.001779	0.000763	-0.007777	-0.849991	1506700.000000
2017-08-29	0.008406	-0.001333	0.009995	-0.003896	1.640000	2072200.000000
2017-08-28	0.003756	0.001183	0.007460	0.000000	0.729995	2009900.000000
2017-08-25	-0.002003	0.002978	0.004056	-0.003132	-0.389999	1375000.000000
2017-08-24	0.002626	0.001596	0.004273	-0.000154	0.509995	1923700.000000
2017-08-23	-0.002823	-0.001489	-0.001027	-0.005493	-0.549988	1547000.000000
2017-08-22	0.014373	0.000625	0.015258	-0.002448	2.759994	2021900.000000
2017-08-21	0.006341	0.000314	0.007808	0.000314	1.209992	1930500.000000
2017-08-18	-0.009756	0.000727	0.002595	-0.010742	-1.879990	2858500.000000
2017-08-17	-0.005522	-0.000103	0.002426	-0.005728	-1.070007	2440900.000000
2017-08-16	-0.003753	0.001594	0.003959	-0.008586	-0.729996	1881600.000000
2017-08-15	0.004078	0.003923	0.006711	0.000516	0.789993	1595200.000000
2017-08-14	0.003575	0.008186	0.008963	-0.000622	0.690003	2310300.000000
2017-08-11	0.002337	0.006958	0.010230	0.000467	0.449997	2210700.000000
2017-08-10	-0.011600	-0.002926	-0.002258	-0.012472	-2.259995	2698600.000000
2017-08-09	-0.000359	0.000000	0.002360	-0.003745	-0.069992	2125900.000000
2017-08-08	0.000616	-0.000513	0.001078	-0.003594	0.119995	1741000.000000
2017-08-07	-0.000513	-0.000359	0.002720	-0.005029	-0.100006	2074800.000000
2017-08-04	0.000565	0.000924	0.006520	-0.000873	0.110001	2892300.000000
2017-08-03	0.009171	0.001347	0.010155	0.000052	1.770004	2886100.000000
2017-08-02	0.004006	-0.000468	0.006347	-0.000468	0.770004	2463800.000000
2017-08-01	0.002190	0.008289	0.008289	-0.000991	0.419998	3336800.000000
2017-07-31	0.003453	0.002302	0.007638	-0.000052	0.660004	3767100.000000
2017-07-28	0.011750	0.000953	0.012227	-0.007040	2.220001	1925000.000000
2017-07-27	-0.009541	-0.002674	-0.001363	-0.012005	-1.820007	2631400.000000
2017-07-26	0.001838	-0.001996	0.005935	-0.005357	0.350006	2683500.000000
2017-07-25	-0.002567	0.006496	0.008329	-0.003091	-0.490005	1960100.000000
2017-07-24	-0.004641	0.000052	0.002034	-0.005944	-0.890000	2356500.000000
2017-07-21	0.001462	-0.000627	0.007833	-0.004700	0.279999	4911500.000000
2017-07-20	0.012210	0.001163	0.014430	-0.001427	2.309998	3099600.000000
2017-07-19	0.012523	0.003532	0.013701	0.003532	2.339996	3401600.000000
2017-07-18	0.002683	0.003220	0.004561	-0.013362	0.500000	4235800.000000
2017-07-17	-0.002943	0.000910	0.001873	-0.006100	-0.549988	2444600.000000
2017-07-14	0.007656	0.001779	0.008896	-0.003828	1.419998	2716700.000000
2017-07-13	-0.006481	0.001660	0.003160	-0.007338	-1.210006	2379300.000000
2017-07-12	0.003980	0.004517	0.007260	0.002474	0.740005	3342800.000000
2017-07-11	-0.005349	0.000267	0.003798	-0.009949	-1.000000	2664500.000000
2017-07-10	-0.005374	-0.003352	0.000213	-0.009630	-1.010010	2612000.000000
2017-07-07	0.005456	0.002193	0.007970	0.000374	1.020005	2252500.000000
2017-07-06	-0.006959	-0.000691	-0.000319	-0.011155	-1.309998	1844700.000000
2017-07-05	0.008572	-0.002732	0.009162	-0.004983	1.600006	2587400.000000
2017-07-03	0.006634	0.004692	0.011380	0.001726	1.229996	2087000.000000
2017-06-30	0.000810	-0.000648	0.004966	-0.001835	0.149994	2352400.000000
2017-06-29	-0.002316	0.000646	0.002100	-0.007377	-0.429993	2193600.000000
2017-06-28	0.005959	0.005850	0.009263	0.002654	1.099991	2451200.000000
2017-06-27	-0.002809	0.003241	0.009075	-0.004862	-0.519989	2682800.000000
2017-06-26	-0.000702	-0.000648	0.003455	-0.010040	-0.130005	2327400.000000
2017-06-23	-0.006702	-0.001233	-0.001233	-0.012654	-1.250000	3438500.000000
2017-06-22	0.008544	-0.000108	0.020225	-0.000757	1.580002	3841300.000000
2017-06-21	0.009003	0.001200	0.010040	-0.003056	1.649994	2866300.000000
2017-06-20	0.001366	-0.001475	0.002186	-0.004371	0.250000	2742600.000000
2017-06-19	0.007653	0.003689	0.007653	-0.004790	1.389999	3887100.000000
2017-06-16	0.006930	0.002495	0.011531	0.000000	1.250000	4473300.000000
2017-06-15	-0.006773	0.000771	0.010407	-0.008370	-1.229996	3078700.000000
2017-06-14	0.007236	0.003520	0.014057	0.003520	1.304612	2039300.000000
2017-06-13	0.010042	0.003906	0.016118	0.003569	1.792587	2458500.000000
2017-06-12	-0.012179	0.004130	0.006122	-0.023760	-2.200913	3705600.000000
2017-06-09	-0.001266	0.004959	0.008054	-0.000457	-0.229049	2392200.000000
2017-06-08	-0.008296	0.004130	0.007144	-0.008092	-1.513748	3079900.000000
2017-06-07	0.013218	0.010682	0.018846	-0.002368	2.380172	3783600.000000
2017-06-06	0.008084	0.003122	0.013591	-0.000853	1.444046	3443900.000000
2017-06-05	-0.000112	0.004913	0.009335	0.002842	-0.019928	2640600.000000
2017-06-02	-0.001058	0.006031	0.006031	-0.002804	-0.189224	2610100.000000
2017-06-01	0.025117	0.007569	0.029350	0.004187	4.381912	2890600.000000
2017-05-31	-0.007985	0.005836	0.005892	-0.005366	-1.404190	3320400.000000
2017-05-30	-0.005127	0.004356	0.007411	-0.002998	-0.906265	2285700.000000
2017-05-26	-0.003089	0.002043	0.008867	-0.001792	-0.547745	1577600.000000
2017-05-25	0.014010	0.008304	0.022086	0.006131	2.449890	3212200.000000
2017-05-24	0.002112	0.005448	0.009173	0.000118	0.368470	1612300.000000
2017-05-23	0.002977	0.002635	0.008843	-0.001561	0.517868	2471500.000000
2017-05-22	0.012225	0.004944	0.017569	0.004188	2.101318	3480300.000000
2017-05-19	0.006649	0.009108	0.012915	-0.002898	1.135315	3877300.000000
2017-05-18	0.015338	0.000502	0.034576	-0.001757	2.579346	3908000.000000
2017-05-17	0.004402	0.004130	0.017688	-0.004650	0.736969	4442300.000000
2017-05-16	-0.019880	-0.000905	0.001027	-0.020925	-3.395981	4343700.000000
2017-05-15	-0.001630	0.004013	0.005240	-0.005105	-0.278855	2831400.000000
2017-05-12	-0.008712	0.000190	0.004535	-0.006299	-1.503799	2335400.000000
2017-05-11	-0.000404	0.000481	0.006852	-0.005831	-0.069702	1901300.000000
2017-05-10	0.000866	0.002970	0.006448	-0.000391	0.149383	1568700.000000
2017-05-09	-0.006879	0.002173	0.006029	-0.005714	-1.195068	1653700.000000
2017-05-08	0.001838	0.003034	0.006667	0.000958	0.318695	2505900.000000
2017-05-05	0.000575	0.007130	0.009092	0.000033	0.099579	2189000.000000
2017-05-04	0.008578	0.007098	0.013849	0.003199	1.473923	2585200.000000
2017-05-03	-0.009188	0.001881	0.005052	-0.009017	-1.593430	3622200.000000
2017-05-02	-0.002577	0.005970	0.008616	-0.020716	-0.448151	4951000.000000
2017-05-01	-0.001658	0.004819	0.011364	-0.000406	-0.288803	2709700.000000
2017-04-28	0.001432	0.004015	0.006257	-0.000010	0.248963	2010800.000000
2017-04-27	0.001434	0.002345	0.013861	0.002057	0.248977	2438600.000000
2017-04-26	0.001954	0.004418	0.013419	0.003784	0.338608	2817500.000000
2017-04-25	0.009923	0.010947	0.018172	0.009141	1.702957	3394700.000000
2017-04-24	0.006836	0.012930	0.015863	0.007298	1.165192	2830300.000000
2017-04-21	-0.002215	0.007583	0.010452	-0.002134	-0.378433	2982300.000000
2017-04-20	0.013530	0.005732	0.021572	-0.001091	2.280578	3652100.000000
2017-04-19	0.003915	0.010086	0.019615	0.004725	0.657288	4703400.000000
2017-04-18	0.008434	0.021428	0.022449	0.007253	1.404205	5526200.000000
2017-04-17	0.013458	0.004312	0.019104	0.004130	2.210862	4396700.000000
2017-04-13	-0.003624	0.000430	0.004676	-0.001268	-0.597519	1979800.000000
2017-04-12	-0.001628	0.007097	0.007702	-0.003318	-0.268906	2978700.000000
2017-04-11	0.002115	0.000550	0.006314	-0.001210	0.348572	3172900.000000
2017-04-10	-0.003253	0.005158	0.010057	-0.000346	-0.537781	3234900.000000
2017-04-07	0.004113	0.001822	0.011175	-0.000243	0.677200	2927800.000000
2017-04-06	-0.000181	0.004615	0.008077	0.000912	-0.029876	2923600.000000
2017-04-05	0.002425	0.008938	0.018068	0.005651	0.398361	3541600.000000
2017-04-04	-0.003744	0.005828	0.009345	-0.000721	-0.617447	2886000.000000
2017-04-03	0.009634	0.007864	0.017170	0.005599	1.573502	3473700.000000
2017-03-31	-0.005940	0.002000	0.004799	-0.003417	-0.975983	3496100.000000
2017-03-30	0.009484	0.005420	0.019427	0.004253	1.543625	2993800.000000
2017-03-29	-0.011551	-0.000061	0.001822	-0.011720	-1.902146	5900400.000000
2017-03-28	0.004557	0.004008	0.013097	-0.000507	0.746918	7327100.000000
2017-03-27	-0.002424	-0.002017	0.004799	-0.006155	-0.398346	4383000.000000
2017-03-24	-0.001754	0.009233	0.016948	-0.001581	-0.288803	5243900.000000
2017-03-23	-0.010417	-0.000680	0.003529	-0.009457	-1.732849	3947400.000000
2017-03-22	-0.003995	0.006704	0.008201	-0.008265	-0.667252	2999800.000000
2017-03-21	-0.001786	0.008134	0.009031	-0.001489	-0.298767	4953100.000000
2017-03-20	-0.010018	0.005491	0.007325	-0.006403	-1.693008	3928600.000000
2017-03-17	-0.009340	0.002899	0.005537	-0.005894	-1.593415	5622900.000000
2017-03-16	-0.002794	0.005825	0.006234	-0.004989	-0.478027	3138600.000000
2017-03-15	0.016089	0.005912	0.021414	0.005496	2.708817	2807600.000000
2017-03-14	-0.006756	0.000885	0.003953	-0.005958	-1.145279	2522600.000000
2017-03-13	0.001353	0.004189	0.009742	0.001590	0.229065	3130200.000000
2017-03-10	0.011725	0.006580	0.016023	0.004429	1.961898	3716600.000000
2017-03-09	0.000595	0.005565	0.011067	0.003113	0.099579	3631400.000000
2017-03-08	0.001402	0.003142	0.008831	-0.001110	0.234040	2048200.000000
2017-03-07	-0.002371	0.006379	0.011816	0.003272	-0.396881	2702300.000000
2017-03-06	0.002973	0.003259	0.014764	0.001461	0.496109	2576500.000000
2017-03-03	0.005319	0.007873	0.014740	0.003716	0.883041	2254400.000000
2017-03-02	-0.003751	0.010153	0.010813	0.001991	-0.625092	1889800.000000
2017-03-01	0.015480	0.016039	0.027496	0.013784	2.540009	3514200.000000
2017-02-28	0.000000	0.008421	0.016283	0.004947	0.000000	4382100.000000
2017-02-27	0.014228	0.008491	0.022707	0.006327	2.301895	4071800.000000
2017-02-24	0.002829	0.008306	0.010910	0.002542	0.456390	2715700.000000
2017-02-23	0.012642	0.012643	0.020615	0.008626	2.014145	2459600.000000
2017-02-22	0.000000	0.010007	0.015468	0.002035	0.000000	2725300.000000
2017-02-21	0.018716	0.007873	0.028334	0.007233	2.926972	5419000.000000
2017-02-17	-0.036847	-0.020765	-0.013621	-0.036224	-5.982910	12033600.000000
2017-02-16	-0.003896	0.010879	0.012044	-0.004151	-0.634995	3191600.000000
2017-02-15	0.007111	0.004474	0.018746	0.004474	1.150925	4537900.000000
2017-02-14	0.007037	0.004513	0.017267	0.003268	1.131088	2969400.000000
2017-02-13	0.007714	0.007496	0.015835	0.007496	1.230331	3275800.000000
2017-02-10	0.001932	0.005862	0.015097	0.005737	0.307572	1905900.000000
2017-02-09	0.000811	0.007872	0.014097	0.003157	0.128982	3056800.000000
2017-02-08	-0.001370	0.004545	0.008500	0.000841	-0.218277	2339700.000000
2017-02-07	0.000125	0.011263	0.015219	0.001782	0.019852	2942700.000000
2017-02-06	-0.008402	0.005631	0.011982	-0.002401	-1.349380	3479400.000000
2017-02-03	0.006905	0.010192	0.015647	0.004424	1.101333	2762300.000000
2017-02-02	-0.011985	0.006696	0.011218	-0.007303	-1.934768	4714000.000000
2017-02-01	0.003763	0.011914	0.019064	0.007437	0.605224	3718500.000000
2017-01-31	0.000062	0.004950	0.008494	-0.005061	0.009934	3037000.000000
2017-01-30	-0.005522	0.007563	0.010779	-0.002516	-0.892975	2784600.000000
2017-01-27	0.001475	0.012517	0.014375	0.007067	0.238113	3110400.000000
2017-01-26	0.009365	0.011748	0.022499	0.007935	1.498215	4202400.000000
2017-01-25	0.005049	0.010323	0.017610	0.007370	0.803680	3605800.000000
2017-01-24	0.008550	0.009710	0.022065	0.008063	1.349366	3514100.000000
2017-01-23	0.002584	0.007618	0.013336	-0.005468	0.406799	4062600.000000
2017-01-20	-0.000252	0.009905	0.014859	0.002220	-0.039673	3579100.000000
2017-01-19	0.006086	0.007873	0.025827	0.004678	0.952484	4976900.000000
2017-01-18	-0.018175	0.010382	0.011260	-0.020797	-2.897186	6591600.000000
2017-01-17	-0.007046	0.012918	0.015161	-0.018850	-1.131104	5475800.000000
2017-01-13	-0.003449	0.006631	0.010231	0.001975	-0.555618	3183300.000000
2017-01-12	0.002903	0.006627	0.014409	0.001647	0.466324	2555900.000000
2017-01-11	0.001919	0.006126	0.016356	0.001822	0.307587	3330600.000000
2017-01-10	-0.002285	0.003641	0.014283	-0.001151	-0.367112	3500700.000000
2017-01-09	-0.002832	0.005328	0.007997	-0.002243	-0.456405	3040800.000000
2017-01-06	0.001418	0.005200	0.012596	0.001223	0.228210	3081300.000000
2017-01-05	0.001668	0.006877	0.012355	0.005383	0.267884	2961100.000000
2017-01-04	0.002849	0.013491	0.014927	-0.002802	0.456405	2695200.000000
2017-01-03	0.008810	0.014737	0.021916	0.002268	1.399002	3539700.000000
2016-12-30	-0.006210	0.009938	0.010626	0.000425	-0.992202	2855600.000000
2016-12-29	-0.002478	0.010869	0.013616	0.001317	-0.396882	2476300.000000
2016-12-28	-0.007378	0.004898	0.011653	-0.000307	-1.190612	1669100.000000
2016-12-27	-0.002392	0.009294	0.013622	0.004287	-0.386979	1344000.000000
2016-12-23	0.008974	0.007748	0.016979	0.001448	1.438691	2044400.000000
2016-12-22	0.001550	0.008247	0.011309	0.001250	0.248047	2741700.000000
2016-12-21	-0.001609	0.006812	0.012239	-0.004415	-0.257966	2767700.000000
2016-12-20	0.000310	0.008933	0.017668	0.007062	0.049607	3131200.000000
2016-12-19	-0.014640	0.002647	0.007873	-0.008849	-2.381256	4732600.000000
2016-12-16	0.020670	0.012642	0.029082	0.011449	3.294067	7605300.000000
2016-12-15	0.004754	0.007936	0.016888	0.005161	0.754059	4422700.000000
2016-12-14	-0.004236	0.011639	0.015783	-0.003553	-0.674683	3885700.000000
2016-12-13	0.006583	0.013623	0.021902	0.011538	1.041794	3868900.000000
2016-12-12	-0.003935	-0.000247	0.004977	-0.007045	-0.625076	3471200.000000
2016-12-09	0.005021	0.009138	0.013186	-0.002312	0.793747	4007200.000000
2016-12-08	-0.000502	0.007936	0.013184	-0.000979	-0.079361	3407500.000000
2016-12-07	0.013221	0.011524	0.024914	0.001658	2.063736	4552300.000000
2016-12-06	-0.001967	0.011325	0.011709	-0.000887	-0.307587	3216700.000000
2016-12-05	-0.019287	0.004487	0.007496	-0.020345	-3.075760	5854200.000000
2016-12-02	-0.001305	0.008248	0.017767	0.005493	-0.208374	3480000.000000
2016-12-01	0.016549	0.012965	0.029517	0.012965	2.599533	5250200.000000
2016-11-30	0.008633	0.011115	0.025819	0.008547	1.344422	7142400.000000
2016-11-29	0.036027	0.044016	0.051866	0.032308	5.415634	5827400.000000
2016-11-28	-0.004581	0.011422	0.012151	-0.006722	-0.691788	5029600.000000
2016-11-25	-0.004754	0.014456	0.018213	0.005757	-0.721405	1664500.000000
2016-11-23	0.008407	0.010224	0.021721	0.003246	1.264954	2697200.000000
2016-11-22	0.012300	0.016393	0.028839	0.012895	1.828262	4992100.000000
2016-11-21	0.006424	0.013714	0.020078	0.005860	0.948730	3867800.000000
2016-11-18	-0.008755	0.013765	0.017859	0.002691	-1.304504	5664800.000000
2016-11-17	-0.004818	0.014023	0.014691	0.003136	-0.721420	4683000.000000
2016-11-16	-0.004795	0.010290	0.017004	0.005239	-0.721421	3899000.000000
2016-11-15	-0.000328	0.020059	0.023049	0.006769	-0.049407	4910700.000000
2016-11-14	0.040022	0.018106	0.056806	0.016170	5.791168	5740400.000000
2016-11-11	0.001984	0.015902	0.021372	0.011055	0.286575	4464200.000000
2016-11-10	0.029810	0.015023	0.045187	0.012599	4.180328	6075500.000000
2016-11-09	-0.006998	-0.011907	0.021020	-0.035416	-0.988250	8042400.000000
2016-11-08	0.006834	0.007751	0.023863	0.005255	0.958603	4331000.000000
2016-11-07	0.030644	0.025773	0.046641	0.025406	4.170425	3896600.000000
2016-11-04	-0.000871	0.016437	0.019668	0.010858	-0.118591	3520700.000000
2016-11-03	-0.008275	0.013342	0.021788	0.002202	-1.136490	2989700.000000
2016-11-02	-0.003227	0.008910	0.024949	0.008257	-0.444702	3149700.000000
2016-11-01	-0.013444	0.013174	0.013174	-0.006085	-1.877686	3391400.000000
2016-10-31	0.006982	0.015130	0.020465	0.009146	0.968475	3761100.000000
2016-10-28	-0.011202	0.009890	0.014809	-0.005937	-1.571319	4033600.000000
2016-10-27	-0.002039	0.015372	0.019143	0.007261	-0.286575	3358000.000000
2016-10-26	-0.010781	0.011675	0.011886	-0.001416	-1.531815	3267600.000000
2016-10-25	-0.006289	0.013214	0.016711	0.004263	-0.899307	3095400.000000
2016-10-24	-0.004678	0.016271	0.017802	0.002489	-0.672013	2930200.000000
2016-10-21	0.002068	0.006236	0.014466	0.002748	0.296463	3331800.000000
2016-10-20	0.004849	0.012727	0.022469	0.009152	0.691803	5203700.000000
2016-10-19	0.006834	0.014920	0.032845	0.007863	0.968476	5796000.000000
2016-10-18	0.069037	0.050134	0.085968	0.040100	9.151214	10141900.000000
2016-10-17	0.001568	0.012944	0.015739	0.005161	0.207566	3602500.000000
2016-10-14	-0.002012	0.016335	0.021839	0.009623	-0.266846	3452900.000000
2016-10-13	-0.006736	0.008515	0.008515	0.000726	-0.899307	3425700.000000
2016-10-12	0.002597	0.013613	0.019170	0.003550	0.345886	4287900.000000
2016-10-11	-0.024116	0.006316	0.009028	-0.015302	-3.290878	3353600.000000
2016-10-10	0.010391	0.014181	0.024399	0.014181	1.403320	2586000.000000
2016-10-07	0.001392	0.017373	0.019894	0.008252	0.187759	2568700.000000
2016-10-06	-0.008212	0.009753	0.011077	-0.002381	-1.116729	4025300.000000
2016-10-05	-0.004053	0.012252	0.017525	0.000460	-0.553421	4625600.000000
2016-10-04	-0.002383	0.013347	0.018242	0.002168	-0.326142	2452600.000000
2016-10-03	-0.010786	0.007188	0.009862	-0.002353	-1.492248	2724400.000000
2016-09-30	0.012146	0.018177	0.027687	0.012617	1.660263	4164100.000000
2016-09-29	-0.014885	0.010228	0.010949	-0.006635	-2.065430	2201000.000000
2016-09-28	-0.002699	0.014329	0.018498	0.003764	-0.375549	1990400.000000
2016-09-27	0.007658	0.013841	0.019997	0.004426	1.057419	3048600.000000
2016-09-26	-0.005622	0.007853	0.009437	0.000291	-0.780686	2636500.000000
2016-09-23	-0.003758	0.011742	0.017195	0.007007	-0.523804	2802000.000000
2016-09-22	0.008077	0.016081	0.022734	0.014923	1.116745	3018300.000000
2016-09-21	0.017749	0.017259	0.030214	0.015713	2.411316	3506600.000000
2016-09-20	-0.001525	0.015193	0.018133	0.007329	-0.207504	2425700.000000
2016-09-19	-0.005705	0.013420	0.018609	0.004943	-0.780746	3239500.000000
2016-09-16	0.021090	0.011886	0.033823	0.011289	2.826416	7421900.000000
2016-09-15	0.014362	0.006890	0.030051	0.005755	1.897445	3302900.000000
2016-09-14	-0.001941	0.011281	0.017476	0.004558	-0.256942	4592400.000000
2016-09-13	-0.011658	0.002254	0.009049	-0.004241	-1.561432	3331500.000000
2016-09-12	0.014294	0.004995	0.027789	0.002571	1.887573	3457400.000000
2016-09-09	-0.013438	0.006432	0.009719	-0.001712	-1.798630	3322300.000000
2016-09-08	0.003333	0.007988	0.016608	0.007538	0.444702	2826700.000000
2016-09-07	-0.002623	0.009306	0.016484	0.003325	-0.350830	2816300.000000
2016-09-06	-0.004685	0.016633	0.018344	0.009266	-0.629577	2242400.000000
2016-09-02	0.006409	0.022250	0.024347	0.016708	0.855835	2390500.000000
2016-09-01	-0.002279	0.022312	0.023507	0.011328	-0.304963	2765400.000000
2016-08-31	-0.005991	0.014182	0.016187	0.006755	-0.806625	2837300.000000
2016-08-30	-0.002914	0.016558	0.019669	0.008931	-0.393494	2026600.000000
2016-08-29	0.004758	0.020874	0.027124	0.015517	0.639420	2315900.000000
2016-08-26	-0.004953	0.019298	0.023962	0.006859	-0.668930	3082400.000000
2016-08-25	-0.018374	0.015686	0.015686	-0.004082	-2.528137	3891000.000000
2016-08-24	-0.015069	0.016487	0.017059	-0.001338	-2.105149	2529800.000000
2016-08-23	-0.000563	0.021137	0.022139	0.014126	-0.078689	2295500.000000
2016-08-22	0.000352	0.017059	0.023429	0.014197	0.049179	1587900.000000
2016-08-19	-0.000914	0.012840	0.017130	0.009766	-0.127869	1950200.000000
2016-08-18	0.003246	0.016271	0.024664	0.013402	0.452484	1572700.000000
2016-08-17	0.004466	0.018071	0.022539	0.013532	0.619751	1849100.000000
2016-08-16	-0.003813	0.013185	0.016558	0.007299	-0.531204	1688500.000000
2016-08-15	-0.008819	0.017128	0.018195	0.006669	-1.239487	2369600.000000
2016-08-12	0.001753	0.013208	0.020193	0.008504	0.245926	1787900.000000
2016-08-11	0.003095	0.016916	0.022778	0.011196	0.432846	1857500.000000
2016-08-10	0.002609	0.016917	0.020286	0.010179	0.363984	1866300.000000
2016-08-09	-0.002181	0.019562	0.023711	0.013340	-0.304963	2140700.000000
2016-08-08	-0.006014	0.013857	0.017127	0.008525	-0.845993	1846400.000000
2016-08-05	0.001962	0.020975	0.022471	0.014350	0.275437	2000100.000000
2016-08-04	-0.001190	0.018124	0.020827	0.012147	-0.167237	1890900.000000
2016-08-03	-0.002025	0.017694	0.019754	0.011304	-0.285263	1963600.000000
2016-08-02	-0.002369	0.018683	0.019817	0.008271	-0.334457	2679100.000000
2016-08-01	0.002165	0.018120	0.023373	0.015423	0.304962	2494900.000000
2016-07-29	0.003082	0.010079	0.024676	0.008298	0.432816	3269700.000000
2016-07-28	0.007623	0.014262	0.026245	0.013043	1.062408	2517000.000000
2016-07-27	-0.000141	0.012756	0.021150	0.003717	-0.019653	2684100.000000
2016-07-26	-0.000212	0.018065	0.019858	0.011466	-0.029526	2668100.000000
2016-07-25	-0.013641	0.015568	0.017973	0.000428	-1.928101	2725600.000000
2016-07-22	0.005740	0.022393	0.024954	0.016914	0.806656	2697500.000000
2016-07-21	-0.001049	0.014355	0.021605	0.010232	-0.147552	3475100.000000
2016-07-20	0.003016	0.022832	0.030033	0.018127	0.423004	5489800.000000
2016-07-19	0.013073	0.016558	0.030137	0.006230	1.810028	5326200.000000
2016-07-18	-0.004104	0.019651	0.020658	0.004259	-0.570557	4166300.000000
2016-07-15	0.003479	0.022405	0.030561	0.018146	0.482026	3748700.000000
2016-07-14	-0.004524	0.023097	0.026402	0.009301	-0.629578	3000700.000000
2016-07-13	0.011583	0.024554	0.029133	0.016995	1.593613	3164700.000000
2016-07-12	-0.003278	0.020688	0.021122	0.009676	-0.452515	4310100.000000
2016-07-11	-0.006725	0.016558	0.018933	0.007491	-0.934540	4084000.000000
2016-07-08	0.003338	0.023056	0.023634	0.007534	0.462357	3605500.000000
2016-07-07	-0.011097	0.016487	0.018558	-0.000791	-1.554261	3515500.000000
2016-07-06	0.005793	0.012393	0.026612	0.012321	0.806641	4083300.000000
2016-07-05	0.004969	0.011434	0.024136	0.010568	0.688599	3749300.000000
2016-07-01	-0.002408	0.016270	0.020806	0.012383	-0.334458	2882500.000000
2016-06-30	0.004839	0.017716	0.022273	0.014533	0.668915	4730800.000000
2016-06-29	0.013049	0.024547	0.030996	0.023081	1.780518	3704500.000000
2016-06-28	0.011670	0.024714	0.031238	0.020562	1.573944	4160200.000000
2016-06-27	-0.001311	0.008117	0.017299	0.003156	-0.177048	3996200.000000
2016-06-24	-0.013651	-0.009223	0.012395	-0.012947	-1.869080	4475100.000000
2016-06-23	0.009355	0.027247	0.031892	0.017369	1.268998	2646800.000000
2016-06-22	-0.002099	0.018471	0.026489	0.012439	-0.285279	2375200.000000
2016-06-21	-0.002382	0.021549	0.021769	0.013256	-0.324630	2021400.000000
2016-06-20	0.006028	0.027854	0.032432	0.019881	0.816482	3731700.000000
2016-06-17	-0.006996	0.017291	0.017951	0.001089	-0.954208	4430900.000000
2016-06-16	0.010200	0.016188	0.028630	0.010041	1.377228	3176100.000000
2016-06-15	0.000109	0.020225	0.023410	0.015114	0.014755	2369400.000000
2016-06-14	-0.001593	0.019635	0.022445	0.015641	-0.215454	2970700.000000
2016-06-13	-0.008259	0.019428	0.027715	0.012680	-1.126129	2804300.000000
2016-06-10	-0.010236	0.018066	0.019083	0.006380	-1.410111	2805800.000000
2016-06-09	0.001994	0.021842	0.024606	0.014932	0.274170	3682400.000000
2016-06-08	0.025266	0.023648	0.050643	0.021635	3.388184	6180800.000000
2016-06-07	-0.008758	0.021262	0.023775	0.011800	-1.184861	2943200.000000
2016-06-06	0.009573	0.021785	0.032755	0.018725	1.282822	2959900.000000
2016-06-03	0.005881	0.017960	0.029295	0.014507	0.783402	3625600.000000
2016-06-02	0.011224	0.019138	0.033485	0.017240	1.478637	4015000.000000
2016-06-01	0.006434	0.020500	0.030202	0.016222	0.842179	2618000.000000
2016-05-31	-0.002463	0.025760	0.026903	0.017225	-0.323166	3634100.000000
2016-05-27	0.007671	0.021188	0.033091	0.021034	0.998871	1833400.000000
2016-05-26	-0.003298	0.021800	0.025321	0.015371	-0.430878	1499300.000000
2016-05-25	0.006260	0.025963	0.034358	0.022651	0.812759	2211300.000000
2016-05-24	0.016638	0.023850	0.041311	0.020326	2.124970	2702400.000000
2016-05-23	-0.003971	0.014871	0.023215	0.013935	-0.509201	3036500.000000
2016-05-20	0.007231	0.026137	0.035249	0.022759	0.920501	2538100.000000
2016-05-19	-0.003908	0.014772	0.025961	0.007495	-0.499420	2756000.000000
2016-05-18	0.007332	0.017641	0.034666	0.016222	0.930283	2246400.000000
2016-05-17	-0.008267	0.020641	0.025721	0.008290	-1.057579	2294500.000000
2016-05-16	0.012713	0.019209	0.035912	0.017467	1.605964	2466000.000000
2016-05-13	-0.005704	0.016150	0.023470	0.011821	-0.724655	3137300.000000
2016-05-12	-0.007269	0.023610	0.025876	0.006029	-0.930275	3210400.000000
2016-05-11	-0.021562	0.022487	0.024475	-0.001672	-2.820259	3450800.000000
2016-05-10	0.006784	0.023112	0.028346	0.020495	0.881348	2223500.000000
2016-05-09	0.004771	0.018945	0.033175	0.017553	0.616913	2191800.000000
2016-05-06	-0.002041	0.019490	0.020956	0.007990	-0.264389	2615600.000000
2016-05-05	0.002121	0.021342	0.030856	0.019796	0.274200	2054700.000000
2016-05-04	-0.003246	0.010086	0.020802	0.006771	-0.421081	2909300.000000
2016-05-03	0.002725	0.015544	0.029923	0.013689	0.352523	3632300.000000
2016-05-02	0.003190	0.028400	0.030882	0.015294	0.411301	2887700.000000
2016-04-29	-0.002953	0.013378	0.019718	-0.003092	-0.381943	4161100.000000
2016-04-28	-0.005497	0.021111	0.033414	0.012652	-0.714828	3332800.000000
2016-04-27	-0.010727	0.021948	0.023774	0.003387	-1.410156	3358800.000000
2016-04-26	0.003439	0.022638	0.027523	0.015234	0.450485	2638000.000000
2016-04-25	-0.002610	0.017990	0.020731	0.009463	-0.342758	2702100.000000
2016-04-22	0.008800	0.027025	0.031710	0.021879	1.145721	2782800.000000
2016-04-21	-0.007243	0.018366	0.021721	0.009750	-0.949875	3786000.000000
2016-04-20	0.026284	0.027369	0.057262	0.024318	3.358849	7321000.000000
2016-04-19	0.021047	0.039405	0.049072	0.031654	2.634186	4340100.000000
2016-04-18	0.003770	0.017579	0.026802	0.015333	0.470047	2714500.000000
2016-04-15	-0.005079	0.020469	0.021826	0.007144	-0.636521	2835200.000000
2016-04-14	0.001722	0.020868	0.027662	0.019589	0.215424	1674600.000000
2016-04-13	0.007571	0.028033	0.036167	0.024973	0.940094	2592400.000000
2016-04-12	0.003720	0.020945	0.029514	0.013670	0.460251	2887200.000000
2016-04-11	0.005172	0.022407	0.031426	0.022407	0.636520	3119200.000000
2016-04-08	-0.009380	0.023763	0.031490	0.008229	-1.165314	3642300.000000
2016-04-07	-0.009060	0.017040	0.024458	0.006831	-1.135940	3186600.000000
2016-04-06	0.007793	0.022715	0.032281	0.019902	0.969467	3021400.000000
2016-04-05	-0.018921	0.016929	0.020951	0.000762	-2.399185	4440000.000000
2016-04-04	-0.003310	0.025746	0.027318	0.013013	-0.421067	2812400.000000
2016-04-01	0.007913	0.019524	0.033388	0.016910	0.998841	3901700.000000
2016-03-31	-0.006015	0.020873	0.023471	0.010242	-0.763802	3181800.000000
2016-03-30	-0.001156	0.023233	0.031177	0.017727	-0.146912	2578500.000000
2016-03-29	0.007059	0.023960	0.030455	0.018178	0.891137	2463100.000000
2016-03-28	0.002566	0.023014	0.028414	0.016582	0.323150	1955100.000000
2016-03-24	-0.009246	0.014736	0.025358	0.000574	-1.175102	4153900.000000
2016-03-23	0.013826	0.022224	0.039774	0.021188	1.733261	6166400.000000
2016-03-22	0.010100	0.020463	0.037947	0.015386	1.253456	3984000.000000
2016-03-21	0.000158	0.017320	0.023444	0.012807	0.019585	2667000.000000
2016-03-18	0.017586	0.023894	0.042099	0.021188	2.144562	6948400.000000
2016-03-17	-0.002962	0.018817	0.021678	-0.000724	-0.362335	3911400.000000
2016-03-16	0.000401	0.017425	0.026913	0.015053	0.048965	2140900.000000
2016-03-15	-0.002955	0.015642	0.023226	0.011891	-0.362320	2610300.000000
2016-03-14	0.000959	0.018739	0.028698	0.015147	0.117508	2856400.000000
2016-03-11	0.024654	0.024366	0.048204	0.022526	2.947555	3766200.000000
2016-03-10	0.008175	0.022031	0.035186	0.015369	0.969460	2638200.000000
2016-03-09	-0.000495	0.027256	0.029279	0.015203	-0.058754	2094000.000000
2016-03-08	-0.000821	0.021360	0.030118	0.016728	-0.097519	2522000.000000
2016-03-07	-0.000328	0.019340	0.033315	0.017825	-0.039017	2315400.000000
2016-03-04	-0.000164	0.021193	0.028516	0.016311	-0.019508	2873900.000000
2016-03-03	0.004535	0.021935	0.030391	0.015424	0.536385	3064100.000000
2016-03-02	-0.003288	0.021694	0.026835	0.014446	-0.390099	2670900.000000
2016-03-01	0.021578	0.028760	0.052264	0.027726	2.506332	3295600.000000
2016-02-29	-0.018380	0.023458	0.029543	0.005457	-2.174751	4526300.000000
2016-02-26	0.001073	0.027771	0.034370	0.022779	0.126785	2877500.000000
2016-02-25	0.008319	0.025402	0.034189	0.022160	0.975220	2281700.000000
2016-02-24	-0.007842	0.015076	0.018377	-0.002698	-0.926468	2559700.000000
2016-02-23	-0.000989	0.020075	0.029883	0.016946	-0.117019	2804400.000000
2016-02-22	0.030506	0.037775	0.064264	0.036555	3.501068	5054800.000000
2016-02-19	0.001958	0.025838	0.035005	0.012917	0.224296	4481400.000000
2016-02-18	-0.007185	0.027135	0.040137	0.014654	-0.828949	3847100.000000
2016-02-17	0.027356	0.028519	0.054254	0.025847	3.071968	4466000.000000
2016-02-16	0.029780	0.032830	0.057039	0.031913	3.247506	3445700.000000
2016-02-12	0.010848	0.030778	0.037360	0.021601	1.170272	2552100.000000
2016-02-11	-0.018804	0.012487	0.015852	0.001299	-2.067474	3955000.000000
2016-02-10	0.014214	0.026970	0.056027	0.026970	1.540855	3023200.000000
2016-02-09	0.010362	0.019344	0.046465	0.017200	1.111771	3680200.000000
2016-02-08	-0.015217	0.014204	0.019895	-0.001123	-1.657898	5050200.000000
2016-02-05	-0.021716	0.024235	0.025492	-0.004229	-2.418564	3330800.000000
2016-02-04	0.012860	0.024674	0.041772	0.018945	1.414070	3608300.000000
2016-02-03	-0.009923	0.029814	0.029814	-0.006833	-1.101997	3462300.000000
2016-02-02	-0.017344	0.017085	0.020978	0.002220	-1.960205	2997700.000000
2016-02-01	0.006339	0.022463	0.034217	0.016052	0.711914	4333500.000000
2016-01-29	0.033938	0.030465	0.060202	0.018405	3.686356	5280800.000000
2016-01-28	-0.008457	0.025037	0.033800	0.009701	-0.926461	3525600.000000
2016-01-27	-0.014303	0.029631	0.033050	0.006326	-1.589622	4720300.000000
2016-01-26	0.005116	0.021151	0.032637	0.010751	0.565636	4592500.000000
2016-01-25	-0.008309	0.027106	0.034191	0.012128	-0.926476	2908500.000000
2016-01-22	0.007313	0.035972	0.040309	0.028925	0.809441	3622200.000000
2016-01-21	-0.011238	0.024330	0.031566	0.002802	-1.258034	5413900.000000
2016-01-20	0.019631	0.020939	0.054184	0.003269	2.155258	8380700.000000
2016-01-19	0.030292	0.046235	0.071290	0.028499	3.227997	7122800.000000
2016-01-15	-0.013453	0.009849	0.024383	-0.002094	-1.453095	5940500.000000
2016-01-14	0.014007	0.020802	0.049528	0.009255	1.492096	4238200.000000
2016-01-13	-0.026991	0.026772	0.032526	-0.005015	-2.954940	3434300.000000
2016-01-12	0.024457	0.032701	0.058621	0.029800	2.613617	4037800.000000
2016-01-11	-0.005265	0.028660	0.029684	0.007064	-0.565644	4525800.000000
2016-01-08	-0.017218	0.027780	0.033727	0.004087	-1.882179	4422400.000000
2016-01-07	-0.029440	0.008888	0.012972	-0.010734	-3.315765	5277200.000000
2016-01-06	-0.010199	0.017492	0.025138	0.006244	-1.160531	2677300.000000
2016-01-05	0.001889	0.027691	0.037993	0.023201	0.214554	2816800.000000
2016-01-04	-0.010031	0.019039	0.019039	-0.001706	-1.150772	4991000.000000
2015-12-31	-0.010764	0.022988	0.029282	0.011951	-1.248291	2360000.000000
2015-12-30	-0.007511	0.027199	0.027884	0.015475	-0.877701	1747700.000000
2015-12-29	0.012592	0.030081	0.043426	0.028608	1.453080	2027600.000000
2015-12-28	-0.000084	0.024709	0.027741	0.017084	-0.009751	1582600.000000
2015-12-24	-0.002949	0.024019	0.029635	0.021946	-0.341331	900100.000000
2015-12-23	0.010644	0.029418	0.037538	0.026362	1.219047	2479600.000000
2015-12-22	0.000255	0.032214	0.033524	0.014922	0.029244	2821600.000000
2015-12-21	0.013728	0.032042	0.042666	0.026995	1.550621	3185200.000000
2015-12-18	-0.028519	0.020155	0.022305	-0.003841	-3.315781	7574800.000000
2015-12-17	0.003282	0.025402	0.044904	0.023762	0.380341	3945800.000000
2015-12-16	0.010373	0.031418	0.044147	0.019212	1.189773	3516900.000000
2015-12-15	0.015192	0.034430	0.048857	0.032571	1.716408	3124100.000000
2015-12-14	-0.001121	0.024518	0.032121	0.011698	-0.126793	3867200.000000
2015-12-11	-0.001979	0.025402	0.035373	0.011372	-0.224289	3830800.000000
2015-12-10	0.010083	0.025402	0.043227	0.019074	1.131256	3177100.000000
2015-12-09	-0.007162	0.021154	0.033720	0.014606	-0.809425	3839100.000000
2015-12-08	-0.000259	0.016909	0.029294	0.008063	-0.029266	3551900.000000
2015-12-07	-0.015543	0.026708	0.026708	0.003281	-1.784661	3164300.000000
2015-12-04	0.023826	0.030663	0.054381	0.027542	2.672112	3588200.000000
2015-12-03	-0.022441	0.026797	0.030980	-0.002578	-2.574593	4286600.000000
2015-12-02	0.016241	0.029654	0.057468	0.028502	1.833428	6071100.000000
2015-12-01	0.031497	0.037323	0.063272	0.032937	3.447166	5467000.000000
2015-11-30	-0.014256	0.031812	0.034154	0.014339	-1.582786	4605200.000000
2015-11-27	-0.000612	0.030551	0.043243	0.026860	-0.067971	1740400.000000
2015-11-25	0.010778	0.032378	0.046754	0.028102	1.184662	2959200.000000
2015-11-24	0.009183	0.022669	0.041675	0.019731	1.000160	3244800.000000
2015-11-23	-0.007170	0.029831	0.043687	0.021900	-0.786529	3780400.000000
2015-11-20	0.021152	0.032251	0.065297	0.029552	2.272209	7059400.000000
2015-11-19	-0.056460	-0.035692	-0.001262	-0.037273	-6.428223	15731900.000000
2015-11-18	0.025002	0.028570	0.058100	0.024069	2.777146	3319900.000000
2015-11-17	0.005008	0.029017	0.044489	0.023950	0.553497	1981400.000000
2015-11-16	0.021632	0.025117	0.055066	0.024100	2.340179	2450000.000000
2015-11-13	-0.012498	0.026818	0.031656	0.014861	-1.369163	3767300.000000
2015-11-12	-0.015016	0.022818	0.031629	0.011759	-1.670166	3341300.000000
2015-11-11	-0.011649	0.033919	0.038451	0.016146	-1.310890	2374200.000000
2015-11-10	0.014266	0.029921	0.047316	0.027758	1.582779	2842600.000000
2015-11-09	-0.004791	0.023731	0.028306	0.013685	-0.534073	2755100.000000
2015-11-06	-0.012217	0.020971	0.026021	0.010161	-1.378868	4106900.000000
2015-11-05	0.013870	0.032885	0.048965	0.020758	1.543953	4009100.000000
2015-11-04	-0.025667	0.029306	0.030618	-0.001679	-2.932541	5396100.000000
2015-11-03	-0.008678	0.025319	0.027835	0.008660	-1.000153	2758200.000000
2015-11-02	0.007726	0.037350	0.048805	0.030355	0.883637	3874200.000000
2015-10-30	-0.016122	0.031723	0.035509	0.013228	-1.874092	4237800.000000
2015-10-29	-0.000584	0.029917	0.046081	0.027424	-0.067963	3257500.000000
2015-10-28	0.003435	0.033195	0.036474	-0.000019	0.398117	4405500.000000
2015-10-27	0.024371	0.028594	0.056255	0.024263	2.757736	4008400.000000
2015-10-26	0.005262	0.029831	0.039425	0.021658	0.592323	3377100.000000
2015-10-23	0.018540	0.035622	0.055258	0.031912	2.048890	5497500.000000
2015-10-22	-0.036407	0.030703	0.037853	-0.040272	-4.175446	10475000.000000
2015-10-21	-0.019183	0.032140	0.033081	-0.014212	-2.243080	5305600.000000
2015-10-20	-0.002568	0.029063	0.036996	0.020960	-0.301041	3250700.000000
2015-10-19	0.006251	0.028114	0.037813	0.023136	0.728279	3707500.000000
2015-10-16	-0.001581	0.035658	0.035658	0.016205	-0.184494	4416500.000000
2015-10-15	-0.015565	0.003931	0.016586	-0.021716	-1.844955	8012400.000000
2015-10-14	-0.015485	0.028668	0.038220	0.003668	-1.864388	5592200.000000
2015-10-13	0.012081	0.035295	0.059084	0.022097	1.437119	6655700.000000
2015-10-12	0.027165	0.027586	0.062642	0.023700	3.146164	5840000.000000
2015-10-09	0.027481	0.029032	0.059906	0.028766	3.097595	4485100.000000
2015-10-08	-0.003006	0.029831	0.034342	0.016298	-0.339859	3646500.000000
2015-10-07	0.003274	0.033469	0.036575	0.016964	0.368988	4282000.000000
2015-10-06	-0.030088	0.028196	0.029400	-0.013032	-3.495720	4652000.000000
2015-10-05	0.006901	0.037111	0.042917	0.023764	0.796250	3491200.000000
2015-10-02	0.019038	0.016849	0.049613	0.014023	2.155685	3521600.000000
2015-10-01	0.005172	0.029209	0.036045	0.020066	0.582611	3768300.000000
2015-09-30	0.015672	0.040380	0.054175	0.035781	1.738159	4638600.000000
2015-09-29	0.013487	0.031567	0.049569	0.019871	1.475975	5142700.000000
2015-09-28	-0.031537	0.022574	0.024963	-0.017603	-3.563698	5727000.000000
2015-09-25	-0.038979	0.039101	0.041057	-0.020006	-4.583267	8060200.000000
2015-09-24	-0.017764	0.022062	0.024401	-0.003667	-2.126564	4735800.000000
2015-09-23	0.002847	0.030417	0.040554	0.022375	0.339852	3131300.000000
2015-09-22	-0.008149	0.009058	0.028584	0.009058	-0.980736	4566800.000000
2015-09-21	0.012003	0.038408	0.044967	0.020749	1.427406	3476700.000000
2015-09-18	-0.006409	0.021058	0.034092	0.017800	-0.767097	7458400.000000
2015-09-17	0.017416	0.032806	0.063578	0.027706	2.048874	5466500.000000
2015-09-16	0.009331	0.031890	0.041242	0.025713	1.087562	3475700.000000
2015-09-15	0.018930	0.036912	0.054396	0.026596	2.165405	3072100.000000
2015-09-14	-0.007582	0.032694	0.036772	0.016383	-0.873939	2686500.000000
2015-09-11	0.016528	0.024539	0.048351	0.021805	1.874100	3752500.000000
2015-09-10	0.014685	0.027773	0.055424	0.026699	1.641037	5525700.000000
2015-09-09	-0.004412	0.044977	0.048808	0.023060	-0.495217	3753500.000000
2015-09-08	0.033197	0.050579	0.069725	0.046344	3.606362	3990600.000000
2015-09-04	-0.014299	0.020766	0.025938	0.009515	-1.575966	3394900.000000
2015-09-03	-0.002101	0.038903	0.049587	0.027314	-0.232056	3137100.000000
2015-09-02	0.014206	0.045305	0.052376	0.033367	1.546959	4522100.000000
2015-09-01	-0.026534	0.013368	0.021055	0.001836	-2.968216	4658100.000000
2015-08-31	-0.013472	0.033668	0.047514	0.015589	-1.527641	4087000.000000
2015-08-28	-0.004161	0.030948	0.034900	0.018741	-0.473763	3333100.000000
2015-08-27	0.037987	0.050603	0.074122	0.047959	4.167137	5783700.000000
2015-08-26	0.031642	0.058549	0.070492	0.037107	3.364647	7503200.000000
2015-08-25	-0.004075	0.058356	0.073248	0.028385	-0.435096	8109900.000000
2015-08-24	-0.050309	-0.013924	0.000041	-0.154995	-5.656060	8824900.000000
2015-08-21	-0.029301	0.020989	0.025738	0.001648	-3.393654	5627800.000000
2015-08-20	-0.027836	0.026060	0.027571	0.005495	-3.316291	3201600.000000
2015-08-19	-0.018167	0.027775	0.030083	0.012446	-2.204422	3387400.000000
2015-08-18	0.013568	0.034787	0.054250	0.034286	1.624298	4140200.000000
2015-08-17	0.023137	0.028987	0.059327	0.028132	2.707191	2951800.000000
2015-08-14	0.004149	0.034715	0.039950	0.032054	0.483429	2040500.000000
2015-08-13	-0.005611	0.035395	0.041027	0.026520	-0.657455	3253400.000000
2015-08-12	-0.008670	0.025826	0.030225	0.007130	-1.024880	3005300.000000
2015-08-11	-0.001796	0.024068	0.038846	0.024068	-0.212692	2756000.000000
2015-08-10	0.005418	0.040059	0.047191	0.035304	0.638115	2480000.000000
2015-08-07	-0.001803	0.031489	0.032760	0.019200	-0.212715	2276300.000000
2015-08-06	-0.015171	0.038041	0.040295	0.016591	-1.817673	3014900.000000
2015-08-05	0.025488	0.042160	0.063387	0.042160	2.977898	3831900.000000
2015-08-04	-0.000414	0.040189	0.040617	0.028639	-0.048340	2058200.000000
2015-08-03	-0.004201	0.036075	0.040846	0.023551	-0.493103	2541300.000000
2015-07-31	0.006968	0.033513	0.052816	0.033513	0.812164	3593000.000000
2015-07-30	-0.007900	0.031051	0.037690	0.017518	-0.928184	3732400.000000
2015-07-29	0.000000	0.036839	0.039307	0.026625	0.000000	3924400.000000
2015-07-28	0.030879	0.041831	0.066662	0.039726	3.519348	5216900.000000
2015-07-27	-0.000509	0.033759	0.035601	0.023060	-0.058022	3752300.000000
2015-07-24	-0.011648	0.032466	0.037666	0.019118	-1.343902	3840600.000000
2015-07-23	-0.010613	0.043032	0.043461	0.018421	-1.237587	4896100.000000
2015-07-22	-0.002068	0.035227	0.037537	0.027611	-0.241707	3384700.000000
2015-07-21	-0.014594	0.033611	0.034876	0.014806	-1.730675	4239100.000000
2015-07-20	-0.009689	0.035956	0.037459	0.021592	-1.160225	3199700.000000
2015-07-17	-0.008645	0.032381	0.034700	0.024102	-1.044182	3702700.000000
2015-07-16	-0.007389	0.030670	0.031327	0.003387	-0.899177	7216600.000000
2015-07-15	0.006880	0.033872	0.042974	0.024439	0.831489	5067300.000000
2015-07-14	0.020825	0.032005	0.057514	0.030485	2.465477	4192400.000000
2015-07-13	0.002456	0.042330	0.047833	0.031407	0.290055	3766900.000000
2015-07-10	0.023546	0.048586	0.063839	0.046072	2.716850	4033500.000000
2015-07-09	0.004715	0.045257	0.049785	0.038901	0.541443	3293300.000000
2015-07-08	-0.015907	0.020147	0.028201	0.014577	-1.856369	4009800.000000
2015-07-07	-0.011952	0.035979	0.039704	-0.002544	-1.411598	6476200.000000
2015-07-06	0.002873	0.015521	0.045239	0.012634	0.338409	6522800.000000
2015-07-02	-0.012725	0.037974	0.038477	0.014502	-1.517967	3682300.000000
2015-07-01	0.011312	0.042339	0.048274	0.036151	1.334259	3269300.000000
2015-06-30	0.006684	0.044783	0.049221	0.032664	0.783157	4982600.000000
2015-06-29	-0.016714	0.024131	0.032439	0.016327	-1.991737	3604000.000000
2015-06-26	0.007521	0.046630	0.049335	0.037668	0.889526	16358200.000000
2015-06-25	0.026517	0.037757	0.071085	0.037150	3.055237	6149500.000000
2015-06-24	-0.029086	0.034791	0.036476	0.003613	-3.451653	4650500.000000
2015-06-23	0.020707	0.043919	0.055960	0.040822	2.407456	4991000.000000
2015-06-22	-0.000665	0.045459	0.050617	0.030933	-0.077355	4435600.000000
2015-06-19	-0.004632	0.032232	0.034200	0.025816	-0.541427	4178700.000000
2015-06-18	0.009604	0.039900	0.048451	0.035840	1.111870	3478300.000000
2015-06-17	-0.014891	0.037264	0.039817	0.014034	-1.749985	4805900.000000
2015-06-16	0.021600	0.035677	0.062103	0.034460	2.484810	7229400.000000
2015-06-15	0.011305	0.027077	0.062681	0.019780	1.285896	6809500.000000
2015-06-12	-0.013996	0.030125	0.031512	0.018510	-1.614632	3076600.000000
2015-06-11	0.010758	0.037440	0.050845	0.035775	1.227898	3815600.000000
2015-06-10	0.013335	0.039021	0.055446	0.036358	1.501930	4006400.000000
2015-06-09	0.000684	0.038844	0.042842	0.028716	0.077011	3047300.000000
2015-06-08	0.003261	0.037329	0.048827	0.036794	0.365860	3271300.000000
2015-06-05	-0.001029	0.035817	0.039557	0.027180	-0.115524	2724500.000000
2015-06-04	-0.014364	0.034892	0.035331	0.018305	-1.636726	3300300.000000
2015-06-03	0.005096	0.040872	0.049604	0.036020	0.577667	3432600.000000
2015-06-02	-0.017604	0.035460	0.037106	0.017435	-2.031448	4219500.000000
2015-06-01	-0.002912	0.041518	0.041690	0.026051	-0.336983	3876400.000000
2015-05-29	0.004932	0.042487	0.056032	0.022342	0.568046	6019900.000000
2015-05-28	0.001423	0.037449	0.041884	0.028580	0.163674	2873600.000000
2015-05-27	0.010233	0.044288	0.052809	0.038930	1.164955	2887700.000000
2015-05-26	-0.011289	0.035453	0.038666	0.022251	-1.299736	3014500.000000
2015-05-22	-0.007222	0.037287	0.041426	0.027285	-0.837616	2945900.000000
2015-05-21	-0.006434	0.034554	0.035239	0.028471	-0.750977	2983500.000000
2015-05-20	0.005724	0.040217	0.049867	0.034186	0.664322	3379200.000000
2015-05-19	0.006260	0.038840	0.050197	0.037713	0.722077	3554900.000000
2015-05-18	0.003939	0.037709	0.044324	0.034401	0.452492	2824700.000000
2015-05-15	0.006749	0.040857	0.045852	0.036738	0.770233	3083800.000000
2015-05-14	0.023045	0.050500	0.063409	0.041804	2.570594	4771400.000000
2015-05-13	0.010642	0.038485	0.053706	0.038485	1.174592	3667700.000000
2015-05-12	-0.001133	0.033779	0.041472	0.030159	-0.125168	3844600.000000
2015-05-11	-0.007867	0.038038	0.039654	0.030047	-0.876122	3376400.000000
2015-05-08	0.008017	0.049256	0.055229	0.041291	0.885742	3066000.000000
2015-05-07	0.011191	0.035555	0.053767	0.035188	1.222733	3300200.000000
2015-05-06	0.001058	0.044438	0.048927	0.032161	0.115524	3369800.000000
2015-05-05	-0.010387	0.033045	0.036128	0.024613	-1.145683	3960400.000000
2015-05-04	0.012014	0.043254	0.054540	0.040960	1.309364	3531500.000000
2015-05-01	0.016158	0.046964	0.059738	0.041836	1.732994	5805100.000000
2015-04-30	-0.019452	0.037935	0.045249	0.015902	-2.127723	6705600.000000
2015-04-29	-0.033846	0.026565	0.036281	-0.010357	-3.831841	7122600.000000
2015-04-28	0.011614	0.044474	0.052069	0.021152	1.299728	4144800.000000
2015-04-27	-0.020642	0.042954	0.044967	0.015738	-2.358779	5174300.000000
2015-04-24	0.003636	0.038842	0.045956	0.036558	0.413986	3139200.000000
2015-04-23	0.003820	0.035757	0.045455	0.031172	0.433250	3244300.000000
2015-04-22	-0.012324	0.040930	0.044413	0.020293	-1.415283	3846700.000000
2015-04-21	0.005903	0.042345	0.047863	0.040243	0.673958	3379800.000000
2015-04-20	-0.001095	0.048641	0.052841	0.033067	-0.125168	4650700.000000
2015-04-17	-0.023767	0.033541	0.033968	0.005695	-2.782425	4390000.000000
2015-04-16	0.036481	0.079480	0.082933	0.066997	4.120674	7068000.000000
2015-04-15	-0.021681	0.042650	0.045769	0.009478	-2.503204	7344000.000000
2015-04-14	0.004608	0.038405	0.045714	0.031270	0.529526	3208800.000000
2015-04-13	0.003109	0.056123	0.058829	0.039801	0.356231	3961000.000000
2015-04-10	0.003796	0.038666	0.043485	0.033585	0.433243	2232600.000000
2015-04-09	0.003046	0.035502	0.043675	0.033481	0.346581	2247200.000000
2015-04-08	0.007158	0.042472	0.051766	0.039729	0.808761	2627000.000000
2015-04-07	-0.002974	0.054109	0.057463	0.034872	-0.336990	2528500.000000
2015-04-06	0.002897	0.026807	0.048932	0.026187	0.327339	2544700.000000
2015-04-02	-0.000766	0.039993	0.046891	0.033537	-0.086624	2497100.000000
2015-04-01	-0.007101	0.049466	0.049466	0.023300	-0.808746	4826200.000000
2015-03-31	-0.022397	0.036949	0.038065	0.014803	-2.609116	4573100.000000
2015-03-30	0.025337	0.076601	0.089275	0.060846	2.878685	5178500.000000
2015-03-27	0.015140	0.036969	0.056268	0.036611	1.694481	2608500.000000
2015-03-26	-0.002488	0.034477	0.044638	0.021376	-0.279205	2856400.000000
2015-03-25	-0.013376	0.045085	0.052999	0.024509	-1.521187	3385500.000000
2015-03-24	-0.007728	0.037445	0.043901	0.030290	-0.885743	3054700.000000
2015-03-23	-0.000839	0.041630	0.050348	0.033871	-0.096282	4576500.000000
2015-03-20	-0.013415	0.043741	0.045289	0.023528	-1.559685	7195700.000000
2015-03-19	0.006669	0.039013	0.048537	0.037454	0.770225	4032500.000000
2015-03-18	0.020068	0.037165	0.064456	0.030982	2.272156	5533500.000000
2015-03-17	-0.007763	0.034810	0.035248	0.024644	-0.885773	3303500.000000
2015-03-16	0.028373	0.045425	0.069669	0.043803	3.148270	4692200.000000
2015-03-13	0.003221	0.034688	0.043277	0.026460	0.356224	3066800.000000
2015-03-12	0.019163	0.044195	0.060136	0.042629	2.079605	3258600.000000
2015-03-11	0.005665	0.046219	0.052613	0.043809	0.611359	2593700.000000
2015-03-10	-0.021236	0.036336	0.037697	0.020010	-2.341347	3957900.000000
2015-03-09	0.017895	0.042972	0.061344	0.042049	1.938324	3942000.000000
2015-03-06	-0.016639	0.045500	0.045500	0.022350	-1.832764	3196900.000000
2015-03-05	0.008522	0.044430	0.059538	0.044430	0.930771	2941400.000000
2015-03-04	0.008506	0.036509	0.052391	0.030968	0.921189	3180900.000000
2015-03-03	-0.013462	0.038042	0.042961	0.023558	-1.477738	3163700.000000
2015-03-02	0.006776	0.042141	0.053330	0.042141	0.738869	2952200.000000
2015-02-27	-0.000264	0.043150	0.047551	0.039849	-0.028786	4016400.000000
2015-02-26	-0.003420	0.045431	0.047350	0.035928	-0.374229	3126800.000000
2015-02-25	-0.011955	0.045662	0.045662	0.026703	-1.324196	3845900.000000
2015-02-24	-0.008333	0.040888	0.043753	0.032472	-0.930779	3582800.000000
2015-02-23	0.033564	0.045565	0.077953	0.044270	3.627137	7060000.000000
2015-02-20	0.023539	0.041478	0.068567	0.036553	2.485283	4647100.000000
2015-02-19	0.002369	0.039958	0.047743	0.039008	0.249488	2674800.000000
2015-02-18	0.000091	0.042141	0.046509	0.034450	0.009583	2958700.000000
2015-02-17	0.002924	0.041189	0.045188	0.033381	0.307060	3430600.000000
2015-02-13	-0.003642	0.040718	0.042141	0.031135	-0.383819	3727600.000000
2015-02-12	-0.000091	0.050205	0.050964	0.032464	-0.009614	3378000.000000
2015-02-11	0.008076	0.039846	0.052566	0.036499	0.844430	3798500.000000
2015-02-10	0.023289	0.049677	0.071207	0.048405	2.379737	5437400.000000
2015-02-09	-0.010316	0.035652	0.038655	0.029357	-1.065132	3909700.000000
2015-02-06	-0.011211	0.039939	0.047696	0.026531	-1.170669	3661400.000000
2015-02-05	0.008340	0.046004	0.060392	0.046004	0.863624	3297700.000000
2015-02-04	0.001020	0.032668	0.051131	0.031895	0.105545	4768900.000000
2015-02-03	0.004847	0.042724	0.049038	0.034662	0.498955	4192600.000000
2015-02-02	0.009788	0.046849	0.052832	0.030567	0.997948	4657100.000000
2015-01-30	-0.028705	0.034806	0.042141	0.011179	-3.013016	5397500.000000
2015-01-29	0.008575	0.039163	0.052903	0.025615	0.892395	4912300.000000
2015-01-28	-0.014090	0.047446	0.050383	0.027363	-1.487343	6633500.000000
2015-01-27	-0.014335	0.035979	0.038780	0.026361	-1.535278	4718300.000000
2015-01-26	-0.003482	0.042141	0.042141	0.030603	-0.374237	4203400.000000
2015-01-23	-0.016249	0.040219	0.046444	0.025207	-1.775192	5256000.000000
2015-01-22	0.041438	0.046241	0.087900	0.042237	4.346832	8055200.000000
2015-01-21	0.035031	0.051021	0.079931	0.042141	3.550354	8293700.000000
2015-01-20	-0.001418	0.046378	0.048152	0.029628	-0.143913	6526800.000000
2015-01-16	0.012541	0.042540	0.057505	0.034061	1.257034	6045500.000000
2015-01-15	0.010936	0.044461	0.054849	0.040124	1.084289	5888900.000000
2015-01-14	0.002523	0.027379	0.046287	0.023032	0.249505	4718300.000000
2015-01-13	0.005071	0.056267	0.073136	0.034926	0.498962	3856500.000000
2015-01-12	-0.011280	0.043247	0.044955	0.023955	-1.122688	3051500.000000
2015-01-09	-0.009360	0.039354	0.041445	0.024225	-0.940369	3397600.000000
2015-01-08	0.047733	0.059244	0.094806	0.050380	4.577103	5346100.000000
2015-01-07	0.010210	0.042563	0.056680	0.042141	0.969162	3225800.000000
2015-01-06	-0.002018	0.049606	0.052865	0.035202	-0.191918	3468300.000000
2015-01-05	-0.016471	0.037178	0.038729	0.021150	-1.592865	4679000.000000
2015-01-02	-0.003067	0.046368	0.057914	0.031008	-0.297462	3060900.000000
2014-12-31	-0.017112	0.044877	0.050551	0.023700	-1.688843	2313900.000000
2014-12-30	0.005082	0.041327	0.049576	0.041327	0.498985	1767600.000000
2014-12-29	-0.002145	0.040414	0.046816	0.034825	-0.211105	1708100.000000
2014-12-26	-0.001266	0.041228	0.045389	0.036864	-0.124748	2019900.000000
2014-12-24	-0.001653	0.043661	0.046904	0.039000	-0.163132	950700.000000
2014-12-23	-0.001844	0.049019	0.051143	0.036073	-0.182312	3028600.000000
2014-12-22	0.005366	0.043056	0.049767	0.041938	0.527763	2398100.000000
2014-12-19	0.002445	0.039695	0.060081	0.039695	0.239891	7986500.000000
2014-12-18	0.031269	0.054125	0.074938	0.050235	2.974648	4681000.000000
2014-12-17	0.034324	0.049752	0.084545	0.045621	3.156959	6235000.000000
2014-12-16	-0.024626	0.035566	0.047550	0.015417	-2.322143	4843800.000000
2014-12-15	-0.004962	0.042563	0.052588	0.027896	-0.470184	3649300.000000
2014-12-12	-0.009726	0.040574	0.049247	0.031274	-0.930787	3086500.000000
2014-12-11	0.006459	0.045296	0.058758	0.043719	0.614136	2940600.000000
2014-12-10	-0.019105	0.039562	0.042141	0.021406	-1.851959	3908700.000000
2014-12-09	0.011009	0.032963	0.054344	0.029938	1.055511	3792200.000000
2014-12-08	-0.004087	0.042037	0.048062	0.034974	-0.393432	3085800.000000
2014-12-05	0.006622	0.043605	0.053015	0.042246	0.633331	3104900.000000
2014-12-04	-0.011210	0.042555	0.043485	0.027874	-1.084305	4065200.000000
2014-12-03	0.013524	0.046595	0.061789	0.044709	1.290612	6689000.000000
2014-12-02	0.007773	0.045437	0.055997	0.036989	0.736084	5297200.000000
2014-12-01	0.004360	0.047344	0.058798	0.039495	0.411064	4892800.000000
2014-11-28	0.005300	0.052361	0.060038	0.049483	0.497093	2177500.000000
2014-11-26	0.002145	0.047032	0.055046	0.045216	0.200752	2765900.000000
2014-11-25	0.010320	0.047150	0.059457	0.046179	0.955963	4066300.000000
2014-11-24	0.001965	0.052128	0.052344	0.043907	0.181633	3998800.000000
2014-11-21	-0.001446	0.052011	0.058924	0.043262	-0.133850	4408600.000000
2014-11-20	-0.000103	0.041751	0.045963	0.038619	-0.009552	3316700.000000
2014-11-19	-0.013545	0.041170	0.048415	0.031156	-1.271416	3433800.000000
2014-11-18	0.017829	0.051709	0.069276	0.050191	1.644242	4320800.000000
2014-11-17	0.014299	0.047061	0.063449	0.043101	1.300110	3297600.000000
2014-11-14	-0.008238	0.047380	0.048470	0.034836	-0.755219	2709600.000000
2014-11-13	0.002300	0.045634	0.057660	0.043010	0.210327	2767700.000000
2014-11-12	-0.000105	0.041042	0.049132	0.033280	-0.009575	2897700.000000
2014-11-11	0.009921	0.049383	0.057111	0.045739	0.898598	2291400.000000
2014-11-10	0.012178	0.046853	0.061604	0.044841	1.089790	4087700.000000
2014-11-07	-0.027024	0.038351	0.040743	0.011278	-2.485473	6155400.000000
2014-11-06	0.004280	0.048691	0.055243	0.047163	0.391937	3743200.000000
2014-11-05	0.008633	0.052569	0.057415	0.046511	0.783875	3454700.000000
2014-11-04	0.001265	0.047504	0.054231	0.039234	0.114723	4437300.000000
2014-11-03	-0.001579	0.050915	0.053337	0.040456	-0.143395	4001200.000000
2014-10-31	0.012037	0.058551	0.066016	0.050862	1.080239	5031500.000000
2014-10-30	0.009897	0.041570	0.059462	0.040894	0.879486	2836400.000000
2014-10-29	0.003454	0.049007	0.057814	0.046635	0.305893	4330400.000000
2014-10-28	0.005536	0.033808	0.053451	0.025974	0.487556	4741300.000000
2014-10-27	0.005347	0.043674	0.053376	0.043103	0.468407	3948900.000000
2014-10-24	0.010810	0.046071	0.058071	0.045263	0.936836	2977300.000000
2014-10-23	0.009914	0.059705	0.063667	0.053645	0.850815	3159200.000000
2014-10-22	-0.012974	0.051707	0.051707	0.031809	-1.128037	4290300.000000
2014-10-21	0.027219	0.053396	0.076080	0.049733	2.303841	5882100.000000
2014-10-20	0.004083	0.046782	0.053900	0.043935	0.344154	4890900.000000
2014-10-17	0.032674	0.063957	0.087968	0.062732	2.667145	8532800.000000
2014-10-16	0.039313	0.079174	0.103875	0.070771	3.087731	10233000.000000
2014-10-15	-0.007969	0.037861	0.048092	0.019546	-0.630928	8308900.000000
2014-10-14	-0.013460	0.050931	0.053797	0.028626	-1.080224	5929500.000000
2014-10-13	-0.016864	0.043988	0.052931	0.026103	-1.376579	3672600.000000
2014-10-10	0.005298	0.047918	0.069224	0.047425	0.430168	4036800.000000
2014-10-09	-0.019395	0.042810	0.045225	0.022038	-1.606010	4432800.000000
2014-10-08	0.028863	0.047313	0.078997	0.043586	2.322967	4787400.000000
2014-10-07	-0.010577	0.043735	0.046563	0.031810	-0.860336	3412900.000000
2014-10-06	-0.010811	0.053732	0.057380	0.033059	-0.889046	2596100.000000
2014-10-03	0.013192	0.051862	0.063074	0.048165	1.070656	3108100.000000
2014-10-02	0.000236	0.045701	0.050877	0.031898	0.019135	3047000.000000
2014-10-01	-0.015884	0.043039	0.046192	0.026180	-1.309670	4140200.000000
2014-09-30	-0.003006	0.048126	0.052963	0.041355	-0.248558	2843200.000000
2014-09-29	-0.001039	0.033750	0.050298	0.033750	-0.086029	3114800.000000
2014-09-26	0.004874	0.046920	0.055660	0.042794	0.401505	2260500.000000
2014-09-25	-0.023013	0.041090	0.043580	0.020218	-1.940606	3657100.000000
2014-09-24	0.018709	0.046433	0.068662	0.046192	1.548661	2661500.000000
2014-09-23	-0.013444	0.040708	0.045117	0.029504	-1.128021	2640200.000000
2014-09-22	-0.000342	0.046071	0.053696	0.042258	-0.028695	2335400.000000
2014-09-19	0.001940	0.056576	0.059082	0.046190	0.162514	6486300.000000
2014-09-18	0.007357	0.051241	0.057855	0.048476	0.611809	2584000.000000
2014-09-17	-0.001950	0.043550	0.050871	0.037790	-0.162499	3302700.000000
2014-09-16	0.013135	0.045706	0.062364	0.043882	1.080224	2973700.000000
2014-09-15	-0.001740	0.047527	0.053839	0.041822	-0.143387	2441800.000000
2014-09-12	-0.010335	0.047993	0.047993	0.031415	-0.860375	2582400.000000
2014-09-11	-0.001948	0.040196	0.044512	0.033482	-0.162514	3034500.000000
2014-09-10	-0.010603	0.049096	0.049807	0.028337	-0.893806	3355800.000000
2014-09-09	0.007394	0.051594	0.061752	0.045500	0.618729	4409400.000000
2014-09-08	0.001823	0.049920	0.053512	0.046568	0.152313	2298000.000000
2014-09-05	0.007926	0.049192	0.059449	0.046658	0.656830	3873500.000000
2014-09-04	0.003111	0.050156	0.070612	0.049551	0.257004	3650100.000000
2014-09-03	0.004630	0.055262	0.062193	0.050884	0.380767	2824400.000000
2014-09-02	-0.003346	0.055852	0.057064	0.039369	-0.276054	3726100.000000
2014-08-29	0.003938	0.055508	0.061348	0.050641	0.323646	3297500.000000
2014-08-28	-0.000463	0.045898	0.058059	0.040060	-0.038070	2749700.000000
2014-08-27	0.014802	0.051259	0.073351	0.048544	1.199394	5800700.000000
2014-08-26	0.010446	0.053138	0.064237	0.049397	0.837692	2267800.000000
2014-08-25	0.005491	0.058168	0.062682	0.052651	0.437874	1988100.000000
2014-08-22	0.000120	0.048387	0.053404	0.046632	0.009537	2089300.000000
2014-08-21	0.004075	0.052786	0.058956	0.052534	0.323639	2648500.000000
2014-08-20	-0.000479	0.043849	0.054043	0.036549	-0.038071	2579600.000000
2014-08-19	0.013724	0.052433	0.068636	0.046819	1.075653	3549300.000000
2014-08-18	0.010679	0.054387	0.063543	0.048972	0.828163	2795800.000000
2014-08-15	-0.004278	0.055526	0.056425	0.037551	-0.333183	2442700.000000
2014-08-14	0.003803	0.053097	0.057736	0.033120	0.295097	2241100.000000
2014-08-13	0.016081	0.055757	0.069508	0.052745	1.227974	3049900.000000
2014-08-12	0.004382	0.047099	0.057359	0.046047	0.333161	3206200.000000
2014-08-11	-0.003120	0.054059	0.057468	0.045799	-0.237984	3460000.000000
2014-08-08	0.010850	0.052507	0.062845	0.043627	0.818649	3713400.000000
2014-08-07	-0.027484	0.044074	0.045234	0.020357	-2.132263	5465400.000000
2014-08-06	0.006297	0.050000	0.065177	0.047276	0.485474	3311300.000000
2014-08-05	-0.015559	0.044901	0.053839	0.028812	-1.218453	4599500.000000
2014-08-04	0.009572	0.051808	0.063926	0.046265	0.742478	3197700.000000
2014-08-01	0.005429	0.051686	0.063740	0.044168	0.418854	4625100.000000
2014-07-31	-0.022905	0.035575	0.040767	0.020124	-1.808640	5345400.000000
2014-07-30	-0.015664	0.056628	0.057999	0.018731	-1.256516	7171800.000000
2014-07-29	-0.017259	0.040841	0.048191	0.028957	-1.408828	4897800.000000
2014-07-28	0.012636	0.054861	0.065654	0.049527	1.018539	2206900.000000
2014-07-25	-0.011671	0.031392	0.042304	0.029921	-0.951889	3362600.000000
2014-07-24	-0.003026	0.044529	0.055286	0.042574	-0.247513	4022400.000000
2014-07-23	-0.001278	0.053693	0.056623	0.047101	-0.104721	2596300.000000
2014-07-22	0.011639	0.056200	0.071515	0.055583	0.942414	4366900.000000
2014-07-21	-0.005379	0.046834	0.047694	0.032216	-0.437882	4025100.000000
2014-07-18	0.004817	0.054963	0.058789	0.042126	0.390289	3892100.000000
2014-07-17	0.016117	0.056665	0.094165	0.046380	1.285057	7117900.000000
2014-07-16	-0.001669	0.052648	0.053399	0.042005	-0.133262	3955200.000000
2014-07-15	-0.004391	0.047652	0.056378	0.043787	-0.352204	4356300.000000
2014-07-14	0.016894	0.056350	0.073591	0.054829	1.332673	3794500.000000
2014-07-11	0.009625	0.048471	0.063958	0.046040	0.752021	2758400.000000
2014-07-10	-0.007977	0.031982	0.047599	0.029062	-0.628265	3829400.000000
2014-07-09	0.009886	0.051160	0.061033	0.050006	0.771034	3079500.000000
2014-07-08	-0.003527	0.047964	0.048602	0.039786	-0.276054	2967300.000000
2014-07-07	-0.013557	0.045982	0.047368	0.030857	-1.075646	2558500.000000
2014-07-03	0.010425	0.051793	0.062618	0.048354	0.818642	2183400.000000
2014-07-02	0.007327	0.049365	0.058601	0.040000	0.571144	3693500.000000
2014-07-01	0.001712	0.050391	0.058229	0.049234	0.133263	5482400.000000
2014-06-30	-0.003049	0.054106	0.057437	0.045394	-0.237984	3916100.000000
2014-06-27	-0.003524	0.042860	0.048221	0.038009	-0.276031	4755600.000000
2014-06-26	-0.000607	0.052305	0.052305	0.041844	-0.047608	2915900.000000
2014-06-25	0.007340	0.045507	0.058744	0.038567	0.571152	3629200.000000
2014-06-24	0.003068	0.049746	0.062121	0.049617	0.237961	4685500.000000
2014-06-23	0.000983	0.050261	0.053616	0.044970	0.076164	3066900.000000
2014-06-20	0.011179	0.054694	0.063306	0.049867	0.856705	7366500.000000
2014-06-19	0.016412	0.052376	0.071474	0.051182	1.237510	4538600.000000
2014-06-18	0.013304	0.050519	0.066646	0.045278	0.989991	4823000.000000
2014-06-17	0.002179	0.049172	0.053886	0.044189	0.161796	3430900.000000
2014-06-16	-0.014903	0.050519	0.050917	0.032343	-1.123237	4542900.000000
2014-06-13	-0.003273	0.049197	0.049593	0.039411	-0.247513	2265200.000000
2014-06-12	-0.004449	0.050321	0.053218	0.041369	-0.337929	2560000.000000
2014-06-11	0.004511	0.054795	0.062465	0.050299	0.341103	2733500.000000
2014-06-10	0.000627	0.053339	0.058632	0.051618	0.047355	2459200.000000
2014-06-09	-0.002127	0.057041	0.059682	0.046609	-0.161049	2801700.000000
2014-06-06	0.001629	0.057969	0.062334	0.052414	0.123154	3286600.000000
2014-06-05	-0.008819	0.055063	0.058602	0.044575	-0.672699	3453700.000000
2014-06-04	0.007887	0.053474	0.064573	0.050171	0.596901	3552900.000000
2014-06-03	0.005159	0.053331	0.064886	0.052933	0.388458	2841100.000000
2014-06-02	-0.002009	0.057312	0.059432	0.051347	-0.151588	1986400.000000
2014-05-30	0.003276	0.053727	0.060376	0.048940	0.246353	5139900.000000
2014-05-29	0.010053	0.055725	0.066873	0.048740	0.748474	3526800.000000
2014-05-28	-0.006700	0.053588	0.056790	0.044649	-0.502159	2250900.000000
2014-05-27	0.004317	0.061620	0.062960	0.053982	0.322151	2645500.000000
2014-05-23	0.005489	0.059633	0.064348	0.055726	0.407410	2251500.000000
2014-05-22	0.007977	0.055320	0.067814	0.054234	0.587410	3146900.000000
2014-05-21	0.013827	0.056144	0.072253	0.055043	1.004303	2401200.000000
2014-05-20	-0.006995	0.055319	0.058191	0.043972	-0.511612	2806500.000000
2014-05-19	0.007175	0.052289	0.063442	0.051463	0.521087	2149100.000000
2014-05-16	0.002223	0.053662	0.058078	0.048970	0.161065	2974600.000000
2014-05-15	-0.008941	0.055319	0.057508	0.042600	-0.653740	3075200.000000
2014-05-14	-0.011148	0.055591	0.055591	0.040579	-0.824288	2635300.000000
2014-05-13	0.003859	0.057085	0.061973	0.052605	0.284249	3059000.000000
2014-05-12	0.010266	0.058885	0.070132	0.057514	0.748497	3110900.000000
2014-05-09	0.000780	0.054495	0.061084	0.051750	0.056854	3465600.000000
2014-05-08	-0.013092	0.054237	0.057488	0.039606	-0.966431	4943100.000000
2014-05-07	0.035211	0.060084	0.093181	0.052931	2.510750	6383500.000000
2014-05-06	0.000399	0.054053	0.060647	0.050686	0.028442	4728200.000000
2014-05-05	0.002665	0.052643	0.059395	0.045187	0.189484	4476100.000000
2014-05-02	0.001068	0.051654	0.060807	0.049260	0.075806	3794700.000000
2014-05-01	-0.001199	0.055597	0.060520	0.044485	-0.085274	4598000.000000
2014-04-30	-0.002128	0.056158	0.069351	0.051526	-0.151604	6435900.000000
2014-04-29	-0.007130	0.058382	0.062006	0.043611	-0.511619	4813200.000000
2014-04-28	0.001057	0.065081	0.068290	0.052108	0.075798	5346800.000000
2014-04-25	-0.012143	0.055180	0.065102	0.036714	-0.881134	5416200.000000
2014-04-24	0.016726	0.066945	0.079976	0.063583	1.193802	4604900.000000
2014-04-23	-0.005676	0.056152	0.059775	0.046400	-0.407425	4645700.000000
2014-04-22	0.010807	0.058836	0.072918	0.055456	0.767456	6199400.000000
2014-04-21	-0.010953	0.054342	0.065206	0.041667	-0.786392	6912500.000000
2014-04-17	-0.030822	0.018335	0.034668	-0.006368	-2.283379	13422900.000000
2014-04-16	-0.016602	0.055190	0.055854	0.028376	-1.250641	8098100.000000
2014-04-15	0.004168	0.057855	0.062654	0.040527	0.312660	4719100.000000
2014-04-14	0.002913	0.062007	0.065215	0.047836	0.217919	4013700.000000
2014-04-11	-0.013001	0.052553	0.055192	0.040018	-0.985344	3418700.000000
2014-04-10	-0.017201	0.055845	0.063237	0.034578	-1.326439	4850000.000000
2014-04-09	0.009050	0.057288	0.067233	0.053362	0.691620	3308900.000000
2014-04-08	-0.005180	0.055326	0.061574	0.042829	-0.397927	4044900.000000
2014-04-07	-0.005519	0.055068	0.061282	0.045359	-0.426338	5286700.000000
2014-04-04	-0.008754	0.061102	0.064182	0.044164	-0.682175	4788100.000000
2014-04-03	0.007842	0.055974	0.065027	0.055327	0.606377	4214700.000000
2014-04-02	-0.002810	0.051587	0.054166	0.048105	-0.217926	3832100.000000
2014-04-01	-0.001829	0.060090	0.069102	0.050178	-0.142113	4339800.000000
2014-03-31	0.004533	0.061404	0.063861	0.052740	0.350541	3513700.000000
2014-03-28	0.007406	0.060406	0.072782	0.058583	0.568481	4787400.000000
2014-03-27	-0.006377	0.055974	0.060116	0.045618	-0.492683	5453900.000000
2014-03-26	0.005426	0.060402	0.071073	0.055066	0.416893	6910000.000000
2014-03-25	-0.002215	0.059481	0.066753	0.051560	-0.170556	4588800.000000
2014-03-24	-0.000738	0.059478	0.060387	0.049228	-0.056846	5306200.000000
2014-03-21	-0.002330	0.064000	0.078629	0.052479	-0.179993	11828100.000000
2014-03-20	0.019635	0.050440	0.076972	0.048460	1.487488	7786500.000000
2014-03-19	0.025128	0.056403	0.086579	0.054644	1.857025	9060100.000000
2014-03-18	0.016154	0.058343	0.073194	0.055593	1.174835	3670800.000000
2014-03-17	0.014003	0.061591	0.073860	0.060894	1.004319	3517900.000000
2014-03-14	-0.017011	0.055593	0.055593	0.036817	-1.241181	5128700.000000
2014-03-13	-0.007603	0.057632	0.062257	0.046751	-0.558998	3178600.000000
2014-03-12	0.001291	0.052460	0.058180	0.051779	0.094765	2875400.000000
2014-03-11	-0.001284	0.059678	0.067022	0.054373	-0.094406	3471200.000000
2014-03-10	0.006201	0.057627	0.066112	0.055300	0.453132	2986400.000000
2014-03-07	-0.003091	0.064317	0.065136	0.051083	-0.226570	3434700.000000
2014-03-06	-0.004488	0.061442	0.064023	0.053293	-0.330429	4200500.000000
2014-03-05	-0.001792	0.061032	0.064286	0.051813	-0.132149	3917600.000000
2014-03-04	0.013359	0.068062	0.079466	0.065315	0.972367	5164500.000000
2014-03-03	-0.002200	0.051455	0.061874	0.049125	-0.160492	3673400.000000
2014-02-28	0.016443	0.059548	0.082818	0.056204	1.180061	6176600.000000
2014-02-27	-0.000526	0.055370	0.064144	0.052863	-0.037765	4227300.000000
2014-02-26	0.009825	0.059410	0.070661	0.051675	0.698585	5433200.000000
2014-02-25	-0.009078	0.058851	0.061081	0.047006	-0.651390	3761800.000000
2014-02-24	0.029806	0.064005	0.101749	0.061996	2.076912	9559000.000000
2014-02-21	0.004491	0.058549	0.068207	0.057251	0.311539	4552300.000000
2014-02-20	-0.000952	0.059989	0.067334	0.054661	-0.066094	4134000.000000
2014-02-19	-0.003793	0.055252	0.066156	0.053387	-0.264335	3926500.000000
2014-02-18	0.004217	0.059269	0.075118	0.058261	0.292663	5538400.000000
2014-02-14	0.032439	0.058525	0.098391	0.056145	2.180740	6848800.000000
2014-02-13	0.013810	0.057610	0.077969	0.054594	0.915719	3788000.000000
2014-02-12	-0.005381	0.063619	0.069469	0.049669	-0.358742	4120600.000000
2014-02-11	0.012618	0.059573	0.076432	0.056839	0.830765	5543000.000000
2014-02-10	-0.022702	0.052590	0.054965	0.032698	-1.529343	7774000.000000
2014-02-07	0.006914	0.053739	0.070928	0.047910	0.462593	6902900.000000
2014-02-06	0.000706	0.058521	0.062859	0.048350	0.047195	4765600.000000
2014-02-05	0.004397	0.050706	0.069635	0.049054	0.292656	4394300.000000
2014-02-04	-0.003251	0.060168	0.063162	0.045194	-0.217140	4646100.000000
2014-02-03	-0.021306	0.057217	0.058243	0.035235	-1.453834	4526100.000000
2014-01-31	-0.007143	0.045737	0.052722	0.039626	-0.490899	4291500.000000
2014-01-30	0.021611	0.065810	0.085729	0.063283	1.453835	4254000.000000
2014-01-29	-0.006275	0.054542	0.077734	0.046418	-0.424820	6005100.000000
2014-01-28	0.000837	0.059269	0.069766	0.056608	0.056633	2932700.000000
2014-01-27	0.000699	0.054979	0.068146	0.052464	0.047218	4233600.000000
2014-01-24	-0.021858	0.053915	0.055218	0.032932	-1.510475	5523600.000000
2014-01-23	-0.002725	0.049167	0.063455	0.046137	-0.188812	5050300.000000
2014-01-22	0.003280	0.068970	0.070418	0.060427	0.226555	4864700.000000
2014-01-21	0.008825	0.062191	0.075337	0.057663	0.604202	6379300.000000
2014-01-17	-0.003299	0.064510	0.064510	0.052572	-0.226578	5551300.000000
2014-01-16	-0.027792	0.049220	0.059269	0.021196	-1.963600	8892800.000000
2014-01-15	0.011078	0.058840	0.071290	0.058840	0.774101	7043300.000000
2014-01-14	0.001082	0.060845	0.065000	0.055688	0.075524	5783900.000000
2014-01-13	-0.010174	0.058844	0.063524	0.044806	-0.717461	5248700.000000
2014-01-10	-0.018139	0.060940	0.062332	0.037967	-1.302795	6632200.000000
2014-01-09	0.006083	0.059690	0.067954	0.059690	0.434273	6291500.000000
2014-01-08	-0.011633	0.056777	0.058577	0.045009	-0.840218	6172200.000000
2014-01-07	0.030577	0.069257	0.103358	0.069257	2.142998	6542500.000000
2014-01-06	-0.011452	0.063783	0.063783	0.045447	-0.811890	3424500.000000
2014-01-03	0.007108	0.062537	0.076173	0.059695	0.500351	3206400.000000
2014-01-02	-0.009695	0.053783	0.059129	0.048156	-0.689156	3067000.000000
2013-12-31	0.006954	0.062386	0.070035	0.057144	0.490899	2280000.000000
2013-12-30	0.001205	0.061538	0.064233	0.053880	0.084960	1983800.000000
2013-12-27	-0.002137	0.061392	0.065921	0.055448	-0.151031	2859900.000000
2013-12-26	0.009713	0.063699	0.071273	0.061413	0.679718	2121000.000000
2013-12-24	-0.002959	0.057132	0.060267	0.053143	-0.207695	1253500.000000
2013-12-23	0.013633	0.066346	0.077177	0.064468	0.944054	3263100.000000
2013-12-20	0.013261	0.062781	0.078877	0.062635	0.906265	7511500.000000
2013-12-19	0.000138	0.056196	0.061465	0.048879	0.009453	4359200.000000
2013-12-18	0.023328	0.063762	0.085328	0.058820	1.557678	4975700.000000
2013-12-17	-0.004644	0.061654	0.061654	0.046450	-0.311539	4280100.000000
2013-12-16	0.008229	0.063027	0.072796	0.060021	0.547539	4369500.000000
2013-12-13	-0.007464	0.062104	0.071949	0.051065	-0.500336	4737000.000000
2013-12-12	-0.015664	0.060003	0.065583	0.041209	-1.066780	5815300.000000
2013-12-11	-0.025793	0.059698	0.059984	0.028514	-1.803131	7304300.000000
2013-12-10	0.004476	0.058982	0.069184	0.058695	0.311539	3741100.000000
2013-12-09	0.002993	0.059269	0.070943	0.058261	0.207695	3988600.000000
2013-12-06	0.010309	0.066258	0.073393	0.060580	0.708038	3886000.000000
2013-12-05	-0.012220	0.054523	0.059701	0.043305	-0.849655	4104700.000000
2013-12-04	0.002723	0.053068	0.073114	0.046145	0.188805	5548700.000000
2013-12-03	-0.005798	0.063020	0.063020	0.045528	-0.404404	5162400.000000
2013-12-02	-0.004296	0.051315	0.062879	0.051315	-0.300942	4276000.000000
2013-11-29	0.001614	0.066596	0.071458	0.061449	0.112870	2025600.000000
2013-11-27	-0.002147	0.065448	0.069157	0.057029	-0.150482	3640600.000000
2013-11-26	0.006076	0.065317	0.076515	0.063021	0.423233	4635400.000000
2013-11-25	0.004475	0.067056	0.076574	0.064028	0.310333	3773900.000000
2013-11-22	0.011384	0.063308	0.075558	0.061703	0.780601	3178400.000000
2013-11-21	0.012920	0.069364	0.088420	0.069069	0.874619	4368000.000000
2013-11-20	0.005167	0.067317	0.081868	0.064050	0.347969	5031300.000000
2013-11-19	-0.000977	0.064494	0.066719	0.057077	-0.065849	4260900.000000
2013-11-18	-0.002644	0.064787	0.066710	0.057833	-0.178688	3263700.000000
2013-11-15	0.006019	0.058693	0.071047	0.058098	0.404403	3872600.000000
2013-11-14	0.006055	0.068248	0.072142	0.062259	0.404389	3581200.000000
2013-11-13	0.015154	0.063307	0.081244	0.061179	0.996902	3879500.000000
2013-11-12	-0.007801	0.062855	0.069340	0.053806	-0.517242	3604800.000000
2013-11-11	0.000000	0.066776	0.070095	0.060140	0.000000	3082600.000000
2013-11-08	0.010608	0.062393	0.075044	0.061478	0.695938	3741900.000000
2013-11-07	-0.007540	0.072535	0.073745	0.053777	-0.498444	4497300.000000
2013-11-06	0.022846	0.065628	0.098895	0.064545	1.476517	5479400.000000
2013-11-05	-0.003335	0.056368	0.063153	0.052821	-0.216286	3328700.000000
2013-11-04	0.004663	0.065632	0.073069	0.059124	0.300949	3698700.000000
2013-11-01	0.005420	0.063463	0.070161	0.058478	0.347947	4459000.000000
2013-10-31	0.003676	0.069405	0.074252	0.060962	0.235126	4216700.000000
2013-10-30	-0.001029	0.063932	0.072522	0.058465	-0.065853	4360500.000000
2013-10-29	0.017030	0.062354	0.082527	0.061878	1.072132	5860000.000000
2013-10-28	-0.010056	0.062207	0.066138	0.049155	-0.639496	6989300.000000
2013-10-25	0.000148	0.061735	0.072272	0.058117	0.009396	6892500.000000
2013-10-24	-0.005881	0.063307	0.069249	0.050331	-0.376179	6352500.000000
2013-10-23	-0.012344	0.057903	0.059447	0.044623	-0.799397	8227700.000000
2013-10-22	0.009678	0.063619	0.085603	0.063619	0.620713	7647300.000000
2013-10-21	-0.008144	0.061606	0.063462	0.037482	-0.526673	11496900.000000
2013-10-18	-0.036570	0.061669	0.063009	0.006246	-2.454597	21080600.000000
2013-10-17	-0.050805	0.014943	0.030640	0.004761	-3.592568	21810200.000000
2013-10-16	0.017869	0.072376	0.086626	0.070649	1.241417	4368600.000000
2013-10-15	-0.011376	0.060319	0.066296	0.049646	-0.799415	2922900.000000
2013-10-14	0.006059	0.057438	0.071038	0.052570	0.423225	2562200.000000
2013-10-11	0.003920	0.062588	0.067475	0.056408	0.272713	2935800.000000
2013-10-10	0.036425	0.074480	0.102038	0.070160	2.445229	4894300.000000
2013-10-09	-0.001399	0.066728	0.069257	0.058844	-0.094079	4464100.000000
2013-10-08	-0.009560	0.060803	0.066991	0.052405	-0.648880	6049100.000000
2013-10-07	-0.011235	0.057480	0.059083	0.051216	-0.771202	4787000.000000
2013-10-04	0.006481	0.063014	0.072398	0.059055	0.442025	4297600.000000
2013-10-03	-0.000689	0.062282	0.069315	0.058765	-0.047013	5038300.000000
2013-10-02	-0.000138	0.058326	0.064040	0.055836	-0.009414	2705700.000000
2013-10-01	0.013546	0.065238	0.083056	0.063901	0.912254	4322300.000000
2013-09-30	-0.005279	0.052968	0.058581	0.048833	-0.357384	4183600.000000
2013-09-27	-0.002356	0.056529	0.062571	0.053582	-0.159866	3548000.000000
2013-09-26	0.002501	0.063603	0.075568	0.062421	0.169281	2413200.000000
2013-09-25	-0.004701	0.063013	0.068307	0.056544	-0.319756	4812900.000000
2013-09-24	0.006962	0.068637	0.079889	0.060495	0.470238	4855200.000000
2013-09-23	0.017713	0.066773	0.083950	0.064061	1.175560	4482500.000000
2013-09-20	-0.003811	0.058955	0.076967	0.056703	-0.253914	9088700.000000
2013-09-19	-0.030120	0.064036	0.064472	0.028078	-2.069000	8322900.000000
2013-09-18	-0.017091	0.061018	0.061590	0.036549	-1.194412	7725600.000000
2013-09-17	-0.010783	0.063166	0.066563	0.046463	-0.761780	5138100.000000
2013-09-16	0.008593	0.072016	0.083294	0.070303	0.601890	4224800.000000
2013-09-13	-0.003479	0.065868	0.070563	0.054487	-0.244506	3421000.000000
2013-09-12	-0.005853	0.065287	0.067833	0.056518	-0.413819	2823800.000000
2013-09-11	0.011164	0.066597	0.075321	0.063021	0.780594	3819200.000000
2013-09-10	0.005118	0.072343	0.072918	0.061418	0.356026	3925400.000000
2013-09-09	0.002565	0.068032	0.074373	0.063276	0.178009	2629600.000000
2013-09-06	0.000270	0.070195	0.078123	0.045833	0.018761	3584100.000000
2013-09-05	0.009407	0.067166	0.080117	0.064256	0.646492	2861600.000000
2013-09-04	0.010887	0.065841	0.078932	0.062016	0.740173	3333600.000000
2013-09-03	0.011430	0.068353	0.082635	0.068056	0.768272	3801500.000000
2013-08-30	-0.009663	0.067607	0.072763	0.053315	-0.655838	4186200.000000
2013-08-29	0.012580	0.064328	0.086557	0.061493	0.843231	5243500.000000
2013-08-28	0.000280	0.065521	0.076863	0.064775	0.018746	3297700.000000
2013-08-27	-0.011882	0.060971	0.063773	0.051681	-0.805763	3626200.000000
2013-08-26	-0.002206	0.068783	0.072903	0.063486	-0.149926	2797700.000000
2013-08-23	0.007920	0.067905	0.078434	0.066422	0.534058	3215600.000000
2013-08-22	0.001670	0.070134	0.080532	0.067015	0.112427	2959400.000000
2013-08-21	-0.008418	0.063188	0.065544	0.052730	-0.571510	3314200.000000
2013-08-20	0.010459	0.069396	0.084130	0.065824	0.702697	3110000.000000
2013-08-19	0.003920	0.068806	0.078817	0.067760	0.262329	2794800.000000
2013-08-16	0.000420	0.063575	0.075982	0.061332	0.028107	3323600.000000
2013-08-15	-0.015037	0.059950	0.069226	0.050821	-1.021255	3402000.000000
2013-08-14	-0.011724	0.064984	0.066584	0.052179	-0.805748	3079000.000000
2013-08-13	0.013261	0.067901	0.082056	0.066132	0.899444	2627400.000000
2013-08-12	-0.007404	0.059702	0.062336	0.053848	-0.505951	3043300.000000
2013-08-09	-0.003416	0.067603	0.073291	0.054040	-0.234222	2556900.000000
2013-08-08	0.003565	0.070678	0.078289	0.066433	0.243591	2171600.000000
2013-08-07	-0.004369	0.066437	0.069644	0.058277	-0.299805	2807300.000000
2013-08-06	-0.001364	0.064983	0.067748	0.055524	-0.093711	3089500.000000
2013-08-05	0.014946	0.068789	0.086809	0.067903	1.011901	2871000.000000
2013-08-02	-0.012302	0.065415	0.065415	0.049367	-0.843254	3622500.000000
2013-08-01	0.004256	0.072879	0.077128	0.068045	0.290482	3254000.000000
2013-07-31	0.008025	0.070265	0.087840	0.070265	0.543404	5964700.000000
2013-07-30	-0.007144	0.068631	0.073617	0.055435	-0.487214	5375400.000000
2013-07-29	0.008032	0.065834	0.076919	0.063617	0.543435	3835300.000000
2013-07-26	-0.005646	0.060110	0.066871	0.051880	-0.384148	3826000.000000
2013-07-25	0.001241	0.060690	0.068636	0.055098	0.084312	3840600.000000
2013-07-24	-0.002201	0.069074	0.074066	0.059823	-0.149910	6023300.000000
2013-07-23	0.007066	0.067755	0.075592	0.061988	0.477837	3934300.000000
2013-07-22	0.010217	0.068955	0.083594	0.066565	0.683960	5038000.000000
2013-07-19	0.012757	0.068220	0.090610	0.061412	0.843262	7504900.000000
2013-07-18	0.065227	0.117591	0.141764	0.110500	4.047531	14082900.000000
2013-07-17	-0.010163	0.068907	0.075766	0.051520	-0.637104	8904300.000000
2013-07-16	-0.010500	0.061314	0.063050	0.050581	-0.665219	5459600.000000
2013-07-15	-0.005588	0.069352	0.070294	0.058836	-0.356041	3813600.000000
2013-07-12	-0.005266	0.070591	0.073245	0.056851	-0.337287	4645600.000000
2013-07-11	0.009898	0.076457	0.080872	0.066681	0.627731	6588900.000000
2013-07-10	-0.004119	0.067783	0.079560	0.061659	-0.262329	4383900.000000
2013-07-09	0.006069	0.074579	0.081372	0.063047	0.384151	4275700.000000
2013-07-08	0.021007	0.079893	0.090055	0.070377	1.302338	6192500.000000
2013-07-05	0.009612	0.074151	0.077897	0.062915	0.590252	2356500.000000
2013-07-03	0.004137	0.062242	0.076632	0.057173	0.252971	2271100.000000
2013-07-02	-0.005485	0.064059	0.067800	0.057880	-0.337287	4484800.000000
2013-07-01	0.002290	0.073994	0.081655	0.067963	0.140522	3736500.000000
2013-06-28	-0.009230	0.059722	0.067958	0.050355	-0.571518	6867800.000000
2013-06-27	0.020222	0.071925	0.090543	0.070277	1.227378	4483600.000000
2013-06-26	0.016476	0.072336	0.089586	0.072168	0.983780	4851700.000000
2013-06-25	-0.014231	0.073585	0.082005	0.050968	-0.861984	4959100.000000
2013-06-24	0.011737	0.060464	0.086353	0.059962	0.702705	5717100.000000
2013-06-21	0.001568	0.073836	0.084543	0.061122	0.093705	7806500.000000
2013-06-20	-0.022372	0.059789	0.060116	0.040981	-1.367932	5748300.000000
2013-06-19	-0.006394	0.067637	0.075112	0.059999	-0.393501	6370200.000000
2013-06-18	0.020351	0.076099	0.089530	0.068804	1.227364	5183300.000000
2013-06-17	0.008934	0.075509	0.091402	0.072331	0.534069	4975000.000000
2013-06-14	-0.005456	0.066979	0.072303	0.057995	-0.327935	3122600.000000
2013-06-13	0.009442	0.069831	0.078396	0.060594	0.562169	4379500.000000
2013-06-12	-0.001564	0.077213	0.081740	0.066816	-0.093285	3891100.000000
2013-06-11	0.003926	0.063092	0.086828	0.055517	0.233200	6063400.000000
2013-06-10	0.017740	0.072186	0.094801	0.072014	1.035439	5256600.000000
2013-06-07	0.010497	0.078074	0.089500	0.068205	0.606330	5214700.000000
2013-06-06	0.002753	0.072014	0.074966	0.058126	0.158589	4711400.000000
2013-06-05	-0.009782	0.083188	0.084907	0.059809	-0.569027	5380100.000000
2013-06-04	-0.007006	0.068600	0.075258	0.056992	-0.410446	5151100.000000
2013-06-03	0.002714	0.076464	0.078347	0.062771	0.158569	3756200.000000
2013-05-31	-0.031395	0.068533	0.075164	0.037861	-1.893623	5888300.000000
2013-05-30	0.020679	0.073368	0.098244	0.066430	1.222004	5671300.000000
2013-05-29	0.000158	0.071676	0.075569	0.063044	0.009330	5009100.000000
2013-05-28	0.020625	0.079442	0.098271	0.077888	1.194016	5341000.000000
2013-05-24	-0.004811	0.066169	0.074765	0.057058	-0.279850	4697900.000000
2013-05-23	0.001284	0.068744	0.081309	0.064096	0.074619	4479100.000000
2013-05-22	-0.009384	0.057180	0.078835	0.049165	-0.550365	6317500.000000
2013-05-21	0.004955	0.072185	0.080068	0.070129	0.289169	3248400.000000
2013-05-20	-0.004456	0.070138	0.073379	0.064849	-0.261188	2688200.000000
2013-05-17	0.011265	0.073912	0.092199	0.073394	0.652984	5840800.000000
2013-05-16	0.008603	0.066620	0.084890	0.064880	0.494404	6904800.000000
2013-05-15	-0.001944	0.068367	0.081566	0.062289	-0.111950	6808200.000000
2013-05-14	-0.010578	0.070468	0.073561	0.057581	-0.615654	5390300.000000
2013-05-13	-0.008266	0.067925	0.070140	0.060938	-0.485073	3490400.000000
2013-05-10	0.014514	0.072533	0.088956	0.068557	0.839539	5015700.000000
2013-05-09	-0.007999	0.067555	0.072872	0.054007	-0.466408	6416700.000000
2013-05-08	0.033223	0.068825	0.112237	0.068648	1.874969	10032800.000000
2013-05-07	0.004983	0.069877	0.088575	0.067206	0.279843	4830700.000000
2013-05-06	0.021725	0.080384	0.104946	0.079292	1.194027	5609600.000000
2013-05-03	-0.009415	0.077601	0.081927	0.061020	-0.522393	5149500.000000
2013-05-02	-0.004019	0.071835	0.083862	0.066090	-0.223877	6072500.000000
2013-05-01	-0.003504	0.072551	0.081137	0.060745	-0.195881	4897800.000000
2013-04-30	-0.001333	0.074336	0.078624	0.057723	-0.074638	5701800.000000
2013-04-29	0.008911	0.080485	0.090218	0.077962	0.494396	4861600.000000
2013-04-26	0.002359	0.070569	0.086648	0.068221	0.130604	5798100.000000
2013-04-25	0.009355	0.078214	0.083320	0.068732	0.513050	5669100.000000
2013-04-24	0.004270	0.078607	0.085016	0.075310	0.233196	5883000.000000
2013-04-23	-0.011482	0.076540	0.079979	0.052102	-0.634311	6277700.000000
2013-04-22	-0.013658	0.071122	0.073086	0.047017	-0.764916	6020900.000000
2013-04-19	0.005864	0.076504	0.091052	0.068063	0.326493	6524600.000000
2013-04-18	-0.037724	0.026389	0.049893	0.002886	-2.182804	14015000.000000
2013-04-17	-0.012419	0.064846	0.077817	0.057507	-0.727608	8429000.000000
2013-04-16	0.019808	0.082284	0.096556	0.075147	1.138046	4976400.000000
2013-04-15	-0.022846	0.066742	0.071504	0.047353	-1.343269	4625600.000000
2013-04-12	0.000794	0.069461	0.077121	0.065887	0.046642	4162000.000000
2013-04-11	0.009133	0.071671	0.082149	0.070640	0.531712	4738900.000000
2013-04-10	0.003699	0.074428	0.079255	0.070463	0.214546	4400600.000000
2013-04-09	0.004686	0.075479	0.083793	0.073054	0.270523	4405900.000000
2013-04-08	-0.003382	0.071496	0.076675	0.058031	-0.195904	4545600.000000
2013-04-05	0.001129	0.070113	0.081174	0.065447	0.065312	6841300.000000
2013-04-04	0.005837	0.073405	0.086442	0.068885	0.335811	7648400.000000
2013-04-03	-0.001134	0.083648	0.089551	0.069931	-0.065300	10140400.000000
2013-04-02	0.046973	0.120370	0.162546	0.118007	2.583923	22664600.000000
2013-04-01	0.030764	0.071078	0.112302	0.068267	1.641778	9006100.000000
2013-03-28	0.010420	0.072772	0.085078	0.069553	0.550357	5685400.000000
2013-03-27	0.017430	0.070088	0.098598	0.067969	0.904839	8525800.000000
2013-03-26	0.014400	0.077486	0.089992	0.076509	0.736927	6059700.000000
2013-03-25	0.007345	0.075754	0.085006	0.071621	0.373138	5142500.000000
2013-03-22	-0.010897	0.073572	0.076687	0.055854	-0.559700	5415900.000000
2013-03-21	0.003280	0.068303	0.081195	0.067131	0.167912	4953700.000000
2013-03-20	-0.005257	0.077844	0.079009	0.065019	-0.270527	4528800.000000
2013-03-19	0.003091	0.072014	0.079811	0.070455	0.158592	5486600.000000
2013-03-18	0.004933	0.063592	0.086509	0.063200	0.251854	5974200.000000
2013-03-15	0.000000	0.070056	0.075344	0.065942	0.000000	7888300.000000
2013-03-14	0.004589	0.073982	0.078508	0.063750	0.233208	5066800.000000
2013-03-13	-0.002527	0.073231	0.077157	0.066754	-0.128735	4343000.000000
2013-03-12	0.011437	0.075381	0.091858	0.073595	0.576115	5466300.000000
2013-03-11	0.007434	0.076575	0.092775	0.074975	0.371685	4008700.000000
2013-03-08	0.000186	0.079576	0.085177	0.070574	0.009293	4584400.000000
2013-03-07	0.003544	0.079186	0.087617	0.077781	0.176551	4455700.000000
2013-03-06	0.002056	0.077382	0.085026	0.073158	0.102223	5562600.000000
2013-03-05	0.003376	0.078396	0.086671	0.073350	0.167259	4911700.000000
2013-03-04	-0.003737	0.071953	0.075773	0.068333	-0.185848	4783000.000000
2013-03-01	0.001310	0.073961	0.083021	0.064699	0.065048	6972100.000000
2013-02-28	-0.007797	0.075177	0.077973	0.066586	-0.390270	5879800.000000
2013-02-27	0.015457	0.074349	0.095650	0.073741	0.761944	5133800.000000
2013-02-26	-0.004690	0.080415	0.082233	0.060224	-0.232296	6325100.000000
2013-02-25	-0.021480	0.080522	0.081707	0.052862	-1.087181	6807800.000000
2013-02-22	-0.013939	0.079293	0.079487	0.056888	-0.715493	8400700.000000
2013-02-21	0.000543	0.083193	0.090405	0.069743	0.027874	6357300.000000
2013-02-20	-0.025591	0.073326	0.074656	0.048255	-1.347370	7542900.000000
2013-02-19	-0.011514	0.017598	0.067914	0.014594	-0.613277	14566200.000000
2013-02-15	0.004733	0.076364	0.084475	0.075987	0.250889	5750400.000000
2013-02-14	-0.003145	0.072038	0.075987	0.067149	-0.167264	5173800.000000
2013-02-13	0.003859	0.076175	0.082971	0.071267	0.204426	4261200.000000
2013-02-12	-0.001926	0.077683	0.081074	0.072596	-0.102207	4448600.000000
2013-02-11	-0.010738	0.072820	0.075616	0.063315	-0.576118	4166800.000000
2013-02-08	0.012095	0.078250	0.099000	0.077496	0.641163	4554600.000000
2013-02-07	-0.005751	0.075800	0.078426	0.062484	-0.306645	6050700.000000
2013-02-06	-0.006751	0.070028	0.071891	0.063694	-0.362392	5266100.000000
2013-02-05	0.036233	0.101656	0.116327	0.097023	1.877010	8645500.000000
2013-02-04	-0.000358	0.067492	0.087753	0.067492	-0.018574	4795700.000000
2013-02-01	0.010143	0.086506	0.088456	0.079294	0.520359	6369500.000000
2013-01-31	-0.015514	0.071570	0.075408	0.059480	-0.808426	6957500.000000
2013-01-30	-0.003554	0.075602	0.079235	0.069291	-0.185840	6269200.000000
2013-01-29	0.008422	0.075018	0.093144	0.073669	0.436737	7317600.000000
2013-01-28	-0.004104	0.083473	0.085585	0.071566	-0.213726	5736900.000000
2013-01-25	-0.003202	0.078855	0.079238	0.066604	-0.167252	5604700.000000
2013-01-24	0.005545	0.078485	0.086377	0.075983	0.288056	4221700.000000
2013-01-23	-0.001964	0.077904	0.080594	0.065225	-0.102223	6665700.000000
2013-01-22	0.026760	0.077950	0.106354	0.076175	1.356659	9330000.000000
2013-01-18	0.002941	0.076175	0.080725	0.072615	0.148682	7023900.000000
2013-01-17	0.013790	0.078181	0.093623	0.066348	0.687614	14438900.000000
2013-01-16	0.000746	0.076577	0.079788	0.070556	0.037171	6474500.000000
2013-01-15	0.004873	0.073352	0.086058	0.073150	0.241596	5802900.000000
2013-01-14	0.010223	0.077194	0.108774	0.071693	0.501777	7119900.000000
2013-01-11	-0.005460	0.082052	0.082052	0.060370	-0.269477	10182500.000000
2013-01-10	0.014130	0.079257	0.093026	0.075353	0.687614	6506500.000000
2013-01-09	0.018872	0.080153	0.099206	0.078269	0.901348	5154300.000000
2013-01-08	-0.013246	0.074316	0.079274	0.061094	-0.641159	8196200.000000
2013-01-07	0.000000	0.071837	0.081134	0.065019	0.000000	7804500.000000
2013-01-04	0.001924	0.080522	0.091493	0.077624	0.092926	10458000.000000
2013-01-03	-0.046755	0.054470	0.056049	0.023096	-2.369511	14413200.000000
2013-01-02	0.005531	0.088874	0.091254	0.071612	0.278771	5358100.000000
2012-12-31	0.007055	0.071580	0.084168	0.068782	0.353096	4948700.000000
2012-12-28	-0.010654	0.069257	0.080129	0.063524	-0.538937	3137400.000000
2012-12-27	0.004058	0.074191	0.083519	0.070816	0.204430	3245700.000000
2012-12-26	-0.011486	0.075194	0.076175	0.061853	-0.585407	3232400.000000
2012-12-24	-0.003271	0.071677	0.076566	0.066397	-0.167267	1713900.000000
2012-12-21	-0.007753	0.074623	0.077340	0.056189	-0.399552	9440100.000000
2012-12-20	0.017801	0.075978	0.096320	0.075385	0.901337	5025900.000000
2012-12-19	-0.008371	0.079505	0.079505	0.065991	-0.427441	5537600.000000
2012-12-18	0.010854	0.081323	0.095577	0.078353	0.548237	4637800.000000
2012-12-17	0.005735	0.076773	0.086131	0.074781	0.288052	6336900.000000
2012-12-14	-0.006068	0.072019	0.079144	0.067072	-0.306637	3468700.000000
2012-12-13	-0.015747	0.075591	0.078902	0.057866	-0.808414	4911800.000000
2012-12-12	0.008948	0.080892	0.097007	0.078927	0.455318	7054000.000000
2012-12-11	0.010519	0.077367	0.091864	0.073991	0.529652	4970400.000000
2012-12-10	0.005940	0.076175	0.085365	0.073578	0.297348	4113500.000000
2012-12-07	0.008103	0.083486	0.085500	0.075229	0.402347	4206200.000000
2012-12-06	-0.003529	0.081669	0.081669	0.069227	-0.175850	3771900.000000
2012-12-05	0.005603	0.084299	0.094390	0.081878	0.277661	4495100.000000
2012-12-04	-0.006495	0.081868	0.087482	0.073047	-0.323937	5948900.000000
2012-12-03	-0.009193	0.083842	0.091589	0.069341	-0.462764	3861300.000000
2012-11-30	0.000552	0.076887	0.090801	0.074701	0.027774	7818600.000000
2012-11-29	0.030521	0.090911	0.118153	0.085586	1.490090	10911600.000000
2012-11-28	0.003043	0.073891	0.093819	0.073274	0.148090	5744200.000000
2012-11-27	-0.017560	0.072391	0.086520	0.060685	-0.869991	7859400.000000
2012-11-26	-0.007233	0.061829	0.074253	0.057221	-0.360962	5692900.000000
2012-11-23	0.007286	0.083291	0.088539	0.079860	0.360962	1709300.000000
2012-11-21	0.007339	0.081685	0.091851	0.073959	0.360947	5097000.000000
2012-11-20	0.004347	0.080669	0.085979	0.075360	0.212871	4737800.000000
2012-11-19	0.019460	0.087335	0.101491	0.079424	0.934780	5868900.000000
2012-11-16	0.012683	0.080465	0.100282	0.078146	0.601593	6388000.000000
2012-11-15	0.000000	0.080887	0.090374	0.077092	0.000000	6668600.000000
2012-11-14	-0.018011	0.084606	0.085434	0.057899	-0.869991	5792500.000000
2012-11-13	-0.000192	0.077153	0.096610	0.076325	-0.009255	5669900.000000
2012-11-12	-0.013233	0.083324	0.092924	0.063104	-0.647872	5944000.000000
2012-11-09	-0.010105	0.078848	0.091787	0.064290	-0.499783	8585800.000000
2012-11-08	-0.015112	0.082257	0.094802	0.063738	-0.758934	8846100.000000
2012-11-07	-0.037773	0.061113	0.061496	0.022983	-1.971371	13812600.000000
2012-11-06	0.020080	0.080465	0.104115	0.068151	1.027333	4880800.000000
2012-11-05	-0.013738	0.084513	0.087212	0.056947	-0.712647	6149600.000000
2012-11-02	-0.015804	0.081793	0.085967	0.062252	-0.832985	4948200.000000
2012-11-01	0.016964	0.077764	0.101495	0.077764	0.879246	4833700.000000
2012-10-31	0.003944	0.087438	0.087826	0.075235	0.203625	4157700.000000
2012-10-26	-0.007650	0.079119	0.081426	0.063742	-0.397980	3346700.000000
2012-10-25	0.005186	0.080852	0.095922	0.078146	0.268410	4701900.000000
2012-10-24	-0.004628	0.085465	0.089889	0.072580	-0.240647	4545000.000000
2012-10-23	-0.006367	0.071675	0.076261	0.057724	-0.333179	5557400.000000
2012-10-22	0.015810	0.077747	0.099295	0.076389	0.814461	5723600.000000
2012-10-19	-0.006249	0.080465	0.082008	0.068119	-0.323945	5704800.000000
2012-10-18	0.000357	0.076798	0.088956	0.076026	0.018509	5384500.000000
2012-10-17	-0.015647	0.093762	0.096041	0.057100	-0.823715	6255200.000000
2012-10-16	-0.010611	0.074827	0.087231	0.057348	-0.564575	7531600.000000
2012-10-15	0.007360	0.081790	0.094096	0.077625	0.388733	4193300.000000
2012-10-12	-0.010232	0.082152	0.082152	0.066598	-0.546063	4283900.000000
2012-10-11	0.009631	0.088600	0.100708	0.084627	0.509041	5035900.000000
2012-10-10	-0.006264	0.079525	0.085917	0.070313	-0.333194	4141500.000000
2012-10-09	-0.002257	0.080465	0.084967	0.071086	-0.120324	5093300.000000
2012-10-08	0.008227	0.089165	0.102403	0.084058	0.434998	6050700.000000
2012-10-05	-0.014490	0.082888	0.083820	0.059404	-0.777443	6078300.000000
2012-10-04	0.019522	0.085976	0.104978	0.083315	1.027340	6897300.000000
2012-10-03	0.001056	0.083889	0.087123	0.077231	0.055534	4662900.000000
2012-10-02	0.006022	0.080465	0.088694	0.077594	0.314675	3828700.000000
2012-10-01	0.018950	0.086510	0.102889	0.082610	0.971798	4424400.000000
2012-09-28	-0.014758	0.074894	0.075470	0.060101	-0.768170	5838100.000000
2012-09-27	0.008247	0.090344	0.093249	0.078915	0.425736	4245400.000000
2012-09-26	-0.007473	0.083157	0.091039	0.071814	-0.388722	5562000.000000
2012-09-25	0.003930	0.085097	0.090502	0.077763	0.203617	6343300.000000
2012-09-24	-0.003560	0.078542	0.089312	0.074118	-0.185112	6443800.000000
2012-09-21	0.022570	0.083415	0.105638	0.079875	1.147656	26628600.000000
2012-09-20	-0.000182	0.075353	0.080858	0.069847	-0.009255	5776100.000000
2012-09-19	-0.003265	0.079093	0.084189	0.072625	-0.166599	6195400.000000
2012-09-18	0.011931	0.077490	0.099306	0.076895	0.601601	6600300.000000
2012-09-17	0.004240	0.087237	0.088232	0.075685	0.212867	5481600.000000
2012-09-14	0.006680	0.096705	0.108133	0.078059	0.333191	15735800.000000
2012-09-13	0.020258	0.076783	0.103989	0.075556	0.990319	6316500.000000
2012-09-12	0.004431	0.082376	0.095525	0.082376	0.215648	4834000.000000
2012-09-11	-0.017492	0.084236	0.088677	0.063645	-0.866493	6575400.000000
2012-09-10	-0.020773	0.087411	0.087411	0.058353	-1.050850	5447700.000000
2012-09-07	-0.000182	0.086422	0.092154	0.081086	-0.009209	3732700.000000
2012-09-06	0.011238	0.090238	0.099032	0.089238	0.562298	3741600.000000
2012-09-05	-0.005132	0.088420	0.092198	0.077286	-0.258106	4166100.000000
