2017-09-01	-0.015035	0.000167	0.003675	-0.015870	-1.800003	2642100.000000
2017-08-31	0.001003	0.000251	0.004933	-0.006605	0.120003	3979000.000000
2017-08-30	0.007582	0.002106	0.009773	-0.003286	0.900001	5214300.000000
2017-08-29	0.029220	-0.002341	0.029567	-0.007717	3.369995	5572900.000000
2017-08-28	0.002260	0.001912	0.006170	0.001043	0.260002	3479900.000000
2017-08-25	-0.001995	0.004163	0.006852	-0.002428	-0.230003	2246100.000000
2017-08-24	-0.014783	0.001538	0.001538	-0.017773	-1.729996	4331000.000000
2017-08-23	0.011583	-0.002420	0.027487	-0.006569	1.339997	6203500.000000
2017-08-22	0.003557	0.002602	0.004771	-0.002169	0.410003	2406500.000000
2017-08-21	-0.001732	0.001212	0.001905	-0.006928	-0.200004	1913200.000000
2017-08-18	-0.005340	-0.000517	0.001464	-0.006460	-0.619995	2760400.000000
2017-08-17	-0.016102	-0.001864	-0.001864	-0.016271	-1.900002	2721900.000000
2017-08-16	0.023772	0.005726	0.024640	0.004859	2.740005	3452400.000000
2017-08-15	-0.010158	0.005816	0.005816	-0.006293	-1.182823	2285100.000000
2017-08-14	0.002224	0.009602	0.011754	0.006504	0.258431	1839700.000000
2017-08-11	0.001113	0.008141	0.014690	0.002540	0.129219	2090900.000000
2017-08-10	-0.003754	0.003412	0.006846	-0.003455	-0.437340	3158400.000000
2017-08-09	-0.008376	0.009308	0.010925	-0.003801	-0.984032	3183400.000000
2017-08-08	-0.002784	0.005479	0.010063	0.001744	-0.328003	2766900.000000
2017-08-07	-0.024446	-0.011980	-0.008336	-0.023987	-2.952072	4975700.000000
2017-08-04	0.003221	0.007070	0.010726	0.002335	0.387650	1803600.000000
2017-08-03	0.006232	0.006324	0.012427	0.001977	0.745468	2031200.000000
2017-08-02	0.012365	0.005396	0.018852	0.004211	1.461128	2339400.000000
2017-08-01	0.002614	0.009722	0.011843	0.004291	0.308129	1553300.000000
2017-07-31	-0.002524	0.008528	0.010051	0.002434	-0.298195	2172300.000000
2017-07-28	0.001517	0.006921	0.012515	0.002683	0.178917	2150800.000000
2017-07-27	-0.007111	0.004642	0.005063	-0.008150	-0.844872	4257300.000000
2017-07-26	-0.007308	0.006073	0.007326	-0.003368	-0.874679	2993900.000000
2017-07-25	-0.022009	-0.003977	-0.003160	-0.019583	-2.693642	4801400.000000
2017-07-24	-0.002915	0.006073	0.008192	0.000778	-0.357826	3679800.000000
2017-07-21	0.008493	0.004759	0.014700	0.001226	1.033722	2472500.000000
2017-07-20	-0.005119	0.004275	0.007790	-0.000221	-0.626206	1831400.000000
2017-07-19	0.003670	0.009519	0.010996	0.005417	0.447289	1711000.000000
2017-07-18	-0.003899	0.003703	0.004766	-0.003570	-0.477105	1881700.000000
2017-07-17	-0.002431	0.008682	0.008682	0.002649	-0.298194	1842400.000000
2017-07-14	0.002763	0.009098	0.010733	0.003784	0.337951	1779500.000000
2017-07-13	-0.005173	0.005748	0.006236	-0.001002	-0.636131	2687900.000000
2017-07-12	0.001376	0.009982	0.016253	0.007051	0.168968	2376900.000000
2017-07-11	0.003901	0.006891	0.011142	0.000350	0.477104	1953500.000000
2017-07-10	0.003670	0.007058	0.015345	0.003940	0.447281	2053100.000000
2017-07-07	0.005907	0.009292	0.014410	0.007311	0.715660	1762900.000000
2017-07-06	-0.007330	0.004189	0.007794	-0.001383	-0.894569	3058200.000000
2017-07-05	0.005816	0.008463	0.013737	0.006815	0.705711	1738000.000000
2017-07-03	-0.000246	0.010193	0.014642	0.005661	-0.029815	1156200.000000
2017-06-30	0.003781	0.009051	0.014261	0.005825	0.457222	2384100.000000
2017-06-29	-0.006939	0.005416	0.005745	-0.009367	-0.844872	2358600.000000
2017-06-28	0.007484	0.010045	0.014430	0.006901	0.904511	1801200.000000
2017-06-27	-0.002298	0.006486	0.008302	0.003101	-0.278313	1703100.000000
2017-06-26	-0.002864	0.007637	0.013235	0.002698	-0.347885	1644500.000000
2017-06-23	0.000409	0.004756	0.008297	0.000473	0.049698	3851100.000000
2017-06-22	0.003450	0.006734	0.016072	0.006652	0.417465	3016600.000000
2017-06-21	0.001975	0.009882	0.011786	0.005908	0.238548	2732400.000000
2017-06-20	-0.002790	0.003679	0.011605	0.002936	-0.337944	2683400.000000
2017-06-19	0.011791	0.012756	0.021361	0.010835	1.411423	3393900.000000
2017-06-16	-0.002650	0.009073	0.014155	0.001991	-0.318062	4540900.000000
2017-06-15	0.006166	0.004564	0.013702	0.004229	0.735527	1947600.000000
2017-06-14	-0.000416	0.006073	0.009006	0.002219	-0.049690	1769100.000000
2017-06-13	0.001501	0.006493	0.008423	0.003639	0.178909	2357000.000000
2017-06-12	-0.006300	0.002821	0.005323	-0.004685	-0.755409	3064200.000000
2017-06-09	0.005836	0.008002	0.013455	0.005067	0.695770	2129200.000000
2017-06-08	0.001336	0.006073	0.012205	0.000194	0.159035	3548700.000000
2017-06-07	-0.002831	0.010345	0.010764	-0.000208	-0.337952	1796200.000000
2017-06-06	-0.007109	0.001000	0.004826	-0.004904	-0.854805	2987400.000000
2017-06-05	-0.009335	0.007309	0.007968	-0.003730	-1.133118	3202200.000000
2017-06-02	0.002710	0.008386	0.014830	0.005412	0.328003	2398100.000000
2017-06-01	0.004205	0.005410	0.013290	0.004414	0.506928	3214200.000000
2017-05-31	0.000082	0.008479	0.008645	0.003833	0.009941	4118100.000000
2017-05-30	-0.004760	0.005660	0.006734	0.000211	-0.576500	2665900.000000
2017-05-26	-0.003272	0.006567	0.007637	0.000559	-0.397591	2124900.000000
2017-05-25	0.001393	0.008958	0.010441	0.005744	0.168976	2736800.000000
2017-05-24	0.000082	0.006320	0.012419	0.004260	0.009941	2410500.000000
2017-05-23	0.003370	0.006073	0.012854	0.005825	0.407524	3404300.000000
2017-05-22	0.004127	0.009395	0.013464	0.008481	0.496979	2183100.000000
2017-05-19	0.014995	0.009276	0.022761	0.006326	1.779198	3209100.000000
2017-05-18	-0.001756	0.005400	0.009439	-0.007556	-0.208733	2585900.000000
2017-05-17	-0.009607	0.006073	0.006073	-0.004926	-1.152992	3357800.000000
2017-05-16	0.003970	0.012995	0.016258	0.010485	0.474510	2022300.000000
2017-05-15	0.000745	0.011322	0.015424	0.010233	0.088967	2184500.000000
2017-05-12	-0.003710	0.009321	0.010822	0.006318	-0.444855	2460900.000000
2017-05-11	0.002148	0.005889	0.014582	0.001124	0.257034	2751400.000000
2017-05-10	-0.003623	0.009158	0.010490	0.000413	-0.434967	2132900.000000
2017-05-09	0.003138	0.014747	0.018841	0.011740	0.375649	1946000.000000
2017-05-08	-0.002225	0.011739	0.013240	0.007738	-0.266915	2710300.000000
2017-05-05	0.002893	0.004968	0.015335	0.004216	0.346001	2437600.000000
2017-05-04	0.005819	0.014348	0.017459	0.010311	0.691986	3177000.000000
2017-05-03	0.008213	0.011403	0.021237	0.008860	0.968796	3626100.000000
2017-05-02	0.003364	0.011828	0.016592	0.010127	0.395424	2998900.000000
2017-05-01	-0.000588	0.011998	0.017609	0.008852	-0.069199	2557600.000000
2017-04-28	0.001768	0.015064	0.018641	0.009955	0.207596	4477800.000000
2017-04-27	0.004907	0.012942	0.020388	0.010717	0.573372	3404500.000000
2017-04-26	0.011380	0.015641	0.032173	0.008457	1.314773	5102700.000000
2017-04-25	0.004728	0.015399	0.020182	0.012355	0.543709	3322100.000000
2017-04-24	0.011566	0.020370	0.025648	0.018083	1.314789	3155200.000000
2017-04-21	0.009215	0.012105	0.023469	0.012105	1.037979	5658900.000000
2017-04-20	0.009033	0.011931	0.024025	0.010587	1.008339	2472300.000000
2017-04-19	-0.005636	0.015047	0.017808	0.004001	-0.632683	2566700.000000
2017-04-18	0.002560	0.008715	0.015234	0.007554	0.286690	2721500.000000
2017-04-17	0.010527	0.015544	0.022312	0.013468	1.166496	3503800.000000
2017-04-13	-0.001336	0.009860	0.015719	0.007787	-0.148285	2260900.000000
2017-04-12	-0.007955	0.008354	0.008712	0.002632	-0.889701	2605100.000000
2017-04-11	0.002303	0.008167	0.014172	0.005927	0.257026	2393500.000000
2017-04-10	-0.000974	0.011573	0.018377	0.008797	-0.108742	2097500.000000
2017-04-07	0.005160	0.013552	0.018772	0.009953	0.573357	2064200.000000
2017-04-06	-0.000800	0.012202	0.015439	0.008785	-0.088966	2185700.000000
2017-04-05	-0.004337	0.012916	0.024017	0.006738	-0.484391	3011900.000000
2017-04-04	0.009470	0.014646	0.023502	0.014374	1.047875	2970900.000000
2017-04-03	-0.002495	0.012204	0.014007	0.002828	-0.276802	2123000.000000
2017-03-31	-0.002134	0.012023	0.013192	0.006175	-0.237251	2483700.000000
2017-03-30	0.003480	0.010670	0.016989	0.009677	0.385536	1481600.000000
2017-03-29	-0.006032	0.009868	0.009868	0.004126	-0.672219	1998800.000000
2017-03-28	0.008137	0.007774	0.023513	0.006959	0.899582	3257700.000000
2017-03-27	0.000268	0.005058	0.012749	-0.000642	0.029656	2490800.000000
2017-03-24	-0.000358	0.012839	0.015553	0.006960	-0.039528	2249700.000000
2017-03-23	-0.000804	0.011573	0.016272	0.008229	-0.088974	2287400.000000
2017-03-22	-0.002051	0.013467	0.013918	0.004899	-0.227371	2127000.000000
2017-03-21	-0.011893	0.012910	0.017276	-0.002062	-1.334557	3572100.000000
2017-03-20	0.000529	0.011127	0.017190	0.006045	0.059319	3057800.000000
2017-03-17	0.009881	0.014634	0.026070	0.010942	1.097297	7442300.000000
2017-03-16	-0.006544	0.008800	0.012825	0.001464	-0.731544	2933800.000000
2017-03-15	0.011178	0.014196	0.024870	0.011935	1.235702	3169100.000000
2017-03-14	-0.004274	0.007700	0.010312	0.004728	-0.474495	2194800.000000
2017-03-13	0.001516	0.015361	0.016895	0.009949	0.168045	2976300.000000
2017-03-10	0.001876	0.015730	0.017447	0.005789	0.207604	3220200.000000
2017-03-09	0.001611	0.012659	0.016913	-0.030972	0.177933	2919800.000000
2017-03-08	-0.004720	0.013375	0.014996	0.005897	-0.523934	2581800.000000
2017-03-07	0.005553	0.013385	0.018367	0.010123	0.612900	2457200.000000
2017-03-06	-0.006053	0.006980	0.011213	0.004369	-0.672211	3772200.000000
2017-03-03	-0.003106	0.011573	0.018215	0.006905	-0.346000	3108300.000000
2017-03-02	-0.008709	0.012908	0.014776	0.002229	-0.978669	2880800.000000
2017-03-01	0.010040	0.021369	0.028560	0.019752	1.117066	5085500.000000
2017-02-28	-0.002305	0.013008	0.014980	0.007358	-0.257019	2942500.000000
2017-02-27	0.003112	0.012742	0.016160	0.007705	0.345993	2731400.000000
2017-02-24	0.003301	0.009136	0.016988	0.008504	0.365768	2917900.000000
2017-02-23	-0.005060	0.011932	0.013548	0.005377	-0.563484	3471700.000000
2017-02-22	0.001422	0.010224	0.013461	0.004559	0.158173	2205600.000000
2017-02-21	0.003121	0.011934	0.017436	0.010581	0.346000	2136900.000000
2017-02-17	0.000714	0.010309	0.013920	0.007421	0.079087	2531800.000000
2017-02-16	0.001430	0.013652	0.015369	0.010669	0.158157	2802100.000000
2017-02-15	0.009016	0.013579	0.022244	0.012941	0.988571	2625000.000000
2017-02-14	-0.004017	0.017320	0.020318	0.012415	-0.442215	2771900.000000
2017-02-13	0.008735	0.022724	0.027214	0.020983	0.953224	2830800.000000
2017-02-10	0.008720	0.019071	0.028407	0.017500	0.943406	2679200.000000
2017-02-09	-0.002808	0.017592	0.020542	0.013906	-0.304642	2654000.000000
2017-02-08	-0.007640	0.016129	0.016129	0.009360	-0.835304	2072300.000000
2017-02-07	0.005150	0.024028	0.027246	0.020259	0.560142	2774400.000000
2017-02-06	0.009394	0.019077	0.032441	0.017871	1.012192	4229600.000000
2017-02-03	0.011905	0.019189	0.030927	0.018907	1.267700	3411200.000000
2017-02-02	0.001664	0.016652	0.022296	0.005082	0.176888	4714500.000000
2017-02-01	-0.013586	0.017221	0.019819	0.001169	-1.464234	4670100.000000
2017-01-31	0.004580	0.016381	0.023558	0.010322	0.491348	3945700.000000
2017-01-30	-0.004831	0.013975	0.016665	0.004142	-0.520835	2909900.000000
2017-01-27	-0.005980	0.015656	0.022572	0.010677	-0.648591	2830000.000000
2017-01-26	-0.005407	0.016125	0.022453	0.004478	-0.589622	3996000.000000
2017-01-25	-0.005824	0.019963	0.025798	-0.008210	-0.638771	5054000.000000
2017-01-24	0.011510	0.020728	0.030043	0.017592	1.248054	3240000.000000
2017-01-23	-0.004062	0.018052	0.022277	0.010153	-0.442230	2296600.000000
2017-01-20	0.000542	0.019614	0.020993	0.011159	0.058960	3134300.000000
2017-01-19	0.002807	0.023214	0.028467	0.013906	0.304642	2828200.000000
2017-01-18	0.004092	0.019721	0.026105	0.016204	0.442222	2600300.000000
2017-01-17	-0.002268	0.013530	0.018054	0.010022	-0.245674	2240100.000000
2017-01-13	-0.005414	0.018602	0.021633	0.008685	-0.589630	2880600.000000
2017-01-12	-0.001622	0.018876	0.018876	0.005766	-0.176887	2644600.000000
2017-01-11	-0.002337	0.020885	0.020885	0.011373	-0.255516	2746200.000000
2017-01-10	-0.002152	0.019874	0.020604	0.013577	-0.235848	1800400.000000
2017-01-09	-0.009329	0.018949	0.018949	0.006020	-1.031845	2434100.000000
2017-01-06	0.010777	0.018232	0.031118	0.014942	1.179260	2622000.000000
2017-01-05	0.004058	0.020070	0.027135	0.014473	0.442215	3344900.000000
2017-01-04	0.000632	0.023377	0.025580	0.015297	0.068795	3091400.000000
2017-01-03	0.011038	0.024740	0.030031	0.021120	1.189079	2739600.000000
2016-12-30	-0.008413	0.017961	0.019802	0.006823	-0.913925	2200500.000000
2016-12-29	0.003267	0.018423	0.023410	0.016115	0.353775	2903600.000000
2016-12-28	-0.007118	0.017776	0.018601	0.009523	-0.776345	1894800.000000
2016-12-27	0.002982	0.021179	0.022007	0.016213	0.324295	1067300.000000
2016-12-23	0.001720	0.016579	0.021001	0.013723	0.186730	1303200.000000
2016-12-22	-0.000272	0.018421	0.020079	0.010225	-0.029488	2087900.000000
2016-12-21	-0.001446	0.020259	0.022007	0.015937	-0.157242	2078700.000000
2016-12-20	-0.001534	0.018602	0.019245	0.011440	-0.167053	2256000.000000
2016-12-19	0.021194	0.027438	0.041504	0.020968	2.260239	3838300.000000
2016-12-16	0.003607	0.020227	0.028227	0.017216	0.383255	7986200.000000
2016-12-15	-0.010433	0.015451	0.019082	0.006883	-1.120285	3611100.000000
2016-12-14	-0.009428	0.017961	0.018792	0.006338	-1.022026	2761200.000000
2016-12-13	-0.000725	0.022109	0.029576	0.016394	-0.078613	3807600.000000
2016-12-12	0.005465	0.014163	0.024173	0.008324	0.589622	4478700.000000
2016-12-09	0.012543	0.018625	0.032233	0.014120	1.336494	3428300.000000
2016-12-08	-0.011397	0.017500	0.017592	0.003304	-1.228401	3168500.000000
2016-12-07	0.020944	0.018255	0.040420	0.014277	2.211106	4261800.000000
2016-12-06	0.000093	0.016456	0.020245	0.014372	0.009826	2179500.000000
2016-12-05	-0.007392	0.022294	0.023046	0.009506	-0.786171	3077800.000000
2016-12-02	0.006885	0.022894	0.027912	0.017592	0.727204	3124400.000000
2016-12-01	-0.002228	0.020238	0.021843	0.011452	-0.235840	4055600.000000
2016-11-30	-0.010290	0.019369	0.028438	0.007121	-1.100640	4112100.000000
2016-11-29	0.003596	0.019657	0.026882	0.019469	0.383263	3133900.000000
2016-11-28	-0.003034	0.014973	0.019463	0.013009	-0.324303	2453500.000000
2016-11-25	0.006197	0.022487	0.027852	0.019287	0.658417	1008700.000000
2016-11-23	0.010941	0.021684	0.030343	0.021684	1.149773	2378500.000000
2016-11-22	0.000842	0.021021	0.022164	0.017783	0.088447	2640700.000000
2016-11-21	0.003286	0.020937	0.022943	0.014822	0.343949	2177400.000000
2016-11-18	-0.001874	0.017211	0.020072	0.014445	-0.196541	2677500.000000
2016-11-17	-0.002431	0.018258	0.022159	0.014263	-0.255508	2226500.000000
2016-11-16	-0.000561	0.013789	0.021015	0.011222	-0.058960	2707500.000000
2016-11-15	-0.001669	0.023773	0.025387	0.012477	-0.175805	3795600.000000
2016-11-14	-0.009186	0.029135	0.029135	0.013240	-0.976692	4138500.000000
2016-11-11	0.004151	0.019051	0.028685	0.010551	0.439507	4149900.000000
2016-11-10	0.034348	0.029436	0.059524	0.029045	3.516083	6105600.000000
2016-11-09	0.013930	0.001285	0.042885	0.001285	1.406425	5003900.000000
2016-11-08	0.003105	0.025656	0.032512	0.019596	0.312546	2524200.000000
2016-11-07	0.016974	0.040439	0.044178	0.035791	1.679901	4226200.000000
2016-11-04	0.002771	0.025793	0.031163	0.020727	0.273476	2607800.000000
2016-11-03	-0.004826	0.026490	0.027599	0.015600	-0.478577	2444200.000000
2016-11-02	-0.004607	0.022262	0.029388	0.015337	-0.459053	4115500.000000
2016-11-01	-0.001859	0.025972	0.031081	0.014852	-0.185555	4044500.000000
2016-10-31	0.003535	0.025577	0.031509	0.024471	0.351601	4014500.000000
2016-10-28	0.017688	0.028472	0.045047	0.028472	1.728737	4449100.000000
2016-10-27	-0.009306	0.028632	0.030051	0.013529	-0.918083	3550000.000000
2016-10-26	-0.003453	0.020232	0.028515	0.017706	-0.341843	3734100.000000
2016-10-25	0.018489	0.040226	0.050411	0.033539	1.797112	6752300.000000
2016-10-24	0.008615	0.030820	0.036216	0.028122	0.830184	4288100.000000
2016-10-21	-0.006244	0.014484	0.018609	0.006647	-0.605552	4095000.000000
2016-10-20	-0.004711	0.023765	0.028179	0.018839	-0.459038	3876700.000000
2016-10-19	-0.002300	0.026633	0.028373	0.021308	-0.224640	4013900.000000
2016-10-18	0.002808	0.031877	0.032802	0.023560	0.273476	3043800.000000
2016-10-17	-0.004493	0.023561	0.026730	0.018655	-0.439514	2452400.000000
2016-10-14	0.003105	0.029713	0.033507	0.026124	0.302772	3172000.000000
2016-10-13	0.009300	0.018383	0.035873	0.015796	0.898560	3768200.000000
2016-10-12	0.001620	0.024283	0.028844	0.021484	0.156265	3818200.000000
2016-10-11	-0.012103	0.019464	0.022741	0.008302	-1.181801	4314800.000000
2016-10-10	-0.005965	0.019592	0.028449	0.014299	-0.586021	4517800.000000
2016-10-07	-0.014694	0.012634	0.013136	0.001100	-1.465020	3938200.000000
2016-10-06	-0.001663	0.022466	0.023568	0.014956	-0.166038	3651500.000000
2016-10-05	0.008084	0.026593	0.032953	0.023868	0.800880	2744100.000000
2016-10-04	-0.009763	0.025267	0.027666	0.012573	-0.976677	3204200.000000
2016-10-03	0.008169	0.023868	0.034651	0.020744	0.810639	3971700.000000
2016-09-30	0.005343	0.027515	0.033695	0.023868	0.527420	5053500.000000
2016-09-29	-0.012604	0.028169	0.028169	0.009163	-1.259934	3720000.000000
2016-09-28	0.000000	0.027169	0.029070	0.017065	0.000000	5010700.000000
2016-09-27	0.001174	0.022366	0.028876	0.019361	0.117203	4299300.000000
2016-09-26	-0.003218	0.019875	0.027861	0.016081	-0.322304	3354600.000000
2016-09-23	-0.004272	0.014922	0.023868	0.013033	-0.429740	2646400.000000
2016-09-22	0.010200	0.031600	0.039132	0.030496	1.015754	3574600.000000
2016-09-21	0.017159	0.028056	0.042662	0.026217	1.679901	3144800.000000
2016-09-20	-0.001991	0.027232	0.034673	0.021829	-0.195327	3110100.000000
2016-09-19	0.003397	0.027959	0.034915	0.025198	0.332069	3316100.000000
2016-09-16	-0.025411	0.022472	0.022472	-0.004642	-2.549156	7724200.000000
2016-09-15	0.010329	0.021652	0.036457	0.019839	1.025520	3139900.000000
2016-09-14	-0.006450	0.022567	0.029271	0.015062	-0.644623	4092200.000000
2016-09-13	-0.016437	0.014420	0.017175	0.004381	-1.670128	3543300.000000
2016-09-12	0.013148	0.019082	0.040520	0.015991	1.318535	3851800.000000
2016-09-09	-0.029031	0.016607	0.017575	-0.005952	-2.998436	4258200.000000
2016-09-08	-0.000945	0.021547	0.026867	0.020676	-0.097671	2810200.000000
2016-09-07	-0.001509	0.021067	0.026572	0.016914	-0.156273	2524200.000000
2016-09-06	-0.008604	0.024538	0.029230	0.009984	-0.898552	3670700.000000
2016-09-02	0.001968	0.028377	0.033462	0.021565	0.205101	3066700.000000
2016-09-01	0.002725	0.026850	0.029063	0.016845	0.283249	3231500.000000
2016-08-31	-0.008570	0.020434	0.022342	0.014330	-0.898567	3349200.000000
2016-08-30	-0.005742	0.022920	0.025290	0.016471	-0.605545	2390800.000000
2016-08-29	0.006150	0.026444	0.031883	0.025013	0.644622	1793100.000000
2016-08-26	-0.003806	0.025959	0.029286	0.016454	-0.400436	2511100.000000
2016-08-25	-0.002223	0.021876	0.025575	0.018652	-0.234413	1793600.000000
2016-08-24	-0.000370	0.024057	0.026902	0.020076	-0.039078	2444700.000000
2016-08-23	-0.004608	0.028586	0.031889	0.019150	-0.488334	3064100.000000
2016-08-22	-0.005864	0.018052	0.022461	0.014487	-0.625077	2450500.000000
2016-08-19	-0.001738	0.020871	0.024711	0.019841	-0.185585	2388800.000000
2016-08-18	0.003580	0.024902	0.028379	0.023022	0.380921	1959800.000000
2016-08-17	0.004055	0.024340	0.028681	0.021037	0.429741	2208000.000000
2016-08-16	-0.004832	0.025588	0.029439	0.023616	-0.514512	2413700.000000
2016-08-15	0.007532	0.032935	0.039179	0.032935	0.796044	2044500.000000
2016-08-12	-0.002839	0.028586	0.030096	0.024152	-0.300949	1808400.000000
2016-08-11	0.009804	0.033716	0.041243	0.033335	1.029022	2005200.000000
2016-08-10	-0.002031	0.031237	0.031617	0.024772	-0.213562	1658700.000000
2016-08-09	0.005102	0.032198	0.035925	0.030861	0.533920	2213100.000000
2016-08-08	0.000464	0.030096	0.035833	0.027706	0.048546	3020900.000000
2016-08-05	0.012975	0.034842	0.043461	0.033195	1.339684	2676100.000000
2016-08-04	0.000658	0.032616	0.037655	0.030387	0.067947	1862900.000000
2016-08-03	0.000188	0.030096	0.032519	0.027673	0.019424	2985400.000000
2016-08-02	-0.006265	0.025761	0.028073	0.019982	-0.650436	2384100.000000
2016-08-01	-0.006595	0.028278	0.030096	0.019092	-0.689255	3061600.000000
2016-07-29	0.000651	0.029330	0.034884	0.026362	0.067955	3232600.000000
2016-07-28	-0.001021	0.030096	0.032966	0.024452	-0.106781	2806700.000000
2016-07-27	-0.001854	0.031719	0.035825	0.026182	-0.194153	3995400.000000
2016-07-26	0.030960	0.053621	0.062677	0.048306	3.145333	4414400.000000
2016-07-25	-0.004566	0.029312	0.030782	0.023139	-0.465966	3461300.000000
2016-07-22	-0.006802	0.019586	0.023770	0.016958	-0.698974	3513900.000000
2016-07-21	-0.001792	0.033302	0.036896	0.025919	-0.184441	3808900.000000
2016-07-20	0.003976	0.030779	0.036533	0.029511	0.407715	2987400.000000
2016-07-19	0.001233	0.025214	0.034490	0.024237	0.126221	3493900.000000
2016-07-18	-0.000095	0.029901	0.034295	0.024042	-0.009712	2185300.000000
2016-07-15	0.003424	0.032154	0.035093	0.027451	0.349479	2836900.000000
2016-07-14	0.000476	0.038820	0.038918	0.028626	0.048538	3307400.000000
2016-07-13	0.005646	0.035715	0.037095	0.030983	0.572762	2950100.000000
2016-07-12	0.005194	0.032772	0.040996	0.031384	0.524231	3741400.000000
2016-07-11	0.002894	0.030096	0.038344	0.029500	0.291222	3317100.000000
2016-07-08	0.016574	0.039592	0.047977	0.036157	1.640632	3502900.000000
2016-07-07	0.005820	0.031620	0.037818	0.029995	0.572769	3051600.000000
2016-07-06	0.007553	0.029380	0.039003	0.016685	0.737786	5227500.000000
2016-07-05	-0.020539	0.023779	0.026185	0.004828	-2.048348	4311100.000000
2016-07-01	0.001755	0.029393	0.046570	0.027987	0.174736	6578900.000000
2016-06-30	0.020703	0.034197	0.051627	0.031121	2.019234	5837700.000000
2016-06-29	0.014541	0.039978	0.047467	0.034569	1.397926	4737300.000000
2016-06-28	0.018722	0.040057	0.050336	0.037726	1.766823	5583200.000000
2016-06-27	-0.016989	0.020825	0.023013	0.009263	-1.630920	6236500.000000
2016-06-24	-0.033617	0.000803	0.010769	-0.005841	-3.339493	7446400.000000
2016-06-23	0.009670	0.041785	0.041785	0.033958	0.951378	3074800.000000
2016-06-22	-0.002166	0.032124	0.034153	0.025329	-0.213578	2634500.000000
2016-06-21	-0.001278	0.033034	0.034148	0.027058	-0.126197	3318900.000000
2016-06-20	0.004941	0.038443	0.046993	0.034778	0.485389	4447900.000000
2016-06-17	0.000791	0.027346	0.035903	0.022048	0.077652	5691900.000000
2016-06-16	0.005769	0.027535	0.040342	0.017904	0.563057	4549900.000000
2016-06-15	-0.006424	0.033252	0.035695	0.023479	-0.631012	4480000.000000
2016-06-14	-0.000198	0.030096	0.037221	0.022972	-0.019416	3705200.000000
2016-06-13	-0.007745	0.029894	0.034136	0.021916	-0.766915	4494500.000000
2016-06-10	-0.003127	0.022344	0.030801	0.018921	-0.310646	3601700.000000
2016-06-09	0.002449	0.025050	0.032922	0.024243	0.242699	3608400.000000
2016-06-08	0.006111	0.030096	0.036899	0.029385	0.601890	2566800.000000
2016-06-07	0.000888	0.034364	0.040665	0.031011	0.087357	2539700.000000
2016-06-06	0.009260	0.033276	0.041789	0.030917	0.902832	3769200.000000
2016-06-03	-0.003572	0.029687	0.029994	0.020898	-0.349472	2251500.000000
2016-06-02	0.004385	0.029070	0.034818	0.027222	0.427139	2468500.000000
2016-06-01	-0.002287	0.025078	0.029277	0.011354	-0.223282	2806900.000000
2016-05-31	-0.001786	0.030198	0.034594	0.025905	-0.174736	5265700.000000
2016-05-27	0.003486	0.030917	0.033789	0.026813	0.339760	2611300.000000
2016-05-26	0.000897	0.031328	0.037078	0.029788	0.087380	2504800.000000
2016-05-25	0.004104	0.034014	0.040716	0.034014	0.398017	2354200.000000
2016-05-24	0.010212	0.036241	0.045303	0.035512	0.980484	2953700.000000
2016-05-23	-0.002018	0.028537	0.029784	0.021469	-0.194152	2658900.000000
2016-05-20	0.005989	0.036788	0.044526	0.031769	0.572769	4312100.000000
2016-05-19	-0.007856	0.023664	0.026465	0.016090	-0.757210	3138900.000000
2016-05-18	-0.001107	0.030614	0.041496	0.023775	-0.106789	3340400.000000
2016-05-17	-0.017285	0.035306	0.038158	0.015753	-1.697303	4191000.000000
2016-05-16	0.015458	0.034661	0.055654	0.034661	1.494781	3469400.000000
2016-05-13	-0.011729	0.034687	0.039593	0.021606	-1.147606	3280500.000000
2016-05-12	-0.001378	0.038773	0.043876	0.032343	-0.135017	2866700.000000
2016-05-11	-0.005482	0.040894	0.042214	0.029628	-0.540062	2795900.000000
2016-05-10	0.020681	0.039111	0.061075	0.038075	1.996277	3672000.000000
2016-05-09	-0.010186	0.028835	0.039499	0.025246	-0.993309	3834200.000000
2016-05-06	0.008276	0.036626	0.047275	0.031973	0.800422	3741500.000000
2016-05-05	-0.003775	0.041571	0.042704	0.029108	-0.366455	3530300.000000
2016-05-04	-0.014295	0.029423	0.033382	0.017645	-1.407989	5628300.000000
2016-05-03	-0.021462	0.027895	0.031968	0.012098	-2.160225	4779300.000000
2016-05-02	0.000000	0.032167	0.042201	0.028689	0.000000	4223600.000000
2016-04-29	0.001343	0.029972	0.043999	0.029972	0.135025	3054000.000000
2016-04-28	-0.015677	0.029689	0.033998	0.015392	-1.600876	4670400.000000
2016-04-27	0.010401	0.051975	0.059396	0.037727	1.051178	6338700.000000
2016-04-26	-0.003802	0.039400	0.042554	0.021362	-0.385757	5515000.000000
2016-04-25	-0.004730	0.031933	0.032031	0.023005	-0.482193	2768000.000000
2016-04-22	0.002561	0.039886	0.045591	0.032018	0.260383	3061900.000000
2016-04-21	-0.000948	0.037231	0.041161	0.034184	-0.096435	2628400.000000
2016-04-20	0.005048	0.041083	0.047898	0.038911	0.511116	3823400.000000
2016-04-19	-0.001236	0.041572	0.048377	0.030821	-0.125359	3850500.000000
2016-04-18	0.005355	0.037531	0.044571	0.031581	0.540047	2809100.000000
2016-04-15	-0.001051	0.034855	0.041691	0.032280	-0.106087	3764700.000000
2016-04-14	0.000669	0.040802	0.045064	0.003630	0.067513	5217300.000000
2016-04-13	0.014843	0.042468	0.053735	0.042267	1.475494	3664500.000000
2016-04-12	0.009203	0.038459	0.050540	0.038459	0.906532	3188700.000000
2016-04-11	0.008093	0.039597	0.053413	0.034787	0.790787	4583500.000000
2016-04-08	0.004262	0.042589	0.051941	0.037655	0.414680	2755500.000000
2016-04-07	0.005181	0.032080	0.047680	0.029704	0.501481	3844700.000000
2016-04-06	0.005107	0.034132	0.043997	0.021983	0.491821	5070400.000000
2016-04-05	-0.004089	0.031558	0.037763	0.027318	-0.395386	3120400.000000
2016-04-04	0.003001	0.040359	0.049486	0.035172	0.289314	3707400.000000
2016-04-01	-0.001299	0.029581	0.040665	0.023676	-0.125381	4038100.000000
2016-03-31	-0.001496	0.035177	0.038694	0.023903	-0.144638	3832500.000000
2016-03-30	0.001298	0.044186	0.046050	0.034657	0.125358	3010700.000000
2016-03-29	0.012233	0.031694	0.051718	0.028234	1.166901	3766600.000000
2016-03-28	-0.001514	0.035889	0.039343	0.032644	-0.144653	2279700.000000
2016-03-24	-0.000505	0.026892	0.036622	0.025322	-0.048226	2847000.000000
2016-03-23	0.004561	0.038092	0.045449	0.032942	0.433976	3235300.000000
2016-03-22	-0.005143	0.031812	0.037981	0.027944	-0.491822	3510400.000000
2016-03-21	0.001211	0.037250	0.042693	0.034214	0.115700	3996700.000000
2016-03-18	0.002125	0.040817	0.052148	0.036726	0.202538	9506900.000000
2016-03-17	0.013848	0.040446	0.055868	0.035872	1.301910	4166100.000000
2016-03-16	0.012462	0.035967	0.055351	0.033813	1.157257	4598300.000000
2016-03-15	-0.005577	0.028690	0.035543	0.026762	-0.520775	2750100.000000
2016-03-14	0.000827	0.032113	0.043581	0.032006	0.077156	3974500.000000
2016-03-11	0.005926	0.047717	0.052784	0.040062	0.549698	4031100.000000
2016-03-10	-0.004348	0.036936	0.042518	0.020298	-0.405037	4808600.000000
2016-03-09	-0.003096	0.041430	0.043142	0.031585	-0.289314	4158900.000000
2016-03-08	-0.000206	0.028591	0.043034	0.028484	-0.019280	5354100.000000
2016-03-07	-0.000825	0.032125	0.041853	0.026780	-0.077156	6307600.000000
2016-03-04	0.009260	0.037583	0.049775	0.033375	0.858277	4674100.000000
2016-03-03	0.006072	0.033354	0.043666	0.031943	0.559356	4597900.000000
2016-03-02	0.005050	0.033772	0.047300	0.029845	0.462906	5447300.000000
2016-03-01	-0.016249	-0.010286	0.020086	-0.011895	-1.514084	12353900.000000
2016-02-29	-0.010953	0.034176	0.049461	0.024411	-1.031883	8854200.000000
2016-02-26	-0.003875	0.059563	0.063158	0.020335	-0.366462	14654800.000000
2016-02-25	0.047644	0.040259	0.093651	0.037711	4.301132	16862800.000000
2016-02-24	0.021943	0.031389	0.065802	0.031389	1.938408	16993300.000000
2016-02-23	-0.008336	0.035364	0.037609	0.015831	-0.742569	11567700.000000
2016-02-22	0.046923	0.048218	0.115443	0.044457	3.992523	21828300.000000
2016-02-19	-0.001471	0.036818	0.044329	0.025904	-0.125366	11817500.000000
2016-02-18	0.002724	0.041996	0.047762	0.037407	0.231453	4997700.000000
2016-02-17	0.026561	0.047445	0.068947	0.046600	2.198776	5141100.000000
2016-02-16	0.006167	0.061562	0.063506	0.039927	0.507362	6960400.000000
2016-02-12	0.015237	0.048739	0.062806	0.047628	1.234833	5886300.000000
2016-02-11	-0.026449	0.025806	0.039741	0.007306	-2.201668	7711800.000000
2016-02-10	-0.003209	0.046104	0.059156	0.038680	-0.268013	3618800.000000
2016-02-09	0.005301	0.038407	0.056585	0.034435	0.440331	7360900.000000
2016-02-08	-0.012068	0.038720	0.039434	0.020643	-1.014687	6858400.000000
2016-02-05	-0.003177	0.043719	0.049290	0.036606	-0.268021	5216800.000000
2016-02-04	0.025128	0.046247	0.078087	0.045518	2.067635	5921700.000000
2016-02-03	0.006322	0.051638	0.056285	0.030847	0.516922	8305500.000000
2016-02-02	-0.024440	0.028083	0.034764	0.015078	-2.048508	7397700.000000
2016-02-01	-0.001483	0.037162	0.046454	0.029894	-0.124443	5036900.000000
2016-01-29	0.014344	0.049742	0.059651	0.048413	1.186997	7887500.000000
2016-01-28	0.007458	0.050632	0.061589	0.046006	0.612625	5757200.000000
2016-01-27	0.001868	0.045277	0.068085	0.033690	0.153160	8083900.000000
2016-01-26	0.008834	0.049466	0.063985	0.048481	0.717926	7393800.000000
2016-01-25	-0.016792	0.040191	0.042247	0.024584	-1.387993	10444000.000000
2016-01-22	0.009115	0.061514	0.066764	0.048451	0.746643	4647400.000000
2016-01-21	0.008723	0.044667	0.068804	0.041096	0.708359	5742900.000000
2016-01-20	-0.004810	0.034862	0.048834	0.021994	-0.392471	9601200.000000
2016-01-19	-0.004554	0.053451	0.053451	0.030515	-0.373314	7470000.000000
2016-01-15	-0.037973	0.020959	0.033517	0.003120	-3.235489	10434200.000000
2016-01-14	0.002026	0.047607	0.053487	0.033260	0.172310	7395900.000000
2016-01-13	-0.018453	0.046629	0.046629	0.020542	-1.598595	8588800.000000
2016-01-12	0.000000	0.050323	0.052170	0.035086	0.000000	7697300.000000
2016-01-11	0.001106	0.052640	0.056223	0.039120	0.095711	7185200.000000
2016-01-08	-0.016322	0.040916	0.044440	0.025570	-1.435852	7501300.000000
2016-01-07	-0.013101	0.026156	0.047247	0.025708	-1.167839	6984800.000000
2016-01-06	-0.027163	0.024804	0.032880	0.009961	-2.488831	8300600.000000
2016-01-05	0.001569	0.039967	0.049367	0.036250	0.143578	4253100.000000
2016-01-04	-0.005204	0.027051	0.039991	0.021723	-0.478615	5382200.000000
2015-12-31	-0.008566	0.039384	0.042295	0.031838	-0.794518	2905400.000000
2015-12-30	-0.003804	0.040908	0.047137	0.036612	-0.354179	3161600.000000
2015-12-29	0.012280	0.050972	0.062931	0.047493	1.129547	3291400.000000
2015-12-28	-0.002181	0.041196	0.044775	0.038158	-0.201019	3606800.000000
2015-12-24	0.000000	0.040219	0.047053	0.040002	0.000000	1382700.000000
2015-12-23	0.015073	0.051604	0.063717	0.050833	1.368858	4677200.000000
2015-12-22	0.013460	0.052479	0.064755	0.049019	1.206124	4644100.000000
2015-12-21	0.013754	0.052360	0.062203	0.048627	1.215713	8708800.000000
2015-12-18	-0.016299	0.038435	0.049786	0.027640	-1.464600	8665800.000000
2015-12-17	-0.013245	0.044667	0.051256	0.030501	-1.206115	4802300.000000
2015-12-16	0.020051	0.052620	0.068975	0.046683	1.790046	9868300.000000
2015-12-15	0.002472	0.051966	0.062971	0.046913	0.220162	6618000.000000
2015-12-14	-0.002894	0.044667	0.047690	0.032350	-0.258453	6748200.000000
2015-12-11	-0.006072	0.035096	0.053125	0.034206	-0.545640	9942600.000000
2015-12-10	-0.003080	0.043668	0.050325	0.016598	-0.277587	5750000.000000
2015-12-09	-0.000743	0.037461	0.059633	0.033359	-0.067017	6911400.000000
2015-12-08	-0.017516	0.034537	0.038240	0.022774	-1.608170	7011800.000000
2015-12-07	0.001880	0.043466	0.050341	0.040738	0.172303	4681200.000000
2015-12-04	0.010877	0.047866	0.065957	0.045660	0.985969	9228900.000000
2015-12-03	-0.005774	0.045215	0.050699	0.035344	-0.526489	6082000.000000
2015-12-02	-0.014995	0.042074	0.046071	0.027706	-1.387993	3892500.000000
2015-12-01	0.006767	0.044558	0.059894	0.044341	0.622200	4595500.000000
2015-11-30	-0.007748	0.047473	0.049523	0.035386	-0.717934	5561000.000000
2015-11-27	-0.004832	0.041875	0.043593	0.036827	-0.449905	1919700.000000
2015-11-25	-0.000924	0.045203	0.052071	0.043487	-0.086151	4336400.000000
2015-11-24	-0.007442	0.039129	0.042430	0.027307	-0.698776	5344100.000000
2015-11-23	-0.001324	0.044241	0.048496	0.041157	-0.124459	4177100.000000
2015-11-20	-0.000814	0.048280	0.057951	0.042966	-0.076576	4898200.000000
2015-11-19	0.006038	0.047447	0.057283	0.045950	0.564781	4366600.000000
2015-11-18	0.001640	0.045524	0.047987	0.037063	0.153160	4202000.000000
2015-11-17	-0.002862	0.048297	0.049686	0.040075	-0.268043	4528800.000000
2015-11-16	0.013992	0.045533	0.059609	0.043584	1.292274	5098700.000000
2015-11-13	-0.027615	0.039402	0.049089	0.014870	-2.622833	6218900.000000
2015-11-12	0.009770	0.034035	0.060295	0.029995	0.918953	8808200.000000
2015-11-11	-0.004256	0.048478	0.052289	0.038209	-0.402039	2165900.000000
2015-11-10	-0.003434	0.042662	0.048887	0.033378	-0.325469	2738500.000000
2015-11-09	-0.011309	0.049333	0.051836	0.034834	-1.084244	3164700.000000
2015-11-06	0.000000	0.043492	0.051419	0.035669	0.000000	2735100.000000
2015-11-05	0.004685	0.052467	0.058335	0.045026	0.447014	2832400.000000
2015-11-04	0.003300	0.055835	0.062354	0.051419	0.313858	3116100.000000
2015-11-03	0.006137	0.051313	0.061469	0.045177	0.580162	3090000.000000
2015-11-02	0.009958	0.055799	0.063919	0.050778	0.932075	3067500.000000
2015-10-30	-0.006461	0.051207	0.052799	0.043033	-0.608696	4010900.000000
2015-10-29	-0.002719	0.050572	0.054489	0.039986	-0.256798	3287300.000000
2015-10-28	0.004450	0.056629	0.058224	0.043869	0.418488	3829900.000000
2015-10-27	-0.013469	0.046908	0.048691	0.035474	-1.283981	3396500.000000
2015-10-26	-0.003876	0.051419	0.055181	0.044940	-0.370934	2701000.000000
2015-10-23	0.008318	0.058478	0.063114	0.055528	0.789414	5032900.000000
2015-10-22	0.018577	0.054853	0.075673	0.052814	1.730987	5722400.000000
2015-10-21	0.024577	0.058236	0.085066	0.055817	2.235085	10498900.000000
2015-10-20	0.038783	0.077462	0.115840	0.063184	3.395408	8885200.000000
2015-10-19	-0.010215	0.045766	0.049723	0.031182	-0.903541	5513800.000000
2015-10-16	-0.001932	0.060672	0.062364	0.045213	-0.171196	3148400.000000
2015-10-15	0.010958	0.057579	0.063511	0.051191	0.960602	3829800.000000
2015-10-14	-0.022380	0.051307	0.057887	0.023316	-2.006806	5608300.000000
2015-10-13	-0.012051	0.037537	0.043927	0.031697	-1.093765	4079300.000000
2015-10-12	0.000629	0.046678	0.052521	0.043040	0.057075	3194900.000000
2015-10-09	0.011025	0.055208	0.069364	0.053425	0.989128	4099900.000000
2015-10-08	0.008769	0.044110	0.061314	0.043885	0.779908	4051800.000000
2015-10-07	0.010373	0.067892	0.069709	0.051646	0.913047	3516100.000000
2015-10-06	0.003143	0.050165	0.058143	0.048570	0.275818	3386600.000000
2015-10-05	0.027738	0.059266	0.083159	0.056689	2.368233	4912500.000000
2015-10-02	0.015957	0.041066	0.069625	0.033094	1.341042	4624200.000000
2015-10-01	-0.007079	0.050356	0.056618	0.034169	-0.599175	3668600.000000
2015-09-30	0.011480	0.059306	0.070420	0.052614	0.960587	5065900.000000
2015-09-29	0.013244	0.048392	0.066555	0.046938	1.093757	4117600.000000
2015-09-28	-0.005384	0.042988	0.053466	0.039255	-0.447006	5343700.000000
2015-09-25	0.005529	0.061228	0.067768	0.050329	0.456528	7447600.000000
2015-09-24	-0.001610	0.036789	0.051782	0.033766	-0.133148	7126800.000000
2015-09-23	-0.014059	0.050823	0.053565	0.024001	-1.179367	7324200.000000
2015-09-22	-0.036592	0.021903	0.030172	0.006744	-3.186165	7911700.000000
2015-09-21	0.005271	0.054421	0.064118	0.050611	0.456512	2981200.000000
2015-09-18	-0.024006	0.041278	0.043419	0.020094	-2.130440	10468800.000000
2015-09-17	-0.006707	0.050859	0.062387	0.042465	-0.599205	5205800.000000
2015-09-16	0.013595	0.051873	0.067642	0.051419	1.198388	3504200.000000
2015-09-15	0.009256	0.060464	0.066074	0.054281	0.808433	4107700.000000
2015-09-14	-0.005415	0.051077	0.052672	0.040715	-0.475548	3279200.000000
2015-09-11	0.010175	0.049118	0.062232	0.046817	0.884514	4490200.000000
2015-09-10	-0.004899	0.053594	0.054166	0.040430	-0.427986	6120700.000000
2015-09-09	-0.010450	0.060821	0.062973	0.039185	-0.922562	4783500.000000
2015-09-08	0.023599	0.068463	0.077855	0.066144	2.035332	4814800.000000
2015-09-04	-0.013383	0.038950	0.042725	0.033687	-1.169846	4562800.000000
2015-09-03	0.007343	0.060177	0.066860	0.056028	0.637230	4534600.000000
2015-09-02	0.016942	0.065716	0.069466	0.054349	1.445671	5642000.000000
2015-09-01	-0.020631	0.027087	0.040745	0.024677	-1.797561	6786600.000000
2015-08-31	-0.017482	0.028528	0.044428	0.020973	-1.550278	7073400.000000
2015-08-28	-0.000322	0.046684	0.054575	0.044655	-0.028541	5230200.000000
2015-08-27	0.018676	0.062443	0.073467	0.051304	1.626380	7473800.000000
2015-08-26	0.031081	0.073797	0.085637	0.051537	2.625016	7380300.000000
2015-08-25	-0.022780	0.080230	0.084742	0.026195	-1.968758	8283500.000000
2015-08-24	-0.023008	0.002358	0.053454	-0.014599	-2.035355	10994900.000000
2015-08-21	-0.029326	0.041982	0.044835	0.019598	-2.672584	7624400.000000
2015-08-20	-0.024336	0.043818	0.050777	0.025832	-2.273117	6084000.000000
2015-08-19	-0.012071	0.043909	0.050996	0.035131	-1.141312	3616300.000000
2015-08-18	0.000503	0.047186	0.058403	0.047186	0.047554	4730400.000000
2015-08-17	0.006687	0.045347	0.059195	0.039808	0.627732	4228400.000000
2015-08-14	0.003253	0.048533	0.056763	0.047251	0.304344	4413300.000000
2015-08-13	-0.003141	0.049821	0.054722	0.044707	-0.294846	4689900.000000
2015-08-12	0.007349	0.043692	0.060756	0.037253	0.684784	4618800.000000
2015-08-11	-0.009442	0.049039	0.051271	0.041810	-0.888222	7671400.000000
2015-08-10	0.012819	0.064317	0.074438	0.064317	1.190613	6068400.000000
2015-08-07	-0.006971	0.055508	0.058394	0.047809	-0.651993	2897100.000000
2015-08-06	0.001112	0.059572	0.061927	0.052828	0.103928	4198400.000000
2015-08-05	-0.001616	0.068333	0.070043	0.055081	-0.151184	3895600.000000
2015-08-04	-0.003923	0.064781	0.065739	0.052859	-0.368507	5557600.000000
2015-08-03	-0.008873	0.058287	0.058287	0.035816	-0.840996	7123700.000000
2015-07-31	-0.004170	0.060283	0.066272	0.053244	-0.396874	7217200.000000
2015-07-30	0.013788	0.058500	0.078844	0.054453	1.294548	6739100.000000
2015-07-29	0.003941	0.059571	0.064810	0.043531	0.368531	11935800.000000
2015-07-28	0.001011	0.060000	0.062676	0.049189	0.094482	5583000.000000
2015-07-27	-0.004430	0.052640	0.060739	0.048377	-0.415749	7560400.000000
2015-07-24	-0.018094	0.056823	0.058811	0.038616	-1.729210	6588000.000000
2015-07-23	-0.004038	0.064853	0.064957	0.049846	-0.387428	5925700.000000
2015-07-22	-0.011294	0.053651	0.056124	0.039535	-1.096107	9433700.000000
2015-07-21	-0.070330	-0.000432	0.005316	-0.025050	-7.342057	19540100.000000
2015-07-20	-0.002348	0.060485	0.060868	0.046533	-0.245689	7487000.000000
2015-07-17	-0.004674	0.058287	0.060285	0.052010	-0.491348	3465100.000000
2015-07-16	0.000090	0.068466	0.068846	0.056290	0.009445	3063800.000000
2015-07-15	-0.002332	0.058192	0.061324	0.051644	-0.245682	2844500.000000
2015-07-14	-0.000627	0.057529	0.058856	0.052976	-0.066139	2987500.000000
2015-07-13	0.012707	0.067989	0.075577	0.063762	1.322899	3892900.000000
2015-07-10	0.011568	0.072473	0.081218	0.064020	1.190590	4309600.000000
2015-07-09	0.002301	0.071240	0.075525	0.060722	0.236236	2555000.000000
2015-07-08	-0.012898	0.045502	0.054731	0.040696	-1.341781	3806300.000000
2015-07-07	0.006675	0.060029	0.066610	0.045610	0.689781	4732100.000000
2015-07-06	-0.001825	0.046696	0.060702	0.042736	-0.188973	4195100.000000
2015-07-02	-0.011370	0.063158	0.065641	0.043008	-1.190605	5159500.000000
2015-07-01	-0.000992	0.068782	0.070117	0.050751	-0.103950	4126800.000000
2015-06-30	-0.005380	0.065025	0.067302	0.049653	-0.566948	5909800.000000
2015-06-29	-0.017530	0.051016	0.053719	0.038990	-1.880402	4160400.000000
2015-06-26	0.001942	0.059875	0.064732	0.055952	0.207886	3667700.000000
2015-06-25	-0.005879	0.060795	0.064602	0.052066	-0.633095	3786200.000000
2015-06-24	-0.010935	0.053420	0.054614	0.045338	-1.190605	4271200.000000
2015-06-23	-0.000434	0.057278	0.060491	0.054983	-0.047249	3632800.000000
2015-06-22	0.003395	0.062985	0.066485	0.058932	0.368515	2971100.000000
2015-06-19	-0.008714	0.055548	0.060570	0.049065	-0.954368	4210200.000000
2015-06-18	0.007213	0.051114	0.071991	0.051114	0.784294	3753600.000000
2015-06-17	0.001131	0.061418	0.063259	0.049449	0.122841	3799400.000000
2015-06-16	0.002879	0.057364	0.065397	0.055610	0.311805	4936200.000000
2015-06-15	-0.025425	0.036780	0.039659	0.029491	-2.825302	5972900.000000
2015-06-12	-0.006085	0.050595	0.055694	0.046660	-0.680351	2345300.000000
2015-06-11	0.006979	0.062701	0.066393	0.057657	0.774834	2707500.000000
2015-06-10	0.010318	0.069207	0.073757	0.063838	1.133926	3145800.000000
2015-06-09	0.001033	0.061293	0.068034	0.056830	0.113365	2499500.000000
2015-06-08	-0.007008	0.054127	0.061544	0.050237	-0.774826	3237100.000000
2015-06-05	-0.001195	0.053319	0.060456	0.049615	-0.132278	2667400.000000
2015-06-04	-0.011560	0.052215	0.057484	0.042928	-1.294564	3581600.000000
2015-06-03	0.009971	0.064511	0.074341	0.058829	1.105576	3125000.000000
2015-06-02	0.002906	0.055845	0.067785	0.051413	0.321266	3503300.000000
2015-06-01	-0.001451	0.058829	0.062442	0.051875	-0.160637	2341600.000000
2015-05-29	-0.004418	0.056669	0.057568	0.046957	-0.491363	5061400.000000
2015-05-28	0.000425	0.054959	0.061526	0.054959	0.047241	2903600.000000
2015-05-27	0.006589	0.063087	0.067433	0.056567	0.727600	3365100.000000
2015-05-26	-0.014753	0.057663	0.058287	0.038571	-1.653618	3434600.000000
2015-05-22	-0.004197	0.057221	0.063085	0.053223	-0.472458	2389600.000000
2015-05-21	0.002103	0.057753	0.065321	0.056774	0.236229	2121200.000000
2015-05-20	-0.001680	0.063531	0.063531	0.054110	-0.188988	2431600.000000
2015-05-19	0.004725	0.059091	0.066681	0.058287	0.529152	2808400.000000
2015-05-18	0.000169	0.058645	0.063914	0.057484	0.018906	2435100.000000
2015-05-15	-0.005456	0.057754	0.060508	0.047451	-0.614197	2964700.000000
2015-05-14	0.015080	0.062345	0.076321	0.062345	1.672501	2728800.000000
2015-05-13	0.005569	0.060554	0.069893	0.059557	0.614212	3038700.000000
2015-05-12	-0.002889	0.058214	0.065266	0.048902	-0.319512	2804100.000000
2015-05-11	-0.006164	0.055195	0.064629	0.055195	-0.686042	3023800.000000
2015-05-08	0.020596	0.079404	0.089858	0.075736	2.246040	3707800.000000
2015-05-07	0.008342	0.064553	0.077775	0.059559	0.902191	3155700.000000
2015-05-06	0.000087	0.077869	0.077869	0.056692	0.009392	3690300.000000
2015-05-05	-0.011851	0.060070	0.068019	0.048191	-1.296875	3028200.000000
2015-05-04	0.008749	0.067224	0.079760	0.066487	0.949158	3925300.000000
2015-05-01	0.014857	0.071948	0.082519	0.071200	1.588203	2781700.000000
2015-04-30	-0.014127	0.059940	0.066396	0.044815	-1.531799	3899200.000000
2015-04-29	-0.006030	0.059507	0.065465	0.055748	-0.657852	2893800.000000
2015-04-28	0.002938	0.059126	0.068687	0.056827	0.319526	2746700.000000
2015-04-27	-0.003616	0.068671	0.070594	0.059876	-0.394706	3920300.000000
2015-04-24	-0.009381	0.065724	0.068083	0.053201	-1.033738	3523100.000000
2015-04-23	0.002565	0.059177	0.072733	0.055629	0.281922	2632800.000000
2015-04-22	0.000086	0.064454	0.068458	0.052990	0.009399	2792900.000000
2015-04-21	0.003777	0.084366	0.086832	0.060437	0.413506	4585000.000000
2015-04-20	0.012162	0.072502	0.083133	0.071301	1.315658	4007500.000000
2015-04-17	-0.020174	0.053493	0.055395	0.040359	-2.227241	4318500.000000
2015-04-16	-0.003309	0.059396	0.068062	0.055514	-0.366516	2905100.000000
2015-04-15	0.001529	0.067616	0.073945	0.062553	0.169143	2774300.000000
2015-04-14	0.002385	0.060828	0.070434	0.056568	0.263153	2606400.000000
2015-04-13	-0.008864	0.059689	0.065528	0.053131	-0.986755	3030400.000000
2015-04-10	0.004920	0.066437	0.073659	0.060028	0.545052	2254700.000000
2015-04-09	0.000340	0.062826	0.072217	0.058130	0.037605	2088400.000000
2015-04-08	0.002979	0.066083	0.074596	0.060196	0.328918	2484100.000000
2015-04-07	-0.003139	0.063187	0.070320	0.060389	-0.347717	2269100.000000
2015-04-06	0.006232	0.053188	0.078444	0.053188	0.686020	2857300.000000
2015-04-02	0.010438	0.070241	0.080246	0.064733	1.137138	4227300.000000
2015-04-01	-0.010922	0.065634	0.066632	0.047384	-1.202911	3426200.000000
2015-03-31	-0.013717	0.053703	0.058001	0.049046	-1.531830	3525400.000000
2015-03-30	0.016510	0.071190	0.085299	0.068642	1.813759	3000800.000000
2015-03-27	0.007411	0.065007	0.074727	0.064182	0.808197	2804000.000000
2015-03-26	-0.003606	0.059522	0.065552	0.050933	-0.394699	4389700.000000
2015-03-25	-0.020686	0.066596	0.067848	0.041452	-2.311836	4456500.000000
2015-03-24	0.002022	0.067318	0.077539	0.060235	0.225555	4033800.000000
2015-03-23	-0.006529	0.064090	0.066139	0.052778	-0.733032	4542800.000000
2015-03-20	0.000670	0.067923	0.073182	0.064803	0.075203	8207000.000000
2015-03-19	-0.007730	0.061702	0.064090	0.052858	-0.874008	2880800.000000
2015-03-18	0.003754	0.058941	0.070660	0.040919	0.422905	5280200.000000
2015-03-17	-0.001749	0.059216	0.064622	0.052392	-0.197350	3822800.000000
2015-03-16	0.011201	0.068661	0.076816	0.066689	1.249893	4674700.000000
2015-03-13	-0.020620	0.059877	0.067250	0.033021	-2.349426	7361500.000000
2015-03-12	0.024506	0.082164	0.092235	0.081534	2.725334	4907800.000000
2015-03-11	0.008007	0.067534	0.077776	0.063818	0.883370	3747900.000000
2015-03-10	-0.035729	0.053602	0.057361	0.025547	-4.087983	5583800.000000
2015-03-09	0.019426	0.062843	0.088681	0.062843	2.180260	4127100.000000
2015-03-06	-0.011259	0.051845	0.060302	0.047264	-1.278091	3663100.000000
2015-03-05	-0.002065	0.066288	0.068046	0.058024	-0.234940	1928300.000000
2015-03-04	-0.005423	0.060156	0.061380	0.053773	-0.620247	2123200.000000
2015-03-03	-0.012095	0.053639	0.061499	0.046124	-1.400245	3187500.000000
2015-03-02	0.010499	0.064090	0.077968	0.060948	1.202888	2325900.000000
2015-02-27	-0.006195	0.063049	0.065652	0.056457	-0.714210	3085300.000000
2015-02-26	-0.005674	0.063659	0.065643	0.053567	-0.657860	2498200.000000
2015-02-25	-0.003393	0.064606	0.068732	0.056870	-0.394684	2872900.000000
2015-02-24	0.000566	0.061510	0.067703	0.057812	0.065781	2455400.000000
2015-02-23	-0.003142	0.059975	0.064519	0.055174	-0.366509	2737300.000000
2015-02-20	0.009763	0.064783	0.077423	0.056212	1.127716	4062200.000000
2015-02-19	0.007542	0.060514	0.072900	0.060514	0.864594	3407000.000000
2015-02-18	0.005523	0.064090	0.075843	0.061371	0.629638	3475200.000000
2015-02-17	0.000577	0.061896	0.069795	0.058123	0.065789	3241200.000000
2015-02-13	0.013881	0.061866	0.080017	0.061866	1.560028	3802100.000000
2015-02-12	0.007583	0.068393	0.075476	0.065256	0.845771	2897000.000000
2015-02-11	-0.000589	0.061850	0.066778	0.057012	-0.065780	2707600.000000
2015-02-10	0.000671	0.074935	0.077894	0.066238	0.074791	2560000.000000
2015-02-09	-0.004090	0.066521	0.070986	0.061788	-0.458016	2560700.000000
2015-02-06	-0.002498	0.068845	0.077930	0.063322	-0.280441	2829600.000000
2015-02-05	0.019696	0.074093	0.093167	0.071005	2.168587	4687300.000000
2015-02-04	-0.009252	0.068565	0.070814	0.056867	-1.028198	3208400.000000
2015-02-03	0.019815	0.079001	0.096804	0.068356	2.159225	4491500.000000
2015-02-02	0.015682	0.073460	0.087720	0.063021	1.682518	3516900.000000
2015-01-30	-0.014341	0.056687	0.067803	0.053104	-1.561005	4623100.000000
2015-01-29	-0.004020	0.069459	0.070831	0.047407	-0.439315	6328600.000000
2015-01-28	-0.018798	0.071800	0.071800	0.048547	-2.093804	4341100.000000
2015-01-27	0.003453	0.049554	0.084329	0.036131	0.383240	7328100.000000
2015-01-26	-0.010252	0.068487	0.069290	0.054666	-1.149727	5693900.000000
2015-01-23	-0.003902	0.069114	0.074266	0.065206	-0.439316	4298400.000000
2015-01-22	0.011930	0.076386	0.084654	0.067398	1.327309	6562900.000000
2015-01-21	0.012763	0.068277	0.085936	0.066821	1.402107	7177600.000000
2015-01-20	0.011881	0.073785	0.084378	0.067522	1.289948	5466000.000000
2015-01-16	0.023168	0.066715	0.096401	0.066432	2.458336	5773200.000000
2015-01-15	0.000000	0.075950	0.080851	0.065490	0.000000	3170600.000000
2015-01-14	-0.007172	0.058878	0.068234	0.053732	-0.766472	3496100.000000
2015-01-13	-0.000961	0.079920	0.092165	0.060945	-0.102829	4196400.000000
2015-01-12	0.003771	0.073953	0.076674	0.060442	0.401939	5016200.000000
2015-01-09	-0.005495	0.072437	0.074304	0.057974	-0.588882	3825100.000000
2015-01-08	0.017032	0.081118	0.091367	0.075234	1.794685	3899900.000000
2015-01-07	0.010850	0.077787	0.087284	0.074621	1.131027	3102200.000000
2015-01-06	-0.014144	0.061786	0.069068	0.042493	-1.495575	5772300.000000
2015-01-05	-0.016690	0.065268	0.073730	0.049366	-1.794685	4765300.000000
2015-01-02	0.000348	0.071127	0.075778	0.058661	0.037376	3140100.000000
2014-12-31	-0.010327	0.073507	0.076269	0.058408	-1.121666	2363500.000000
2014-12-30	-0.005648	0.070099	0.070099	0.061311	-0.616928	2178000.000000
2014-12-29	-0.003241	0.061703	0.070737	0.061703	-0.355194	2490700.000000
2014-12-26	0.002823	0.075407	0.077969	0.071563	0.308449	1596700.000000
2014-12-24	-0.002559	0.073932	0.076396	0.066721	-0.280403	1017900.000000
2014-12-23	0.000598	0.073113	0.077862	0.067815	0.065429	2715900.000000
2014-12-22	0.013410	0.066956	0.084726	0.066956	1.448845	3058100.000000
2014-12-19	-0.011714	0.063605	0.071928	0.055372	-1.280601	7871600.000000
2014-12-18	0.026866	0.081565	0.098566	0.075460	2.860283	4740000.000000
2014-12-17	0.005917	0.072470	0.080312	0.056503	0.626274	5023600.000000
2014-12-16	0.011795	0.072884	0.096496	0.064280	1.233848	5139300.000000
2014-12-15	-0.002140	0.074690	0.082226	0.064769	-0.224342	4597400.000000
2014-12-12	-0.016573	0.036991	0.066260	0.032863	-1.766640	5867300.000000
2014-12-11	0.004758	0.075480	0.082644	0.067563	0.504761	5286100.000000
2014-12-10	-0.012958	0.065266	0.070197	0.054567	-1.392753	7863500.000000
2014-12-09	0.017160	0.062065	0.088278	0.055724	1.813369	5888700.000000
2014-12-08	0.015815	0.079053	0.101163	0.072036	1.645134	6350200.000000
2014-12-05	0.000719	0.072422	0.074057	0.062417	0.074784	3021700.000000
2014-12-04	0.001982	0.064812	0.072041	0.059800	0.205619	4602600.000000
2014-12-03	0.011944	0.071970	0.086797	0.068849	1.224511	3411400.000000
2014-12-02	-0.000091	0.071190	0.079968	0.067874	-0.009323	2753700.000000
2014-12-01	-0.003543	0.059912	0.071768	0.056413	-0.364571	3458800.000000
2014-11-28	-0.000726	0.074486	0.076040	0.067494	-0.074791	2121500.000000
2014-11-26	-0.013875	0.070591	0.072506	0.051916	-1.448822	5268800.000000
2014-11-25	0.026841	0.082609	0.103948	0.078773	2.729423	8103400.000000
2014-11-24	-0.013690	0.056828	0.083404	0.051493	-1.411438	9706600.000000
2014-11-21	0.013600	0.083097	0.087422	0.081130	1.383400	3572100.000000
2014-11-20	0.001473	0.063327	0.071794	0.062047	0.149559	2195700.000000
2014-11-19	-0.001287	0.067366	0.070021	0.064023	-0.130867	2271200.000000
2014-11-18	0.013318	0.073113	0.086963	0.069028	1.336670	2679300.000000
2014-11-17	-0.000744	0.067435	0.072613	0.066838	-0.074775	2394500.000000
2014-11-14	-0.006381	0.067648	0.072594	0.062405	-0.644982	2935500.000000
2014-11-13	0.000000	0.071605	0.078036	0.068143	0.000000	4211700.000000
2014-11-12	0.004365	0.069825	0.075687	0.066745	0.439347	3182600.000000
2014-11-11	-0.006789	0.075687	0.077167	0.066114	-0.687951	2949500.000000
2014-11-10	-0.000733	0.075391	0.077166	0.071644	-0.074371	3523700.000000
2014-11-07	0.004605	0.074795	0.080640	0.069446	0.464836	3253500.000000
2014-11-06	0.006022	0.075388	0.084657	0.074192	0.604264	3581300.000000
2014-11-05	0.009824	0.082430	0.091388	0.077700	0.976127	6698900.000000
2014-11-04	0.005456	0.082770	0.085705	0.075990	0.539154	3992400.000000
2014-11-03	-0.006542	0.079909	0.080714	0.065935	-0.650726	4587600.000000
2014-10-31	0.006207	0.090759	0.091973	0.082161	0.613571	4461100.000000
2014-10-30	0.004629	0.069183	0.083207	0.064000	0.455513	2890500.000000
2014-10-29	-0.003952	0.080242	0.085809	0.067083	-0.390457	4060700.000000
2014-10-28	0.019964	0.083637	0.099742	0.082604	1.933647	4173500.000000
2014-10-27	0.003564	0.075376	0.080660	0.072268	0.343987	2957500.000000
2014-10-24	0.006203	0.075478	0.082880	0.071725	0.594947	3657900.000000
2014-10-23	0.019767	0.093654	0.105030	0.089295	1.859284	5691500.000000
2014-10-22	-0.007845	0.087606	0.087606	0.065983	-0.743714	6181400.000000
2014-10-21	0.004927	0.103671	0.103989	0.067207	0.464814	12554100.000000
2014-10-20	-0.000492	0.074521	0.078230	0.069754	-0.046471	6394300.000000
2014-10-17	0.023178	0.087286	0.105498	0.086635	2.138145	7282000.000000
2014-10-16	0.000605	0.064732	0.085666	0.062454	0.055802	6099100.000000
2014-10-15	-0.009489	0.064298	0.069993	0.045389	-0.883148	7105000.000000
2014-10-14	0.008156	0.080020	0.095184	0.078612	0.753006	4573000.000000
2014-10-13	-0.006304	0.076871	0.086666	0.067937	-0.585678	5111200.000000
2014-10-10	0.000000	0.076225	0.084620	0.068260	0.000000	6678100.000000
2014-10-09	-0.026211	0.071704	0.076525	0.046340	-2.500725	6739600.000000
2014-10-08	0.011931	0.078657	0.089263	0.067944	1.124855	6249400.000000
2014-10-07	-0.026866	0.071765	0.073313	0.046374	-2.602982	5991500.000000
2014-10-06	-0.001915	0.082280	0.087225	0.068785	-0.185936	2981900.000000
2014-10-03	0.011430	0.082668	0.089649	0.079438	1.096985	3044800.000000
2014-10-02	-0.005778	0.074340	0.077034	0.061288	-0.557770	4034300.000000
2014-10-01	-0.016667	0.071612	0.072122	0.053684	-1.636184	5864700.000000
2014-09-30	0.004949	0.080396	0.087255	0.075585	0.483413	5014100.000000
2014-09-29	-0.001520	0.067101	0.078242	0.065772	-0.148735	2896800.000000
2014-09-26	0.007178	0.073216	0.084849	0.073216	0.697228	4076400.000000
2014-09-25	-0.014896	0.074977	0.075586	0.057737	-1.468826	3936200.000000
2014-09-24	0.006166	0.077830	0.084156	0.072830	0.604255	3826800.000000
2014-09-23	-0.009862	0.075788	0.075788	0.061239	-0.976120	3839100.000000
2014-09-22	-0.018257	0.071521	0.075786	0.055056	-1.840683	4142300.000000
2014-09-19	-0.000645	0.081436	0.082427	0.072119	-0.065063	5947500.000000
2014-09-18	0.004536	0.069513	0.081960	0.069513	0.455513	3439700.000000
2014-09-17	-0.004699	0.076876	0.079750	0.066569	-0.474114	4109000.000000
2014-09-16	0.002031	0.070821	0.081050	0.065458	0.204521	3089800.000000
2014-09-15	-0.000277	0.074992	0.076878	0.069730	-0.027885	2515000.000000
2014-09-12	-0.001475	0.072713	0.076976	0.070135	-0.148750	2920400.000000
2014-09-11	0.000092	0.073506	0.077967	0.071226	0.009300	2270600.000000
2014-09-10	-0.001564	0.075687	0.081131	0.069946	-0.158043	2364600.000000
2014-09-09	0.000644	0.077272	0.079451	0.073805	0.065064	2114600.000000
2014-09-08	-0.000920	0.077666	0.078062	0.073510	-0.092949	3785400.000000
2014-09-05	-0.004761	0.078543	0.078543	0.067414	-0.483414	2793100.000000
2014-09-04	0.000183	0.078543	0.080120	0.074308	0.018577	2856600.000000
2014-09-03	0.001468	0.085059	0.085157	0.073517	0.148758	2629700.000000
2014-09-02	0.009817	0.078476	0.086545	0.073097	0.985413	4142800.000000
2014-08-29	-0.010357	0.075687	0.078053	0.061885	-1.050499	4717300.000000
2014-08-28	0.000184	0.072828	0.077068	0.067700	0.018616	2124200.000000
2014-08-27	-0.005379	0.080787	0.082160	0.067743	-0.548508	2548100.000000
2014-08-26	-0.001275	0.076471	0.079115	0.073924	-0.130142	2022500.000000
2014-08-25	0.003931	0.078539	0.083160	0.078539	0.399742	1732800.000000
2014-08-22	-0.006088	0.073048	0.074514	0.067673	-0.622849	2364900.000000
2014-08-21	0.003190	0.078530	0.080687	0.073628	0.325364	2847600.000000
2014-08-20	0.010593	0.076083	0.088667	0.075687	1.069099	4502200.000000
2014-08-19	0.004348	0.076583	0.080563	0.071706	0.436928	3961600.000000
2014-08-18	0.023289	0.086176	0.101044	0.084343	2.286918	5036900.000000
2014-08-15	-0.001324	0.081179	0.081687	0.067246	-0.130157	3106700.000000
2014-08-14	0.001989	0.075585	0.080680	0.075075	0.195213	2327200.000000
2014-08-13	0.011886	0.080430	0.090638	0.080430	1.152748	3487700.000000
2014-08-12	-0.007662	0.077985	0.082589	0.072050	-0.748756	4352900.000000
2014-08-11	-0.002265	0.087998	0.090857	0.078912	-0.221863	3262600.000000
2014-08-08	0.016695	0.086441	0.100039	0.080733	1.608460	4479800.000000
2014-08-07	0.004143	0.088024	0.089900	0.081250	0.397506	4155700.000000
2014-08-06	-0.011712	0.073839	0.076929	0.062406	-1.137023	5408700.000000
2014-08-05	-0.000286	0.079402	0.088670	0.075901	-0.027733	5579300.000000
2014-08-04	0.002864	0.084766	0.087864	0.078156	0.277321	3982700.000000
2014-08-01	-0.003804	0.079404	0.088561	0.072512	-0.369767	4731300.000000
2014-07-31	-0.011562	0.074856	0.083703	0.068754	-1.137016	6528500.000000
2014-07-30	-0.008851	0.086609	0.090035	0.069071	-0.878197	5977500.000000
2014-07-29	-0.015231	0.079984	0.084351	0.064103	-1.534515	5480700.000000
2014-07-28	0.001010	0.083062	0.084652	0.073822	0.101677	5391400.000000
2014-07-25	-0.000642	0.078693	0.084253	0.076608	-0.064690	4348900.000000
2014-07-24	-0.007108	0.084432	0.086306	0.072504	-0.721054	6811900.000000
2014-07-23	-0.010193	0.079722	0.082259	0.068988	-1.044578	6990800.000000
2014-07-22	-0.018765	0.090197	0.091537	0.044716	-1.959763	10527200.000000
2014-07-21	-0.005195	0.080342	0.081104	0.072246	-0.545395	5187800.000000
2014-07-18	0.007094	0.084073	0.090308	0.081963	0.739533	4244900.000000
2014-07-17	-0.013904	0.077703	0.079406	0.066257	-1.469819	4875600.000000
2014-07-16	-0.004180	0.085821	0.085821	0.076025	-0.443717	3503700.000000
2014-07-15	-0.000348	0.084408	0.094672	0.079511	-0.036950	4488700.000000
2014-07-14	0.006571	0.089827	0.093334	0.086889	0.693291	3017400.000000
2014-07-11	0.005462	0.084534	0.091682	0.082057	0.573120	3697600.000000
2014-07-10	-0.002899	0.071793	0.082531	0.068467	-0.305046	3654800.000000
2014-07-09	-0.002016	0.084426	0.085849	0.075227	-0.212616	3358400.000000
2014-07-08	-0.008949	0.078481	0.081771	0.070962	-0.952141	2861900.000000
2014-07-07	-0.003722	0.082520	0.084299	0.074092	-0.397506	3779200.000000
2014-07-03	0.003387	0.085341	0.089851	0.084119	0.360519	1746000.000000
2014-07-02	-0.006814	0.082237	0.082237	0.070293	-0.730278	3821500.000000
2014-07-01	0.004158	0.086643	0.091328	0.082239	0.443718	3245300.000000
2014-06-30	-0.009693	0.080008	0.080008	0.068965	-1.044586	3377200.000000
2014-06-27	0.007171	0.081584	0.089528	0.079247	0.767265	9124000.000000
2014-06-26	-0.003186	0.081212	0.082702	0.071896	-0.342041	2914100.000000
2014-06-25	0.003804	0.081397	0.087943	0.078778	0.406754	2467300.000000
2014-06-24	-0.012379	0.077707	0.080478	0.068102	-1.340401	2770300.000000
2014-06-23	-0.007289	0.079845	0.081221	0.070035	-0.794983	2101000.000000
2014-06-20	0.003487	0.086647	0.088211	0.080483	0.378990	5249700.000000
2014-06-19	0.002986	0.083985	0.086477	0.076511	0.323555	2256900.000000
2014-06-18	0.001880	0.082510	0.086023	0.071786	0.203369	2896300.000000
2014-06-17	0.001198	0.077143	0.086306	0.075569	0.129418	2244000.000000
2014-06-16	0.000685	0.079362	0.085661	0.076306	0.073944	1809700.000000
2014-06-13	-0.000513	0.082419	0.085659	0.076679	-0.055458	1919700.000000
2014-06-12	-0.012257	0.077656	0.081222	0.065860	-1.340393	2537500.000000
2014-06-11	-0.006967	0.076958	0.077775	0.070238	-0.767258	2167200.000000
2014-06-10	-0.007994	0.078167	0.079519	0.067988	-0.887451	2620100.000000
2014-06-09	0.010008	0.082680	0.093507	0.077949	1.100052	3177100.000000
2014-06-06	0.006178	0.084151	0.088453	0.082778	0.674827	1958000.000000
2014-06-05	0.008793	0.083064	0.093407	0.079831	0.952141	2803300.000000
2014-06-04	-0.005772	0.082505	0.083240	0.072589	-0.628601	2778400.000000
2014-06-03	0.003578	0.087299	0.089327	0.083245	0.388260	5362600.000000
2014-06-02	0.010153	0.083539	0.094150	0.081585	1.090813	2690700.000000
2014-05-30	-0.001118	0.081213	0.085862	0.076471	-0.120194	3661800.000000
2014-05-29	0.003450	0.084383	0.088302	0.080278	0.369782	2279200.000000
2014-05-28	0.000863	0.082518	0.088307	0.081584	0.092430	1977400.000000
2014-05-27	0.002683	0.086920	0.089167	0.082801	0.286575	1988300.000000
2014-05-23	0.004346	0.081959	0.087601	0.080736	0.462181	1505100.000000
2014-05-22	0.001742	0.078285	0.088082	0.076496	0.184899	2176400.000000
2014-05-21	0.015385	0.086553	0.099561	0.086553	1.608474	3330100.000000
2014-05-20	-0.016693	0.079984	0.082805	0.059010	-1.774856	3751200.000000
2014-05-19	0.003840	0.076956	0.091118	0.075540	0.406738	3205300.000000
2014-05-16	-0.009680	0.083360	0.086633	0.070364	-1.035339	4486300.000000
2014-05-15	-0.013808	0.079281	0.081125	0.063514	-1.497551	2864200.000000
2014-05-14	-0.007025	0.085525	0.085616	0.072706	-0.767258	1767800.000000
2014-05-13	0.000927	0.090747	0.092305	0.087631	0.101189	2077100.000000
2014-05-12	0.014018	0.091354	0.103528	0.090890	1.508483	2795300.000000
2014-05-09	-0.000256	0.085315	0.089588	0.079090	-0.027587	2185000.000000
2014-05-08	0.000941	0.086801	0.098146	0.085964	0.101173	2520200.000000
2014-05-07	0.007758	0.089609	0.097106	0.083611	0.827827	2605300.000000
2014-05-06	-0.006934	0.082613	0.085311	0.078704	-0.745040	1958000.000000
2014-05-05	0.002575	0.082601	0.093051	0.077749	0.275947	2825300.000000
2014-05-02	-0.002397	0.080005	0.092943	0.078330	-0.257561	5802400.000000
2014-05-01	-0.012930	0.084416	0.088918	0.071370	-1.407310	4122100.000000
2014-04-30	0.006550	0.087635	0.098917	0.086340	0.708259	2841100.000000
2014-04-29	-0.001190	0.089205	0.093176	0.081261	-0.128784	2983400.000000
2014-04-28	0.004181	0.092831	0.098025	0.079567	0.450722	3378100.000000
2014-04-25	-0.014876	0.082421	0.085985	0.068075	-1.628075	3439400.000000
2014-04-24	-0.005600	0.091080	0.091080	0.077178	-0.616279	2150300.000000
2014-04-23	0.003859	0.086169	0.094014	0.084892	0.423103	2683300.000000
2014-04-22	0.007523	0.096179	0.108861	0.093606	0.818649	4189300.000000
2014-04-21	-0.002277	0.088181	0.091665	0.083688	-0.248359	2685000.000000
2014-04-17	0.004235	0.091132	0.098406	0.087449	0.459900	3314100.000000
2014-04-16	0.019251	0.098059	0.108289	0.087830	2.051201	2926400.000000
2014-04-15	0.007830	0.090578	0.097955	0.077619	0.827835	2794000.000000
2014-04-14	0.008865	0.094711	0.100246	0.087363	0.929023	2280700.000000
2014-04-11	-0.005499	0.083282	0.093341	0.077493	-0.579490	3111900.000000
2014-04-10	-0.021189	0.086894	0.090610	0.063486	-2.281136	3075600.000000
2014-04-09	0.010970	0.089990	0.099381	0.085576	1.168144	2552300.000000
2014-04-08	-0.003529	0.083804	0.088763	0.075569	-0.377113	2442900.000000
2014-04-07	-0.016923	0.078157	0.091588	0.068130	-1.839630	3493800.000000
2014-04-04	-0.013275	0.091439	0.093708	0.070925	-1.462502	3700000.000000
2014-04-03	-0.000834	0.088261	0.088352	0.080370	-0.091987	3775300.000000
2014-04-02	0.016537	0.102754	0.107548	0.094825	1.793648	7473200.000000
2014-04-01	0.009244	0.089499	0.097966	0.086615	0.993423	3304000.000000
2014-03-31	0.017681	0.093517	0.107532	0.091623	1.867210	3605400.000000
2014-03-28	0.008875	0.090994	0.102840	0.090230	0.929009	2457100.000000
2014-03-27	-0.006808	0.084421	0.088311	0.075028	-0.717461	2403200.000000
2014-03-26	-0.005382	0.093307	0.097459	0.081322	-0.570274	3462600.000000
2014-03-25	0.012747	0.093098	0.101413	0.087555	1.333717	3453300.000000
2014-03-24	-0.007157	0.090968	0.093151	0.071610	-0.754242	3124900.000000
2014-03-21	0.007032	0.113451	0.123772	0.093288	0.735855	10342400.000000
2014-03-20	-0.002105	0.087363	0.091845	0.077542	-0.220756	2895500.000000
2014-03-19	-0.005842	0.086793	0.091154	0.069729	-0.616280	2972400.000000
2014-03-18	0.002360	0.090023	0.095535	0.086507	0.248345	2554900.000000
2014-03-17	0.016075	0.092676	0.109187	0.091518	1.664886	3993600.000000
2014-03-14	-0.002569	0.088617	0.101329	0.082646	-0.266746	4213800.000000
2014-03-13	-0.025214	0.089144	0.093650	0.054410	-2.685883	5926400.000000
2014-03-12	0.001470	0.085010	0.088959	0.076549	0.156364	3184200.000000
2014-03-11	-0.018086	0.087357	0.087634	0.066218	-1.959190	3350400.000000
2014-03-10	-0.004564	0.086162	0.088000	0.074216	-0.496704	2474300.000000
2014-03-07	0.004670	0.091604	0.093081	0.085695	0.505890	2912900.000000
2014-03-06	0.002981	0.093377	0.094488	0.085784	0.321945	1786900.000000
2014-03-05	-0.001531	0.092443	0.094847	0.084769	-0.165558	2487400.000000
2014-03-04	0.007108	0.096856	0.100301	0.090804	0.763436	3217100.000000
2014-03-03	-0.002222	0.073980	0.087916	0.072587	-0.239151	3125600.000000
2014-02-28	0.003516	0.090063	0.099293	0.083350	0.377121	3272200.000000
2014-02-27	0.004306	0.087360	0.092041	0.082865	0.459899	2147100.000000
2014-02-26	0.001898	0.087173	0.095616	0.084546	0.202363	2951600.000000
2014-02-25	-0.005151	0.083066	0.088853	0.078493	-0.551880	2569500.000000
2014-02-24	0.009620	0.090848	0.107902	0.086419	1.021003	3331500.000000
2014-02-21	0.002868	0.089441	0.096906	0.084054	0.303528	3660000.000000
2014-02-20	0.008857	0.090223	0.100138	0.081739	0.929016	3096800.000000
2014-02-19	0.002638	0.084305	0.101893	0.084018	0.275940	4196200.000000
2014-02-18	-0.001142	0.088414	0.089464	0.078484	-0.119575	2392800.000000
2014-02-14	0.005031	0.086789	0.095233	0.078249	0.524292	3466600.000000
2014-02-13	0.004611	0.081389	0.094885	0.076665	0.478317	2520900.000000
2014-02-12	0.003649	0.088721	0.091913	0.083303	0.377129	3006300.000000
2014-02-11	0.012186	0.094350	0.108549	0.090824	1.244407	3364000.000000
2014-02-10	0.007857	0.091499	0.102257	0.088933	0.796067	4094000.000000
2014-02-07	0.011695	0.098672	0.110056	0.098273	1.171226	3982500.000000
2014-02-06	0.014271	0.094805	0.108984	0.094805	1.409096	3717700.000000
2014-02-05	-0.010907	0.084867	0.090777	0.071845	-1.088860	6864500.000000
2014-02-04	-0.009622	0.075123	0.091492	0.066491	-0.969909	9759600.000000
2014-02-03	-0.033854	0.093743	0.099782	0.055403	-3.531968	5262200.000000
2014-01-31	-0.005755	0.076680	0.095263	0.070867	-0.603889	3482000.000000
2014-01-30	0.012448	0.099731	0.112178	0.096547	1.290176	3210800.000000
2014-01-29	-0.005182	0.085202	0.094705	0.079155	-0.539863	3881200.000000
2014-01-28	0.000615	0.090960	0.094225	0.085197	0.064049	3662100.000000
2014-01-27	0.017800	0.093663	0.122304	0.090632	1.820869	7665000.000000
2014-01-24	-0.026471	0.085077	0.088218	0.063665	-2.781616	5119800.000000
2014-01-23	-0.011023	0.083093	0.090998	0.077540	-1.171242	4086400.000000
2014-01-22	0.009827	0.116641	0.123389	0.097253	1.033966	5042800.000000
2014-01-21	0.006830	0.098909	0.109818	0.095273	0.713715	4737200.000000
2014-01-17	-0.000088	0.087810	0.095273	0.087427	-0.009156	4284300.000000
2014-01-16	0.001315	0.091060	0.095947	0.088282	0.137253	2653100.000000
2014-01-15	0.012785	0.092299	0.108891	0.092104	1.317612	2271800.000000
2014-01-14	-0.001507	0.091621	0.098791	0.086293	-0.155541	3430500.000000
2014-01-13	-0.009049	0.087408	0.097873	0.081264	-0.942466	3259500.000000
2014-01-10	0.001055	0.098071	0.102492	0.086057	0.109802	2248200.000000
2014-01-09	0.000528	0.096920	0.098458	0.087111	0.054901	2123200.000000
2014-01-08	0.001233	0.087393	0.097021	0.083734	0.128105	3141400.000000
2014-01-07	0.006384	0.096078	0.104314	0.093947	0.658806	2500300.000000
2014-01-06	-0.000974	0.097527	0.101980	0.085718	-0.100639	2956800.000000
2014-01-03	0.003645	0.097350	0.102791	0.095213	0.375145	2314900.000000
2014-01-02	-0.011511	0.084238	0.087215	0.078572	-1.198654	2649500.000000
2013-12-31	0.009492	0.097050	0.104611	0.096274	0.979049	2103200.000000
2013-12-30	-0.000621	0.093850	0.093850	0.086099	-0.064049	1614900.000000
2013-12-27	0.000976	0.094433	0.096275	0.090456	0.100663	1593900.000000
2013-12-26	0.010945	0.094254	0.105528	0.093763	1.116310	2449400.000000
2013-12-24	0.005865	0.092684	0.100573	0.091500	0.594757	747900.000000
2013-12-23	0.001446	0.100386	0.100880	0.091992	0.146385	1967500.000000
2013-12-20	0.010594	0.090086	0.109149	0.088589	1.061440	4618000.000000
2013-12-19	-0.002823	0.091089	0.094672	0.086710	-0.283661	2927400.000000
2013-12-18	0.020349	0.096740	0.115526	0.086077	2.003875	3715800.000000
2013-12-17	-0.008385	0.097513	0.098923	0.081300	-0.832664	3451700.000000
2013-12-16	0.010992	0.097564	0.110901	0.094408	1.079727	3276700.000000
2013-12-13	-0.006846	0.073367	0.090859	0.070738	-0.677101	4519600.000000
2013-12-12	-0.005246	0.091272	0.095596	0.079806	-0.521576	3652100.000000
2013-12-11	-0.020905	0.093866	0.095047	0.069936	-2.122841	3455900.000000
2013-12-10	-0.001799	0.087868	0.097108	0.082166	-0.182983	2809600.000000
2013-12-09	0.000540	0.092192	0.097110	0.088848	0.054893	2803000.000000
2013-12-06	0.018982	0.104807	0.114428	0.103103	1.894074	2456500.000000
2013-12-05	0.001010	0.084354	0.099301	0.084354	0.100647	2024000.000000
2013-12-04	-0.006837	0.089394	0.091585	0.075943	-0.686264	2511000.000000
2013-12-03	-0.005620	0.089017	0.095061	0.082478	-0.567292	3294200.000000
2013-12-02	-0.004961	0.095937	0.098204	0.085487	-0.503257	2091300.000000
2013-11-29	-0.005829	0.090823	0.093861	0.084942	-0.594757	1301000.000000
2013-11-27	0.005138	0.095738	0.102338	0.094260	0.521545	1770500.000000
2013-11-26	0.005711	0.093872	0.104671	0.092286	0.576469	2825900.000000
2013-11-25	0.000998	0.100319	0.100715	0.091790	0.100640	2155100.000000
2013-11-22	0.003917	0.092582	0.098456	0.087505	0.393455	2467300.000000
2013-11-21	0.008637	0.095793	0.103124	0.094488	0.860123	1964100.000000
2013-11-20	-0.002475	0.094884	0.098591	0.087872	-0.247063	2239900.000000
2013-11-19	-0.000275	0.090778	0.096486	0.089576	-0.027443	1877700.000000
2013-11-18	0.004973	0.092982	0.106166	0.092982	0.494126	2415200.000000
2013-11-15	-0.000920	0.094188	0.095998	0.087853	-0.091515	2974400.000000
2013-11-14	0.011446	0.103458	0.108238	0.093084	1.125458	2561000.000000
2013-11-13	0.005615	0.089711	0.099836	0.084290	0.549026	2797600.000000
2013-11-12	-0.005829	0.096983	0.097796	0.089459	-0.573318	3004400.000000
2013-11-11	-0.004330	0.098814	0.099421	0.091120	-0.427704	2409700.000000
2013-11-08	0.011933	0.096252	0.112438	0.093998	1.164818	2950900.000000
2013-11-07	-0.012883	0.100027	0.104982	0.082937	-1.274010	2536000.000000
2013-11-06	0.009194	0.104528	0.112182	0.103201	0.900902	3150300.000000
2013-11-05	-0.002778	0.094946	0.101764	0.085990	-0.273010	2289600.000000
2013-11-04	0.004372	0.107092	0.108421	0.098608	0.427681	2293700.000000
2013-11-01	0.011859	0.100983	0.114222	0.100570	1.146591	2511000.000000
2013-10-31	0.002832	0.098396	0.112295	0.096633	0.273025	2963800.000000
2013-10-30	-0.004417	0.100670	0.107279	0.091274	-0.427704	2031400.000000
2013-10-29	0.004057	0.099226	0.103684	0.096530	0.391289	2246500.000000
2013-10-28	-0.014230	0.094520	0.096053	0.082460	-1.392280	3284200.000000
2013-10-25	0.004297	0.097375	0.103739	0.093475	0.418609	2732500.000000
2013-10-24	0.006297	0.108831	0.110277	0.097056	0.609680	2654700.000000
2013-10-23	0.002450	0.099640	0.107095	0.094048	0.236588	3399000.000000
2013-10-22	-0.013845	0.098915	0.108513	0.072877	-1.355881	5832200.000000
2013-10-21	-0.001114	0.100547	0.100955	0.090857	-0.109184	2958000.000000
2013-10-18	-0.002592	0.099525	0.103188	0.089149	-0.254791	2708200.000000
2013-10-17	0.014939	0.094269	0.116778	0.094269	1.446861	2069500.000000
2013-10-16	0.005955	0.106289	0.112833	0.100681	0.573288	3246200.000000
2013-10-15	-0.010290	0.098092	0.099018	0.087299	-1.000984	2710200.000000
2013-10-14	-0.001028	0.088851	0.099531	0.085257	-0.100098	2435300.000000
2013-10-11	0.010291	0.096425	0.110431	0.093209	0.991898	3201600.000000
2013-10-10	0.029949	0.115264	0.131827	0.111097	2.802757	3419500.000000
2013-10-09	0.000778	0.101481	0.105652	0.093033	0.072792	3548600.000000
2013-10-08	-0.012208	0.098704	0.103668	0.085182	-1.155685	2200500.000000
2013-10-07	-0.002301	0.090168	0.103974	0.085530	-0.218369	2164100.000000
2013-10-04	0.005593	0.099763	0.108771	0.094782	0.527779	2111500.000000
2013-10-03	-0.012288	0.097345	0.098915	0.075362	-1.173890	4264800.000000
2013-10-02	-0.022350	0.092365	0.092570	0.069953	-2.183967	5604500.000000
2013-10-01	-0.004081	0.101565	0.105642	0.083932	-0.400406	4995300.000000
2013-09-30	-0.014082	0.093891	0.095398	0.080224	-1.401382	3333000.000000
2013-09-27	-0.002736	0.092201	0.098013	0.085286	-0.272980	1846800.000000
2013-09-26	0.003661	0.103039	0.110180	0.097406	0.363983	2577300.000000
2013-09-25	-0.006727	0.097516	0.107806	0.091222	-0.673393	2458000.000000
2013-09-24	0.005301	0.100221	0.110766	0.095701	0.527801	2520000.000000
2013-09-23	-0.001460	0.099918	0.111551	0.094101	-0.145591	3095900.000000
2013-09-20	-0.021607	0.098915	0.100779	0.075171	-2.202172	5758400.000000
2013-09-19	0.008918	0.103963	0.113269	0.102182	0.900871	3094700.000000
2013-09-18	0.005616	0.096028	0.105883	0.084182	0.564194	3718700.000000
2013-09-17	0.006290	0.097913	0.116646	0.096811	0.627899	3361400.000000
2013-09-16	0.012086	0.110473	0.115238	0.105606	1.192093	2819500.000000
2013-09-13	0.005193	0.100749	0.104622	0.094533	0.509590	2219100.000000
2013-09-12	0.000000	0.098609	0.112163	0.097081	0.000000	3514000.000000
2013-09-11	0.014775	0.104189	0.115151	0.100570	1.428673	3121300.000000
2013-09-10	0.017037	0.107014	0.119215	0.104384	1.619782	2881100.000000
2013-09-09	0.012109	0.102215	0.115628	0.102215	1.137497	2194400.000000
2013-09-06	-0.004340	0.103579	0.106546	0.083016	-0.409493	2444100.000000
2013-09-05	0.003096	0.097533	0.107102	0.093386	0.291191	1672700.000000
2013-09-04	0.006818	0.096560	0.106943	0.092492	0.636978	2567900.000000
2013-09-03	0.025575	0.109893	0.132179	0.109783	2.329583	4633500.000000
2013-08-30	-0.003584	0.101868	0.102525	0.090930	-0.327599	2492500.000000
2013-08-29	0.004801	0.096167	0.108917	0.093639	0.436798	2323500.000000
2013-08-28	0.000400	0.097266	0.103753	0.096386	0.036400	2397200.000000
2013-08-27	-0.023070	0.087206	0.093759	0.070985	-2.147583	3082700.000000
2013-08-26	-0.004864	0.099984	0.106184	0.093570	-0.454979	1657200.000000
2013-08-23	-0.001554	0.099342	0.107347	0.095606	-0.145592	2606900.000000
2013-08-22	0.012389	0.103129	0.123767	0.098375	1.146569	2703400.000000
2013-08-21	-0.006836	0.096769	0.099773	0.086144	-0.636994	3075000.000000
2013-08-20	-0.002241	0.098915	0.102234	0.091098	-0.209289	2961800.000000
2013-08-19	-0.004366	0.096250	0.102646	0.093051	-0.409508	2222900.000000
2013-08-16	0.000874	0.098595	0.106704	0.096034	0.081909	3318500.000000
2013-08-15	-0.019703	0.087409	0.089605	0.074020	-1.883690	2747300.000000
2013-08-14	-0.011340	0.099070	0.102896	0.085109	-1.096550	2146900.000000
2013-08-13	0.011939	0.107378	0.123807	0.102459	1.140862	2625500.000000
2013-08-12	-0.000758	0.099323	0.105493	0.097023	-0.072441	2246600.000000
2013-08-09	-0.006023	0.102369	0.106838	0.091143	-0.579476	1907200.000000
2013-08-08	0.002169	0.110072	0.116218	0.100072	0.208245	2100400.000000
2013-08-07	0.007890	0.101298	0.115051	0.099198	0.751525	2369000.000000
2013-08-06	-0.013504	0.102480	0.102480	0.085080	-1.303833	3323500.000000
2013-08-05	-0.010485	0.100041	0.100451	0.092355	-1.023117	3004400.000000
2013-08-02	0.005505	0.103211	0.111455	0.098368	0.534188	3284800.000000
2013-08-01	0.015251	0.113340	0.128300	0.113340	1.457740	3014000.000000
2013-07-31	0.000000	0.106540	0.114700	0.101937	0.000000	3157100.000000
2013-07-30	0.004759	0.108967	0.114328	0.103396	0.452706	2960500.000000
2013-07-29	0.000953	0.098661	0.106973	0.097714	0.090568	2318800.000000
2013-07-26	0.001718	0.100126	0.107293	0.095911	0.162979	2644100.000000
2013-07-25	-0.001905	0.105394	0.105500	0.092876	-0.181076	3339500.000000
2013-07-24	-0.001237	0.108125	0.108440	0.090158	-0.117736	4182100.000000
2013-07-23	0.029478	0.117319	0.142845	0.114398	2.725357	5389300.000000
2013-07-22	-0.003610	0.115764	0.115764	0.099490	-0.335007	3025100.000000
2013-07-19	0.011249	0.105319	0.117090	0.102922	1.032181	3271500.000000
2013-07-18	0.004759	0.105324	0.111237	0.103134	0.434623	2703000.000000
2013-07-17	0.008701	0.113615	0.115604	0.109087	0.787720	2515900.000000
2013-07-16	-0.002494	0.103015	0.109075	0.100151	-0.226349	2303900.000000
2013-07-15	0.004107	0.107213	0.111860	0.103231	0.371216	2893300.000000
2013-07-12	0.001404	0.103561	0.115637	0.097025	0.126755	4728300.000000
2013-07-11	0.019429	0.117323	0.126923	0.116080	1.720322	3736500.000000
2013-07-10	-0.002346	0.104335	0.105349	0.097236	-0.208245	3142800.000000
2013-07-09	0.010724	0.113444	0.122100	0.111053	0.941643	3379400.000000
2013-07-08	0.004662	0.110397	0.118635	0.107537	0.407448	2893000.000000
2013-07-05	0.019001	0.113425	0.126599	0.112492	1.629753	2655900.000000
2013-07-03	0.009915	0.101504	0.119872	0.096441	0.842056	1737000.000000
2013-07-02	-0.009922	0.104098	0.108761	0.089875	-0.851097	3696000.000000
2013-07-01	0.019367	0.108844	0.131661	0.108844	1.629776	3889500.000000
2013-06-28	-0.006096	0.101022	0.108345	0.091573	-0.516098	4581600.000000
2013-06-27	0.005700	0.109080	0.111693	0.101240	0.479874	4417000.000000
2013-06-26	0.013075	0.114676	0.123701	0.108780	1.086525	2546700.000000
2013-06-25	0.003170	0.112173	0.115916	0.102516	0.262565	3184000.000000
2013-06-24	-0.007485	0.093544	0.107922	0.081922	-0.624740	3856300.000000
2013-06-21	-0.001841	0.111264	0.112819	0.092608	-0.153931	5729400.000000
2013-06-20	-0.019431	0.093424	0.096122	0.081228	-1.656914	3757000.000000
2013-06-19	-0.020693	0.103069	0.107089	0.081594	-1.801819	3406400.000000
2013-06-18	0.012529	0.104098	0.121192	0.104098	1.077446	3084100.000000
2013-06-17	0.010211	0.115607	0.125827	0.112200	0.869217	3006200.000000
2013-06-14	-0.002863	0.105033	0.111007	0.096951	-0.244461	2235400.000000
2013-06-13	0.017372	0.106116	0.125659	0.098608	1.457741	4092200.000000
2013-06-12	-0.010674	0.115294	0.118123	0.090182	-0.905418	2545900.000000
2013-06-11	-0.004886	0.094827	0.110196	0.089665	-0.416497	2627600.000000
2013-06-10	-0.003810	0.105499	0.108187	0.098019	-0.325973	3479500.000000
2013-06-07	0.018868	0.115998	0.126715	0.092897	1.584534	4810000.000000
2013-06-06	-0.002796	0.103260	0.105991	0.090554	-0.235436	4648400.000000
2013-06-05	-0.013470	0.100465	0.101519	0.087930	-1.149895	3793800.000000
2013-06-04	-0.009976	0.100852	0.106651	0.086007	-0.860153	3433700.000000
2013-06-03	0.003477	0.107473	0.114340	0.094090	0.298790	4368800.000000
2013-05-31	-0.011046	0.100649	0.111928	0.092247	-0.959770	4232000.000000
2013-05-30	0.008831	0.108163	0.120587	0.105376	0.760559	3701400.000000
2013-05-29	-0.008857	0.097773	0.100535	0.091098	-0.769608	3171500.000000
2013-05-28	0.009785	0.114906	0.122808	0.109793	0.842057	3431100.000000
2013-05-24	-0.004712	0.098780	0.101903	0.089412	-0.407440	2615400.000000
2013-05-23	-0.007896	0.094464	0.101235	0.089301	-0.688126	3270700.000000
2013-05-22	-0.013327	0.105013	0.111580	0.088144	-1.177078	4320500.000000
2013-05-21	0.003291	0.108196	0.114898	0.104334	0.289749	2791600.000000
2013-05-20	-0.001233	0.100931	0.108645	0.099796	-0.108643	2625300.000000
2013-05-17	0.022906	0.105724	0.130443	0.100966	1.973831	4206600.000000
2013-05-16	-0.006680	0.100989	0.104678	0.095687	-0.579467	2938900.000000
2013-05-15	0.004350	0.105316	0.110063	0.097443	0.375740	3042600.000000
2013-05-14	0.010321	0.110875	0.122573	0.110875	0.882377	3565500.000000
2013-05-13	-0.003149	0.108076	0.111458	0.105045	-0.270103	1963800.000000
2013-05-10	0.005171	0.112399	0.116384	0.108414	0.441162	2529000.000000
2013-05-09	0.004026	0.112171	0.124880	0.109935	0.342148	3633300.000000
2013-05-08	0.005433	0.109222	0.116676	0.107329	0.459221	2606200.000000
2013-05-07	0.004064	0.111829	0.115512	0.108028	0.342125	2527100.000000
2013-05-06	0.004081	0.108733	0.119230	0.106944	0.342155	2063300.000000
2013-05-03	0.014823	0.122505	0.131584	0.118873	1.224526	3088100.000000
2013-05-02	0.007688	0.113569	0.124547	0.113569	0.630241	2724800.000000
2013-05-01	-0.002629	0.107600	0.115021	0.106140	-0.216087	3981900.000000
2013-04-30	-0.003602	0.116460	0.118036	0.103611	-0.297112	4175200.000000
2013-04-29	0.005156	0.112104	0.118440	0.104183	0.423164	2993600.000000
2013-04-26	-0.010422	0.109677	0.111847	0.098825	-0.864364	2927400.000000
2013-04-25	0.001196	0.115470	0.125007	0.110641	0.099045	3592100.000000
2013-04-24	-0.009581	0.108728	0.112794	0.097848	-0.801346	4228100.000000
2013-04-23	-0.007903	0.106727	0.117996	0.075293	-0.666283	6504600.000000
2013-04-22	0.004398	0.110641	0.120649	0.102540	0.369156	3133200.000000
2013-04-19	0.018241	0.112704	0.131750	0.112704	1.503639	3784200.000000
2013-04-18	-0.014001	0.111359	0.113752	0.091503	-1.170479	4387800.000000
2013-04-17	-0.017564	0.102180	0.103356	0.085963	-1.494636	3531700.000000
2013-04-16	0.010586	0.121092	0.126080	0.113017	0.891373	2843400.000000
2013-04-15	-0.022677	0.106927	0.108204	0.085223	-1.953835	3956200.000000
2013-04-12	-0.001357	0.108439	0.109135	0.103107	-0.117050	2539600.000000
2013-04-11	0.006724	0.114609	0.118343	0.110525	0.576248	3908900.000000
2013-04-10	0.007729	0.113816	0.125340	0.112876	0.657272	3780200.000000
2013-04-09	0.007897	0.113367	0.120953	0.106730	0.666291	3181300.000000
2013-04-08	0.011550	0.113039	0.123589	0.108004	0.963409	2386000.000000
2013-04-05	-0.005582	0.096812	0.105754	0.095620	-0.468193	2564800.000000
2013-04-04	-0.000429	0.112667	0.117792	0.107781	-0.036018	3029500.000000
2013-04-03	0.002258	0.112553	0.122346	0.110881	0.189087	4407400.000000
2013-04-02	0.000753	0.113391	0.118052	0.109805	0.063026	2586400.000000
2013-04-01	-0.005459	0.107432	0.110404	0.101963	-0.459213	2543400.000000
2013-03-28	0.008854	0.116518	0.124073	0.115438	0.738312	4046700.000000
2013-03-27	-0.000432	0.106925	0.111960	0.094338	-0.036019	2442700.000000
2013-03-26	-0.001616	0.116386	0.118780	0.107530	-0.135048	3004200.000000
2013-03-25	-0.008441	0.112896	0.115507	0.095689	-0.711296	2353700.000000
2013-03-22	0.012550	0.114967	0.125181	0.112684	1.044449	3207800.000000
2013-03-21	-0.010915	0.105412	0.108978	0.096736	-0.918396	2222500.000000
2013-03-20	0.003652	0.119111	0.121258	0.113504	0.306137	3012000.000000
2013-03-19	0.003665	0.113395	0.121296	0.107169	0.306107	3701100.000000
2013-03-18	-0.005467	0.106951	0.114214	0.102783	-0.459168	2980200.000000
2013-03-15	-0.001819	0.108859	0.111236	0.105293	-0.153076	5577800.000000
2013-03-14	0.003975	0.114221	0.115056	0.109329	0.333138	3268900.000000
2013-03-13	-0.000644	0.111238	0.114100	0.105514	-0.054024	3825700.000000
2013-03-12	0.002476	0.110044	0.114586	0.102752	0.207100	3027400.000000
2013-03-11	0.009124	0.111727	0.123067	0.108712	0.756324	2568300.000000
2013-03-08	0.003925	0.114517	0.125174	0.112821	0.324120	3120800.000000
2013-03-07	0.007028	0.112227	0.120642	0.111983	0.576263	2526400.000000
2013-03-06	0.000549	0.117597	0.120891	0.109177	0.045006	2564700.000000
2013-03-05	0.021205	0.117620	0.137557	0.115377	1.701729	3362800.000000
2013-03-04	-0.011095	0.103371	0.105466	0.090432	-0.900398	3145400.000000
2013-03-01	-0.004638	0.107084	0.113094	0.095064	-0.378166	2707800.000000
2013-02-28	-0.000221	0.112726	0.119839	0.106472	-0.017998	3836600.000000
2013-02-27	0.015359	0.109396	0.130065	0.100805	1.233513	3362100.000000
2013-02-26	0.009393	0.118685	0.125221	0.114412	0.747337	2607100.000000
2013-02-25	-0.023428	0.115674	0.116287	0.084621	-1.908813	4001000.000000
2013-02-22	0.012079	0.116604	0.124057	0.113871	0.972404	3649200.000000
2013-02-21	-0.008318	0.105960	0.106330	0.090439	-0.675278	3785200.000000
2013-02-20	-0.009449	0.110641	0.112838	0.099538	-0.774330	3019800.000000
2013-02-19	0.002644	0.113700	0.119573	0.108806	0.216080	4422100.000000
2013-02-15	0.012153	0.115099	0.124139	0.112623	0.981422	4419900.000000
2013-02-14	0.002123	0.107291	0.116846	0.101955	0.171074	3629400.000000
2013-02-13	0.000615	0.115298	0.115298	0.105116	0.049507	3574700.000000
2013-02-12	0.004129	0.119653	0.123145	0.116536	0.331162	3315100.000000
2013-02-11	-0.005328	0.117037	0.120137	0.108231	-0.429604	3079000.000000
2013-02-08	0.001557	0.119148	0.128961	0.114800	0.125313	3849300.000000
2013-02-07	0.006490	0.119410	0.124536	0.107783	0.519104	3780700.000000
2013-02-06	0.001232	0.109774	0.120664	0.109774	0.098458	3344700.000000
2013-02-05	-0.003127	0.126269	0.130511	0.111170	-0.250618	5106400.000000
2013-02-04	-0.003339	0.124622	0.128602	0.109077	-0.268494	5894000.000000
2013-02-01	0.025922	0.122643	0.149692	0.122643	2.031700	6773500.000000
2013-01-31	-0.017172	0.110889	0.117284	0.098099	-1.369392	5742000.000000
2013-01-30	-0.007353	0.115542	0.116787	0.108073	-0.590714	4479100.000000
2013-01-29	-0.000445	0.117409	0.118031	0.108700	-0.035805	4369600.000000
2013-01-28	0.000111	0.119027	0.119898	0.111809	0.008950	4447600.000000
2013-01-25	0.009784	0.116531	0.128468	0.116531	0.778686	4548500.000000
2013-01-24	0.009652	0.116524	0.128576	0.110434	0.760781	5352200.000000
2013-01-23	0.006860	0.114986	0.128908	0.108854	0.537017	3959900.000000
2013-01-22	0.005980	0.113173	0.124352	0.109446	0.465401	4117700.000000
2013-01-18	0.006366	0.121293	0.129699	0.115215	0.492249	4220000.000000
2013-01-17	0.009700	0.123944	0.130733	0.117546	0.742904	3430700.000000
2013-01-16	-0.004537	0.111826	0.115335	0.106757	-0.349060	2447300.000000
2013-01-15	0.001865	0.109211	0.121582	0.105695	0.143189	2758800.000000
2013-01-14	0.007279	0.118203	0.127647	0.118203	0.554908	3125400.000000
2013-01-11	0.002472	0.115970	0.124122	0.113077	0.187966	2983600.000000
2013-01-10	0.004968	0.123231	0.123495	0.114774	0.375915	3541500.000000
2013-01-09	0.011969	0.122500	0.140821	0.121029	0.895028	3770000.000000
2013-01-08	-0.012061	0.114907	0.119134	0.099846	-0.912926	4830600.000000
2013-01-07	-0.004825	0.111500	0.117416	0.109265	-0.366959	3378500.000000
2013-01-04	0.007947	0.119405	0.126296	0.114104	0.599648	3855900.000000
2013-01-03	0.003690	0.113959	0.123403	0.109437	0.277458	3786600.000000
2013-01-02	0.024265	0.136630	0.144396	0.132271	1.781113	4485200.000000
2012-12-31	0.014850	0.113137	0.137194	0.109957	1.074035	3678800.000000
2012-12-28	-0.015353	0.109797	0.113881	0.098361	-1.127746	2212500.000000
2012-12-27	-0.000487	0.117965	0.121911	0.103950	-0.035790	2953400.000000
2012-12-26	-0.001581	0.118643	0.120002	0.108590	-0.116356	2179800.000000
2012-12-24	-0.003635	0.117961	0.120804	0.111735	-0.268501	1213400.000000
2012-12-21	-0.007575	0.106538	0.113254	0.093507	-0.563873	7168200.000000
2012-12-20	0.001686	0.118361	0.125493	0.112440	0.125305	4136200.000000
2012-12-19	0.009729	0.117149	0.135492	0.112801	0.716019	7464700.000000
2012-12-18	0.028004	0.118821	0.151785	0.116028	2.004867	6035800.000000
2012-12-17	0.000125	0.119380	0.121196	0.110579	0.008934	5786200.000000
2012-12-14	-0.004852	0.111863	0.122567	0.109778	-0.349045	4672600.000000
2012-12-13	-0.007778	0.120319	0.122526	0.106112	-0.563873	4064600.000000
2012-12-12	-0.002340	0.125404	0.127193	0.109853	-0.170067	3674300.000000
2012-12-11	0.002222	0.123353	0.126249	0.116457	0.161125	3744900.000000
2012-12-10	0.000247	0.117285	0.121975	0.114801	0.017899	2841200.000000
2012-12-07	0.001484	0.119633	0.124054	0.109133	0.107384	3774700.000000
2012-12-06	0.007977	0.118259	0.126615	0.113107	0.572822	3156700.000000
2012-12-05	0.001123	0.120073	0.125789	0.106131	0.080567	4158800.000000
2012-12-04	0.004260	0.119665	0.130165	0.113784	0.304290	3912100.000000
2012-12-03	-0.003869	0.125932	0.134579	0.112124	-0.277443	3313400.000000
2012-11-30	0.004388	0.120086	0.125690	0.115324	0.313271	7833700.000000
2012-11-29	-0.000502	0.118124	0.122885	0.107624	-0.035828	4208600.000000
2012-11-28	0.012305	0.112607	0.133867	0.110765	0.868180	4268800.000000
2012-11-27	0.001907	0.113877	0.121829	0.106208	0.134277	5260900.000000
2012-11-26	0.000890	0.105345	0.119416	0.105345	0.062622	2940400.000000
2012-11-23	0.016553	0.124364	0.136501	0.121330	1.145661	1426300.000000
2012-11-21	0.008345	0.119033	0.134039	0.113934	0.572814	2911500.000000
2012-11-20	0.001436	0.112032	0.120786	0.107655	0.098458	2818400.000000
2012-11-19	0.017674	0.129608	0.139259	0.122481	1.190368	3814900.000000
2012-11-16	0.005478	0.119225	0.129974	0.111761	0.366967	4284500.000000
2012-11-15	0.002545	0.120578	0.127462	0.115788	0.170067	3624900.000000
2012-11-14	-0.023736	0.122033	0.122180	0.087696	-1.624482	4274400.000000
2012-11-13	0.000650	0.116767	0.137383	0.115013	0.044426	3731300.000000
2012-11-12	0.014636	0.129997	0.145129	0.123915	0.986588	3057200.000000
2012-11-09	-0.004202	0.122886	0.131602	0.117420	-0.284416	3855100.000000
2012-11-08	-0.019568	0.121626	0.125391	0.102942	-1.350998	3399800.000000
2012-11-07	-0.028636	0.113706	0.113706	0.082051	-2.035363	5179500.000000
2012-11-06	0.026572	0.127413	0.159187	0.125102	1.839829	4598100.000000
2012-11-05	-0.002177	0.124093	0.128849	0.119914	-0.151093	3515000.000000
2012-11-02	-0.012522	0.128375	0.137056	0.110444	-0.879913	4894500.000000
2012-11-01	0.011514	0.129420	0.157202	0.124526	0.799904	6020600.000000
2012-10-31	-0.000511	0.139201	0.139201	0.120066	-0.035545	4094800.000000
2012-10-26	0.011774	0.127431	0.141697	0.125102	0.808830	4323600.000000
2012-10-25	-0.007831	0.130012	0.135212	0.112392	-0.542183	4529300.000000
2012-10-24	0.010770	0.132839	0.143204	0.121014	0.737717	5717100.000000
2012-10-23	-0.009765	0.106020	0.134787	0.103707	-0.675499	6585000.000000
2012-10-22	-0.002051	0.120197	0.137509	0.115436	-0.142197	3657100.000000
2012-10-19	-0.015651	0.119280	0.123824	0.102523	-1.102127	4107400.000000
2012-10-18	0.008785	0.122094	0.136849	0.118083	0.613289	3317000.000000
2012-10-17	0.012113	0.126987	0.142065	0.123942	0.835472	3610900.000000
2012-10-16	0.019041	0.132932	0.148150	0.128795	1.288757	2895900.000000
2012-10-15	0.002501	0.127620	0.133841	0.123917	0.168885	2854400.000000
2012-10-12	-0.001183	0.124362	0.129244	0.119776	-0.079995	4291200.000000
2012-10-11	0.000395	0.132502	0.141826	0.125398	0.026665	4407900.000000
2012-10-10	-0.016940	0.123210	0.125975	0.103569	-1.164345	4991400.000000
2012-10-09	-0.013270	0.122805	0.126824	0.110171	-0.924362	4118300.000000
2012-10-08	-0.001783	0.120516	0.125388	0.114640	-0.124435	1961100.000000
2012-10-05	-0.000255	0.133268	0.135704	0.120087	-0.017769	2722000.000000
2012-10-04	-0.000382	0.130401	0.134697	0.123383	-0.026673	2933100.000000
2012-10-03	0.002168	0.127685	0.130412	0.118499	0.151085	3673500.000000
2012-10-02	0.000511	0.128405	0.134292	0.119789	0.035569	3024200.000000
2012-10-01	0.000766	0.128982	0.140622	0.123521	0.053329	3520000.000000
2012-09-28	-0.000766	0.112609	0.125963	0.104711	-0.053329	6074900.000000
2012-09-27	-0.002292	0.129686	0.131836	0.116935	-0.159981	4807100.000000
2012-09-26	-0.003047	0.126959	0.129244	0.118532	-0.213295	4675500.000000
2012-09-25	-0.015744	0.125945	0.128054	0.106123	-1.119911	5454100.000000
2012-09-24	-0.008917	0.120643	0.120643	0.106710	-0.639962	3639800.000000
2012-09-21	-0.002101	0.128856	0.131080	0.115369	-0.151085	12712200.000000
2012-09-20	-0.009789	0.120559	0.122073	0.103900	-0.711036	5664200.000000
2012-09-19	0.002946	0.123445	0.129245	0.108808	0.213318	4078700.000000
2012-09-18	-0.008156	0.117295	0.123047	0.110584	-0.595520	4098600.000000
2012-09-17	-0.003639	0.124147	0.126603	0.116368	-0.266640	3713200.000000
2012-09-14	0.023842	0.131669	0.152625	0.127198	1.706528	7444700.000000
2012-09-13	0.021565	0.126529	0.154503	0.123246	1.510955	4660900.000000
2012-09-12	0.000889	0.126244	0.133816	0.121388	0.062211	3452700.000000
2012-09-11	0.001908	0.125245	0.135979	0.123957	0.133323	3280000.000000
2012-09-10	-0.010075	0.122126	0.127651	0.113625	-0.711075	3817900.000000
2012-09-07	0.000126	0.135021	0.138421	0.120142	0.008911	4623100.000000
2012-09-06	0.017558	0.135339	0.149326	0.134042	1.217698	4581800.000000
2012-09-05	-0.004085	0.124671	0.124671	0.112752	-0.284439	5563500.000000
