2017-09-01	0.003671	0.005023	0.005410	-0.000773	0.380005	4245900.000000
2017-08-31	-0.002025	0.003181	0.004435	-0.006748	-0.210006	13766000.000000
2017-08-30	-0.000385	-0.000675	0.002216	-0.002409	-0.039994	8712700.000000
2017-08-29	-0.000096	-0.008287	0.002794	-0.010985	-0.010002	7135300.000000
2017-08-28	0.004161	0.002903	0.004644	-0.000871	0.430001	3919900.000000
2017-08-25	0.001259	0.004166	0.006394	-0.000581	0.129997	4467400.000000
2017-08-24	0.000388	0.001357	0.003101	-0.005234	0.040001	4082300.000000
2017-08-23	-0.008552	-0.002883	-0.000961	-0.010378	-0.890000	5057200.000000
2017-08-22	0.008235	0.002131	0.009494	-0.000775	0.849999	5481000.000000
2017-08-21	0.006926	0.001073	0.008194	-0.001756	0.709999	5395000.000000
2017-08-18	0.003426	-0.000783	0.009103	-0.002154	0.349998	5670900.000000
2017-08-17	-0.011227	0.000097	0.002033	-0.011227	-1.159996	7381600.000000
2017-08-16	0.008344	0.002879	0.014298	0.001708	0.855004	13408300.000000
2017-08-15	0.007460	0.006428	0.010558	0.002594	0.758773	5386000.000000
2017-08-14	0.017784	0.010517	0.021825	0.008215	1.777146	5613000.000000
2017-08-11	0.006031	0.002214	0.009765	0.002013	0.599029	5268200.000000
2017-08-10	-0.014658	-0.002655	0.000717	-0.013666	-1.477623	8560800.000000
2017-08-09	-0.003061	-0.003532	0.001808	-0.005115	-0.309501	6902100.000000
2017-08-08	-0.002069	0.001709	0.003880	-0.003916	-0.209656	6283700.000000
2017-08-07	0.005947	0.001908	0.008063	-0.001368	0.599030	7047100.000000
2017-08-04	0.002982	0.005295	0.009078	0.001810	0.299522	4618000.000000
2017-08-03	-0.006813	-0.001752	-0.000170	-0.007785	-0.688896	5697500.000000
2017-08-02	0.004065	0.003199	0.005681	-0.004645	0.409340	5955600.000000
2017-08-01	0.013158	0.009659	0.016801	0.005634	1.307899	6018100.000000
2017-07-31	0.004135	0.005146	0.010197	0.001509	0.409340	7576600.000000
2017-07-28	-0.004218	-0.002916	0.001811	-0.009053	-0.419327	6558800.000000
2017-07-27	-0.012692	0.002802	0.004888	-0.021233	-1.277939	10543900.000000
2017-07-26	0.008601	0.001811	0.011627	0.000308	0.858620	7205400.000000
2017-07-25	-0.003786	0.004405	0.006400	-0.004078	-0.379394	6774900.000000
2017-07-24	0.007731	0.001108	0.009856	-0.003016	0.768760	9186000.000000
2017-07-21	0.015187	0.016822	0.025908	0.011615	1.487602	17400200.000000
2017-07-20	-0.001425	0.010378	0.010683	-0.001652	-0.139770	8572900.000000
2017-07-19	0.006866	0.002226	0.009309	0.001302	0.668922	6390400.000000
2017-07-18	0.007746	0.001817	0.011127	-0.000665	0.748795	7435000.000000
2017-07-17	-0.001032	0.003470	0.005330	-0.001903	-0.099838	5914900.000000
2017-07-14	0.010319	0.003698	0.016539	0.003489	0.988403	6195800.000000
2017-07-13	-0.002495	0.004110	0.006505	-0.002659	-0.239609	6721700.000000
2017-07-12	0.008070	0.007594	0.012528	0.003920	0.768753	5974800.000000
2017-07-11	0.003365	0.001505	0.007298	-0.000075	0.319496	5554100.000000
2017-07-10	0.012457	0.004063	0.017074	0.004063	1.168114	8851800.000000
2017-07-07	0.007185	0.004296	0.014070	0.004296	0.668923	6175800.000000
2017-07-06	-0.008084	-0.004356	0.001184	-0.007126	-0.758782	8215700.000000
2017-07-05	0.007070	0.005902	0.012876	0.005580	0.658943	9339600.000000
2017-07-03	-0.004585	0.008019	0.008339	-0.002982	-0.429306	6197700.000000
2017-06-30	-0.006778	0.001186	0.003732	-0.005179	-0.638969	8882900.000000
2017-06-29	-0.018809	-0.002969	-0.002969	-0.021497	-1.807098	8872500.000000
2017-06-28	0.014015	0.004249	0.017442	-0.000923	1.327865	5571300.000000
2017-06-27	-0.003361	0.000874	0.002872	-0.004596	-0.319488	6283600.000000
2017-06-26	-0.003766	0.003916	0.008841	-0.003420	-0.359421	6970800.000000
2017-06-23	0.017350	0.003849	0.019734	0.000971	1.627388	11637300.000000
2017-06-22	-0.006241	0.001081	0.001292	-0.005488	-0.589058	5846500.000000
2017-06-21	0.001695	0.004051	0.005749	-0.001680	0.159744	5611400.000000
2017-06-20	-0.004325	0.001610	0.003407	-0.003250	-0.409340	5626700.000000
2017-06-19	0.006584	0.007779	0.008843	0.002461	0.619004	5984300.000000
2017-06-16	0.000000	0.003099	0.004482	-0.002963	0.000000	14705100.000000
2017-06-15	-0.012065	-0.007637	-0.006691	-0.017199	-1.148156	12793900.000000
2017-06-14	0.002524	0.004139	0.011302	0.000241	0.239617	6347000.000000
2017-06-13	0.016898	0.006967	0.021321	0.006645	1.577461	8700100.000000
2017-06-12	-0.011210	-0.007605	-0.003898	-0.017032	-1.058296	15610000.000000
2017-06-09	-0.015923	0.001610	0.003278	-0.023198	-1.527535	16887100.000000
2017-06-08	0.000000	-0.000683	0.001923	-0.006729	0.000000	7720300.000000
2017-06-07	0.003132	0.004120	0.006106	0.001297	0.299507	6720300.000000
2017-06-06	-0.007872	-0.001294	0.002129	-0.008660	-0.758773	7030300.000000
2017-06-05	0.004160	0.003381	0.006194	0.001194	0.399353	14510500.000000
2017-06-02	0.007862	0.001715	0.009905	0.001715	0.748794	8570200.000000
2017-06-01	0.001785	0.003398	0.003924	-0.004911	0.169724	8911900.000000
2017-05-31	0.005384	0.005417	0.010176	-0.001139	0.509185	9866000.000000
2017-05-30	0.000528	0.001505	0.003832	-0.001881	0.049920	6292700.000000
2017-05-26	-0.003893	0.001189	0.002453	-0.005240	-0.369408	4129900.000000
2017-05-25	0.002426	0.004568	0.007632	0.002455	0.229637	7262400.000000
2017-05-24	0.010121	0.003318	0.013669	0.003318	0.948471	6825300.000000
2017-05-23	0.005894	0.004294	0.009768	0.003328	0.549118	7616100.000000
2017-05-22	0.008975	0.002152	0.013740	0.001069	0.828659	9186200.000000
2017-05-19	0.008396	0.004559	0.013624	0.001610	0.768769	9361300.000000
2017-05-18	-0.000545	-0.002756	0.009469	-0.002756	-0.049927	8239800.000000
2017-05-17	-0.013174	-0.003829	-0.000813	-0.012124	-1.223030	8240200.000000
2017-05-16	-0.000858	0.004679	0.008661	0.000589	-0.079735	5497400.000000
2017-05-15	0.005392	0.003388	0.010854	0.003279	0.498314	7040100.000000
2017-05-12	0.006841	0.004368	0.010796	0.002080	0.627884	5898800.000000
2017-05-11	-0.001626	0.001974	0.004040	-0.003465	-0.149498	7052200.000000
2017-05-10	0.002717	0.000116	0.007859	-0.000102	0.249161	6747600.000000
2017-05-09	0.000870	0.003169	0.005789	0.002405	0.079727	3969500.000000
2017-05-08	-0.001846	0.002952	0.004150	-0.002823	-0.169426	5223600.000000
2017-05-05	-0.005722	0.006421	0.007288	-0.005929	-0.528214	8844500.000000
2017-05-04	0.001947	0.006210	0.007838	0.001325	0.179390	5257000.000000
2017-05-03	-0.001081	0.001870	0.003496	-0.002684	-0.099663	4909000.000000
2017-05-02	0.014026	0.007346	0.019770	0.006356	1.275681	11627700.000000
2017-05-01	0.000438	0.004158	0.008337	0.002508	0.039864	9042100.000000
2017-04-28	-0.004148	0.001087	0.002840	-0.003404	-0.378716	6888500.000000
2017-04-27	-0.002396	0.004808	0.005355	-0.002513	-0.219254	5856800.000000
2017-04-26	-0.003148	0.002407	0.007418	-0.000534	-0.289024	11295200.000000
2017-04-25	0.002831	0.004917	0.008850	0.000438	0.259125	7769200.000000
2017-04-24	0.007680	0.014396	0.018249	0.001846	0.697632	11705400.000000
2017-04-21	0.000000	0.021221	0.021551	0.001957	0.000000	19442600.000000
2017-04-20	0.015599	0.007748	0.022952	0.005065	1.395271	12178300.000000
2017-04-19	0.000223	0.007413	0.013340	0.001934	0.019936	7301300.000000
2017-04-18	-0.000891	0.001488	0.004617	-0.002981	-0.079728	6823500.000000
2017-04-17	0.010577	0.005871	0.015017	0.002033	0.936821	6122800.000000
2017-04-13	0.002143	0.001012	0.015834	0.000559	0.189362	7242700.000000
2017-04-12	-0.001913	0.001694	0.007453	0.000113	-0.169426	5912500.000000
2017-04-11	-0.000113	0.000452	0.003275	-0.004855	-0.009964	7058500.000000
2017-04-10	0.001352	0.002031	0.009154	0.000900	0.119598	5999400.000000
2017-04-07	-0.003929	0.002036	0.005077	-0.003032	-0.348823	5439500.000000
2017-04-06	0.000674	0.003050	0.005980	0.000570	0.059799	8473900.000000
2017-04-05	0.002816	0.007343	0.019436	0.005309	0.249153	7251600.000000
2017-04-04	-0.006491	-0.000542	0.003051	-0.004472	-0.578041	4859900.000000
2017-04-03	0.005514	0.006436	0.010049	-0.001919	0.488342	9125800.000000
2017-03-31	-0.001573	0.003050	0.007220	0.001810	-0.139518	6429800.000000
2017-03-30	-0.001906	0.002262	0.002487	-0.003138	-0.169434	6227100.000000
2017-03-29	0.000673	0.001924	0.006427	-0.002917	0.059799	4738000.000000
2017-03-28	0.001911	0.005305	0.008689	-0.001801	0.169434	7045500.000000
2017-03-27	-0.002691	-0.006512	0.001138	-0.009212	-0.239204	5230000.000000
2017-03-24	0.003714	0.005646	0.011856	0.004630	0.328895	7597600.000000
2017-03-23	0.003841	0.002821	0.013249	0.002254	0.338852	7710700.000000
2017-03-22	0.005224	0.000995	0.014554	0.000995	0.458450	7828600.000000
2017-03-21	-0.012559	0.006875	0.009351	-0.009889	-1.116226	11092100.000000
2017-03-20	-0.011746	0.003944	0.023513	-0.010734	-1.056419	9438000.000000
2017-03-17	0.002221	0.005728	0.009962	0.004836	0.199325	8613400.000000
2017-03-16	0.001335	0.007740	0.007963	-0.001634	0.119599	9174400.000000
2017-03-15	0.004132	0.005629	0.009550	0.001819	0.368744	6350700.000000
2017-03-14	-0.006215	0.001383	0.002497	-0.006300	-0.558106	6009400.000000
2017-03-13	0.004235	0.004170	0.009873	0.002046	0.378716	8944100.000000
2017-03-10	0.006958	0.007779	0.011833	0.003275	0.617912	12246700.000000
2017-03-09	0.001686	0.004064	0.009478	0.000568	0.149490	5953900.000000
2017-03-08	-0.001123	0.004627	0.006092	0.001247	-0.099662	5866800.000000
2017-03-07	0.001349	0.003952	0.007449	0.002372	0.119590	5688400.000000
2017-03-06	0.001689	0.000449	0.008812	-0.002489	0.149498	7347600.000000
2017-03-03	0.002937	0.000894	0.007695	-0.000579	0.259125	5700600.000000
2017-03-02	-0.005169	0.003500	0.004966	-0.006647	-0.458450	10544200.000000
2017-03-01	0.011940	0.012515	0.017079	0.008864	1.046447	11131400.000000
2017-02-28	-0.000682	0.005212	0.007720	0.000651	-0.059791	8521900.000000
2017-02-27	-0.004863	0.002140	0.002820	-0.002513	-0.428543	6131600.000000
2017-02-24	0.002835	-0.005943	0.006232	-0.006626	0.249153	5151300.000000
2017-02-23	0.004328	0.008302	0.011273	0.004188	0.378715	6040500.000000
2017-02-22	-0.001365	-0.000150	0.006013	-0.001291	-0.119590	8389900.000000
2017-02-21	0.005259	0.003961	0.010042	0.000061	0.458442	9301300.000000
2017-02-17	0.000572	0.001780	0.006487	-0.001548	0.049828	5887200.000000
2017-02-16	-0.001485	0.003502	0.004992	-0.005209	-0.129562	8680600.000000
2017-02-15	0.009863	0.007265	0.013284	0.003561	0.852119	8049700.000000
2017-02-14	0.004743	0.006228	0.011461	0.003204	0.407837	5952000.000000
2017-02-13	0.006286	0.008808	0.014660	0.006468	0.537155	6046300.000000
2017-02-10	0.003739	0.007882	0.011876	0.001186	0.318321	10432000.000000
2017-02-09	0.005759	0.008606	0.013331	0.002817	0.487419	6554700.000000
2017-02-08	-0.008044	0.005532	0.006001	-0.002906	-0.686363	7587700.000000
2017-02-07	-0.000583	0.006820	0.011388	0.003423	-0.049751	8600300.000000
2017-02-06	-0.002904	0.005181	0.005531	-0.001359	-0.248680	9665300.000000
2017-02-03	0.045929	0.047317	0.060509	0.039622	3.760078	28079600.000000
2017-02-02	-0.001698	0.001639	0.008468	-0.005311	-0.139251	11142300.000000
2017-02-01	-0.003265	0.007607	0.009916	-0.002724	-0.268586	7534400.000000
2017-01-31	-0.011828	-0.013559	0.000253	-0.013920	-0.984771	7479400.000000
2017-01-30	-0.000836	0.001697	0.004938	-0.008023	-0.069634	8792800.000000
2017-01-27	0.006367	0.006264	0.012061	0.001433	0.527207	5445900.000000
2017-01-26	-0.007867	0.005537	0.005537	-0.004528	-0.656533	8428200.000000
2017-01-25	0.008050	0.012062	0.017859	0.007955	0.666474	9360900.000000
2017-01-24	0.013147	0.008357	0.021696	0.001626	1.074318	8397500.000000
2017-01-23	0.003788	0.003578	0.010948	0.001121	0.308364	7414200.000000
2017-01-20	0.001346	0.009726	0.012063	0.003821	0.109414	9048500.000000
2017-01-19	0.001716	0.007762	0.008501	0.003080	0.139267	6479400.000000
2017-01-18	0.004061	0.005421	0.012349	0.001834	0.328254	8512300.000000
2017-01-17	0.001109	0.000220	0.009261	0.000220	0.089539	6326500.000000
2017-01-13	-0.002458	0.000973	0.011228	-0.001868	-0.198960	7291200.000000
2017-01-12	-0.005257	-0.003920	0.001242	-0.010556	-0.427734	6884000.000000
2017-01-11	0.006026	0.004556	0.011356	0.000352	0.487419	7499200.000000
2017-01-10	-0.005382	0.004683	0.007142	-0.002327	-0.437675	6017500.000000
2017-01-09	-0.005595	0.006154	0.008232	-0.001550	-0.457573	7305300.000000
2017-01-06	0.013812	0.007901	0.022654	0.003438	1.114097	8898300.000000
2017-01-05	0.011728	0.007681	0.022606	0.006176	0.935044	7805100.000000
2017-01-04	0.008176	0.004539	0.014908	0.003527	0.646576	8033100.000000
2017-01-03	0.018970	0.014833	0.029651	0.011354	1.472206	13785200.000000
2016-12-30	-0.003958	0.006581	0.007993	0.000292	-0.308380	7127300.000000
2016-12-29	0.000383	0.007737	0.012231	0.005298	0.029846	6241100.000000
2016-12-28	-0.000638	0.005939	0.009147	0.000422	-0.049736	7587100.000000
2016-12-27	0.002559	0.006841	0.014302	0.006327	0.198952	3776000.000000
2016-12-23	0.003209	0.007620	0.012782	0.005297	0.248672	6189700.000000
2016-12-22	-0.003071	0.003754	0.004268	-0.006925	-0.238731	12074000.000000
2016-12-21	-0.002808	0.006837	0.007735	0.000422	-0.218842	9343600.000000
2016-12-20	0.003329	0.009288	0.011476	0.000020	0.258629	6917400.000000
2016-12-19	-0.003191	0.001320	0.008505	0.001063	-0.248680	8699100.000000
2016-12-16	-0.014465	0.001757	0.004792	-0.011521	-1.143936	19141700.000000
2016-12-15	0.004676	0.008347	0.021305	0.005298	0.368057	14070900.000000
2016-12-14	-0.000884	0.006313	0.015198	0.004282	-0.069641	20146200.000000
2016-12-13	0.008917	0.009267	0.018104	0.002096	0.696312	12995100.000000
2016-12-12	-0.008087	0.003392	0.003900	-0.010200	-0.636627	11942300.000000
2016-12-09	-0.001766	0.003649	0.013540	-0.000409	-0.139260	10728300.000000
2016-12-08	-0.000378	0.009987	0.012396	0.000988	-0.029846	13320100.000000
2016-12-07	0.028531	0.007384	0.036326	0.007123	2.188416	13919800.000000
2016-12-06	-0.002587	0.013490	0.013880	-0.002505	-0.198952	13896600.000000
2016-12-05	0.020998	0.017379	0.030257	0.016317	1.581619	12119200.000000
2016-12-02	0.003845	0.004898	0.016226	0.001832	0.288468	13629600.000000
2016-12-01	-0.024444	0.008548	0.009198	-0.021616	-1.880036	21053000.000000
2016-11-30	-0.023121	0.009108	0.009108	-0.018454	-1.820358	15353900.000000
2016-11-29	0.000885	0.005806	0.011654	0.003645	0.069626	8575200.000000
2016-11-28	-0.013103	-0.000599	0.003792	-0.008252	-1.044449	11793100.000000
2016-11-25	0.007038	0.010604	0.015405	0.007445	0.557037	6495700.000000
2016-11-23	-0.004504	0.005926	0.006052	-0.007028	-0.358101	12802600.000000
2016-11-22	-0.021545	0.005298	0.005298	-0.024607	-1.750732	18133900.000000
2016-11-21	0.010765	0.010397	0.017239	0.006293	0.865410	8942100.000000
2016-11-18	-0.003084	0.006290	0.010630	-0.001399	-0.248673	7920800.000000
2016-11-17	0.012363	0.008310	0.019358	0.006553	0.984780	8081800.000000
2016-11-16	0.021363	0.010234	0.028185	0.009849	1.666175	9997700.000000
2016-11-15	0.002424	0.005485	0.022323	-0.000041	0.188614	18523400.000000
2016-11-14	-0.042746	0.009136	0.011596	-0.048937	-3.474250	21773500.000000
2016-11-11	0.000122	0.003968	0.016765	0.003106	0.009918	7340300.000000
2016-11-10	-0.016458	0.008139	0.016127	-0.014613	-1.359909	17171600.000000
2016-11-09	0.004344	-0.005593	0.012518	-0.012764	0.357345	12158500.000000
2016-11-08	0.004484	0.005948	0.015349	0.003018	0.367279	7100600.000000
2016-11-07	0.026755	0.023460	0.034617	0.021078	2.134179	7277900.000000
2016-11-04	-0.003596	0.007413	0.014783	0.003416	-0.287865	7588100.000000
2016-11-03	0.000869	0.009539	0.014289	0.006913	0.069488	7563100.000000
2016-11-02	-0.012742	-0.001597	0.004451	-0.006164	-1.032356	9170900.000000
2016-11-01	-0.010787	0.009000	0.009611	-0.006994	-0.883446	10881500.000000
2016-10-31	0.003527	0.010109	0.015745	0.009129	0.287865	10024000.000000
2016-10-28	0.003662	0.014792	0.025122	0.009750	0.297798	10919600.000000
2016-10-27	0.002079	0.010001	0.013821	0.005688	0.168739	7039200.000000
2016-10-26	-0.003413	0.002378	0.010238	-0.000201	-0.277938	8748400.000000
2016-10-25	-0.013707	0.007413	0.007413	-0.010393	-1.131607	15085900.000000
2016-10-24	0.009957	0.018668	0.022582	0.011817	0.813957	16267000.000000
2016-10-21	-0.001818	0.001552	0.007902	-0.003821	-0.148880	8043200.000000
2016-10-20	-0.003744	0.010333	0.010941	-0.000373	-0.307724	6945200.000000
2016-10-19	0.015077	0.008278	0.023343	0.008278	1.220947	8440900.000000
2016-10-18	-0.006939	-0.000558	0.010111	-0.002397	-0.565811	11680400.000000
2016-10-17	-0.003639	0.009002	0.010346	0.002404	-0.297791	8473700.000000
2016-10-14	0.007084	0.009505	0.023656	0.009505	0.575730	6698100.000000
2016-10-13	-0.004620	0.000064	0.005943	-0.006550	-0.377198	6810900.000000
2016-10-12	0.002560	0.004957	0.013553	0.004712	0.208443	3923600.000000
2016-10-11	-0.012993	0.002080	0.003414	-0.011373	-1.072044	6227400.000000
2016-10-10	0.002896	0.010452	0.015436	0.008142	0.238235	7371500.000000
2016-10-07	-0.005758	0.008984	0.011522	-0.001288	-0.476471	8238100.000000
2016-10-06	0.000120	0.004633	0.008984	0.001732	0.009934	7687100.000000
2016-10-05	0.007494	0.010214	0.016181	0.009483	0.615433	6163400.000000
2016-10-04	-0.001569	0.012519	0.015559	0.004009	-0.129044	5772000.000000
2016-10-03	0.001935	0.004002	0.012408	0.002541	0.158829	8155400.000000
2016-09-30	0.009521	0.010365	0.021186	0.004462	0.774261	9776800.000000
2016-09-29	-0.012655	0.004378	0.008506	-0.006914	-1.042290	5885400.000000
2016-09-28	0.009859	0.010111	0.017836	0.004716	0.804047	7974300.000000
2016-09-27	0.004278	0.007167	0.014432	0.003596	0.347427	7969500.000000
2016-09-26	-0.008844	0.002653	0.003996	-0.002961	-0.724624	8486800.000000
2016-09-23	-0.009837	0.007051	0.008501	-0.002738	-0.813973	8283700.000000
2016-09-22	0.001682	0.009834	0.014313	0.007171	0.138977	6599400.000000
2016-09-21	0.008972	0.012787	0.016818	0.004848	0.734551	7536200.000000
2016-09-20	-0.000364	0.013030	0.016204	0.005093	-0.029778	6473300.000000
2016-09-19	0.005361	0.011832	0.019320	0.009377	0.436760	8361700.000000
2016-09-16	0.000732	0.004096	0.010484	0.000166	0.059555	11702000.000000
2016-09-15	0.006381	0.006548	0.015325	0.003705	0.516182	10580300.000000
2016-09-14	-0.004885	0.002123	0.011473	0.002000	-0.397056	10999500.000000
2016-09-13	-0.013017	0.000614	0.000978	-0.008978	-1.072068	8834300.000000
2016-09-12	0.020165	0.007537	0.029709	0.005555	1.627945	9882700.000000
2016-09-09	-0.019766	0.000492	0.005470	-0.012500	-1.627945	11563000.000000
2016-09-08	-0.003243	0.004751	0.012133	-0.000453	-0.267997	7961100.000000
2016-09-07	0.008603	0.006803	0.016324	0.005338	0.704773	9304700.000000
2016-09-06	0.006463	0.007413	0.013924	0.005079	0.526092	8140400.000000
2016-09-02	0.008610	0.010759	0.017946	0.009891	0.694840	6408900.000000
2016-09-01	0.004945	0.010402	0.015507	0.008285	0.397071	6240600.000000
2016-08-31	-0.003326	0.004683	0.007785	0.001704	-0.268013	7386100.000000
2016-08-30	0.003710	0.009033	0.011399	0.005545	0.297791	4128700.000000
2016-08-29	0.003723	0.007038	0.012665	0.007038	0.297791	4766700.000000
2016-08-26	0.003113	0.011176	0.017698	0.005532	0.248168	7932200.000000
2016-08-25	0.000374	0.007413	0.010299	0.003774	0.029770	5773700.000000
2016-08-24	-0.006312	0.007413	0.009657	-0.000192	-0.506240	5028000.000000
2016-08-23	-0.003208	0.011266	0.016113	0.004182	-0.258088	10007800.000000
2016-08-22	0.007332	0.005786	0.015050	0.001028	0.585648	7954500.000000
2016-08-19	0.002492	0.004150	0.009923	0.000762	0.198547	8480900.000000
2016-08-18	-0.007051	-0.002930	0.004298	-0.004176	-0.565811	7453900.000000
2016-08-17	0.002107	0.007913	0.009786	0.004041	0.168740	4655400.000000
2016-08-16	-0.001236	0.003050	0.009162	0.000555	-0.099083	6182600.000000
2016-08-15	0.011122	0.010549	0.023412	0.009162	0.881919	6290300.000000
2016-08-12	-0.001248	0.005131	0.008658	0.003241	-0.099105	4420400.000000
2016-08-11	0.005522	0.013215	0.016761	0.011188	0.436027	6577700.000000
2016-08-10	-0.004747	0.008027	0.011178	0.002229	-0.376556	5945500.000000
2016-08-09	0.001376	0.009288	0.015852	0.009162	0.109009	4455700.000000
2016-08-08	-0.002371	0.010295	0.011680	0.004880	-0.188286	5119700.000000
2016-08-05	0.008304	0.012336	0.018811	0.011447	0.653999	6662500.000000
2016-08-04	0.009783	0.010700	0.021214	0.009674	0.763016	5954400.000000
2016-08-03	0.005493	0.009161	0.014705	0.008259	0.426094	7272700.000000
2016-08-02	0.000255	0.006711	0.011869	0.002585	0.019813	7910000.000000
2016-08-01	0.002691	0.012523	0.015368	0.005024	0.208092	8908800.000000
2016-07-29	-0.014396	0.009799	0.011200	-0.006003	-1.129646	7777700.000000
2016-07-28	0.008405	0.011218	0.028052	0.009419	0.654014	8709700.000000
2016-07-27	0.000510	0.008776	0.013019	-0.003181	0.039635	10194400.000000
2016-07-26	-0.005701	0.009673	0.010696	-0.003622	-0.445915	9673200.000000
2016-07-25	-0.012139	0.012445	0.012445	-0.005740	-0.961189	7979900.000000
2016-07-22	0.014215	0.024403	0.025684	0.003270	1.109825	12532400.000000
2016-07-21	-0.007182	0.010179	0.013867	-0.003046	-0.564820	9018000.000000
2016-07-20	0.008130	0.009546	0.022366	0.009546	0.634186	7922100.000000
2016-07-19	0.005236	0.001945	0.016636	0.000398	0.406281	9395500.000000
2016-07-18	0.000128	0.009806	0.014317	0.008259	0.009895	4864200.000000
2016-07-15	0.002048	0.015748	0.017040	0.007999	0.158562	8153400.000000
2016-07-14	0.008779	0.016978	0.023232	0.012158	0.673828	6607400.000000
2016-07-13	-0.000258	0.011766	0.013069	0.005515	-0.019821	6559200.000000
2016-07-12	0.012546	0.011272	0.023009	0.009557	0.951286	10245500.000000
2016-07-11	0.001309	0.014312	0.019330	0.008765	0.099091	8185900.000000
2016-07-08	0.025634	0.019861	0.036791	0.012954	1.892662	10975000.000000
2016-07-07	0.006076	0.012704	0.025922	0.012023	0.445907	8806700.000000
2016-07-06	-0.008169	0.001728	0.010243	-0.002191	-0.604454	11263800.000000
2016-07-05	0.002551	0.006045	0.015801	0.000354	0.188271	11081000.000000
2016-07-01	0.004180	0.013652	0.033244	0.008209	0.307197	13821400.000000
2016-06-30	-0.033490	0.012449	0.014422	-0.029501	-2.546676	24877300.000000
2016-06-29	0.021022	0.020172	0.030644	0.016546	1.565651	12178100.000000
2016-06-28	0.024816	0.032554	0.038883	0.024986	1.803482	14815200.000000
2016-06-27	-0.022785	-0.002537	0.002842	-0.015042	-1.694481	16318400.000000
2016-06-24	-0.040649	-0.035085	-0.019089	-0.039600	-3.151131	18375000.000000
2016-06-23	0.022213	0.025381	0.031710	0.013645	1.684563	13566200.000000
2016-06-22	-0.010345	0.012424	0.014773	-0.001279	-0.792725	9626700.000000
2016-06-21	-0.000129	0.015294	0.017904	0.006682	-0.009910	9201000.000000
2016-06-20	0.004546	0.026333	0.027381	0.013487	0.346817	9957500.000000
2016-06-17	-0.017358	0.008775	0.008904	-0.010416	-1.347641	14602200.000000
2016-06-16	0.002303	0.005547	0.013680	-0.004136	0.178360	9650800.000000
2016-06-15	-0.005091	0.009162	0.012629	0.002483	-0.396370	7424000.000000
2016-06-14	0.002168	0.005557	0.013667	0.003498	0.168449	7891700.000000
2016-06-13	-0.022200	-0.005690	0.009162	-0.013494	-1.763832	10424600.000000
2016-06-10	-0.013291	0.002828	0.002828	-0.008473	-1.070198	7859900.000000
2016-06-09	-0.004777	0.003970	0.007802	0.000881	-0.386467	6670900.000000
2016-06-08	0.013027	0.009161	0.023059	0.007534	1.040466	8860900.000000
2016-06-07	0.000745	0.011166	0.014925	0.009162	0.059464	5515700.000000
2016-06-06	0.007506	0.013580	0.021281	0.012065	0.594551	7620100.000000
2016-06-03	-0.000125	0.004113	0.012317	-0.000810	-0.009895	7628000.000000
2016-06-02	0.009215	0.009798	0.018461	0.005467	0.723350	5627500.000000
2016-06-01	0.003547	0.005966	0.014019	0.004431	0.277466	4507000.000000
2016-05-31	-0.009038	0.011695	0.011822	-0.002240	-0.713463	8639600.000000
2016-05-27	0.008355	0.007118	0.017593	0.007118	0.654015	4312200.000000
2016-05-26	-0.000759	0.013501	0.013501	0.006736	-0.059464	4284000.000000
2016-05-25	-0.004031	0.010687	0.012848	0.003695	-0.317100	5846700.000000
2016-05-24	0.028105	0.015043	0.039093	0.015043	2.150306	7582300.000000
2016-05-23	-0.005922	0.010331	0.013319	0.002275	-0.455818	5934300.000000
2016-05-20	0.010276	0.015200	0.024388	0.013099	0.782822	6302100.000000
2016-05-19	-0.007103	0.001863	0.006815	-0.006609	-0.545014	5552200.000000
2016-05-18	0.008334	0.008110	0.023486	0.004036	0.634194	6288500.000000
2016-05-17	-0.012982	0.006178	0.010718	-0.007442	-1.000824	7169900.000000
2016-05-16	0.012625	0.011657	0.025317	0.010869	0.961189	8597900.000000
2016-05-13	-0.013609	0.006829	0.014214	-0.004572	-1.050369	7562700.000000
2016-05-12	0.007632	0.015689	0.020781	0.006159	0.584633	7512800.000000
2016-05-11	-0.022262	0.010183	0.012608	-0.013432	-1.744019	8432500.000000
2016-05-10	0.012529	0.013533	0.025295	0.013404	0.969391	6802600.000000
2016-05-09	0.006433	0.010558	0.019273	0.009127	0.494568	9242300.000000
2016-05-06	0.004654	0.009250	0.016698	0.003369	0.356109	6156000.000000
2016-05-05	0.003763	0.011867	0.019212	0.010162	0.286873	6002300.000000
2016-05-04	-0.001555	0.002697	0.013437	-0.000053	-0.118705	8854000.000000
2016-05-03	-0.016187	-0.002323	0.009660	-0.008765	-1.256241	7666300.000000
2016-05-02	0.015795	0.018409	0.027047	0.009902	1.206787	7636800.000000
2016-04-29	-0.005664	0.008866	0.015243	0.000277	-0.435249	8092700.000000
2016-04-28	-0.013712	0.005686	0.017495	-0.003941	-1.068299	8322600.000000
2016-04-27	0.002929	0.009404	0.016999	0.006314	0.227509	6319400.000000
2016-04-26	0.004991	0.014959	0.018194	0.010560	0.385780	6071800.000000
2016-04-25	-0.012261	0.005581	0.007498	-0.005536	-0.959495	11184600.000000
2016-04-22	-0.020795	-0.023964	-0.006945	-0.032973	-1.661805	18216000.000000
2016-04-21	-0.004436	0.015309	0.017427	0.005093	-0.356094	9536900.000000
2016-04-20	0.004953	0.012576	0.022091	0.008445	0.395660	8521300.000000
2016-04-19	-0.008594	0.011569	0.014424	-0.002456	-0.692413	8324700.000000
2016-04-18	0.017108	0.012463	0.029506	0.007792	1.355156	7725500.000000
2016-04-15	-0.003112	0.009942	0.015479	0.005537	-0.247292	7186700.000000
2016-04-14	0.007778	0.011583	0.023124	0.005875	0.613282	11470300.000000
2016-04-13	0.015156	0.017515	0.029102	0.015970	1.177124	9187300.000000
2016-04-12	0.008995	0.009649	0.020432	0.008740	0.692413	5962900.000000
2016-04-11	-0.002691	0.015224	0.020665	0.007580	-0.207726	5957200.000000
2016-04-08	0.005801	0.017464	0.024501	0.013946	0.445130	5327500.000000
2016-04-07	-0.008055	0.004486	0.007976	-0.002236	-0.623177	7542100.000000
2016-04-06	0.016110	0.012393	0.028155	0.011343	1.226578	6220400.000000
2016-04-05	-0.011050	0.001986	0.006272	-0.005288	-0.850700	6012000.000000
2016-04-04	0.003093	0.015900	0.020330	0.010167	0.237404	6905800.000000
2016-04-01	0.014514	0.007908	0.034345	0.001960	1.097976	10183400.000000
2016-03-31	-0.003907	0.008842	0.012792	0.000020	-0.296745	7490800.000000
2016-03-30	0.018573	0.017922	0.032675	0.017118	1.384834	9691900.000000
2016-03-29	0.017549	0.010130	0.031555	0.008765	1.285919	10541500.000000
2016-03-28	-0.000809	0.010949	0.012721	0.005222	-0.059349	7283300.000000
2016-03-24	0.003112	0.007392	0.014368	0.004110	0.227509	6303900.000000
2016-03-23	0.013021	0.010810	0.027715	0.008316	0.939720	7287100.000000
2016-03-22	-0.010980	0.003685	0.009304	-0.000563	-0.801231	6796800.000000
2016-03-21	-0.000135	0.008208	0.013141	0.002316	-0.009888	7397400.000000
2016-03-18	0.008750	0.015924	0.024218	0.010810	0.633057	15026200.000000
2016-03-17	0.010640	0.009691	0.029109	0.008155	0.761673	7411700.000000
2016-03-16	0.006397	0.007715	0.023882	0.005325	0.455009	7561800.000000
2016-03-15	0.005875	0.006565	0.016888	-0.000788	0.415459	6442800.000000
2016-03-14	-0.001955	0.010525	0.012219	0.001351	-0.138489	7916500.000000
2016-03-11	0.020080	0.024338	0.036719	0.017571	1.394730	9466400.000000
2016-03-10	-0.006508	0.017528	0.021247	-0.004785	-0.455018	10135100.000000
2016-03-09	0.000850	0.016388	0.017534	0.000641	0.059342	9291600.000000
2016-03-08	-0.018348	0.004765	0.005046	-0.009147	-1.305695	12394400.000000
2016-03-07	-0.026523	0.003972	0.004792	-0.023936	-1.938789	16671900.000000
2016-03-04	-0.000135	0.015189	0.015599	0.006845	-0.009880	9475300.000000
2016-03-03	-0.005249	0.013398	0.013670	-0.001842	-0.385788	6588300.000000
2016-03-02	-0.004555	0.009052	0.010407	-0.002325	-0.336304	5739100.000000
2016-03-01	0.031082	0.019328	0.042370	0.018071	2.225624	8705300.000000
2016-02-29	-0.004675	0.012756	0.027212	0.006223	-0.336311	7786100.000000
2016-02-26	-0.007370	0.017433	0.019779	0.002946	-0.534149	6714100.000000
2016-02-25	0.019763	0.012496	0.031913	0.012215	1.404625	6840900.000000
2016-02-24	-0.004158	-0.001662	0.011509	-0.013852	-0.296761	7728600.000000
2016-02-23	-0.012455	0.009426	0.011779	-0.003857	-0.900139	6177000.000000
2016-02-22	0.021390	0.021548	0.034410	0.019004	1.513428	7481500.000000
2016-02-19	0.004071	0.007968	0.017760	-0.002391	0.286858	7750900.000000
2016-02-18	-0.010968	0.008984	0.014036	-0.003227	-0.781449	6938100.000000
2016-02-17	0.015079	0.021919	0.027475	0.015792	1.058419	8494100.000000
2016-02-16	0.009656	0.027183	0.032074	0.012655	0.671302	8780700.000000
2016-02-12	0.028480	0.027293	0.042531	0.022559	1.925087	8710200.000000
2016-02-11	-0.023949	-0.021135	-0.002652	-0.026333	-1.658531	13962100.000000
2016-02-10	0.028743	0.027055	0.055130	0.026015	1.934952	11369500.000000
2016-02-09	0.008263	-0.005646	0.040634	-0.009690	0.551720	14882800.000000
2016-02-08	-0.052698	-0.007537	-0.006260	-0.059323	-3.714211	30542600.000000
2016-02-05	-0.029044	0.013370	0.014059	-0.028096	-2.108314	12939400.000000
2016-02-04	-0.009411	0.011202	0.018434	-0.007084	-0.689644	14735700.000000
2016-02-03	0.013351	0.020001	0.032032	0.001609	0.965492	9941900.000000
2016-02-02	-0.013176	0.003014	0.012703	-0.002035	-0.965492	9572700.000000
2016-02-01	-0.001477	0.009436	0.018974	-0.001874	-0.108376	12623500.000000
2016-01-29	0.074427	0.031127	0.090714	0.006678	5.083634	40427800.000000
2016-01-28	-0.022282	0.022323	0.028478	-0.007594	-1.556618	15295600.000000
2016-01-27	-0.013495	0.016435	0.023495	-0.003335	-0.955643	9020500.000000
2016-01-26	0.001952	0.021248	0.022522	0.012335	0.137932	7500200.000000
2016-01-25	-0.013205	0.015860	0.017955	-0.000615	-0.945801	9126200.000000
2016-01-22	0.015931	0.030767	0.038001	0.023108	1.123146	8652600.000000
2016-01-21	0.012450	0.015597	0.038718	0.006693	0.866951	11931200.000000
2016-01-20	-0.009945	-0.005309	0.015307	-0.018390	-0.699486	16586000.000000
2016-01-19	-0.006126	0.030708	0.031838	-0.001510	-0.433486	16009600.000000
2016-01-15	-0.026694	-0.010559	0.003332	-0.028164	-1.940842	18129500.000000
2016-01-14	0.009576	0.015717	0.034740	0.008913	0.689644	10426200.000000
2016-01-13	-0.022204	0.021947	0.023576	-0.009009	-1.635437	12659600.000000
2016-01-12	0.011364	0.023262	0.029853	0.016396	0.827583	10236900.000000
2016-01-11	0.014270	0.018226	0.031736	0.011959	1.024597	13069500.000000
2016-01-08	-0.012332	0.018737	0.024927	0.000717	-0.896530	9977600.000000
2016-01-07	-0.019663	-0.005340	0.012595	-0.010869	-1.458099	12470800.000000
2016-01-06	-0.013111	-0.001879	0.009433	-0.003875	-0.985192	16092000.000000
2016-01-05	0.007530	0.022398	0.025884	0.012878	0.561570	8972700.000000
2016-01-04	-0.023856	-0.004479	-0.000291	-0.018222	-1.822632	13476800.000000
2015-12-31	-0.010211	0.013598	0.020852	0.004659	-0.788163	6397400.000000
2015-12-30	-0.010857	0.013229	0.014767	0.002849	-0.847259	4230400.000000
2015-12-29	0.008659	0.021098	0.026139	0.019805	0.669929	4627100.000000
2015-12-28	0.003450	0.012169	0.020081	0.009316	0.265999	3680900.000000
2015-12-24	-0.003819	0.012309	0.016961	0.010113	-0.295555	2188800.000000
2015-12-23	0.015250	0.024205	0.031813	0.017384	1.162552	6335900.000000
2015-12-22	0.002721	0.018442	0.019232	0.008315	0.206863	5699100.000000
2015-12-21	0.011137	0.022737	0.028854	0.016087	0.837433	8442100.000000
2015-12-18	-0.030118	0.006638	0.008573	-0.016064	-2.334922	16271200.000000
2015-12-17	-0.014651	0.016548	0.020361	-0.000611	-1.152680	7555300.000000
2015-12-16	0.015772	0.025738	0.032581	0.008955	1.221642	10497500.000000
2015-12-15	0.022766	0.034829	0.049090	0.032717	1.724090	11355300.000000
2015-12-14	0.009986	0.016223	0.031293	0.007955	0.748764	10361000.000000
2015-12-11	-0.025730	0.002289	0.002289	-0.018760	-1.980270	15625800.000000
2015-12-10	0.003082	0.015414	0.031054	0.011765	0.236473	8694700.000000
2015-12-09	-0.015050	0.011942	0.023752	-0.006415	-1.172401	15361500.000000
2015-12-08	-0.006034	0.007750	0.016554	-0.000161	-0.472886	11344000.000000
2015-12-07	-0.010572	0.011614	0.016159	-0.001768	-0.837410	15262400.000000
2015-12-04	0.026951	0.018783	0.042379	0.017097	2.078751	9944600.000000
2015-12-03	-0.009489	0.019132	0.024397	0.002695	-0.738884	8689600.000000
2015-12-02	-0.010888	0.014006	0.018071	0.003083	-0.857147	7310000.000000
2015-12-01	0.011391	0.021703	0.026842	0.011940	0.886696	6702100.000000
2015-11-30	-0.010396	0.017820	0.018709	0.003835	-0.817726	8874600.000000
2015-11-27	0.003519	0.016043	0.022550	0.015661	0.275863	3139500.000000
2015-11-25	-0.002883	0.014896	0.018839	0.012097	-0.226593	4268700.000000
2015-11-24	-0.003994	0.003873	0.016163	0.003620	-0.315262	6040800.000000
2015-11-23	-0.000998	0.020086	0.022491	0.007048	-0.078834	5910600.000000
2015-11-20	0.000499	0.020595	0.025787	0.012870	0.039421	6764300.000000
2015-11-19	-0.003853	0.016789	0.021961	0.007327	-0.305420	6082200.000000
2015-11-18	0.020677	0.016697	0.036526	0.013864	1.605873	7212400.000000
2015-11-17	-0.000887	0.015537	0.019911	0.009491	-0.068962	6942600.000000
2015-11-16	0.010114	0.010864	0.025419	0.008136	0.778313	7805000.000000
2015-11-13	-0.002554	0.011264	0.023578	0.008024	-0.197029	9913200.000000
2015-11-12	-0.010988	0.010921	0.014638	0.001691	-0.857132	8939800.000000
2015-11-11	-0.003775	0.019748	0.024856	0.011064	-0.295571	8024400.000000
2015-11-10	0.020283	0.011765	0.036261	0.011244	1.556626	8440300.000000
2015-11-09	-0.009016	0.012328	0.012328	-0.002005	-0.698243	10157300.000000
2015-11-06	-0.006434	0.020824	0.020824	0.004787	-0.501548	8221600.000000
2015-11-05	0.011615	0.017755	0.034497	0.017755	0.894928	9392600.000000
2015-11-04	0.005777	0.022982	0.028987	0.016847	0.442550	8640800.000000
2015-11-03	0.035629	0.015630	0.062268	0.011304	2.635590	18899900.000000
2015-11-02	-0.030420	-0.014479	-0.001110	-0.023130	-2.320908	29966000.000000
2015-10-30	-0.011845	0.019567	0.020732	0.004543	-0.914581	11186500.000000
2015-10-29	-0.004564	0.013237	0.014784	0.004728	-0.354034	7648600.000000
2015-10-28	0.017415	0.020782	0.034818	0.015798	1.327636	10850200.000000
2015-10-27	-0.008442	0.014896	0.016847	0.002280	-0.649063	9527400.000000
2015-10-26	0.014402	0.030173	0.033207	0.017111	1.091599	8019400.000000
2015-10-23	0.008506	0.030685	0.032947	-0.002713	0.639228	11971300.000000
2015-10-22	0.012722	0.022641	0.035578	0.019272	0.944100	9093400.000000
2015-10-21	-0.010750	0.025645	0.025645	0.003917	-0.806404	7277900.000000
2015-10-20	-0.009222	0.012224	0.015526	0.002847	-0.698242	7957000.000000
2015-10-19	0.013026	0.015910	0.034642	0.015910	0.973602	9952600.000000
2015-10-16	0.008760	0.016712	0.033043	0.009424	0.649071	9117400.000000
2015-10-15	0.015364	0.027262	0.033429	0.022055	1.121101	6856200.000000
2015-10-14	-0.010667	0.014678	0.020372	-0.000507	-0.786751	7568300.000000
2015-10-13	0.000134	0.009660	0.020373	0.005457	0.009850	7439400.000000
2015-10-12	0.013652	0.013548	0.036777	0.012586	0.993255	5586300.000000
2015-10-09	0.001082	0.018773	0.019461	0.009967	0.078667	5947800.000000
2015-10-08	0.009287	0.013792	0.026707	0.011431	0.668739	5713100.000000
2015-10-07	0.015816	0.025311	0.033070	0.022067	1.121117	6208900.000000
2015-10-06	-0.002077	0.016706	0.021211	0.011216	-0.147522	5782500.000000
2015-10-05	0.022074	0.022458	0.040876	0.020444	1.534157	7286800.000000
2015-10-02	0.009716	-0.000442	0.027598	-0.006834	0.668739	7460400.000000
2015-10-01	0.004737	0.023124	0.033050	0.006921	0.324524	8679900.000000
2015-09-30	0.016489	0.028569	0.033614	0.012841	1.111282	9309200.000000
2015-09-29	0.019792	0.021689	0.039544	0.016847	1.307969	11326700.000000
2015-09-28	-0.049371	0.009655	0.010949	-0.035801	-3.432183	15261200.000000
2015-09-25	0.006407	0.030600	0.034509	0.016413	0.442543	7756600.000000
2015-09-24	-0.010007	0.008248	0.012261	-0.001928	-0.698234	8406700.000000
2015-09-23	0.009964	0.015544	0.029874	0.011781	0.688408	10655800.000000
2015-09-22	-0.007488	0.005641	0.011244	-0.004272	-0.521225	11394000.000000
2015-09-21	0.014185	0.028940	0.039139	0.023112	0.973594	12756500.000000
2015-09-18	-0.016488	0.000511	0.014697	-0.001065	-1.150612	14508100.000000
2015-09-17	-0.000423	0.021287	0.035898	0.009828	-0.029502	7663300.000000
2015-09-16	0.006808	0.015982	0.025500	0.010213	0.472053	8207600.000000
2015-09-15	0.007142	0.023673	0.027595	0.009585	0.491715	6962600.000000
2015-09-14	-0.010599	0.016272	0.017422	0.000321	-0.737564	7059300.000000
2015-09-11	0.007547	0.011490	0.025245	0.005698	0.521217	6452100.000000
2015-09-10	0.009052	0.015386	0.032187	0.014802	0.619552	7244200.000000
2015-09-09	-0.013186	0.020019	0.029102	0.000988	-0.914588	9022200.000000
2015-09-08	0.019809	0.040224	0.044047	0.022581	1.347282	7984900.000000
2015-09-04	-0.017613	0.000814	0.009769	-0.008574	-1.219444	9469400.000000
2015-09-03	0.011204	0.028970	0.038171	0.022251	0.767082	9035200.000000
2015-09-02	0.009571	0.031298	0.031445	0.013013	0.649063	9218000.000000
2015-09-01	-0.032819	-0.010107	0.003869	-0.023085	-2.301224	11491500.000000
2015-08-31	-0.016009	0.009129	0.011514	-0.006168	-1.140793	8313300.000000
2015-08-28	0.000829	0.012633	0.020639	0.005611	0.059006	6411400.000000
2015-08-27	0.024190	0.034828	0.042739	0.018429	1.681671	9122200.000000
2015-08-26	0.055547	0.053288	0.077885	0.030968	3.658371	12220000.000000
2015-08-25	-0.020334	0.066380	0.068016	-0.009333	-1.366981	14485000.000000
2015-08-24	-0.039752	-0.083566	-0.009292	-0.142986	-2.783089	20950600.000000
2015-08-21	-0.037323	-0.003091	0.012309	-0.024267	-2.714279	15752200.000000
2015-08-20	-0.006049	0.005366	0.018624	-0.004884	-0.442558	12082300.000000
2015-08-19	-0.000940	0.013160	0.023538	0.005923	-0.068833	5818100.000000
2015-08-18	0.000806	0.014797	0.021220	0.011381	0.058991	6325500.000000
2015-08-17	0.002560	0.013833	0.019861	0.006983	0.186866	3473500.000000
2015-08-14	0.003923	0.015747	0.023312	0.010245	0.285202	3861500.000000
2015-08-13	0.005303	0.015326	0.029153	0.014635	0.383538	5992000.000000
2015-08-12	0.004096	0.011710	0.025038	0.005046	0.295028	7625100.000000
2015-08-11	-0.013713	0.010708	0.017007	0.002629	-1.001457	6476000.000000
2015-08-10	0.002291	0.027846	0.031826	0.013572	0.166901	6183500.000000
2015-08-07	0.008562	0.019897	0.028618	0.014914	0.618561	6484600.000000
2015-08-06	-0.018672	0.022860	0.024490	-0.000912	-1.374573	7767800.000000
2015-08-05	-0.003853	0.029068	0.030691	0.013777	-0.284721	6976400.000000
2015-08-04	-0.006599	0.015287	0.022680	0.008566	-0.490906	6957900.000000
2015-08-03	0.005708	0.021893	0.027976	0.014052	0.422188	5810800.000000
2015-07-31	-0.013616	0.019446	0.020247	0.004378	-1.021103	8526300.000000
2015-07-30	0.004868	0.016905	0.028563	0.008195	0.363273	6507000.000000
2015-07-29	0.016992	0.021375	0.041543	0.017559	1.246926	13746900.000000
2015-07-28	0.011914	0.024581	0.036716	0.018375	0.863998	10054300.000000
2015-07-27	-0.012567	0.011432	0.017288	0.001901	-0.922913	10293800.000000
2015-07-24	0.042509	0.089916	0.091903	0.056131	2.994568	21196100.000000
2015-07-23	-0.003057	0.021768	0.022475	0.007616	-0.216018	10755700.000000
2015-07-22	-0.000694	0.017382	0.020352	0.012856	-0.049073	6303200.000000
2015-07-21	-0.009354	0.020474	0.021035	0.005344	-0.667648	10919600.000000
2015-07-20	0.025677	0.024405	0.048977	0.023543	1.786926	10198500.000000
2015-07-17	0.004393	0.016060	0.024142	0.014328	0.304360	6287600.000000
2015-07-16	0.007855	0.024477	0.026804	0.017786	0.540008	6512500.000000
2015-07-15	-0.001141	0.018949	0.021128	0.012556	-0.078560	4506200.000000
2015-07-14	0.008343	0.025106	0.029941	0.017781	0.569474	5635400.000000
2015-07-13	0.016077	0.027892	0.036079	0.024617	1.080009	6832300.000000
2015-07-10	0.020432	0.032640	0.041147	0.031577	1.345085	5110200.000000
2015-07-09	0.004795	0.032555	0.036981	0.022939	0.314171	4818200.000000
2015-07-08	-0.015346	0.007091	0.011750	0.001681	-1.021080	5973500.000000
2015-07-07	-0.005138	0.018364	0.019709	-0.005260	-0.343643	6500700.000000
2015-07-06	-0.001759	0.008214	0.016722	0.005379	-0.117828	5270600.000000
2015-07-02	0.005748	0.023016	0.025568	0.015060	0.382919	5053000.000000
2015-07-01	0.010424	0.030495	0.035956	0.024277	0.687271	6260800.000000
2015-06-30	0.006445	0.027978	0.030115	0.019124	0.422188	6811000.000000
2015-06-29	-0.029527	0.007254	0.014661	-0.012005	-1.993103	9706700.000000
2015-06-26	0.001895	0.019700	0.027270	0.015396	0.127640	7025600.000000
2015-06-25	-0.003485	0.026204	0.026204	0.013336	-0.235634	4705100.000000
2015-06-24	-0.008067	0.013965	0.018220	0.008830	-0.549828	4670600.000000
2015-06-23	0.004776	0.018660	0.025884	0.018513	0.324005	3888700.000000
2015-06-22	0.005823	0.027855	0.029634	0.021627	0.392731	5511700.000000
2015-06-19	-0.011655	0.015142	0.016022	0.003565	-0.795280	8728800.000000
2015-06-18	0.010909	0.020735	0.034661	0.020439	0.736366	7596800.000000
2015-06-17	-0.003767	0.019989	0.024417	0.011134	-0.255264	7818300.000000
2015-06-16	0.006417	0.016731	0.027425	0.014354	0.431999	5937400.000000
2015-06-15	-0.010962	0.009552	0.013518	0.001472	-0.746193	5995100.000000
2015-06-12	-0.004452	0.015442	0.019975	0.009445	-0.304375	4900700.000000
2015-06-11	0.000144	0.019537	0.024218	0.015441	0.009819	5238700.000000
2015-06-10	0.024724	0.022560	0.044294	0.020911	1.649483	6807800.000000
2015-06-09	0.003989	0.018362	0.024683	0.016256	0.265083	4439700.000000
2015-06-08	-0.010092	0.015831	0.017321	0.007340	-0.677467	4864300.000000
2015-06-05	0.002346	0.019708	0.025830	0.015377	0.157112	4413100.000000
2015-06-04	-0.010733	0.013786	0.021467	0.004923	-0.726563	6460000.000000
2015-06-03	-0.001303	0.021759	0.025299	0.016300	-0.088356	4902700.000000
2015-06-02	-0.001013	0.012913	0.023671	0.002302	-0.068725	4457400.000000
2015-06-01	0.006261	0.025186	0.029932	0.014806	0.422180	6309400.000000
2015-05-29	-0.012651	0.015145	0.019099	0.003285	-0.863998	6678100.000000
2015-05-28	0.001007	0.018367	0.022764	0.008400	0.068718	3893900.000000
2015-05-27	0.013860	0.023120	0.036345	0.017919	0.932731	7064800.000000
2015-05-26	-0.015513	0.013978	0.016758	-0.000652	-1.060356	6228100.000000
2015-05-22	0.003604	0.017485	0.025561	0.017485	0.245453	4511700.000000
2015-05-21	-0.005876	0.015156	0.019827	0.011215	-0.402557	6483800.000000
2015-05-20	-0.005416	0.019819	0.020836	0.008641	-0.373101	4870100.000000
2015-05-19	0.002286	0.020550	0.026661	0.018513	0.157097	4351000.000000
2015-05-18	0.006181	0.021002	0.028322	0.012071	0.422180	5553800.000000
2015-05-15	-0.006143	0.019968	0.028553	0.008473	-0.422180	7121000.000000
2015-05-14	0.019665	0.023112	0.038987	0.021480	1.325470	6491100.000000
2015-05-13	0.001167	0.021187	0.023118	0.012869	0.078537	5129800.000000
2015-05-12	-0.004781	0.013348	0.020000	0.004774	-0.323433	7438200.000000
2015-05-11	-0.006478	0.017799	0.023673	0.010308	-0.441048	10998500.000000
2015-05-08	0.043406	0.028877	0.075157	0.026885	2.832512	18359000.000000
2015-05-07	0.013857	0.018897	0.037541	0.018275	0.891884	6660300.000000
2015-05-06	-0.004396	0.023235	0.030969	0.009004	-0.284210	7084600.000000
2015-05-05	0.005794	0.023251	0.032897	0.020606	0.372414	8099800.000000
2015-05-04	-0.002888	0.024639	0.026035	0.015642	-0.186188	7426400.000000
2015-05-01	-0.004239	0.007474	0.029718	0.006393	-0.274437	10142800.000000
2015-04-30	-0.019157	0.017871	0.022720	-0.008795	-1.264351	11780600.000000
2015-04-29	0.008537	0.021671	0.046120	0.020448	0.558678	9812400.000000
2015-04-28	-0.004918	0.023489	0.026378	0.009804	-0.323433	6297500.000000
2015-04-27	-0.005632	0.034055	0.037381	0.011979	-0.372460	7122400.000000
2015-04-24	-0.003544	0.026473	0.027226	0.014118	-0.235221	6219900.000000
2015-04-23	-0.004264	0.023146	0.023446	0.012944	-0.284234	7193400.000000
2015-04-22	0.040704	0.027634	0.092583	0.027165	2.607102	20912400.000000
2015-04-21	0.009734	0.025182	0.037794	0.024552	0.617454	9619700.000000
2015-04-20	0.003100	0.027886	0.031207	0.021244	0.196030	5948900.000000
2015-04-17	-0.017213	0.011748	0.017964	0.000092	-1.107529	11212900.000000
2015-04-16	-0.000457	0.017965	0.025422	0.015169	-0.029396	4121300.000000
2015-04-15	0.002289	0.021385	0.026212	0.016714	0.147004	5347100.000000
2015-04-14	-0.001219	0.018896	0.025427	0.008943	-0.078400	5621800.000000
2015-04-13	-0.011004	0.018450	0.027370	0.007530	-0.715469	5059800.000000
2015-04-10	-0.001505	0.024135	0.024135	0.012463	-0.098031	4628500.000000
2015-04-09	-0.000902	0.021370	0.025205	0.008942	-0.058784	5408500.000000
2015-04-08	0.010638	0.021691	0.036422	0.020296	0.686066	6604200.000000
2015-04-07	0.009202	0.023112	0.035788	0.022017	0.588058	6660800.000000
2015-04-06	-0.001379	0.011544	0.025765	0.006544	-0.088215	8351200.000000
2015-04-02	0.001688	0.017321	0.027183	0.014504	0.107826	5083000.000000
2015-04-01	-0.003516	0.020919	0.022011	0.005321	-0.225437	7633000.000000
2015-03-31	-0.003807	0.017343	0.028842	0.016100	-0.245025	7400500.000000
2015-03-30	0.001831	0.027768	0.032438	0.019673	0.117614	11237100.000000
2015-03-27	-0.000762	0.019207	0.023718	0.013451	-0.048996	6521100.000000
2015-03-26	-0.002130	0.012845	0.029143	0.009274	-0.137222	9487200.000000
2015-03-25	-0.020417	0.020296	0.025314	-0.000536	-1.342735	13054300.000000
2015-03-24	0.000298	0.020600	0.029574	0.016645	0.019592	6534800.000000
2015-03-23	-0.004896	0.029679	0.032404	0.015149	-0.323448	8128000.000000
2015-03-20	0.008981	0.027015	0.033887	0.019837	0.588074	15372000.000000
2015-03-19	-0.001606	0.018961	0.024450	0.002494	-0.105362	15407500.000000
2015-03-18	0.011985	0.018714	0.033719	-0.000882	0.776733	50658000.000000
2015-03-17	-0.016802	0.016654	0.017792	0.001787	-1.107521	14290800.000000
2015-03-16	0.015055	0.027456	0.039621	0.026455	0.977661	9849600.000000
2015-03-13	-0.016878	0.017495	0.017495	0.001069	-1.114860	12578800.000000
2015-03-12	0.018243	0.026654	0.040528	0.026269	1.183464	9530800.000000
2015-03-11	-0.001697	0.021950	0.028682	0.012024	-0.110268	12105200.000000
2015-03-10	-0.022916	0.013604	0.014431	-0.003086	-1.524055	11125600.000000
2015-03-09	0.007722	0.024765	0.031167	0.019310	0.509643	8902000.000000
2015-03-06	-0.017473	0.017578	0.021598	0.002132	-1.173675	11590800.000000
2015-03-05	0.001388	0.024954	0.025476	0.020295	0.093101	6756000.000000
2015-03-04	-0.005630	0.019740	0.019740	0.008992	-0.379776	8021200.000000
2015-03-03	-0.010744	0.021615	0.021615	0.002734	-0.732643	8807200.000000
2015-03-02	0.025727	0.040603	0.046545	0.032066	1.710289	11653600.000000
2015-02-27	-0.008913	0.019252	0.021935	0.011201	-0.597870	7965200.000000
2015-02-26	0.002711	0.021006	0.025864	0.016596	0.181336	13459600.000000
2015-02-25	0.001982	0.015764	0.026886	0.015764	0.132301	6842800.000000
2015-02-24	-0.001978	0.023285	0.023285	0.013419	-0.132301	9045200.000000
2015-02-23	0.000036	0.020146	0.021491	0.010018	0.002441	6654800.000000
2015-02-20	0.014493	0.020068	0.035082	0.012561	0.955620	9034800.000000
2015-02-19	-0.000074	0.023897	0.023897	0.016049	-0.004898	5654800.000000
2015-02-18	-0.006461	0.020296	0.020785	0.010050	-0.428803	6429200.000000
2015-02-17	0.004599	0.027296	0.029226	0.021204	0.303833	6810400.000000
2015-02-13	-0.004725	0.027225	0.027225	0.012274	-0.313629	8476000.000000
2015-02-12	0.018497	0.026548	0.039168	0.024400	1.205521	11641600.000000
2015-02-11	0.012794	0.029425	0.034553	0.026589	0.823295	8795600.000000
2015-02-10	-0.003428	0.032749	0.037085	0.020669	-0.221359	9396800.000000
2015-02-09	-0.007329	0.027716	0.031290	0.019530	-0.476768	7834400.000000
2015-02-06	-0.016115	0.027565	0.030212	0.005974	-1.065430	11242000.000000
2015-02-05	0.026086	0.036911	0.054565	0.031673	1.680839	16565600.000000
2015-02-04	0.019631	0.026963	0.055210	0.025025	1.240582	22170800.000000
2015-02-03	0.017428	0.033269	0.048323	0.025340	1.082458	15075600.000000
2015-02-02	0.001687	0.033399	0.033399	0.006749	0.104596	13665200.000000
2015-01-30	0.027863	0.079142	0.092486	0.056391	1.680835	22151600.000000
2015-01-29	0.006657	0.032635	0.037934	0.022790	0.398941	15668400.000000
2015-01-28	-0.018447	0.034060	0.036026	0.008550	-1.126243	11430800.000000
2015-01-27	-0.021596	0.016777	0.016777	-0.004096	-1.347607	11027600.000000
2015-01-26	-0.006814	0.022383	0.023775	0.009888	-0.428108	8552400.000000
2015-01-23	0.002678	0.031425	0.039923	0.030068	0.167835	6166800.000000
2015-01-22	0.001244	0.020444	0.034625	0.012135	0.077839	11566000.000000
2015-01-21	0.001713	0.025034	0.038919	0.018391	0.107040	9784000.000000
2015-01-20	0.007413	0.032874	0.046862	0.024973	0.459733	14933200.000000
2015-01-16	0.007190	0.022760	0.035753	0.021136	0.442710	11137200.000000
2015-01-15	-0.009508	0.032379	0.035436	0.014885	-0.591091	10569200.000000
2015-01-14	-0.020017	0.011439	0.019163	0.001507	-1.269752	12218000.000000
2015-01-13	0.002923	0.035660	0.050640	0.024158	0.184864	10284000.000000
2015-01-12	-0.001958	0.029766	0.033553	0.022271	-0.124054	6425600.000000
2015-01-09	-0.014823	0.024490	0.027832	0.009566	-0.953545	10523600.000000
2015-01-08	0.013412	0.036616	0.044178	0.034371	0.851364	10443200.000000
2015-01-07	0.013398	0.031506	0.042283	0.027555	0.839218	9346800.000000
2015-01-06	-0.006444	0.030213	0.034139	0.010663	-0.406227	11070000.000000
2015-01-05	-0.022074	0.021821	0.021860	0.003905	-1.422989	12751200.000000
2015-01-02	0.010755	0.032380	0.045589	0.028891	0.685944	8389600.000000
2014-12-31	-0.008883	0.031368	0.038244	0.018547	-0.571625	5904800.000000
2014-12-30	-0.003315	0.026477	0.027561	0.018655	-0.214050	4781600.000000
2014-12-29	-0.004463	0.027215	0.031918	0.021703	-0.289467	5262400.000000
2014-12-26	-0.003774	0.027755	0.034245	0.023876	-0.245689	4768800.000000
2014-12-24	0.008935	0.028646	0.041664	0.028219	0.576492	5236800.000000
2014-12-23	0.003974	0.030867	0.036351	0.027171	0.255432	5537600.000000
2014-12-22	0.009707	0.030700	0.038123	0.029168	0.617829	5680000.000000
2014-12-19	-0.009426	0.024642	0.029389	0.016938	-0.605683	15563600.000000
2014-12-18	0.019608	0.038703	0.049057	0.035926	1.235703	10318000.000000
2014-12-17	0.022375	0.030634	0.052697	0.028931	1.379219	9714400.000000
2014-12-16	-0.012816	0.012620	0.034761	0.010338	-0.800286	12050400.000000
2014-12-15	-0.000312	0.033318	0.036040	0.012985	-0.019458	12825200.000000
2014-12-12	-0.024096	0.017638	0.032949	0.002990	-1.542202	15325600.000000
2014-12-11	0.005349	0.032585	0.042912	0.030857	0.340545	13383600.000000
2014-12-10	-0.009162	0.026354	0.030478	0.015537	-0.588661	8528000.000000
2014-12-09	0.003953	0.013692	0.034122	0.013692	0.252983	10454000.000000
2014-12-08	-0.000949	0.028340	0.036653	0.024515	-0.060806	12342000.000000
2014-12-05	0.008463	0.029722	0.037003	0.027203	0.537563	7838000.000000
2014-12-04	-0.001758	0.029640	0.030308	0.021665	-0.111885	7362400.000000
2014-12-03	0.006115	0.026292	0.035146	0.022537	0.386772	9382000.000000
2014-12-02	0.007205	0.031815	0.036115	0.028073	0.452439	8535200.000000
2014-12-01	-0.000155	0.020112	0.037547	0.020112	-0.009732	10925600.000000
2014-11-28	0.003615	0.033028	0.036703	0.030311	0.226216	5186800.000000
2014-11-26	0.000000	0.028633	0.034506	0.021123	0.000000	7977200.000000
2014-11-25	0.010368	0.030741	0.041398	0.028562	0.642181	12966400.000000
2014-11-24	0.001574	0.030908	0.031919	0.025248	0.097305	10724800.000000
2014-11-21	0.010132	0.041925	0.047724	0.032451	0.620282	11886800.000000
2014-11-20	0.007244	0.018170	0.036104	0.018088	0.440277	6704000.000000
2014-11-19	0.000521	0.029812	0.032282	0.017301	0.031627	6642800.000000
2014-11-18	-0.000280	0.027713	0.035695	0.024751	-0.017032	7647200.000000
2014-11-17	0.003858	0.026681	0.038452	0.024946	0.233528	9876800.000000
2014-11-14	-0.008290	0.028656	0.028738	0.018784	-0.505962	8532800.000000
2014-11-13	-0.004088	0.029590	0.029590	0.018128	-0.250550	12473200.000000
2014-11-12	0.016706	0.032068	0.045795	0.029953	1.007050	10897200.000000
2014-11-11	-0.001918	0.031454	0.034351	0.027232	-0.115864	8467600.000000
2014-11-10	-0.008794	0.033871	0.035594	0.019716	-0.535858	13145200.000000
2014-11-07	0.009357	0.035842	0.045408	0.031369	0.564823	9507600.000000
2014-11-06	0.002244	0.035634	0.041404	0.027458	0.135178	13212000.000000
2014-11-05	0.026999	0.040790	0.075659	0.040108	1.583435	21939600.000000
2014-11-04	0.005920	0.027613	0.042021	0.025255	0.345176	16644400.000000
2014-11-03	0.000456	0.033787	0.043311	0.025293	0.026555	12716000.000000
2014-10-31	0.020199	0.038518	0.061320	0.038518	1.153785	24956000.000000
2014-10-30	0.102441	0.102639	0.154507	0.100178	5.307907	50857600.000000
2014-10-29	-0.009460	0.033805	0.043794	0.021571	-0.494823	16095200.000000
2014-10-28	0.015463	0.041541	0.052461	0.038872	0.796562	10497600.000000
2014-10-27	-0.000328	0.033680	0.041782	0.029556	-0.016903	6658800.000000
2014-10-24	-0.003734	0.032576	0.035089	0.024020	-0.193107	10896000.000000
2014-10-23	0.015930	0.050203	0.060171	0.044360	0.811035	9729600.000000
2014-10-22	-0.011204	0.035620	0.038825	0.023384	-0.576897	11042000.000000
2014-10-21	0.026269	0.045334	0.063273	0.035966	1.317928	12986000.000000
2014-10-20	0.008980	0.033354	0.046778	0.031393	0.446545	7628000.000000
2014-10-17	0.014778	0.045105	0.053932	0.038626	0.724144	12731600.000000
2014-10-16	0.013733	0.019374	0.051027	0.009547	0.663795	15625600.000000
2014-10-15	-0.012184	0.026214	0.031885	0.006238	-0.596214	19668000.000000
2014-10-14	-0.007637	0.036376	0.043931	0.026388	-0.376549	14018000.000000
2014-10-13	-0.003415	0.033292	0.049714	0.029351	-0.168960	12188800.000000
2014-10-10	-0.013143	0.036615	0.044992	0.022105	-0.658966	11744400.000000
2014-10-09	-0.021897	0.034986	0.034986	0.012404	-1.122410	10996800.000000
2014-10-08	0.020716	0.035618	0.058070	0.033975	1.040344	14038800.000000
2014-10-07	-0.017659	0.030925	0.032294	0.016450	-0.902759	8949600.000000
2014-10-06	-0.000944	0.038649	0.041385	0.034105	-0.048279	8937200.000000
2014-10-03	0.010824	0.042187	0.048459	0.037989	0.547939	9960800.000000
2014-10-02	-0.001381	0.030736	0.035668	0.024818	-0.070000	11411600.000000
2014-10-01	-0.015747	0.033193	0.037853	0.018146	-0.811039	11686000.000000
2014-09-30	0.011568	0.036896	0.050890	0.036159	0.588967	11456000.000000
2014-09-29	-0.004766	0.027263	0.033372	0.021936	-0.243798	8788800.000000
2014-09-26	0.005837	0.039355	0.043139	0.034980	0.296895	7178800.000000
2014-09-25	-0.017257	0.033930	0.035041	0.016444	-0.893094	11729600.000000
2014-09-24	0.009178	0.037277	0.048100	0.034694	0.470688	8336000.000000
2014-09-23	-0.006639	0.035814	0.035814	0.028841	-0.342762	7959600.000000
2014-09-22	-0.010960	0.039214	0.039214	0.023744	-0.572067	9074000.000000
2014-09-19	-0.000878	0.041699	0.043900	0.031171	-0.045868	20475200.000000
2014-09-18	0.004222	0.037640	0.041244	0.033891	0.219669	9215200.000000
2014-09-17	-0.008146	0.034287	0.036623	0.018559	-0.427253	12321200.000000
2014-09-16	0.012393	0.037020	0.050869	0.030940	0.642071	9211600.000000
2014-09-15	0.002803	0.034798	0.043314	0.034798	0.144828	7036800.000000
2014-09-12	-0.004233	0.035380	0.039572	0.025117	-0.219650	8710800.000000
2014-09-11	-0.008899	0.034858	0.035096	0.024113	-0.465870	8861200.000000
2014-09-10	0.012134	0.034702	0.056840	0.034557	0.627587	12646800.000000
2014-09-09	-0.006905	0.033413	0.034277	0.027221	-0.359650	7328800.000000
2014-09-08	0.007283	0.034750	0.045436	0.032284	0.376552	10266400.000000
2014-09-05	-0.000233	0.036201	0.036249	0.030110	-0.012062	8202800.000000
2014-09-04	-0.002978	0.038320	0.041597	0.031380	-0.154487	9492400.000000
2014-09-03	0.000792	0.037357	0.042615	0.033691	0.041027	7788400.000000
2014-09-02	0.010399	0.040055	0.047657	0.036643	0.533443	8066400.000000
2014-08-29	-0.009692	0.035524	0.037648	0.023652	-0.502063	14646000.000000
2014-08-28	-0.011652	0.025557	0.029087	0.019690	-0.610688	11083600.000000
2014-08-27	0.001846	0.037581	0.039540	0.028836	0.096550	8035600.000000
2014-08-26	0.003287	0.037971	0.045211	0.036484	0.171383	6944000.000000
2014-08-25	-0.000324	0.041038	0.041613	0.034567	-0.016895	4962400.000000
2014-08-22	0.001576	0.037878	0.041478	0.033557	0.082073	7145600.000000
2014-08-21	-0.002082	0.037154	0.039406	0.033370	-0.108627	5544000.000000
2014-08-20	0.005581	0.033694	0.042654	0.032971	0.289657	7296800.000000
2014-08-19	0.003173	0.037795	0.042338	0.034799	0.164139	8212400.000000
2014-08-18	0.019649	0.042123	0.056610	0.041039	0.996895	8352400.000000
2014-08-15	-0.010964	0.037520	0.039616	0.023095	-0.562424	8999600.000000
2014-08-14	0.005156	0.038951	0.041400	0.035130	0.263115	7136800.000000
2014-08-13	0.013081	0.046883	0.052591	0.044452	0.658959	6451200.000000
2014-08-12	-0.001330	0.041229	0.046730	0.038057	-0.067074	6442000.000000
2014-08-11	0.000570	0.046534	0.047426	0.041525	0.028740	9018400.000000
2014-08-08	0.006793	0.042859	0.051197	0.039514	0.340156	9256800.000000
2014-08-07	-0.007831	0.046085	0.047422	0.033305	-0.395244	9568000.000000
2014-08-06	0.000712	0.040882	0.047822	0.040039	0.035927	7528400.000000
2014-08-05	-0.007636	0.040411	0.044789	0.028949	-0.388054	11151200.000000
2014-08-04	0.001652	0.048782	0.050359	0.042229	0.083843	8079600.000000
2014-08-01	0.003791	0.038019	0.053797	0.037574	0.191631	14100000.000000
2014-07-31	-0.014248	0.039806	0.040245	0.028787	-0.730594	13874000.000000
2014-07-30	0.002623	0.043609	0.049963	0.043413	0.134128	10422800.000000
2014-07-29	-0.003361	0.044535	0.050917	0.039322	-0.172462	10577200.000000
2014-07-28	-0.002561	0.041957	0.044581	0.035640	-0.131752	10401600.000000
2014-07-25	-0.035782	0.003175	0.015357	-0.009758	-1.909153	27530400.000000
2014-07-24	0.006962	0.053990	0.056161	0.046630	0.368892	11947600.000000
2014-07-23	-0.000271	0.044743	0.049695	0.040922	-0.014370	8189200.000000
2014-07-22	0.009306	0.051751	0.059701	0.050275	0.488663	7699200.000000
2014-07-21	-0.004450	0.040482	0.043326	0.035648	-0.234745	6168400.000000
2014-07-18	0.010648	0.049885	0.062866	0.048639	0.555740	11068000.000000
2014-07-17	-0.021512	0.040236	0.040517	0.020972	-1.147415	9806000.000000
2014-07-16	0.004013	0.049116	0.050152	0.040364	0.213196	8853200.000000
2014-07-15	0.003393	0.046680	0.061223	0.043044	0.179657	10900800.000000
2014-07-14	0.018572	0.052074	0.069437	0.046784	0.965363	13716400.000000
2014-07-11	0.006774	0.045643	0.050921	0.037992	0.349723	5696800.000000
2014-07-10	-0.002868	0.032263	0.047182	0.026856	-0.148513	8536800.000000
2014-07-09	0.004181	0.044821	0.048603	0.040021	0.215591	5177200.000000
2014-07-08	-0.006828	0.043802	0.044380	0.026371	-0.354519	12149200.000000
2014-07-07	0.001062	0.043272	0.048671	0.039464	0.055088	6612400.000000
2014-07-03	0.007773	0.045941	0.054151	0.044921	0.400040	5571600.000000
2014-07-02	0.002754	0.046727	0.049698	0.043658	0.141331	5768800.000000
2014-07-01	0.016800	0.049799	0.066640	0.049205	0.847972	10993600.000000
2014-06-30	0.006833	0.040566	0.055926	0.039768	0.342549	9961600.000000
2014-06-27	0.001531	0.039362	0.048352	0.038164	0.076645	12961200.000000
2014-06-26	-0.000478	0.047502	0.047651	0.036169	-0.023949	8580400.000000
2014-06-25	0.006112	0.041247	0.057219	0.041247	0.304222	8244800.000000
2014-06-24	-0.008020	0.042661	0.049238	0.033245	-0.402435	13089600.000000
2014-06-23	-0.000096	0.041216	0.045252	0.037131	-0.004795	14765200.000000
2014-06-20	-0.003946	0.049612	0.052590	0.037604	-0.198818	18358800.000000
2014-06-19	-0.004402	0.044744	0.048153	0.027700	-0.222775	15331200.000000
2014-06-18	0.002087	0.041875	0.045836	0.034845	0.105400	10326000.000000
2014-06-17	0.002711	0.043161	0.051997	0.041970	0.136532	5722400.000000
2014-06-16	-0.004969	0.041632	0.042176	0.037137	-0.251514	7899200.000000
2014-06-13	-0.002267	0.044150	0.045136	0.039124	-0.114983	7085200.000000
2014-06-12	-0.004279	0.042235	0.046062	0.036542	-0.217976	6218000.000000
2014-06-11	-0.007328	0.037520	0.042002	0.033282	-0.376075	6758000.000000
2014-06-10	0.007856	0.045720	0.054458	0.044492	0.400024	6835600.000000
2014-06-09	-0.001972	0.046058	0.048508	0.036945	-0.100609	5516400.000000
2014-06-06	0.003676	0.045182	0.049461	0.040658	0.186855	10002400.000000
2014-06-05	0.003736	0.047064	0.048939	0.039659	0.189229	6597600.000000
2014-06-04	0.000521	0.042867	0.044201	0.034422	0.026351	12589600.000000
2014-06-03	-0.010303	0.041263	0.042240	0.030363	-0.526985	9011600.000000
2014-06-02	-0.006098	0.046281	0.047836	0.033990	-0.313808	6364000.000000
2014-05-30	0.000745	0.049540	0.049881	0.037143	0.038330	6136400.000000
2014-05-29	0.004069	0.044634	0.048002	0.042193	0.208404	5260400.000000
2014-05-28	-0.003263	0.043658	0.043658	0.036408	-0.167678	7223200.000000
2014-05-27	0.011458	0.048185	0.055715	0.047349	0.582080	9676800.000000
2014-05-23	0.012896	0.046748	0.058113	0.045353	0.646767	11117600.000000
2014-05-22	-0.003474	0.043807	0.044552	0.036703	-0.174858	16870000.000000
2014-05-21	0.010485	0.048326	0.057461	0.047021	0.522198	9096400.000000
2014-05-20	-0.011599	0.043459	0.043459	0.028972	-0.584480	8740000.000000
2014-05-19	0.002621	0.041519	0.049478	0.038882	0.131740	7039600.000000
2014-05-16	0.011376	0.044362	0.056939	0.044362	0.565319	12279600.000000
2014-05-15	-0.011484	0.039381	0.042812	0.026550	-0.577293	12685200.000000
2014-05-14	-0.002851	0.047327	0.050699	0.040682	-0.143730	6838000.000000
2014-05-13	0.001701	0.053033	0.056510	0.050102	0.085586	7137600.000000
2014-05-12	0.004222	0.052939	0.059923	0.052690	0.211590	8732800.000000
2014-05-09	-0.000427	0.048002	0.051442	0.037880	-0.021401	11795600.000000
2014-05-08	0.010541	0.052751	0.068724	0.051139	0.523018	14613600.000000
2014-05-07	0.016264	0.060041	0.070232	0.046881	0.794041	14732000.000000
2014-05-06	-0.008545	0.049409	0.051034	0.041793	-0.420795	10873200.000000
2014-05-05	0.013257	0.048145	0.069391	0.044287	0.644256	13792800.000000
2014-05-02	-0.008103	0.049806	0.056746	0.040928	-0.397018	10908800.000000
2014-05-01	0.017176	0.059325	0.075986	0.055485	0.827320	14273200.000000
2014-04-30	-0.000296	0.049465	0.056625	0.047597	-0.014263	12145600.000000
2014-04-29	0.006206	0.054046	0.065323	0.053524	0.297172	12760000.000000
2014-04-28	0.012517	0.054605	0.067451	0.052015	0.591957	24263200.000000
2014-04-25	-0.050000	0.004386	0.023469	-0.002846	-2.489086	38239200.000000
2014-04-24	0.002778	0.056527	0.060052	0.045398	0.137886	13547200.000000
2014-04-23	-0.005477	0.053245	0.053245	0.041726	-0.273395	8819600.000000
2014-04-22	0.004016	0.052648	0.058883	0.048575	0.199688	9840000.000000
2014-04-21	0.005675	0.056801	0.059430	0.053817	0.280544	10012400.000000
2014-04-17	-0.006735	0.056514	0.062542	0.044510	-0.335217	13364000.000000
2014-04-16	0.026023	0.066795	0.079988	0.058962	1.262375	15832800.000000
2014-04-15	0.015124	0.066397	0.072152	0.041966	0.722721	19214000.000000
2014-04-14	0.022275	0.068545	0.080044	0.058972	1.041272	20925600.000000
2014-04-11	-0.024411	0.039487	0.043505	0.016582	-1.169655	29939600.000000
2014-04-10	-0.028862	0.055240	0.059345	0.014147	-1.424027	20403600.000000
2014-04-09	0.024434	0.061922	0.078532	0.051748	1.176785	19142800.000000
2014-04-08	-0.004031	0.048542	0.064568	0.044303	-0.194943	21745600.000000
2014-04-07	-0.020654	0.046934	0.050276	0.017771	-1.019867	40124000.000000
2014-04-04	-0.033999	0.054331	0.055016	0.006302	-1.737854	24449200.000000
2014-04-03	0.001630	0.057128	0.059528	0.045322	0.083207	14210400.000000
2014-04-02	-0.000186	0.051984	0.060408	0.045078	-0.009510	9344800.000000
2014-04-01	-0.005374	0.057535	0.062797	0.045210	-0.275776	9090400.000000
2014-03-31	0.017776	0.055063	0.070285	0.049510	0.896263	11639200.000000
2014-03-28	-0.017055	0.045305	0.054370	0.026005	-0.874867	14950000.000000
2014-03-27	0.000417	0.047740	0.053981	0.038769	0.021404	10489600.000000
2014-03-26	-0.012454	0.059055	0.060211	0.038495	-0.646648	10657200.000000
2014-03-25	-0.010646	0.058452	0.062501	0.040397	-0.558678	11675200.000000
2014-03-24	-0.011729	0.061102	0.065056	0.031490	-0.622860	18228400.000000
2014-03-21	0.006988	0.057044	0.103029	0.041542	0.368485	38092400.000000
2014-03-20	-0.008936	0.053001	0.053001	0.037920	-0.475468	11890000.000000
2014-03-19	-0.011439	0.052521	0.054750	0.031109	-0.615734	7888800.000000
2014-03-18	0.011753	0.055446	0.065643	0.049102	0.625252	8304800.000000
2014-03-17	0.013634	0.057403	0.066406	0.054498	0.715572	8800000.000000
2014-03-14	-0.000045	0.050830	0.057022	0.041018	-0.002372	13692000.000000
2014-03-13	-0.023530	0.054196	0.058057	0.025221	-1.264759	11996400.000000
2014-03-12	-0.004754	0.046685	0.053906	0.042843	-0.256749	9394800.000000
2014-03-11	0.007450	0.053690	0.065069	0.047535	0.399395	11062800.000000
2014-03-10	-0.000266	0.051359	0.055368	0.047676	-0.014263	7350400.000000
2014-03-07	0.007594	0.056712	0.060377	0.050089	0.404156	8971200.000000
2014-03-06	0.004712	0.056076	0.066978	0.053999	0.249607	9120400.000000
2014-03-05	-0.011929	0.052152	0.052991	0.036669	-0.639500	11328400.000000
2014-03-04	0.018335	0.069210	0.073104	0.057006	0.965206	14884800.000000
2014-03-03	-0.019917	0.039025	0.042749	0.022037	-1.069812	16422800.000000
2014-02-28	-0.001502	0.052475	0.059539	0.025660	-0.080826	14004000.000000
2014-02-27	0.000752	0.051964	0.059452	0.049220	0.040413	8097600.000000
2014-02-26	-0.004403	0.052148	0.055250	0.043026	-0.237732	10413600.000000
2014-02-25	0.004067	0.051592	0.062006	0.048338	0.218719	11339600.000000
2014-02-24	0.012670	0.053334	0.070754	0.052110	0.672783	10817200.000000
2014-02-21	-0.000447	0.052863	0.057286	0.049333	-0.023769	9136000.000000
2014-02-20	-0.001876	0.052907	0.056712	0.045533	-0.099846	8810000.000000
2014-02-19	-0.009644	0.050708	0.059639	0.040520	-0.518276	9322000.000000
2014-02-18	0.000266	0.053825	0.063131	0.049824	0.014267	13427200.000000
2014-02-14	0.008704	0.052625	0.061871	0.049057	0.463592	12682000.000000
2014-02-13	-0.000535	0.045400	0.054313	0.043570	-0.028530	13158800.000000
2014-02-12	0.015585	0.064503	0.071459	0.061883	0.817810	14650800.000000
2014-02-11	0.008071	0.062000	0.070453	0.056813	0.420117	9809600.000000
2014-02-10	-0.005546	0.059740	0.060886	0.050666	-0.290299	10316800.000000
2014-02-07	0.012648	0.064921	0.073675	0.056555	0.653774	12537200.000000
2014-02-06	0.015769	0.061524	0.075918	0.060050	0.802487	12721600.000000
2014-02-05	0.004987	0.052796	0.070076	0.052204	0.252544	13520800.000000
2014-02-04	0.005012	0.062638	0.071173	0.048844	0.252548	14913600.000000
2014-02-03	-0.009098	0.064525	0.071064	0.042694	-0.462616	21662400.000000
2014-01-31	-0.024674	0.036436	0.049719	0.031545	-1.286331	24457200.000000
2014-01-30	0.017318	0.101316	0.102536	0.055263	0.887459	20040400.000000
2014-01-29	-0.017379	0.050298	0.058160	0.037835	-0.906341	16800000.000000
2014-01-28	0.021922	0.066073	0.089293	0.064995	1.118763	17852400.000000
2014-01-27	-0.022735	0.063140	0.063140	0.029868	-1.187207	19470800.000000
2014-01-24	-0.030668	0.050629	0.053228	0.026730	-1.652168	16043200.000000
2014-01-23	-0.020344	0.053168	0.056214	0.034983	-1.118755	13662400.000000
2014-01-22	0.004571	0.061361	0.067846	0.058073	0.250194	7254400.000000
2014-01-21	-0.001077	0.069297	0.074361	0.053010	-0.059006	19752400.000000
2014-01-17	0.046941	0.060552	0.109317	0.060504	2.457009	38344400.000000
2014-01-16	-0.008893	0.056517	0.059215	0.047522	-0.469685	13514000.000000
2014-01-15	0.004985	0.060166	0.069919	0.055314	0.261982	11288000.000000
2014-01-14	0.017131	0.058441	0.077360	0.056457	0.885098	10851600.000000
2014-01-13	-0.010085	0.063478	0.073872	0.047144	-0.526345	13554400.000000
2014-01-10	-0.003515	0.058880	0.063176	0.050146	-0.184097	6429600.000000
2014-01-09	-0.001395	0.065554	0.070178	0.056545	-0.073170	8386400.000000
2014-01-08	0.003205	0.058784	0.066340	0.055055	0.167584	8487200.000000
2014-01-07	0.007642	0.063647	0.070200	0.062250	0.396511	8178000.000000
2014-01-06	-0.006014	0.059310	0.064722	0.051695	-0.313908	8577600.000000
2014-01-03	0.000679	0.062761	0.066308	0.055476	0.035408	7809600.000000
2014-01-02	-0.007500	0.053792	0.056123	0.044088	-0.394165	10654000.000000
2013-12-31	0.008012	0.062140	0.067893	0.059790	0.417771	6448400.000000
2013-12-30	0.005645	0.063651	0.068617	0.059359	0.292667	5940000.000000
2013-12-27	-0.002407	0.063063	0.064987	0.054164	-0.125095	5242000.000000
2013-12-26	0.006721	0.060474	0.066575	0.060474	0.346958	4898800.000000
2013-12-24	0.003210	0.061352	0.066793	0.054308	0.165211	5207600.000000
2013-12-23	0.009539	0.064217	0.073241	0.062059	0.486217	7994800.000000
2013-12-20	-0.000509	0.062352	0.069607	0.058332	-0.025967	23263600.000000
2013-12-19	0.003390	0.057149	0.071609	0.055230	0.172287	13394800.000000
2013-12-18	0.009848	0.058470	0.070291	0.043072	0.495663	16142000.000000
2013-12-17	0.026474	0.063650	0.090112	0.059674	1.298134	20647200.000000
2013-12-16	0.001881	0.062688	0.075612	0.058857	0.092045	14779600.000000
2013-12-13	0.019269	0.064786	0.082956	0.061714	0.925216	17674400.000000
2013-12-12	-0.010795	0.055661	0.059163	0.042940	-0.523975	11469200.000000
2013-12-11	0.031239	0.067553	0.104254	0.067553	1.470432	40328000.000000
2013-12-10	-0.010715	0.055642	0.059740	0.047865	-0.509811	15647200.000000
2013-12-09	-0.001387	0.058743	0.063570	0.056539	-0.066082	12667200.000000
2013-12-06	0.000793	0.069664	0.070400	0.055486	0.037750	9106800.000000
2013-12-05	-0.005080	0.056341	0.060259	0.052841	-0.243103	13260000.000000
2013-12-04	0.004907	0.059372	0.067510	0.055697	0.233666	11739200.000000
2013-12-03	-0.016477	0.032364	0.046151	0.032364	-0.797757	17032800.000000
2013-12-02	0.008208	0.062546	0.074989	0.062546	0.394150	8762000.000000
2013-11-29	-0.002598	0.061915	0.064822	0.056463	-0.125091	4139200.000000
2013-11-27	0.002310	0.059111	0.066033	0.056665	0.110946	5939600.000000
2013-11-26	0.007874	0.063044	0.067974	0.057588	0.375264	11246000.000000
2013-11-25	-0.000940	0.061311	0.061992	0.054970	-0.044831	6742000.000000
2013-11-22	0.002529	0.059687	0.063050	0.049915	0.120362	8150800.000000
2013-11-21	0.017616	0.065416	0.079958	0.055633	0.823726	12776400.000000
2013-11-20	0.003698	0.061307	0.074293	0.060717	0.172295	10197200.000000
2013-11-19	-0.012556	0.061599	0.061864	0.042895	-0.592415	14462800.000000
2013-11-18	-0.010396	0.059215	0.062938	0.044899	-0.495659	16380800.000000
2013-11-15	0.009243	0.057151	0.071863	0.057045	0.436646	12391600.000000
2013-11-14	0.001852	0.060010	0.061601	0.053860	0.087333	10909600.000000
2013-11-13	0.015813	0.059107	0.075964	0.058299	0.734032	8181600.000000
2013-11-12	-0.005018	0.065367	0.067350	0.054864	-0.234116	9016400.000000
2013-11-11	0.004942	0.069717	0.075425	0.067455	0.229443	8385200.000000
2013-11-08	0.011168	0.066035	0.080683	0.066035	0.512718	11462400.000000
2013-11-07	-0.014672	0.072929	0.075021	0.052165	-0.683639	10832400.000000
2013-11-06	0.008360	0.075244	0.083089	0.067940	0.386306	8878800.000000
2013-11-05	0.004837	0.062178	0.076259	0.060112	0.222416	11058000.000000
2013-11-04	-0.013758	0.070620	0.072335	0.051907	-0.641502	11089200.000000
2013-11-01	0.012661	0.080211	0.091179	0.077877	0.582973	13233600.000000
2013-10-31	-0.035080	0.032363	0.042055	0.017746	-1.673961	24035200.000000
2013-10-30	-0.002056	0.071073	0.071282	0.054238	-0.098332	11946400.000000
2013-10-29	0.005712	0.069935	0.079242	0.069935	0.271569	8599600.000000
2013-10-28	0.000099	0.070514	0.075405	0.064624	0.004703	6854400.000000
2013-10-25	0.000739	0.072200	0.073042	0.060517	0.035099	11014400.000000
2013-10-24	0.020212	0.073093	0.091938	0.071697	0.941170	8885600.000000
2013-10-23	-0.005451	0.060890	0.063186	0.052881	-0.255188	7476400.000000
2013-10-22	-0.000300	0.067885	0.081924	0.065003	-0.014046	12202800.000000
2013-10-21	-0.002045	0.071028	0.074384	0.061493	-0.095989	11526000.000000
2013-10-18	0.010944	0.070201	0.082427	0.060669	0.508038	14387200.000000
2013-10-17	0.013546	0.068050	0.084862	0.066959	0.620418	12605200.000000
2013-10-16	0.022261	0.073691	0.092607	0.070455	0.997353	10382800.000000
2013-10-15	-0.010701	0.065568	0.073242	0.056405	-0.484639	10567600.000000
2013-10-14	0.006452	0.057665	0.076666	0.055720	0.290314	8922400.000000
2013-10-11	0.016770	0.066532	0.085739	0.059189	0.742150	11915200.000000
2013-10-10	0.028175	0.079971	0.098441	0.077706	1.212738	10865600.000000
2013-10-09	0.007232	0.072921	0.080527	0.053674	0.309040	13448000.000000
2013-10-08	-0.020394	0.067316	0.079580	0.045940	-0.889649	16039600.000000
2013-10-07	-0.021787	0.053649	0.053649	0.044511	-0.971592	11785200.000000
2013-10-04	0.009700	0.067775	0.081983	0.064209	0.428437	9365600.000000
2013-10-03	-0.016526	0.068778	0.069446	0.045119	-0.742161	19646000.000000
2013-10-02	-0.007246	0.060537	0.066616	0.055563	-0.327763	8712400.000000
2013-10-01	0.011094	0.068893	0.081857	0.062076	0.496327	9384800.000000
2013-09-30	-0.010101	0.055386	0.061803	0.052344	-0.456536	9561600.000000
2013-09-27	-0.002635	0.059170	0.068659	0.058177	-0.119396	7258400.000000
2013-09-26	0.010441	0.072793	0.084221	0.068389	0.468239	9326400.000000
2013-09-25	-0.009207	0.067445	0.071477	0.053140	-0.416729	10594800.000000
2013-09-24	-0.014778	0.067832	0.070879	0.048134	-0.678948	15296400.000000
2013-09-23	-0.013026	0.063159	0.078734	0.052633	-0.606376	19551600.000000
2013-09-20	0.021160	0.071067	0.090427	0.063225	0.964573	57707200.000000
2013-09-19	0.005474	0.072684	0.091819	0.069817	0.248169	14966400.000000
2013-09-18	0.010699	0.061255	0.081208	0.059862	0.479946	10474800.000000
2013-09-17	0.011722	0.067493	0.082041	0.063208	0.519741	10400800.000000
2013-09-16	0.002011	0.078906	0.079584	0.067154	0.088970	11380800.000000
2013-09-13	0.021290	0.070313	0.092297	0.068640	0.922424	16403600.000000
2013-09-12	-0.006709	0.068520	0.076429	0.060668	-0.292637	14212000.000000
2013-09-11	0.009318	0.070204	0.079055	0.058113	0.402680	11006000.000000
2013-09-10	0.033828	0.090917	0.104313	0.084458	1.414078	19507200.000000
2013-09-09	0.010641	0.071519	0.079799	0.071519	0.440143	10801600.000000
2013-09-06	0.002611	0.068499	0.078013	0.060802	0.107697	6697200.000000
2013-09-05	0.000113	0.067468	0.070923	0.062014	0.004680	7406800.000000
2013-09-04	-0.004689	0.067108	0.073020	0.057155	-0.194316	9753200.000000
2013-09-03	0.014907	0.077689	0.092198	0.072913	0.608711	12550400.000000
2013-08-30	-0.005417	0.068075	0.068623	0.058333	-0.222416	9886400.000000
2013-08-29	0.000913	0.067222	0.080448	0.065272	0.037456	9404800.000000
2013-08-28	0.005971	0.062927	0.077764	0.062927	0.243493	15672000.000000
2013-08-27	-0.004743	0.055506	0.068320	0.053004	-0.194325	12762400.000000
2013-08-26	-0.022892	0.069978	0.069978	0.043208	-0.959896	13789200.000000
2013-08-23	0.001006	0.076665	0.077799	0.060073	0.042149	9807200.000000
2013-08-22	0.002971	0.075314	0.086029	0.059631	0.124076	10586400.000000
2013-08-21	0.029847	0.068078	0.118875	0.063517	1.210404	30930800.000000
2013-08-20	-0.010058	0.065574	0.069602	0.055139	-0.412045	14135200.000000
2013-08-19	0.010686	0.062898	0.091023	0.062158	0.433117	11982000.000000
2013-08-16	-0.004600	0.066543	0.072743	0.058193	-0.187298	12612400.000000
2013-08-15	-0.024783	0.062443	0.062683	0.038494	-1.034809	17288400.000000
2013-08-14	0.002473	0.077435	0.089319	0.070473	0.103016	15338800.000000
2013-08-13	-0.002948	0.080183	0.081021	0.069291	-0.123173	11407200.000000
2013-08-12	-0.000278	0.073302	0.076772	0.067319	-0.011619	13622400.000000
2013-08-09	-0.005366	0.075873	0.079146	0.068495	-0.225430	10028400.000000
2013-08-08	-0.003363	0.081804	0.082693	0.067096	-0.141754	9626800.000000
2013-08-07	-0.008202	0.067049	0.070520	0.058168	-0.348587	15556400.000000
2013-08-06	-0.008941	0.073831	0.074414	0.054244	-0.383453	19986800.000000
2013-08-05	0.002935	0.075755	0.082420	0.068739	0.125488	11479600.000000
2013-08-02	0.026958	0.090465	0.105295	0.085782	1.122475	21698400.000000
2013-08-01	0.012203	0.104622	0.104622	0.053086	0.501972	74287200.000000
2013-07-31	-0.075376	0.088735	0.095197	-0.039160	-3.353462	90073600.000000
2013-07-30	-0.002761	0.079845	0.082647	0.071159	-0.123169	13911200.000000
2013-07-29	-0.006366	0.073861	0.077369	0.064897	-0.285847	5776400.000000
2013-07-26	-0.007245	0.072383	0.075699	0.060387	-0.327682	8709200.000000
2013-07-25	0.042088	0.100236	0.129038	0.100236	1.826629	21923200.000000
2013-07-24	-0.009704	0.082657	0.082999	0.059097	-0.425289	13993600.000000
2013-07-23	-0.013806	0.072998	0.077161	0.060677	-0.613522	11710800.000000
2013-07-22	0.006845	0.077397	0.083628	0.071959	0.302117	7930400.000000
2013-07-19	-0.005707	0.076149	0.081274	0.066687	-0.253311	9048400.000000
2013-07-18	0.007224	0.078988	0.085738	0.077513	0.318390	5938400.000000
2013-07-17	0.001373	0.070415	0.078992	0.068711	0.060413	11118000.000000
2013-07-16	-0.004573	0.075415	0.078469	0.066990	-0.202183	7515200.000000
2013-07-15	-0.002464	0.080154	0.082016	0.070565	-0.109218	14529200.000000
2013-07-12	0.004001	0.075415	0.080115	0.071167	0.176612	7782800.000000
2013-07-11	0.017461	0.090966	0.095115	0.080479	0.757611	14235200.000000
2013-07-10	-0.002671	0.076617	0.079260	0.067767	-0.116200	15523200.000000
2013-07-09	-0.004785	0.080616	0.083933	0.067176	-0.209152	23330400.000000
2013-07-08	-0.014099	0.080322	0.086919	0.060362	-0.625141	19588000.000000
2013-07-05	0.020049	0.086280	0.097725	0.078400	0.871479	8495600.000000
2013-07-03	0.009717	0.069599	0.088531	0.068147	0.418304	4533200.000000
2013-07-02	0.000108	0.074941	0.086325	0.070179	0.004654	8749200.000000
2013-07-01	0.013516	0.082524	0.103480	0.080935	0.574017	11616000.000000
2013-06-28	-0.008195	0.075755	0.078440	0.063845	-0.350918	12656400.000000
2013-06-27	0.008815	0.080408	0.089595	0.074871	0.374161	11102400.000000
2013-06-26	0.012079	0.084219	0.091670	0.075814	0.506614	10392800.000000
2013-06-25	0.012341	0.084987	0.094522	0.077143	0.511273	12721600.000000
2013-06-24	-0.006852	0.067424	0.075635	0.052861	-0.285847	15527600.000000
2013-06-21	0.005828	0.085038	0.094080	0.077804	0.241688	17923200.000000
2013-06-20	-0.022833	0.069275	0.074871	0.051192	-0.969086	15534000.000000
2013-06-19	-0.007500	0.077158	0.082302	0.067102	-0.320705	12220800.000000
2013-06-18	0.009103	0.072038	0.092745	0.072038	0.385773	7579200.000000
2013-06-17	0.007848	0.084019	0.092343	0.079144	0.330005	14779200.000000
2013-06-14	-0.007243	0.074574	0.077112	0.063123	-0.306766	7427200.000000
2013-06-13	0.017304	0.075755	0.097432	0.073113	0.720436	9760400.000000
2013-06-12	-0.002839	0.081623	0.081623	0.070066	-0.118530	9994800.000000
2013-06-11	-0.014644	0.065253	0.073513	0.059411	-0.620491	7856400.000000
2013-06-10	0.013282	0.079342	0.094886	0.073901	0.555427	13779200.000000
2013-06-07	0.003290	0.083552	0.085651	0.076954	0.137108	13899200.000000
2013-06-06	0.012019	0.072538	0.089109	0.070777	0.495010	14664800.000000
2013-06-05	-0.016537	0.073784	0.075695	0.055815	-0.692547	12176800.000000
2013-06-04	0.000055	0.071038	0.085068	0.066859	0.002324	13528400.000000
2013-06-03	0.011508	0.079438	0.091093	0.071950	0.476413	15232400.000000
2013-05-31	-0.015964	0.073021	0.077953	0.058343	-0.671627	12514400.000000
2013-05-30	0.016223	0.076962	0.099004	0.076962	0.671627	9628000.000000
2013-05-29	-0.010498	0.070914	0.076770	0.064043	-0.439235	7490400.000000
2013-05-28	-0.002327	0.087618	0.088214	0.071105	-0.097603	9937200.000000
2013-05-24	0.013195	0.074426	0.093875	0.068507	0.546142	12306400.000000
2013-05-23	-0.011325	0.065244	0.071992	0.057660	-0.474094	16906000.000000
2013-05-22	-0.007767	0.078895	0.092760	0.067163	-0.327679	19563200.000000
2013-05-21	-0.000331	0.075340	0.082152	0.068528	-0.013950	13422800.000000
2013-05-20	-0.016037	0.071908	0.077678	0.053781	-0.687882	21192000.000000
2013-05-17	0.026529	0.082216	0.104354	0.080062	1.108521	13248800.000000
2013-05-16	-0.010784	0.075636	0.075636	0.064036	-0.455502	9913600.000000
2013-05-15	0.015419	0.081764	0.092522	0.079841	0.641423	13624400.000000
2013-05-14	0.007768	0.083990	0.099192	0.081931	0.320663	16074800.000000
2013-05-13	0.001007	0.082657	0.093933	0.079929	0.041523	12480000.000000
2013-05-10	0.000952	0.084294	0.086358	0.077437	0.039219	13837600.000000
2013-05-09	-0.003793	0.083506	0.087436	0.077461	-0.156872	11501200.000000
2013-05-08	-0.002948	0.081699	0.081940	0.071090	-0.122265	14449200.000000
2013-05-07	0.005031	0.087322	0.089564	0.073571	0.207623	11876400.000000
2013-05-06	-0.003620	0.082481	0.091112	0.075177	-0.149941	13084000.000000
2013-05-03	0.023603	0.093326	0.117298	0.090051	0.955071	15026400.000000
2013-05-02	0.056499	0.109667	0.172722	0.109667	2.163895	30677200.000000
2013-05-01	-0.014484	0.074231	0.082401	0.052423	-0.562897	12252400.000000
2013-04-30	0.003336	0.088141	0.096596	0.084591	0.129196	12161600.000000
2013-04-29	0.004006	0.086928	0.091917	0.083234	0.154564	10694400.000000
2013-04-26	-0.009066	0.083687	0.089082	0.073285	-0.352963	6127200.000000
2013-04-25	0.010176	0.089201	0.105872	0.086153	0.392182	9322800.000000
2013-04-24	0.008451	0.083688	0.096182	0.083295	0.322975	7447200.000000
2013-04-23	0.013025	0.088592	0.097935	0.083688	0.491379	6324000.000000
2013-04-22	-0.002623	0.081110	0.086265	0.073972	-0.099201	5403600.000000
2013-04-19	0.015798	0.088186	0.101815	0.085970	0.588268	7620400.000000
2013-04-18	-0.005055	0.086092	0.091436	0.077275	-0.189175	21010800.000000
2013-04-17	-0.015057	0.077305	0.079213	0.065463	-0.572120	9543600.000000
2013-04-16	0.021204	0.092825	0.107271	0.091817	0.788970	10092000.000000
2013-04-15	-0.026908	0.076299	0.077999	0.054527	-1.028896	10774000.000000
2013-04-12	-0.011156	0.072632	0.078580	0.067395	-0.431389	7076800.000000
2013-04-11	0.003773	0.083752	0.089593	0.078690	0.145333	6590000.000000
2013-04-10	0.013596	0.085135	0.100461	0.085135	0.516758	8996400.000000
2013-04-09	-0.009261	0.087207	0.087533	0.068829	-0.355259	6004400.000000
2013-04-08	0.006842	0.086837	0.091627	0.079226	0.260673	6125600.000000
2013-04-05	-0.007929	0.068911	0.076788	0.064875	-0.304512	7962400.000000
2013-04-04	0.010501	0.088095	0.095396	0.085398	0.399098	8903600.000000
2013-04-03	-0.019053	0.086720	0.087430	0.060007	-0.738217	16624800.000000
2013-04-02	0.003585	0.090616	0.093724	0.083428	0.138409	9582000.000000
2013-04-01	-0.014661	0.083113	0.091025	0.064929	-0.574417	13235200.000000
2013-03-28	0.006996	0.084266	0.098466	0.080282	0.272213	12456400.000000
2013-03-27	0.007166	0.078187	0.095142	0.071068	0.276832	13371200.000000
2013-03-26	0.021097	0.089634	0.108665	0.087256	0.798195	17264800.000000
2013-03-25	0.024424	0.088155	0.112051	0.086463	0.902016	19336800.000000
2013-03-22	0.014512	0.086503	0.099895	0.083138	0.528282	18790400.000000
2013-03-21	-0.009603	0.077702	0.086408	0.073281	-0.352959	14883200.000000
2013-03-20	0.021347	0.090634	0.111266	0.088689	0.768223	16070400.000000
2013-03-19	-0.013096	0.083207	0.092463	0.067302	-0.477547	17652400.000000
2013-03-18	-0.003027	0.075007	0.087994	0.068992	-0.110725	15162800.000000
2013-03-15	-0.013133	0.079438	0.083553	0.069320	-0.486763	17599600.000000
2013-03-14	0.008094	0.083891	0.095247	0.083211	0.297585	14853600.000000
2013-03-13	-0.002691	0.081653	0.087756	0.077245	-0.099190	11021600.000000
2013-03-12	-0.008562	0.080326	0.082276	0.069232	-0.318360	8340800.000000
2013-03-11	0.003174	0.088409	0.089960	0.081934	0.117653	6742000.000000
2013-03-08	0.000997	0.089291	0.089696	0.079502	0.036915	9571600.000000
2013-03-07	-0.003415	0.082409	0.088532	0.074200	-0.126884	8687200.000000
2013-03-06	0.004804	0.087541	0.093220	0.083079	0.177643	7516000.000000
2013-03-05	0.004953	0.087696	0.099179	0.086134	0.182247	10267600.000000
2013-03-04	0.008982	0.081494	0.093696	0.080054	0.327568	6570000.000000
2013-03-01	-0.003530	0.078838	0.085191	0.070094	-0.129174	13212000.000000
2013-02-28	-0.007694	0.086873	0.086873	0.073113	-0.283760	11228000.000000
2013-02-27	0.012925	0.081078	0.099274	0.080049	0.470620	8318000.000000
2013-02-26	0.012445	0.084522	0.102457	0.084522	0.447544	11354000.000000
2013-02-25	-0.022204	0.082124	0.089941	0.059625	-0.816662	11183200.000000
2013-02-22	0.012640	0.089607	0.098417	0.078525	0.459083	11738000.000000
2013-02-21	0.012997	0.081596	0.103699	0.079295	0.466000	14220800.000000
2013-02-20	-0.013895	0.080318	0.083688	0.067048	-0.505215	15688800.000000
2013-02-19	-0.002405	0.083825	0.089175	0.074565	-0.087669	13210000.000000
2013-02-15	0.012886	0.086258	0.098277	0.082020	0.463695	17884400.000000
2013-02-14	0.007818	0.082497	0.096851	0.080396	0.279137	12760000.000000
2013-02-13	-0.004566	0.090448	0.097000	0.074348	-0.163784	13917600.000000
2013-02-12	0.003006	0.096453	0.102465	0.093517	0.107514	9805600.000000
2013-02-11	-0.009316	0.091364	0.095450	0.080006	-0.336274	11032400.000000
2013-02-08	0.004712	0.095254	0.105970	0.093166	0.169278	12914000.000000
2013-02-07	-0.023380	0.080384	0.085888	0.066656	-0.860104	20182800.000000
2013-02-06	0.008087	0.090764	0.102137	0.086654	0.295101	15056800.000000
2013-02-05	0.018385	0.099655	0.113469	0.093934	0.658798	11105200.000000
2013-02-04	-0.012046	0.087443	0.091785	0.079103	-0.436916	10532000.000000
2013-02-01	0.004116	0.100432	0.103754	0.089012	0.148682	12738400.000000
2013-01-31	0.018709	0.121019	0.124544	0.102336	0.663387	16685600.000000
2013-01-30	-0.010532	0.095190	0.109840	0.079563	-0.377445	18708000.000000
2013-01-29	0.001983	0.088624	0.098060	0.084290	0.070915	11664000.000000
2013-01-28	-0.021834	0.095896	0.097948	0.068684	-0.798344	13532000.000000
2013-01-25	0.001755	0.095354	0.096860	0.089258	0.064049	6701600.000000
2013-01-24	0.003206	0.094606	0.100584	0.091857	0.116661	6794000.000000
2013-01-23	0.000000	0.087665	0.099141	0.086223	0.000000	7108800.000000
2013-01-22	0.004928	0.095719	0.102624	0.089504	0.178429	6918000.000000
2013-01-18	-0.010070	0.083591	0.083660	0.069783	-0.368286	13812400.000000
2013-01-17	-0.001998	0.098345	0.098959	0.088863	-0.073208	7833600.000000
2013-01-16	-0.001558	0.090572	0.095136	0.085123	-0.057186	5464400.000000
2013-01-15	-0.001245	0.087242	0.092888	0.082276	-0.045739	6696000.000000
2013-01-14	-0.003165	0.093701	0.097296	0.081970	-0.116676	8877600.000000
2013-01-11	0.004050	0.087918	0.097927	0.086011	0.148697	9578000.000000
2013-01-10	-0.007912	0.094509	0.099508	0.075865	-0.292805	16313600.000000
2013-01-09	0.015248	0.106878	0.114765	0.095288	0.555859	17552800.000000
2013-01-08	0.009310	0.091227	0.103063	0.086797	0.336273	11800400.000000
2013-01-07	0.007144	0.094073	0.106830	0.093097	0.256199	10242400.000000
2013-01-04	0.008167	0.093591	0.104766	0.087828	0.290520	10376000.000000
2013-01-03	0.000772	0.105056	0.111879	0.088949	0.027446	14937200.000000
2013-01-02	0.025069	0.111490	0.124323	0.109831	0.869259	15826400.000000
2012-12-31	0.019711	0.090682	0.114650	0.090682	0.670246	12868000.000000
2012-12-28	-0.005020	0.086012	0.096765	0.084476	-0.171558	6973600.000000
2012-12-27	-0.002404	0.092377	0.099383	0.079314	-0.082355	11976800.000000
2012-12-26	-0.009393	0.093611	0.093683	0.078574	-0.324830	7614400.000000
2012-12-24	0.002719	0.088974	0.099049	0.088974	0.093792	3272000.000000
2012-12-21	-0.011085	0.082207	0.089447	0.074967	-0.386600	13930400.000000
2012-12-20	0.022124	0.098163	0.117433	0.094060	0.754883	10863200.000000
2012-12-19	-0.010350	0.093468	0.093758	0.081504	-0.356850	8640400.000000
2012-12-18	0.010662	0.092008	0.110622	0.089736	0.363705	11869600.000000
2012-12-17	0.015734	0.094004	0.110083	0.093483	0.528423	13903200.000000
2012-12-14	-0.002582	0.090512	0.096526	0.085835	-0.086925	9579200.000000
2012-12-13	-0.004598	0.094588	0.101904	0.085572	-0.155545	13042800.000000
2012-12-12	-0.006851	0.098686	0.099494	0.085034	-0.233337	18319600.000000
2012-12-11	0.001614	0.090976	0.105165	0.090976	0.054901	14492800.000000
2012-12-10	0.000740	0.094359	0.098185	0.090828	0.025158	9288800.000000
2012-12-07	0.000539	0.097673	0.098850	0.087882	0.018310	7557200.000000
2012-12-06	0.002769	0.095766	0.099088	0.085506	0.093781	9124000.000000
2012-12-05	0.003184	0.099700	0.099700	0.081854	0.107513	11971200.000000
2012-12-04	-0.007064	0.095388	0.097373	0.082300	-0.240177	9100800.000000
2012-12-03	-0.007147	0.095005	0.100261	0.083617	-0.244774	11736800.000000
2012-11-30	0.010325	0.093920	0.105795	0.091634	0.349991	14048000.000000
2012-11-29	0.006043	0.097637	0.100605	0.092517	0.203594	12572800.000000
2012-11-28	0.003475	0.087304	0.097132	0.086261	0.116661	10358400.000000
2012-11-27	-0.003191	0.091923	0.097267	0.086060	-0.107501	9981600.000000
2012-11-26	-0.005874	0.089125	0.089125	0.080345	-0.199021	8623600.000000
2012-11-23	0.009955	0.097657	0.103767	0.090950	0.333965	4454400.000000
2012-11-21	0.002187	0.091992	0.097070	0.088407	0.073204	6565200.000000
2012-11-20	0.004737	0.092062	0.105869	0.089211	0.157841	9566400.000000
2012-11-19	0.020601	0.102767	0.115479	0.100163	0.672528	15120400.000000
2012-11-16	0.019357	0.093044	0.120600	0.093044	0.619918	16632400.000000
2012-11-15	0.000357	0.093278	0.097027	0.081799	0.011437	13717600.000000
2012-11-14	-0.008361	0.104271	0.109150	0.081427	-0.269924	13608000.000000
2012-11-13	-0.005515	0.098181	0.115047	0.097026	-0.179032	10149200.000000
2012-11-12	0.002169	0.096087	0.109670	0.096087	0.070252	8943600.000000
2012-11-09	0.006124	0.094257	0.116698	0.089288	0.197162	11799600.000000
2012-11-08	-0.003507	0.099937	0.108449	0.097848	-0.113304	10133200.000000
2012-11-07	-0.009037	0.092988	0.101040	0.085244	-0.294624	10431600.000000
2012-11-06	0.016678	0.110750	0.129148	0.106228	0.534851	9089200.000000
2012-11-05	-0.013250	0.098110	0.106879	0.086340	-0.430603	13864000.000000
2012-11-02	-0.003336	0.104490	0.122507	0.099430	-0.108784	18498000.000000
2012-11-01	0.036898	0.119486	0.147628	0.115352	1.160353	21310000.000000
2012-10-31	0.003254	0.097447	0.116349	0.095852	0.101986	14271200.000000
2012-10-26	0.005525	0.105355	0.113856	0.097656	0.172235	12148800.000000
2012-10-25	0.007766	0.113940	0.120971	0.103352	0.240239	15875600.000000
2012-10-24	-0.001098	0.110052	0.117076	0.101495	-0.034003	11478000.000000
2012-10-23	-0.016978	0.094777	0.095015	0.078746	-0.534841	11923200.000000
2012-10-22	-0.006930	0.101849	0.103740	0.087821	-0.219838	9782800.000000
2012-10-19	-0.013462	0.106453	0.106842	0.086627	-0.432872	10134400.000000
2012-10-18	-0.004770	0.101562	0.107288	0.092045	-0.154099	11241600.000000
2012-10-17	0.009917	0.103110	0.115691	0.100296	0.317274	10126000.000000
2012-10-16	0.009079	0.105554	0.117935	0.104135	0.287825	8324400.000000
2012-10-15	0.005535	0.105013	0.111990	0.098987	0.174505	9694400.000000
2012-10-12	0.000503	0.105648	0.110567	0.098191	0.015862	8116000.000000
2012-10-11	0.011861	0.109371	0.122455	0.109291	0.369409	14057600.000000
2012-10-10	0.004973	0.102222	0.113113	0.099721	0.154106	8050400.000000
2012-10-09	-0.014202	0.106768	0.108438	0.087284	-0.446453	9978000.000000
2012-10-08	-0.011051	0.093200	0.097133	0.089740	-0.351280	6803600.000000
2012-10-05	0.004224	0.111561	0.118274	0.101767	0.133713	11280800.000000
2012-10-04	0.008302	0.105340	0.113462	0.100561	0.260624	8475600.000000
2012-10-03	0.018529	0.108382	0.124199	0.103029	0.571115	11717600.000000
2012-10-02	-0.005339	0.101981	0.106095	0.093025	-0.165432	10041600.000000
2012-10-01	0.018245	0.107957	0.132848	0.107957	0.555243	14700800.000000
2012-09-28	0.002763	0.103686	0.108958	0.097590	0.083843	9431600.000000
2012-09-27	0.010489	0.104691	0.117427	0.103110	0.315022	8432800.000000
2012-09-26	-0.015161	0.099667	0.103110	0.085238	-0.462330	10637200.000000
2012-09-25	0.006131	0.103934	0.116802	0.102120	0.185838	15398400.000000
2012-09-24	-0.009333	0.095837	0.102864	0.090935	-0.285556	10530000.000000
2012-09-21	0.002898	0.108765	0.114091	0.105486	0.088398	29225600.000000
2012-09-20	-0.001336	0.099018	0.103519	0.092307	-0.040804	12779600.000000
2012-09-19	0.008454	0.104843	0.118461	0.103687	0.256097	11976800.000000
2012-09-18	-0.001569	0.096683	0.102945	0.092068	-0.047590	13192400.000000
2012-09-17	-0.002831	0.104835	0.108040	0.097933	-0.086130	10649200.000000
2012-09-14	-0.005408	0.105316	0.105725	0.093058	-0.165436	13289600.000000
2012-09-13	0.011389	0.098894	0.129477	0.095836	0.344485	15745200.000000
2012-09-12	0.014982	0.104452	0.119804	0.103865	0.446460	14656000.000000
2012-09-11	0.021837	0.104824	0.135342	0.104224	0.636839	15890400.000000
2012-09-10	-0.007941	0.092139	0.104556	0.092139	-0.233433	11633600.000000
2012-09-07	0.001622	0.103195	0.107028	0.096040	0.047591	10789200.000000
2012-09-06	0.014811	0.108037	0.119448	0.104752	0.428339	15698400.000000
2012-09-05	-0.007081	0.106028	0.107230	0.089634	-0.206234	12698800.000000
