2017-09-01	-0.001042	0.001042	0.002085	-0.004169	-0.050003	11446900.000000
2017-08-31	-0.003117	0.002909	0.005819	-0.003948	-0.149998	14237700.000000
2017-08-30	-0.008040	-0.003710	-0.002886	-0.010513	-0.389999	10758400.000000
2017-08-29	-0.002057	-0.005143	0.003086	-0.005760	-0.100003	6044100.000000
2017-08-28	-0.001438	-0.000616	0.001438	-0.007601	-0.069999	6329400.000000
2017-08-25	0.007659	0.003519	0.013869	0.002484	0.369999	9846700.000000
2017-08-24	0.000621	0.001450	0.005800	-0.002071	0.030002	8898200.000000
2017-08-23	-0.001448	-0.001861	0.006618	-0.003309	-0.069999	8909200.000000
2017-08-22	0.004362	-0.000208	0.006232	-0.007478	0.209999	11005500.000000
2017-08-21	0.009436	0.002936	0.016985	0.000000	0.450000	10556800.000000
2017-08-18	-0.004176	-0.000835	0.001253	-0.007935	-0.200000	16919100.000000
2017-08-17	-0.010742	-0.000826	0.000826	-0.010742	-0.520001	10638000.000000
2017-08-16	-0.001444	-0.002269	0.001031	-0.005363	-0.070000	9447000.000000
2017-08-15	-0.006150	-0.004510	-0.003895	-0.012095	-0.299999	11164800.000000
2017-08-14	0.014981	0.002289	0.015397	0.001873	0.719998	11003700.000000
2017-08-11	0.000833	0.003748	0.004373	-0.006664	0.040001	10420500.000000
2017-08-10	-0.004148	-0.000830	-0.000207	-0.007466	-0.200001	13005200.000000
2017-08-09	-0.007819	-0.001646	0.000823	-0.010700	-0.379997	18887100.000000
2017-08-08	-0.005321	-0.002251	0.001842	-0.008801	-0.260003	10901200.000000
2017-08-07	-0.001022	-0.002453	0.001022	-0.004703	-0.049999	10448700.000000
2017-08-04	0.006172	-0.001234	0.006172	-0.009669	0.299999	13841700.000000
2017-08-03	0.008297	-0.002489	0.008297	-0.005600	0.400002	15190100.000000
2017-08-02	-0.013909	0.000205	0.000818	-0.020249	-0.680000	19233400.000000
2017-08-01	0.010124	0.005785	0.025413	0.002686	0.489997	33498200.000000
2017-07-31	0.009595	-0.001877	0.013141	-0.009595	0.460003	28456800.000000
2017-07-28	0.002719	-0.002301	0.011922	-0.014432	0.129998	25296500.000000
2017-07-27	0.076802	0.041892	0.077477	0.034910	3.409999	44702500.000000
2017-07-26	0.009550	0.018645	0.019327	0.006821	0.420002	19045200.000000
2017-07-25	0.006177	0.004347	0.010524	0.002288	0.270001	9818800.000000
2017-07-24	-0.011757	-0.001809	-0.000452	-0.012435	-0.520001	11895200.000000
2017-07-21	0.000226	0.000226	0.002035	-0.009046	0.009999	11426600.000000
2017-07-20	0.017722	0.001151	0.026007	0.000690	0.770000	19309100.000000
2017-07-19	0.002076	-0.000231	0.004151	-0.003690	0.090000	13940800.000000
2017-07-18	-0.006871	0.000000	0.002978	-0.009162	-0.299999	15417100.000000
2017-07-17	0.002296	0.001607	0.006887	0.000000	0.099999	10804200.000000
2017-07-14	0.001610	0.003219	0.007588	-0.001840	0.069999	11986800.000000
2017-07-13	0.006247	-0.001620	0.007404	-0.004165	0.270001	12140500.000000
2017-07-12	0.007694	0.003497	0.011425	0.002565	0.330002	11388900.000000
2017-07-11	-0.007176	0.000231	0.000463	-0.009259	-0.310002	13249500.000000
2017-07-10	-0.006440	0.000000	0.000690	-0.006900	-0.279999	12272500.000000
2017-07-07	-0.000919	0.000230	0.001838	-0.007123	-0.040000	12198500.000000
2017-07-06	-0.012525	-0.002314	0.000408	-0.012525	-0.552002	16854300.000000
2017-07-05	-0.007778	0.014241	0.014466	0.000507	-0.345467	14853400.000000
2017-07-03	0.007613	0.011981	0.022643	0.009712	0.335598	9732000.000000
2017-06-30	0.005629	0.017906	0.020871	0.011974	0.246765	13204700.000000
2017-06-29	-0.009590	0.012211	0.014471	0.002948	-0.424435	17913000.000000
2017-06-28	0.000000	0.016278	0.021927	0.009500	0.000000	18703600.000000
2017-06-27	-0.019891	-0.004158	-0.000172	-0.007701	-0.898220	20187200.000000
2017-06-26	0.007931	0.014454	0.026284	0.014454	0.355339	10105500.000000
2017-06-23	-0.000660	0.013338	0.014007	0.010438	-0.029609	10069700.000000
2017-06-22	0.000220	0.014454	0.017131	0.007983	0.009868	10511300.000000
2017-06-21	-0.011537	0.013335	0.014879	-0.005630	-0.523136	15027200.000000
2017-06-20	-0.013528	0.009417	0.009634	-0.004941	-0.621845	16756100.000000
2017-06-19	-0.001287	0.013115	0.013115	0.005728	-0.059227	9773500.000000
2017-06-16	-0.000214	0.017894	0.020935	0.006381	-0.009869	22573900.000000
2017-06-15	-0.001071	0.010728	0.016153	0.008992	-0.049350	10984100.000000
2017-06-14	0.004950	0.016822	0.020093	0.012025	0.227020	9817600.000000
2017-06-13	-0.015469	0.015477	0.015691	-0.003845	-0.720547	15194600.000000
2017-06-12	0.010060	0.013115	0.030029	0.013115	0.463913	18929100.000000
2017-06-09	0.011474	0.012676	0.026056	0.009167	0.523140	11698800.000000
2017-06-08	-0.006667	0.013115	0.014422	0.002221	-0.305988	11717800.000000
2017-06-07	0.001292	0.014860	0.018787	0.011370	0.059223	8648100.000000
2017-06-06	0.001510	0.013115	0.022728	0.010275	0.069096	11610500.000000
2017-06-05	-0.001507	0.007225	0.012679	0.003952	-0.069096	8538200.000000
2017-06-02	-0.001505	0.015729	0.027927	0.008976	-0.069092	18552800.000000
2017-06-01	-0.002787	0.014635	0.014635	0.001385	-0.128319	14219400.000000
2017-05-31	0.009524	0.018159	0.029562	0.014431	0.434304	22811100.000000
2017-05-30	0.019418	0.011774	0.035693	0.011774	0.868610	16442300.000000
2017-05-26	0.000221	0.011773	0.016022	0.011550	0.009869	5906500.000000
2017-05-25	0.005995	0.013340	0.020763	0.012440	0.266506	11206400.000000
2017-05-24	-0.009675	0.012447	0.013338	-0.000919	-0.434303	15846000.000000
2017-05-23	0.000000	0.013115	0.015343	0.011333	0.000000	8066300.000000
2017-05-22	0.001321	0.012446	0.016238	0.009992	0.059223	9290100.000000
2017-05-19	0.008437	0.015814	0.022112	0.006817	0.375080	12787800.000000
2017-05-18	0.012590	0.013570	0.031564	0.012887	0.552749	15648700.000000
2017-05-17	-0.018318	0.013115	0.013115	-0.005891	-0.819255	21333500.000000
2017-05-16	-0.001543	0.012222	0.019143	0.010213	-0.069096	14813500.000000
2017-05-15	-0.010035	0.014662	0.015325	0.000075	-0.454044	20379700.000000
2017-05-12	-0.003911	0.015316	0.016197	0.008492	-0.177670	14470900.000000
2017-05-11	-0.007762	0.011586	0.012896	0.004377	-0.355339	12435800.000000
2017-05-10	-0.000862	0.012679	0.017698	0.010714	-0.039478	12669600.000000
2017-05-09	-0.004504	0.010725	0.012246	0.002903	-0.207287	14349000.000000
2017-05-08	-0.001285	0.013766	0.014200	0.004435	-0.059219	15561700.000000
2017-05-05	0.017655	0.017531	0.031884	0.015765	0.799511	17133000.000000
2017-05-04	-0.005851	0.013773	0.013773	0.004553	-0.266507	20767700.000000
2017-05-03	0.005228	0.015542	0.020618	0.011350	0.236897	19568100.000000
2017-05-02	0.000654	0.015765	0.017973	0.010465	0.029610	13397800.000000
2017-05-01	-0.000653	0.016425	0.018411	0.012453	-0.029610	14455200.000000
2017-04-28	-0.016285	0.012464	0.012464	-0.003817	-0.750160	25922800.000000
2017-04-27	-0.014569	0.013115	0.013757	-0.001859	-0.681073	16838500.000000
2017-04-26	0.014133	0.014200	0.031121	0.011379	0.651459	29343800.000000
2017-04-25	-0.007439	0.011177	0.017852	0.002995	-0.345470	30033500.000000
2017-04-24	-0.004233	0.010542	0.015473	0.006897	-0.197411	23161900.000000
2017-04-21	-0.023962	0.002860	0.008092	-0.013673	-1.144981	31278300.000000
2017-04-20	-0.010830	-0.008000	0.006491	-0.012348	-0.523140	30398200.000000
2017-04-19	-0.005689	0.017643	0.019907	0.006322	-0.276379	18837300.000000
2017-04-18	0.008400	0.009171	0.027229	0.007511	0.404694	19691300.000000
2017-04-17	0.003908	0.014365	0.023117	0.014365	0.187542	10507100.000000
2017-04-13	-0.006132	0.010630	0.013115	0.005867	-0.296116	9487000.000000
2017-04-12	0.004517	0.009578	0.018108	0.005626	0.217152	10455800.000000
2017-04-11	0.003296	0.012489	0.017498	0.008106	0.157928	13096200.000000
2017-04-10	-0.002466	0.014364	0.017695	0.008743	-0.118446	10859400.000000
2017-04-07	0.004749	0.014161	0.023365	0.009559	0.227020	17269600.000000
2017-04-06	-0.000248	0.014746	0.016419	0.007426	-0.011845	18456100.000000
2017-04-05	-0.005881	0.027698	0.030193	0.018966	-0.282867	14327600.000000
2017-04-04	0.002643	0.023535	0.028122	0.018949	0.126804	8952800.000000
2017-04-03	0.008821	0.024783	0.035718	0.021838	0.419430	14307400.000000
2017-03-31	-0.006319	0.026039	0.026039	0.018725	-0.302383	19299100.000000
2017-03-30	-0.001425	0.022490	0.027499	0.020404	-0.068280	11623000.000000
2017-03-29	-0.003448	0.024787	0.026659	0.019588	-0.165817	11160800.000000
2017-03-28	0.003256	0.022491	0.029584	0.015398	0.156067	12856300.000000
2017-03-27	-0.010870	0.025203	0.026854	0.009520	-0.526730	13270900.000000
2017-03-24	0.000806	0.026442	0.029127	0.022312	0.039021	9310700.000000
2017-03-23	-0.001408	0.026028	0.028709	0.019222	-0.068279	9644900.000000
2017-03-22	-0.008971	0.024590	0.027656	0.009874	-0.438939	14950400.000000
2017-03-21	-0.001592	0.030101	0.033161	0.022754	-0.078037	15196500.000000
2017-03-20	-0.002977	0.025813	0.029679	0.020117	-0.146309	9456000.000000
2017-03-17	0.006994	0.028276	0.033193	0.024793	0.341397	21071300.000000
2017-03-16	-0.001994	0.022750	0.027452	0.019274	-0.097542	10861200.000000
2017-03-15	0.015802	0.023126	0.043688	0.023126	0.760822	12660800.000000
2017-03-14	-0.002224	0.024581	0.028519	0.020644	-0.107296	8496600.000000
2017-03-13	0.002432	0.024788	0.028943	0.020633	0.117054	10488800.000000
2017-03-10	0.001420	0.029780	0.030196	0.021458	0.068279	11181600.000000
2017-03-09	0.002441	0.026663	0.031251	0.023535	0.117051	10590000.000000
2017-03-08	-0.005663	0.022300	0.022922	0.014006	-0.273117	14206500.000000
2017-03-07	-0.011793	0.024588	0.025818	0.011474	-0.575497	12896900.000000
2017-03-06	-0.001198	0.023975	0.026431	0.020086	-0.058525	10827300.000000
2017-03-03	0.002201	0.025203	0.028485	0.021511	0.107296	11071600.000000
2017-03-02	0.003413	0.022733	0.029525	0.020881	0.165817	10773400.000000
2017-03-01	0.003627	0.023757	0.032433	0.019832	0.175579	16095600.000000
2017-02-28	-0.006207	0.025614	0.027051	0.014323	-0.302380	17699200.000000
2017-02-27	-0.013043	0.022975	0.024190	0.008994	-0.643772	14029500.000000
2017-02-24	0.005764	0.024592	0.038245	0.024592	0.282868	14357900.000000
2017-02-23	0.012885	0.031602	0.042335	0.025203	0.624267	16212000.000000
2017-02-22	0.004855	0.026655	0.030803	0.026240	0.234101	13653400.000000
2017-02-21	0.004879	0.031873	0.035624	0.026037	0.234100	19206000.000000
2017-02-17	0.015064	0.022030	0.042974	0.018222	0.712051	23190700.000000
2017-02-16	0.007904	0.024137	0.034585	0.021152	0.370659	18706900.000000
2017-02-15	-0.003936	0.019469	0.021592	0.015221	-0.185329	19297100.000000
2017-02-14	-0.005767	0.020135	0.023514	0.013378	-0.273113	20847200.000000
2017-02-13	-0.008779	0.010342	0.017668	0.006365	-0.419430	18305300.000000
2017-02-10	0.003483	0.027934	0.031714	0.022683	0.165817	12317400.000000
2017-02-09	0.009097	0.025203	0.037708	0.025203	0.429184	13577300.000000
2017-02-08	0.006869	0.027551	0.036514	0.026484	0.321888	13962800.000000
2017-02-07	0.000208	0.027338	0.027978	0.020294	0.009754	12771900.000000
2017-02-06	-0.011322	0.027102	0.027102	0.011697	-0.536480	16151400.000000
2017-02-03	0.006214	0.028813	0.032423	0.026265	0.292629	15166400.000000
2017-02-02	-0.002273	0.028381	0.029440	0.014822	-0.107299	17787200.000000
2017-02-01	-0.012650	0.032106	0.032734	0.009305	-0.604756	26004100.000000
2017-01-31	-0.007292	0.021881	0.027280	0.016066	-0.351150	16844200.000000
2017-01-30	-0.004637	0.022930	0.030164	0.016522	-0.224346	12148700.000000
2017-01-27	0.009772	0.030004	0.037935	0.028334	0.468200	18369300.000000
2017-01-26	-0.013060	0.004192	0.019024	-0.000751	-0.634021	37877100.000000
2017-01-25	-0.006983	0.012521	0.021521	-0.000979	-0.341397	30398600.000000
2017-01-24	-0.043694	-0.016853	-0.006486	-0.026047	-2.233703	43484700.000000
2017-01-23	-0.005880	0.020147	0.024814	0.014702	-0.302380	15695500.000000
2017-01-20	0.006875	0.029902	0.041650	0.029119	0.351151	15473700.000000
2017-01-19	0.002105	0.031089	0.032855	0.023830	0.107295	13286100.000000
2017-01-18	-0.009291	0.020927	0.027147	0.014901	-0.477954	12930900.000000
2017-01-17	0.003616	0.025203	0.031836	0.024228	0.185329	11383500.000000
2017-01-13	-0.002468	0.025982	0.029485	0.019949	-0.126804	9458700.000000
2017-01-12	0.004194	0.024617	0.033606	0.021490	0.214592	11052100.000000
2017-01-11	-0.005686	0.022483	0.025009	0.015099	-0.292622	16142800.000000
2017-01-10	0.001519	0.025398	0.034544	0.012359	0.078030	11787400.000000
2017-01-09	-0.010890	0.024433	0.025396	0.013846	-0.565739	14097200.000000
2017-01-06	-0.014835	0.017769	0.019855	0.006960	-0.782288	15615000.000000
2017-01-05	0.002201	0.041105	0.042056	0.031983	0.115815	13840600.000000
2017-01-04	-0.001099	0.035594	0.040530	0.031418	-0.057911	18316100.000000
2017-01-03	0.022480	0.047423	0.061204	0.042958	1.158123	22891700.000000
2016-12-30	-0.006699	0.032501	0.034236	0.025174	-0.347435	12440800.000000
2016-12-29	0.005614	0.039073	0.045083	0.037521	0.289531	7150800.000000
2016-12-28	-0.003729	0.035971	0.039834	0.030948	-0.193023	6849500.000000
2016-12-27	-0.000745	0.036357	0.039059	0.031531	-0.038605	6255400.000000
2016-12-23	0.000559	0.036164	0.038095	0.032108	0.028954	7193800.000000
2016-12-22	0.012837	0.033817	0.051226	0.031274	0.656265	11101500.000000
2016-12-21	-0.002824	0.035579	0.042211	0.033238	-0.144764	9656700.000000
2016-12-20	0.003969	0.036556	0.046935	0.036556	0.202671	10366900.000000
2016-12-19	0.012244	0.040327	0.053212	0.032596	0.617664	13407000.000000
2016-12-16	0.008879	0.041164	0.045564	0.037164	0.443943	21262500.000000
2016-12-15	0.003486	0.030946	0.046199	0.028538	0.173718	13963600.000000
2016-12-14	-0.013942	0.038143	0.042101	0.017364	-0.704521	19920400.000000
2016-12-13	0.011592	0.042570	0.048375	0.042170	0.579063	12211500.000000
2016-12-12	0.005244	0.037170	0.055080	0.035963	0.260571	16186400.000000
2016-12-09	0.007041	0.035353	0.046297	0.031908	0.347435	10101500.000000
2016-12-08	-0.004866	0.033139	0.034147	0.028097	-0.241272	11502900.000000
2016-12-07	0.020254	0.043571	0.058179	0.037810	0.984401	16280600.000000
2016-12-06	0.012261	0.044495	0.054284	0.036372	0.588707	13581500.000000
2016-12-05	-0.001205	0.034708	0.041781	0.034708	-0.057907	13074700.000000
2016-12-02	-0.001203	0.038865	0.045514	0.030554	-0.057899	10650700.000000
2016-12-01	-0.000601	0.034088	0.038033	0.023913	-0.028958	12982800.000000
2016-11-30	-0.020801	0.027828	0.031488	0.014611	-1.023002	20698900.000000
2016-11-29	-0.003130	0.034340	0.036772	0.029070	-0.154415	11532800.000000
2016-11-28	0.008881	0.032074	0.047002	0.031665	0.434295	15982400.000000
2016-11-25	0.008760	0.035958	0.047922	0.034926	0.424641	8087100.000000
2016-11-23	0.014953	0.032186	0.060451	0.031977	0.714172	21456700.000000
2016-11-22	0.024426	0.039810	0.064047	0.037451	1.138813	22030000.000000
2016-11-21	0.004993	0.035948	0.042415	0.032931	0.231625	10773300.000000
2016-11-18	0.004808	0.036381	0.043961	0.030316	0.221977	12820600.000000
2016-11-17	-0.001878	0.036596	0.041352	0.033570	-0.086861	12436300.000000
2016-11-16	0.011822	0.038789	0.049507	0.035070	0.540455	17328400.000000
2016-11-15	0.025769	0.043568	0.062865	0.040652	1.148465	18672200.000000
2016-11-14	-0.010923	0.036608	0.039715	0.021073	-0.492196	21820200.000000
2016-11-11	0.000000	0.036386	0.040825	0.032169	0.000000	16371500.000000
2016-11-10	-0.024446	0.036164	0.036597	0.003689	-1.129169	24311700.000000
2016-11-09	0.004407	0.022247	0.045515	0.010505	0.202675	20871900.000000
2016-11-08	0.004003	0.038347	0.044679	0.036382	0.183368	9436100.000000
2016-11-07	0.008071	0.042987	0.044747	0.033083	0.366730	14705200.000000
2016-11-04	0.004481	0.038375	0.045228	0.036606	0.202679	14410200.000000
2016-11-03	-0.001491	0.037047	0.043449	0.032853	-0.067558	12605100.000000
2016-11-02	-0.015107	0.038121	0.038121	0.018771	-0.694874	16488200.000000
2016-11-01	-0.009147	0.040903	0.042196	0.023885	-0.424637	13229400.000000
2016-10-31	-0.002282	0.036809	0.038098	0.032725	-0.106163	12459400.000000
2016-10-28	-0.006799	0.036591	0.041074	0.026772	-0.318485	10660100.000000
2016-10-27	0.019106	0.038557	0.059659	0.036164	0.878235	22330700.000000
2016-10-26	-0.004389	0.033998	0.040712	0.030533	-0.202664	15049200.000000
2016-10-25	-0.007675	0.036164	0.037884	0.027137	-0.357086	16441200.000000
2016-10-24	0.000207	0.047128	0.051857	0.034659	0.009647	19414700.000000
2016-10-21	-0.019129	0.028784	0.031525	0.011072	-0.907192	24785000.000000
2016-10-20	-0.024613	0.018888	0.019505	0.005725	-1.196720	27098200.000000
2016-10-19	0.002188	0.039874	0.043584	0.037813	0.106159	10364900.000000
2016-10-18	-0.003173	0.039863	0.039863	0.028356	-0.154411	10873900.000000
2016-10-17	0.002983	0.034722	0.042553	0.031424	0.144764	10724600.000000
2016-10-14	-0.000199	0.037194	0.042757	0.035752	-0.009655	8853200.000000
2016-10-13	-0.000199	0.034722	0.038430	0.026276	-0.009651	11156900.000000
2016-10-12	0.008016	0.037410	0.048208	0.036995	0.386039	8880100.000000
2016-10-11	-0.005778	0.034306	0.036577	0.025016	-0.279876	11737900.000000
2016-10-10	0.005409	0.042599	0.044051	0.030145	0.260574	10687700.000000
2016-10-07	-0.006765	0.040287	0.041937	0.029155	-0.328129	13816800.000000
2016-10-06	-0.000199	0.037195	0.041317	0.029980	-0.009655	11724000.000000
2016-10-05	-0.008129	0.036328	0.038985	0.022834	-0.397617	17190900.000000
2016-10-04	-0.011951	0.045759	0.049193	0.030205	-0.591618	13753300.000000
2016-10-03	-0.001924	0.045158	0.051207	0.040320	-0.095421	9120300.000000
2016-09-30	-0.002686	0.054214	0.057029	0.044764	-0.133590	13077600.000000
2016-09-29	0.001152	0.043552	0.055026	0.042143	0.057251	10804700.000000
2016-09-28	-0.008192	0.044387	0.046983	0.034405	-0.410309	13279100.000000
2016-09-27	0.006520	0.051196	0.058230	0.044967	0.324428	8259000.000000
2016-09-26	-0.007801	0.045788	0.047981	0.037214	-0.391224	10559000.000000
2016-09-23	0.004011	0.046980	0.057390	0.043977	0.200387	13014800.000000
2016-09-22	0.009254	0.053638	0.060507	0.050607	0.458023	12751900.000000
2016-09-21	0.011703	0.050025	0.063107	0.047572	0.572532	14434700.000000
2016-09-20	0.001367	0.056168	0.060262	0.046548	0.066792	14006300.000000
2016-09-19	-0.013107	0.048183	0.049597	0.030609	-0.648869	14578500.000000
2016-09-16	-0.001924	0.046166	0.047779	0.040723	-0.095421	19932300.000000
2016-09-15	0.009516	0.047981	0.060396	0.040450	0.467564	13007400.000000
2016-09-14	0.000778	0.050833	0.056332	0.044926	0.038174	11941800.000000
2016-09-13	-0.021305	0.037615	0.039010	0.019673	-1.068730	17602400.000000
2016-09-12	0.014473	0.046565	0.068609	0.045756	0.715668	15678600.000000
2016-09-09	-0.033209	0.038792	0.040942	0.012201	-1.698505	18258500.000000
2016-09-08	-0.002048	0.045835	0.051298	0.042518	-0.104962	9005300.000000
2016-09-07	0.003738	0.047785	0.053465	0.043477	0.190846	10612300.000000
2016-09-06	0.011914	0.052143	0.067006	0.046990	0.601146	17235600.000000
2016-09-02	0.006088	0.052766	0.059545	0.047183	0.305355	13275300.000000
2016-09-01	0.004395	0.044176	0.055591	0.042173	0.219468	9988800.000000
2016-08-31	0.001148	0.046978	0.051790	0.044172	0.057251	10390500.000000
2016-08-30	-0.004381	0.049578	0.049777	0.038599	-0.219468	9161900.000000
2016-08-29	0.008258	0.053818	0.060459	0.049792	0.410313	11960400.000000
2016-08-26	-0.012891	0.045796	0.053146	0.031094	-0.648865	15105300.000000
2016-08-25	0.004188	0.047981	0.053168	0.043991	0.209931	8680100.000000
2016-08-24	-0.001900	0.046388	0.049773	0.038821	-0.095425	8900700.000000
2016-08-23	0.001522	0.050175	0.053365	0.046186	0.076336	7775100.000000
2016-08-22	0.001907	0.050578	0.052776	0.042386	0.095421	8183900.000000
2016-08-19	-0.007944	0.048377	0.048774	0.033907	-0.400768	11991000.000000
2016-08-18	-0.005642	0.043645	0.045813	0.035169	-0.286263	11204900.000000
2016-08-17	0.007771	0.050762	0.056125	0.040433	0.391228	12930100.000000
2016-08-16	-0.015855	0.045831	0.046026	0.030778	-0.811089	13933100.000000
2016-08-15	-0.000746	0.048176	0.051888	0.045637	-0.038170	8250900.000000
2016-08-12	-0.003899	0.049927	0.050316	0.041365	-0.200386	7655000.000000
2016-08-11	0.000929	0.047981	0.051486	0.046618	0.047711	7824800.000000
2016-08-10	0.002795	0.051106	0.054230	0.046614	0.143135	8875700.000000
2016-08-09	0.001306	0.048176	0.051696	0.042897	0.066799	7906200.000000
2016-08-08	-0.000932	0.047981	0.049935	0.043292	-0.047710	9830400.000000
2016-08-05	-0.005377	0.048175	0.049147	0.036322	-0.276726	13460100.000000
2016-08-04	0.000557	0.049925	0.052647	0.046620	0.028625	11309800.000000
2016-08-03	-0.001852	0.051086	0.051862	0.040800	-0.095421	10429400.000000
2016-08-02	-0.009174	0.047019	0.049712	0.032982	-0.477108	18428200.000000
2016-08-01	-0.016423	0.051196	0.055735	0.028311	-0.868335	17434600.000000
2016-07-29	0.010026	0.050464	0.064409	0.050082	0.524818	15508900.000000
2016-07-28	-0.008315	0.045708	0.045897	0.035099	-0.438938	10672300.000000
2016-07-27	0.009305	0.050658	0.060027	0.040906	0.486649	17074600.000000
2016-07-26	-0.018973	0.047606	0.055109	0.025847	-1.011467	18753900.000000
2016-07-25	-0.004100	0.047981	0.047981	0.039388	-0.219471	10848700.000000
2016-07-22	0.013184	0.049306	0.063690	0.048359	0.696579	10973200.000000
2016-07-21	-0.004495	0.046285	0.048923	0.040821	-0.238553	9802100.000000
2016-07-20	-0.001436	0.045723	0.047416	0.040643	-0.076339	12008700.000000
2016-07-19	-0.004112	0.048543	0.049293	0.040861	-0.219471	10270100.000000
2016-07-18	0.001612	0.048544	0.050984	0.046479	0.085880	9623300.000000
2016-07-15	0.000000	0.051922	0.052485	0.043477	0.000000	13949700.000000
2016-07-14	-0.002857	0.040870	0.049852	0.040870	-0.152672	11098500.000000
2016-07-13	0.009555	0.050059	0.058750	0.046092	0.505726	11405600.000000
2016-07-12	-0.008224	0.044608	0.048543	0.037488	-0.438934	14897600.000000
2016-07-11	0.000537	0.045169	0.049856	0.038795	0.028625	12434700.000000
2016-07-08	0.009390	0.048170	0.060281	0.040979	0.496193	15946200.000000
2016-07-07	-0.015642	0.045000	0.045746	0.026373	-0.839710	13574100.000000
2016-07-06	0.005271	0.052569	0.054816	0.038337	0.281494	15761500.000000
2016-07-05	0.005335	0.060255	0.072115	0.060255	0.283405	20703200.000000
2016-07-01	0.006984	0.058750	0.067092	0.053822	0.368424	16092300.000000
2016-06-30	0.014166	0.062598	0.075095	0.053370	0.736854	22143300.000000
2016-06-29	0.004378	0.058561	0.067830	0.058561	0.226716	18184100.000000
2016-06-28	0.001461	0.058948	0.063395	0.050826	0.075572	17780600.000000
2016-06-27	0.005695	0.051365	0.067118	0.047864	0.292855	22570200.000000
2016-06-24	-0.004390	0.054688	0.069210	0.048105	-0.226723	43842700.000000
2016-06-23	0.011845	0.065810	0.071296	0.061892	0.604595	12329900.000000
2016-06-22	-0.001294	0.061105	0.064431	0.056409	-0.066124	12959200.000000
2016-06-21	0.006324	0.061121	0.072935	0.052260	0.321186	11893000.000000
2016-06-20	-0.000372	0.062891	0.066631	0.051672	-0.018894	14344300.000000
2016-06-17	0.005986	0.057967	0.064897	0.049650	0.302300	18836300.000000
2016-06-16	0.011734	0.058561	0.071382	0.053152	0.585701	11914500.000000
2016-06-15	-0.002831	0.058161	0.062956	0.053966	-0.141705	10289000.000000
2016-06-14	0.007989	0.054534	0.069233	0.053527	0.396771	10735900.000000
2016-06-13	-0.001899	0.055144	0.061777	0.049718	-0.094471	12394200.000000
2016-06-10	0.013859	0.056727	0.076492	0.053874	0.680168	15629000.000000
2016-06-09	0.008346	0.061026	0.068423	0.055479	0.406208	9790700.000000
2016-06-08	-0.004444	0.053651	0.057538	0.048129	-0.217278	10546200.000000
2016-06-07	0.020509	0.056265	0.085281	0.056265	0.982476	15210900.000000
2016-06-06	-0.004124	0.061471	0.062095	0.052948	-0.198384	10075600.000000
2016-06-03	0.002954	0.058561	0.063356	0.055225	0.141701	9461600.000000
2016-06-02	0.006742	0.059401	0.065698	0.052054	0.321186	8721100.000000
2016-06-01	-0.009234	0.057937	0.060225	0.044419	-0.444000	10670800.000000
2016-05-31	0.005532	0.063998	0.069853	0.057934	0.264515	15834500.000000
2016-05-27	0.009171	0.063415	0.073334	0.058983	0.434551	10640100.000000
2016-05-26	0.006219	0.058561	0.067692	0.057287	0.292850	11044000.000000
2016-05-25	0.005446	0.059628	0.067742	0.054718	0.255063	9490400.000000
2016-05-24	0.008954	0.063300	0.068901	0.059853	0.415660	11827300.000000
2016-05-23	-0.010471	0.058561	0.061119	0.045558	-0.491233	13263100.000000
2016-05-20	0.000604	0.062187	0.062187	0.055148	0.028339	15345800.000000
2016-05-19	-0.015082	0.050368	0.050788	0.031882	-0.717957	16022400.000000
2016-05-18	-0.010020	0.058977	0.061264	0.041091	-0.481788	10443100.000000
2016-05-17	-0.006441	0.057941	0.061040	0.046990	-0.311741	10466800.000000
2016-05-16	0.005693	0.055028	0.066665	0.052327	0.273956	7903400.000000
2016-05-13	-0.010297	0.057327	0.058972	0.045810	-0.500679	9561300.000000
2016-05-12	0.006256	0.060010	0.067874	0.057319	0.302296	9917100.000000
2016-05-11	-0.007567	0.057329	0.061847	0.049113	-0.368427	8508900.000000
2016-05-10	0.009005	0.064778	0.068301	0.062498	0.434551	7903500.000000
2016-05-09	-0.000782	0.060632	0.064980	0.056283	-0.037781	8719800.000000
2016-05-06	0.005507	0.060018	0.064807	0.053772	0.264511	9778000.000000
2016-05-05	0.000000	0.061684	0.062725	0.054188	0.000000	10788800.000000
2016-05-04	0.003157	0.054383	0.065036	0.048535	0.151146	9033800.000000
2016-05-03	-0.012471	0.054229	0.058561	0.038759	-0.604591	12815300.000000
2016-05-02	0.007460	0.064379	0.069159	0.060639	0.358974	11103800.000000
2016-04-29	-0.001568	0.057109	0.059183	0.050677	-0.075573	13684800.000000
2016-04-28	-0.012962	0.050574	0.055899	0.042792	-0.632934	13055600.000000
2016-04-27	0.024782	0.058981	0.087312	0.058981	1.180847	17012400.000000
2016-04-26	-0.006304	0.063149	0.063566	0.048551	-0.302296	10064300.000000
2016-04-25	0.004154	0.058142	0.066937	0.052907	0.198383	12439500.000000
2016-04-22	0.010394	0.061100	0.071256	0.058984	0.491230	17823300.000000
2016-04-21	-0.033237	0.034219	0.036674	0.011923	-1.624851	32172200.000000
2016-04-20	-0.006336	0.059984	0.061406	0.050024	-0.311741	15412500.000000
2016-04-19	0.006766	0.059993	0.067565	0.059789	0.330639	11393400.000000
2016-04-18	0.007400	0.058561	0.069899	0.055056	0.358979	14313900.000000
2016-04-15	-0.000195	0.056912	0.061240	0.053202	-0.009446	11862000.000000
2016-04-14	0.001365	0.058354	0.063927	0.057529	0.066121	10083300.000000
2016-04-13	-0.012704	0.061006	0.061414	0.035943	-0.623482	19752900.000000
2016-04-12	0.006588	0.059587	0.070457	0.058561	0.321193	12335000.000000
2016-04-11	-0.010924	0.062213	0.063024	0.044766	-0.538471	14975900.000000
2016-04-08	0.003461	0.062632	0.070368	0.059579	0.170040	12197900.000000
2016-04-07	-0.028401	0.038782	0.042342	0.023948	-1.435909	23076300.000000
2016-04-06	-0.000093	0.060440	0.060440	0.050749	-0.004723	12993600.000000
2016-04-05	-0.006064	0.068949	0.071111	0.060496	-0.308486	12979100.000000
2016-04-04	0.007591	0.070131	0.077855	0.065576	0.383274	11402700.000000
2016-04-01	-0.001294	0.054702	0.069933	0.050350	-0.065442	13807100.000000
2016-03-31	0.000740	0.069141	0.074090	0.067359	0.037392	12428600.000000
2016-03-30	-0.000185	0.072110	0.076068	0.062808	-0.009346	14528300.000000
2016-03-29	0.012172	0.071938	0.083357	0.067732	0.607632	10770500.000000
2016-03-28	-0.002987	0.069735	0.073130	0.062545	-0.149574	8527100.000000
2016-03-24	0.012285	0.066298	0.084090	0.064680	0.607627	15096400.000000
2016-03-23	-0.005638	0.068126	0.070137	0.061894	-0.280448	9716100.000000
2016-03-22	-0.004304	0.069334	0.070135	0.062929	-0.215004	10852000.000000
2016-03-21	0.003757	0.068730	0.076767	0.065314	0.186962	10679000.000000
2016-03-18	-0.007272	0.073325	0.074123	0.061956	-0.364575	23209400.000000
2016-03-17	0.007893	0.071142	0.081797	0.069333	0.392617	16401500.000000
2016-03-16	0.010253	0.069735	0.084155	0.064251	0.504806	11866400.000000
2016-03-15	0.002474	0.063627	0.073807	0.063627	0.121521	11295700.000000
2016-03-14	0.000190	0.070142	0.074215	0.063626	0.009346	11729400.000000
2016-03-11	0.004014	0.076482	0.079140	0.068099	0.196312	15223900.000000
2016-03-10	-0.000382	0.074027	0.076275	0.062582	-0.018696	15102100.000000
2016-03-09	-0.002287	0.071570	0.079931	0.060355	-0.112171	15466600.000000
2016-03-08	0.004788	0.066457	0.080799	0.063998	0.233696	14306500.000000
2016-03-07	0.007721	0.063954	0.080884	0.061270	0.373928	14907500.000000
2016-03-04	-0.001542	0.066849	0.072003	0.061695	-0.074783	13957600.000000
2016-03-03	-0.004413	0.070145	0.071787	0.059267	-0.215012	15404500.000000
2016-03-02	0.012826	0.069735	0.085118	0.064122	0.616982	14791100.000000
2016-03-01	0.014390	0.075218	0.085339	0.075007	0.682411	12003300.000000
2016-02-29	-0.005684	0.066380	0.077283	0.062816	-0.271099	15986300.000000
2016-02-26	-0.001761	0.070572	0.074549	0.065758	-0.084133	13011500.000000
2016-02-25	0.005706	0.071419	0.079839	0.068893	0.271099	12358700.000000
2016-02-24	0.003753	0.062128	0.074806	0.060016	0.177604	11244900.000000
2016-02-23	-0.008616	0.067640	0.068059	0.054863	-0.411316	11594600.000000
2016-02-22	0.004129	0.069735	0.075834	0.067842	0.196312	12456000.000000
2016-02-19	-0.001570	0.065535	0.072465	0.056505	-0.074779	15607000.000000
2016-02-18	0.012321	0.065483	0.086317	0.062082	0.579586	19678500.000000
2016-02-17	0.001592	0.073355	0.077400	0.066328	0.074779	15228900.000000
2016-02-16	0.002594	0.072510	0.073791	0.058421	0.121529	16360000.000000
2016-02-12	0.014578	0.072984	0.087062	0.068868	0.673061	20990900.000000
2016-02-11	-0.011805	0.061602	0.072303	0.054539	-0.551540	30521000.000000
2016-02-10	-0.003390	0.070588	0.073361	0.058429	-0.158920	18633100.000000
2016-02-09	-0.011628	0.055399	0.066994	0.040430	-0.551533	22633900.000000
2016-02-08	-0.004512	0.061969	0.066167	0.044550	-0.215008	27058100.000000
2016-02-05	0.010708	0.067402	0.086068	0.067189	0.504799	25790300.000000
2016-02-04	-0.003754	0.064451	0.069312	0.049659	-0.177624	19594300.000000
2016-02-03	0.014226	0.077022	0.084952	0.059232	0.663720	20309800.000000
2016-02-02	-0.016745	0.066574	0.066995	0.046342	-0.794587	21607000.000000
2016-02-01	0.015810	0.069093	0.092213	0.063741	0.738503	28536600.000000
2016-01-29	0.019588	0.078029	0.091125	0.074319	0.897419	29082600.000000
2016-01-28	-0.000408	0.070389	0.079117	0.057517	-0.018696	20085200.000000
2016-01-27	0.016166	0.070622	0.097227	0.069735	0.729153	33795700.000000
2016-01-26	0.025941	0.072010	0.097940	0.070190	1.140472	22620900.000000
2016-01-25	-0.000213	0.070644	0.086563	0.058364	-0.009357	24298800.000000
2016-01-22	0.025507	0.082328	0.098886	0.072767	1.093734	23075700.000000
2016-01-21	0.032643	0.083703	0.115732	0.069976	1.355477	31354100.000000
2016-01-20	-0.010029	0.058053	0.067351	0.043987	-0.420662	28290200.000000
2016-01-19	0.009903	0.077199	0.083699	0.072143	0.411316	20364300.000000
2016-01-15	-0.009806	0.049947	0.062106	0.045656	-0.411316	27774500.000000
2016-01-14	0.016308	0.071431	0.094933	0.067312	0.673057	18435000.000000
2016-01-13	-0.017360	0.074020	0.077830	0.049497	-0.729152	19291000.000000
2016-01-12	-0.003548	0.073294	0.073531	0.056449	-0.149567	15123000.000000
2016-01-11	0.005800	0.076416	0.079280	0.064247	0.243050	14226200.000000
2016-01-08	-0.009719	0.078951	0.080841	0.056266	-0.411316	16594800.000000
2016-01-07	-0.005492	0.060335	0.073260	0.057515	-0.233704	19277600.000000
2016-01-06	-0.009035	0.059372	0.070084	0.054481	-0.387947	19082700.000000
2016-01-05	0.013734	0.090683	0.098946	0.077227	0.581776	15632800.000000
2016-01-04	-0.007573	0.070006	0.075629	0.062743	-0.323212	17821600.000000
2015-12-31	-0.011760	0.077104	0.080114	0.069926	-0.507900	11394800.000000
2015-12-30	-0.009320	0.082663	0.082663	0.069359	-0.406315	8970700.000000
2015-12-29	0.009840	0.088220	0.094011	0.084977	0.424793	7667100.000000
2015-12-28	0.000856	0.080806	0.085907	0.079415	0.036938	6254900.000000
2015-12-24	-0.005112	0.081970	0.083354	0.074820	-0.221634	4279900.000000
2015-12-23	0.013164	0.086865	0.101821	0.084061	0.563309	12685500.000000
2015-12-22	0.009586	0.089970	0.096104	0.081713	0.406311	11181500.000000
2015-12-21	0.007463	0.086933	0.091449	0.081942	0.313976	10360600.000000
2015-12-18	-0.011714	0.078195	0.081483	0.070208	-0.498661	31635100.000000
2015-12-17	-0.008815	0.082427	0.087083	0.071717	-0.378616	15508600.000000
2015-12-16	0.021076	0.091927	0.107142	0.086459	0.886516	18808300.000000
2015-12-15	0.002200	0.084560	0.092661	0.077174	0.092343	16742600.000000
2015-12-14	0.014056	0.083376	0.099322	0.079510	0.581775	16723100.000000
2015-12-11	-0.011033	0.082893	0.083609	0.068795	-0.461723	16481900.000000
2015-12-10	-0.000882	0.085519	0.090055	0.079073	-0.036938	10347100.000000
2015-12-09	-0.007440	0.080049	0.093082	0.069149	-0.313976	13467900.000000
2015-12-08	-0.007816	0.073723	0.081247	0.068316	-0.332443	13776100.000000
2015-12-07	0.007657	0.076970	0.092606	0.076733	0.323208	13192100.000000
2015-12-04	0.025808	0.087267	0.112541	0.086538	1.061969	14158600.000000
2015-12-03	-0.008014	0.081928	0.086027	0.068669	-0.332439	17077700.000000
2015-12-02	-0.014480	0.079804	0.082180	0.066024	-0.609486	12160400.000000
2015-12-01	0.002860	0.084322	0.093376	0.080033	0.120053	10580000.000000
2015-11-30	0.004864	0.083371	0.092709	0.076428	0.203163	19400000.000000
2015-11-27	0.006901	0.080964	0.094223	0.080723	0.286270	4108300.000000
2015-11-25	-0.005975	0.080976	0.081455	0.075704	-0.249333	7013900.000000
2015-11-24	0.004445	0.077116	0.091317	0.075431	0.184685	11127400.000000
2015-11-23	-0.008812	0.080984	0.085517	0.072157	-0.369377	10290100.000000
2015-11-20	-0.008086	0.087626	0.088336	0.072480	-0.341675	12229700.000000
2015-11-19	0.008374	0.084324	0.094585	0.082177	0.350910	9320900.000000
2015-11-18	0.006655	0.082893	0.091300	0.070882	0.277039	13585600.000000
2015-11-17	0.000888	0.082171	0.089625	0.080248	0.036934	10657500.000000
2015-11-16	0.018313	0.083627	0.103458	0.081668	0.747997	10112500.000000
2015-11-13	-0.013384	0.080477	0.086757	0.068158	-0.554073	12615600.000000
2015-11-12	-0.010812	0.075724	0.077397	0.069751	-0.452488	11053500.000000
2015-11-11	0.004878	0.089135	0.093457	0.083613	0.203159	7904000.000000
2015-11-10	-0.004415	0.082175	0.083610	0.070940	-0.184696	9996700.000000
2015-11-09	-0.010485	0.076979	0.077216	0.065152	-0.443252	10743200.000000
2015-11-06	-0.009091	0.077970	0.078908	0.061563	-0.387856	14144400.000000
2015-11-05	0.001301	0.084301	0.089699	0.081954	0.055416	11646900.000000
2015-11-04	-0.006674	0.085923	0.087555	0.073334	-0.286270	9702000.000000
2015-11-03	-0.007054	0.081041	0.082198	0.069003	-0.304745	11900900.000000
2015-11-02	-0.002133	0.086127	0.087513	0.074577	-0.092338	11689100.000000
2015-10-30	0.010345	0.083593	0.096429	0.080092	0.443252	14753200.000000
2015-10-29	-0.001721	0.083126	0.084756	0.071710	-0.073875	7902300.000000
2015-10-28	0.006714	0.089225	0.097669	0.080313	0.286270	11447300.000000
2015-10-27	-0.004098	0.078922	0.081491	0.074717	-0.175461	9540400.000000
2015-10-26	0.004333	0.086646	0.092042	0.082658	0.184693	10802500.000000
2015-10-23	0.005884	0.088792	0.093276	0.084072	0.249336	13285100.000000
2015-10-22	0.022960	0.085789	0.107998	0.085789	0.951153	15378600.000000
2015-10-21	-0.008400	0.087680	0.094143	0.070206	-0.350911	17081800.000000
2015-10-20	0.012081	0.088222	0.109541	0.085073	0.498665	19627900.000000
2015-10-19	0.000000	0.077563	0.085800	0.072233	0.000000	17547400.000000
2015-10-16	0.000672	0.088953	0.090165	0.077559	0.027706	15620900.000000
2015-10-15	0.015458	0.089047	0.100370	0.084616	0.627938	11774000.000000
2015-10-14	-0.008341	0.080451	0.087287	0.072396	-0.341671	19559200.000000
2015-10-13	0.001354	0.078981	0.087781	0.078981	0.055408	11566400.000000
2015-10-12	0.003170	0.083383	0.086571	0.079214	0.129284	9886700.000000
2015-10-09	-0.001583	0.084117	0.090237	0.077261	-0.064644	11981200.000000
2015-10-08	0.008666	0.078694	0.094253	0.075484	0.350914	10280900.000000
2015-10-07	0.008162	0.089988	0.095217	0.082021	0.327824	11897000.000000
2015-10-06	0.001364	0.096959	0.107680	0.096461	0.054695	15087900.000000
2015-10-05	0.027077	0.107202	0.127174	0.107202	1.057468	14484600.000000
2015-10-02	-0.002793	0.086490	0.095427	0.077553	-0.109394	22336700.000000
2015-10-01	-0.012641	0.096455	0.100237	0.076286	-0.501384	22323500.000000
2015-09-30	-0.000460	0.104519	0.108803	0.090659	-0.018235	20380600.000000
2015-09-29	-0.004801	0.097962	0.103480	0.086928	-0.191436	15652500.000000
2015-09-28	-0.010855	0.091750	0.095967	0.083812	-0.437573	15265200.000000
2015-09-25	0.002948	0.102682	0.107906	0.096462	0.118508	17514800.000000
2015-09-24	0.002501	0.092220	0.102447	0.091472	0.100276	14438300.000000
2015-09-23	-0.010128	0.095231	0.098194	0.083874	-0.410228	11670300.000000
2015-09-22	-0.008259	0.087900	0.090348	0.080064	-0.337292	12368600.000000
2015-09-21	0.005161	0.098190	0.104835	0.095975	0.209675	10584300.000000
2015-09-18	-0.014592	0.095262	0.097687	0.077315	-0.601658	26889300.000000
2015-09-17	-0.020784	0.078198	0.086510	0.057536	-0.875153	31675000.000000
2015-09-16	-0.003882	0.098615	0.099325	0.090572	-0.164085	11932500.000000
2015-09-15	0.015772	0.103447	0.118586	0.098882	0.656353	12023000.000000
2015-09-14	-0.001749	0.098159	0.100797	0.093841	-0.072922	9677800.000000
2015-09-11	0.005939	0.096477	0.103957	0.092133	0.246132	11227400.000000
2015-09-10	0.001542	0.096476	0.102276	0.088259	0.063812	16412900.000000
2015-09-09	-0.010680	0.105806	0.106284	0.083331	-0.446697	14423600.000000
2015-09-08	0.023650	0.115560	0.123392	0.106749	0.966316	14056500.000000
2015-09-04	-0.019685	0.088082	0.088082	0.071047	-0.820461	16045100.000000
2015-09-03	0.008159	0.103732	0.116310	0.101071	0.337307	12480800.000000
2015-09-02	0.010022	0.111618	0.111618	0.093783	0.410217	17197600.000000
2015-09-01	-0.024125	0.075025	0.085992	0.065250	-1.011882	21096300.000000
2015-08-31	-0.001302	0.094102	0.097674	0.086006	-0.054696	14785800.000000
2015-08-28	-0.002598	0.093872	0.096247	0.084135	-0.109394	12783900.000000
2015-08-27	0.022808	0.112019	0.124408	0.097202	0.938961	21488000.000000
2015-08-26	0.038161	0.119151	0.142603	0.109568	1.513276	30856900.000000
2015-08-25	-0.027716	0.121968	0.121968	0.066556	-1.130402	27851500.000000
2015-08-24	-0.029501	0.055318	0.091486	-0.094354	-1.239788	36096800.000000
2015-08-21	-0.016638	0.086898	0.096257	0.078708	-0.711056	21305300.000000
2015-08-20	-0.011804	0.087941	0.095803	0.084010	-0.510506	13785900.000000
2015-08-19	-0.000421	0.095341	0.102507	0.088176	-0.018230	12543800.000000
2015-08-18	-0.001263	0.097883	0.100884	0.092573	-0.054699	8581400.000000
2015-08-17	0.000632	0.092109	0.099962	0.090261	0.027348	7784300.000000
2015-08-14	-0.003567	0.096039	0.096269	0.091666	-0.154972	8769500.000000
2015-08-13	-0.003971	0.095125	0.099023	0.088706	-0.173203	11168500.000000
2015-08-12	0.005252	0.090046	0.103643	0.085437	0.227905	15939800.000000
2015-08-11	0.007834	0.104159	0.119721	0.102766	0.337284	18511000.000000
2015-08-10	0.018766	0.100745	0.120148	0.100745	0.793114	13529500.000000
2015-08-07	-0.005790	0.095548	0.099782	0.086138	-0.246143	10538000.000000
2015-08-06	-0.000214	0.095783	0.098371	0.088727	-0.009114	9917200.000000
2015-08-05	-0.000643	0.102365	0.108242	0.095314	-0.027347	11946100.000000
2015-08-04	-0.006387	0.098127	0.099528	0.087384	-0.273487	9371900.000000
2015-08-03	0.003847	0.106103	0.106572	0.092505	0.164093	10321300.000000
2015-07-31	0.002571	0.101190	0.108712	0.097900	0.109394	12562900.000000
2015-07-30	0.002362	0.099315	0.102614	0.093425	0.100269	9592300.000000
2015-07-29	0.014600	0.099589	0.121102	0.098872	0.610783	15968700.000000
2015-07-28	0.001309	0.100789	0.101986	0.092890	0.054699	16150900.000000
2015-07-27	-0.004561	0.094577	0.101963	0.089097	-0.191441	15747800.000000
2015-07-24	-0.006688	0.099089	0.100036	0.087729	-0.282600	19528700.000000
2015-07-23	-0.002153	0.097195	0.100974	0.090347	-0.091160	13698200.000000
2015-07-22	-0.011071	0.092755	0.093923	0.076874	-0.474037	21026600.000000
2015-07-21	-0.023493	0.071417	0.079855	0.062066	-1.030117	31961600.000000
2015-07-20	0.010716	0.097881	0.112403	0.093041	0.464916	17246700.000000
2015-07-17	-0.005018	0.095812	0.099711	0.089391	-0.218788	10160400.000000
2015-07-16	0.010564	0.100436	0.109243	0.099740	0.455807	11011400.000000
2015-07-15	-0.001687	0.098579	0.099042	0.088398	-0.072926	9624000.000000
2015-07-14	0.004449	0.096727	0.102537	0.093473	0.191437	9973600.000000
2015-07-13	0.004255	0.105828	0.106762	0.095792	0.182327	10184400.000000
2015-07-10	0.015997	0.110713	0.122332	0.107867	0.674595	14727100.000000
2015-07-09	-0.006870	0.107086	0.110618	0.088717	-0.291725	16243900.000000
2015-07-08	-0.002569	0.094141	0.100013	0.087564	-0.109387	17859600.000000
2015-07-07	0.004464	0.114125	0.119552	0.104924	0.189202	18025800.000000
2015-07-06	-0.003390	0.106586	0.108468	0.100473	-0.144158	12051700.000000
2015-07-02	0.004255	0.115310	0.118852	0.112476	0.180199	9872400.000000
2015-07-01	0.008367	0.110593	0.121784	0.108926	0.351391	12545900.000000
2015-06-30	-0.003421	0.118659	0.121269	0.105844	-0.144161	15044100.000000
2015-06-29	-0.017850	0.101954	0.112209	0.089601	-0.765847	15032400.000000
2015-06-26	0.003794	0.113388	0.134444	0.108475	0.162178	18492800.000000
2015-06-25	0.003172	0.117858	0.124664	0.113164	0.135151	14445400.000000
2015-06-24	-0.010048	0.105929	0.110343	0.098726	-0.432476	17742300.000000
2015-06-23	0.005049	0.117584	0.123422	0.114082	0.216236	14411400.000000
2015-06-22	0.001475	0.113854	0.117362	0.108709	0.063069	9191900.000000
2015-06-19	-0.006489	0.107091	0.108485	0.100585	-0.279305	26861700.000000
2015-06-18	0.010578	0.113400	0.125140	0.112696	0.450501	14527300.000000
2015-06-17	-0.003163	0.111751	0.111985	0.097708	-0.135151	18216400.000000
2015-06-16	0.008936	0.109642	0.121450	0.107753	0.378414	10862000.000000
2015-06-15	-0.005291	0.107295	0.109174	0.102362	-0.225243	10875800.000000
2015-06-12	-0.010678	0.109646	0.109646	0.097097	-0.459510	10619100.000000
2015-06-11	0.006109	0.113152	0.119465	0.111048	0.261291	10029700.000000
2015-06-10	0.002746	0.115036	0.117850	0.110347	0.117127	13007300.000000
2015-06-09	-0.002108	0.110580	0.114090	0.103562	-0.090104	12295100.000000
2015-06-08	0.004446	0.110349	0.122803	0.105649	0.189213	16598600.000000
2015-06-05	-0.018087	0.106648	0.106879	0.087035	-0.783867	23574500.000000
2015-06-04	-0.019967	0.082742	0.097667	0.082742	-0.882980	38418900.000000
2015-06-03	-0.001221	0.110104	0.116654	0.103780	-0.054066	17521500.000000
2015-06-02	-0.001625	0.109878	0.111908	0.104467	-0.072078	11094100.000000
2015-06-01	-0.004450	0.109879	0.112124	0.103144	-0.198208	11968000.000000
2015-05-29	-0.002019	0.108982	0.112119	0.106070	-0.090107	14778400.000000
2015-05-28	-0.000605	0.107640	0.111670	0.105624	-0.027031	8432800.000000
2015-05-27	0.003035	0.110552	0.115718	0.106510	0.135151	14517400.000000
2015-05-26	-0.003830	0.109207	0.113011	0.100930	-0.171193	17460100.000000
2015-05-22	-0.005812	0.106765	0.109656	0.102761	-0.261291	12324400.000000
2015-05-21	0.004226	0.109655	0.119036	0.109432	0.189213	15667600.000000
2015-05-20	0.002825	0.110327	0.119062	0.110103	0.126140	13583600.000000
2015-05-19	-0.001008	0.108312	0.109431	0.103613	-0.045051	15675100.000000
2015-05-18	-0.003816	0.109656	0.110101	0.104529	-0.171192	15040800.000000
2015-05-15	-0.003602	0.110767	0.112544	0.102771	-0.162178	14083300.000000
2015-05-14	0.004826	0.113673	0.119252	0.111887	0.216240	12094600.000000
2015-05-13	0.002217	0.110326	0.117931	0.107195	0.099113	16200400.000000
2015-05-12	-0.003614	0.100964	0.110102	0.091381	-0.162178	20448900.000000
2015-05-11	-0.006781	0.109879	0.112978	0.102131	-0.306343	9900500.000000
2015-05-08	0.008244	0.120145	0.124162	0.114789	0.369408	13264100.000000
2015-05-07	0.001813	0.108984	0.114574	0.102724	0.081092	10832400.000000
2015-05-06	-0.008984	0.109435	0.111651	0.093703	-0.405452	15513300.000000
2015-05-05	-0.008512	0.113613	0.113613	0.099773	-0.387432	12646200.000000
2015-05-04	0.002182	0.110099	0.119786	0.107236	0.099109	12594800.000000
2015-05-01	-0.000595	0.116700	0.117140	0.101297	-0.027027	13872800.000000
2015-04-30	-0.000595	0.109878	0.113837	0.104601	-0.027035	15604900.000000
2015-04-29	-0.001582	0.107683	0.111196	0.100877	-0.072075	13683200.000000
2015-04-28	0.009385	0.115641	0.122289	0.109657	0.423466	16342000.000000
2015-04-27	0.000999	0.109213	0.116534	0.109213	0.045052	16562300.000000
2015-04-24	-0.000400	0.107439	0.114535	0.104778	-0.018017	17184200.000000
2015-04-23	0.009683	0.110998	0.123984	0.107192	0.432480	22580200.000000
2015-04-22	0.008135	0.116425	0.121616	0.113264	0.360401	18687000.000000
2015-04-21	-0.004253	0.100663	0.110328	0.089200	-0.189217	33469100.000000
2015-04-20	0.009816	0.115553	0.123043	0.113283	0.432488	17062500.000000
2015-04-17	-0.007510	0.103346	0.106500	0.097038	-0.333374	18105100.000000
2015-04-16	-0.002430	0.106957	0.113924	0.103137	-0.108116	11724100.000000
2015-04-15	0.004270	0.109202	0.117100	0.106945	0.189205	11055800.000000
2015-04-14	0.002855	0.113500	0.117121	0.107389	0.126144	11956500.000000
2015-04-13	-0.003657	0.111006	0.116418	0.105820	-0.162185	12235700.000000
2015-04-10	0.004285	0.110558	0.115314	0.108293	0.189212	9241900.000000
2015-04-09	-0.002443	0.104909	0.111008	0.099487	-0.108120	10810900.000000
2015-04-08	0.008416	0.110562	0.122636	0.109195	0.369416	15498600.000000
2015-04-07	-0.007254	0.126479	0.126479	0.113814	-0.320752	11498700.000000
2015-04-06	0.003235	0.123996	0.130349	0.120820	0.142563	14130000.000000
2015-04-02	0.011243	0.121720	0.138010	0.121031	0.490017	13344200.000000
2015-04-01	0.005963	0.118253	0.137179	0.117792	0.258362	13573600.000000
2015-03-31	-0.009975	0.121722	0.123094	0.110069	-0.436554	12785700.000000
2015-03-30	0.011532	0.126337	0.139512	0.125875	0.498924	11157600.000000
2015-03-27	0.002891	0.123799	0.129362	0.120554	0.124737	11716500.000000
2015-03-26	-0.006362	0.119874	0.127475	0.114807	-0.276199	17919400.000000
2015-03-25	-0.013762	0.121726	0.122408	0.106734	-0.605835	14915500.000000
2015-03-24	-0.004633	0.120147	0.128287	0.116755	-0.204914	11419600.000000
2015-03-23	0.001614	0.127390	0.128976	0.119917	0.071270	13131700.000000
2015-03-20	0.005274	0.123319	0.136068	0.119904	0.231647	26280800.000000
2015-03-19	-0.004845	0.115384	0.121502	0.110173	-0.213825	13625000.000000
2015-03-18	0.012053	0.117822	0.139376	0.111631	0.525654	17978300.000000
2015-03-17	-0.006495	0.116485	0.123091	0.113296	-0.285095	15679200.000000
2015-03-16	0.008804	0.125166	0.135278	0.117582	0.383098	16111200.000000
2015-03-13	0.002257	0.117110	0.127014	0.116419	0.098000	20717400.000000
2015-03-12	0.022022	0.128528	0.147832	0.125233	0.935493	15806000.000000
2015-03-11	0.003578	0.123825	0.134693	0.118864	0.151459	14392800.000000
2015-03-10	-0.014928	0.119615	0.124735	0.104488	-0.641479	18764700.000000
2015-03-09	-0.001242	0.121711	0.130078	0.119851	-0.053448	13119000.000000
2015-03-06	-0.012878	0.112542	0.115754	0.106577	-0.561295	15644900.000000
2015-03-05	-0.003057	0.124924	0.125839	0.116461	-0.133640	9653500.000000
2015-03-04	-0.009687	0.122634	0.122634	0.108137	-0.427658	13870600.000000
2015-03-03	0.001617	0.122862	0.127400	0.118097	0.071281	11381400.000000
2015-03-02	0.000404	0.114918	0.123770	0.112648	0.017811	10914400.000000
2015-02-27	0.001621	0.118998	0.129001	0.115133	0.071282	17571200.000000
2015-02-26	0.003455	0.119214	0.128339	0.116020	0.151458	13581400.000000
2015-02-25	-0.000406	0.124688	0.126513	0.118075	-0.017818	11398900.000000
2015-02-24	0.009227	0.120107	0.137137	0.111821	0.400925	16307000.000000
2015-02-23	-0.004084	0.121720	0.123096	0.112552	-0.178193	12255700.000000
2015-02-20	0.001227	0.120802	0.124014	0.111163	0.053460	13481500.000000
2015-02-19	-0.000613	0.117821	0.126995	0.117821	-0.026726	11609800.000000
2015-02-18	-0.004880	0.123321	0.125375	0.110997	-0.213829	13513400.000000
2015-02-17	-0.002637	0.114213	0.122635	0.112848	-0.115830	15363700.000000
2015-02-13	-0.004241	0.120368	0.124221	0.111302	-0.187092	14619600.000000
2015-02-12	-0.005822	0.123535	0.126464	0.109789	-0.258369	20447300.000000
2015-02-11	0.006059	0.119688	0.130796	0.114473	0.267284	19402900.000000
2015-02-10	0.008556	0.126066	0.133154	0.120579	0.374192	15100800.000000
2015-02-09	-0.004865	0.116037	0.125593	0.114444	-0.213829	21052900.000000
2015-02-06	0.030715	0.131554	0.166966	0.125691	1.309681	47425400.000000
2015-02-05	0.001255	0.128278	0.130157	0.116303	0.053466	18762300.000000
2015-02-04	-0.000627	0.118653	0.133672	0.118419	-0.026733	19937400.000000
2015-02-03	0.018093	0.128859	0.146060	0.127903	0.757298	21481800.000000
2015-02-02	0.027784	0.134440	0.157767	0.123636	1.131500	23172300.000000
2015-01-30	-0.008675	0.115592	0.132145	0.109020	-0.356385	22768000.000000
2015-01-29	0.001303	0.121189	0.128014	0.105834	0.053467	19161600.000000
2015-01-28	-0.006473	0.134032	0.138875	0.114659	-0.267284	19575800.000000
2015-01-27	-0.012990	0.115238	0.119779	0.107350	-0.543476	17008900.000000
2015-01-26	-0.004030	0.118361	0.121218	0.106697	-0.169274	15064400.000000
2015-01-23	-0.013598	0.123582	0.125461	0.103153	-0.579113	24317800.000000
2015-01-22	-0.009326	0.119384	0.127758	0.091237	-0.400924	38451100.000000
2015-01-21	0.001453	0.115652	0.127533	0.109129	0.062366	24880200.000000
2015-01-20	0.003959	0.125916	0.128489	0.115859	0.169274	16460300.000000
2015-01-16	0.018896	0.123123	0.144570	0.122885	0.792938	18050200.000000
2015-01-15	0.002768	0.129338	0.136029	0.118345	0.115818	12475800.000000
2015-01-14	-0.004451	0.115271	0.126214	0.107896	-0.187100	14726000.000000
2015-01-13	0.002124	0.131944	0.139573	0.118832	0.089096	13072800.000000
2015-01-12	0.006843	0.128169	0.134650	0.120247	0.285103	12730300.000000
2015-01-09	-0.008902	0.123597	0.125500	0.109085	-0.374199	13037600.000000
2015-01-08	0.021433	0.127997	0.147923	0.120950	0.882038	17617500.000000
2015-01-07	-0.006453	0.132789	0.135686	0.111785	-0.267292	20793600.000000
2015-01-06	0.010093	0.141052	0.155440	0.133248	0.413857	22950100.000000
2015-01-05	-0.008305	0.138589	0.140524	0.126013	-0.343399	18964500.000000
2015-01-02	0.003848	0.141027	0.146611	0.138843	0.158485	11421200.000000
2014-12-31	-0.011621	0.129688	0.137366	0.120570	-0.484291	14029500.000000
2014-12-30	-0.004627	0.134970	0.136642	0.126133	-0.193714	9989800.000000
2014-12-29	-0.006477	0.129992	0.134026	0.122398	-0.272957	8878400.000000
2014-12-26	0.003986	0.141166	0.142357	0.137116	0.167294	7038500.000000
2014-12-24	0.000000	0.135686	0.140451	0.128778	0.000000	7840600.000000
2014-12-23	0.003368	0.140707	0.144770	0.134013	0.140896	12254400.000000
2014-12-22	0.010421	0.137377	0.147522	0.132547	0.431446	15302100.000000
2014-12-19	-0.000638	0.133755	0.142445	0.124824	-0.026417	31316800.000000
2014-12-18	0.013135	0.157941	0.157941	0.137398	0.537125	22898400.000000
2014-12-17	0.019987	0.132444	0.164621	0.129950	0.801281	23696700.000000
2014-12-16	0.002422	0.131436	0.166191	0.130186	0.096851	22157800.000000
2014-12-15	-0.003510	0.147646	0.147646	0.123478	-0.140884	21712200.000000
2014-12-12	-0.016825	0.127113	0.129072	0.110210	-0.686802	23769100.000000
2014-12-11	0.003898	0.141589	0.151180	0.135932	0.158489	18376500.000000
2014-12-10	-0.015772	0.136413	0.137139	0.105431	-0.651589	33700700.000000
2014-12-09	-0.040491	0.103172	0.104566	0.072980	-1.743435	49742000.000000
2014-12-08	0.005966	0.139425	0.152742	0.134518	0.255345	14386300.000000
2014-12-05	-0.003485	0.133358	0.134988	0.127538	-0.149685	15512200.000000
2014-12-04	-0.000205	0.134290	0.138247	0.126841	-0.008804	14606900.000000
2014-12-03	-0.006516	0.133605	0.133605	0.116492	-0.281773	22429200.000000
2014-12-02	-0.018389	0.130466	0.135460	0.113441	-0.810070	18141000.000000
2014-12-01	-0.011069	0.137707	0.141299	0.122442	-0.493095	11949100.000000
2014-11-28	0.010991	0.139318	0.152935	0.139318	0.484279	9524600.000000
2014-11-26	0.014187	0.136377	0.154791	0.135226	0.616371	11960700.000000
2014-11-25	-0.003232	0.132016	0.136145	0.122150	-0.140888	13837200.000000
2014-11-24	-0.014141	0.120758	0.128449	0.105151	-0.625171	17759800.000000
2014-11-21	0.000399	0.143380	0.143606	0.124599	0.017616	19979600.000000
2014-11-20	-0.005942	0.133887	0.136361	0.123765	-0.264168	9856200.000000
2014-11-19	-0.014252	0.130809	0.131474	0.115066	-0.642776	15773200.000000
2014-11-18	-0.003502	0.136128	0.136128	0.128174	-0.158494	8994700.000000
2014-11-17	-0.001942	0.133702	0.135246	0.127748	-0.088050	6887100.000000
2014-11-14	0.005859	0.137017	0.147443	0.135243	0.264156	12742100.000000
2014-11-13	0.007477	0.132111	0.146190	0.131664	0.334595	11267100.000000
2014-11-12	0.004149	0.129852	0.144887	0.128730	0.184913	9888700.000000
2014-11-11	-0.002169	0.140613	0.140836	0.126954	-0.096862	9159700.000000
2014-11-10	-0.002753	0.132560	0.139929	0.119833	-0.123269	17367600.000000
2014-11-07	0.011535	0.136816	0.149013	0.132073	0.510704	14008700.000000
2014-11-06	-0.001192	0.136363	0.136589	0.120571	-0.052833	13293200.000000
2014-11-05	0.000199	0.143810	0.150354	0.126661	0.008804	11064100.000000
2014-11-04	-0.001191	0.136137	0.147632	0.129827	-0.052826	14042000.000000
2014-11-03	0.002786	0.141111	0.144727	0.131166	0.123272	11574000.000000
2014-10-31	0.007014	0.147521	0.149342	0.139556	0.308182	17777600.000000
2014-10-30	0.001405	0.131128	0.145943	0.128166	0.061638	11979100.000000
2014-10-29	-0.002602	0.137732	0.142279	0.126367	-0.114468	11724200.000000
2014-10-28	0.010927	0.142121	0.149705	0.140053	0.475483	13245900.000000
2014-10-27	0.013328	0.135919	0.153617	0.134755	0.572342	13089800.000000
2014-10-24	0.011406	0.135687	0.156648	0.132860	0.484287	13549500.000000
2014-10-23	-0.001863	0.142034	0.142504	0.124873	-0.079246	15039200.000000
2014-10-22	-0.007804	0.135687	0.139185	0.125657	-0.334599	13316000.000000
2014-10-21	0.004332	0.126551	0.144354	0.123271	0.184910	22562700.000000
2014-10-20	0.008529	0.135450	0.147027	0.129544	0.361012	13047400.000000
2014-10-17	0.008391	0.138784	0.148075	0.134257	0.352207	18086300.000000
2014-10-16	-0.005217	0.123600	0.138531	0.114594	-0.220127	19074500.000000
2014-10-15	-0.006221	0.124382	0.132154	0.104362	-0.264157	27894700.000000
2014-10-14	-0.003101	0.138269	0.142965	0.129347	-0.132080	18526500.000000
2014-10-13	-0.011647	0.138239	0.147754	0.122227	-0.501892	19600500.000000
2014-10-10	0.000204	0.137311	0.148916	0.135919	0.008797	19405900.000000
2014-10-09	-0.018849	0.133637	0.136142	0.112230	-0.827690	14907200.000000
2014-10-08	0.015062	0.136149	0.152792	0.131526	0.651592	15516100.000000
2014-10-07	-0.007987	0.146337	0.147254	0.138998	-0.348316	17252100.000000
2014-10-06	0.007443	0.153945	0.161107	0.153252	0.322197	11034400.000000
2014-10-03	0.008521	0.157953	0.160982	0.153293	0.365711	12066500.000000
2014-10-02	-0.002832	0.154673	0.155370	0.143057	-0.121902	14421000.000000
2014-10-01	-0.011202	0.142427	0.147481	0.134847	-0.487637	16816100.000000
2014-09-30	0.004824	0.146554	0.159711	0.144938	0.208988	13059000.000000
2014-09-29	-0.000402	0.144939	0.148862	0.135479	-0.017414	9218300.000000
2014-09-26	0.003225	0.147474	0.155345	0.141456	0.139320	9036200.000000
2014-09-25	-0.009187	0.149089	0.151382	0.133721	-0.400550	13665800.000000
2014-09-24	0.003206	0.150011	0.153923	0.146330	0.139324	11488600.000000
2014-09-23	-0.005381	0.146341	0.147714	0.139246	-0.235115	10614500.000000
2014-09-22	-0.003376	0.142927	0.147716	0.136540	-0.148026	14728500.000000
2014-09-19	0.013282	0.156489	0.164347	0.151636	0.574711	30872000.000000
2014-09-18	0.009754	0.154701	0.160302	0.152134	0.417969	12460300.000000
2014-09-17	0.005106	0.150511	0.160597	0.148166	0.217697	16319500.000000
2014-09-16	0.008237	0.147927	0.162117	0.147454	0.348305	13801000.000000
2014-09-15	0.003306	0.150536	0.153146	0.146027	0.139320	12452200.000000
2014-09-12	-0.012446	0.148166	0.148166	0.130826	-0.531170	15339200.000000
2014-09-11	0.005333	0.146045	0.156174	0.138506	0.226402	13193800.000000
2014-09-10	-0.003067	0.151453	0.152393	0.135954	-0.130611	14370300.000000
2014-09-09	-0.012720	0.145850	0.148168	0.131475	-0.548592	14611400.000000
2014-09-08	-0.008210	0.146791	0.147021	0.134833	-0.357021	9005900.000000
2014-09-05	0.004425	0.148631	0.155561	0.144705	0.191574	11920900.000000
2014-09-04	-0.003208	0.149552	0.149782	0.139882	-0.139324	9472900.000000
2014-09-03	0.002210	0.152323	0.153707	0.146554	0.095787	9100900.000000
2014-09-02	-0.001004	0.148400	0.152549	0.141024	-0.043549	8724400.000000
2014-08-29	0.008298	0.148865	0.157930	0.148168	0.357033	11259700.000000
2014-08-28	-0.000405	0.147239	0.150027	0.143057	-0.017421	8018800.000000
2014-08-27	0.003655	0.149333	0.153297	0.147468	0.156742	11500800.000000
2014-08-26	0.002035	0.149802	0.151671	0.145363	0.087074	10363400.000000
2014-08-25	0.010485	0.149345	0.160678	0.149345	0.444099	9913500.000000
2014-08-22	-0.004706	0.147460	0.150985	0.140176	-0.200279	9991400.000000
2014-08-21	0.001024	0.149341	0.156163	0.146283	0.043533	10188900.000000
2014-08-20	0.002464	0.151230	0.154767	0.146042	0.104496	10685300.000000
2014-08-19	-0.001640	0.154286	0.154522	0.136394	-0.069656	17348700.000000
2014-08-18	-0.000410	0.154284	0.156402	0.144635	-0.017414	12682100.000000
2014-08-15	-0.004082	0.146057	0.149572	0.136682	-0.174160	16378200.000000
2014-08-14	0.001635	0.150748	0.150748	0.145818	0.069664	11539300.000000
2014-08-13	0.001638	0.152162	0.152633	0.146519	0.069656	10897800.000000
2014-08-12	0.003493	0.151468	0.155007	0.145805	0.148033	12325600.000000
2014-08-11	-0.000616	0.152881	0.156418	0.146278	-0.026123	11839200.000000
2014-08-08	0.001028	0.150289	0.159023	0.137778	0.043538	15395200.000000
2014-08-07	-0.009770	0.149102	0.152841	0.132506	-0.417973	12143700.000000
2014-08-06	-0.010672	0.142388	0.143544	0.118338	-0.461506	18995100.000000
2014-08-05	-0.010954	0.147028	0.148172	0.132161	-0.478931	11565100.000000
2014-08-04	0.007626	0.153240	0.159232	0.144021	0.330890	11693900.000000
2014-08-01	-0.011702	0.150678	0.150678	0.134962	-0.513752	18254100.000000
2014-07-31	-0.025889	0.137307	0.139969	0.117117	-1.166839	21255000.000000
2014-07-30	-0.004041	0.147737	0.152378	0.136247	-0.182865	12769100.000000
2014-07-29	0.007561	0.184246	0.194710	0.155080	0.339599	32965500.000000
2014-07-28	0.005850	0.147952	0.155119	0.146161	0.261238	9600900.000000
2014-07-25	0.004505	0.148850	0.158073	0.148850	0.200276	11063100.000000
2014-07-24	0.002750	0.149528	0.160581	0.143889	0.121910	17616200.000000
2014-07-23	-0.001373	0.148400	0.153356	0.143895	-0.060955	11912400.000000
2014-07-22	0.005523	0.154743	0.158367	0.141832	0.243820	15037300.000000
2014-07-21	-0.000986	0.149984	0.154057	0.143648	-0.043552	11333900.000000
2014-07-18	0.008546	0.155247	0.160496	0.151367	0.374446	10129500.000000
2014-07-17	-0.012559	0.144569	0.148851	0.132175	-0.557296	11485100.000000
2014-07-16	0.004930	0.152477	0.155421	0.147494	0.217693	12798600.000000
2014-07-15	0.003562	0.149310	0.154991	0.144764	0.156746	14235400.000000
2014-07-14	0.004173	0.151139	0.154790	0.144521	0.182857	13023900.000000
2014-07-11	0.013699	0.153259	0.166677	0.149094	0.592133	17741200.000000
2014-07-10	0.015133	0.141120	0.168832	0.139946	0.644371	18423500.000000
2014-07-09	0.002871	0.153817	0.156643	0.147458	0.121899	14431900.000000
2014-07-08	-0.009346	0.143501	0.144901	0.137668	-0.400551	12848400.000000
2014-07-07	0.000805	0.158431	0.164736	0.157030	0.034458	13930000.000000
2014-07-03	0.001007	0.166376	0.167311	0.153520	0.043083	8238600.000000
2014-07-02	0.005874	0.164293	0.169230	0.159591	0.249829	11576100.000000
2014-07-01	0.008992	0.159580	0.175474	0.158157	0.379058	14298500.000000
2014-06-30	-0.007908	0.159589	0.163826	0.148763	-0.335987	16795200.000000
2014-06-27	0.002235	0.159823	0.163833	0.152982	0.094769	12388400.000000
2014-06-26	-0.004048	0.160766	0.160766	0.148080	-0.172299	9332600.000000
2014-06-25	0.002638	0.157469	0.165713	0.156762	0.111996	11334200.000000
2014-06-24	-0.009049	0.161000	0.162167	0.148162	-0.387672	13541700.000000
2014-06-23	0.006884	0.160061	0.169462	0.154421	0.292904	11850700.000000
2014-06-20	-0.001617	0.167336	0.167336	0.154431	-0.068921	18210600.000000
2014-06-19	0.001012	0.160766	0.168987	0.157713	0.043080	11275200.000000
2014-06-18	0.004267	0.156049	0.165720	0.151095	0.180912	11917000.000000
2014-06-17	-0.002028	0.157942	0.161943	0.152292	-0.086147	11085700.000000
2014-06-16	0.002643	0.161946	0.166431	0.157698	0.111991	9172200.000000
2014-06-13	0.002855	0.158163	0.167157	0.155322	0.120610	11121200.000000
2014-06-12	-0.006684	0.158415	0.160296	0.146189	-0.284294	11516700.000000
2014-06-11	-0.003029	0.156781	0.161938	0.156078	-0.129220	10039700.000000
2014-06-10	-0.001009	0.157956	0.160298	0.154210	-0.043075	11034700.000000
2014-06-09	0.003035	0.156304	0.165934	0.156304	0.129223	10144900.000000
2014-06-06	0.002841	0.164771	0.165477	0.150638	0.120609	13917800.000000
2014-06-05	0.002645	0.162183	0.170449	0.157696	0.111996	9855300.000000
2014-06-04	-0.002840	0.161473	0.162650	0.155585	-0.120617	12696000.000000
2014-06-03	-0.015185	0.153809	0.155432	0.140821	-0.654732	19683700.000000
2014-06-02	0.001801	0.162160	0.169363	0.160766	0.077534	14364600.000000
2014-05-30	0.004827	0.156797	0.167303	0.156797	0.206760	12409700.000000
2014-05-29	-0.000402	0.162166	0.164500	0.154932	-0.017238	10309300.000000
2014-05-28	0.002419	0.157725	0.167316	0.157257	0.103389	11587400.000000
2014-05-27	-0.002413	0.166134	0.167067	0.153532	-0.103389	12228000.000000
2014-05-23	0.005865	0.161236	0.167574	0.159123	0.249836	12049800.000000
2014-05-22	0.005695	0.163835	0.168793	0.162655	0.241222	13753400.000000
2014-05-21	0.010689	0.166731	0.177707	0.164822	0.447983	13949800.000000
2014-05-20	-0.010173	0.165726	0.166198	0.148249	-0.430748	14022500.000000
2014-05-19	0.001630	0.162186	0.170938	0.160530	0.068916	19062600.000000
2014-05-16	0.023144	0.178918	0.193198	0.174804	0.956268	29384000.000000
2014-05-15	-0.001041	0.156898	0.166327	0.156656	-0.043071	13115400.000000
2014-05-14	0.003344	0.164405	0.172168	0.159553	0.137836	13874600.000000
2014-05-13	-0.006437	0.164623	0.165105	0.148233	-0.267067	18017000.000000
2014-05-12	-0.006601	0.163400	0.164358	0.149752	-0.275677	13579300.000000
2014-05-09	-0.000206	0.157654	0.165314	0.155021	-0.008621	14518100.000000
2014-05-08	0.008108	0.160042	0.173557	0.160042	0.335995	17359200.000000
2014-05-07	0.013271	0.161989	0.184241	0.160277	0.542736	23606200.000000
2014-05-06	0.001688	0.160031	0.162971	0.157582	0.068916	14031400.000000
2014-05-05	0.005730	0.161259	0.168403	0.158549	0.232609	12612600.000000
2014-05-02	-0.002118	0.154375	0.165437	0.150688	-0.086147	18140200.000000
2014-05-01	0.010486	0.158282	0.173186	0.157537	0.422134	22778800.000000
2014-04-30	-0.000855	0.159029	0.163000	0.156547	-0.034458	16280300.000000
2014-04-29	0.003648	0.162510	0.168239	0.153543	0.146458	15552100.000000
2014-04-28	0.014366	0.167841	0.179716	0.166072	0.568584	22320800.000000
2014-04-25	-0.007347	0.155750	0.160014	0.149981	-0.292908	24429400.000000
2014-04-24	-0.024246	0.160032	0.162235	0.127483	-0.990730	41610900.000000
2014-04-23	-0.010225	0.145748	0.154711	0.132426	-0.422123	38239700.000000
2014-04-22	-0.001251	0.161008	0.170201	0.155202	-0.051697	20829900.000000
2014-04-21	0.007983	0.164912	0.170520	0.164424	0.327362	13280800.000000
2014-04-17	0.010616	0.155098	0.175553	0.155098	0.430760	23240500.000000
2014-04-16	0.003836	0.163488	0.166704	0.155324	0.155071	18851000.000000
2014-04-15	-0.007404	0.160521	0.161749	0.148488	-0.301525	20923000.000000
2014-04-14	0.004249	0.165452	0.167178	0.154848	0.172298	19034000.000000
2014-04-11	-0.008426	0.157832	0.160033	0.149763	-0.344604	25822600.000000
2014-04-10	-0.010629	0.154234	0.172379	0.147218	-0.439362	33518300.000000
2014-04-09	-0.004771	0.159803	0.160044	0.144153	-0.198143	30318500.000000
2014-04-08	0.013028	0.162718	0.176376	0.159303	0.534127	36508200.000000
2014-04-07	0.001665	0.165387	0.180778	0.165142	0.068153	30356400.000000
2014-04-04	-0.001662	0.177108	0.179303	0.169791	-0.068153	20772000.000000
2014-04-03	0.006274	0.176639	0.182284	0.168539	0.255607	19320900.000000
2014-04-02	0.001466	0.171481	0.184263	0.170744	0.059643	25156000.000000
2014-04-01	0.003784	0.172953	0.178875	0.164564	0.153355	19712800.000000
2014-03-31	0.003163	0.179634	0.183841	0.175673	0.127800	20744100.000000
2014-03-28	-0.005662	0.172217	0.179600	0.160404	-0.230042	25700300.000000
2014-03-27	0.014465	0.172944	0.190921	0.172695	0.579369	32560000.000000
2014-03-26	-0.004447	0.178168	0.184630	0.168474	-0.178921	24376600.000000
2014-03-25	0.004467	0.173943	0.182432	0.167701	0.178921	23581800.000000
2014-03-24	0.002132	0.171191	0.178447	0.160433	0.085201	34926100.000000
2014-03-21	-0.006355	0.175931	0.178666	0.161014	-0.255600	38716800.000000
2014-03-20	0.018335	0.174959	0.196225	0.171162	0.724201	31613400.000000
2014-03-19	-0.007280	0.171934	0.180982	0.160876	-0.289676	35065200.000000
2014-03-18	0.008421	0.173947	0.184845	0.170906	0.332283	26373700.000000
2014-03-17	0.004991	0.177259	0.184901	0.174203	0.195961	26394300.000000
2014-03-14	0.001086	0.168849	0.179813	0.168594	0.042602	27874500.000000
2014-03-13	-0.007118	0.173440	0.178757	0.163567	-0.281170	35184200.000000
2014-03-12	-0.007280	0.170426	0.171432	0.159368	-0.289676	45522100.000000
2014-03-11	-0.007017	0.166207	0.167704	0.156973	-0.281159	42625900.000000
2014-03-10	-0.002545	0.164732	0.171453	0.157513	-0.102253	32384500.000000
2014-03-07	-0.006532	0.172457	0.172952	0.158855	-0.264118	41073000.000000
2014-03-06	0.001688	0.175675	0.177409	0.170473	0.068161	30857100.000000
2014-03-05	-0.010856	0.171733	0.172958	0.159972	-0.443047	40016400.000000
2014-03-04	0.012471	0.179399	0.200487	0.177663	0.502682	52231200.000000
2014-03-03	-0.005675	0.166787	0.176160	0.154946	-0.230037	60287600.000000
2014-02-28	0.001684	0.172458	0.180118	0.166528	0.068161	62309000.000000
2014-02-27	0.024811	0.173440	0.209905	0.171921	0.979816	139433900.000000
2014-02-26	0.001296	0.168623	0.179018	0.163552	0.051121	102687200.000000
2014-02-25	0.001298	0.178517	0.187149	0.172678	0.051113	145797400.000000
2014-02-24	-0.022001	0.167486	0.171956	0.147871	-0.886086	616620500.000000
2014-02-21	-0.017664	0.159791	0.176864	0.150766	-0.724212	60808800.000000
2014-02-20	0.034172	0.180756	0.219350	0.179243	1.354702	48975300.000000
2014-02-19	0.011961	0.167567	0.195646	0.162972	0.468597	34094900.000000
2014-02-18	-0.011395	0.172684	0.173441	0.146944	-0.451565	34912800.000000
2014-02-14	-0.016910	0.169476	0.169476	0.151614	-0.681610	26251600.000000
2014-02-13	-0.001266	0.170473	0.175923	0.164526	-0.051113	18833600.000000
2014-02-12	0.003389	0.179412	0.179412	0.169964	0.136322	23453500.000000
2014-02-11	0.006395	0.176946	0.185203	0.173693	0.255600	16222300.000000
2014-02-10	0.002136	0.173693	0.177204	0.157897	0.085201	12412500.000000
2014-02-07	0.002785	0.178973	0.181236	0.171179	0.110756	13375500.000000
2014-02-06	-0.000214	0.171934	0.178470	0.165901	-0.008518	17564000.000000
2014-02-05	-0.002776	0.171437	0.175699	0.160909	-0.110756	19731700.000000
2014-02-04	0.008834	0.170659	0.184315	0.166107	0.349320	22706300.000000
2014-02-03	-0.033528	0.173693	0.173693	0.129698	-1.371739	36115400.000000
2014-01-31	0.008188	0.160633	0.195132	0.158662	0.332287	18536600.000000
2014-01-30	-0.001258	0.175662	0.183538	0.170248	-0.051121	14441900.000000
2014-01-29	0.006968	0.164772	0.189058	0.157089	0.281162	24965700.000000
2014-01-28	-0.006920	0.173201	0.178123	0.164834	-0.281162	16345400.000000
2014-01-27	0.001260	0.175665	0.191682	0.168272	0.051121	21418600.000000
2014-01-24	-0.004806	0.167563	0.189634	0.165110	-0.195957	25665600.000000
2014-01-23	0.011198	0.166998	0.186836	0.164022	0.451557	22638200.000000
2014-01-22	-0.007757	0.167296	0.169264	0.158684	-0.315239	17975700.000000
2014-01-21	-0.013444	0.185588	0.187045	0.135096	-0.553806	33165500.000000
2014-01-17	-0.003709	0.176838	0.177563	0.160876	-0.153363	15988600.000000
2014-01-16	0.005386	0.173450	0.183176	0.165913	0.221520	14193200.000000
2014-01-15	0.025276	0.180424	0.206102	0.178679	1.013893	21722300.000000
2014-01-14	0.001063	0.173943	0.178685	0.162463	0.042610	19270700.000000
2014-01-13	-0.015079	0.171236	0.173694	0.154030	-0.613449	18784000.000000
2014-01-10	0.005263	0.182095	0.188272	0.171964	0.212998	11445900.000000
2014-01-09	-0.020619	0.171999	0.173935	0.149252	-0.852017	14567000.000000
2014-01-08	-0.005536	0.171768	0.180913	0.163827	-0.230038	13110700.000000
2014-01-07	0.012528	0.196926	0.203749	0.183768	0.514138	17594600.000000
2014-01-06	0.005576	0.195025	0.202376	0.181058	0.227577	16054800.000000
2014-01-03	-0.011837	0.194439	0.194439	0.167562	-0.488854	12022200.000000
2014-01-02	-0.002849	0.185000	0.188621	0.181861	-0.118003	9270200.000000
2013-12-31	-0.000203	0.182828	0.188138	0.177517	-0.008427	7557100.000000
2013-12-30	-0.000407	0.183553	0.189103	0.182105	-0.016853	5460000.000000
2013-12-27	-0.000203	0.189102	0.190550	0.181865	-0.008435	5372600.000000
2013-12-26	0.004083	0.187417	0.195169	0.185237	0.168568	5101200.000000
2013-12-24	0.008234	0.187181	0.198660	0.187181	0.337147	5052400.000000
2013-12-23	0.010399	0.193851	0.202735	0.193604	0.421417	11735800.000000
2013-12-20	-0.007227	0.188408	0.194288	0.177874	-0.294994	17676700.000000
2013-12-19	-0.000825	0.179350	0.190854	0.175433	-0.033719	10188500.000000
2013-12-18	0.019134	0.193184	0.210646	0.184203	0.766991	16094000.000000
2013-12-17	-0.014504	0.181778	0.181778	0.166535	-0.589981	13276700.000000
2013-12-16	0.008779	0.198849	0.225385	0.195377	0.353993	16042700.000000
2013-12-13	-0.006026	0.185955	0.187434	0.171411	-0.244435	11903800.000000
2013-12-12	-0.007424	0.186448	0.187427	0.171278	-0.303421	12161700.000000
2013-12-11	-0.011417	0.185239	0.185239	0.162018	-0.471992	16154300.000000
2013-12-10	-0.010490	0.184534	0.184773	0.169215	-0.438286	13270800.000000
2013-12-09	0.001819	0.176617	0.190045	0.169903	0.075859	11946000.000000
2013-12-06	0.011654	0.194696	0.203186	0.187419	0.480423	11177200.000000
2013-12-05	-0.009317	0.181883	0.181883	0.163859	-0.387707	14821100.000000
2013-12-04	-0.004637	0.179751	0.190993	0.174488	-0.193855	10725900.000000
2013-12-03	0.006902	0.186689	0.194637	0.183317	0.286564	10224900.000000
2013-12-02	-0.007255	0.187405	0.188361	0.174971	-0.303429	10657800.000000
2013-11-29	-0.006209	0.189062	0.189300	0.177181	-0.261284	4908600.000000
2013-11-27	-0.002398	0.188582	0.190004	0.176729	-0.101143	7320300.000000
2013-11-26	0.000800	0.188109	0.194752	0.184076	0.033718	8631600.000000
2013-11-25	-0.004182	0.188102	0.189283	0.179361	-0.177009	5947500.000000
2013-11-22	-0.003176	0.184564	0.186920	0.177735	-0.134846	9849600.000000
2013-11-21	-0.000397	0.191157	0.195865	0.185272	-0.016853	6608000.000000
2013-11-20	-0.007483	0.186682	0.197430	0.175467	-0.320290	9634100.000000
2013-11-19	0.000394	0.188084	0.193227	0.180371	0.016853	7936800.000000
2013-11-18	0.008945	0.187392	0.198240	0.187156	0.379284	10224600.000000
2013-11-15	0.000796	0.183852	0.189989	0.177008	0.033722	9101200.000000
2013-11-14	0.005601	0.188822	0.196891	0.188822	0.235989	8874000.000000
2013-11-13	-0.003389	0.179826	0.182664	0.167526	-0.143276	10915600.000000
2013-11-12	0.004003	0.187636	0.198560	0.182174	0.168575	9595800.000000
2013-11-11	-0.004781	0.184558	0.187630	0.176286	-0.202293	5166900.000000
2013-11-08	0.000598	0.183847	0.188104	0.171077	0.025287	16392100.000000
2013-11-07	-0.008694	0.185042	0.195591	0.173320	-0.370865	10806500.000000
2013-11-06	0.010180	0.193079	0.204446	0.192369	0.429863	9305600.000000
2013-11-05	-0.019186	0.180177	0.181571	0.163221	-0.825992	11824600.000000
2013-11-04	0.011685	0.196553	0.200548	0.187388	0.497276	8296500.000000
2013-11-01	-0.000396	0.193026	0.208764	0.182456	-0.016842	11448800.000000
2013-10-31	-0.000396	0.185510	0.195371	0.175178	-0.016857	10922600.000000
2013-10-30	-0.010961	0.193415	0.193647	0.170192	-0.472008	12593900.000000
2013-10-29	0.010283	0.187622	0.208033	0.186683	0.438286	14668300.000000
2013-10-28	-0.002761	0.185981	0.186683	0.176388	-0.117996	12444600.000000
2013-10-25	0.005752	0.184331	0.194920	0.179154	0.244423	9184600.000000
2013-10-24	-0.007871	0.191585	0.195087	0.174775	-0.337139	10354600.000000
2013-10-23	-0.006257	0.183896	0.192016	0.177864	-0.269719	11362000.000000
2013-10-22	0.011072	0.185979	0.203337	0.176362	0.471997	15220100.000000
2013-10-21	0.011398	0.186448	0.200683	0.186211	0.480430	14398500.000000
2013-10-18	0.022699	0.197609	0.214593	0.192999	0.935559	22190700.000000
2013-10-17	0.034921	0.219593	0.236417	0.208294	1.390705	29363600.000000
2013-10-16	0.020078	0.193620	0.215136	0.188497	0.783851	18900300.000000
2013-10-15	-0.010468	0.186195	0.189743	0.172762	-0.412990	12571300.000000
2013-10-14	-0.005946	0.178890	0.186700	0.176118	-0.236008	10940400.000000
2013-10-11	0.004908	0.185182	0.192272	0.181384	0.193859	11131200.000000
2013-10-10	0.014286	0.198005	0.203398	0.186448	0.556286	11555100.000000
2013-10-09	0.003257	0.190571	0.205257	0.186706	0.126434	13270800.000000
2013-10-08	-0.015184	0.185434	0.185687	0.167926	-0.598430	15794300.000000
2013-10-07	0.004034	0.194291	0.213908	0.191234	0.158340	45152600.000000
2013-10-04	0.001915	0.200917	0.202704	0.190708	0.075016	47164000.000000
2013-10-03	0.004702	0.197076	0.209898	0.192972	0.183354	14961500.000000
2013-10-02	-0.004256	0.196066	0.199641	0.183043	-0.166687	11939100.000000
2013-10-01	0.006857	0.198611	0.208381	0.196297	0.266689	10054900.000000
2013-09-30	-0.007021	0.188919	0.197599	0.182536	-0.275021	12315600.000000
2013-09-27	-0.014055	0.193603	0.194359	0.175229	-0.558387	10311600.000000
2013-09-26	0.015336	0.202452	0.219320	0.202452	0.600063	10233200.000000
2013-09-25	-0.006770	0.200658	0.201927	0.186950	-0.266701	13291600.000000
2013-09-24	-0.014798	0.192644	0.192894	0.172387	-0.591713	16939100.000000
2013-09-23	0.004186	0.198138	0.205421	0.189600	0.166672	9088700.000000
2013-09-20	-0.015048	0.201875	0.201875	0.175903	-0.608372	15178200.000000
2013-09-19	-0.004311	0.197433	0.204083	0.187582	-0.175026	11498400.000000
2013-09-18	0.003088	0.198414	0.206319	0.182603	0.125008	10933800.000000
2013-09-17	0.005590	0.204119	0.209833	0.199151	0.225025	10265600.000000
2013-09-16	0.011307	0.213714	0.218488	0.207433	0.450039	15342700.000000
2013-09-13	0.008659	0.211300	0.225491	0.205218	0.341702	16631800.000000
2013-09-12	0.017842	0.201960	0.225689	0.197833	0.691722	18127800.000000
2013-09-11	0.001076	0.200412	0.210999	0.196023	0.041661	16048000.000000
2013-09-10	0.012198	0.201203	0.217668	0.188396	0.466713	19005500.000000
2013-09-09	-0.009279	0.200155	0.201450	0.186432	-0.358361	12732600.000000
2013-09-06	-0.006432	0.209415	0.210187	0.184460	-0.250026	13434300.000000
2013-09-05	-0.002993	0.208361	0.220416	0.188354	-0.116673	17784300.000000
2013-09-04	0.016736	0.192073	0.227540	0.191812	0.641735	26556600.000000
2013-09-03	-0.028915	0.152792	0.176344	0.141649	-1.141777	47084100.000000
2013-08-30	-0.009201	0.200147	0.203660	0.181830	-0.366703	13416200.000000
2013-08-29	0.027062	0.252984	0.254015	0.225925	1.050091	36425300.000000
2013-08-28	-0.008306	0.198108	0.199130	0.189418	-0.325016	6798000.000000
2013-08-27	0.000213	0.190694	0.201430	0.182258	0.008324	9654300.000000
2013-08-26	-0.014073	0.197880	0.197880	0.183010	-0.558380	6943000.000000
2013-08-23	0.012548	0.199896	0.217249	0.198110	0.491706	6779300.000000
2013-08-22	-0.005289	0.204465	0.204465	0.186443	-0.208351	9861100.000000
2013-08-21	-0.013358	0.196891	0.196891	0.182866	-0.533371	8432300.000000
2013-08-20	0.008632	0.200907	0.217074	0.199896	0.341694	7263000.000000
2013-08-19	-0.004402	0.195872	0.209453	0.193357	-0.175014	7869000.000000
2013-08-16	-0.017100	0.193716	0.199649	0.169985	-0.691735	15381800.000000
2013-08-15	-0.007159	0.194251	0.202105	0.188361	-0.291690	6610600.000000
2013-08-14	-0.005290	0.198676	0.202826	0.189399	-0.216683	7391900.000000
2013-08-13	-0.010071	0.199654	0.200621	0.184912	-0.416706	7881400.000000
2013-08-12	0.006691	0.198923	0.210601	0.196247	0.275028	5507700.000000
2013-08-09	-0.006046	0.201831	0.204249	0.185387	-0.250023	8583300.000000
2013-08-08	-0.006208	0.203021	0.203261	0.188602	-0.258346	8155000.000000
2013-08-07	-0.003194	0.196063	0.203729	0.193908	-0.133354	5366300.000000
2013-08-06	-0.002390	0.199418	0.200135	0.190337	-0.100007	5225500.000000
2013-08-05	-0.000796	0.196553	0.202284	0.192733	-0.033340	4533000.000000
2013-08-02	0.004799	0.195578	0.210213	0.195098	0.200024	6883300.000000
2013-08-01	0.010711	0.213719	0.217114	0.203534	0.441700	9001000.000000
2013-07-31	-0.018644	0.196326	0.200848	0.176812	-0.783406	14428200.000000
2013-07-30	-0.020781	0.210383	0.210383	0.172165	-0.891739	11576500.000000
2013-07-29	0.009212	0.200131	0.216829	0.197544	0.391697	8444900.000000
2013-07-26	0.006113	0.200606	0.208651	0.195164	0.258362	7090300.000000
2013-07-25	0.006550	0.197753	0.209899	0.193228	0.275025	6486600.000000
2013-07-24	0.000397	0.195131	0.203946	0.189889	0.016658	8468400.000000
2013-07-23	0.001791	0.201328	0.204431	0.194168	0.075016	6755700.000000
2013-07-22	0.006407	0.197254	0.208544	0.192209	0.266694	8792400.000000
2013-07-19	-0.000400	0.201817	0.207100	0.193653	-0.016671	12332200.000000
2013-07-18	-0.015176	0.182397	0.190200	0.163242	-0.641731	12949700.000000
2013-07-17	0.009149	0.208010	0.223522	0.206817	0.383370	8543900.000000
2013-07-16	0.006405	0.194853	0.211665	0.193892	0.266693	8841400.000000
2013-07-15	-0.008927	0.194898	0.195374	0.175855	-0.375035	10592900.000000
2013-07-12	-0.015622	0.200833	0.202005	0.176465	-0.666725	12701400.000000
2013-07-11	0.013257	0.210817	0.217702	0.205357	0.558384	10229300.000000
2013-07-10	-0.008242	0.199425	0.202957	0.187181	-0.350029	8373800.000000
2013-07-09	-0.004104	0.207634	0.209510	0.192861	-0.175018	6737900.000000
2013-07-08	0.007581	0.207339	0.214663	0.200251	0.320862	7234600.000000
2013-07-05	0.005685	0.218955	0.218955	0.196144	0.239269	8024400.000000
2013-07-03	0.007505	0.210388	0.227864	0.207755	0.313507	5965700.000000
2013-07-02	0.005361	0.212064	0.228430	0.207972	0.222752	9660800.000000
2013-07-01	0.000398	0.210860	0.219528	0.208212	0.016510	9746200.000000
2013-06-28	-0.012941	0.210401	0.217530	0.196141	-0.544526	11162600.000000
2013-06-27	0.006712	0.219242	0.232162	0.218524	0.280518	8633500.000000
2013-06-26	0.004361	0.220715	0.221676	0.207258	0.181499	9200100.000000
2013-06-25	0.026873	0.219714	0.250558	0.219714	1.089058	31408000.000000
2013-06-24	-0.008078	0.200560	0.209372	0.194686	-0.330017	29396300.000000
2013-06-21	0.011438	0.223699	0.232364	0.215530	0.462017	35016000.000000
2013-06-20	-0.021778	0.203346	0.207463	0.183246	-0.899292	14661600.000000
2013-06-19	-0.029098	0.206421	0.209713	0.176560	-1.237560	11188400.000000
2013-06-18	0.016565	0.214932	0.235488	0.213259	0.693035	11104200.000000
2013-06-17	-0.007049	0.221083	0.225355	0.194976	-0.297016	9886600.000000
2013-06-14	0.008491	0.210867	0.227143	0.209910	0.354771	12020500.000000
2013-06-13	0.014830	0.211821	0.231739	0.209635	0.610527	7147000.000000
2013-06-12	-0.005580	0.219069	0.221243	0.201436	-0.231011	8216000.000000
2013-06-11	-0.006927	0.204628	0.218301	0.197672	-0.288765	9913100.000000
2013-06-10	0.005772	0.227263	0.227263	0.209169	0.239266	9617400.000000
2013-06-07	0.005403	0.216915	0.220311	0.207213	0.222755	12000100.000000
2013-06-06	0.034576	0.212064	0.256983	0.208300	1.377816	17669600.000000
2013-06-05	-0.011057	0.213801	0.214297	0.196925	-0.445527	11309100.000000
2013-06-04	0.003699	0.212064	0.231991	0.205338	0.148507	19897100.000000
2013-06-03	0.003713	0.210814	0.217814	0.194313	0.148506	17573200.000000
2013-05-31	-0.012225	0.207619	0.233302	0.197000	-0.495014	19667500.000000
2013-05-30	-0.009885	0.209863	0.224045	0.200083	-0.404271	12459800.000000
2013-05-29	-0.024596	0.198947	0.201332	0.171996	-1.031292	18588400.000000
2013-05-28	-0.011092	0.221026	0.225979	0.189893	-0.470283	10039500.000000
2013-05-24	-0.009636	0.205056	0.207859	0.195713	-0.412518	6583800.000000
2013-05-23	0.008160	0.202644	0.225958	0.201938	0.346512	10342500.000000
2013-05-22	-0.011523	0.208107	0.220444	0.191114	-0.495018	14026500.000000
2013-05-21	-0.012704	0.210685	0.212983	0.193909	-0.552769	11217900.000000
2013-05-20	-0.011434	0.210701	0.213200	0.195025	-0.503276	8045300.000000
2013-05-17	0.002819	0.218215	0.220266	0.208874	0.123752	9296800.000000
2013-05-16	-0.007463	0.210707	0.210707	0.201436	-0.330009	7685600.000000
2013-05-15	0.008087	0.211608	0.223462	0.203630	0.354763	9204900.000000
2013-05-14	0.011798	0.210911	0.226595	0.208835	0.511528	7397700.000000
2013-05-13	-0.006428	0.210689	0.212064	0.201064	-0.280514	5347700.000000
2013-05-10	0.003415	0.213904	0.217583	0.208155	0.148510	6242100.000000
2013-05-09	-0.007532	0.210010	0.210238	0.199056	-0.330029	7379300.000000
2013-05-08	0.003590	0.210003	0.217332	0.206338	0.156758	7373300.000000
2013-05-07	0.016715	0.216023	0.232323	0.213229	0.717796	9629800.000000
2013-05-06	-0.011959	0.209533	0.211374	0.195038	-0.519779	7315600.000000
2013-05-03	0.002856	0.221063	0.224063	0.211834	0.123760	9577900.000000
2013-05-02	0.002481	0.214146	0.221779	0.205819	0.107250	12878400.000000
2013-05-01	-0.028009	0.208917	0.213413	0.171145	-1.245800	23874700.000000
2013-04-30	0.008417	0.213198	0.231336	0.211837	0.371258	16111500.000000
2013-04-29	-0.003170	0.212516	0.214098	0.203702	-0.140259	10124400.000000
2013-04-26	0.007704	0.212747	0.223224	0.211609	0.338269	14320100.000000
2013-04-25	0.027413	0.227975	0.247864	0.225167	1.171554	19142700.000000
2013-04-24	-0.009939	0.204651	0.207431	0.185423	-0.429027	14437000.000000
2013-04-23	0.002491	0.215780	0.219032	0.196969	0.107269	10363400.000000
2013-04-22	-0.001149	0.210904	0.212992	0.203713	-0.049511	11212700.000000
2013-04-19	0.026321	0.221587	0.246348	0.220397	1.105556	14594900.000000
2013-04-18	0.027654	0.249008	0.264177	0.242158	1.130295	18136400.000000
2013-04-17	-0.018232	0.206059	0.209422	0.188765	-0.759025	15233000.000000
2013-04-16	-0.003555	0.215894	0.224271	0.204644	-0.148510	14919100.000000
2013-04-15	-0.004326	0.207298	0.216830	0.197765	-0.181507	14449400.000000
2013-04-12	0.006929	0.211584	0.220463	0.210384	0.288761	9150300.000000
2013-04-11	0.013036	0.210848	0.231025	0.210848	0.536266	13298600.000000
2013-04-10	0.010130	0.214765	0.224342	0.210591	0.412525	7868300.000000
2013-04-09	-0.001416	0.214271	0.216968	0.205444	-0.057747	8307600.000000
2013-04-08	0.007850	0.210705	0.221579	0.205268	0.317646	11467000.000000
2013-04-05	0.005274	0.218581	0.231748	0.216096	0.212277	39951100.000000
2013-04-04	0.006328	0.225041	0.232792	0.218291	0.253101	37100800.000000
2013-04-03	-0.010303	0.223059	0.226771	0.204007	-0.416401	14373500.000000
2013-04-02	0.005689	0.232506	0.240717	0.225787	0.228619	12082000.000000
2013-04-01	0.001424	0.222549	0.230523	0.221303	0.057148	6926600.000000
2013-03-28	0.004291	0.226043	0.231048	0.223791	0.171463	13567000.000000
2013-03-27	-0.010914	0.220583	0.222811	0.206722	-0.440899	12927500.000000
2013-03-26	0.006509	0.230273	0.235505	0.224791	0.261269	11663200.000000
2013-03-25	0.002856	0.229039	0.235285	0.223542	0.114307	12634400.000000
2013-03-22	0.004508	0.228054	0.233576	0.222784	0.179630	9484700.000000
2013-03-21	0.004115	0.217987	0.231848	0.216727	0.163285	12547800.000000
2013-03-20	-0.007150	0.227544	0.230296	0.214282	-0.285763	15013900.000000
2013-03-19	0.004103	0.228560	0.233334	0.220018	0.163296	13781300.000000
2013-03-18	0.015202	0.223261	0.253613	0.223261	0.596019	14772500.000000
2013-03-15	-0.009488	0.217465	0.222265	0.203570	-0.375564	16834000.000000
2013-03-14	0.011264	0.230668	0.243187	0.227602	0.440887	10588000.000000
2013-03-13	-0.008685	0.225045	0.230110	0.210356	-0.342918	13040900.000000
2013-03-12	0.011504	0.222230	0.243749	0.219155	0.449047	12637300.000000
2013-03-11	-0.003127	0.222238	0.225047	0.214321	-0.122460	9540100.000000
2013-03-08	0.010109	0.230982	0.237689	0.229693	0.391896	9991800.000000
2013-03-07	0.004230	0.227900	0.232304	0.222978	0.163299	10584700.000000
2013-03-06	-0.008597	0.227617	0.229158	0.210666	-0.334747	12203800.000000
2013-03-05	0.012311	0.232331	0.244810	0.225571	0.473545	16390000.000000
2013-03-04	0.008347	0.224267	0.235015	0.221383	0.318413	9936900.000000
2013-03-01	0.004084	0.216632	0.230846	0.213736	0.155136	12749700.000000
2013-02-28	0.003883	0.224791	0.240118	0.223470	0.146961	17154700.000000
2013-02-27	0.004987	0.225057	0.232759	0.217621	0.187794	14803400.000000
2013-02-26	0.008749	0.230149	0.237918	0.227202	0.326580	18641800.000000
2013-02-25	0.007048	0.227489	0.240708	0.225601	0.261269	19945900.000000
2013-02-22	0.006206	0.227777	0.233478	0.213933	0.228611	18829500.000000
2013-02-21	0.004453	0.219611	0.234607	0.210613	0.163299	15118000.000000
2013-02-20	0.009438	0.220663	0.244333	0.220388	0.342907	23275400.000000
2013-02-19	0.002252	0.220929	0.233343	0.220929	0.081646	9638000.000000
2013-02-15	0.001579	0.226449	0.232804	0.220095	0.057156	11986200.000000
2013-02-14	-0.004268	0.225617	0.231944	0.213512	-0.155129	14665900.000000
2013-02-13	0.001800	0.227548	0.231957	0.220382	0.065319	7731800.000000
2013-02-12	0.002708	0.226173	0.231977	0.221752	0.097973	6329800.000000
2013-02-11	-0.000676	0.223411	0.227277	0.218440	-0.024494	5750100.000000
2013-02-08	-0.002474	0.226169	0.228924	0.216802	-0.089813	8161600.000000
2013-02-07	-0.006480	0.221781	0.224791	0.207549	-0.236771	8837200.000000
2013-02-06	0.004264	0.217370	0.233587	0.216271	0.155129	15116100.000000
2013-02-05	0.000898	0.230019	0.234695	0.225342	0.032657	9294200.000000
2013-02-04	-0.000898	0.216271	0.230014	0.209949	-0.032657	14188500.000000
2013-02-01	0.021784	0.241362	0.259336	0.238834	0.775646	17699900.000000
2013-01-31	0.000000	0.221702	0.232094	0.220860	0.000000	12880500.000000
2013-01-30	0.002529	0.221413	0.237743	0.220287	0.089809	16039900.000000
2013-01-29	0.017068	0.226223	0.248560	0.223359	0.596009	16429900.000000
2013-01-28	0.002344	0.227662	0.231106	0.218764	0.081657	13577000.000000
2013-01-25	0.001878	0.228242	0.231118	0.217602	0.065315	13779300.000000
2013-01-24	-0.004674	0.226223	0.233092	0.218494	-0.163296	11716000.000000
2013-01-23	-0.003493	0.227644	0.228500	0.211956	-0.122467	16208000.000000
2013-01-22	0.009403	0.238036	0.250128	0.223352	0.326596	30231800.000000
2013-01-18	0.009731	0.226826	0.236711	0.223047	0.334739	14149500.000000
2013-01-17	0.014936	0.229217	0.250167	0.224791	0.506211	14209800.000000
2013-01-16	-0.010960	0.223041	0.227126	0.211076	-0.375565	17451400.000000
2013-01-15	-0.014558	0.221053	0.223929	0.206674	-0.506218	15099600.000000
2013-01-14	-0.016397	0.214043	0.218852	0.201880	-0.579685	15075300.000000
2013-01-11	-0.006653	0.228725	0.229006	0.209338	-0.236778	11624000.000000
2013-01-10	0.013721	0.231058	0.241597	0.223937	0.481708	11214800.000000
2013-01-09	-0.002320	0.217403	0.227349	0.215130	-0.081642	13346700.000000
2013-01-08	-0.024335	0.220771	0.227148	0.193322	-0.877705	21394400.000000
2013-01-07	0.008804	0.237672	0.255013	0.230959	0.314751	20891300.000000
2013-01-04	0.005447	0.238508	0.247507	0.230352	0.193699	14930400.000000
2013-01-03	-0.004743	0.241590	0.243269	0.225636	-0.169476	11227700.000000
2013-01-02	0.023111	0.274006	0.274579	0.255393	0.807053	16483900.000000
2012-12-31	0.008625	0.228384	0.249757	0.227228	0.298607	14650300.000000
2012-12-28	-0.013339	0.232231	0.236505	0.220832	-0.468094	9328400.000000
2012-12-27	0.000691	0.237359	0.242778	0.225097	0.024220	9366900.000000
2012-12-26	-0.002067	0.239070	0.246185	0.230817	-0.072648	6095700.000000
2012-12-24	-0.000688	0.230254	0.242767	0.230254	-0.024208	3375400.000000
2012-12-21	-0.005478	0.231717	0.243596	0.223232	-0.193691	21106500.000000
2012-12-20	0.009912	0.239641	0.252209	0.235357	0.347031	9867800.000000
2012-12-19	-0.011169	0.239918	0.240482	0.224948	-0.395455	12734400.000000
2012-12-18	-0.005666	0.239070	0.240194	0.219973	-0.201763	24653200.000000
2012-12-17	-0.002036	0.240191	0.241593	0.229261	-0.072639	12605300.000000
2012-12-14	-0.006963	0.236287	0.247698	0.229886	-0.250183	10604700.000000
2012-12-13	-0.006028	0.240453	0.240453	0.226345	-0.217907	8303600.000000
2012-12-12	0.007876	0.243252	0.253011	0.238512	0.282467	10741000.000000
2012-12-11	0.009312	0.240759	0.252297	0.240759	0.330890	8734400.000000
2012-12-10	-0.008556	0.239908	0.240187	0.225678	-0.306667	11137800.000000
2012-12-07	-0.000900	0.237677	0.240464	0.224017	-0.032291	11139400.000000
2012-12-06	0.007937	0.241318	0.249747	0.239070	0.282470	15506000.000000
2012-12-05	0.009847	0.238787	0.255243	0.238503	0.347038	15334900.000000
2012-12-04	-0.009751	0.232046	0.240475	0.225865	-0.347038	12945800.000000
2012-12-03	-0.000453	0.248900	0.249742	0.236543	-0.016140	11458400.000000
2012-11-30	0.002499	0.243293	0.247516	0.233158	0.088772	16992500.000000
2012-11-29	0.010331	0.243906	0.253577	0.237648	0.363182	15022000.000000
2012-11-28	0.013495	0.233593	0.256368	0.228115	0.468094	14210700.000000
2012-11-27	-0.007390	0.235064	0.239929	0.226765	-0.258263	13495000.000000
2012-11-26	-0.010512	0.229726	0.231991	0.218683	-0.371250	12282000.000000
2012-11-23	0.013902	0.243089	0.256583	0.239070	0.484238	5133000.000000
2012-11-21	0.007940	0.243121	0.249487	0.237623	0.274399	8672100.000000
2012-11-20	0.000234	0.235887	0.240518	0.230677	0.008075	10819600.000000
2012-11-19	0.034058	0.251940	0.281570	0.247151	1.137955	16543300.000000
2012-11-16	-0.007194	0.237882	0.237882	0.203711	-0.242119	27896800.000000
2012-11-15	-0.012784	0.237603	0.246404	0.220296	-0.435821	15087000.000000
2012-11-14	-0.007052	0.239653	0.248973	0.227419	-0.242115	12392600.000000
2012-11-13	-0.000470	0.236450	0.258867	0.233248	-0.016140	10385400.000000
2012-11-12	-0.001876	0.239361	0.247788	0.235002	-0.064564	6681600.000000
2012-11-09	0.000704	0.229474	0.256809	0.221623	0.024212	13325000.000000
2012-11-08	-0.013429	0.239644	0.240505	0.216980	-0.468090	19432400.000000
2012-11-07	-0.025057	0.226763	0.227882	0.206345	-0.895840	16522200.000000
2012-11-06	0.002263	0.241313	0.251125	0.231221	0.080715	8728300.000000
2012-11-05	-0.007188	0.237122	0.239070	0.220701	-0.258262	9781300.000000
2012-11-02	-0.013735	0.234678	0.247031	0.221503	-0.500374	17221300.000000
2012-11-01	0.011201	0.246565	0.261553	0.245177	0.403522	12382000.000000
2012-10-31	-0.002012	0.245719	0.253475	0.229929	-0.072632	10177600.000000
2012-10-26	0.010847	0.236830	0.256151	0.232630	0.387383	11651000.000000
2012-10-25	0.000452	0.248875	0.253638	0.231226	0.016148	9853000.000000
2012-10-24	0.003630	0.238789	0.255940	0.231198	0.129123	9852500.000000
2012-10-23	-0.015636	0.228830	0.234088	0.216376	-0.564941	11363700.000000
2012-10-22	-0.008636	0.235229	0.237424	0.221510	-0.314747	10691600.000000
2012-10-19	-0.013543	0.244213	0.245566	0.220395	-0.500370	13429300.000000
2012-10-18	0.023703	0.245166	0.286173	0.239902	0.855476	21680900.000000
2012-10-17	0.014519	0.241038	0.259028	0.234011	0.516522	15092600.000000
2012-10-16	-0.009438	0.240741	0.252992	0.224591	-0.338970	15480800.000000
2012-10-15	-0.002689	0.235183	0.241847	0.214911	-0.096848	17315500.000000
2012-10-12	-0.012832	0.240989	0.244279	0.222348	-0.468094	12900600.000000
2012-10-11	-0.012669	0.243672	0.244484	0.221748	-0.468086	12852300.000000
2012-10-10	-0.007157	0.237995	0.242832	0.229665	-0.266331	9333200.000000
2012-10-09	-0.009878	0.238804	0.238804	0.226831	-0.371246	8752300.000000
2012-10-08	-0.010202	0.238017	0.239597	0.225639	-0.387386	8718900.000000
2012-10-05	0.006525	0.243974	0.254312	0.241058	0.246151	16909200.000000
2012-10-04	0.021176	0.256240	0.279790	0.256240	0.782299	16112600.000000
2012-10-03	0.009158	0.255999	0.267472	0.251629	0.335270	11907200.000000
2012-10-02	0.001091	0.257097	0.259831	0.247525	0.039905	10326800.000000
2012-10-01	0.005267	0.254646	0.340690	0.248048	0.191586	28873700.000000
2012-09-28	-0.004152	0.249163	0.251079	0.239034	-0.151665	28238300.000000
2012-09-27	0.003729	0.258492	0.263987	0.248325	0.135700	14496600.000000
2012-09-26	-0.000658	0.252721	0.260410	0.249701	-0.023952	9358400.000000
2012-09-25	-0.001313	0.258206	0.263143	0.250802	-0.047886	9200800.000000
2012-09-24	0.000876	0.257113	0.258485	0.248879	0.031921	8858600.000000
2012-09-21	0.003297	0.259055	0.264563	0.253547	0.119740	21997500.000000
2012-09-20	0.004860	0.245250	0.261577	0.244697	0.175628	13282400.000000
2012-09-19	0.008016	0.255232	0.266390	0.253837	0.287369	12837100.000000
2012-09-18	0.007402	0.255531	0.262557	0.249068	0.263424	9088400.000000
2012-09-17	0.001123	0.250190	0.255816	0.245407	0.039921	14993100.000000
2012-09-14	-0.023037	0.243102	0.243102	0.217542	-0.838181	21971800.000000
2012-09-13	0.015371	0.251605	0.273651	0.251047	0.550804	20599500.000000
2012-09-12	0.014692	0.254137	0.271693	0.245925	0.518864	14794000.000000
2012-09-11	0.004085	0.256133	0.265232	0.251016	0.143692	8053500.000000
2012-09-10	0.007777	0.254727	0.269914	0.253295	0.271416	11247700.000000
2012-09-07	-0.009740	0.251303	0.252722	0.234278	-0.343254	12683000.000000
2012-09-06	0.007991	0.260730	0.267880	0.248431	0.279388	15279600.000000
2012-09-05	0.002288	0.250715	0.267914	0.250428	0.079815	14183800.000000
