2017-09-01	0.003843	0.003074	0.005508	0.001793	0.300003	6422000.000000
2017-08-31	-0.005984	0.000764	0.002674	-0.006112	-0.470001	8194800.000000
2017-08-30	-0.002920	0.000635	0.004189	-0.003174	-0.229996	5829800.000000
2017-08-29	0.009484	-0.004614	0.012175	-0.006792	0.739998	7665200.000000
2017-08-28	-0.007631	-0.002798	-0.002162	-0.009793	-0.599998	8621500.000000
2017-08-25	0.003702	0.002042	0.009574	0.001787	0.290001	9902200.000000
2017-08-24	-0.020260	0.008129	0.011506	-0.026388	-1.620003	19128000.000000
2017-08-23	-0.000750	0.004124	0.006748	-0.001750	-0.059998	7799300.000000
2017-08-22	0.003889	0.001129	0.005646	0.000000	0.309998	6546100.000000
2017-08-21	0.005044	-0.002396	0.009583	-0.006557	0.400001	9613900.000000
2017-08-18	-0.004893	-0.001004	0.008156	-0.005270	-0.389999	9753000.000000
2017-08-17	-0.015806	-0.026303	-0.014448	-0.032724	-1.280006	17293700.000000
2017-08-16	0.002600	0.006190	0.008295	-0.002848	0.210006	11536000.000000
2017-08-15	0.000867	0.001611	0.008674	-0.001983	0.070000	7066100.000000
2017-08-14	0.003731	0.002363	0.010448	0.001244	0.299995	7760500.000000
2017-08-11	-0.003223	0.000868	0.007315	-0.003719	-0.260002	7905500.000000
2017-08-10	-0.011641	-0.006617	-0.002573	-0.012989	-0.949997	8045000.000000
2017-08-09	0.006537	0.000370	0.011223	-0.002220	0.529999	6606500.000000
2017-08-08	0.003814	0.004928	0.013471	0.001585	0.308060	7381400.000000
2017-08-07	0.009940	0.007415	0.018418	0.007040	0.794998	5484500.000000
2017-08-04	-0.004823	0.008654	0.012885	-0.001923	-0.387558	7141800.000000
2017-08-03	0.004222	0.016412	0.021660	0.008039	0.337875	9946900.000000
2017-08-02	0.000373	0.004290	0.013915	0.003790	0.029808	8673000.000000
2017-08-01	0.006376	0.009561	0.015600	0.006416	0.506821	5726500.000000
2017-07-31	0.002255	0.006416	0.012973	0.004777	0.178871	6263200.000000
2017-07-28	0.000376	0.006542	0.008561	0.003263	0.029816	4975200.000000
2017-07-27	0.011153	0.003994	0.018534	0.000933	0.874496	8052500.000000
2017-07-26	0.004840	0.006675	0.014620	-0.001143	0.377625	6716100.000000
2017-07-25	0.021199	0.015713	0.032072	0.012834	1.619812	11504000.000000
2017-07-24	0.009718	0.004704	0.019637	0.004704	0.735367	7388000.000000
2017-07-21	0.001710	0.003907	0.009070	0.000069	0.129196	7153300.000000
2017-07-20	0.001977	0.007749	0.011330	0.004035	0.149055	4965400.000000
2017-07-19	-0.004331	0.004705	0.006554	-0.001634	-0.327934	5313600.000000
2017-07-18	-0.002226	0.004709	0.008530	0.001415	-0.168938	4314900.000000
2017-07-17	0.000393	0.005631	0.013276	0.004313	0.029816	8835600.000000
2017-07-14	0.017188	0.022648	0.026536	0.017821	1.281929	9151900.000000
2017-07-13	0.015012	0.016225	0.024119	0.014048	1.103066	8160500.000000
2017-07-12	0.006397	0.008892	0.016426	0.008892	0.467064	5700200.000000
2017-07-11	0.003277	0.008351	0.017558	0.007664	0.238494	7532600.000000
2017-07-10	-0.027877	0.003886	0.006023	-0.023099	-2.086868	15066700.000000
2017-07-07	-0.001855	0.008690	0.010957	0.000690	-0.139129	5307100.000000
2017-07-06	0.001992	0.006691	0.014974	0.005221	0.149063	6161800.000000
2017-07-05	-0.000531	0.008827	0.014168	0.003753	-0.039750	6036900.000000
2017-07-03	-0.004228	0.008417	0.015066	-0.001688	-0.318000	4848600.000000
2017-06-30	-0.003292	0.008278	0.010796	0.002844	-0.248436	6865800.000000
2017-06-29	-0.007581	0.002870	0.003791	-0.007125	-0.576378	7063500.000000
2017-06-28	0.006578	0.009467	0.016749	0.008011	0.496879	6988900.000000
2017-06-27	0.006755	0.006290	0.017886	0.005624	0.506813	6454400.000000
2017-06-26	0.008819	0.007769	0.020946	0.007366	0.655877	8587500.000000
2017-06-23	-0.009004	0.007356	0.009755	-0.006635	-0.675751	13080300.000000
2017-06-22	-0.009444	0.003518	0.003914	-0.006117	-0.715500	8111300.000000
2017-06-21	0.009267	0.007089	0.020544	0.006823	0.695625	9011400.000000
2017-06-20	0.000530	0.011355	0.011888	0.003891	0.039749	10019200.000000
2017-06-19	0.003456	0.008162	0.016588	-0.003340	0.258378	16095100.000000
2017-06-16	-0.046509	-0.056962	-0.037196	-0.065378	-3.647065	56233000.000000
2017-06-15	-0.012390	-0.002778	-0.001267	-0.020662	-0.983810	11297200.000000
2017-06-14	0.004779	0.006290	0.012870	0.003000	0.377624	5006500.000000
2017-06-13	0.003534	0.005909	0.010481	0.001845	0.278252	5528000.000000
2017-06-12	-0.002266	0.006037	0.018327	-0.001059	-0.178871	10410600.000000
2017-06-09	0.006208	0.007565	0.014322	0.003613	0.486931	9405100.000000
2017-06-08	-0.002780	0.006290	0.018749	-0.005407	-0.218628	10933000.000000
2017-06-07	0.002787	0.008202	0.013557	0.003740	0.218628	8511200.000000
2017-06-06	-0.016571	-0.004116	-0.002486	-0.018786	-1.321686	11525900.000000
2017-06-05	0.008038	0.006037	0.017033	0.004521	0.635994	10145700.000000
2017-06-02	-0.002381	0.006164	0.007803	-0.001149	-0.188805	7996500.000000
2017-06-01	0.015394	0.006802	0.021781	0.006290	1.202439	8153100.000000
2017-05-31	0.005758	0.008865	0.016205	0.007191	0.447181	8201700.000000
2017-05-30	0.000256	0.004616	0.009768	0.003714	0.019883	5410400.000000
2017-05-26	-0.002299	0.007061	0.009246	-0.000392	-0.178879	6111600.000000
2017-05-25	0.002047	0.008994	0.015303	0.006290	0.158996	6135000.000000
2017-05-24	-0.004332	0.007188	0.007829	0.001803	-0.337867	7427000.000000
2017-05-23	-0.000764	0.006674	0.011671	0.004881	-0.059632	7584900.000000
2017-05-22	-0.002793	0.004757	0.009228	0.000286	-0.218620	8897600.000000
2017-05-19	0.015863	0.011870	0.030948	0.009275	1.222305	18581700.000000
2017-05-18	0.032215	0.030001	0.040315	0.019820	2.404877	19166800.000000
2017-05-17	0.000133	0.006290	0.014597	0.004280	0.009933	10971000.000000
2017-05-16	-0.015467	0.004971	0.006026	-0.009670	-1.172622	8371800.000000
2017-05-15	0.007661	0.007486	0.016392	0.007486	0.576378	8843900.000000
2017-05-12	-0.005517	0.003911	0.007876	-0.003756	-0.417374	5892900.000000
2017-05-11	-0.007432	0.001698	0.006552	-0.003812	-0.566437	8349400.000000
2017-05-10	0.006430	0.007875	0.013816	0.006026	0.486931	7511900.000000
2017-05-09	0.007882	0.017283	0.025401	0.015819	0.592285	8255300.000000
2017-05-08	-0.004967	0.013024	0.013289	0.007330	-0.375107	6512200.000000
2017-05-05	0.002096	0.014086	0.016474	0.010901	0.157936	5597800.000000
2017-05-04	0.007656	0.015297	0.021582	0.013960	0.572541	5500800.000000
2017-05-03	0.003178	0.011415	0.017853	0.008463	0.236923	5523600.000000
2017-05-02	0.003855	0.013967	0.019488	0.013293	0.286263	7318400.000000
2017-05-01	0.000665	0.011811	0.020300	0.011811	0.049362	6165900.000000
2017-04-28	-0.003446	0.010338	0.013024	0.006176	-0.256661	7330400.000000
2017-04-27	0.000133	0.014502	0.016650	0.007518	0.009880	6052200.000000
2017-04-26	0.005063	0.015994	0.022743	0.014644	0.375099	6948500.000000
2017-04-25	0.003611	0.015598	0.018307	0.014108	0.266541	5720400.000000
2017-04-24	-0.002135	0.014917	0.019242	0.005995	-0.157944	7812500.000000
2017-04-21	0.001872	0.012212	0.017223	0.010316	0.138199	5755700.000000
2017-04-20	0.009856	0.013982	0.027248	0.013571	0.720619	7681300.000000
2017-04-19	0.002436	0.015903	0.019742	0.012613	0.177681	5940600.000000
2017-04-18	0.005443	0.013713	0.021433	0.012886	0.394860	6627900.000000
2017-04-17	0.004648	0.013163	0.018979	0.013024	0.335624	5465400.000000
2017-04-13	-0.003949	0.012059	0.016059	0.009024	-0.286270	5336400.000000
2017-04-12	0.000136	0.014680	0.018543	0.010541	0.009873	6627300.000000
2017-04-11	0.005064	0.012192	0.018432	0.011222	0.365249	5810500.000000
2017-04-10	0.002195	0.014275	0.021084	0.010662	0.157936	7495900.000000
2017-04-07	0.020580	0.022526	0.035148	0.018271	1.451096	10768000.000000
2017-04-06	-0.003070	0.013731	0.019386	0.009207	-0.217171	5941100.000000
2017-04-05	-0.004999	0.007819	0.017244	0.006694	-0.355369	6354500.000000
2017-04-04	0.002506	0.011755	0.016268	0.008793	0.177688	5567300.000000
2017-04-03	-0.003468	0.013024	0.019348	0.008808	-0.246788	8291300.000000
2017-03-31	0.006845	0.009204	0.026750	0.007930	0.483711	9939800.000000
2017-03-30	0.012016	0.012308	0.027058	0.011592	0.839066	8141500.000000
2017-03-29	0.005973	0.013456	0.025413	0.012880	0.414597	6991000.000000
2017-03-28	0.009475	0.008225	0.023349	0.008225	0.651512	7252200.000000
2017-03-27	0.000718	0.011714	0.019719	0.009386	0.049362	5792600.000000
2017-03-24	-0.003579	0.014909	0.017519	0.008239	-0.246788	5859000.000000
2017-03-23	-0.005552	0.012303	0.013889	0.005814	-0.384987	6898800.000000
2017-03-22	0.005007	0.014908	0.019401	0.010415	0.345497	6455600.000000
2017-03-21	-0.001143	0.015774	0.019104	0.008826	-0.078972	8746800.000000
2017-03-20	0.001288	0.016648	0.021141	0.010415	0.088845	7466200.000000
2017-03-17	-0.007808	0.015038	0.017482	0.003964	-0.542923	14078400.000000
2017-03-16	-0.001984	0.006278	0.014747	0.005704	-0.138199	7061000.000000
2017-03-15	-0.001980	0.009873	0.012738	0.002997	-0.138199	8813800.000000
2017-03-14	0.011008	0.025624	0.031272	0.024175	0.760101	9958400.000000
2017-03-13	-0.002140	0.011434	0.018082	0.007388	-0.148079	6802500.000000
2017-03-10	0.003435	0.015054	0.020275	0.012154	0.236916	7098800.000000
2017-03-09	0.000860	0.012298	0.016507	0.009541	0.059227	7564500.000000
2017-03-08	0.006344	0.017844	0.022810	0.015653	0.434341	7979800.000000
2017-03-07	-0.000143	0.020765	0.025292	0.020181	-0.009796	7282900.000000
2017-03-06	-0.002142	0.020036	0.026447	0.016830	-0.146988	9182600.000000
2017-03-03	-0.010317	0.020473	0.024222	0.007782	-0.715362	9297900.000000
2017-03-02	0.004400	0.020038	0.026991	0.016417	0.303779	8916300.000000
2017-03-01	-0.006767	0.021048	0.022631	0.009251	-0.470360	13522700.000000
2017-02-28	-0.011291	0.008097	0.009947	-0.004278	-0.793754	15952600.000000
2017-02-27	-0.008979	0.018922	0.020896	0.008349	-0.636963	9254700.000000
2017-02-24	0.015145	0.020902	0.041795	0.020330	1.058334	13889900.000000
2017-02-23	-0.005578	0.024600	0.031715	0.012646	-0.391975	12799700.000000
2017-02-22	0.003639	0.031899	0.033613	0.020901	0.254784	15242700.000000
2017-02-21	0.029984	0.047540	0.063281	0.040038	2.038269	22412900.000000
2017-02-17	0.007260	0.019880	0.034105	0.017806	0.489975	12837400.000000
2017-02-16	0.002620	0.020176	0.028644	0.019284	0.176384	8413800.000000
2017-02-15	0.000437	0.007691	0.021216	0.007096	0.029396	8563300.000000
2017-02-14	0.013133	0.022129	0.034175	0.019569	0.872146	8462300.000000
2017-02-13	-0.003675	0.024974	0.029925	0.013572	-0.244972	8374300.000000
2017-02-10	-0.015345	0.008212	0.013382	0.000973	-1.038750	12445600.000000
2017-02-09	0.018729	0.020473	0.040488	0.019570	1.244530	11080500.000000
2017-02-08	0.013754	0.020473	0.034661	0.020473	0.901535	7660800.000000
2017-02-07	0.007380	0.022932	0.029694	0.022163	0.480171	5805700.000000
2017-02-06	-0.001504	0.018478	0.025997	0.018478	-0.097992	9097200.000000
2017-02-03	-0.002998	0.022309	0.023992	0.016495	-0.195976	7625300.000000
2017-02-02	0.007096	0.022168	0.034494	0.022168	0.460556	8998700.000000
2017-02-01	-0.007642	0.016192	0.020014	0.009770	-0.499763	9050000.000000
2017-01-31	0.004818	0.017246	0.027694	0.012176	0.313583	9320900.000000
2017-01-30	0.011575	0.020006	0.033217	0.020006	0.744743	8641500.000000
2017-01-27	-0.016035	0.022461	0.024143	-0.001701	-1.048530	13433600.000000
2017-01-26	-0.002392	0.024134	0.025507	0.016354	-0.156792	6504100.000000
2017-01-25	-0.007567	0.022290	0.025469	0.011237	-0.499771	8722900.000000
2017-01-24	0.011253	0.024147	0.032109	0.020626	0.734962	10710600.000000
2017-01-23	-0.007889	0.017891	0.020473	0.011055	-0.519371	7951400.000000
2017-01-20	-0.006507	0.022284	0.023642	0.011418	-0.431167	12054700.000000
2017-01-19	-0.007194	0.020772	0.021672	0.011034	-0.480171	6821100.000000
2017-01-18	-0.004531	0.012419	0.015849	0.007348	-0.303780	7321500.000000
2017-01-17	0.019216	0.035218	0.053308	0.034610	1.264122	13167500.000000
2017-01-13	-0.012358	0.020623	0.021223	0.007111	-0.823151	10012500.000000
2017-01-12	-0.008172	0.017941	0.020920	0.011389	-0.548767	6544900.000000
2017-01-11	0.004397	0.020024	0.026306	0.019875	0.293976	6697600.000000
2017-01-10	-0.006986	0.019433	0.028790	0.013195	-0.470360	10256500.000000
2017-01-09	0.006592	0.021519	0.028546	0.021370	0.440964	8685200.000000
2017-01-06	-0.013726	0.008677	0.010004	0.002779	-0.930939	9491100.000000
2017-01-05	0.002172	0.011164	0.024463	0.006583	0.146996	7099200.000000
2017-01-04	0.005826	0.020473	0.034890	0.019581	0.391968	7918000.000000
2017-01-03	-0.006655	0.022244	0.022244	0.004676	-0.450768	10473200.000000
2016-12-30	-0.002021	0.018410	0.022978	0.014137	-0.137192	6889500.000000
2016-12-29	-0.000721	0.019000	0.023565	0.017675	-0.048996	4298400.000000
2016-12-28	-0.005595	0.023987	0.024865	0.014031	-0.382171	4875700.000000
2016-12-27	0.002301	0.016951	0.024582	0.016217	0.156784	4435700.000000
2016-12-23	-0.000718	0.018127	0.022819	0.017100	-0.048989	4795400.000000
2016-12-22	-0.023161	0.020473	0.020473	-0.008606	-1.616897	12106800.000000
2016-12-21	-0.008076	0.018199	0.023030	0.012232	-0.568375	5101000.000000
2016-12-20	0.003353	0.022611	0.025463	0.019475	0.235184	6108100.000000
2016-12-19	0.008453	0.018460	0.031543	0.018460	0.587959	5889300.000000
2016-12-16	-0.001407	0.020329	0.028512	0.013582	-0.097992	17844800.000000
2016-12-15	-0.003644	0.018756	0.027053	0.016038	-0.254776	7136300.000000
2016-12-14	-0.006407	0.021894	0.030137	0.011661	-0.450775	8669400.000000
2016-12-13	0.001814	0.020473	0.028447	0.019619	0.127403	8887500.000000
2016-12-12	0.022688	0.020327	0.045227	0.019599	1.558083	9084100.000000
2016-12-09	-0.003696	0.019457	0.021779	0.011768	-0.254776	10756700.000000
2016-12-08	-0.003683	0.018738	0.024809	0.016426	-0.254784	6844200.000000
2016-12-07	0.010593	0.021495	0.032013	0.021057	0.725159	6966200.000000
2016-12-06	0.006005	0.028805	0.034389	0.021311	0.408646	7778000.000000
2016-12-05	-0.013262	0.028067	0.029372	0.012261	-0.914589	10527900.000000
2016-12-02	0.002971	0.026468	0.031849	0.024577	0.204315	6674200.000000
2016-12-01	0.003408	0.025150	0.032154	0.022231	0.233513	6849800.000000
2016-11-30	-0.013171	0.021296	0.024752	0.010496	-0.914597	9326100.000000
2016-11-29	0.002528	0.030519	0.036439	0.027921	0.175133	7310100.000000
2016-11-28	-0.000562	0.023448	0.031961	0.021572	-0.038925	7099200.000000
2016-11-25	0.005648	0.031840	0.039675	0.029953	0.389206	4234400.000000
2016-11-23	0.010125	0.029242	0.039063	0.028656	0.690803	7398900.000000
2016-11-22	0.010812	0.033110	0.043333	0.033110	0.729729	10984000.000000
2016-11-21	0.012110	0.027777	0.040673	0.025977	0.807579	8356000.000000
2016-11-18	-0.009395	0.023914	0.030896	0.016636	-0.632439	11135300.000000
2016-11-17	-0.030817	-0.005480	0.000855	-0.019300	-2.140541	23440300.000000
2016-11-16	-0.000420	0.032525	0.036986	0.026481	-0.029190	11192400.000000
2016-11-15	0.013193	0.032151	0.041336	0.025735	0.904869	9725100.000000
2016-11-14	-0.010389	0.026766	0.028931	0.012770	-0.720016	12917500.000000
2016-11-11	-0.002241	0.023745	0.026193	0.016403	-0.155663	8189800.000000
2016-11-10	0.004079	0.029945	0.042087	0.026331	0.282166	14321300.000000
2016-11-09	0.018770	0.020560	0.052959	0.020413	1.274589	16779500.000000
2016-11-08	0.000143	0.026746	0.031606	0.023211	0.009735	7616500.000000
2016-11-07	0.008965	0.034612	0.037882	0.027776	0.603234	9755400.000000
2016-11-04	-0.006750	0.028957	0.032352	0.020396	-0.457291	7262100.000000
2016-11-03	0.002592	0.030440	0.037100	0.026297	0.175141	6803900.000000
2016-11-02	0.002164	0.026293	0.037713	0.026293	0.145942	7645300.000000
2016-11-01	-0.010283	0.027189	0.028364	0.014860	-0.700538	8838600.000000
2016-10-31	0.000429	0.028804	0.030420	0.025721	0.029182	6389000.000000
2016-10-28	0.002291	0.027335	0.033369	0.026305	0.155670	6952900.000000
2016-10-27	0.003449	0.027924	0.033832	0.024823	0.233528	7131600.000000
2016-10-26	0.003316	0.026887	0.034445	0.024517	0.223778	5050500.000000
2016-10-25	0.002457	0.025103	0.037878	0.024954	0.165405	7629700.000000
2016-10-24	0.012438	0.031987	0.043267	0.028528	0.827027	7163600.000000
2016-10-21	-0.005674	0.021944	0.026281	0.016711	-0.379456	7844600.000000
2016-10-20	-0.002322	0.029119	0.030611	0.023003	-0.155670	6294000.000000
2016-10-19	0.000290	0.033000	0.034790	0.025090	0.019447	7123300.000000
2016-10-18	0.009528	0.033049	0.039226	0.027927	0.632439	7857700.000000
2016-10-17	-0.003360	0.030780	0.030780	0.018017	-0.223778	7493400.000000
2016-10-14	0.003224	0.030639	0.036513	0.027475	0.214051	6416000.000000
2016-10-13	0.011414	0.023663	0.044231	0.021835	0.749191	9193800.000000
2016-10-12	0.001039	0.033114	0.035707	0.027472	0.068107	8940700.000000
2016-10-11	-0.008679	0.027323	0.027474	0.017496	-0.574066	8591500.000000
2016-10-10	-0.010480	0.028525	0.031666	0.013564	-0.700531	8988400.000000
2016-10-07	-0.009516	0.026295	0.029406	0.010143	-0.642166	12653800.000000
2016-10-06	-0.032231	0.027776	0.027776	-0.012090	-2.247574	20110300.000000
2016-10-05	-0.001115	0.029496	0.035225	0.025628	-0.077827	6464400.000000
2016-10-04	-0.003611	0.027634	0.035769	0.021211	-0.252983	6569300.000000
2016-10-03	-0.001525	0.023644	0.028204	0.020366	-0.107025	5857700.000000
2016-09-30	0.019652	0.038965	0.052915	0.037512	1.352432	9982600.000000
2016-09-29	-0.014765	0.024627	0.026631	0.011026	-1.031349	7996800.000000
2016-09-28	-0.007466	0.026213	0.027634	0.014277	-0.525406	6184900.000000
2016-09-27	0.009913	0.032225	0.040261	0.027203	0.690811	6344400.000000
2016-09-26	-0.010090	0.027208	0.027493	0.015986	-0.710266	5948700.000000
2016-09-23	0.001107	0.032470	0.034887	0.028772	0.077835	7696400.000000
2016-09-22	0.001108	0.031193	0.032760	0.024929	0.077835	5871900.000000
2016-09-21	0.003057	0.030775	0.035917	0.021207	0.214058	6675900.000000
2016-09-20	-0.001665	0.028632	0.034335	0.025068	-0.116760	5910600.000000
2016-09-19	-0.010704	0.024533	0.027777	0.016775	-0.758919	6920700.000000
2016-09-16	0.006492	0.026641	0.035726	0.025221	0.457298	13935700.000000
2016-09-15	0.012304	0.027202	0.042722	0.024040	0.856217	7295600.000000
2016-09-14	0.000840	0.030078	0.036406	0.026914	0.058387	6980500.000000
2016-09-13	-0.006672	0.026348	0.027348	0.016490	-0.467033	7507900.000000
2016-09-12	0.023329	0.034940	0.056139	0.033917	1.595673	10864000.000000
2016-09-09	-0.021300	0.020479	0.023198	0.005885	-1.488656	12172600.000000
2016-09-08	-0.003192	0.025352	0.031485	0.022785	-0.223777	9661200.000000
2016-09-07	-0.012877	0.027777	0.028481	0.013838	-0.914597	9618300.000000
2016-09-06	0.006897	0.031462	0.035999	0.023524	0.486488	9570900.000000
2016-09-02	-0.004668	0.029893	0.032715	0.021850	-0.330802	8082900.000000
2016-09-01	0.019597	0.029647	0.048206	0.027345	1.362159	11761400.000000
2016-08-31	0.001823	0.029939	0.032533	0.025471	0.126488	6311600.000000
2016-08-30	-0.001261	0.027777	0.032959	0.024178	-0.087570	5774200.000000
2016-08-29	0.003655	0.027776	0.035289	0.027199	0.252968	7468100.000000
2016-08-26	-0.001123	0.030518	0.034559	0.023014	-0.077835	10038500.000000
2016-08-25	-0.013983	0.029769	0.032757	0.010986	-0.982705	10514200.000000
2016-08-24	0.003613	0.027777	0.038915	0.024778	0.252976	10050700.000000
2016-08-23	-0.010041	0.030463	0.033008	0.017315	-0.710259	9391400.000000
2016-08-22	-0.001511	0.031305	0.032435	0.022695	-0.107040	10312100.000000
2016-08-19	-0.020054	0.025010	0.027638	0.005229	-1.449730	15346400.000000
2016-08-18	0.018785	0.027777	0.059626	0.027777	1.332970	26858300.000000
2016-08-17	0.000549	0.015086	0.028622	0.015086	0.038917	14343300.000000
2016-08-16	-0.005865	0.017544	0.027636	0.012217	-0.418373	9763300.000000
2016-08-15	-0.007714	0.026664	0.029446	0.016927	-0.554596	9636100.000000
2016-08-12	0.001219	0.027777	0.032233	0.024434	0.087563	9994200.000000
2016-08-11	-0.002028	0.035421	0.039590	0.021939	-0.145943	6290300.000000
2016-08-10	0.012459	0.035234	0.048462	0.032702	0.885407	8052300.000000
2016-08-09	0.002727	0.035095	0.042432	0.031144	0.193275	6427900.000000
2016-08-08	-0.005694	0.038179	0.039161	0.024711	-0.405876	6577200.000000
2016-08-05	0.006275	0.037071	0.043988	0.037071	0.444519	5415400.000000
2016-08-04	0.004936	0.032826	0.042615	0.029847	0.347900	4944900.000000
2016-08-03	-0.002598	0.032973	0.038633	0.026039	-0.183601	6568100.000000
2016-08-02	-0.008810	0.033690	0.033971	0.018683	-0.628143	6513100.000000
2016-08-01	0.011100	0.032543	0.049277	0.032543	0.782745	5868400.000000
2016-07-29	-0.003686	0.033823	0.034954	0.028030	-0.260902	6302200.000000
2016-07-28	-0.001091	0.032272	0.034812	0.022816	-0.077317	4603200.000000
2016-07-27	-0.005561	0.033830	0.036075	0.026532	-0.396202	5777900.000000
2016-07-26	-0.000271	0.034251	0.039302	0.030042	-0.019333	5248300.000000
2016-07-25	0.002719	0.034812	0.038752	0.032842	0.193261	4734000.000000
2016-07-22	0.000408	0.038190	0.040302	0.033405	0.029006	4316600.000000
2016-07-21	-0.003659	0.029764	0.032989	0.025697	-0.260917	4391900.000000
2016-07-20	0.001765	0.037903	0.041134	0.034391	0.125618	5282000.000000
2016-07-19	-0.002437	0.032010	0.036494	0.031169	-0.173928	4798100.000000
2016-07-18	0.002307	0.034391	0.041976	0.032846	0.164269	5457300.000000
2016-07-15	-0.000407	0.038744	0.039165	0.031162	-0.028984	5994800.000000
2016-07-14	0.001087	0.037202	0.041700	0.034672	0.077301	6646400.000000
2016-07-13	0.004777	0.034530	0.039897	0.030152	0.338226	6399000.000000
2016-07-12	-0.010667	0.027826	0.030201	0.020001	-0.763420	12361200.000000
2016-07-11	0.002980	0.032430	0.041960	0.030048	0.212608	9040100.000000
2016-07-08	0.004216	0.038893	0.039316	0.030731	0.299553	9127600.000000
2016-07-07	-0.003928	0.033551	0.036354	0.025420	-0.280243	7792800.000000
2016-07-06	0.009297	0.036510	0.046697	0.035237	0.657128	11062700.000000
2016-07-05	0.004532	0.033960	0.046325	0.032965	0.318909	10748600.000000
2016-07-01	-0.002876	0.036371	0.036938	0.026309	-0.202942	7638800.000000
2016-06-30	0.007728	0.036383	0.045238	0.032813	0.541160	8713600.000000
2016-06-29	0.013285	0.036549	0.048994	0.035536	0.918030	7014700.000000
2016-06-28	0.000140	0.038575	0.040167	0.022800	0.009674	8561200.000000
2016-06-27	-0.006392	0.030211	0.032080	0.019282	-0.444519	11303400.000000
2016-06-24	-0.001942	0.012566	0.043711	0.011992	-0.135300	15120400.000000
2016-06-23	0.004878	0.041302	0.041879	0.035389	0.338227	6970200.000000
2016-06-22	0.004058	0.036840	0.046252	0.036405	0.280243	8457500.000000
2016-06-21	0.005063	0.032629	0.043836	0.032629	0.347892	6674800.000000
2016-06-20	0.002114	0.040063	0.046918	0.036271	0.144951	7142500.000000
2016-06-17	-0.004909	0.031184	0.034957	0.021750	-0.338226	18059300.000000
2016-06-16	0.002531	0.033066	0.039759	0.030156	0.173942	6705200.000000
2016-06-15	0.002396	0.038458	0.044438	0.035541	0.164284	8017000.000000
2016-06-14	0.005955	0.036720	0.044202	0.029971	0.405876	9066400.000000
2016-06-13	-0.008575	0.032776	0.035394	0.025357	-0.589485	7907600.000000
2016-06-10	0.000703	0.033502	0.039470	0.028844	0.048325	7511400.000000
2016-06-09	-0.002666	0.035974	0.039313	0.028570	-0.183617	6069900.000000
2016-06-08	0.003520	0.032190	0.040931	0.031462	0.241600	6139000.000000
2016-06-07	-0.000282	0.035540	0.038599	0.031899	-0.019333	7363400.000000
2016-06-06	0.002540	0.044303	0.044741	0.036710	0.173943	9018000.000000
2016-06-03	-0.001128	0.029270	0.036271	0.028541	-0.077309	6363600.000000
2016-06-02	0.006383	0.034812	0.042151	0.029675	0.434868	6508700.000000
2016-06-01	-0.003956	0.030719	0.036713	0.029403	-0.270584	7220900.000000
2016-05-31	0.000424	0.032326	0.038469	0.030863	0.028992	8390200.000000
2016-05-27	-0.001411	0.034958	0.035397	0.029554	-0.096634	5762800.000000
2016-05-26	0.005250	0.037896	0.048026	0.036574	0.357544	8693900.000000
2016-05-25	0.003417	0.034960	0.046009	0.034812	0.231926	7263900.000000
2016-05-24	0.010648	0.037046	0.048511	0.035557	0.715118	8828000.000000
2016-05-23	-0.005153	0.030961	0.037775	0.028591	-0.347893	10099800.000000
2016-05-20	0.009538	0.036756	0.048869	0.029578	0.637802	16746600.000000
2016-05-19	0.095804	0.115926	0.136081	0.106094	5.846463	35076700.000000
2016-05-18	-0.029954	0.001749	0.013830	-0.003020	-1.884400	22255900.000000
2016-05-17	-0.013935	0.035439	0.038731	0.016944	-0.889049	9252700.000000
2016-05-16	0.016631	0.033537	0.057280	0.030669	1.043659	10181800.000000
2016-05-13	-0.028571	0.029085	0.030168	0.000757	-1.845745	13744700.000000
2016-05-12	0.006626	0.036994	0.044785	0.034345	0.425201	9533500.000000
2016-05-11	-0.027529	0.022387	0.022841	-0.005798	-1.816742	14597500.000000
2016-05-10	-0.002321	0.041935	0.045110	0.034830	-0.153511	6402900.000000
2016-05-09	0.010256	0.042389	0.055371	0.041014	0.671540	8656200.000000
2016-05-06	0.015474	0.037736	0.058674	0.036030	0.997718	9788600.000000
2016-05-05	0.000298	0.038976	0.043320	0.032925	0.019181	8091000.000000
2016-05-04	0.002836	0.040055	0.050012	0.033676	0.182274	6029500.000000
2016-05-03	-0.008729	0.031131	0.041001	0.029434	-0.566002	5906600.000000
2016-05-02	0.010767	0.038492	0.055327	0.037089	0.690712	7609700.000000
2016-04-29	-0.029604	0.039666	0.041027	0.003816	-1.957039	12099000.000000
2016-04-28	-0.007347	0.037133	0.045392	0.032328	-0.489258	4776900.000000
2016-04-27	0.001731	0.045247	0.049609	0.037726	0.115112	5147300.000000
2016-04-26	-0.002447	0.045840	0.048691	0.036837	-0.163093	6648400.000000
2016-04-25	0.010914	0.039810	0.054220	0.032377	0.719505	5896200.000000
2016-04-22	0.003651	0.047717	0.049544	0.039496	0.239845	6215100.000000
2016-04-21	-0.010692	0.046305	0.049468	0.027779	-0.709915	6617600.000000
2016-04-20	-0.008026	0.042240	0.045676	0.032827	-0.537224	5412500.000000
2016-04-19	-0.001288	0.041344	0.045672	0.037017	-0.086342	8199400.000000
2016-04-18	0.011584	0.042238	0.055068	0.039219	0.767457	6616100.000000
2016-04-15	0.003779	0.044510	0.051631	0.044510	0.249435	7584500.000000
2016-04-14	-0.005062	0.042389	0.043745	0.027314	-0.335770	6977100.000000
2016-04-13	0.005087	0.045571	0.051782	0.043449	0.335770	6262700.000000
2016-04-12	0.020772	0.045018	0.065124	0.043162	1.343079	7734600.000000
2016-04-11	-0.009697	0.041623	0.047137	0.031974	-0.633172	7865400.000000
2016-04-08	-0.002345	0.043764	0.044986	0.036888	-0.153488	6516000.000000
2016-04-07	-0.011877	0.039218	0.040728	0.025781	-0.786659	6110500.000000
2016-04-06	0.005828	0.043300	0.048767	0.040567	0.383743	5362700.000000
2016-04-05	-0.006657	0.041333	0.044652	0.029868	-0.441299	5779000.000000
2016-04-04	0.000579	0.041483	0.047068	0.040276	0.038361	6823400.000000
2016-04-01	0.008323	0.035236	0.053195	0.035236	0.546836	6602400.000000
2016-03-31	-0.004506	0.041631	0.048298	0.037389	-0.297401	6283500.000000
2016-03-30	0.011319	0.046986	0.057252	0.046373	0.738693	7208500.000000
2016-03-29	-0.001321	0.042848	0.043766	0.031830	-0.086342	6491000.000000
2016-03-28	0.001765	0.041316	0.051280	0.041316	0.115128	5603500.000000
2016-03-24	0.008005	0.041925	0.051351	0.041153	0.518036	6304700.000000
2016-03-23	-0.006041	0.044539	0.045921	0.035785	-0.393334	6110600.000000
2016-03-22	-0.001471	0.042849	0.053277	0.039628	-0.095939	7514500.000000
2016-03-21	0.015236	0.043635	0.064654	0.042700	0.978538	9415800.000000
2016-03-18	-0.007413	0.042853	0.051352	0.031571	-0.479675	23153100.000000
2016-03-17	-0.007942	0.039783	0.056647	0.031197	-0.518036	11838100.000000
2016-03-16	-0.001469	0.040093	0.046216	0.029529	-0.095932	8218000.000000
2016-03-15	0.010837	0.036818	0.057709	0.036818	0.700310	7566900.000000
2016-03-14	0.002829	0.042079	0.050148	0.039130	0.182274	6712500.000000
2016-03-11	-0.003560	0.047956	0.050584	0.032956	-0.230248	8290900.000000
2016-03-10	-0.001777	0.042698	0.050261	0.024946	-0.115112	10225800.000000
2016-03-09	-0.000148	0.046247	0.049334	0.035907	-0.009598	7824800.000000
2016-03-08	0.002209	0.047631	0.059077	0.043918	0.142838	10067900.000000
2016-03-07	0.016622	0.047590	0.076838	0.042086	1.057037	12825400.000000
2016-03-04	0.009677	0.050106	0.068205	0.049312	0.609467	10010500.000000
2016-03-03	-0.001057	0.045982	0.049947	0.029011	-0.066662	11846800.000000
2016-03-02	-0.003762	0.046156	0.053424	0.042837	-0.238068	9165600.000000
2016-03-01	0.001809	0.055013	0.058812	0.044724	0.114273	10429500.000000
2016-02-29	-0.002556	0.052000	0.057053	0.045527	-0.161892	9345200.000000
2016-02-26	-0.022487	0.050723	0.052575	0.023251	-1.456993	10984300.000000
2016-02-25	0.013707	0.055269	0.065907	0.053391	0.876103	9581300.000000
2016-02-24	0.009627	0.045525	0.063532	0.038101	0.609455	10291200.000000
2016-02-23	0.012952	0.053466	0.065626	0.044506	0.809456	11432000.000000
2016-02-22	0.015001	0.050106	0.074141	0.050106	0.923706	10587300.000000
2016-02-19	0.008422	0.046339	0.060751	0.038969	0.514236	15562300.000000
2016-02-18	-0.030101	0.012460	0.028980	-0.009619	-1.895042	27894600.000000
2016-02-17	0.003187	0.053293	0.061419	0.048672	0.199977	12426700.000000
2016-02-16	-0.004231	0.056929	0.059943	0.039316	-0.266647	11360500.000000
2016-02-12	0.013166	0.053321	0.065057	0.042871	0.818977	9695500.000000
2016-02-11	-0.007144	0.037815	0.049627	0.033985	-0.447578	11186700.000000
2016-02-10	-0.000304	0.056169	0.062552	0.047553	-0.019051	9709300.000000
2016-02-09	-0.016293	0.027973	0.042414	0.015259	-1.037982	14642400.000000
2016-02-08	-0.001493	0.042269	0.052457	0.021267	-0.095234	20743600.000000
2016-02-05	0.008732	0.057062	0.067655	0.041568	0.552330	14196500.000000
2016-02-04	0.002263	0.042024	0.054543	0.030140	0.142841	12833400.000000
2016-02-03	-0.008825	0.057173	0.060157	0.021992	-0.561855	12315600.000000
2016-02-02	-0.009481	0.046994	0.055395	0.031126	-0.609455	13585900.000000
2016-02-01	0.017179	0.042985	0.074950	0.042668	1.085601	14728400.000000
2016-01-29	0.033323	0.058772	0.087878	0.058609	2.037892	16439100.000000
2016-01-28	0.004222	0.051419	0.059301	0.041567	0.257118	11278300.000000
2016-01-27	-0.000781	0.051746	0.069467	0.048301	-0.047615	10214300.000000
2016-01-26	0.008668	0.048616	0.066987	0.046961	0.523758	9441200.000000
2016-01-25	0.012123	0.051613	0.069034	0.047760	0.723732	12823400.000000
2016-01-22	0.013090	0.059609	0.073524	0.054348	0.771351	9197500.000000
2016-01-21	0.017094	0.052522	0.083763	0.051314	0.990379	12089200.000000
2016-01-20	-0.027494	0.037349	0.046245	0.010492	-1.637932	17369100.000000
2016-01-19	0.010173	0.055532	0.064858	0.051462	0.599941	13051300.000000
2016-01-15	-0.017919	0.024960	0.040281	0.020131	-1.076084	15102900.000000
2016-01-14	0.018411	0.051462	0.078936	0.048410	1.085606	12934900.000000
2016-01-13	-0.026721	0.051921	0.051921	0.020560	-1.618881	13725700.000000
2016-01-12	-0.009343	0.052722	0.058445	0.037188	-0.571373	12195900.000000
2016-01-11	0.010702	0.053741	0.065475	0.051593	0.647552	12653800.000000
2016-01-08	-0.022912	0.050913	0.056242	0.023946	-1.418899	17767900.000000
2016-01-07	0.023289	0.040522	0.077866	0.039695	1.409378	26430000.000000
2016-01-06	0.010013	0.042762	0.067296	0.042595	0.599937	16564600.000000
2016-01-05	0.023755	0.059845	0.077272	0.056769	1.390343	13326000.000000
2016-01-04	0.002610	0.036401	0.053361	0.034003	0.152367	11989200.000000
2015-12-31	-0.006161	0.044147	0.050787	0.041423	-0.361874	6555100.000000
2015-12-30	0.001136	0.050958	0.054537	0.048060	0.066654	5716700.000000
2015-12-29	0.014156	0.054427	0.067391	0.054081	0.818970	7883600.000000
2015-12-28	-0.001315	0.045790	0.052522	0.044409	-0.076183	5421700.000000
2015-12-24	-0.004256	0.044777	0.050278	0.043058	-0.247593	2482800.000000
2015-12-23	0.009085	0.058085	0.060166	0.048371	0.523758	7519800.000000
2015-12-22	0.016625	0.054338	0.070385	0.051164	0.942764	9266300.000000
2015-12-21	0.011895	0.049570	0.063132	0.046894	0.666595	9645500.000000
2015-12-18	-0.002204	0.049216	0.057584	0.046011	-0.123790	16256700.000000
2015-12-17	-0.021891	0.050628	0.050628	0.026944	-1.257023	12976100.000000
2015-12-16	0.011066	0.058381	0.067889	0.051162	0.628505	9960500.000000
2015-12-15	-0.012419	0.054453	0.057931	0.035847	-0.714206	14615400.000000
2015-12-14	0.017352	0.049044	0.069211	0.044975	0.980850	14524900.000000
2015-12-11	-0.003358	0.041114	0.049577	0.036882	-0.190457	9745000.000000
2015-12-10	0.007272	0.050106	0.067155	0.049395	0.409482	11357200.000000
2015-12-09	-0.008052	0.043940	0.058914	0.037598	-0.457097	8981700.000000
2015-12-08	-0.014711	0.042642	0.049932	0.032749	-0.847534	10377600.000000
2015-12-07	0.014080	0.048521	0.068939	0.048521	0.799919	11595900.000000
2015-12-04	0.010501	0.050283	0.064513	0.049928	0.590416	10435300.000000
2015-12-03	0.011825	0.056225	0.073681	0.054605	0.657082	15844100.000000
2015-12-02	-0.002564	0.052080	0.064287	0.046875	-0.142845	13586900.000000
2015-12-01	0.002549	0.064120	0.067000	0.055482	0.141655	12204100.000000
2015-11-30	-0.017532	0.058548	0.061907	0.038392	-0.991596	14942600.000000
2015-11-27	-0.005810	0.062417	0.066812	0.052398	-0.330525	5340900.000000
2015-11-25	0.005340	0.060315	0.072862	0.058195	0.302200	7820200.000000
2015-11-24	-0.005642	0.053454	0.061713	0.051873	-0.321090	12453900.000000
2015-11-23	0.003163	0.062780	0.070712	0.055552	0.179432	10577000.000000
2015-11-20	-0.010379	0.063786	0.072334	0.047039	-0.594952	12371100.000000
2015-11-19	-0.003775	0.062203	0.066374	0.050212	-0.217209	11566100.000000
2015-11-18	0.016856	0.061022	0.079224	0.052363	0.953819	14877700.000000
2015-11-17	0.035424	0.085799	0.114344	0.083238	1.935967	24679300.000000
2015-11-16	0.025700	0.058338	0.089118	0.057775	1.369343	13321600.000000
2015-11-13	-0.009306	0.054997	0.060947	0.046816	-0.500523	12514900.000000
2015-11-12	-0.010941	0.060005	0.062395	0.046764	-0.594959	9551500.000000
2015-11-11	-0.018746	0.055653	0.059804	0.037067	-1.038803	8689900.000000
2015-11-10	0.003248	0.055643	0.062884	0.055643	0.179424	7614900.000000
2015-11-09	-0.004934	0.053857	0.058901	0.045210	-0.273865	8440400.000000
2015-11-06	0.002900	0.064502	0.069561	0.053481	0.160542	9977300.000000
2015-11-05	0.004112	0.061441	0.069968	0.059808	0.226654	8860500.000000
2015-11-04	0.004474	0.067466	0.070746	0.060359	0.245544	10056500.000000
2015-11-03	0.008679	0.058166	0.072136	0.057431	0.472184	10253900.000000
2015-11-02	0.006464	0.059826	0.065746	0.050207	0.349414	10719200.000000
2015-10-30	-0.012422	0.054699	0.061825	0.045747	-0.679947	15805500.000000
2015-10-29	0.005552	0.060371	0.067719	0.055962	0.302197	12855500.000000
2015-10-28	0.002784	0.062217	0.063323	0.053006	0.151104	11834700.000000
2015-10-27	-0.009307	0.058719	0.059267	0.047221	-0.509960	10511400.000000
2015-10-26	-0.004803	0.060718	0.061626	0.052908	-0.264427	10839800.000000
2015-10-23	-0.010187	0.064115	0.065733	0.046676	-0.566632	13040600.000000
2015-10-22	0.004434	0.064319	0.082738	0.058901	0.245541	14588500.000000
2015-10-21	-0.001872	0.059803	0.064128	0.055657	-0.103882	13117600.000000
2015-10-20	-0.001699	0.059081	0.061600	0.053863	-0.094437	10264200.000000
2015-10-19	-0.000679	0.057103	0.066274	0.051889	-0.037773	17805800.000000
2015-10-16	-0.007416	0.061400	0.061757	0.041768	-0.415527	26195100.000000
2015-10-15	-0.011661	0.053080	0.066663	0.033853	-0.661060	46253500.000000
2015-10-14	-0.100405	0.056997	0.078261	-0.047576	-6.327317	80898100.000000
2015-10-13	-0.002988	0.053997	0.059060	0.048302	-0.188865	8858400.000000
2015-10-12	0.003599	0.058584	0.063824	0.057155	0.226642	5643900.000000
2015-10-09	-0.002841	0.059851	0.061118	0.053043	-0.179432	6754000.000000
2015-10-08	0.007836	0.056827	0.068954	0.055550	0.491070	5974500.000000
2015-10-07	0.010353	0.061481	0.069864	0.060352	0.642178	7136000.000000
2015-10-06	-0.002884	0.053596	0.060187	0.047809	-0.179432	7410900.000000
2015-10-05	0.013697	0.062650	0.074220	0.061509	0.840500	6300300.000000
2015-10-02	0.011047	0.050499	0.070599	0.044732	0.670509	7084000.000000
2015-10-01	-0.008791	0.057595	0.060535	0.043224	-0.538292	7837200.000000
2015-09-30	0.016620	0.069693	0.078160	0.061392	1.001034	7979200.000000
2015-09-29	0.001885	0.060399	0.065222	0.051749	0.113323	7640100.000000
2015-09-28	-0.001881	0.055913	0.061724	0.053921	-0.113323	9394400.000000
2015-09-25	-0.000783	0.062883	0.069353	0.055418	-0.047222	7163000.000000
2015-09-24	0.001726	0.052919	0.063222	0.051922	0.103874	6956200.000000
2015-09-23	0.002044	0.061066	0.064563	0.051075	0.122776	5876600.000000
2015-09-22	-0.002040	0.050758	0.060563	0.045607	-0.122776	8800800.000000
2015-09-21	0.005999	0.065756	0.069935	0.059403	0.358868	7119600.000000
2015-09-18	-0.017528	0.047076	0.054959	0.039027	-1.067147	12885200.000000
2015-09-17	-0.003401	0.059065	0.068723	0.050226	-0.207763	7133100.000000
2015-09-16	0.005753	0.063511	0.066310	0.054457	0.349426	5625400.000000
2015-09-15	0.000622	0.062196	0.065820	0.055113	0.037781	6860800.000000
2015-09-14	-0.005723	0.058902	0.059229	0.045307	-0.349423	6956700.000000
2015-09-11	0.008266	0.059892	0.068149	0.056754	0.500508	8062400.000000
2015-09-10	-0.015356	0.041828	0.051259	0.037925	-0.944375	14524800.000000
2015-09-09	-0.018981	0.066559	0.068951	0.037047	-1.189895	9464200.000000
2015-09-08	0.038973	0.081110	0.102159	0.080282	2.351482	17706800.000000
2015-09-04	-0.014955	0.046004	0.049759	0.036861	-0.916042	9232400.000000
2015-09-03	0.006518	0.063502	0.068268	0.058080	0.396633	8523800.000000
2015-09-02	0.009715	0.071677	0.077484	0.062883	0.585514	9514600.000000
2015-09-01	-0.014058	0.043688	0.052194	0.035018	-0.859379	13393900.000000
2015-08-31	-0.003234	0.056945	0.059880	0.048303	-0.198326	8175200.000000
2015-08-28	-0.017252	0.059061	0.059542	0.032781	-1.076591	14303000.000000
2015-08-27	0.019281	0.066905	0.080952	0.060861	1.180481	13912800.000000
2015-08-26	0.027417	0.077864	0.088269	0.057559	1.633766	13928300.000000
2015-08-25	-0.013292	0.083739	0.088044	0.043171	-0.802715	14801000.000000
2015-08-24	-0.038924	0.014343	0.052854	-0.021304	-2.445931	22239600.000000
2015-08-21	-0.027620	0.050855	0.057044	0.029655	-1.784874	15746500.000000
2015-08-20	-0.002042	0.051335	0.070175	0.049173	-0.132202	9860100.000000
2015-08-19	-0.013098	0.049605	0.057530	0.032840	-0.859406	16301600.000000
2015-08-18	-0.033792	0.030776	0.038139	0.019585	-2.294822	21315000.000000
2015-08-17	-0.006493	0.050855	0.056707	0.049831	-0.443840	7604400.000000
2015-08-14	0.003744	0.061692	0.066097	0.057874	0.254982	5912500.000000
2015-08-13	-0.006476	0.056275	0.061673	0.050002	-0.443878	7652400.000000
2015-08-12	0.009037	0.053013	0.069648	0.049185	0.613861	8841400.000000
2015-08-11	0.006295	0.055494	0.072086	0.054013	0.424964	6829200.000000
2015-08-10	0.003228	0.062617	0.066332	0.060239	0.217209	6020100.000000
2015-08-07	-0.021157	0.057738	0.059483	0.035335	-1.454345	7797500.000000
2015-08-06	-0.009795	0.056597	0.057029	0.046657	-0.679947	6367700.000000
2015-08-05	0.024387	0.068198	0.087381	0.066132	1.652656	8715800.000000
2015-08-04	0.000970	0.069677	0.075290	0.062439	0.065659	5873400.000000
2015-08-03	0.002779	0.064058	0.072057	0.064058	0.187599	5131800.000000
2015-07-31	-0.002495	0.070269	0.071007	0.058744	-0.168861	7928400.000000
2015-07-30	-0.000969	0.063180	0.070560	0.059490	-0.065644	4604500.000000
2015-07-29	0.001803	0.068350	0.073969	0.065984	0.121949	4939700.000000
2015-07-28	0.010087	0.068372	0.081217	0.063892	0.675338	8592300.000000
2015-07-27	-0.002794	0.063153	0.067175	0.057642	-0.187591	6197600.000000
2015-07-24	-0.012826	0.066426	0.066867	0.051282	-0.872322	5951100.000000
2015-07-23	-0.008885	0.064820	0.067006	0.055348	-0.609696	4252900.000000
2015-07-22	0.005774	0.066718	0.081962	0.066718	0.393982	6961600.000000
2015-07-21	-0.004925	0.066132	0.068903	0.057819	-0.337677	6441100.000000
2015-07-20	-0.003952	0.065551	0.066858	0.061338	-0.272026	5085600.000000
2015-07-17	-0.005960	0.064832	0.069598	0.058623	-0.412704	5680600.000000
2015-07-16	0.002444	0.070764	0.073225	0.067724	0.168831	5231700.000000
2015-07-15	-0.001897	0.063242	0.067721	0.057463	-0.131310	4566700.000000
2015-07-14	-0.001218	0.067575	0.069162	0.060360	-0.084419	5518200.000000
2015-07-13	0.010394	0.071818	0.080567	0.071818	0.712852	6084500.000000
2015-07-10	0.004672	0.070527	0.077411	0.070527	0.318917	5579300.000000
2015-07-09	-0.003832	0.075034	0.075909	0.061025	-0.262619	8670500.000000
2015-07-08	-0.009893	0.059052	0.063242	0.053273	-0.684731	7791000.000000
2015-07-07	0.017372	0.068043	0.085682	0.058341	1.181839	12421300.000000
2015-07-06	0.009324	0.059010	0.078446	0.059010	0.628441	10536500.000000
2015-07-02	-0.000278	0.068209	0.076218	0.062869	-0.018746	6586100.000000
2015-07-01	0.013393	0.076202	0.081463	0.057564	0.891053	10773900.000000
2015-06-30	-0.006861	0.071954	0.071954	0.056578	-0.459603	11102600.000000
2015-06-29	-0.009706	0.061401	0.064358	0.055636	-0.656578	8187800.000000
2015-06-26	0.003618	0.067616	0.075034	0.066280	0.243874	6897800.000000
2015-06-25	-0.007184	0.067163	0.069814	0.058031	-0.487740	5293200.000000
2015-06-24	-0.002618	0.065985	0.067307	0.059815	-0.178215	7338400.000000
2015-06-23	-0.003022	0.067597	0.068329	0.059541	-0.206360	7876300.000000
2015-06-22	0.000688	0.069650	0.072728	0.065399	0.046921	6489500.000000
2015-06-19	-0.003289	0.063502	0.069638	0.062041	-0.225136	14550700.000000
2015-06-18	0.003437	0.066278	0.077126	0.066278	0.234490	8376600.000000
2015-06-17	0.005252	0.070258	0.074237	0.065985	0.356445	5703900.000000
2015-06-16	0.005839	0.070430	0.075766	0.063019	0.393936	6215600.000000
2015-06-15	-0.006903	0.062746	0.065690	0.055387	-0.468979	7566800.000000
2015-06-12	-0.006992	0.063209	0.065547	0.058239	-0.478370	7246600.000000
2015-06-11	0.000137	0.070518	0.076950	0.064816	0.009384	7420000.000000
2015-06-10	0.006347	0.069663	0.078784	0.064219	0.431465	11215800.000000
2015-06-09	-0.001928	0.067453	0.069656	0.062461	-0.131309	8335600.000000
2015-06-08	-0.006159	0.071531	0.072407	0.059420	-0.422081	9593000.000000
2015-06-05	-0.014700	0.066419	0.067857	0.049310	-1.022408	10635100.000000
2015-06-04	-0.009881	0.060011	0.067413	0.052750	-0.694084	8982800.000000
2015-06-03	0.004830	0.068564	0.075716	0.065274	0.337669	6068500.000000
2015-06-02	-0.002677	0.063421	0.069984	0.061709	-0.187614	5797800.000000
2015-06-01	0.006194	0.072161	0.077759	0.068142	0.431480	5646000.000000
2015-05-29	-0.007616	0.065847	0.066702	0.056303	-0.534645	6375100.000000
2015-05-28	-0.004655	0.064430	0.065707	0.058475	-0.328293	5025500.000000
2015-05-27	0.003872	0.067698	0.074815	0.067555	0.272019	6987100.000000
2015-05-26	-0.012655	0.064867	0.065710	0.051516	-0.900452	10573600.000000
2015-05-22	-0.003285	0.067393	0.069914	0.062630	-0.234489	6815000.000000
2015-05-21	0.002767	0.064727	0.073436	0.061356	0.196975	6756200.000000
2015-05-20	-0.006934	0.066830	0.067108	0.057763	-0.497123	10541900.000000
2015-05-19	-0.043669	0.042920	0.045322	0.016907	-3.273522	22458600.000000
2015-05-18	0.008581	0.067881	0.075550	0.065056	0.637810	8300300.000000
2015-05-15	0.006606	0.065997	0.073310	0.064100	0.487755	6617200.000000
2015-05-14	0.007165	0.068996	0.074453	0.064222	0.525261	6170200.000000
2015-05-13	-0.010132	0.069103	0.072478	0.052900	-0.750367	8421200.000000
2015-05-12	0.011011	0.065040	0.084970	0.062992	0.806641	8449000.000000
2015-05-11	-0.005476	0.063281	0.067218	0.059344	-0.403320	3744900.000000
2015-05-08	0.006408	0.073920	0.082801	0.071187	0.468971	5347400.000000
2015-05-07	0.004894	0.067230	0.075606	0.061326	0.356438	5538100.000000
2015-05-06	0.000129	0.069977	0.072723	0.059678	0.009376	5480100.000000
2015-05-05	-0.013261	0.070557	0.070557	0.057685	-0.978683	5855400.000000
2015-05-04	0.007379	0.078047	0.085828	0.070950	0.540611	6669200.000000
2015-05-01	0.007047	0.074922	0.082620	0.074510	0.512642	4999700.000000
2015-04-30	0.002183	0.072172	0.081126	0.068866	0.158478	8795900.000000
2015-04-29	-0.015424	0.067435	0.068656	0.055093	-1.137162	7108400.000000
2015-04-28	-0.003402	0.074077	0.074347	0.064750	-0.251670	4895900.000000
2015-04-27	-0.005887	0.071920	0.073129	0.065470	-0.438080	6449800.000000
2015-04-24	0.008335	0.075570	0.096572	0.073673	0.615181	6867800.000000
2015-04-23	0.009563	0.072177	0.088044	0.069714	0.699066	7468900.000000
2015-04-22	0.005126	0.068736	0.081247	0.066261	0.372826	7594700.000000
2015-04-21	-0.001408	0.079314	0.082471	0.069703	-0.102524	6200200.000000
2015-04-20	0.003339	0.079886	0.085948	0.074789	0.242363	8847600.000000
2015-04-17	-0.017163	0.068799	0.071642	0.049979	-1.267655	11822800.000000
2015-04-16	-0.006270	0.069631	0.074879	0.064653	-0.466049	8015100.000000
2015-04-15	-0.005115	0.078616	0.083971	0.066168	-0.382149	6200400.000000
2015-04-14	-0.001744	0.072860	0.074598	0.064709	-0.130500	5531700.000000
2015-04-13	-0.004464	0.069535	0.076452	0.067805	-0.335549	4698100.000000
2015-04-10	-0.002350	0.073126	0.074984	0.069012	-0.177109	5480300.000000
2015-04-09	-0.002345	0.070345	0.077627	0.066902	-0.177093	3923600.000000
2015-04-08	0.006584	0.071395	0.082590	0.070995	0.494026	6694700.000000
2015-04-07	-0.006050	0.074185	0.076835	0.065840	-0.456726	6606100.000000
2015-04-06	0.003220	0.069272	0.080834	0.065153	0.242332	6380700.000000
2015-04-02	0.000248	0.073126	0.080969	0.070734	0.018647	5795700.000000
2015-04-01	-0.018723	0.073252	0.073252	0.049121	-1.435410	8306700.000000
2015-03-31	-0.003393	0.071040	0.079490	0.069220	-0.261001	5587700.000000
2015-03-30	0.014505	0.077476	0.091983	0.073915	1.099861	5701700.000000
2015-03-27	-0.006594	0.072336	0.076660	0.064476	-0.503319	5717400.000000
2015-03-26	0.007009	0.067715	0.085922	0.064021	0.531296	8267200.000000
2015-03-25	-0.020831	0.073377	0.075444	0.050383	-1.612519	6645900.000000
2015-03-24	-0.003121	0.071315	0.078012	0.068353	-0.242340	5359100.000000
2015-03-23	0.000841	0.072087	0.081367	0.071314	0.065247	6505700.000000
2015-03-20	0.021099	0.076940	0.098787	0.075361	1.603187	12365300.000000
2015-03-19	-0.012238	0.070260	0.071690	0.057781	-0.941413	7212900.000000
2015-03-18	-0.001089	0.064550	0.077275	0.053902	-0.083886	10252300.000000
2015-03-17	-0.008044	0.068867	0.069254	0.059335	-0.624496	4802000.000000
2015-03-16	0.016972	0.080065	0.092117	0.079934	1.295608	6519100.000000
2015-03-13	0.000000	0.073515	0.077445	0.064870	0.000000	4762200.000000
2015-03-12	0.014996	0.074456	0.091874	0.074057	1.127823	5225800.000000
2015-03-11	-0.010909	0.076017	0.077990	0.059184	-0.829544	6160900.000000
2015-03-10	-0.009773	0.071361	0.074356	0.068756	-0.750496	6311100.000000
2015-03-09	0.003511	0.079304	0.089106	0.078651	0.268692	4671500.000000
2015-03-06	-0.011727	0.069489	0.073234	0.063936	-0.907989	5731000.000000
2015-03-05	0.011989	0.086755	0.096165	0.084271	0.917267	5997500.000000
2015-03-04	-0.009476	0.077233	0.077233	0.064158	-0.731949	6214400.000000
2015-03-03	-0.007027	0.075448	0.077505	0.069149	-0.546662	6460800.000000
2015-03-02	0.000357	0.079304	0.080205	0.069917	0.027787	6061500.000000
2015-02-27	0.001551	0.078274	0.083941	0.074153	0.120445	5877400.000000
2015-02-26	0.002752	0.082921	0.083050	0.075430	0.213112	5888100.000000
2015-02-25	-0.011825	0.080070	0.081219	0.065904	-0.926521	6808400.000000
2015-02-24	-0.000354	0.078284	0.082111	0.070629	-0.027787	5197700.000000
2015-02-23	0.003558	0.080457	0.086474	0.078408	0.277932	6730400.000000
2015-02-20	0.009339	0.069096	0.090418	0.066770	0.722702	13840400.000000
2015-02-19	-0.032101	0.056916	0.060668	0.043032	-2.566460	18646800.000000
2015-02-18	0.003839	0.079305	0.083574	0.073780	0.305748	6032700.000000
2015-02-17	0.001748	0.074525	0.081317	0.068739	0.138977	5087200.000000
2015-02-13	-0.000931	0.078676	0.082698	0.072142	-0.074120	5597000.000000
2015-02-12	-0.005212	0.082055	0.083555	0.065429	-0.416946	6941600.000000
2015-02-11	-0.010883	0.071144	0.077203	0.062365	-0.880188	5853100.000000
2015-02-10	0.016063	0.088224	0.098149	0.085712	1.278595	5732100.000000
2015-02-09	-0.016260	0.074855	0.077574	0.058418	-1.315666	5456200.000000
2015-02-06	0.000573	0.079057	0.088208	0.073122	0.046333	5617600.000000
2015-02-05	0.007271	0.085034	0.088148	0.078184	0.583717	5090800.000000
2015-02-04	0.005337	0.078303	0.089948	0.076925	0.426186	8932300.000000
2015-02-03	0.005600	0.080816	0.089630	0.078675	0.444733	8283500.000000
2015-02-02	0.008590	0.076891	0.090608	0.065969	0.676361	6927200.000000
2015-01-30	-0.031236	0.067739	0.074875	0.044607	-2.538674	10280200.000000
2015-01-29	0.010366	0.082412	0.090493	0.072467	0.833870	6522800.000000
2015-01-28	-0.008111	0.085347	0.087936	0.069933	-0.657821	5936800.000000
2015-01-27	-0.012411	0.075042	0.077234	0.062621	-1.019173	6020500.000000
2015-01-26	0.001356	0.076866	0.087231	0.074549	0.111175	4666700.000000
2015-01-23	0.002378	0.080771	0.091039	0.074293	0.194573	7565800.000000
2015-01-22	0.019160	0.086654	0.101230	0.082045	1.538032	7123800.000000
2015-01-21	-0.000577	0.071959	0.082043	0.067103	-0.046340	8173800.000000
2015-01-20	-0.000922	0.079926	0.090872	0.064129	-0.074112	7853100.000000
2015-01-16	-0.006981	0.077081	0.080293	0.065100	-0.565178	8408900.000000
2015-01-15	0.008890	0.084164	0.093884	0.080426	0.713409	9412700.000000
2015-01-14	-0.030232	0.059244	0.069757	0.045346	-2.501602	11745600.000000
2015-01-13	-0.007887	0.088657	0.090695	0.066236	-0.657822	8215400.000000
2015-01-12	0.007499	0.079425	0.090901	0.077734	0.620766	7372500.000000
2015-01-09	-0.012380	0.077515	0.078350	0.064750	-1.037720	8522500.000000
2015-01-08	0.021106	0.086735	0.104521	0.085030	1.732605	12713600.000000
2015-01-07	0.026532	0.085182	0.108941	0.083806	2.121750	8498400.000000
2015-01-06	0.007706	0.083463	0.093166	0.081069	0.611504	8205100.000000
2015-01-05	-0.002910	0.077043	0.084582	0.074404	-0.231636	6979000.000000
2015-01-02	0.000233	0.084206	0.089861	0.075157	0.018524	4501800.000000
2014-12-31	-0.010485	0.082911	0.087388	0.067739	-0.843140	4151400.000000
2014-12-30	0.001731	0.077810	0.085409	0.077311	0.138992	3265400.000000
2014-12-29	-0.003107	0.073716	0.081291	0.072971	-0.250167	3605600.000000
2014-12-26	0.005554	0.076183	0.088171	0.074060	0.444740	3249300.000000
2014-12-24	-0.002654	0.083165	0.084411	0.075942	-0.213112	2491800.000000
2014-12-23	0.003241	0.083178	0.088051	0.079054	0.259415	5552600.000000
2014-12-22	0.014326	0.081332	0.095020	0.080952	1.130371	4575800.000000
2014-12-19	-0.009076	0.083323	0.084328	0.069509	-0.722687	12068800.000000
2014-12-18	0.020301	0.086608	0.101344	0.079945	1.584343	8645900.000000
2014-12-17	0.015309	0.083468	0.096217	0.079174	1.176697	6641000.000000
2014-12-16	-0.011675	0.075190	0.089848	0.066446	-0.908005	7437400.000000
2014-12-15	0.001551	0.085100	0.090766	0.069517	0.120468	6317700.000000
2014-12-12	-0.000239	0.075313	0.094368	0.075313	-0.018539	7284100.000000
2014-12-11	0.010244	0.082166	0.099075	0.081646	0.787552	8032800.000000
2014-12-10	-0.006941	0.084084	0.088992	0.070780	-0.537400	6973600.000000
2014-12-09	-0.007954	0.071872	0.079048	0.059059	-0.620773	6633600.000000
2014-12-08	0.001308	0.079689	0.086361	0.075840	0.101921	6266000.000000
2014-12-05	-0.007551	0.079941	0.080069	0.063388	-0.592964	6570100.000000
2014-12-04	-0.002119	0.069012	0.077780	0.062913	-0.166786	6901400.000000
2014-12-03	-0.011406	0.079681	0.080309	0.063728	-0.907990	6374300.000000
2014-12-02	0.002088	0.085964	0.091376	0.081684	0.165856	6766300.000000
2014-12-01	-0.015079	0.075168	0.079507	0.063142	-1.216210	9140900.000000
2014-11-28	0.030125	0.100660	0.125054	0.097084	2.358719	7820600.000000
2014-11-26	0.000353	0.084695	0.087378	0.079329	0.027641	3942800.000000
2014-11-25	-0.005269	0.086605	0.086732	0.072498	-0.414619	6675500.000000
2014-11-24	0.008860	0.087898	0.097643	0.086873	0.691032	7995500.000000
2014-11-21	0.000827	0.095086	0.096370	0.085334	0.064484	6649600.000000
2014-11-20	-0.004824	0.083035	0.089165	0.073202	-0.377762	7812700.000000
2014-11-19	0.014322	0.087536	0.109297	0.087018	1.105660	12189800.000000
2014-11-18	0.002632	0.084425	0.089880	0.082347	0.202697	6096400.000000
2014-11-17	0.007353	0.080363	0.095277	0.079709	0.562050	7993400.000000
2014-11-14	0.000241	0.080623	0.088082	0.074342	0.018425	10636600.000000
2014-11-13	0.047222	0.109453	0.138231	0.108083	3.445954	22812400.000000
2014-11-12	0.002404	0.082861	0.091241	0.080389	0.175033	6791200.000000
2014-11-11	-0.005413	0.084788	0.085061	0.077273	-0.396179	5602400.000000
2014-11-10	0.008506	0.082992	0.104073	0.080512	0.617317	12640500.000000
2014-11-07	0.012338	0.085753	0.103049	0.082545	0.884537	9498800.000000
2014-11-06	0.001416	0.091620	0.092039	0.077931	0.101349	4621900.000000
2014-11-05	0.005695	0.093903	0.098960	0.085896	0.405388	5673800.000000
2014-11-04	0.012848	0.088322	0.100843	0.085334	0.902961	6904900.000000
2014-11-03	0.000131	0.086473	0.086899	0.075658	0.009209	6894400.000000
2014-10-31	-0.002354	0.091581	0.098821	0.079088	-0.165848	7570700.000000
2014-10-30	0.000785	0.082208	0.088318	0.079509	0.055275	4872400.000000
2014-10-29	0.000524	0.088177	0.089457	0.079933	0.036873	5759700.000000
2014-10-28	-0.003133	0.085901	0.088310	0.076974	-0.221123	4979600.000000
2014-10-27	0.002749	0.084624	0.093860	0.084339	0.193467	4107400.000000
2014-10-24	0.001705	0.083626	0.088893	0.074659	0.119796	4479600.000000
2014-10-23	0.002894	0.090188	0.094185	0.081766	0.202706	6367100.000000
2014-10-22	0.000131	0.091759	0.094472	0.085192	0.009201	5927600.000000
2014-10-21	0.011711	0.085912	0.100645	0.083456	0.810798	8299700.000000
2014-10-20	0.014035	0.085920	0.101738	0.082697	0.958222	7040700.000000
2014-10-17	0.003793	0.090627	0.095332	0.073719	0.257988	11462300.000000
2014-10-16	-0.018351	0.056902	0.069025	0.047954	-1.271485	14346600.000000
2014-10-15	-0.035650	0.079767	0.081298	0.034951	-2.561424	21057700.000000
2014-10-14	0.005415	0.089113	0.100307	0.086874	0.386986	7901100.000000
2014-10-13	-0.009324	0.081730	0.089354	0.073689	-0.672615	8201200.000000
2014-10-10	0.005523	0.086310	0.106383	0.086310	0.396202	10078000.000000
2014-10-09	-0.004857	0.083531	0.093519	0.077288	-0.350136	7072700.000000
2014-10-08	0.012160	0.086879	0.102042	0.078454	0.866097	8107100.000000
2014-10-07	-0.000646	0.080844	0.090105	0.076494	-0.046067	7059900.000000
2014-10-06	0.000388	0.081544	0.093756	0.080702	0.027634	5429700.000000
2014-10-03	0.014299	0.090175	0.103131	0.089605	1.004288	5819700.000000
2014-10-02	0.001445	0.086617	0.096598	0.083053	0.101372	4921200.000000
2014-10-01	-0.004577	0.085902	0.090870	0.077386	-0.322472	6524900.000000
2014-09-30	0.005126	0.084764	0.094464	0.080912	0.359322	5640700.000000
2014-09-29	-0.005360	0.079233	0.081929	0.073415	-0.377770	4959300.000000
2014-09-26	0.004861	0.087188	0.091750	0.081627	0.340920	3752900.000000
2014-09-25	-0.012455	0.083222	0.084912	0.071817	-0.884537	4963500.000000
2014-09-24	0.019577	0.087200	0.109883	0.086770	1.363647	8434600.000000
2014-09-23	-0.009304	0.080925	0.084054	0.074809	-0.654175	6708000.000000
2014-09-22	-0.006897	0.084628	0.085617	0.077001	-0.488327	4450700.000000
2014-09-19	0.008134	0.088609	0.097438	0.087612	0.571244	13323500.000000
2014-09-18	-0.000262	0.086331	0.090174	0.080636	-0.018418	4751700.000000
2014-09-17	-0.001048	0.085903	0.087467	0.080926	-0.073700	4239000.000000
2014-09-16	0.006727	0.082900	0.096215	0.082328	0.469887	4109500.000000
2014-09-15	0.000528	0.085477	0.087053	0.083042	0.036843	3748500.000000
2014-09-12	-0.004336	0.083480	0.084621	0.079059	-0.304032	5652300.000000
2014-09-11	-0.005359	0.083065	0.084341	0.079376	-0.377762	4953300.000000
2014-09-10	-0.002997	0.086042	0.090143	0.080101	-0.211914	6697100.000000
2014-09-09	0.002744	0.085760	0.092000	0.080229	0.193482	5632000.000000
2014-09-08	-0.012644	0.080013	0.082674	0.070211	-0.902954	5938900.000000
2014-09-05	0.012409	0.084767	0.101920	0.084200	0.875312	7841800.000000
2014-09-04	0.007236	0.087476	0.093758	0.086762	0.506737	5282300.000000
2014-09-03	0.003433	0.088200	0.093644	0.087197	0.239571	4709400.000000
2014-09-02	0.003311	0.084184	0.091659	0.084041	0.230354	4532400.000000
2014-08-29	-0.005270	0.083189	0.085048	0.076612	-0.368553	5080500.000000
2014-08-28	0.000659	0.079897	0.086622	0.079897	0.046051	2923700.000000
2014-08-27	0.004370	0.085190	0.090220	0.084184	0.304062	3200400.000000
2014-08-26	-0.002246	0.087342	0.091930	0.081749	-0.156639	4222900.000000
2014-08-25	-0.000528	0.088201	0.089490	0.082181	-0.036843	3393600.000000
2014-08-22	0.002382	0.088638	0.094672	0.086627	0.165833	4137800.000000
2014-08-21	0.007871	0.086782	0.099089	0.085913	0.543625	5260600.000000
2014-08-20	0.001068	0.084609	0.087798	0.079971	0.073692	4898300.000000
2014-08-19	0.005236	0.089997	0.091891	0.080235	0.359360	5047900.000000
2014-08-18	0.007984	0.089006	0.096790	0.087537	0.543602	4015700.000000
2014-08-15	-0.006587	0.089128	0.089128	0.072203	-0.451462	6942700.000000
2014-08-14	0.004863	0.083282	0.091199	0.079177	0.331688	6136300.000000
2014-08-13	-0.002560	0.086065	0.088113	0.074952	-0.175064	6619100.000000
2014-08-12	-0.001883	0.084604	0.086502	0.080226	-0.128990	3928200.000000
2014-08-11	-0.004152	0.079811	0.084317	0.075886	-0.285630	4721400.000000
2014-08-08	0.009736	0.086949	0.096782	0.083866	0.663392	4996300.000000
2014-08-07	-0.003369	0.087382	0.094257	0.078898	-0.230347	7049000.000000
2014-08-06	0.018392	0.090250	0.106636	0.090101	1.234657	7934800.000000
2014-08-05	-0.002720	0.089067	0.092187	0.081045	-0.183082	10579900.000000
2014-08-04	0.000000	0.090107	0.093821	0.085354	0.000000	5402100.000000
2014-08-01	-0.000543	0.088624	0.096939	0.087140	-0.036591	8223900.000000
2014-07-31	-0.016047	0.080943	0.084741	0.074369	-1.098434	9631600.000000
2014-07-30	-0.008749	0.098856	0.099435	0.081333	-0.604142	9977200.000000
2014-07-29	-0.003566	0.085269	0.096813	0.084404	-0.247131	6293500.000000
2014-07-28	-0.003422	0.084719	0.091909	0.083712	-0.237984	5509900.000000
2014-07-25	-0.004977	0.090195	0.092628	0.084615	-0.347824	3948400.000000
2014-07-24	-0.008313	0.088086	0.089647	0.081133	-0.585823	7228300.000000
2014-07-23	0.004567	0.092342	0.098471	0.091772	0.320366	3994300.000000
2014-07-22	-0.001693	0.093480	0.094192	0.087219	-0.118996	4383200.000000
2014-07-21	-0.004151	0.087808	0.089934	0.083840	-0.292900	3457600.000000
2014-07-18	0.006265	0.092627	0.099472	0.091058	0.439354	4913300.000000
2014-07-17	-0.003253	0.088504	0.095185	0.086514	-0.228843	4630300.000000
2014-07-16	0.000260	0.093337	0.095470	0.090494	0.018302	3724200.000000
2014-07-15	0.003788	0.092627	0.097907	0.092627	0.265450	4656900.000000
2014-07-14	-0.003515	0.096893	0.098599	0.087649	-0.247139	4822900.000000
2014-07-11	-0.003114	0.089791	0.091208	0.085396	-0.219673	4547500.000000
2014-07-10	-0.001943	0.088240	0.097578	0.088240	-0.137306	5372500.000000
2014-07-09	0.007306	0.094195	0.102176	0.092057	0.512588	6240100.000000
2014-07-08	0.007625	0.092772	0.105553	0.091910	0.530907	7960500.000000
2014-07-07	0.004224	0.091619	0.099119	0.089600	0.292908	5028000.000000
2014-07-03	0.001719	0.092340	0.098696	0.091039	0.118980	2874000.000000
2014-07-02	0.004517	0.092194	0.101482	0.092049	0.311233	4366800.000000
2014-07-01	0.002797	0.095395	0.097578	0.087827	0.192208	6604500.000000
2014-06-30	-0.003583	0.093355	0.097560	0.086684	-0.247116	6653800.000000
2014-06-27	0.005740	0.090880	0.099339	0.088984	0.393570	13960800.000000
2014-06-26	-0.009389	0.091039	0.092340	0.079193	-0.649895	6922100.000000
2014-06-25	-0.004607	0.089465	0.090615	0.082562	-0.320351	4318200.000000
2014-06-24	0.002375	0.095944	0.098539	0.090899	0.164765	5652300.000000
2014-06-23	0.001453	0.090752	0.096237	0.086999	0.100670	4267400.000000
2014-06-20	-0.002504	0.096660	0.096804	0.081685	-0.173912	11330700.000000
2014-06-19	0.002246	0.095082	0.100855	0.093927	0.155609	5255300.000000
2014-06-18	0.009468	0.093213	0.106616	0.091465	0.649917	6740700.000000
2014-06-17	-0.004646	0.091760	0.093645	0.086394	-0.320373	6544200.000000
2014-06-16	0.000797	0.090017	0.095387	0.088711	0.054908	3846900.000000
2014-06-13	-0.005942	0.091619	0.092917	0.083684	-0.411911	4981500.000000
2014-06-12	-0.005646	0.090906	0.092915	0.084164	-0.393600	5336600.000000
2014-06-11	-0.006003	0.091486	0.094195	0.084357	-0.421043	4463300.000000
2014-06-10	-0.005064	0.089647	0.091491	0.085391	-0.356995	3365700.000000
2014-06-09	-0.002590	0.090503	0.100267	0.085268	-0.183067	5547600.000000
2014-06-06	-0.001423	0.094462	0.096299	0.088952	-0.100701	4188900.000000
2014-06-05	0.002464	0.091351	0.096875	0.088802	0.173928	4695800.000000
2014-06-04	0.005475	0.090918	0.100887	0.089921	0.384452	6199900.000000
2014-06-03	-0.000652	0.092200	0.095473	0.086791	-0.045776	7213600.000000
2014-06-02	-0.000130	0.089781	0.097323	0.088215	-0.009148	4390400.000000
2014-05-30	0.010398	0.093635	0.104419	0.092916	0.723130	5964800.000000
2014-05-29	0.005958	0.094509	0.102031	0.093063	0.411888	4003500.000000
2014-05-28	-0.000794	0.089449	0.097543	0.088871	-0.054909	5036900.000000
2014-05-27	-0.000265	0.093929	0.095374	0.087861	-0.018311	5370800.000000
2014-05-23	0.002918	0.094948	0.097701	0.093064	0.201371	3703600.000000
2014-05-22	-0.003569	0.094361	0.096238	0.086420	-0.247147	5243700.000000
2014-05-21	-0.000396	0.096093	0.096381	0.086422	-0.027466	5704100.000000
2014-05-20	-0.012009	0.088919	0.089062	0.076941	-0.842102	7436700.000000
2014-05-19	-0.005194	0.093903	0.094187	0.085249	-0.366142	6131300.000000
2014-05-16	0.002343	0.094902	0.100305	0.089925	0.164764	7243800.000000
2014-05-15	-0.024257	0.058353	0.074447	0.057937	-1.748306	13035800.000000
2014-05-14	-0.005054	0.091242	0.091242	0.077714	-0.366135	5608300.000000
2014-05-13	-0.000126	0.092760	0.095521	0.090276	-0.009155	4363700.000000
2014-05-12	-0.000631	0.089036	0.092898	0.084898	-0.045776	5999800.000000
2014-05-09	0.006481	0.090124	0.100676	0.090124	0.466835	4896400.000000
2014-05-08	0.009364	0.093045	0.104676	0.093045	0.668190	4820600.000000
2014-05-07	0.005546	0.096994	0.100516	0.092484	0.393608	6086200.000000
2014-05-06	-0.007759	0.095193	0.096032	0.090160	-0.554932	5638900.000000
2014-05-05	-0.006319	0.095636	0.096886	0.090773	-0.454849	4591000.000000
2014-05-02	-0.007278	0.097869	0.100075	0.089731	-0.527649	5620000.000000
2014-05-01	-0.000125	0.099524	0.099524	0.091664	-0.009071	5098000.000000
2014-04-30	0.000502	0.098144	0.102835	0.097041	0.036377	6111700.000000
2014-04-29	-0.001129	0.100350	0.100764	0.096629	-0.081887	4695700.000000
2014-04-28	0.014500	0.102604	0.118403	0.102184	1.037079	9598700.000000
2014-04-25	0.003959	0.099248	0.105846	0.095177	0.282021	5392600.000000
2014-04-24	0.003460	0.101079	0.105305	0.094459	0.245613	4347500.000000
2014-04-23	0.006189	0.102933	0.109453	0.099390	0.436676	5806200.000000
2014-04-22	-0.000516	0.098115	0.102506	0.096273	-0.036392	6465500.000000
2014-04-21	-0.000773	0.095709	0.100239	0.092454	-0.054589	4595100.000000
2014-04-17	0.005698	0.097255	0.106793	0.097255	0.400269	6964700.000000
2014-04-16	0.004423	0.105396	0.107684	0.101393	0.309319	5036800.000000
2014-04-15	-0.006462	0.094276	0.098253	0.085894	-0.454880	6928600.000000
2014-04-14	0.011503	0.105570	0.114336	0.103415	0.800552	5375900.000000
2014-04-11	-0.005072	0.097675	0.104109	0.090670	-0.354782	7979000.000000
2014-04-10	-0.013851	0.098966	0.101645	0.080638	-0.982490	7599600.000000
2014-04-09	-0.002686	0.099529	0.099810	0.086593	-0.191048	6877800.000000
2014-04-08	0.011254	0.096120	0.113467	0.091997	0.791458	7498700.000000
2014-04-07	0.000000	0.098111	0.105078	0.096120	0.000000	7675700.000000
2014-04-04	-0.001937	0.100951	0.105492	0.096268	-0.136459	6760200.000000
2014-04-03	0.003628	0.099533	0.104518	0.096685	0.254730	6040500.000000
2014-04-02	0.005340	0.096527	0.105262	0.093091	0.372970	6078100.000000
2014-04-01	0.004448	0.103994	0.111041	0.100830	0.309296	5770000.000000
2014-03-31	0.005525	0.104165	0.110383	0.099392	0.382073	4695600.000000
2014-03-28	-0.001707	0.100981	0.105889	0.093906	-0.118241	5871100.000000
2014-03-27	-0.001181	0.101411	0.107756	0.096508	-0.081878	5596600.000000
2014-03-26	-0.008326	0.102251	0.108686	0.090096	-0.582222	7727800.000000
2014-03-25	0.001433	0.100966	0.104690	0.090656	0.100074	7382200.000000
2014-03-24	0.008673	0.100837	0.109359	0.099393	0.600411	7279500.000000
2014-03-21	0.009552	0.106685	0.123164	0.100269	0.654999	17160200.000000
2014-03-20	0.013444	0.093928	0.118461	0.091563	0.909713	8637500.000000
2014-03-19	-0.005216	0.096161	0.104246	0.088222	-0.354805	5761100.000000
2014-03-18	0.001205	0.098954	0.103811	0.095863	0.081887	3943800.000000
2014-03-17	0.005385	0.099544	0.107683	0.095253	0.363891	5780400.000000
2014-03-14	-0.008675	0.095434	0.101302	0.089566	-0.591324	6619000.000000
2014-03-13	-0.007944	0.101868	0.108708	0.090225	-0.545829	5824500.000000
2014-03-12	0.008142	0.098221	0.111426	0.097781	0.554924	8627600.000000
2014-03-11	0.006583	0.103531	0.107223	0.095851	0.445747	9005600.000000
2014-03-10	-0.002011	0.098364	0.099543	0.091436	-0.136444	4827000.000000
2014-03-07	0.002419	0.107522	0.107522	0.098657	0.163742	5054600.000000
2014-03-06	0.001070	0.107227	0.110925	0.102051	0.072311	5106600.000000
2014-03-05	-0.004392	0.109138	0.109285	0.098241	-0.298278	5524800.000000
2014-03-04	0.013627	0.116042	0.126789	0.114400	0.912940	7543800.000000
2014-03-03	-0.007765	0.103230	0.105896	0.093455	-0.524261	5347600.000000
2014-02-28	0.001878	0.105153	0.115688	0.100998	0.126541	7444600.000000
2014-02-27	-0.002942	0.106340	0.106340	0.096132	-0.198860	5448200.000000
2014-02-26	0.019496	0.115239	0.132735	0.112977	1.292557	9022200.000000
2014-02-25	0.000000	0.103776	0.112222	0.102418	0.000000	9482700.000000
2014-02-24	0.003145	0.108156	0.116931	0.106642	0.207885	7321500.000000
2014-02-21	-0.005441	0.101374	0.104534	0.095806	-0.361557	8971000.000000
2014-02-20	-0.017769	0.079735	0.093776	0.076187	-1.202156	13079100.000000
2014-02-19	-0.006372	0.101640	0.106193	0.092828	-0.433860	8130300.000000
2014-02-18	-0.006069	0.101961	0.104296	0.092764	-0.415787	5993800.000000
2014-02-14	0.005706	0.106927	0.115589	0.102523	0.388679	4908900.000000
2014-02-13	0.005336	0.102207	0.114162	0.100436	0.361542	5250200.000000
2014-02-12	0.002139	0.097761	0.111960	0.097761	0.144615	5339800.000000
2014-02-11	0.014100	0.108440	0.122689	0.104990	0.940049	6511200.000000
2014-02-10	0.000136	0.103940	0.106490	0.094489	0.009033	6204100.000000
2014-02-07	0.012771	0.109834	0.121229	0.101478	0.840614	7287600.000000
2014-02-06	-0.000686	0.107858	0.111502	0.100723	-0.045196	7353100.000000
2014-02-05	0.001925	0.099342	0.112881	0.099342	0.126525	4774300.000000
2014-02-04	0.000964	0.106492	0.113039	0.100858	0.063279	7755500.000000
2014-02-03	-0.027049	0.099081	0.103673	0.074637	-1.825829	10430700.000000
2014-01-31	-0.000936	0.094056	0.112852	0.089912	-0.063263	10544800.000000
2014-01-30	0.008772	0.112909	0.121121	0.110222	0.587517	6732900.000000
2014-01-29	-0.007633	0.115526	0.116712	0.097450	-0.515198	8433700.000000
2014-01-28	0.007013	0.107981	0.124991	0.105594	0.470009	6023400.000000
2014-01-27	-0.003628	0.102029	0.105597	0.097569	-0.244049	9088700.000000
2014-01-24	-0.007204	0.102945	0.108701	0.095566	-0.488106	9332800.000000
2014-01-23	-0.005176	0.098852	0.102963	0.093420	-0.352493	6006300.000000
2014-01-22	-0.006461	0.109841	0.109841	0.094524	-0.442917	5853700.000000
2014-01-21	-0.004594	0.107211	0.109244	0.087027	-0.316360	8971100.000000
2014-01-17	-0.007426	0.105908	0.107205	0.095819	-0.515206	11440700.000000
2014-01-16	-0.011589	0.102494	0.103633	0.087678	-0.813499	7201500.000000
2014-01-15	-0.003848	0.106340	0.108326	0.100805	-0.271180	4992400.000000
2014-01-14	0.006066	0.105912	0.113621	0.104770	0.424843	4088200.000000
2014-01-13	-0.007048	0.100102	0.105348	0.094999	-0.497146	6157900.000000
2014-01-10	-0.000640	0.109457	0.115266	0.098548	-0.045174	5181300.000000
2014-01-09	0.003340	0.114300	0.114442	0.101507	0.234993	5916300.000000
2014-01-08	-0.007903	0.107045	0.107186	0.094353	-0.560402	5955200.000000
2014-01-07	0.003069	0.105774	0.115393	0.102238	0.216927	5012300.000000
2014-01-06	-0.005595	0.109294	0.109997	0.094242	-0.397721	7280200.000000
2014-01-03	-0.003295	0.104938	0.109424	0.100872	-0.235008	4957400.000000
2014-01-02	0.002796	0.106762	0.117306	0.103669	0.198876	6878000.000000
2013-12-31	0.000763	0.106762	0.109717	0.102400	0.054222	3859100.000000
2013-12-30	0.002039	0.108314	0.112121	0.105776	0.144638	3086500.000000
2013-12-27	0.001021	0.109304	0.113961	0.105070	0.072319	3050000.000000
2013-12-26	0.004871	0.107049	0.113573	0.105773	0.343452	2778200.000000
2013-12-24	0.001798	0.107476	0.111597	0.102930	0.126541	2094900.000000
2013-12-23	0.005683	0.110627	0.114341	0.105483	0.397713	4491900.000000
2013-12-20	0.002460	0.106913	0.115507	0.106483	0.171745	9568800.000000
2013-12-19	-0.008981	0.102507	0.104779	0.095836	-0.632721	5955400.000000
2013-12-18	0.008932	0.106770	0.116795	0.100039	0.623681	10633700.000000
2013-12-17	-0.006303	0.106340	0.108475	0.098940	-0.442917	5765400.000000
2013-12-16	-0.004355	0.108749	0.112291	0.099539	-0.307320	6146900.000000
2013-12-13	-0.005350	0.109582	0.110146	0.098307	-0.379601	4981200.000000
2013-12-12	-0.007460	0.106620	0.108718	0.096688	-0.533309	5691600.000000
2013-12-11	0.000126	0.106620	0.115294	0.105920	0.009033	5998800.000000
2013-12-10	-0.010882	0.103157	0.104264	0.093886	-0.786370	6285700.000000
2013-12-09	0.000125	0.110492	0.113121	0.103019	0.009041	4491600.000000
2013-12-06	0.006294	0.110100	0.117342	0.109125	0.451927	5088100.000000
2013-12-05	-0.009723	0.099444	0.100134	0.087722	-0.705017	6450000.000000
2013-12-04	-0.006441	0.104970	0.114973	0.094967	-0.470024	7641200.000000
2013-12-03	0.001233	0.114152	0.115799	0.107155	0.089875	7506400.000000
2013-12-02	0.001234	0.111132	0.116489	0.103989	0.089859	6178400.000000
2013-11-29	0.000988	0.116080	0.118555	0.111268	0.071884	3447200.000000
2013-11-27	0.003099	0.110987	0.117194	0.108642	0.224662	4813300.000000
2013-11-26	0.003108	0.112918	0.116239	0.108353	0.224663	5537800.000000
2013-11-25	0.007769	0.116266	0.123377	0.114174	0.557167	5670400.000000
2013-11-22	0.012047	0.112921	0.127032	0.111228	0.853714	4812100.000000
2013-11-21	-0.000507	0.110523	0.117011	0.107844	-0.035949	3841000.000000
2013-11-20	-0.004416	0.113623	0.114746	0.102109	-0.314515	4511300.000000
2013-11-19	0.000379	0.113904	0.114606	0.108004	0.026963	4455000.000000
2013-11-18	0.000000	0.112921	0.114185	0.108426	0.000000	5962700.000000
2013-11-15	0.001770	0.110669	0.115735	0.108136	0.125801	5911100.000000
2013-11-14	0.002281	0.096561	0.121665	0.095574	0.161751	9302100.000000
2013-11-13	0.002414	0.108680	0.116739	0.107691	0.170753	8286700.000000
2013-11-12	-0.003797	0.110527	0.112217	0.102076	-0.269600	5266100.000000
2013-11-11	0.013469	0.111353	0.128624	0.110354	0.943596	7450500.000000
2013-11-08	0.005806	0.112493	0.119241	0.102443	0.404381	5793800.000000
2013-11-07	-0.008316	0.113207	0.113634	0.099682	-0.584130	8347600.000000
2013-11-06	0.009559	0.115942	0.125141	0.111056	0.665024	4829200.000000
2013-11-05	0.001164	0.105298	0.116810	0.104002	0.080880	5085500.000000
2013-11-04	0.003373	0.114946	0.121155	0.114657	0.233642	4704100.000000
2013-11-01	0.004169	0.115970	0.122204	0.110460	0.287567	5116100.000000
2013-10-31	-0.002080	0.112346	0.116253	0.108295	-0.143791	4612400.000000
2013-10-30	-0.001946	0.115813	0.119567	0.105560	-0.134788	4646000.000000
2013-10-29	-0.001037	0.114367	0.119848	0.107154	-0.071908	7437600.000000
2013-10-28	0.013933	0.113951	0.129308	0.112342	0.952599	7032400.000000
2013-10-25	-0.004449	0.112052	0.117731	0.103461	-0.305550	6458800.000000
2013-10-24	0.006851	0.114686	0.121723	0.111607	0.467278	5864300.000000
2013-10-23	-0.005503	0.110739	0.113218	0.105344	-0.377426	5870100.000000
2013-10-22	0.015569	0.116927	0.132622	0.113669	1.051437	6948500.000000
2013-10-21	-0.007397	0.112927	0.114397	0.099699	-0.503258	5364100.000000
2013-10-18	-0.000924	0.113074	0.114983	0.108375	-0.062904	6788500.000000
2013-10-17	0.002381	0.111161	0.120435	0.055228	0.161774	6395100.000000
2013-10-16	0.016538	0.119364	0.131483	0.115773	1.105308	5914500.000000
2013-10-15	-0.004151	0.109055	0.123062	0.102499	-0.278572	8993300.000000
2013-10-14	-0.001871	0.105641	0.111144	0.096866	-0.125801	5904000.000000
2013-10-11	0.000401	0.110102	0.113375	0.098497	0.026947	6529200.000000
2013-10-10	0.024521	0.120097	0.141286	0.116896	1.608597	7680200.000000
2013-10-09	0.001371	0.111711	0.119496	0.107743	0.089844	6467400.000000
2013-10-08	0.014331	0.112470	0.133218	0.111696	0.925613	9224200.000000
2013-10-07	-0.012775	0.106972	0.106972	0.093062	-0.835739	6886400.000000
2013-10-04	-0.004921	0.110499	0.116126	0.107152	-0.323509	5747700.000000
2013-10-03	-0.007597	0.109912	0.109912	0.101157	-0.503258	7179600.000000
2013-10-02	0.001767	0.109756	0.114746	0.104463	0.116837	7376100.000000
2013-10-01	-0.005003	0.111426	0.111727	0.103151	-0.332497	5675500.000000
2013-09-30	-0.005379	0.111583	0.116372	0.103502	-0.359467	6752500.000000
2013-09-27	-0.003484	0.109201	0.110394	0.104578	-0.233650	4214600.000000
2013-09-26	-0.000402	0.114718	0.117699	0.106370	-0.026955	5078100.000000
2013-09-25	-0.014521	0.115131	0.115572	0.080609	-0.988502	14972300.000000
2013-09-24	-0.008767	0.112489	0.117294	0.102151	-0.602097	6874800.000000
2013-09-23	0.007780	0.106323	0.121585	0.103535	0.530198	5604700.000000
2013-09-20	-0.004987	0.114386	0.116284	0.107231	-0.341507	8847600.000000
2013-09-19	-0.002748	0.113945	0.114382	0.101131	-0.188691	7109500.000000
2013-09-18	0.016900	0.112929	0.133215	0.109079	1.141289	6881700.000000
2013-09-17	0.004948	0.113673	0.123048	0.112929	0.332482	4291800.000000
2013-09-16	0.005648	0.120861	0.125201	0.117719	0.377433	4200600.000000
2013-09-13	0.006089	0.116092	0.120158	0.113834	0.404396	4020400.000000
2013-09-12	-0.001891	0.114734	0.119843	0.108572	-0.125816	5261800.000000
2013-09-11	0.001217	0.113382	0.116993	0.108267	0.080887	5335800.000000
2013-09-10	0.006122	0.115051	0.123377	0.113689	0.404396	6845300.000000
2013-09-09	0.012674	0.116766	0.129030	0.114466	0.826752	5523000.000000
2013-09-06	-0.001101	0.113240	0.120284	0.105430	-0.071877	5790200.000000
2013-09-05	-0.003292	0.111712	0.121480	0.108354	-0.215706	4680500.000000
2013-09-04	0.003165	0.113086	0.119517	0.109259	0.206703	4667500.000000
2013-09-03	-0.004111	0.120404	0.121929	0.106071	-0.269592	7157000.000000
2013-08-30	0.007593	0.116006	0.122613	0.115085	0.494255	6066200.000000
2013-08-29	0.000691	0.112319	0.120467	0.110474	0.044945	4088200.000000
2013-08-28	-0.006588	0.109726	0.112780	0.103769	-0.431374	5608600.000000
2013-08-27	-0.002328	0.107447	0.113999	0.104857	-0.152763	5787600.000000
2013-08-26	-0.005583	0.115810	0.117477	0.106568	-0.368454	5348200.000000
2013-08-23	-0.000272	0.115658	0.117173	0.106266	-0.017975	5474100.000000
2013-08-22	-0.001224	0.116714	0.120042	0.108090	-0.080871	3947400.000000
2013-08-21	0.004370	0.111717	0.126456	0.108221	0.287574	8077900.000000
2013-08-20	-0.004757	0.112326	0.113385	0.107033	-0.314544	6663100.000000
2013-08-19	-0.007151	0.109327	0.110078	0.099267	-0.476265	5364900.000000
2013-08-16	-0.004032	0.108443	0.114126	0.102162	-0.269600	7254500.000000
2013-08-15	-0.026047	0.084524	0.093554	0.078261	-1.788315	13221500.000000
2013-08-14	-0.005985	0.112056	0.117992	0.103659	-0.413376	6820100.000000
2013-08-13	-0.002854	0.114080	0.115234	0.100365	-0.197700	6381000.000000
2013-08-12	0.002341	0.107860	0.119871	0.106847	0.161758	5787000.000000
2013-08-09	-0.004531	0.112204	0.113788	0.105866	-0.314545	5764600.000000
2013-08-08	-0.001551	0.114794	0.120259	0.106452	-0.107833	4474700.000000
2013-08-07	-0.000388	0.109330	0.116087	0.101566	-0.026963	5819700.000000
2013-08-06	-0.011425	0.116553	0.116695	0.102340	-0.803871	6700900.000000
2013-08-05	0.000253	0.117689	0.123091	0.114988	0.017830	3906100.000000
2013-08-02	0.006776	0.119967	0.127123	0.116389	0.473434	6123900.000000
2013-08-01	0.003592	0.126432	0.130023	0.121979	0.250092	5168700.000000
2013-07-31	0.000642	0.119968	0.128018	0.117238	0.044655	6040800.000000
2013-07-30	-0.001282	0.122695	0.124849	0.115231	-0.089317	4533700.000000
2013-07-29	-0.000128	0.117097	0.123126	0.116380	-0.008934	3465000.000000
2013-07-26	-0.000128	0.118389	0.119824	0.106478	-0.008935	5349100.000000
2013-07-25	-0.002812	0.116961	0.122829	0.110951	-0.196525	5920200.000000
2013-07-24	-0.004074	0.121390	0.121533	0.107708	-0.285812	4930000.000000
2013-07-23	0.008732	0.120831	0.130464	0.118531	0.607383	5252900.000000
2013-07-22	-0.002690	0.116813	0.121975	0.114519	-0.187576	4158200.000000
2013-07-19	0.009568	0.121130	0.131552	0.119537	0.661003	6825900.000000
2013-07-18	0.001813	0.119828	0.124613	0.116782	0.125053	4149900.000000
2013-07-17	-0.002197	0.123155	0.125615	0.115486	-0.151855	5351300.000000
2013-07-16	0.004414	0.118811	0.125641	0.117648	0.303688	4707600.000000
2013-07-15	-0.007729	0.114779	0.114779	0.106126	-0.535911	4887200.000000
2013-07-12	0.000000	0.119249	0.120114	0.115211	0.000000	4457700.000000
2013-07-11	0.011202	0.129454	0.133829	0.127704	0.768157	4680700.000000
2013-07-10	-0.003375	0.118520	0.126368	0.111108	-0.232246	5144300.000000
2013-07-09	0.004172	0.123186	0.130191	0.119975	0.285843	5273100.000000
2013-07-08	0.019944	0.126533	0.142759	0.126533	1.339828	6713400.000000
2013-07-05	0.006019	0.125377	0.127025	0.114296	0.401947	5443900.000000
2013-07-03	0.000669	0.115042	0.125681	0.110246	0.044663	2316400.000000
2013-07-02	0.001609	0.115335	0.135897	0.113834	0.107201	6726400.000000
2013-07-01	0.001342	0.127052	0.131411	0.113676	0.089325	6697700.000000
2013-06-28	-0.010231	0.117306	0.125488	0.107488	-0.687790	14548300.000000
2013-06-27	0.003333	0.126552	0.135955	0.122970	0.223320	7087800.000000
2013-06-26	0.008605	0.123301	0.131731	0.122096	0.571647	5478400.000000
2013-06-25	0.002291	0.120593	0.127836	0.114106	0.151848	7217800.000000
2013-06-24	0.009386	0.112532	0.139031	0.110247	0.616325	9697300.000000
2013-06-21	0.006573	0.127049	0.137473	0.122910	0.428765	14564500.000000
2013-06-20	-0.019205	0.120139	0.122544	0.097736	-1.277329	9069700.000000
2013-06-19	-0.016770	0.119685	0.122937	0.098988	-1.134407	8329100.000000
2013-06-18	0.010407	0.120284	0.133429	0.117297	0.696732	6739700.000000
2013-06-17	0.001068	0.121481	0.128210	0.114154	0.071442	6480600.000000
2013-06-14	-0.001733	0.117149	0.123568	0.116552	-0.116105	6351500.000000
2013-06-13	0.002138	0.118640	0.126867	0.115349	0.142922	7239500.000000
2013-06-12	-0.005449	0.122810	0.126381	0.110611	-0.366234	4731100.000000
2013-06-11	-0.006601	0.114660	0.120720	0.108305	-0.446609	6006400.000000
2013-06-10	-0.007599	0.118804	0.124231	0.109711	-0.518067	6731500.000000
2013-06-07	0.009256	0.130640	0.137893	0.127827	0.625267	8347200.000000
2013-06-06	0.005050	0.119835	0.126827	0.113437	0.339409	9425100.000000
2013-06-05	-0.009086	0.116294	0.119685	0.106712	-0.616310	6778600.000000
2013-06-04	0.003303	0.120720	0.129743	0.116283	0.223289	9344000.000000
2013-06-03	0.011358	0.122828	0.133898	0.116546	0.759255	8440500.000000
2013-05-31	-0.010446	0.115541	0.119537	0.107547	-0.705643	9745700.000000
2013-05-30	-0.007871	0.123356	0.124090	0.110432	-0.535950	6228000.000000
2013-05-29	-0.014097	0.115628	0.115628	0.101293	-0.973617	5882300.000000
2013-05-28	0.000129	0.122578	0.130109	0.115917	0.008942	6059200.000000
2013-05-24	0.012839	0.119391	0.135378	0.116897	0.875358	7589600.000000
2013-05-23	-0.009087	0.116631	0.118229	0.108201	-0.625267	8048200.000000
2013-05-22	-0.004651	0.116644	0.125469	0.110279	-0.321541	9031300.000000
2013-05-21	-0.000130	0.122719	0.130819	0.117368	-0.008957	7484300.000000
2013-05-20	-0.006036	0.119681	0.119969	0.112205	-0.419815	5582600.000000
2013-05-17	-0.008025	0.116685	0.120821	0.103850	-0.562729	10669300.000000
2013-05-16	-0.017030	0.094864	0.105518	0.084210	-1.214798	12128600.000000
2013-05-15	0.013709	0.119822	0.136306	0.117690	0.964699	8001100.000000
2013-05-14	0.003567	0.112121	0.124671	0.107700	0.250099	10013700.000000
2013-05-13	-0.004944	0.118260	0.120247	0.105772	-0.348358	7713900.000000
2013-05-10	0.006250	0.120537	0.126820	0.117824	0.437676	5831200.000000
2013-05-09	0.001917	0.120396	0.129695	0.114530	0.133980	6516800.000000
2013-05-08	-0.001404	0.122395	0.123823	0.111251	-0.098244	8008500.000000
2013-05-07	0.000000	0.130110	0.130681	0.125395	0.000000	6571100.000000
2013-05-06	-0.005300	0.124121	0.124973	0.119431	-0.372917	4805700.000000
2013-05-03	0.010069	0.132855	0.138884	0.132568	0.701454	5604100.000000
2013-05-02	0.005124	0.124088	0.132456	0.122501	0.355156	4519600.000000
2013-05-01	0.004374	0.128136	0.139874	0.125817	0.301872	6260300.000000
2013-04-30	-0.008547	0.124672	0.124959	0.111598	-0.594887	7965800.000000
2013-04-29	-0.008224	0.126822	0.129245	0.113571	-0.577125	6156800.000000
2013-04-26	0.004958	0.125250	0.133412	0.125107	0.346260	5923600.000000
2013-04-25	0.007946	0.128418	0.137799	0.124088	0.550529	5729100.000000
2013-04-24	-0.013403	0.128246	0.132091	0.109591	-0.941200	8083600.000000
2013-04-23	0.014364	0.128274	0.144308	0.127408	0.994446	6653600.000000
2013-04-22	-0.004087	0.126252	0.128410	0.114888	-0.284111	5154900.000000
2013-04-19	0.014645	0.131215	0.144935	0.129755	1.003311	7840500.000000
2013-04-18	-0.017195	0.129839	0.133999	0.098996	-1.198647	14218900.000000
2013-04-17	-0.002161	0.124105	0.131835	0.118093	-0.150962	7248600.000000
2013-04-16	0.002676	0.122807	0.131850	0.119937	0.186454	6854400.000000
2013-04-15	-0.001145	0.124532	0.136574	0.124389	-0.079895	8545500.000000
2013-04-12	0.009898	0.123936	0.141599	0.123212	0.683686	6336800.000000
2013-04-11	0.005428	0.126106	0.140809	0.124796	0.372894	7129100.000000
2013-04-10	-0.009600	0.128559	0.130001	0.115440	-0.665909	8599000.000000
2013-04-09	0.010739	0.125524	0.143301	0.122318	0.736954	8669900.000000
2013-04-08	0.011782	0.121977	0.141880	0.117996	0.799118	8075100.000000
2013-04-05	0.002494	0.116645	0.129356	0.114872	0.168709	5880300.000000
2013-04-04	0.002631	0.125660	0.134847	0.125660	0.177574	7508200.000000
2013-04-03	-0.000263	0.130549	0.136030	0.121808	-0.017754	7453900.000000
2013-04-02	0.007822	0.128044	0.135510	0.126103	0.523865	6642800.000000
2013-04-01	0.008018	0.128811	0.142808	0.127306	0.532738	8415400.000000
2013-03-28	0.000669	0.127156	0.129114	0.120228	0.044395	7368300.000000
2013-03-27	0.000134	0.119323	0.129114	0.118269	0.008881	5970300.000000
2013-03-26	-0.001069	0.127456	0.129864	0.119933	-0.071038	6642400.000000
2013-03-25	0.007674	0.124130	0.138837	0.123826	0.506104	10438700.000000
2013-03-22	0.015725	0.129641	0.144117	0.128717	1.021088	7323800.000000
2013-03-21	0.001918	0.124401	0.133659	0.124092	0.124298	5506700.000000
2013-03-20	0.007454	0.131849	0.140709	0.130761	0.479477	6320300.000000
2013-03-19	0.002768	0.128902	0.135917	0.125317	0.177574	5752800.000000
2013-03-18	-0.003448	0.122990	0.129825	0.118640	-0.221985	5771000.000000
2013-03-15	-0.009833	0.123022	0.130559	0.114101	-0.639282	17195100.000000
2013-03-14	-0.005839	0.129616	0.131604	0.118300	-0.381806	6353200.000000
2013-03-13	0.000680	0.130690	0.135434	0.125334	0.044411	5326100.000000
2013-03-12	0.008495	0.125789	0.140450	0.124092	0.550499	8153400.000000
2013-03-11	-0.000685	0.127178	0.129491	0.122859	-0.044403	5148700.000000
2013-03-08	0.002471	0.133209	0.134601	0.126098	0.159828	5744600.000000
2013-03-07	-0.000818	0.135217	0.137071	0.130738	-0.052948	6680000.000000
2013-03-06	-0.004612	0.133980	0.139822	0.126292	-0.299950	7149600.000000
2013-03-05	0.006279	0.136768	0.145587	0.129341	0.405823	9142000.000000
2013-03-04	0.021188	0.130042	0.157535	0.129884	1.340965	10567200.000000
2013-03-01	0.013563	0.133519	0.151455	0.133519	0.846928	8902300.000000
2013-02-28	-0.012280	0.132411	0.136998	0.119599	-0.776360	18883600.000000
2013-02-27	0.007735	0.130490	0.147068	0.125070	0.485241	8819000.000000
2013-02-26	0.009511	0.137542	0.148806	0.136254	0.591069	10557600.000000
2013-02-25	0.000568	0.135128	0.148653	0.134162	0.035270	11817600.000000
2013-02-22	0.001993	0.132873	0.138036	0.127549	0.123524	9165200.000000
2013-02-21	0.015171	0.146457	0.170532	0.141871	0.926296	20413100.000000
2013-02-20	0.006545	0.132859	0.151487	0.125935	0.397011	11973600.000000
2013-02-19	-0.007792	0.131719	0.135972	0.121087	-0.476391	14682300.000000
2013-02-15	-0.021463	0.113031	0.120394	0.090463	-1.340961	25683700.000000
2013-02-14	-0.007984	0.128914	0.130978	0.123357	-0.502865	6821000.000000
2013-02-13	-0.000140	0.131772	0.138281	0.130502	-0.008808	3968600.000000
2013-02-12	0.000000	0.134947	0.137646	0.128756	0.000000	4762000.000000
2013-02-11	-0.001119	0.129871	0.133994	0.118453	-0.070591	6202600.000000
2013-02-08	0.003510	0.133041	0.140043	0.130972	0.220566	5906600.000000
2013-02-07	-0.001122	0.135585	0.138764	0.127001	-0.070584	8306900.000000
2013-02-06	0.007630	0.128874	0.142328	0.125991	0.476395	9757800.000000
2013-02-05	0.016372	0.137426	0.156960	0.135635	1.005718	10525500.000000
2013-02-04	-0.012200	0.116634	0.124031	0.111649	-0.758701	10759300.000000
2013-02-01	0.007720	0.136111	0.143079	0.133519	0.476406	6449800.000000
2013-01-31	0.002867	0.132543	0.144732	0.132543	0.176418	7016200.000000
2013-01-30	-0.002003	0.137249	0.137249	0.127193	-0.123493	7020600.000000
2013-01-29	0.007786	0.131230	0.147411	0.131067	0.476383	9560900.000000
2013-01-28	0.005073	0.134833	0.141732	0.130233	0.308781	7054800.000000
2013-01-25	-0.011320	0.135468	0.136929	0.119551	-0.696945	7967700.000000
2013-01-24	0.004317	0.136128	0.141674	0.131235	0.264660	9139000.000000
2013-01-23	-0.001294	0.130423	0.134496	0.126513	-0.079403	6365400.000000
2013-01-22	0.005491	0.131062	0.140890	0.129587	0.335247	5747900.000000
2013-01-18	0.005083	0.133518	0.139281	0.133518	0.308765	7813400.000000
2013-01-17	-0.005202	0.134992	0.135320	0.125329	-0.317608	7232600.000000
2013-01-16	0.003334	0.132861	0.139927	0.132039	0.202919	4917900.000000
2013-01-15	0.009956	0.131693	0.149119	0.130199	0.599900	6140400.000000
2013-01-14	-0.004808	0.131206	0.134179	0.124930	-0.291119	5490400.000000
2013-01-11	0.003950	0.137498	0.140648	0.131031	0.238186	6224500.000000
2013-01-10	-0.003063	0.135006	0.141122	0.119467	-0.185276	11453800.000000
2013-01-09	-0.000291	0.134676	0.135502	0.127404	-0.017613	5055200.000000
2013-01-08	0.002777	0.131530	0.141638	0.130370	0.167599	5866900.000000
2013-01-07	-0.009557	0.129743	0.131220	0.118254	-0.582256	6201400.000000
2013-01-04	0.003779	0.132365	0.139779	0.125940	0.229385	6438000.000000
2013-01-03	-0.006355	0.133682	0.135319	0.119440	-0.388161	8910100.000000
2013-01-02	0.014803	0.145148	0.150298	0.137173	0.891015	10390800.000000
2012-12-31	0.009170	0.131507	0.145087	0.129495	0.546970	7012500.000000
2012-12-28	-0.008506	0.128864	0.136178	0.122713	-0.511692	5513400.000000
2012-12-27	0.002942	0.134185	0.140687	0.130184	0.176449	7384200.000000
2012-12-26	-0.008459	0.133353	0.134841	0.119632	-0.511696	6092900.000000
2012-12-24	-0.001165	0.131207	0.136160	0.127905	-0.070553	2904800.000000
2012-12-21	-0.005072	0.131383	0.136147	0.121526	-0.308773	13231000.000000
2012-12-20	0.007005	0.130375	0.142452	0.127728	0.423454	9686300.000000
2012-12-19	-0.014101	0.132377	0.133518	0.117535	-0.864570	9973200.000000
2012-12-18	0.004335	0.132044	0.141054	0.128768	0.264675	11589800.000000
2012-12-17	0.006545	0.136981	0.146049	0.135826	0.396976	10531700.000000
2012-12-14	-0.004200	0.133683	0.137787	0.128593	-0.255825	10502300.000000
2012-12-13	0.001451	0.135163	0.140424	0.134505	0.088227	14243500.000000
2012-12-12	-0.027508	0.122485	0.124884	0.101859	-1.720314	23401900.000000
2012-12-11	-0.017464	0.135089	0.142159	0.112623	-1.111588	14595000.000000
2012-12-10	-0.001937	0.130225	0.134302	0.125678	-0.123524	5901600.000000
2012-12-07	0.009778	0.138427	0.149352	0.137635	0.617558	7283000.000000
2012-12-06	-0.000837	0.133835	0.136682	0.124817	-0.052929	7166100.000000
2012-12-05	-0.001004	0.136964	0.138228	0.125743	-0.063522	9513200.000000
2012-12-04	0.010934	0.141886	0.159940	0.141566	0.684330	12820500.000000
2012-12-03	-0.009442	0.141233	0.144873	0.129047	-0.596596	9086800.000000
2012-11-30	0.016801	0.142061	0.160567	0.140130	1.044037	12485200.000000
2012-11-29	0.003827	0.138516	0.147562	0.132862	0.236885	9620500.000000
2012-11-28	0.015252	0.139153	0.161293	0.136365	0.929981	10496400.000000
2012-11-27	-0.005865	0.139645	0.144047	0.132309	-0.359715	7382300.000000
2012-11-26	-0.004131	0.138672	0.140296	0.127631	-0.254428	9073200.000000
2012-11-23	0.019016	0.147254	0.162145	0.139643	1.149326	5134900.000000
2012-11-21	-0.001594	0.137496	0.140800	0.134523	-0.096508	7039600.000000
2012-11-20	-0.000290	0.143442	0.143442	0.130396	-0.017548	9394600.000000
2012-11-19	0.014552	0.141819	0.158239	0.133442	0.868569	12835700.000000
2012-11-16	-0.010041	0.137652	0.139311	0.125876	-0.605378	12257100.000000
2012-11-15	-0.036320	0.113435	0.113915	0.084504	-2.272300	23048900.000000
2012-11-14	-0.006963	0.140602	0.142824	0.128221	-0.438690	9111300.000000
2012-11-13	-0.009244	0.131788	0.136978	0.119365	-0.587799	8977400.000000
2012-11-12	0.002351	0.139178	0.144380	0.133346	0.149143	4382800.000000
2012-11-09	-0.002345	0.134305	0.141696	0.131002	-0.149143	6891400.000000
2012-11-08	-0.008617	0.138249	0.153372	0.129987	-0.552735	7137100.000000
2012-11-07	-0.008812	0.134554	0.141972	0.125901	-0.570267	6809900.000000
2012-11-06	0.008477	0.140276	0.157575	0.139653	0.543969	5334400.000000
2012-11-05	0.005084	0.138086	0.146544	0.137929	0.324607	4767700.000000
2012-11-02	-0.009258	0.139964	0.141671	0.128325	-0.596595	8563500.000000
2012-11-01	-0.020928	0.141480	0.141936	0.111397	-1.377426	12943600.000000
2012-10-31	-0.001198	0.141933	0.148458	0.124937	-0.078965	6551200.000000
2012-10-26	-0.002788	0.137993	0.141322	0.130123	-0.184242	4446900.000000
2012-10-25	0.006683	0.147121	0.150168	0.140875	0.438683	4432900.000000
2012-10-24	0.000802	0.142400	0.143467	0.136149	0.052612	4583200.000000
2012-10-23	-0.011765	0.130768	0.137398	0.122632	-0.780823	5833900.000000
2012-10-22	0.000397	0.140713	0.142220	0.131820	0.026329	5425400.000000
2012-10-19	-0.012278	0.140106	0.142042	0.122985	-0.824699	6942500.000000
2012-10-18	-0.006102	0.139660	0.142768	0.127083	-0.412354	7325700.000000
2012-10-17	0.001560	0.146033	0.148552	0.133436	0.105286	7494500.000000
2012-10-16	-0.003111	0.146457	0.146457	0.133013	-0.210564	6310100.000000
2012-10-15	0.017676	0.140711	0.162962	0.136050	1.175629	9669600.000000
2012-10-12	0.010665	0.146039	0.155460	0.144215	0.701881	8029300.000000
2012-10-11	-0.005437	0.157641	0.157792	0.132705	-0.359733	8325500.000000
2012-10-10	0.017265	0.147649	0.180857	0.147496	1.123024	19364800.000000
2012-10-09	-0.014751	0.138445	0.141777	0.122844	-0.973862	8307300.000000
2012-10-08	0.001598	0.140264	0.146181	0.138747	0.105301	4545900.000000
2012-10-05	0.005487	0.143164	0.151707	0.142402	0.359688	5205100.000000
2012-10-04	0.007008	0.144571	0.152251	0.144571	0.456230	5000900.000000
2012-10-03	0.006102	0.144136	0.155264	0.139809	0.394798	8164700.000000
2012-10-02	-0.004051	0.138731	0.144580	0.133343	-0.263214	4236500.000000
2012-10-01	0.003388	0.139809	0.150465	0.139809	0.219360	4662300.000000
2012-09-28	-0.002434	0.137959	0.141041	0.131180	-0.157959	6021000.000000
2012-09-27	-0.002830	0.142574	0.144571	0.134278	-0.184219	5390100.000000
2012-09-26	-0.000943	0.138274	0.148711	0.137967	-0.061417	4804900.000000
2012-09-25	-0.006422	0.142401	0.144536	0.132489	-0.421104	6424700.000000
2012-09-24	0.003895	0.135981	0.147617	0.135675	0.254425	4413700.000000
2012-09-21	-0.004014	0.143011	0.144993	0.133404	-0.263214	10562300.000000
2012-09-20	0.005109	0.139042	0.146705	0.139042	0.333382	4523200.000000
2012-09-19	0.005680	0.144433	0.150290	0.140425	0.368507	5655900.000000
2012-09-18	-0.000541	0.137652	0.142581	0.135033	-0.035110	5304100.000000
2012-09-17	-0.006845	0.137667	0.142563	0.130170	-0.447434	6854600.000000
2012-09-14	-0.008517	0.135258	0.137533	0.126460	-0.561500	8535700.000000
2012-09-13	0.014446	0.137962	0.157043	0.137962	0.938743	7407400.000000
2012-09-12	0.000135	0.139809	0.144272	0.135038	0.008789	4297800.000000
2012-09-11	0.007482	0.143065	0.153918	0.140429	0.482521	5291400.000000
2012-09-10	-0.004199	0.140889	0.144441	0.134868	-0.271972	6500100.000000
2012-09-07	-0.013233	0.138133	0.139656	0.119849	-0.868554	6621400.000000
2012-09-06	0.017131	0.146472	0.159335	0.144302	1.105431	6508500.000000
2012-09-05	0.000544	0.145235	0.146631	0.137638	0.035095	7964100.000000
